NN 36 4 4  -0.64179728  0.67508152  0.69621339 -0.42806194 -0.63648697  0.89880963
   0.78726244 -0.8590715  -0.60617215  1.13014882  0.61304872 -0.73906784
  -0.50905357  0.53961029  0.20957842 -0.78996153 -0.86064003  0.7108496
   0.44296434 -1.10598492 -0.81724633  0.86198224  0.45428632 -1.16506711
  -0.3344636   0.50500077  0.71158206 -0.53403696 -0.20311741 -0.11958543
  -0.02692805 -0.42960526 -0.36663049  0.36148981  0.37879981 -0.58068085
   0.25692283 
  -0.41345399 -0.40655097  0.28887946  0.0707028  -1.03687326 -0.46797528
   0.53163319  0.72010486 -0.95635347 -0.42341664  0.56230261  0.73811954
  -0.38358992 -0.7830034   0.4849261   0.32265155 -0.81744035 -0.40169993
   0.68732995  0.94926401 -1.08159308 -0.63292197  0.4612465   0.72424571
  -0.81943957 -0.04699758  0.39559255  1.01953659 -1.10980781 -0.1916185
   0.37485039  0.81095455 -0.46437666 -0.35742916  0.57615164  0.73270153
  -0.20116945 
  -0.49456243  0.4288294  -0.57807032  0.39613593 -0.45267054  0.6189465
  -0.99824888  0.45238503 -0.39194382  0.65480412 -1.1871128   0.5576249
  -0.54103111  0.72506994 -0.97132873  0.77968692 -0.28042815  0.7797951
  -1.13397139  0.66817903 -0.41573507  0.87199011 -1.20419156  0.5362617
  -0.03635673 -0.00927747 -0.53675993  0.16446893 -0.30063832 -0.04273867
  -0.51441528  0.23971544 -0.47538093  0.28325549 -0.82653179  0.36302832
   0.06029492 
   0.2602882  -0.14800585 -0.37996391  0.30668342  0.5156235  -0.62417238
   0.37856479 -0.09141923  0.5552045  -0.42044712  0.00461187 -0.10858087
   0.34876256 -0.28192244  0.00620786 -0.22654084  0.72836038 -0.80876421
   0.19096627  0.28391271  0.24295595 -0.8576003  -0.18162597 -0.2153828
   0.51917685 -0.83695056  0.35517858  0.54096001  0.2505606  -0.93590557
   0.42266059 -0.21102792  0.15134501 -0.51687765  0.00654192 -0.12475714
   0.24379986     0.95015924  1.99046905  0.3894673  -1.64477151 -1.57018302 
  -2.55395037  1.18068916 -2.20824982  1.57865866 -0.32685318 
  -2.04287753 -1.64797674  2.63098622 -0.73065488 -0.21696815 
   2.41848763 -2.36646252 -1.89593698 -0.342305   -0.19681308  