NN 36 4 4  -0.64193667  0.67461044  0.62511041 -0.46904102 -0.63587407  0.94251227
   0.82401229 -0.94366107 -0.62340717  1.06746845  0.67518498 -0.86986598
  -0.48831302  0.57952347  0.21742588 -0.74170603 -0.74711062  0.74974714
   0.49656708 -1.02542076 -0.87587012  0.79034862  0.4371699  -1.13338086
  -0.31372306  0.54491395  0.71942952 -0.48578146 -0.2032568  -0.12005651
  -0.09803103 -0.47058435 -0.46509587  0.49352755  0.33214284 -0.67316163
   0.21379294 
  -0.41143992 -0.40623313  0.31370099  0.06257157 -1.12632894 -0.52154011
   0.64740848  0.80248723 -1.01793637 -0.46137535  0.56123077  0.82598399
  -0.4088534  -0.7473008   0.49243475  0.31420962 -0.92567741 -0.4425035
   0.67757504  0.95254594 -1.10447199 -0.55295367  0.55608522  0.8333554
  -0.84470304 -0.01129498  0.40310119  1.01109465 -1.10779374 -0.19130066
   0.39967193  0.80282332 -0.69662757 -0.34031463  0.60817838  0.77794014
  -0.20206525 
  -0.39348828  0.49086108 -0.61698136  0.41532719 -0.51150924  0.69685807
  -1.04483017  0.54044842 -0.42635998  0.78588928 -1.24380449  0.54113052
  -0.5338779   0.72856172 -0.98535724  0.80120087 -0.30524021  0.79519191
  -1.15003934  0.70753573 -0.43845919  0.8437952  -1.26468774  0.54622068
  -0.02920351 -0.00578568 -0.55078845  0.18598289 -0.19956417  0.01929301
  -0.55332632  0.2589067  -0.39980939  0.35735477 -0.91944002  0.38865701
   0.08269406 
   0.25106537 -0.18503687 -0.32395543  0.27200996  0.58406167 -0.68845311
   0.33829172 -0.11009146  0.59980718 -0.52115442  0.02266206 -0.04461104
   0.34166748 -0.30626407  0.00348969 -0.27238282  0.74043966 -0.82141937
   0.14994189  0.17165799  0.32344969 -0.86099066 -0.13396009 -0.27529393
   0.51208177 -0.86129218  0.3524604   0.49511803  0.24133777 -0.97293659
   0.47866907 -0.24570138  0.22545846 -0.64296353  0.07195087 -0.10292933
   0.23883608     0.95504438  2.20003533  0.43958721 -1.81074421 -1.6797264  
  -2.61544949  1.29052238 -2.36877091  1.65159862 -0.35976998 
  -2.09584974 -1.83292412  2.77434074 -0.75286204 -0.21854828 
   2.42064989 -2.55619264 -2.07380804 -0.26812113 -0.23494383  