NN 36 4 4  -0.63196862  0.71436223  0.6257092  -0.44482589 -0.67779334  0.91369882
   0.81337086 -0.87413456 -0.5912913   1.08764656  0.62150103 -0.78439093
  -0.51699098  0.56200402  0.25421466 -0.76191571 -0.81249547  0.69923726
   0.44508491 -1.07019258 -0.85157023  0.84519749  0.40550488 -1.17460761
  -0.34240101  0.5273945   0.7562183  -0.50599113 -0.19328874 -0.08030471
  -0.09743224 -0.44636921 -0.47030355  0.48153199  0.40164544 -0.58911486
   0.21925322 
  -0.39966574 -0.4124811   0.31441068  0.0773457  -1.07563329 -0.45277813
   0.54489244  0.7655187  -0.9711476  -0.44465927  0.55106726  0.775806
  -0.40022141 -0.75274603  0.4600508   0.30631006 -0.87109316 -0.4171958
   0.69480725  0.95354842 -1.09032385 -0.59626476  0.49113998  0.77209289
  -0.83607105 -0.01674021  0.37071725  1.00319509 -1.09601956 -0.19754863
   0.40038161  0.81759745 -0.48564795 -0.37153945  0.58003352  0.74346789
  -0.18653363 
  -0.49195273  0.42654328 -0.56833571  0.41995706 -0.45022517  0.6305457
  -0.99338148  0.48572261 -0.38576031  0.73496885 -1.18820554  0.52848821
  -0.52757796  0.72719698 -0.98519833  0.80844275 -0.27861064  0.78906977
  -1.12351247  0.69376532 -0.4236709   0.87683706 -1.21963228  0.56694341
  -0.02290358 -0.00715043 -0.55062953  0.19322476 -0.29802862 -0.04502478
  -0.50468067  0.26353656 -0.46427662  0.30004645 -0.87131767  0.38821153
   0.09609365 
   0.27180076 -0.16571773 -0.34561337  0.29254332  0.54048728 -0.63853671
   0.35977277 -0.10149723  0.55124225 -0.45308162  0.00582154 -0.0727249
   0.34603208 -0.29818443 -0.00392461 -0.25858504  0.72356401 -0.80577035
   0.17830988  0.24542436  0.27633609 -0.86024104 -0.14319683 -0.23214232
   0.51644637 -0.85321255  0.34504611  0.50891582  0.26207316 -0.95361745
   0.45701113 -0.22516802  0.21359476 -0.57338635  0.02626711 -0.14257272
   0.26011725     0.96122108  2.05566041  0.44416828 -1.69840084 -1.57987499 
  -2.56022757  1.20715416 -2.26032466  1.61417773 -0.30774358 
  -2.07091919 -1.70348874  2.65661299 -0.72990092 -0.23823836 
   2.4228738  -2.42439866 -1.952857   -0.33388285 -0.22821436  