NN 36 4 4  -0.62784485  0.65237311  0.62591523 -0.466288   -0.69064757  0.94822172
   0.78396657 -0.9157009  -0.64325851  1.06886387  0.67374149 -0.84138642
  -0.51405974  0.57952347  0.25775557 -0.75456395 -0.75575147  0.68392118
   0.48359855 -1.05304709 -0.85187995  0.79966225  0.44272786 -1.15717431
  -0.33946977  0.54491395  0.75975921 -0.49863938 -0.18916497 -0.14229384
  -0.09722621 -0.46783132 -0.48317521  0.46577466  0.33502452 -0.64550298
   0.1891426  
  -0.40556787 -0.41617122  0.31350004  0.07487743 -1.11619586 -0.49572335
   0.63619883  0.77142485 -0.99307172 -0.46672837  0.54580078  0.79135407
  -0.40427229 -0.7473008   0.47324445  0.30926334 -0.9142471  -0.45936591
   0.66605952  0.96812336 -1.1000345  -0.57964165  0.55211989  0.81902289
  -0.84012193 -0.01129498  0.38391089  1.00614838 -1.10192169 -0.20123874
   0.39947097  0.81512918 -0.64817191 -0.36305452  0.6049831   0.76191932
  -0.21822536 
  -0.45553369  0.47394085 -0.58913527  0.40261526 -0.49942977  0.67452577
  -1.05543298  0.53098786 -0.395883    0.78295862 -1.21387784  0.5062385
  -0.5271101   0.72856172 -0.98142747  0.80783217 -0.31281593  0.8078051
  -1.14321353  0.69089313 -0.46448955  0.86010153 -1.23621585  0.54803223
  -0.02243572 -0.00578568 -0.54685867  0.19261419 -0.26160958  0.00237278
  -0.52548023  0.24619476 -0.39709852  0.32438237 -0.91794391  0.38197421
   0.0721693  
   0.26633382 -0.167821   -0.34148567  0.28696705  0.58954062 -0.67494186
   0.37363408 -0.12079224  0.5889978  -0.51060635 -0.00277106 -0.04060145
   0.34554104 -0.30626407 -0.01181504 -0.26704572  0.73296803 -0.80502557
   0.16129197  0.20416908  0.30896095 -0.85886484 -0.16772215 -0.25353451
   0.51595533 -0.86129218  0.33715568  0.50045513  0.25660621 -0.95572072
   0.46113883 -0.23074429  0.20624073 -0.60555534  0.07558771 -0.10700048
   0.24647569     0.95939151  2.15377921  0.4103657  -1.77213136 -1.65844107 
  -2.60826004  1.255801   -2.32018022  1.64637698 -0.33434915 
  -2.06010343 -1.78439707  2.76029311 -0.74886486 -0.20067316 
   2.41146027 -2.51449362 -2.04001539 -0.29593511 -0.24910334  