NN 36 4 4  -0.62784485  0.66936982  0.65421387 -0.45098278 -0.66433895  0.90694589
   0.80568486 -0.92188302 -0.64827918  1.06886387  0.67374149 -0.82501781
  -0.51405974  0.57952347  0.25775557 -0.77106696 -0.7894506   0.68661835
   0.47146932 -1.05189106 -0.85187995  0.78830006  0.45986085 -1.16401338
  -0.33946977  0.54491395  0.75975921 -0.51514239 -0.18916497 -0.12529712
  -0.06892757 -0.4525261  -0.50391149  0.45842893  0.36950847 -0.60747485
   0.204304   
  -0.40556787 -0.39117704  0.29574711  0.06756566 -1.10353561 -0.48957354
   0.63217378  0.7639359  -0.99072161 -0.46672837  0.54580078  0.81147667
  -0.40427229 -0.7473008   0.47324445  0.3018394  -0.90344052 -0.44962058
   0.6472918   0.97780503 -1.1000345  -0.57810752  0.54808628  0.82378384
  -0.84012193 -0.01129498  0.38391089  0.99872443 -1.10192169 -0.17624456
   0.38171805  0.80781741 -0.6310856  -0.37191352  0.60120883  0.77209479
  -0.21127157 
  -0.45553369  0.4548051  -0.59257876  0.40594893 -0.50501174  0.68120627
  -1.04126271  0.50847768 -0.39869579  0.78295862 -1.21387784  0.49033244
  -0.5271101   0.72856172 -0.98142747  0.81039414 -0.30887649  0.80002102
  -1.14751144  0.68591207 -0.46448955  0.86717519 -1.22313524  0.54533685
  -0.02243572 -0.00578568 -0.54685867  0.19517616 -0.26160958 -0.01676297
  -0.52892372  0.24952843 -0.41443733  0.31544986 -0.91496018  0.37846487
   0.05912088 
   0.26633382 -0.16830119 -0.34781771  0.27930331  0.5746291  -0.66740684
   0.35761211 -0.10171205  0.58158612 -0.51060635 -0.00277106 -0.03892195
   0.34554104 -0.30626407 -0.01181504 -0.25691744  0.73638062 -0.80154261
   0.17976492  0.20428301  0.30896095 -0.85237913 -0.19341776 -0.24886421
   0.51595533 -0.86129218  0.33715568  0.51058341  0.25660621 -0.95620091
   0.45480679 -0.23840803  0.21566872 -0.59071095  0.0570338  -0.12841172
   0.24344313     0.97007472  2.15252758  0.41440217 -1.75315514 -1.63096943 
  -2.6206316   1.23258908 -2.29806505  1.63350003 -0.33843731 
  -2.05603475 -1.77993414  2.74482818 -0.74634241 -0.20994587 
   2.4131222  -2.48831886 -2.03891792 -0.29760602 -0.24694115  