NN 36 4 4  -0.64193667  0.68710948  0.65181165 -0.46904102 -0.64026708  0.94690228
   0.82401229 -0.954306   -0.60436292  1.06307544  0.67518498 -0.87502467
  -0.48151907  0.57952347  0.21742588 -0.7351761  -0.74237315  0.74974714
   0.50688746 -1.04350039 -0.86253096  0.77581889  0.42652496 -1.13338086
  -0.3069291   0.54491395  0.71942952 -0.47925153 -0.2032568  -0.10755747
  -0.07132979 -0.47058435 -0.44871502  0.47681916  0.34464188 -0.67316163
   0.22596444 
  -0.41143992 -0.41326684  0.31670956  0.06257157 -1.13281624 -0.52556174
   0.64740848  0.80333704 -1.02364746 -0.46786266  0.56123077  0.82764186
  -0.41193651 -0.7473008   0.49243475  0.31628865 -0.93001732 -0.4425035
   0.68357307  0.94813741 -1.10623248 -0.56665703  0.55693503  0.8333554
  -0.84778616 -0.01129498  0.40310119  1.01317368 -1.10779374 -0.19833436
   0.40268049  0.80282332 -0.69961704 -0.34098625  0.60114467  0.77794014
  -0.21276005 
  -0.39348828  0.47000937 -0.61327398  0.41532719 -0.50664677  0.69797768
  -1.04483017  0.53821206 -0.4389007   0.79075175 -1.24380449  0.54904621
  -0.5443577   0.72856172 -0.98535724  0.8066442  -0.30390983  0.79519191
  -1.13996874  0.71435625 -0.440628    0.83305243 -1.2669241   0.54622068
  -0.03968331 -0.00578568 -0.55078845  0.19142621 -0.19956417 -0.00155869
  -0.54961894  0.2589067  -0.40617261  0.3775343  -0.94029172  0.38865701
   0.07565867 
   0.25106537 -0.18052992 -0.33646219  0.27200996  0.58449512 -0.68956773
   0.33829172 -0.10184449  0.59974692 -0.52072097  0.02266206 -0.05106745
   0.34383222 -0.30626407  0.00348969 -0.28093718  0.73967489 -0.82141937
   0.13364327  0.17414407  0.32104722 -0.85270978 -0.12571312 -0.27529393
   0.51424651 -0.86129218  0.3524604   0.48656368  0.24133777 -0.96842964
   0.46616231 -0.24570138  0.22925033 -0.65548822  0.07645782 -0.10292933
   0.2346102      0.94339658  2.21037424  0.41981635 -1.81256732 -1.69712842 
  -2.62737058  1.28582754 -2.37425571  1.63916567 -0.37891446 
  -2.08712095 -1.83112029  2.7944136  -0.75413608 -0.20782242 
   2.42900248 -2.56220255 -2.07805147 -0.25423533 -0.21815078  