NN 36 4 4   -6.47293064e-01   6.62709273e-01   6.47143433e-01  -4.57699752e-01
   -6.35992780e-01   9.20421574e-01   8.07871357e-01  -9.42922967e-01
   -6.50778387e-01   1.06112690e+00   6.90471433e-01  -8.36389091e-01
   -4.88313023e-01   5.79523469e-01   2.57755565e-01  -7.38239565e-01
   -7.55751470e-01   7.35471736e-01   4.89135067e-01  -1.03351280e+00
   -8.71290334e-01   7.81409932e-01   4.69267083e-01  -1.14427934e+00
   -3.13723055e-01   5.44913946e-01   7.59759205e-01  -4.82314990e-01
   -2.08613186e-01  -1.31957670e-01  -7.59980092e-02  -4.59243076e-01
   -4.69106415e-01   4.69345347e-01   3.26127797e-01  -6.36677705e-01
    2.35057023e-01 
   -4.07281145e-01  -4.03458045e-01   3.10071131e-01   5.98113309e-02
   -1.12675632e+00  -5.19123825e-01   6.42614685e-01   7.92125282e-01
   -1.01424329e+00  -4.68104943e-01   5.60225590e-01   8.07923879e-01
   -4.08853400e-01  -7.47300800e-01   4.73244452e-01   3.13774289e-01
   -9.14247096e-01  -4.53447347e-01   6.69770391e-01   9.50818879e-01
   -1.10693970e+00  -5.67133968e-01   5.60357472e-01   8.25986083e-01
   -8.44703044e-01  -1.12949793e-02   3.83910893e-01   1.01065932e+00
   -1.10363496e+00  -1.88525573e-01   3.96042064e-01   8.00063081e-01
   -6.81511838e-01  -3.54184420e-01   6.13807226e-01   7.59425773e-01
   -2.20698067e-01 
   -4.45576565e-01   4.79070129e-01  -6.12539437e-01   4.17358869e-01
   -5.20966536e-01   6.81878884e-01  -1.05047470e+00   5.26760554e-01
   -4.22116898e-01   7.80752061e-01  -1.23093346e+00   5.17822912e-01
   -5.33877899e-01   7.28561725e-01  -9.81427467e-01   8.11465623e-01
   -3.12815925e-01   7.97798164e-01  -1.15239313e+00   7.07306203e-01
   -4.78530209e-01   8.43735746e-01  -1.24301451e+00   5.33602134e-01
   -2.92035144e-02  -5.78568428e-03  -5.46858671e-01   1.96247636e-01
   -2.51652451e-01   7.50206453e-03  -5.48884396e-01   2.60938373e-01
   -3.87544653e-01   3.18710197e-01  -9.26347610e-01   3.74323285e-01
    4.42159421e-02 
    2.68478929e-01  -1.78380727e-01  -3.42275457e-01   2.64882973e-01
    5.83587614e-01  -6.75128399e-01   3.54335268e-01  -1.04422711e-01
    6.04644993e-01  -5.07987744e-01   1.06198762e-03  -5.67232035e-02
    3.41667481e-01  -3.06264069e-01  -1.18150382e-02  -2.80241199e-01
    7.32968030e-01  -8.17835904e-01   1.63353826e-01   1.77780684e-01
    3.34903479e-01  -8.53260293e-01  -1.72870658e-01  -2.54023624e-01
    5.12081773e-01  -8.61292183e-01   3.37155678e-01   4.87259655e-01
    2.58751324e-01  -9.66280448e-01   4.60349043e-01  -2.52828366e-01
    2.01455491e-01  -6.21834846e-01   8.45532388e-02  -1.07411777e-01
    2.30304029e-01     0.95532302  2.20546598  0.42004398 -1.77792181 -1.65744995 
  -2.62791194  1.23969858 -2.35357091  1.63325928 -0.3730893  
  -2.0799249  -1.81588454  2.76871986 -0.76435562 -0.22763384 
   2.42275825 -2.52559384 -2.06004468 -0.26887153 -0.22719996  