NN 36 4 4  -0.62129059  0.66936982  0.65639147 -0.4354191  -0.67059823  0.94449598
   0.78321406 -0.9192412  -0.6162026   1.07610934  0.66228882 -0.77814608
  -0.51405974  0.57766508  0.25775557 -0.77106696 -0.79458367  0.68545932
   0.4890595  -1.07412054 -0.85124321  0.82143819  0.44436119 -1.15984921
  -0.33946977  0.54305556  0.75975921 -0.51514239 -0.18261071 -0.12529712
  -0.06674998 -0.43696242 -0.5130872   0.48568521  0.38556798 -0.5946923
   0.22623551 
  -0.40756172 -0.39117704  0.26502382  0.07493081 -1.08786362 -0.4831987
   0.6009943   0.75915456 -0.9805952  -0.49293865  0.56310228  0.78018115
  -0.40427229 -0.74571326  0.47324445  0.3018394  -0.88470799 -0.42853966
   0.64980321  0.94310154 -1.09117728 -0.59617593  0.54355306  0.8287615
  -0.84012193 -0.00970744  0.38391089  0.99872443 -1.10391554 -0.17624456
   0.35099475  0.81518256 -0.61972041 -0.39288242  0.59117805  0.76250867
  -0.22215736 
  -0.45873362  0.4548051  -0.58906693  0.39024608 -0.50520031  0.67239162
  -1.01976952  0.51146258 -0.39994772  0.75505987 -1.19570712  0.51560994
  -0.5271101   0.72198317 -0.98142747  0.81039414 -0.31306969  0.80380404
  -1.13301151  0.70912817 -0.41759728  0.86449765 -1.22851144  0.53176811
  -0.02243572 -0.01236424 -0.54685867  0.19517616 -0.26480951 -0.01676297
  -0.52541189  0.23382558 -0.41649141  0.29391223 -0.92778668  0.40507669
   0.08226741 
   0.25891701 -0.16830119 -0.34635485  0.28546393  0.57337705 -0.67237541
   0.36909994 -0.10373691  0.56991616 -0.47857411 -0.00990264 -0.06904384
   0.34554104 -0.30395884 -0.01181504 -0.25691744  0.73633451 -0.80601932
   0.166162    0.21984776  0.27914142 -0.85361889 -0.17648481 -0.23865851
   0.51595533 -0.85898695  0.33715568  0.51058341  0.24918941 -0.95620091
   0.45626965 -0.2322474   0.21708331 -0.58525241  0.06852911 -0.1462529
   0.23755815     0.96435043  2.11677673  0.42868875 -1.73789889 -1.60963571 
  -2.6034978   1.21543712 -2.2944173   1.61987347 -0.34249295 
  -2.06658822 -1.74328464  2.72068044 -0.72857084 -0.20889109 
   2.44092317 -2.45385366 -1.9933943  -0.30371942 -0.21869702  