NN 36 4 4  -0.62784485  0.65836653  0.66155961 -0.4743548  -0.66556668  0.94822172
   0.78231284 -0.9157009  -0.63153899  1.06886387  0.67374149 -0.83608522
  -0.51405974  0.57952347  0.25775557 -0.77106696 -0.7493384   0.68539062
   0.47881506 -1.05189106 -0.85187995  0.77846038  0.47776465 -1.16524111
  -0.33946977  0.54491395  0.75975921 -0.51514239 -0.18916497 -0.13630042
  -0.06158184 -0.47589812 -0.47363896  0.46577466  0.34613645 -0.60870258
   0.21732251 
  -0.40556787 -0.39712915  0.30460611  0.07025064 -1.11292334 -0.49572335
   0.63485876  0.77142485 -0.9955565  -0.46672837  0.54580078  0.79750688
  -0.40427229 -0.7473008   0.47324445  0.3018394  -0.91096038 -0.45900831
   0.6561508   0.97780503 -1.1000345  -0.58268958  0.54462145  0.8143961
  -0.84012193 -0.01129498  0.38391089  0.99872443 -1.10192169 -0.18219668
   0.39057705  0.81050239 -0.64318752 -0.36305452  0.6038938   0.76270706
  -0.22121725 
  -0.45553369  0.4737357  -0.58364625  0.40393719 -0.50099444  0.67452577
  -1.04327445  0.53098786 -0.39381037  0.78295862 -1.21387784  0.49970268
  -0.5271101   0.72856172 -0.98142747  0.81039414 -0.30197932  0.80403832
  -1.13857893  0.68591207 -0.46448955  0.87252812 -1.23182748  0.54935415
  -0.02243572 -0.00578568 -0.54685867  0.19517616 -0.26160958  0.00216764
  -0.51999121  0.24751669 -0.40218722  0.32438237 -0.91697193  0.38248217
   0.08230906 
   0.26633382 -0.17138149 -0.3626621   0.29198608  0.57497783 -0.67494186
   0.37029488 -0.12079224  0.58249808 -0.51060635 -0.00277106 -0.03741773
   0.34554104 -0.30626407 -0.01181504 -0.25691744  0.72460981 -0.80119387
   0.16492053  0.20428301  0.30896095 -0.85122364 -0.18827    -0.24851548
   0.51595533 -0.86129218  0.33715568  0.51058341  0.25660621 -0.95928121
   0.4399624  -0.22572526  0.2050534  -0.60555534  0.06971657 -0.12806298
   0.23101493     0.9707167   2.15128695  0.40297862 -1.76136999 -1.64354775 
  -2.62755769  1.23544548 -2.31118229  1.62094043 -0.36483781 
  -2.05330403 -1.77210252  2.76411283 -0.74248739 -0.19156787 
   2.41346965 -2.50244005 -2.04083551 -0.28665706 -0.23821892  