NN 36 4 4  -0.62784485  0.66936982  0.65421387 -0.4743548  -0.66433895  0.94822172
   0.78231284 -0.92188302 -0.63037537  1.06886387  0.67374149 -0.82501781
  -0.51405974  0.57952347  0.25775557 -0.77106696 -0.74817478  0.68661835
   0.47146932 -1.05189106 -0.85187995  0.78830006  0.47776465 -1.16401338
  -0.33946977  0.54491395  0.75975921 -0.51514239 -0.18916497 -0.12529712
  -0.06892757 -0.47589812 -0.46263567  0.45842893  0.34613645 -0.60747485
   0.2222078  
  -0.40556787 -0.39117704  0.29574711  0.07025064 -1.10353561 -0.49572335
   0.63485876  0.7639359  -0.99418645 -0.46672837  0.54580078  0.81147667
  -0.40427229 -0.7473008   0.47324445  0.3018394  -0.90959033 -0.44962058
   0.6472918   0.97780503 -1.1000345  -0.57810752  0.54462145  0.82378384
  -0.84012193 -0.01129498  0.38391089  0.99872443 -1.10192169 -0.17624456
   0.38171805  0.81050239 -0.63723541 -0.37191352  0.6038938   0.77209479
  -0.2147364  
  -0.45553369  0.4548051  -0.59257876  0.40393719 -0.50501174  0.67452577
  -1.04327445  0.50847768 -0.40738803  0.78295862 -1.21387784  0.49033244
  -0.5271101   0.72856172 -0.98142747  0.81039414 -0.31555698  0.80002102
  -1.14751144  0.68591207 -0.46448955  0.86717519 -1.23182748  0.54533685
  -0.02243572 -0.00578568 -0.54685867  0.19517616 -0.26160958 -0.01676297
  -0.52892372  0.24751669 -0.42111783  0.31544986 -0.91697193  0.37846487
   0.05042864 
   0.26633382 -0.16830119 -0.34781771  0.29198608  0.5746291  -0.67494186
   0.37029488 -0.10171205  0.58673388 -0.51060635 -0.00277106 -0.03892195
   0.34554104 -0.30626407 -0.01181504 -0.25691744  0.72884561 -0.80154261
   0.17976492  0.20428301  0.30896095 -0.85237913 -0.18827    -0.24886421
   0.51595533 -0.86129218  0.33715568  0.51058341  0.25660621 -0.95620091
   0.45480679 -0.22572526  0.2081337  -0.59071095  0.06971657 -0.12841172
   0.24859089     0.95962385  2.13951798  0.41315971 -1.76677584 -1.64930408 
  -2.61752845  1.24931431 -2.30083287  1.63335853 -0.33979747 
  -2.06088694 -1.78083078  2.74299598 -0.75434344 -0.2211837  
   2.42279827 -2.49360614 -2.03354409 -0.27936697 -0.22081284  