NN 36 80 4
   -1.10146223e+00  -1.56486790e+00  -1.54462693e+00  -1.95968067e-01
    8.18730142e-02   2.21417636e-01  -3.88650855e-01  -6.63721394e-01
   -3.16919337e-01  -6.67861343e-02  -1.13473994e-01  -8.74522349e-02
   -1.79443108e-02  -2.52242814e-01  -3.18459498e-01  -4.43112453e-01
    1.83422929e-01  -3.41558163e-01   1.46239361e-01  -1.67484272e-01
    6.54468954e-02   2.75714830e-01  -5.94287368e-01  -3.34899201e-02
   -1.23252667e-01  -1.33630371e-01  -1.50206318e-01  -3.61302837e-01
    1.10675950e-01  -3.50122539e-01  -2.23071481e-01  -5.87621199e-01
   -5.56801012e-01  -2.49982698e+00   6.38342913e-01   8.17821450e-01
   -2.56423122e+00 
    1.93592446e+00  -2.10269925e+00  -3.88124337e+00   9.29159551e-01
    2.73162611e-01  -1.80885377e-01   4.81945157e-01   1.05537083e-01
    2.19764037e-02   6.74079386e-02   6.02433454e-02   6.62500011e-01
    7.76542548e-01   3.99428961e-01   7.40346211e-01   4.03199408e-01
    6.43199310e-01   5.62020072e-01   1.50291569e-01   6.35451266e-01
    6.51412014e-01   4.24904701e-01   3.94279620e-01   6.66253115e-01
    4.27930134e-01   8.52424904e-02   7.93501061e-01   8.20843387e-01
    4.98059395e-01   1.19268561e-01   3.69655837e-01   8.07331634e-01
    4.17420084e-01  -1.50780864e+00  -2.66908356e+00  -3.31539140e+00
   -3.22463106e+00 
   -2.17598461e+00  -1.59616590e+00  -1.98425357e+00  -2.95350855e-01
   -7.24206939e-01  -3.97857006e-01  -7.20385390e-01  -2.73115525e-01
   -8.65255402e-01  -2.06341539e-01  -7.83307719e-01  -5.23102163e-01
   -8.10649461e-01  -6.32529340e-01  -7.21284632e-01  -7.80326433e-01
   -8.23124495e-01  -9.23588140e-01  -6.71573216e-01  -3.58821427e-01
   -2.99847527e-01  -4.44617076e-01  -7.24435798e-02  -2.61716044e-01
   -8.72649149e-01  -7.42404886e-01  -5.19818236e-01  -6.00487435e-01
   -4.83314336e-01  -5.43118655e-01  -2.81559255e-01  -2.78069675e-01
   -8.25228728e-01  -2.23461449e+00  -1.76331609e+00  -1.83681429e+00
   -2.79800441e+00 
   -2.20587824e+00  -2.45888307e+00  -1.33465780e+00   4.58645654e-01
    6.36066835e-01   7.08692179e-01   1.23797415e+00   1.33514917e+00
    1.73202357e+00   4.61301513e-01   1.61477099e-01   6.51359455e-01
    3.27614561e-01   6.45177126e-01   9.89230921e-01   1.75731260e+00
    3.21370943e-01   1.20087784e-01   7.30989537e-01   5.54198436e-01
    6.91425354e-01   1.74019788e+00   6.55584151e-01   8.94212672e-01
    1.43765070e+00   1.31093266e+00   3.93433451e-01   1.33934411e+00
    6.80038328e-01   4.51239097e-01   3.62130986e-01   9.18413492e-01
    1.72261346e+00  -3.62312105e+00  -9.56540217e-01  -1.02185695e+00
   -2.81325326e+00 
    3.11954171e+00  -5.61898206e+00  -5.84561318e+00  -8.96050555e-01
   -9.24884028e-01  -8.23623830e-01  -5.61953046e-01  -5.80335815e-01
   -6.70818164e-01  -8.73942548e-01  -5.49756410e-01  -4.97008946e-01
   -9.01974644e-01  -5.25234464e-01  -6.16876802e-01  -7.73138547e-01
   -1.07620861e+00  -4.87827222e-01  -5.76344879e-01  -8.40048721e-01
   -9.27803029e-01  -9.32243134e-01  -1.08060037e+00  -8.23058416e-01
   -7.22482892e-01  -9.34374732e-01  -7.19323598e-01  -1.02862389e+00
   -7.67777752e-01  -8.17229832e-01  -6.92780480e-01  -1.10707286e+00
   -3.63628727e-01  -3.45548758e+00  -2.18564849e+00  -3.13384871e+00
   -6.11822884e-01 
   -1.54726392e+00  -1.61131032e+00  -1.70967958e+00  -1.11820562e-01
   -1.01687027e-01  -1.32152745e-01  -4.83671575e-01  -7.07039188e-01
   -7.55846335e-01   1.37286170e-02  -1.95994598e-01  -6.54906816e-01
   -1.06359565e-01  -6.10509115e-01  -5.87964825e-01  -4.00220680e-01
   -4.35909676e-01  -1.98119188e-01  -5.09100448e-01  -5.00521935e-01
   -1.99641220e-01  -2.95860186e-01  -4.66408426e-01  -5.40469565e-01
   -1.36404855e-01  -1.71119093e-01  -4.68932301e-01  -3.51498168e-01
   -2.10099675e-01  -4.85507963e-01  -6.44490436e-01  -5.23550081e-01
   -7.19505296e-01  -1.86069751e+00  -2.25973408e+00  -1.56421921e+00
   -2.72817014e+00 
   -1.72045810e+00  -1.83213801e+00  -1.33959671e+00  -2.41922402e-01
   -4.74654073e-01  -7.69575409e-02  -6.43781300e-01  -3.63008111e-01
   -6.94623367e-01   1.08416394e-02  -5.62378101e-01  -2.14962329e-01
   -1.19334868e-01  -5.22992628e-01  -8.67502602e-01  -1.09863888e-02
   -6.18722524e-01  -7.99525171e-01  -6.82955237e-01  -1.17089587e-01
   -4.34339738e-01  -6.39213617e-01  -4.55130787e-02  -8.34455316e-02
   -8.58751609e-01  -6.48406617e-01  -6.59864535e-02  -1.07287792e-01
   -3.75279561e-01  -3.71193306e-01  -2.41390587e-01  -3.76105634e-01
   -5.00168515e-01  -1.99892237e+00  -6.41541511e-02  -6.42147711e-01
   -3.16760943e+00 
   -1.53871531e+00   6.51868597e-01  -3.36110883e+00   6.69361894e-01
    4.56502430e-01   6.14320438e-01   4.78289090e-01   8.76827062e-02
    1.21716170e-01   2.64776050e-01   5.64556112e-01   2.45356193e-01
   -4.50537826e-02   2.13772190e-01   4.17947452e-01   6.83115169e-01
    4.44909981e-01   5.34446190e-01   1.98777125e-01  -1.41933967e-01
   -3.01238196e-02   1.26793198e-01  -5.72228823e-02   4.08952366e-01
    4.94761878e-01   2.89174206e-01   7.21739503e-01   3.08236154e-01
    1.39771292e-01   1.48377831e-02   5.69355284e-01   5.53605599e-01
    7.54596885e-01  -1.22808793e+00  -2.20111935e+00  -2.54594290e+00
   -2.76131952e+00 
   -1.76819613e+00  -1.74541983e+00  -1.88961264e+00  -6.49031854e-01
   -5.39059026e-01  -3.21920248e-01  -7.82733740e-01  -6.25457241e-01
   -3.03325205e-01   2.61533514e-02  -3.59549267e-01  -6.57436920e-01
   -1.12414296e-01  -2.11126630e-01  -5.06594619e-01  -4.30949805e-01
   -5.46649924e-01  -7.94620685e-01  -4.57919894e-01  -9.14162854e-02
   -1.30222587e-01  -1.37758199e-01   7.33333660e-02  -7.68744485e-01
   -2.11157086e-01  -1.18450888e-01  -2.14390029e-01  -5.96429224e-01
   -3.53084816e-01  -2.24783396e-01  -5.27855868e-01  -6.36470439e-01
   -4.51353311e-01  -1.89198263e+00  -9.39795348e-01  -7.37290237e-01
   -3.21185603e+00 
   -2.90770963e+00  -1.92643829e+00  -1.32335039e+00  -6.02066346e-01
   -9.22466181e-01  -7.41569600e-01  -6.46784582e-01  -1.13039065e+00
   -7.12017517e-01  -7.44316183e-01  -1.07422556e+00  -1.01020766e+00
   -9.87332500e-01  -9.29556978e-01  -1.19726061e+00  -8.95053403e-01
   -6.58667469e-01  -1.13404339e+00  -8.53322188e-01  -4.79693210e-01
   -1.04487780e+00  -5.42459149e-01  -5.69418293e-01  -4.78518641e-01
   -9.97588531e-01  -8.80394552e-01  -7.26269802e-01  -1.15150667e+00
   -8.16438611e-01  -1.10503018e+00  -6.32915340e-01  -1.10710977e+00
   -8.99185436e-01  -2.45769463e+00  -2.01647163e+00  -2.28456326e+00
   -2.90265891e+00 
    1.64397218e-01  -2.29806679e+00  -2.11983660e+00  -3.93525185e-01
    1.85894581e-01   5.72771983e-03  -1.39286412e-01   1.55869999e-01
    1.61494881e-01  -3.99726905e-01   3.32065364e-01   2.26283670e-01
    2.19275287e-02   6.20178157e-02   2.73315219e-02  -1.25505289e-01
    2.77853797e-01   6.36162719e-02   1.00077378e-01  -8.20442598e-02
   -4.47714266e-01   2.29852536e-01   1.99596719e-01   3.31431349e-01
    3.23749259e-02   2.09290602e-01  -6.23662666e-01  -5.62430786e-01
    1.80306674e-01  -1.64851133e-02  -1.42092985e-01  -2.90989259e-01
   -4.28495759e-01  -2.96291214e+00  -3.54106555e-01   2.41045231e-01
   -3.12798979e+00 
   -1.90482532e+00  -2.10412118e+00  -1.61565444e+00  -7.27429260e-01
   -2.71164399e-01  -8.25775123e-01  -4.59370960e-01  -6.99816608e-01
   -3.18370172e-01  -3.24774936e-01  -4.80989474e-01  -7.07314582e-01
   -5.82815642e-01  -2.97644382e-01  -3.72977574e-01  -5.40496190e-01
   -5.39596615e-01  -2.53872001e-01  -2.64589522e-01  -3.80237430e-01
   -7.08994547e-01  -8.58066509e-01  -1.84225369e-01  -5.46124980e-01
   -8.29847299e-01  -6.23298090e-01  -3.06271628e-01  -5.17738787e-01
   -4.61138363e-01  -7.56859009e-01  -8.58349124e-01  -4.73616960e-01
   -8.78158505e-01  -2.00854297e+00  -1.29650603e+00  -1.46901646e+00
   -2.90416312e+00 
   -1.91200436e+00  -1.75153039e+00  -1.35422682e+00  -5.28687557e-01
    8.07160096e-02  -3.22369426e-01  -1.22850608e-01  -6.55232042e-02
   -1.42942189e-01  -8.36920767e-01  -3.62321846e-01  -1.37417363e-01
   -1.11216697e-01  -8.58815700e-01  -8.68993829e-01  -4.62982223e-01
   -3.37442895e-01  -4.28671656e-01  -7.63174219e-01  -2.45554151e-01
   -6.96515785e-01  -2.70829892e-01  -8.53072229e-01  -8.09165154e-01
   -5.31728144e-01  -7.74551212e-01  -5.12726006e-01  -7.82300866e-01
   -4.26449405e-01  -5.55464848e-01  -6.13996977e-01  -7.73287993e-01
   -9.58907191e-01  -1.97893657e+00  -1.91371028e+00  -1.94950809e+00
   -2.68767086e+00 
   -8.64132857e-01  -1.58237877e+00  -1.48964228e+00  -2.43266447e-01
   -4.84520395e-01   1.15130932e-01  -5.65138310e-01  -5.18663653e-01
   -5.57118516e-01  -7.45681330e-01  -5.33008610e-03  -3.00634374e-01
   -2.73956102e-01  -6.16526044e-01  -2.01679265e-01  -1.38662879e-01
   -3.55782067e-01  -2.82569821e-01  -6.84177476e-01  -3.42001021e-01
   -5.60546188e-01  -2.13821221e-01  -8.38472625e-01   1.67309352e-02
   -4.59131225e-01  -8.09544672e-01  -1.26026686e-01  -3.66882426e-01
   -8.40326334e-01  -7.15891130e-01  -3.88161531e-01  -9.46742012e-01
   -1.13973215e+00  -3.07205660e+00   4.58626098e-01   8.05160988e-01
   -2.53457306e+00 
   -1.45645609e+00  -2.31904598e+00  -1.78028876e+00  -9.91755419e-01
   -3.05924194e-01  -2.34688754e-01  -5.71079820e-02  -2.49601191e-01
   -1.78915748e-01  -1.88468881e-01  -1.47692956e-01  -4.14332923e-01
   -3.24453281e-01  -6.58662229e-01  -1.36531579e-01  -1.37469174e-01
   -2.60464191e-01  -5.00757751e-01  -6.60282400e-01  -6.70440523e-01
   -2.69641485e-01  -2.12096935e-01  -4.98584822e-01  -6.90412935e-01
   -6.48088630e-01  -9.54414298e-01  -7.18919813e-01  -5.81169478e-01
   -5.62394803e-01  -7.58988174e-01  -8.28701163e-01  -6.99018389e-01
   -5.30288614e-01  -2.39860991e+00   5.18360094e-01  -4.11094494e-01
   -3.17164018e+00 
   -1.62026013e+00  -1.73879148e+00  -1.77987878e+00  -3.97987442e-01
   -1.61780708e-01  -3.41033015e-01  -1.74711261e-02   1.12181361e-01
   -2.43483188e-01  -1.76935716e-01  -5.36434741e-01  -6.28459967e-02
   -4.16130059e-01  -3.66796079e-02  -3.69391944e-01  -1.06589590e-01
    2.00552824e-01  -2.63434123e-01  -1.90218198e-01  -1.67973304e-01
   -6.65905839e-01  -2.44532475e-02  -3.20417409e-01  -4.42869801e-01
   -3.02983926e-01  -2.45446591e-01  -6.85000927e-01  -3.66683039e-01
   -6.79525471e-02  -1.36227333e-01  -6.15342662e-01  -5.35657532e-02
   -2.01711778e-01  -1.73950259e+00  -1.04941561e+00  -1.12580945e+00
   -3.06029016e+00 
   -1.31400574e+00  -1.00978351e+00  -1.70969931e+00  -4.76140609e-01
   -1.03027720e-01   1.98265575e-01  -1.38636097e-01   1.00299525e-01
    2.21564085e-01  -1.27598084e-02  -2.96342847e-01   2.50346138e-01
   -1.13178046e-01  -1.49135193e-01  -4.58874250e-01   1.43382877e-01
   -4.68532260e-01   2.89937790e-01  -2.36524404e-01  -5.63870040e-01
   -3.55545255e-01   1.10385005e-01  -2.95778515e-01   2.50314998e-01
   -5.24532051e-01  -2.91194805e-02  -1.63776021e-01   2.03178347e-01
   -1.72515921e-01   2.76090685e-01  -1.93731915e-01   3.56514777e-03
    2.40627699e-02  -7.29314118e-01  -1.76205648e+00  -1.44220301e+00
   -2.02070761e+00 
   -1.31315784e+00  -2.17325970e+00  -2.19707291e+00   7.14698110e-03
   -6.82403357e-01  -5.90567595e-01  -1.45951104e-01  -6.54745312e-01
   -4.11966567e-01  -4.33914320e-01  -5.23946497e-01  -2.36285283e-01
   -5.71640179e-01  -5.02759040e-02  -8.72290142e-01  -3.56931374e-01
   -8.81545816e-01  -7.60733798e-01  -4.51796224e-01  -6.45062462e-01
   -8.11867441e-01  -6.68473340e-01  -1.60962097e-01  -8.25607292e-01
   -3.57327902e-01  -4.96643373e-01  -7.17658869e-01  -6.29912691e-02
   -8.28253138e-01  -6.52855071e-01  -6.07459835e-01  -2.03229290e-01
   -5.12766775e-01  -2.34293563e+00  -8.46391388e-01  -1.91586098e+00
   -2.67283581e+00 
   -5.59012671e+00  -6.92091887e+00  -6.24666806e+00  -2.20069179e-01
   -3.18092339e-01  -4.25364990e-01   3.11901033e-01  -4.28619742e-02
   -2.38809318e-02   4.35212125e-01   3.03323971e-01   3.42091468e-01
   -2.67259460e-01  -1.12496695e-01  -6.02629950e-02  -2.68952901e-02
   -2.75730458e-01   3.65260088e-01   3.31160364e-01  -3.45277848e-01
    3.03814479e-01   2.67025864e-01   1.74177534e-01  -7.83393701e-03
   -1.20441168e-01   2.73898037e-01  -1.77825137e-01  -6.52806657e-02
    5.67230367e-02   1.39970866e-01   1.62747115e-01   3.83234103e-02
   -4.25654516e-01   3.18889270e+00   2.16429846e+00   1.95983803e-01
    3.27258993e+00 
   -4.09497602e-01  -2.28621459e+00  -2.34671263e+00  -7.64338979e-01
   -1.91578743e-01   3.64380017e-02  -5.14576082e-01  -5.74211145e-01
   -3.32962271e-01  -8.57251796e-01  -8.01223869e-01  -2.22139889e-01
   -6.73428043e-01  -5.62827294e-01  -5.72006223e-01  -9.08045408e-01
   -7.66395664e-01  -5.67136850e-01  -4.26071653e-01  -2.41366414e-01
   -3.41053915e-01  -4.09148519e-01  -5.03775589e-01  -6.43942115e-02
   -7.86635438e-01  -3.46623498e-01  -5.58073594e-01  -2.12056335e-01
   -6.66315785e-01  -7.45545981e-01  -8.18694441e-01  -3.77309370e-01
   -4.63489506e-01  -3.25870286e+00  -1.56233549e+00  -1.55045096e-01
   -3.27954126e+00 
    1.56048923e+00  -2.39712494e+00  -1.94554666e+00   2.06217018e-01
    3.93678707e-01   6.06376696e-02   4.51777272e-01   7.45411375e-01
    1.72823038e-01   3.00400649e-01   3.31374620e-01   1.40708429e-01
   -7.02611941e-02   5.48220520e-01   2.34491286e-01   8.06156068e-01
    5.90527292e-01   1.11443352e-01   5.30124128e-01   2.90719203e-01
    4.30363307e-01   4.12865526e-01  -6.42189316e-02   1.69046290e-01
    9.08176603e-02   3.94501965e-01   3.74039009e-01  -2.08189579e-01
    5.32202240e-01   3.75437183e-01   5.54715978e-02  -1.03967841e-02
    1.25983237e+00  -1.43265339e+00  -1.45778528e+00  -1.87583758e+00
   -3.20057758e+00 
   -1.89216149e+00  -1.94836604e+00  -2.27167509e+00  -4.25046707e-01
   -5.54213961e-01  -4.01743706e-01  -2.63674415e-01  -1.55005980e-01
   -1.78123818e-01  -4.93187471e-01  -6.80406729e-01  -4.85534575e-01
   -3.06429165e-01  -2.87057954e-01  -2.53904008e-01  -5.97114024e-01
   -8.44213455e-02  -1.84563153e-02  -3.19877090e-01  -4.91168637e-01
   -4.72201407e-02  -4.44503797e-02  -4.84166338e-01  -8.48213839e-02
   -2.90319167e-01  -2.94413941e-01  -5.97191833e-01  -3.02336318e-01
   -9.14343559e-02  -1.28734105e-01  -5.26691780e-01  -3.55729091e-01
   -9.72723732e-02  -1.93109852e+00  -1.43415172e+00  -1.84860777e+00
   -2.84046708e+00 
   -1.31969078e+00  -1.61046138e+00  -1.75017016e+00  -5.90542295e-01
   -1.62375968e-01  -1.39856521e-01  -7.79030834e-01  -7.89356593e-01
   -3.10096029e-01  -7.74630313e-01  -6.64715142e-01  -3.99286087e-01
   -3.41658845e-01   2.08102886e-01  -4.26295278e-01   1.21330713e-01
   -6.51177425e-01  -2.26715053e-01  -6.09273660e-01  -2.87443739e-01
   -5.64194839e-01  -5.78237046e-01  -2.62427082e-01  -4.96799244e-01
   -5.99531791e-01  -2.83975844e-02  -7.01033557e-01  -4.68681842e-01
   -4.99194561e-01  -3.19550278e-01  -2.30223241e-01  -4.36456505e-02
   -2.80892012e-01  -1.94424847e+00   4.36584537e-01   3.29264662e-02
   -3.20965812e+00 
   -8.69418170e-01  -8.14787556e-01  -1.80496851e+00   1.96879723e-01
    1.64864238e-01   4.42206685e-01   2.72236977e-01  -2.61289319e-01
    1.64715516e-01  -5.64427014e-01  -4.16902375e-01   5.05511452e-02
    2.62415033e-01  -4.58803833e-01   8.17109044e-02  -5.03782713e-01
   -8.00890762e-02   3.09094110e-01  -4.58938239e-02  -5.17403590e-02
   -3.74252945e-01   8.11369359e-02  -6.58837757e-02  -9.06283051e-02
   -1.04106956e-01  -4.61280502e-01  -1.86567584e-02  -5.18333302e-01
   -4.70324754e-02   1.56570925e-01   1.73725865e-01  -2.27777572e-01
   -9.50067305e-02  -1.87832064e-01  -2.28234444e+00  -6.22095865e-01
   -2.10220965e+00 
   -4.93425179e-01   3.59840109e+00   1.66454534e+00   2.07488546e+00
    6.28663021e-01   1.48047259e+00   8.86041480e-01   9.42542950e-01
    1.95202394e+00   1.76694185e+00   1.49841709e+00   1.66752671e+00
    1.37506316e+00   1.44477310e+00   1.94871179e+00   6.39505293e-01
    1.58687409e+00   7.35536796e-01   1.56311960e+00   1.44657636e+00
    1.96257822e+00   7.99718721e-01   1.29255546e+00   1.58103713e+00
    1.20468526e+00   1.87081273e+00   9.81888331e-01   6.65706012e-01
    1.53719054e+00   1.21613800e+00   1.92682296e+00   1.06366258e+00
    9.69951102e-01  -3.94852619e+00  -5.19277556e+00  -4.83010144e+00
    2.07771799e+00 
   -2.69730364e+00  -1.90976928e+00  -2.03903556e+00  -1.55127322e+00
   -1.32176379e+00  -5.40335078e-01  -9.37101632e-01  -7.04404864e-01
   -9.45355061e-01  -1.05557116e+00  -6.95696153e-01  -9.95734074e-01
   -7.53348479e-01  -1.03789925e+00  -1.11667059e+00  -7.46225933e-01
   -9.69124231e-01  -1.22663674e+00  -8.78165660e-01  -1.27133574e+00
   -1.26493434e+00  -1.14989714e+00  -1.07033368e+00  -9.26013838e-01
   -1.29534188e+00  -6.45553001e-01  -1.38149883e+00  -8.31199259e-01
   -8.15191925e-01  -1.00411958e+00  -8.51080810e-01  -1.15630470e+00
   -1.32809771e+00  -2.66891797e+00  -1.53920546e+00  -2.66647193e+00
   -2.95777299e+00 
   -1.02142586e+00  -3.12839335e+00  -2.49188198e+00  -8.92588989e-01
   -7.21084427e-01  -4.28914675e-01  -7.31825044e-02  -1.82289607e-02
   -1.25884887e-01  -4.93409762e-01  -3.48198189e-01  -1.88058157e-01
   -3.16012510e-01  -2.70719677e-01  -5.12825723e-02  -4.47717175e-01
   -7.60661905e-02  -7.31013724e-01  -2.47548292e-01  -5.09633545e-01
   -3.43341489e-01  -6.08886095e-01  -3.16494792e-01  -1.46560339e-01
   -3.28480792e-01  -3.12176160e-01  -2.55112399e-01  -1.70831864e-01
   -6.33239721e-01  -4.93760139e-01  -3.56939453e-01  -2.98928682e-01
   -2.80224126e-01  -1.99287587e+00  -1.13987898e+00  -1.47561142e+00
   -2.80856748e+00 
   -5.41191103e-01  -2.48992505e+00  -2.99091955e+00   3.22531684e-02
    1.03331348e+00   1.14776436e-02   1.26790505e-01  -2.01530970e-01
    2.11788102e-01   5.55883228e-01   4.99368650e-01   4.01724808e-01
    5.34534249e-01   1.51545678e-01   8.42754052e-01   4.79241356e-01
    6.49594645e-01   6.63314590e-01   1.00654147e-01   2.43385436e-01
    1.02838412e+00   2.90110047e-01   2.43661357e-01   2.51022282e-01
    6.89858695e-01   6.54064072e-01   9.43523194e-02   5.16838196e-01
    1.15521526e+00   7.73982527e-01   3.78607908e-01   1.82243608e-01
   -9.75038187e-02  -6.86389417e+00  -5.70929369e+00   5.50094380e+00
   -3.65472427e+00 
   -1.51984004e+00  -2.02430155e+00  -1.76829968e+00  -3.65386064e-01
   -4.14830555e-01  -2.58447566e-01  -3.87679677e-01  -2.61796655e-01
   -6.27833079e-01   5.96985053e-02   9.79023888e-03  -1.68096752e-01
   -3.21292337e-02  -3.90790012e-03  -2.85237186e-01   3.27689630e-02
   -7.48776521e-01  -6.19731880e-01  -4.59475402e-01   5.60674012e-03
   -3.43453067e-01  -3.80383495e-01   2.19495742e-02  -4.72008337e-01
   -1.32413002e-02  -4.37208478e-01  -5.63256423e-01  -4.96154106e-01
   -7.68233261e-01  -8.01130304e-01  -4.99473893e-01  -2.98341337e-01
   -2.09594757e-01  -2.19354359e+00  -1.61620323e-02  -8.36264366e-01
   -3.15888091e+00 
   -1.25468384e+00  -1.55150292e+00  -2.53991332e+00  -4.93344098e-01
   -1.43221755e-01  -8.42488322e-02   2.60665901e-01  -2.86255598e-01
   -3.47857015e-01   1.05240397e-01  -1.42523192e-01  -5.10246808e-02
   -3.50016877e-01  -4.64537351e-01  -5.83478163e-01  -1.24862562e-01
   -3.19788774e-01  -2.53997528e-01  -4.34317070e-01  -1.93731248e-01
   -2.93234780e-01  -1.43201887e-01  -6.49328162e-02  -5.30734656e-02
   -2.82685968e-01  -5.83193231e-02  -3.29689928e-01  -1.47880486e-01
   -1.61106002e-01  -9.69038669e-02  -2.94637665e-01  -5.27061821e-02
   -3.30687766e-01  -1.96286867e-07  -2.86799094e+00  -8.00253424e-01
   -2.06250223e+00 
    3.61090782e-01  -1.38671826e+00   1.83886574e-01   2.92223825e-02
    3.82357972e-01  -8.84920576e-02   4.07276980e-01   9.68958997e-03
    1.75229752e-01  -2.62634066e-01   4.94987003e-01   3.79249181e-01
    7.46109616e-02   4.02683120e-02  -2.30484385e-01  -2.75111377e-01
   -2.04216327e-01   1.37689335e-01   5.41976719e-01  -1.42687595e-01
    6.55192491e-01   6.88478151e-02   5.20927010e-01   6.76696493e-01
   -3.62279006e-02   4.16831607e-01   2.43273129e-01   4.79772497e-01
    7.74637242e-02   8.31836047e-01   6.55378103e-01   4.73621158e-01
   -2.09168581e-01  -1.98283040e+00   4.12491431e-02  -1.61782739e+00
   -3.28487501e+00 
   -2.19923522e+00  -2.41550085e+00  -1.87478801e+00  -4.59626467e-01
   -6.98155076e-01  -7.16866670e-01  -8.00261085e-01  -8.67876026e-01
   -9.61873259e-01  -4.38826034e-01  -7.00946370e-01  -4.08107406e-01
   -8.28754775e-01  -5.74863655e-01  -8.19433995e-01  -7.82065888e-01
   -6.18031575e-01  -4.29215846e-01  -6.42280351e-01  -8.17036889e-01
   -8.62941036e-01  -7.97246783e-01  -7.40385790e-01  -9.67831103e-01
   -1.01886099e+00  -8.32257511e-01  -7.15484483e-01  -7.83622539e-01
   -8.85476481e-01  -8.31082634e-01  -8.61984310e-01  -9.37632342e-01
   -5.98185013e-01  -2.39177759e+00  -1.30773715e+00  -2.22337001e+00
   -2.89205608e+00 
    6.17254444e-01  -2.11013653e+00  -2.59781460e+00  -3.22859804e-01
   -2.58295650e-01  -4.79984156e-01  -5.47662406e-01  -5.56060792e-01
    2.14994827e-03  -2.65177570e-01   7.47489813e-02  -2.34966939e-01
    6.38459779e-02  -4.45242656e-01  -5.52837702e-01  -5.88910728e-01
   -3.25253553e-01   9.37463624e-02   7.68621172e-02  -4.96878590e-01
   -1.76440356e-01  -2.75136176e-01   1.16660625e-02  -5.15545950e-01
   -2.02092550e-01  -1.96210824e-01  -4.10239047e-03  -2.62709833e-01
    7.77110432e-02  -2.28454485e-01   3.04982886e-02  -3.96604252e-02
   -4.86611379e-01  -2.99580540e+00  -1.49726811e+00   3.48304825e-01
   -3.55365352e+00 
   -1.61466869e+00  -1.75057684e+00  -1.83263993e+00  -5.69054712e-01
   -7.28616066e-01  -6.17742473e-01  -6.70536383e-01  -4.31659539e-01
   -6.90049703e-01  -1.01285347e-01  -7.35209014e-01  -7.89823111e-01
   -4.88795828e-01  -7.57733700e-01  -4.55407069e-01  -1.80631980e-01
   -6.22514141e-01  -3.68286121e-01  -3.13540550e-01  -4.77659750e-01
   -4.80159552e-01  -5.57197466e-01  -4.25940507e-01  -1.09345200e-01
   -5.55271496e-01  -1.53430205e-01  -6.20107362e-01  -2.66474713e-01
   -6.92721139e-01  -4.60307659e-01  -4.69899683e-01  -4.86488134e-01
   -6.53171529e-01  -2.01889680e+00  -9.26395900e-02  -9.07523771e-01
   -3.12411143e+00 
   -1.60582832e+00  -1.68095440e+00  -1.44459155e+00  -4.93095223e-01
    2.80362576e-02  -6.49660726e-01  -2.58350147e-01   2.93600610e-02
   -4.40849240e-01  -5.91662843e-01  -2.60637750e-01  -3.84820678e-01
   -5.90507906e-01  -1.75343490e-01  -1.40932908e-01  -1.58931052e-02
   -7.62375557e-01  -3.29158761e-01  -4.26565236e-01  -3.17393007e-01
    7.10552049e-02  -5.79779821e-01   2.80868597e-02   4.92802952e-02
   -2.62421010e-01  -6.32973550e-01  -1.52672643e-01  -9.11192640e-01
   -8.78786931e-02  -8.29161046e-01  -8.56110570e-02  -7.31096077e-01
   -1.18665559e+00  -1.10542579e+00  -1.61018887e+00  -1.82268807e-01
   -3.16754696e+00 
   -1.58562646e+00  -1.68211941e+00  -1.09450965e+00  -2.38632438e-01
   -5.04961457e-01   1.16681081e-01  -7.46184835e-01  -3.17792910e-01
   -4.37844740e-01   2.08259537e-02  -5.94254944e-01   8.89463934e-02
   -4.25233354e-01   2.28850464e-01  -7.11413649e-01  -3.75570400e-01
   -7.51810218e-01  -4.66837014e-01  -6.38817854e-01   2.60027551e-02
   -7.33503425e-01   7.37388000e-02   1.16594674e-01  -6.38660412e-01
   -7.57955735e-02  -2.06712912e-02  -4.69542027e-01  -6.85714198e-01
   -1.04371174e-01  -1.29793383e-02  -6.12717369e-01  -6.31290332e-01
   -8.70066737e-01  -1.60449640e+00   3.80417654e-01  -9.79055049e-01
   -2.96442910e+00 
   -7.21439974e-01  -2.19418684e+00  -2.30033948e+00   2.74533651e-01
   -1.77111840e-01  -5.49868763e-01   2.60539666e-01  -1.31909995e-01
    1.23905344e-01   1.37524841e-02   4.61799637e-01   2.82971873e-01
    5.24736655e-01  -1.85946545e-01   1.19325533e-01   2.32266533e-01
    6.44248698e-01   4.60532724e-01   6.31230659e-01   3.25863101e-01
    3.79219170e-01   3.25466487e-01   1.51251145e-01  -2.61859580e-01
    1.91636050e-01   7.54507528e-01   4.68697050e-02   8.07250491e-01
    6.16110624e-01  -6.89012082e-02  -2.62063117e-02  -1.56601251e-01
    8.28495253e-01  -5.71114416e+00   4.43639231e-02  -4.12927838e-01
   -9.96791108e-01 
    8.27001666e-01   8.45729490e-01  -9.53033501e+00   9.82452499e-02
    4.67469817e-01  -2.23369869e-01   3.50553378e-01   3.39288555e-01
   -3.36160032e-02  -2.15300832e-01  -2.58336102e-01   7.88014582e-02
    3.89366212e-01   3.11789635e-01  -3.91121885e-02   6.07599980e-01
    3.52585711e-02  -5.33014013e-02   5.80882908e-01   1.58723976e-01
   -3.30667005e-01   4.56809848e-01   2.30095807e-01   1.94198093e-01
    2.89945487e-01   2.79456637e-01   3.11132092e-01   4.87876811e-01
   -1.42631587e-01   1.37296424e-01   3.28775145e-02   6.04141470e-03
    7.63812918e-02  -5.36708183e+00  -3.67774816e+00  -9.29094011e-01
    3.28850901e+00 
   -2.10687863e+00  -1.91637582e+00  -1.64151007e+00  -1.11522932e+00
   -5.44787103e-01  -8.40214247e-01  -3.45068242e-01  -5.95898261e-01
   -5.60872313e-01  -1.20667276e+00  -1.13298304e+00  -4.46429087e-01
   -1.06020375e+00  -1.13352522e+00  -5.31507905e-01  -8.80894550e-01
   -1.11451119e+00  -4.98347974e-01  -7.61045110e-01  -7.35420685e-01
   -1.09695935e+00  -9.10469034e-01  -8.90101603e-01  -4.94946476e-01
   -8.36191898e-01  -9.66705967e-01  -9.86760849e-01  -4.76375593e-01
   -5.04496863e-01  -1.09031016e+00  -1.00824455e+00  -9.53003267e-01
   -1.19376503e+00  -2.25727897e+00  -6.98218605e-02  -1.19121223e+00
   -3.26701088e+00 
   -1.12413452e+00  -1.76026987e+00  -1.64892039e+00  -6.09502151e-01
   -2.76421403e-01  -6.39992631e-02  -2.38201692e-01  -5.06963550e-01
   -2.86731473e-01  -3.07031213e-01  -2.94941312e-01  -4.62460371e-01
   -2.33997597e-01  -6.17477598e-01  -6.21855364e-01  -4.91964390e-01
   -1.95946938e-01  -3.62243348e-01  -1.63467182e-01  -2.87690404e-02
   -6.72547701e-01  -1.89059621e-01  -3.46964966e-01  -5.44852921e-01
   -7.50109262e-01  -5.78411629e-01  -7.54786481e-01  -2.65536234e-01
   -6.43979422e-01  -1.09284557e-01  -1.67293385e-01  -2.75671180e-01
   -9.19363763e-01  -2.04134256e+00   2.16105261e-02  -8.66872807e-01
   -3.02368761e+00 
    1.94897028e+00   2.74733362e-01  -2.21325634e+00   1.02495355e+00
    7.50821937e-01   1.60993746e-01   3.62268834e-01   5.68389255e-01
    8.96615494e-01   9.60958038e-01   5.42229616e-01   1.98269702e-01
    6.36910408e-01   8.25315571e-01   8.90634390e-01   5.26244762e-01
   -2.47779843e-02   3.44399149e-01   2.30045103e-01   5.42569856e-01
    8.27088760e-01  -7.55904350e-02   3.64226308e-01   5.45446887e-01
    8.44833364e-01   3.71926455e-01   7.75891947e-02   2.93530170e-01
    4.06011176e-01   4.50949128e-01   2.44303855e-01   9.34967174e-01
    4.92795823e-01  -1.20675365e+00  -1.57903614e+00  -1.89951246e+00
   -2.91374595e+00 
   -2.58701600e+00  -1.04085740e+00   4.20832520e-01   1.92019203e+00
    2.76983876e+00   1.59800910e+00   1.98625600e+00   1.59617776e+00
    1.27673129e+00   1.97053527e+00   1.77678120e+00   1.86723279e+00
    2.08290288e+00   1.96611736e+00   1.67210007e+00   1.33542662e+00
    1.07268128e+00   7.03773681e-01   1.34125236e+00   2.06533116e+00
    7.85198079e-01   2.06477021e+00   1.92435314e+00   1.79528167e+00
    1.79092250e+00   8.55141913e-01   1.48402466e+00   1.17220169e+00
    1.67402655e+00   1.28370478e+00   7.93305338e-01   1.99043314e+00
    4.86364695e+00  -8.74544034e-01  -3.93393870e-01  -1.71325706e+00
   -2.92188236e+00 
    7.36760011e-01  -1.70783589e+00  -3.60323903e-01   2.98787239e-01
    1.85915146e-01   2.73222887e-01   1.27273860e-01   1.15687310e-02
    2.80314426e-01   5.52515713e-01  -1.25629411e-01  -2.51699497e-01
    5.12398735e-01  -8.08214114e-02   2.89764526e-01   2.79919431e-01
    4.52946342e-01  -3.36215439e-02   4.18060183e-01   3.00233993e-01
    2.71158901e-01   6.78605037e-01   2.25566249e-01  -5.75583521e-02
   -5.48813717e-02   3.61754697e-01  -1.94219491e-01   7.57770455e-01
    5.85342198e-01   1.34315670e-01   6.46753336e-01   1.87794157e-01
    8.81923634e-01  -1.87876357e+00  -7.29878359e-02  -1.29705830e+00
   -3.13063044e+00 
   -2.47806045e+00  -5.79931096e-01  -3.99844599e+00  -9.42442280e-01
   -7.17101704e-01  -1.92050184e-01  -5.77113281e-01  -7.84645161e-02
   -2.14078042e-02  -4.56140015e-01  -1.48570201e-01  -6.79178787e-02
   -2.16702960e-01  -1.46850262e-01  -5.45581267e-01  -4.88276501e-01
   -4.26808975e-02  -2.00914458e-01  -1.22423587e-02   2.17966836e-01
   -4.23887040e-01  -3.65540963e-01  -1.55107422e-01  -3.38100472e-01
   -2.62814567e-01  -4.49005079e-01  -4.36224513e-01  -2.89533037e-01
   -3.27642143e-01  -1.10824568e-01  -3.31663275e-01  -7.57450033e-01
   -2.99130227e-02  -2.39274012e+00  -2.44114230e+00  -2.63817148e+00
   -2.93771032e+00 
   -2.95850272e-01  -2.41795789e+00  -2.27527288e+00  -5.32049969e-01
    7.60218997e-02   3.25191197e-01  -3.41088675e-02   2.15033318e-01
    7.72802084e-02   2.63670152e-01  -1.67136211e-01  -1.58162256e-01
   -3.98561338e-01  -1.93315218e-02  -4.45045839e-01  -1.19609272e-02
   -6.07815025e-03  -2.25602423e-02  -3.01777575e-01  -1.02776750e-01
    1.15865687e-01   1.70315222e-01  -4.34684539e-01  -3.01681308e-02
   -4.00489173e-01   1.08370403e-01  -3.50312606e-01  -2.98602474e-01
   -3.47622278e-01  -6.99215081e-02  -1.92622886e-01  -7.54142450e-02
   -3.06656023e-01  -2.66958597e+00   2.05754862e-01   2.45817178e-01
   -2.92849435e+00 
   -1.95979064e+00  -1.79717481e+00  -1.98417005e+00  -1.16724040e+00
   -1.17870617e+00  -6.34523429e-01  -3.51603677e-01  -1.43926064e-01
   -3.80046991e-01  -3.02443115e-01  -2.59026038e-01  -6.48041484e-01
   -7.53504067e-01  -1.86200870e-01  -7.46051844e-01  -6.34725101e-01
   -2.51493961e-01  -1.32367966e-01  -2.06238538e-01  -5.80648207e-01
   -1.78198214e-01  -3.42433026e-01  -5.19459204e-01  -3.01129356e-02
   -8.50495221e-01  -6.87817405e-01  -2.81738648e-01  -5.59188781e-01
   -6.47407418e-01  -6.13890435e-01  -7.68639646e-01  -4.55973621e-01
   -7.82717033e-01  -2.05619473e+00  -2.33706558e-01  -4.45480824e-01
   -3.27837736e+00 
    1.92022328e+00  -1.02906835e-01  -1.27618038e+00   2.63262671e+00
    1.30051574e+00   3.45846381e-01   8.80619198e-01   1.16073121e+00
    1.05686525e+00   7.85173789e-01   1.31566027e+00   8.96246206e-01
    6.84028545e-01   8.79390121e-01   1.09545161e+00   8.14244989e-01
    9.70028941e-01   5.82863295e-01   1.19167032e+00   2.42188598e-01
    1.49746229e-01   1.61834594e-01   1.07886391e-01   1.24554542e-01
    2.44714186e-01   4.26373525e-01   9.15935171e-01   4.72290897e-01
    1.89258869e-01   6.96046899e-01   8.66939459e-01   8.61944915e-01
    1.33907118e+00  -2.03963813e+00  -1.14696133e+00  -1.25510564e+00
   -3.19210538e+00 
    9.76399133e-02  -1.63456643e+00  -1.59349635e+00  -5.85117961e-01
    5.11867441e-02  -3.54727936e-01  -6.17786523e-01  -5.57811150e-01
    6.11754665e-02  -5.52804476e-01   1.12387451e-01  -5.19481477e-01
   -4.38179189e-01  -1.35942258e-01  -7.47565592e-02   7.31640555e-02
   -2.05437748e-01   2.72670034e-01  -2.15221020e-02  -4.87899627e-01
    8.81333013e-02  -1.30091303e-01   1.36280892e-01  -2.06834277e-01
   -8.82385543e-02  -5.88716584e-02   1.68186043e-01  -2.73405820e-01
   -2.84758958e-01   4.54039474e-03  -5.98749381e-02  -4.72317140e-01
   -6.72983555e-01  -3.28766299e+00   7.67029102e-01   5.26342754e-01
   -2.14827375e+00 
   -2.11584749e+00  -2.09722561e+00  -1.91046513e+00  -6.94281139e-01
   -2.17862463e-01  -5.16182386e-01  -3.08292563e-01  -6.85576150e-01
   -8.92910854e-01  -3.98762522e-01  -6.42236529e-01  -9.24930163e-01
   -5.80469779e-01  -3.34122998e-01  -7.17876909e-01  -4.95123785e-01
   -9.40024892e-01  -4.61482551e-01  -6.79647567e-01  -4.63239830e-01
   -5.36153393e-01  -9.46356736e-01  -8.80374268e-01  -7.27081880e-01
   -4.11709904e-01  -3.45182319e-01  -8.41336022e-01  -6.53020808e-01
   -9.92627208e-01  -5.78830445e-01  -9.74874666e-01  -1.03562630e+00
   -4.44992642e-01  -2.47151903e+00  -1.86014771e+00  -2.49738098e+00
   -2.76214653e+00 
   -3.24634397e+00  -1.48619017e+00  -5.97182765e-01   8.56989708e+00
    5.99929098e+00   3.56258721e+00   3.06922852e+00   3.06368278e+00
    3.50722482e+00   2.89107261e+00   2.99618117e+00   3.38192780e+00
    3.35820589e+00   3.51667524e+00   3.46170218e+00   3.13793240e+00
    3.25172462e+00   3.65527549e+00   3.46586344e+00   3.28582345e+00
    3.22243058e+00   3.12332174e+00   3.61930033e+00   3.30163736e+00
    3.12019627e+00   3.56210639e+00   3.40869079e+00   3.47304426e+00
    3.54890360e+00   3.63939811e+00   3.76496977e+00   3.77932718e+00
    3.52950421e+00  -3.45569904e+00  -1.03562550e+00  -9.91917753e-01
   -2.91152978e+00 
    3.97137103e+00   3.17349417e+00   2.33762491e+00   1.15846476e+00
    9.46895937e-01   7.31674383e-01  -3.41862025e-02  -4.78562571e-01
   -3.01258008e-01   6.21073199e-01   2.45822043e-01  -2.46781269e-01
    3.04020575e-01  -6.33885572e-01  -1.85001616e-01   5.50317468e-01
   -3.18890966e-01  -6.08820182e-01   1.64122672e-02  -1.65818574e-01
   -2.24718155e-01   2.50243656e-01   1.65803303e-01  -1.13536436e-01
    6.81345862e-01   1.48712166e-01   6.49336955e-01   6.04118901e-01
    6.49323773e-01   2.51232632e-01  -2.81499071e-01  -4.80039641e-01
    8.93375546e-01  -7.91238829e+00  -8.33200340e+00  -7.27752725e+00
    4.19839858e+00 
   -1.92588401e+00  -2.12759110e+00  -2.15801663e+00  -6.52613152e-01
   -3.67867799e-01  -4.61977405e-01  -6.67959334e-01  -6.38890517e-01
   -7.25981556e-01  -2.00570222e-01  -5.93634144e-01  -6.06422111e-01
   -2.74452386e-01  -2.28470093e-01  -4.21822544e-01  -2.42196644e-01
   -5.97958408e-01  -2.32192411e-01  -1.52215517e-01  -1.14315978e-01
   -4.36786570e-02  -2.90665666e-01  -3.05437969e-02  -3.58690651e-01
   -4.87413193e-01  -3.49617090e-02  -2.81608752e-01  -2.58806194e-01
   -3.98756348e-01  -6.44659393e-01  -1.16618529e-01  -7.16969260e-01
    2.16161325e-01  -2.09380326e+00  -2.01761915e+00  -1.35843916e+00
   -3.04713269e+00 
   -4.42766669e-01  -2.04689842e+00  -1.95402295e+00  -6.50975283e-01
   -2.09761198e-01   1.75748351e-01   4.52211599e-01  -3.54645033e-01
    2.69271001e-01   3.10971782e-01  -1.49557718e-01   3.57876175e-01
   -2.29544855e-01  -1.05855690e-01  -2.58050248e-01  -3.00951471e-01
    7.37048706e-02   2.96987349e-01  -3.51287273e-01   3.80774923e-01
   -5.54457572e-02  -3.78995162e-01   1.95681352e-01  -2.70381571e-02
    1.17419276e-01  -2.82620459e-01   1.73219126e-01   2.89815160e-01
   -3.16605836e-01   9.17220302e-02   1.68449336e-01   3.61062348e-01
    5.13548441e-01  -2.56995694e+00   2.51814688e-01  -2.11144600e-01
   -2.95275552e+00 
   -1.47914136e+00  -1.65771724e+00  -1.82448783e+00  -4.56849162e-01
   -5.13644153e-01  -1.69240520e-01  -7.04368080e-01  -4.63846515e-02
   -3.64109326e-01  -5.16124082e-01  -1.99284609e-01  -2.34510557e-01
   -1.14564471e-01  -6.79700887e-01  -4.47437455e-01  -5.15740072e-01
   -3.11963681e-01  -5.17994112e-01  -5.62578516e-01   1.07145224e-01
   -6.13859910e-01  -4.33378373e-02  -5.37237682e-01  -4.44550269e-01
   -5.28059603e-01  -4.77023130e-01  -1.54725701e-01  -2.40213203e-01
   -2.54194369e-01  -7.57804151e-01  -8.22124231e-01  -1.66160386e-01
   -2.89539596e-01  -1.95513453e+00  -2.35779489e+00  -2.42586876e+00
   -2.63353007e+00 
   -2.80358890e+00  -1.78958391e+00  -1.60301045e+00  -7.39877385e-01
   -1.00413000e+00  -8.07147429e-01  -9.04976612e-01  -1.04376193e+00
   -9.16212829e-01  -1.00731581e+00  -8.13539997e-01  -8.89350774e-01
   -8.38901178e-01  -6.01524042e-01  -7.44531379e-01  -1.02356580e+00
   -4.75603351e-01  -9.96425432e-01  -8.58334803e-01  -7.63862824e-01
   -1.09316659e+00  -4.68047260e-01  -9.34482618e-01  -9.04043932e-01
   -9.86730205e-01  -8.72570618e-01  -9.16132804e-01  -1.06770307e+00
   -9.22485510e-01  -7.35867869e-01  -8.67396541e-01  -9.89106774e-01
   -7.36411638e-01  -2.39924891e+00  -2.00496906e+00  -2.18612122e+00
   -2.90162294e+00 
   -5.84673860e-01  -1.47402310e+00  -2.64295883e+00  -5.43993956e-02
    2.99462861e-01   9.88304732e-02   1.05460276e-01  -5.42353001e-01
   -2.47598914e-01   4.30976772e-01   2.97538324e-01   2.44572689e-01
    3.78458896e-01   1.41599237e-01  -4.40113682e-01  -1.58571317e-01
    4.93603200e-03  -1.62367499e-01  -2.65901100e-01  -3.37257150e-01
   -4.55558167e-01  -1.73207282e-01   1.42997770e-02  -5.05462289e-01
    3.12468758e-01  -3.07664188e-01   2.17469341e-01  -1.37339826e-01
    2.05278877e-01  -6.02127419e-01   1.78023622e-01  -2.83551953e-01
   -4.30061266e-01  -1.28201781e+00  -1.22343493e+00   1.49881551e-01
   -3.68399559e+00 
   -8.21309477e-01  -1.06647557e+00  -1.54522277e+00   2.78090544e-01
   -2.31453391e-01  -2.60998003e-01  -5.44988821e-02   7.90496295e-02
   -2.62933024e-01   8.99059540e-02  -2.44086966e-02   3.40344490e-01
   -1.94789809e-01  -1.27992578e-01   1.51359194e-01  -1.23183340e-01
   -3.99558028e-01   2.87497856e-01  -4.47651141e-01   1.44792266e-01
    2.24053028e-01  -1.55263765e-02   1.69232346e-01   4.90726036e-02
   -2.09327669e-01   3.01312560e-01  -1.84779946e-01  -2.58822683e-01
   -6.75180652e-02   1.77284324e-01  -6.18042119e-02  -3.27423915e-01
   -9.41963647e-02  -1.00376558e+00  -1.79897411e+00  -8.88381807e-01
   -2.23542542e+00 
    4.85559719e-01  -1.52673133e+00  -5.35034211e-01   5.47212915e-01
    2.54352292e-01  -1.19370280e-01   4.38679070e-01   8.41785590e-01
    2.95696949e-01   1.64116300e-01  -1.51119958e-01   5.85202528e-01
    2.44146772e-01   8.17924898e-01  -2.20391984e-02   3.46124653e-02
    1.14836370e-01  -5.25647792e-02   3.27108485e-01   5.97671872e-01
    6.60772575e-01  -1.18425078e-01   1.66312708e-01   1.44522111e-01
    3.07323347e-01   3.18725155e-02   2.53905833e-02   4.97231587e-01
    6.08582808e-01   9.08143657e-01   2.67447230e-01   8.67606651e-01
    1.03885076e+00  -1.41604234e+00  -3.19299661e-01  -9.74683615e-01
   -3.00842246e+00 
   -1.87218600e+00   3.44697779e-01  -2.44326768e+00  -1.65946019e-01
   -4.03737644e-01   5.06005387e-01  -2.19225972e-01   5.16336506e-01
    2.68395336e-01  -2.56890566e-01  -1.60544053e-01   3.28610709e-02
    1.81565941e-01   5.17143652e-01   1.65906710e-01   4.82591789e-01
   -2.81309750e-01   4.04860831e-01  -2.69770255e-01   5.59036285e-01
    3.49381193e-01   1.34117200e-01   2.07438234e-01   7.47689693e-02
   -3.37556763e-02   5.48744222e-01   1.50790706e-01   2.91054379e-01
    2.69656750e-01   2.56328234e-01   3.98198563e-01  -1.02370222e-02
    9.71802504e-01   4.33481383e-01  -1.14798784e+00  -1.89362138e+00
   -2.02257372e+00 
   -1.80987853e+00  -1.98432432e+00  -1.86637652e+00  -7.78165346e-01
   -5.70243498e-01  -2.91356470e-01   3.42321945e-02  -3.70560166e-02
    2.01484242e-01  -3.33119040e-01  -4.88649156e-02  -3.32252849e-02
   -3.96237809e-01   5.31315524e-02   1.72436828e-01   5.42745762e-02
    2.19618195e-01  -4.14701685e-01  -1.10183289e-01  -9.64284669e-02
   -3.47007269e-01  -5.82647645e-01  -4.80350556e-01   6.25397281e-02
   -2.64940377e-01  -2.81889676e-01  -2.53872750e-01  -6.96078560e-01
    1.10466761e-01  -6.30185327e-01  -1.53027281e-01  -1.94349947e-01
   -1.48813366e-01  -2.24492622e+00  -8.19117827e-01  -5.56662826e-01
   -3.65691789e+00 
   -1.69008798e+00  -1.94984709e+00  -2.56051703e+00  -5.99643584e-01
   -9.87160057e-01  -5.40440510e-01   5.32157481e-02  -5.17548138e-01
   -3.66986012e-01  -4.32341345e-01  -1.02653197e-01  -5.16507113e-02
   -2.44853483e-01  -5.92198005e-01   3.70108922e-02  -1.28194105e-02
    3.89884590e-02  -1.67241233e-01   3.32960554e-01  -6.20922107e-01
    7.84349083e-02  -6.36466590e-01  -2.92102816e-01  -5.00814907e-01
   -5.05881643e-01  -5.83413639e-01   7.86261835e-02  -5.35313686e-01
   -7.43098377e-02  -1.01546874e-01  -1.53770439e-01  -6.17121246e-01
    3.06569441e-03  -2.60619500e+00   6.84703462e-01   9.18400956e-01
   -2.81185231e+00 
   -2.92237499e+00  -1.85575784e+00  -7.88920919e-01   2.68725828e+00
    1.57809054e+00   2.18230524e+00   1.93955837e+00   1.72024725e+00
    1.05358902e+00   2.23381559e+00   2.25662114e+00   2.04241002e+00
    1.85704874e+00   2.13792205e+00   1.21416809e+00   1.84429497e+00
    1.88180234e+00   1.44752877e+00   1.86141577e+00   1.83835196e+00
    2.41411128e+00   1.10994974e+00   1.63910760e+00   1.76164442e+00
    1.45252289e+00   1.05035476e+00   2.08427062e+00   1.72781254e+00
    2.13761045e+00   8.88343528e-01   2.36974853e+00   1.58662924e+00
    2.31793187e+00  -6.48132661e-01  -1.16183288e+00  -1.96880338e+00
   -2.81352254e+00 
   -1.52065273e+00  -9.16717929e-01  -2.21988362e+00  -6.44443628e-01
   -8.34028546e-02   5.16757726e-02  -1.27489565e-01   3.85134896e-01
   -2.98373714e-01  -1.40118537e-01   2.14853640e-01   8.78325970e-02
    2.24313171e-01   2.48471443e-01  -1.71778756e-01   2.01184879e-01
   -7.43975875e-02   2.11787726e-01   2.69145365e-02   7.10435748e-02
   -3.08968581e-01   1.86995985e-01   1.33005784e-01  -2.21515512e-01
    2.84669772e-01   7.36750519e-02   3.19598448e-01  -3.12347539e-01
   -4.10727592e-01  -2.87589740e-03   6.28429123e-02   2.18805452e-01
   -2.93219468e-01  -1.44797535e+00  -1.71797492e+00  -1.95589109e+00
   -2.16338327e+00 
   -2.16916592e+00  -2.28179528e+00  -1.41463843e+00  -4.63228660e-01
   -3.80511464e-01  -8.27679028e-01  -5.40263848e-01  -4.67724395e-01
   -8.52854321e-01  -1.06947667e+00  -6.88787689e-01  -9.78208264e-01
   -4.71378635e-01  -6.22690826e-01  -5.57574688e-01  -6.24082346e-01
   -1.10648956e+00  -9.45997756e-01  -7.10969716e-01  -8.35440537e-01
   -7.31317762e-01  -7.65045430e-01  -9.34214802e-01  -9.25981674e-01
   -7.41990602e-01  -8.45049033e-01  -9.88764760e-01  -8.42766746e-01
   -5.39597007e-01  -8.08561162e-01  -6.03576785e-01  -1.09305507e+00
   -1.06690561e+00  -2.25887987e+00  -8.76795803e-01  -1.88733617e+00
   -2.97230810e+00 
   -2.05661131e+00  -2.31604889e+00  -2.37357176e+00  -7.43764532e-02
   -4.06925267e-01  -4.53839055e-01  -6.04445153e-01  -3.84684240e-01
   -9.39539160e-01  -1.01595352e+00  -4.94328841e-01  -6.12428506e-01
   -6.51373010e-01  -5.58769898e-01  -9.75087168e-01  -6.16520650e-01
   -2.86105747e-01  -7.36124920e-01  -4.52591820e-01  -5.47233188e-01
   -2.36604129e-01  -1.01923349e+00  -9.94264284e-01  -4.44234892e-01
   -1.08640540e+00  -8.88968846e-01  -3.01493509e-01  -2.93909985e-01
   -9.74045389e-01  -6.20157884e-01  -4.76732594e-01  -1.11078464e+00
   -8.49963569e-01  -2.68767896e+00  -1.71130795e+00  -2.61364202e+00
   -2.82838850e+00 
   -2.06703819e+00  -2.13808277e+00  -2.23772025e+00   2.54198222e+00
    1.21680986e+00   1.44808844e+00   1.73963239e+00   1.81688904e+00
    1.73593222e+00   1.05863447e+00   1.83078041e+00   1.81146529e+00
    1.64973584e+00   2.04476359e+00   1.13010514e+00   1.83107262e+00
    1.75894419e+00   1.16186874e+00   1.59240246e+00   1.90857530e+00
    8.56897417e-01   1.42927266e+00   9.62518647e-01   1.86156387e+00
    2.09104451e+00   1.77970287e+00   1.55570646e+00   1.41479385e+00
    1.32430833e+00   1.59726481e+00   1.87891178e+00   1.21704832e+00
    1.29187288e+00  -3.01820909e-02  -2.23795445e+00  -2.86510345e+00
   -2.58701980e+00 
   -1.27268224e+00  -2.33653566e+00  -2.00381113e+00  -1.33716760e+00
   -3.75477580e-01   6.11175129e-02  -1.91496356e-01  -8.64320364e-02
   -4.85189283e-01  -6.52638061e-01   6.78782731e-02  -3.91969466e-01
   -9.87923518e-02  -4.49036265e-01  -1.47054896e-01   2.82119091e-02
   -1.71811250e-01  -2.70612395e-01  -5.15057163e-01  -7.10367895e-01
   -2.39451886e-01  -4.84542407e-01  -1.19450572e-01  -3.33254046e-01
   -5.85931040e-01  -3.68184140e-01  -4.32638084e-01  -1.20982444e-01
   -6.90365327e-01  -4.58165861e-01  -2.37482474e-01  -7.67699502e-01
   -4.46345811e-02  -2.19826803e+00  -1.46985438e+00  -1.69400570e-01
   -3.51939075e+00 
   -1.40381697e+00  -1.09352450e+00  -2.44275569e+00  -1.46111255e-01
   -5.20188734e-01  -3.69530953e-01  -3.27097668e-01  -3.93769158e-01
   -6.78214131e-02  -6.41552622e-02  -8.05522905e-02  -6.84571516e-02
   -1.60179376e-02  -5.47540232e-01  -1.20007759e-02  -5.12767003e-01
   -3.20536027e-01  -3.43744885e-01  -3.24860939e-01  -5.46659458e-01
   -3.08489598e-01  -5.29814789e-01  -4.48044808e-01  -2.71482024e-02
   -3.98713403e-01   3.51450936e-03  -5.59824312e-01  -3.28611499e-02
   -6.80376789e-02  -2.84051441e-01  -5.88497108e-01  -4.53241645e-01
   -5.10699587e-01  -1.58700347e+00  -2.10220324e+00  -2.09745045e+00
   -2.60431985e+00 
   -2.04257082e+00  -2.01875750e+00  -3.03395941e+00  -4.92237894e-01
   -8.33220956e-01   2.15546023e-02   2.00274324e-01  -2.91431490e-01
   -3.34155308e-01  -4.76177126e-01  -8.04060292e-02  -3.77538460e-01
   -2.36649522e-01  -4.61773008e-02  -2.22160397e-01  -3.32815405e-01
   -3.16773694e-01  -2.75844588e-01  -1.79712996e-01   8.70676170e-02
    1.95229458e-01   2.46826272e-01   1.61059710e-01  -2.28846673e-01
    2.08336716e-01  -3.32014082e-01  -1.46632190e-02  -1.35503172e-01
   -5.38802228e-01  -5.28704466e-01  -2.40970498e-01  -2.11612763e-01
    8.62669509e-01  -1.76474713e+00  -1.89406303e+00  -1.51187227e+00
   -2.60141588e+00 
    2.28445926e+00  -1.53847106e+00  -2.07032422e+00   7.79156956e-01
    1.33111128e+00   7.23844666e-01   4.50259585e-01   8.35750653e-01
    6.12436204e-01   7.39154462e-01   1.02295404e+00   5.78279284e-01
    9.69368369e-01   7.42818254e-01   5.42803176e-01   7.27877047e-01
    2.69227621e-01   7.88582817e-01   9.57835505e-01   3.41567961e-01
    4.85745188e-01   7.62494036e-01   1.18357967e-01   9.52202159e-01
    1.11392239e-01   3.05399523e-01   5.71653162e-01   1.37113159e-01
    3.94775165e-01   9.14716068e-01   9.07562101e-01   9.54444219e-01
    2.68616842e-01  -1.73052496e+00  -1.75938399e+00  -2.21468406e+00
   -3.60123810e+00 
   -2.46747377e+00  -7.88566737e-01   1.19829763e+00   5.63339699e+00
    2.18476038e+00   1.15107586e+00   2.06952492e+00   2.31660212e+00
    1.13313671e+00   1.56700689e+00   1.18515728e+00   1.61050635e+00
    1.50344459e+00   1.14289786e+00   1.55967569e+00   2.01360806e+00
    2.35089819e+00   2.29907232e+00   1.82160240e+00   2.06078724e+00
    2.38568789e+00   2.27891261e+00   1.50525580e+00   1.26332063e+00
    2.06509315e+00   2.40146801e+00   2.25622354e+00   2.15065725e+00
    1.57805224e+00   2.63033960e+00   1.79848245e+00   1.61289415e+00
    2.21093061e+00  -2.19079638e+00  -5.57356349e-01  -1.69355920e+00
   -3.04791851e+00 
   -3.60325982e+00  -4.76275146e+00  -3.99087201e+00  -4.57332718e-03
    1.57300722e-01   1.69776511e+00   1.06988688e+00   1.42131266e+00
    9.38236037e-01   1.62099216e+00   1.65146172e+00   1.55842682e+00
    1.16201473e+00   9.86843776e-01   1.51780509e+00   1.27431031e+00
    1.04284884e+00   1.25003868e+00   1.36524763e+00   1.08608891e+00
    1.20604970e+00   1.65291049e+00   1.15059327e+00   1.15682431e+00
    1.08482453e+00   1.56123342e+00   1.55435133e+00   1.55398738e+00
    1.24085678e+00   1.52830808e+00   9.32736646e-01   1.51441048e+00
    1.35050467e+00  -6.29005264e-01  -6.79329125e+00   1.04393164e+00
   -1.62557237e+00 
   -2.20166301e+00  -2.12023549e+00  -1.45676124e+00  -8.16205917e-01
   -4.28181321e-01  -8.04822577e-01  -6.05863750e-01  -4.88448827e-01
   -2.65828163e-01  -1.71292621e-01  -1.53958835e-01  -5.90746455e-01
   -3.92398203e-01  -8.46946755e-01  -8.99460590e-01  -3.79662836e-01
   -6.01693381e-01  -9.22248646e-01  -8.46429402e-01  -4.02583050e-01
   -7.49988584e-01  -4.04021069e-01  -3.99633941e-01  -7.22131090e-01
   -3.09212660e-01  -7.76846869e-01  -7.00324763e-01  -3.27234681e-01
   -7.17287668e-01  -8.36694429e-01  -8.33529956e-01  -2.40983623e-01
   -1.03901417e+00  -2.49370687e+00   9.60715569e-01   2.08588901e-01
   -3.27161047e+00 
    7.15103781e-01  -4.54998226e-01  -7.87527973e-01   1.23080924e+00
    2.32613570e-01   6.26383059e-01   7.32104144e-01  -1.12410721e-01
    6.21302438e-01   2.84022809e-01   9.98466714e-02   2.42997716e-01
    3.48686459e-01  -1.76090922e-01   3.53248078e-01   6.33233136e-01
    3.47873081e-01   6.14635549e-01  -2.55278507e-01   8.54535127e-01
    3.54589291e-01   4.09407983e-01   9.35203933e-01   7.92869476e-01
    6.16273421e-02   5.56483279e-01   1.06298795e+00   7.67832498e-01
    9.52005317e-01   4.52093386e-01   2.67982575e-01  -1.32308472e-01
    9.05665548e-01  -8.87730951e-01  -1.34531330e+00  -2.00572349e+00
   -2.92864141e+00 
   -1.03368405e+00  -1.74181102e+00  -1.93281158e+00  -2.79510332e-01
   -6.68334318e-01  -2.77231327e-01  -5.30514324e-01   4.48459432e-02
   -3.61953949e-01  -3.68721451e-01  -1.82757106e-01  -7.10188937e-01
   -2.16087303e-01   3.54786795e-02  -6.75455296e-01  -6.32656367e-01
   -1.76901030e-01  -3.86532332e-01  -4.05344770e-01  -6.80655009e-01
   -2.20226948e-01  -1.18521945e-01  -5.09652564e-01   2.02834678e-01
    3.87122895e-02  -1.36715527e-01  -6.78609479e-01  -3.49536324e-01
    1.69402423e-01  -2.15891237e-01  -5.85581353e-01  -1.35884706e-01
   -7.33417173e-01  -2.29061109e+00   6.03794577e-01  -9.32216814e-02
   -2.91893991e+00 
    1.90944620e+00  -2.50895660e+00  -5.82982041e+00  -8.86238137e-01
   -2.74940434e-01   2.60656802e-02  -3.45664656e-01  -2.33168983e-01
    4.74902558e-01   6.19396684e-01  -1.30233497e-01   1.87956823e-01
   -1.94012795e-01   9.23263523e-02   1.45322941e-01  -1.38774066e-02
    5.81010206e-01  -1.89631625e-01  -2.13846681e-01   3.87229513e-01
    3.40928732e-01   3.88023415e-01   4.35168866e-01   1.09664674e-01
   -9.98840749e-02   2.32386089e-01  -1.43547922e-01  -7.30376944e-02
    1.31216632e-01   2.84081748e-01   1.48454529e-01   3.71015816e-01
    9.59444346e-01  -1.52922454e+00  -2.57603355e+00  -1.75185502e+00
   -3.73401527e+00 
   -2.08461649e+00  -1.96219901e+00  -1.70284045e+00  -2.31700001e-01
   -6.03599359e-01  -7.78210715e-01  -4.03494402e-01  -3.29236826e-01
   -3.22444045e-01  -6.43489230e-01  -6.80461532e-01  -3.76887911e-01
   -2.64477753e-01  -8.33631623e-01  -5.18172325e-01  -8.01995062e-01
   -4.91223502e-01  -9.96197514e-01  -5.93913564e-01  -9.70068549e-01
   -8.53026831e-01  -8.55980058e-01  -6.51870201e-01  -6.91612012e-01
   -3.58242797e-01  -5.36744707e-01  -4.38512276e-01  -4.41927727e-01
   -1.07152574e+00  -4.73623169e-01  -1.02390066e+00  -5.87225802e-01
   -1.04352779e+00  -2.17641655e+00  -1.93618592e+00  -2.04788507e+00
   -2.75488654e+00 
   -1.64805622e+00  -1.78483999e+00  -1.60211044e+00  -4.40564903e-01
   -5.68208677e-01  -2.11369106e-01  -2.46891845e-01  -4.32296420e-01
   -4.48958700e-01   6.66029755e-02  -6.45436993e-01  -6.36549553e-01
   -2.94359512e-01  -4.56299370e-01  -1.83594132e-01  -5.66348807e-01
   -2.48649313e-01  -2.46903533e-01  -1.22065026e-01  -6.60264818e-01
   -3.15674702e-01  -1.36933377e-01  -1.98595467e-01  -3.32538537e-01
   -5.33741564e-01  -7.09799816e-01  -2.29611394e-01  -5.19442436e-01
    9.10066864e-02  -2.53151747e-01  -6.10609403e-01  -3.49749908e-01
   -3.15071410e-01  -2.02968423e+00  -1.06582747e-01  -7.13259679e-01
   -3.19505686e+00 
   -1.92591182e+00  -1.81785061e+00  -1.29261242e+00  -6.53818970e-02
   -2.50662760e-01  -6.91451357e-01  -6.14816244e-01  -3.73151724e-01
   -3.83784021e-01  -2.13222311e-01  -1.43786754e-01  -1.87037851e-01
   -6.40263286e-01  -7.15743013e-01  -4.32804463e-01  -3.55320535e-01
   -6.65746832e-01  -1.14491143e-01  -3.20471913e-01  -3.09324961e-01
   -5.62005452e-01  -5.98176766e-01  -4.84759025e-01  -2.97527979e-01
   -8.46076600e-01  -4.84615803e-01  -5.99811849e-03  -7.42387091e-01
   -7.84032166e-01  -3.39807620e-01  -4.65335692e-01  -6.66176596e-01
   -2.17470050e-01  -1.97461031e+00  -2.01904142e+00  -1.79843588e+00
   -2.73126013e+00 
   -3.34933545e+00  -2.07761975e+00  -3.47019966e-01   2.86529393e-01
    2.08114269e+00   1.65130366e+00   1.16660177e+00   1.63032373e+00
    1.12425919e+00   2.32488130e+00   1.80233660e+00   9.21233983e-01
    2.09594819e+00   1.51291519e+00   2.25575763e+00   2.22279502e+00
    1.91335530e+00   2.24566920e+00   6.55028388e-01   1.24279683e+00
    1.53061460e+00   1.93355904e+00   1.99721982e+00   1.76508906e+00
    1.89932392e+00   1.64588991e+00   1.73698374e+00   1.70286976e+00
    2.17774252e+00   2.10901451e+00   9.86216067e-01   1.04486781e+00
    2.18957201e+00  -2.87163522e-01  -8.35830379e-01  -2.24384143e+00
   -3.01798294e+00  
   -1.92621514e-01  -2.21979852e+00   2.54260281e+00  -2.67848318e+00
    3.24421006e+00   2.11426189e+00   1.22418266e+00  -2.37561925e+00
    1.44916562e+00   3.35597743e+00   3.37970000e-01   2.30589274e+00
    2.49362189e+00  -7.07708006e-01   1.33176251e+00   1.63864523e+00
    1.25301854e+00   2.70234393e+00   3.87210983e+00   7.34579217e-01
   -2.67148523e+00   2.03046093e+00   8.35054131e-01   1.66395483e+00
   -2.41739364e+00   3.73953858e+00   2.19037651e+00  -6.49035473e-01
    1.31411988e+00   1.55006637e+00  -1.46440108e+00   3.17526202e+00
    2.16898197e-01   1.68862055e+00   1.58196558e+00   1.20084708e+00
    5.52239016e-01   2.05595686e+00   2.36856814e+00   1.50957349e+00
   -3.10228339e+00  -5.24223430e+00  -1.66365449e+00   2.20400305e+00
    6.32562359e-01   1.40230950e+00  -3.90509155e+00  -5.36622659e-01
    3.20968185e+00  -1.09629045e+01  -2.61362155e-01   1.92190639e+00
    2.91461436e-01   2.14573037e+00   3.33592098e+00   1.05624712e+00
    6.25843858e-01  -1.52761716e+00   7.11366274e-01   4.82931041e-01
   -6.09399376e-02  -4.82839844e+00   2.82423401e-02   2.87784614e+00
    3.43291956e+00  -5.15897068e+00   6.07121896e-01   2.30099859e+00
    7.98737194e-01  -3.77116501e+00  -5.66179602e+00  -7.60563683e-01
    7.99072441e-01  -2.46606506e+00   8.41152961e-01  -1.99965600e+00
    2.87743943e+00   1.28144975e+00   2.31847335e+00  -4.65401955e+00
   -3.68061614e+00 
    1.02388093e+00   1.67579234e+00   9.42808920e-01   1.16851986e+00
    1.87707856e+00   2.23884677e-01   1.61196219e+00  -1.41075547e-01
    1.33128384e+00   1.49992107e+00   2.28972775e+00   1.28369787e+00
    4.70860668e-01   2.59876639e-01   2.08003460e+00   9.46119924e-01
    3.54158495e-01   1.27675709e+00   3.20246079e+00   2.81691355e+00
    1.78162584e+00   9.14103817e-01   1.69752343e+00  -2.80487992e-01
   -1.47691697e+00   2.20656378e+00   1.28594128e+00   4.68975006e-01
    1.67168081e+00  -1.02343222e+00   1.88075899e-01   1.74152058e+00
    2.41907089e+00   1.76502719e+00   6.73031674e-01   1.48649371e+00
    1.58525904e+00   2.25801838e+00   2.34748234e+00   1.65031776e+00
    7.37644347e-02  -2.23483021e+00   6.24699502e-01   8.94603652e-01
    2.21209677e+00   1.92833143e+00  -2.90214912e-02   9.30039783e-01
    8.81953136e-01  -6.43107227e+00   2.18052739e-01   7.48024641e-01
    1.55943000e+00   1.21254146e-03   1.55000539e+00   7.87036718e-01
    4.29251826e-01   6.60978303e-01  -5.65009268e-01   1.15637445e+00
    1.19524583e+00  -3.23811196e+00   6.74938957e-01   1.88237771e+00
    9.94870806e-01  -1.70829609e+00   2.01437812e+00   7.47359194e-02
    1.09252739e+00   1.24688161e+00  -3.70201437e+00  -2.17416869e+00
    1.88516379e+00  -2.07824307e-01   1.76890599e+00   2.19649405e+00
    8.54558905e-01   1.59240093e+00   3.35185729e-01  -2.72110876e+00
   -7.60301017e+00 
   -2.06249067e+00   7.64569966e-01   9.56935088e-01  -2.12328174e+00
    4.54120831e-01   1.09013190e+00  -4.23963361e-02   2.41166065e+00
    7.00682209e-01   8.70190161e-01  -8.93615846e-01   8.54754241e-01
    7.30513971e-01  -2.08619530e+00  -9.61635772e-01   2.74269438e-01
    1.84477637e+00   1.38579357e-01   2.74330263e+00   1.23768179e-01
    1.10206287e+00   6.42544102e-01  -7.18911272e-01   1.70974528e+00
    3.55362838e+00   3.75031463e-01   4.13015435e-01   3.27923606e+00
   -1.97172611e-01   5.74581273e-02  -7.75866181e-01   4.07228936e-01
   -4.70211789e-01  -1.16755435e-01   8.12977640e-01  -3.50345982e-01
   -1.08177475e+00   3.17550852e+00  -6.66436395e-01  -4.46472991e-01
    1.22371184e+00  -1.75841275e+00  -2.97900022e-01   9.86432159e-01
   -1.14657944e+00   5.20510829e-01  -2.81053780e-01  -2.22447989e+00
    5.91468550e-01  -4.52618819e+00   1.45883981e+00   1.09880417e+00
   -1.49214055e+00   1.45416129e+00   8.68536357e-01  -1.03551614e-01
    1.66130126e+00  -2.20033038e-01   1.81594136e+00  -4.64186817e-01
   -2.09659329e+00  -1.56552030e+00   2.74500654e+00   2.64935035e-01
    3.39777208e-01  -1.55921580e+00   4.87018352e-01   1.28519776e+00
    1.62877878e+00   6.83551169e-01  -2.41136080e+00  -2.55794522e-01
   -1.54713894e+00   8.08474479e-01  -1.12620745e+00   1.12928451e+00
    7.33086076e-01  -4.10556490e-02   8.21305613e-01  -1.98018255e+00
   -8.43281593e+00 
   -1.40060658e-01   5.39862983e-01  -1.10593874e+00  -5.72733663e-01
    9.99675859e-01  -1.27738527e+00  -6.95967498e-01   1.41128970e+00
   -1.04375773e+00  -1.19774775e+00  -1.33484927e-01  -9.15054732e-01
   -1.04384282e+00   1.40492155e+00  -2.74272857e-01  -7.60792752e-01
    3.72757479e-01  -1.84915434e-01   6.75245962e-01   1.98065107e-01
    2.71530059e-01  -1.60386226e+00  -5.39731916e-01  -1.31606209e-01
   -8.99102209e-01  -6.27770888e-01  -7.86554556e-02  -5.37785027e+00
   -4.89503433e-01  -2.34695248e-01   7.11190635e-01  -6.44011756e-01
    2.39743995e-01  -3.29790247e-01  -1.05912787e+00   9.14783373e-02
    7.79083357e-01  -1.30859277e-01   2.53313727e-01   1.50835616e-01
   -1.11001839e+00   2.01048957e-01   6.01985634e-01  -9.93950785e-01
   -2.81291812e-01  -1.29234689e+00  -1.37532789e+00   1.17015901e+00
   -1.00808293e+00  -3.24011195e+00   8.01436653e+00  -1.58771548e+00
   -2.41744204e-01  -1.80091243e+00  -1.13860986e+00  -7.17743218e-01
    3.13929253e-01   4.72175714e-01   1.30022656e+00  -6.85966222e-01
   -1.20484911e+00  -3.87214586e-01   5.99934289e-01  -4.06068220e-01
   -7.71229243e-01  -7.78185849e-01  -9.54804495e-01  -1.20521393e+00
   -2.19098088e+00  -5.65527006e-02   3.54467693e-02  -2.00404751e+00
   -1.00542616e+00  -3.78665686e-01  -4.53587724e-02   5.13996601e-02
   -1.00745744e+00  -5.53063704e-01  -1.09056687e+00   3.80553618e-01
   -7.13239074e+00  
