NN 36 4 4  -0.62784485  0.66054099  0.63452218 -0.44795061 -0.66399346  0.94424336
   0.80020065 -0.94129648 -0.6457589   1.05955039  0.70947037 -0.82461159
  -0.51405974  0.57952347  0.25775557 -0.74639607 -0.75575147  0.7012618
   0.48058444 -1.03220931 -0.85082143  0.80054455  0.44272786 -1.15195005
  -0.33946977  0.54491395  0.75975921 -0.4904715  -0.18916497 -0.13412596
  -0.08861926 -0.44949394 -0.46910641  0.49076657  0.32951002 -0.64287845
   0.22531333 
  -0.40556787 -0.4155534   0.3284467   0.05941102 -1.11925349 -0.51105898
   0.63989608  0.77176125 -0.99139171 -0.46870835  0.55511598  0.80691856
  -0.40427229 -0.7473008   0.47324445  0.30988116 -0.9142471  -0.46440353
   0.66747689  0.95097695 -1.10275574 -0.56725957  0.55211989  0.82326748
  -0.84012193 -0.01129498  0.38391089  1.0067662  -1.10192169 -0.20062092
   0.41441763  0.79966277 -0.68151184 -0.33951655  0.60808047  0.76600074
  -0.22084852 
  -0.45553369  0.47935229 -0.59097459  0.41220675 -0.50438169  0.68719223
  -1.04852985  0.52569278 -0.40691537  0.7866471  -1.22318691  0.50981063
  -0.5271101   0.72856172 -0.98142747  0.81324362 -0.31281593  0.80654167
  -1.13857957  0.711517   -0.47473654  0.8597151  -1.23621585  0.53554698
  -0.02243572 -0.00578568 -0.54685867  0.19802563 -0.26160958  0.00778423
  -0.52731954  0.25578626 -0.38754465  0.33380252 -0.92434232  0.37231525
   0.07508594 
   0.26633382 -0.17643618 -0.34715584  0.26721869  0.58457656 -0.68043322
   0.35831677 -0.10379213  0.59687326 -0.50932262 -0.01311927 -0.05488681
   0.34554104 -0.30626407 -0.01181504 -0.2756609   0.73296803 -0.80870589
   0.1601651   0.17654526  0.320997   -0.86015194 -0.16772215 -0.25004212
   0.51595533 -0.86129218  0.33715568  0.49183995  0.25660621 -0.9643359
   0.45546866 -0.25049265  0.20145549 -0.63336134  0.0823363  -0.10315549
   0.22447801     0.97748444  2.18837459  0.42655992 -1.76680315 -1.63398413 
  -2.62289652  1.2398323  -2.34220241  1.63564811 -0.36357725 
  -2.06583604 -1.79524771  2.76940688 -0.75348714 -0.20767879 
   2.40769511 -2.52319356 -2.04895713 -0.28780698 -0.24595593  