NN 36 4 4  -0.63528273  0.69590344  0.62430833 -0.47478532 -0.63907816  0.9466273
   0.82343327 -0.94622695 -0.58558642  1.10457081  0.67362238 -0.91105325
  -0.48309638  0.57992537  0.20597552 -0.71749391 -0.73310489  0.73908163
   0.53455974 -1.0167771  -0.8688713   0.77132029  0.4198855  -1.13735547
  -0.30850641  0.54531585  0.70797916 -0.46156934 -0.19660285 -0.0987635
  -0.09883311 -0.47632865 -0.48209516  0.48728917  0.36822153 -0.66222279
   0.22652435 
  -0.40706382 -0.42073076  0.32148949  0.05747895 -1.13825925 -0.52562555
   0.65547588  0.81707357 -1.0456103  -0.4631684   0.58118272  0.82729451
  -0.41494893 -0.73464577  0.49475817  0.31781463 -0.9410586  -0.44525603
   0.68433527  0.95270856 -1.10046643 -0.5694395   0.5725107   0.83987202
  -0.85079858  0.00136006  0.40542461  1.01469966 -1.10341764 -0.20579829
   0.40746042  0.7977307  -0.70940778 -0.34999419  0.61435258  0.78114294
  -0.20016957 
  -0.40103306  0.48230347 -0.61039943  0.40135493 -0.48733193  0.6814989
  -1.05027304  0.52252724 -0.44238002  0.79678852 -1.27391161  0.57524585
  -0.53016623  0.729949   -0.98702957  0.81880037 -0.32107099  0.80245219
  -1.13886481  0.73857892 -0.43605265  0.80835735 -1.27343942  0.52144791
  -0.02549185 -0.00439841 -0.55246077  0.20358238 -0.20710895  0.0107354
  -0.54674439  0.24493444 -0.42047124  0.39193867 -0.94868842  0.38302098
   0.06144664 
   0.25462572 -0.18516012 -0.3201033   0.28235116  0.57867395 -0.68476095
   0.33586483 -0.09704579  0.59969049 -0.55633573  0.0394818  -0.04786898
   0.34026176 -0.3080095   0.00914655 -0.29853009  0.7487136  -0.82064394
   0.11400711  0.13546418  0.3259652  -0.84437372 -0.12259273 -0.25556219
   0.51067605 -0.86303761  0.35811726  0.46897076  0.24489811 -0.97305984
   0.4825212  -0.23536018  0.27111424 -0.67524377  0.06183216 -0.1075357
   0.24139794     0.9489131   2.24554941  0.42913046 -1.82332717 -1.70151133 
  -2.62934119  1.30475241 -2.39597647  1.65241913 -0.37190333 
  -2.10485577 -1.8653204   2.79521107 -0.76294837 -0.22940851 
   2.42786359 -2.59219807 -2.08691565 -0.25692528 -0.22865301  