NN 36 4 4  -0.64193667  0.68710948  0.62511041 -0.46904102 -0.63587407  0.94251227
   0.82401229 -0.94366107 -0.61770208  1.06746845  0.67518498 -0.86986598
  -0.48151907  0.57952347  0.21742588 -0.74170603 -0.74711062  0.74974714
   0.49656708 -1.02542076 -0.87587012  0.80284766  0.4371699  -1.13338086
  -0.3069291   0.54491395  0.71942952 -0.48578146 -0.2032568  -0.10755747
  -0.09803103 -0.47058435 -0.46509587  0.49352755  0.34464188 -0.67316163
   0.22629198 
  -0.41143992 -0.41326684  0.31370099  0.06257157 -1.12632894 -0.52154011
   0.64740848  0.80248723 -1.02188696 -0.46137535  0.56123077  0.82598399
  -0.41193651 -0.7473008   0.49243475  0.31420962 -0.92567741 -0.4425035
   0.67757504  0.95254594 -1.10447199 -0.55998737  0.55608522  0.8333554
  -0.84778616 -0.01129498  0.40310119  1.01109465 -1.10779374 -0.19833436
   0.39967193  0.80282332 -0.69662757 -0.34031463  0.60114467  0.77794014
  -0.20909895 
  -0.39348828  0.47000937 -0.61698136  0.41532719 -0.51150924  0.69685807
  -1.04483017  0.54044842 -0.43673189  0.78588928 -1.24380449  0.54113052
  -0.5443577   0.72856172 -0.98535724  0.80120087 -0.30524021  0.79519191
  -1.15003934  0.70753573 -0.43845919  0.82294349 -1.26468774  0.54622068
  -0.03968331 -0.00578568 -0.55078845  0.18598289 -0.19956417 -0.00155869
  -0.55332632  0.2589067  -0.39980939  0.35735477 -0.94029172  0.38865701
   0.06184235 
   0.25106537 -0.18052992 -0.32395543  0.27200996  0.58406167 -0.68845311
   0.33829172 -0.11009146  0.6021494  -0.52115442  0.02266206 -0.04461104
   0.34383222 -0.30626407  0.00348969 -0.27238282  0.74043966 -0.82141937
   0.14994189  0.17165799  0.32344969 -0.85648371 -0.13396009 -0.27529393
   0.51424651 -0.86129218  0.3524604   0.49511803  0.24133777 -0.96842964
   0.47866907 -0.24570138  0.22545846 -0.64296353  0.07645782 -0.10292933
   0.24334303     0.94628166  2.19851655  0.43388843 -1.8138419  -1.69112043 
  -2.61583141  1.2904575  -2.36901954  1.65145924 -0.36027007 
  -2.10499925 -1.83449587  2.76838771 -0.75614317 -0.23048257 
   2.43788688 -2.5532278  -2.06259371 -0.26195234 -0.2124706   