NN 36 4 4   -6.19730017e-01   6.73999992e-01   6.47250296e-01  -4.49504399e-01
   -6.96455009e-01   9.14739986e-01   8.25190782e-01  -8.53824066e-01
   -5.91291299e-01   1.08959807e+00   6.20563591e-01  -7.53427006e-01
   -5.16280960e-01   5.62004022e-01   2.48454507e-01  -7.89961532e-01
   -7.85202804e-01   6.95666292e-01   4.09831814e-01  -1.08989313e+00
   -8.43363676e-01   8.45197490e-01   4.86936282e-01  -1.13788587e+00
   -3.41690992e-01   5.27394499e-01   7.50458147e-01  -5.34036957e-01
   -1.81050139e-01  -1.20666951e-01  -7.58911467e-02  -4.51047722e-01
   -3.69381671e-01   4.42252223e-01   3.86738222e-01  -6.13867368e-01
    2.81549618e-01 
   -4.07268605e-01  -3.90453211e-01   3.06859838e-01   6.85758865e-02
   -1.06182235e+00  -4.63074763e-01   5.54392623e-01   7.62291763e-01
   -9.71147601e-01  -4.20293059e-01   5.38956561e-01   7.59307022e-01
   -3.91001245e-01  -7.52746027e-01   4.44464078e-01   3.22651552e-01
   -8.72815277e-01  -4.13430241e-01   7.06740222e-01   9.61950902e-01
   -1.07894507e+00  -5.96264756e-01   4.69536984e-01   7.60882732e-01
   -8.26850889e-01  -1.67402055e-02   3.55130519e-01   1.01953659e+00
   -1.10362242e+00  -1.75520740e-01   3.92830771e-01   8.08827637e-01
   -4.65841287e-01  -3.94278628e-01   5.99492441e-01   7.47564564e-01
   -1.86813715e-01 
   -5.08694348e-01   4.31175938e-01  -5.81698583e-01   4.09259788e-01
   -4.40915730e-01   6.17192837e-01  -9.97406354e-01   4.70566661e-01
   -3.85760310e-01   6.91559663e-01  -1.18828560e+00   5.42802673e-01
   -5.33540140e-01   7.27196980e-01  -9.82009764e-01   7.79686915e-01
   -2.99592231e-01   8.04818703e-01  -1.13834849e+00   6.71260061e-01
   -4.08537471e-01   8.76837061e-01  -1.20297462e+00   5.38593279e-01
   -2.88657557e-02  -7.15042931e-03  -5.47440968e-01   1.64468928e-01
   -3.14770235e-01  -4.03921265e-02  -5.18043541e-01   2.52839292e-01
   -4.62669813e-01   2.69131798e-01  -8.45950950e-01   3.76230468e-01
    7.28491755e-02 
    2.68826087e-01  -1.47802412e-01  -3.55115031e-01   3.05108547e-01
    5.41302614e-01  -6.33538213e-01   3.59999291e-01  -1.06290423e-01
    5.51242252e-01  -4.32745539e-01   6.99992646e-03  -9.49971445e-02
    3.47436956e-01  -2.98184431e-01   8.79483379e-04  -2.26540841e-01
    7.18827079e-01  -8.11620847e-01   2.06783109e-01   2.69688284e-01
    2.56549739e-01  -8.60241038e-01  -1.99291771e-01  -2.37877622e-01
    5.17851248e-01  -8.53212545e-01   3.49850200e-01   5.40960013e-01
    2.59098482e-01  -9.35702133e-01   4.47509469e-01  -2.12602792e-01
    1.47924286e-01  -5.31054410e-01   1.86196977e-02  -1.20686604e-01
    2.33073058e-01     0.96943952  2.04400611  0.43489803 -1.6696922  -1.54702363 
  -2.57821683  1.18232969 -2.2336787   1.57383593 -0.3536734  
  -2.05384918 -1.69044362  2.63641704 -0.73697069 -0.24117455 
   2.42607552 -2.38964789 -1.93596904 -0.30978984 -0.19030836  