NN 36 4 4  -0.62784485  0.66054099  0.63452218 -0.46559135 -0.66399346  0.92660262
   0.80020065 -0.94129648 -0.66339964  1.05955039  0.70947037 -0.82461159
  -0.51405974  0.57952347  0.25775557 -0.74639607 -0.75575147  0.7012618
   0.48058444 -1.03220931 -0.85082143  0.78290381  0.44272786 -1.15195005
  -0.33946977  0.54491395  0.75975921 -0.4904715  -0.18916497 -0.13412596
  -0.08861926 -0.46713467 -0.46910641  0.47312584  0.32951002 -0.64287845
   0.2076726  
  -0.40556787 -0.4155534   0.3284467   0.05493501 -1.11925349 -0.51553499
   0.63989608  0.77176125 -0.99586772 -0.46870835  0.55511598  0.80691856
  -0.40427229 -0.7473008   0.47324445  0.30988116 -0.9142471  -0.46440353
   0.66747689  0.95097695 -1.10275574 -0.57173558  0.55211989  0.82326748
  -0.84012193 -0.01129498  0.38391089  1.0067662  -1.10192169 -0.20062092
   0.41441763  0.79518676 -0.68151184 -0.34399256  0.60808047  0.76600074
  -0.22532453 
  -0.45553369  0.47935229 -0.59097459  0.41857008 -0.50438169  0.69355555
  -1.04852985  0.52569278 -0.40055205  0.7866471  -1.22318691  0.50981063
  -0.5271101   0.72856172 -0.98142747  0.81324362 -0.31281593  0.80654167
  -1.13857957  0.711517   -0.47473654  0.86607842 -1.23621585  0.53554698
  -0.02243572 -0.00578568 -0.54685867  0.19802563 -0.26160958  0.00778423
  -0.52731954  0.26214958 -0.38754465  0.34016584 -0.92434232  0.37231525
   0.08144926 
   0.26633382 -0.17643618 -0.34715584  0.27011003  0.58457656 -0.67754187
   0.35831677 -0.10379213  0.59976461 -0.50932262 -0.01311927 -0.05488681
   0.34554104 -0.30626407 -0.01181504 -0.2756609   0.73296803 -0.80870589
   0.1601651   0.17654526  0.320997   -0.8572606  -0.16772215 -0.25004212
   0.51595533 -0.86129218  0.33715568  0.49183995  0.25660621 -0.9643359
   0.45546866 -0.2476013   0.20145549 -0.63047     0.0823363  -0.10315549
   0.22736936     0.96621195  2.18607553  0.41219142 -1.77013001 -1.6499006  
  -2.62296103  1.23981915 -2.34228467  1.63562906 -0.36366837 
  -2.05244313 -1.79251621  2.78647728 -0.74953474 -0.18876922 
   2.3985319  -2.5250624  -2.06063621 -0.29051108 -0.25889334  