NN 16 32 16   -3.90457424e+00  -1.13874393e+00  -5.39617646e-03   5.63986765e-01
    2.41249152e+00  -9.55275710e-01  -2.02036777e+00  -2.13452452e+00
    3.48721258e+00  -1.14488357e+00  -2.71227199e-01   1.96693818e-01
    9.27196130e-01  -2.38127976e-01   3.05137385e-01  -5.60797568e-01
   -8.73059842e-01 
    5.60635937e-01  -5.35367705e-01  -3.96313231e-01  -8.77976368e-02
    1.13828513e+00  -2.75093905e-01   2.57072979e-01   4.22732760e-01
   -2.72886996e+00   7.36889467e-01   2.09534173e+00  -3.93386740e+00
    7.97154755e-01   7.45987349e-01  -2.22333043e+00   1.33096869e+00
    6.10528870e-01 
   -9.82018036e-01   9.17534190e-02  -2.59642905e+00   8.67314545e-01
    2.65757003e+00  -1.84503569e+00  -6.53684822e-01  -7.82104120e-01
   -1.05032293e+00   5.05518576e-01  -3.98772026e-01   2.44921072e-01
    1.44287228e+00  -7.12403089e-01  -2.63431418e-01   2.06338331e+00
    1.56317746e-01 
    1.64049647e+00  -7.65462614e-01  -1.31530813e+00   1.05246670e+00
    1.55549839e-01  -1.15476843e+00   8.75682421e-01  -4.38917361e-01
   -1.59598362e+00   8.42373710e-01  -1.61850366e+00   1.70822768e+00
    1.72883486e+00  -1.60252523e+00   1.22468612e+00  -1.95570270e+00
   -2.04535741e-01 
   -9.79518932e-02  -1.62226394e+00   1.51219564e+00  -1.32489031e+00
   -1.31172171e-01  -5.58127694e-01   1.90177454e-02  -2.04606154e+00
    1.20253377e+00  -5.89248800e-01   1.52205767e-01   2.12041936e+00
    1.54400227e+00   2.20945074e+00  -1.82590179e-01  -1.47426297e+00
   -6.90566824e-01 
   -4.45676287e-01   1.27533357e+00   1.88644170e+00  -1.38260278e+00
    6.45847512e-01   1.18942514e+00   2.00005760e+00  -4.65764087e-01
   -7.43645414e-03  -2.49459959e-01  -1.96731975e+00   6.11137094e-01
   -8.41591853e-01  -1.43916827e+00  -5.18326094e-01  -8.01660640e-02
    4.71679110e-02 
    9.85253748e-01   1.48921316e+00   1.67860866e+00  -1.90177703e+00
   -2.68469206e-02   1.81983381e-01  -1.92069581e+00   1.45029979e+00
   -6.00633044e-01   4.85441235e-01   9.30077930e-01   3.48408234e-01
   -1.23885861e-01  -4.23369126e-01  -1.42349929e+00   8.26095531e-01
   -6.94974121e-01 
    6.30284543e-01  -1.33663822e+00   1.24702656e+00  -4.92589096e-01
    6.93886905e-01   4.27060388e+00  -2.06646375e+00  -3.96714748e-02
    2.44560967e+00   2.28920108e+00   3.28017626e-01  -3.48053911e-01
   -7.34580554e-01  -2.68457666e+00  -1.42168140e+00  -1.27969485e-01
   -6.74730241e-01 
    1.94870363e-01   2.75396471e+00  -7.64928041e-01  -1.08896141e+00
    5.48638731e-01  -1.28590493e+00  -1.15614172e+00  -1.33680156e-01
   -1.67310845e+00   2.35935362e+00   1.38986719e+00  -1.28987681e+00
    9.52241719e-01  -1.80348148e+00   1.46494827e+00  -1.64389816e+00
   -1.21142208e-01 
   -1.23387349e+00  -1.33897080e-01  -6.27697770e-01   1.32189214e+00
    1.82603713e+00  -7.87379203e-01   1.39822816e+00  -9.49643611e-01
   -9.50066122e-01   1.01875321e+00   6.69286676e-01   2.07906054e+00
   -2.78542106e+00   5.84162148e-01  -6.72640268e-01  -1.26366959e+00
    4.27944731e-01 
   -5.77194542e-01   4.57612434e-01   1.27547016e-02  -2.79614558e+00
   -2.30190853e+00  -1.36093312e+00   1.03392479e-01   4.19506736e+00
   -1.33093319e+00   3.03204785e-01  -3.68955469e-01   3.19889693e+00
   -1.03374505e+00  -3.28911622e-01  -6.21351248e-02   7.23702980e-02
   -5.77172765e-01 
    2.96702622e+00  -8.87465283e-01   3.22331575e-01   1.97773368e+00
    1.54485064e+00  -5.44638794e-01  -1.42700597e+00   6.36911580e-01
    2.59185285e-01  -1.25573085e+00   5.28948464e-01  -5.36683835e-01
   -3.06623670e+00   4.35338447e-01   1.11620179e+00  -9.73995448e-01
   -2.27936781e-01 
   -3.01047950e-01  -2.33587291e+00   1.55794864e+00   1.47319400e-01
   -2.75842158e-01   4.27810424e-01  -3.44872171e+00  -1.50111518e-01
   -1.85043632e+00   1.19838528e+00   2.99366420e+00   1.03461564e-01
   -4.56733879e-01   1.29908644e+00  -5.52853119e-01  -6.93981751e-01
   -1.26694998e+00 
   -5.47323515e-01   2.76670960e-01  -5.36471507e-01   1.47653101e-01
    2.24949653e+00  -2.07002992e+00   1.00548095e+00   9.26762614e-01
    1.16113682e+00   1.60144967e+00  -2.27101754e+00  -1.78571135e+00
   -1.11769923e+00   3.79375275e-01  -4.27105479e-01  -8.07756726e-02
   -1.40838584e-01 
    1.61652626e+00  -1.84972706e+00   6.40363952e-01   2.97551352e+00
   -2.29259248e+00   7.28418738e-01   4.39565696e-01  -9.68095153e-01
   -1.58463302e+00  -2.14929916e-01  -4.88765730e-01  -2.05237756e-01
    8.71637377e-01   2.32971371e+00  -2.19115711e+00  -1.61594509e-01
    5.90113473e-01 
    1.56907727e+00  -1.03862538e+00  -1.83001782e-01  -5.73021480e-02
   -3.01160070e-01  -3.67911152e-01   3.24091303e+00  -3.00493818e+00
   -1.24489705e+00  -1.08382412e+00  -4.69302618e-01  -8.47640994e-01
    1.18657040e+00  -1.91193280e+00   8.85440205e-01   5.51162307e-01
    4.94722761e-01 
    1.48739270e+00   6.50233076e-01  -3.02429537e+00  -4.25297214e+00
    1.19158558e+00   1.51648530e-01   7.20787107e-01   1.62091135e+00
    7.57719023e-01   2.19025155e-01  -7.97371218e-01  -1.04715657e+00
   -2.47216237e-01   1.73304345e+00  -4.80578291e-01   1.23462602e+00
    3.42566134e-01 
   -1.50087620e+00   5.01003165e-01  -2.99933053e-01   2.70756637e-01
    7.51828680e-01  -1.73012645e+00   1.68193502e-01   2.83081341e-01
    1.53330928e+00  -8.57751815e-01   1.22876412e+00   1.40126452e-01
    8.19371754e-01  -1.08909736e+00  -7.30632231e-01   1.18853295e+00
   -7.04727816e-01 
   -1.30058722e-01  -2.51182357e+00   2.32666925e+00   1.45735928e-03
   -2.38813169e+00   4.10469779e-01  -1.97895843e-01   1.58840710e+00
    1.11210063e-01   1.50736385e+00  -1.54068670e+00  -4.05943516e-01
    5.08436250e-01  -1.07852740e+00   6.69890901e-01   7.11131417e-01
    1.72041196e-01 
   -1.28291416e+00   4.61992850e-01  -8.40192386e-01   2.22111673e+00
   -8.44102849e-01   1.81187878e+00   1.21413296e+00  -1.58458133e+00
   -1.97249845e-01  -1.72363491e+00  -6.06453942e-01   5.32255102e-01
    1.79039412e+00  -2.51379439e-02  -3.04764297e-01  -2.34164434e+00
    3.12968271e-01 
   -2.13857764e-01   2.62977552e+00   1.19212991e+00  -5.66932161e-01
   -1.16462544e-01  -4.78199624e+00   1.18817497e+00   3.58836268e+00
    1.50654395e+00  -2.31128004e+00   8.10387288e-01  -2.49338529e-01
   -3.53324005e-01  -7.93593127e-01   8.02154634e-01  -3.05371494e-01
   -2.61973943e-01 
   -2.65075934e+00   8.44787323e-01   1.94079475e+00  -8.69000996e-02
    1.58776616e+00  -9.57828259e-01  -1.45184139e+00  -3.47509275e-01
    2.38435916e+00  -1.09358956e+00   2.55271579e-01  -1.81156511e+00
    4.95928222e-01   4.31873209e-01  -1.20591822e+00  -4.74018316e-01
    6.26654742e-01 
   -3.10581009e-01  -8.22406871e-01   6.21930907e-01  -7.64378023e-01
    2.36285994e+00  -1.17932484e+00   2.78400439e-01   2.46018628e+00
   -2.55404953e+00  -6.73890520e-01   1.31031689e+00   9.04553003e-01
    4.69404044e-01  -8.18460811e-01  -4.92201978e-01  -1.16136109e+00
   -3.51814532e-01 
   -1.99795295e+00   2.78174671e-01  -1.37769795e+00   2.01676079e+00
   -9.83861167e-01   1.22520189e+00   7.27574245e-01  -7.09471771e-01
    1.13537870e+00   1.53883148e+00   1.62819023e+00  -1.83546254e+00
    8.79711968e-01  -1.28175324e+00   6.55045419e-01  -2.80033314e-01
   -6.01409103e-01 
    2.13769930e+00   1.58361730e+00  -2.04106477e+00  -1.19058452e+00
   -3.68722123e+00  -1.42882540e+00   9.52121202e-01   5.54127875e-01
    1.19481148e+00  -2.50061840e+00   1.98341022e+00  -9.48720475e-02
    7.62093606e-01  -3.53747640e-01  -7.58393625e-01   1.32448198e-01
   -1.45255058e-01 
    1.77634310e+00   3.01190054e-01  -1.92631354e+00  -1.35572121e-01
   -1.21233614e+00  -4.79563525e-01   2.96588931e+00  -2.97276273e+00
   -2.31268617e-02  -2.47433684e-01   3.84144693e-01   1.00605002e+00
   -1.84068610e-01   1.42018674e+00   7.96536281e-01   1.27223103e+00
   -4.67219423e-01 
   -6.31365202e-01  -4.16325696e-01   2.03813685e+00  -2.09994851e-01
    1.53797809e+00   2.00260932e+00  -3.42678942e+00   2.33503055e-01
    1.35073220e-01  -8.47700218e-01  -3.30274643e+00   2.48256078e-01
    2.01445839e+00  -1.48716710e+00  -1.37725520e-01   3.18443891e+00
   -2.85087979e-01 
   -6.19819198e-01   2.89854047e+00   1.28315999e+00   1.26443262e-01
   -1.51475233e+00   1.90007491e+00  -5.89056002e-01  -3.30347945e-02
   -8.88689846e-01  -2.26587717e+00  -1.48937733e-01  -1.57492267e-02
   -8.09968530e-01   5.82675473e-01  -6.64809609e-02   7.95212426e-01
   -5.52262652e-01 
   -1.71870610e-01  -1.03311601e+00  -1.27406072e+00   1.49383857e-01
    2.27544752e-02   2.57630841e+00  -7.77378409e-01   8.03010715e-01
    2.62149997e-01  -2.76356824e+00   1.19268784e+00  -3.45432677e-01
   -1.44281856e+00   1.63356437e-02   3.25946938e+00  -1.52776491e+00
    6.85025212e-01 
   -1.06460015e-01   2.44817509e+00   2.62632938e-01  -9.90711113e-01
    9.68479690e-01  -1.68801079e+00  -2.51702925e+00  -1.38306876e+00
   -5.44977025e-01  -8.43931326e-01  -1.15359553e-01   9.18707415e-01
    7.71062241e-01   5.21260875e-01   2.35012729e-01   1.01509919e+00
   -8.61849417e-02 
   -1.02153355e+00   2.53571633e-01   2.81472925e+00   1.65112692e+00
    8.35476549e-01   3.60671351e-01  -2.10725810e+00  -1.29586405e+00
   -8.24636721e-01   8.00697937e-01  -2.18015614e+00  -1.53251926e+00
   -1.84715564e+00   1.59290477e+00   1.69593635e+00   1.12267147e+00
    1.96591460e-01 
    1.55911970e+00   9.06949095e-01  -1.10370185e+00  -2.54287028e-01
   -7.81257905e-01  -3.53878800e-01  -5.79182672e-01  -4.50617696e-01
    1.87130176e+00   1.70043811e+00  -2.35138333e+00  -2.02947881e+00
   -5.50163554e-01  -1.73189963e+00   2.47589042e+00   8.31337475e-01
   -5.64891478e-01      3.61629395e+00  -1.02250880e+00   4.17652922e-01  -1.94550041e+00
   -8.74321790e-01   1.38318234e+00  -6.49634291e-01  -1.06189323e+00
    6.42318418e-01   7.74916659e-01  -1.14924998e-02  -3.22911257e+00
   -7.07997001e-01   6.06061165e-01   9.59662297e-01  -1.57234836e+00
   -1.18630634e-01   1.54289876e-01   1.83728869e-01  -8.43243002e-03
   -2.57916403e-01   1.88714840e+00   5.44119668e-01   2.27571616e+00
   -1.51154958e+00  -9.04717908e-01   3.86323760e-01  -1.08711811e-01
   -6.86696276e-02  -2.53513518e-01   2.92255932e-01  -1.28312032e+00
   -6.26073064e-02 
    5.19381655e-01   4.38584285e-01  -4.11771833e-01  -2.66176451e-01
    1.05406927e+00  -2.43445065e-01  -1.36084013e+00   8.83830166e-01
   -2.07739908e+00  -1.34032423e-01  -7.89041815e-01  -6.54927604e-03
    1.14692081e+00  -2.55081727e-01   1.48659237e+00   1.20262121e-01
   -1.19990002e-01  -1.04346702e+00   2.00965124e+00  -2.00306701e+00
   -1.35758391e+00   3.30964285e-01   5.41525118e-01   2.13011894e-02
   -1.36147914e+00   7.24988185e-01   6.77744379e-01  -4.33777120e+00
    1.32736082e+00  -1.75319645e+00   1.40111775e-01  -1.27417241e+00
    2.50952257e-01 
    8.57075183e-01  -6.51837043e-02   2.76222722e+00   1.04905240e+00
   -1.90329026e+00  -1.97938169e+00  -1.12873173e+00  -9.58827752e-01
    1.41821784e+00   1.08627564e+00   3.25225379e-01   5.68574335e-01
   -2.16757955e+00   7.81754831e-02  -4.28162362e-01  -1.24967376e+00
    2.24788558e+00   1.05867688e-01  -1.36100662e+00   1.24980174e+00
   -1.22232026e+00  -2.32057812e+00  -1.20258042e+00   1.37148498e+00
    1.20905378e+00   7.00602603e-01  -2.43632211e+00  -6.32907564e-01
    2.14013507e+00  -1.92896255e-01  -2.16637484e+00   9.77382388e-01
   -3.49403220e-01 
   -1.54678538e+00   2.45601372e-01  -1.50882074e+00  -1.04260465e+00
    1.79495723e+00   1.20526497e+00   1.21864404e+00   9.06096892e-02
    5.40842924e-01  -8.52627699e-01   2.81722347e+00  -2.03336722e+00
    3.54981854e-01  -8.84060674e-01  -3.30674639e+00   1.60411919e-01
    3.70018814e+00  -1.66846637e-01   7.76126037e-02  -2.19640477e+00
   -9.99077397e-01   5.60891390e-01   8.40303961e-01  -2.96752276e+00
    5.63734552e-01   5.10437962e-01  -1.61971046e-01   1.41205222e-01
   -3.16877392e-01   2.17556544e-01  -1.81164036e+00  -6.34935179e-01
   -2.53155981e-01 
   -1.96956067e+00  -1.22866717e+00  -2.37161640e+00  -6.60547386e-01
    8.08263044e-02  -3.91745607e-01   6.82838677e-04  -1.25534139e+00
   -2.79338145e-01  -3.00125719e+00   1.44569208e+00  -6.86159600e-01
   -1.81818574e-01  -2.47321498e+00   2.75041396e+00  -1.79149627e+00
   -2.30027205e-01  -1.55684352e+00   2.52839535e+00  -2.95739105e-01
    1.22859789e+00  -1.21549546e+00  -3.23234562e+00   1.99361070e+00
    1.97280159e+00   1.23578534e+00  -1.55411376e+00  -9.03506044e-02
   -3.80803049e-01  -1.73834878e-01  -1.26311232e+00   1.65461255e+00
   -2.75474652e-01 
   -1.45277433e+00  -2.16564686e-01   6.83967292e-01   3.39328883e-01
    1.05349365e+00  -7.25380686e-01  -4.28879777e-01  -3.50951462e+00
    1.15077354e+00   5.47212464e-02  -1.69342693e-01   3.90527867e-01
   -9.78144093e-01   1.98586399e+00  -8.95168637e-01  -2.06403937e+00
   -1.44655864e+00   6.88804623e-01  -1.37080219e-01  -2.49669328e+00
    4.53086640e+00   5.18534560e-01  -8.38269331e-02  -2.08999297e-02
    3.39630837e-01   5.40704590e-01  -1.33063350e+00  -1.67526194e+00
   -3.77207647e+00   7.68392656e-01  -1.66267843e-01   4.33611317e-01
   -1.05569479e-02 
    7.46029875e-01  -1.23211164e+00   2.25545138e-02  -9.60428881e-01
   -1.29900820e-01  -2.32589319e+00   1.18013529e+00   8.80128654e-01
    7.02955532e-01  -2.07170804e+00  -5.63400894e-01   2.67683094e+00
    3.04821097e+00  -1.65380059e+00  -1.09341427e+00  -3.88819700e+00
   -1.09156421e+00  -3.46740073e-02  -1.51017471e-01  -5.59768034e-01
   -8.73513985e-01  -2.16674200e-01  -2.14670101e-01  -6.61803876e-01
   -1.33888067e+00  -1.90714257e+00   9.94966485e-01   4.21478085e-01
    4.11877230e-01   2.92135531e+00   8.33240175e-01   3.41857220e-01
   -3.85477763e-01 
    1.22991121e-01  -7.20508944e-01   2.06215111e+00  -5.88489920e-01
    1.74005660e+00  -3.80128922e-02  -9.14532249e-01  -6.56481624e-02
   -2.58255067e-01   4.51704924e-01  -4.34951871e+00   1.63116920e-01
    9.27330297e-02  -1.94901915e+00  -4.65049320e-01   2.31073304e+00
   -2.28550609e+00  -5.31629179e-01  -2.29870103e+00  -3.21465171e-01
   -2.55134326e+00  -1.22826229e-01  -2.98989670e+00   3.23929949e-01
   -4.12990284e-01   3.52494214e+00   4.55683915e-01   6.32386341e-01
   -1.41315856e+00   7.42136953e-01   1.22557142e+00  -4.50670160e-02
   -9.63841497e-01 
   -2.05819545e+00   2.34269041e+00   1.18711788e+00   1.42463810e+00
   -2.02004587e+00  -2.36164732e-01   1.24217204e+00  -2.33210408e+00
    2.24249354e+00   3.14279965e-01   7.63637970e-01  -1.56666144e+00
    1.10788054e+00  -1.71568076e+00   2.00222183e+00   1.28877795e+00
   -8.34966689e-01  -2.39842222e+00  -3.14822575e-01   5.83324953e-01
   -1.52795500e+00  -1.74291776e+00   2.15933403e+00  -1.29450508e+00
   -1.93289071e+00  -3.79384015e-01   1.73294008e-02   5.04590500e-01
   -1.37504658e+00  -4.20679101e-02   1.57780081e+00  -1.85456032e+00
   -5.40278997e-01 
    1.08655227e+00  -9.31511182e-01  -8.62450250e-01  -1.39649099e+00
   -8.89823611e-02   1.83503226e-01  -9.62040184e-01  -2.49972357e+00
   -2.45698035e+00  -2.67794701e+00  -1.87080752e+00   1.79462074e+00
   -2.54935550e+00  -1.43666113e+00   2.06872132e-01   2.82220986e-01
    5.24999636e-01   6.88667206e-03  -2.17348239e+00   1.75899135e+00
    1.33411332e+00   1.25963495e+00   5.31779984e-01  -2.50106767e+00
    2.72641135e+00  -8.39359187e-01   2.10003512e+00   4.40204680e-01
    2.50510576e+00   4.39639235e-01  -2.59060212e-02  -1.85539335e+00
   -3.67724590e-01 
   -1.41967933e-01  -2.87231886e+00   3.76324627e-01   9.21889654e-01
   -5.89383371e-01   1.28244007e+00  -1.13607091e+00  -2.27712391e+00
   -1.77449063e+00  -1.30929983e-01   1.19938361e+00   5.73248764e-02
   -2.65076015e+00   1.78545980e+00  -3.48234589e-01   2.65649136e-01
    5.16971992e-01  -1.27097530e+00   1.03772524e+00   1.61887018e+00
   -7.68488927e-01  -1.37242126e+00  -1.39420284e+00  -2.79270729e+00
   -1.64069302e+00  -1.58687155e+00   3.51294528e+00   1.04632410e+00
   -1.15065346e+00  -3.44173111e-01   1.59014663e+00   2.55091014e+00
   -5.04722693e-01 
   -1.19578564e+00   4.34844501e+00  -1.35933655e+00  -2.58724494e+00
   -2.19562471e+00  -1.27805937e+00  -1.19358392e+00  -5.09518378e-02
    1.04295299e+00  -2.36799703e+00  -2.65328285e+00   3.16362134e-01
   -6.95010160e-01   1.31701099e+00  -2.56043468e-01   1.54581639e+00
   -8.05594419e-01  -6.42992218e-01  -5.09920854e-02  -9.24577478e-01
    6.90160715e-01   1.76413581e+00  -6.98179087e-01   8.93082214e-01
    5.52307563e-01  -1.74766205e+00  -1.55096086e+00  -4.15143346e-02
    1.05455472e+00  -9.16418796e-01   1.61581155e+00   1.22600743e+00
   -7.21449209e-01 
   -4.35735433e-01  -9.40673243e-01  -2.54573495e+00  -2.08279738e+00
   -2.09035958e+00   9.24933161e-01  -4.94675284e-02  -1.79498175e-01
   -6.87524959e-01   3.46506345e+00   3.01728040e-02   2.18490738e+00
   -9.97319693e-01   3.15645857e-01  -5.05370967e-01  -1.31027888e+00
   -8.83442247e-02  -1.13114925e+00  -4.46035660e-01  -1.47173445e+00
    3.08154554e-01  -3.77277773e-01  -8.95168319e-01  -7.28320624e-01
   -7.99914516e-02  -2.01971701e-01  -1.87719694e+00   4.46328995e-01
    1.56598628e+00  -1.25659455e+00   2.00854827e+00  -4.54599058e-01
   -2.43984612e-01 
   -2.74549610e-01  -8.06666375e-01   5.27085800e-01   1.93923933e+00
   -2.32894467e+00   1.28525851e+00  -2.32280166e-01   1.05305489e+00
    9.45268354e-01  -7.41168663e-01  -9.14986347e-01   6.92398571e-02
   -1.69226379e+00  -7.39379911e-01  -2.63329164e+00   2.08587781e+00
   -3.00493570e+00   4.12379125e-01   1.00392495e+00  -8.33968262e-01
    7.84554597e-01  -6.04366636e-01   1.42242975e+00   3.53524196e-01
    2.67402322e-01  -2.08103191e+00   9.30204318e-01  -1.33097433e+00
    3.15632047e-02  -1.11407924e+00  -8.96814793e-01   7.12695237e-01
   -5.33669248e-01 
   -5.76163155e-01   2.19487162e+00   3.56933629e-01  -1.07470392e+00
   -9.34162764e-01  -1.92792362e-01   9.67906246e-01   1.56477723e+00
   -1.04095652e+00   2.44193789e-01  -9.87418524e-01  -6.27602813e-01
    2.45865769e-01   4.08421966e-01   1.97982360e+00  -1.15580644e+00
    5.07616869e-01   2.98917913e-01  -1.32767924e+00   4.44339599e-01
   -7.13326483e-01   1.01299961e+00  -3.27780771e-01  -3.15964537e-01
    9.75024246e-01  -1.21647232e+00  -3.76685187e-01  -3.82396838e-01
   -2.49820652e+00  -1.33636971e-01  -1.84839851e+00  -2.88206824e+00
   -8.88466314e-01 
   -1.97865135e-01  -1.75361193e+00  -2.37322154e+00   1.94550970e+00
    1.35791983e+00   8.91768200e-01  -4.34527921e-01  -5.09561325e-01
    1.95896812e+00   1.23442792e+00   1.97204220e-01   4.59607957e-01
   -1.13286991e-01   2.59130236e-01  -1.03335006e+00  -5.44008201e-01
   -2.40298603e-01  -1.84097351e+00  -9.00779734e-01   1.64209844e+00
   -4.58458841e-01   7.40711883e-01   4.00922086e-01  -1.54240416e+00
   -5.11368153e-01  -1.54658880e+00  -1.63891070e+00  -6.12057953e-01
    1.11664207e+00  -5.26360198e-01  -8.98523971e-01  -6.44727822e-01
   -2.01483361e-01  