NN 16 32 16   -1.69978637e+00  -3.48658808e-01  -5.44707839e-01   1.43117273e-01
    1.38112111e-01  -2.62798463e-01  -2.38839889e-01   5.35149907e-02
    6.41591165e-01  -3.65959070e-01   2.02989854e-01   7.12158882e-01
    6.41046119e-01   2.00779708e-03  -3.14988549e-02   2.89683485e-01
   -2.54421132e-01 
    1.36923050e-01   1.39946903e-01   1.61588563e-01  -6.32890732e-01
    4.09396678e-01  -8.21047038e-02   4.27718646e-01  -6.90374374e-02
   -6.08836963e-01   2.34251951e-01   3.79229436e-01  -1.29137382e+00
   -3.22183237e-01   3.02645370e-01  -1.88798853e-01   1.93123116e-01
    4.43140012e-01 
    1.91403963e-01   5.85098138e-03  -1.21305792e+00   5.72103499e-01
    7.80084642e-01  -5.46179032e-01  -5.84440084e-01  -1.15466062e+00
    2.62673516e-01   8.52565228e-02  -4.17496487e-01   3.34030112e-01
    5.14507986e-01  -2.38128994e-01  -1.40911879e-01   2.71272993e-01
    4.55425624e-01 
    9.74344094e-01  -6.96310769e-01  -2.59071004e-01   5.67494462e-01
    1.59072123e-01  -5.74673351e-01   5.59404903e-01   1.98629041e-01
    4.93691879e-03   4.26928691e-01  -3.20901284e-01   7.55459494e-01
    3.52581326e-02  -4.95739574e-01   2.94440349e-01  -6.36492194e-01
   -4.42266566e-01 
    5.09122562e-02  -4.94389384e-01   9.10194617e-01  -5.65543079e-01
   -3.57715513e-01  -6.85576587e-01   1.69562059e-01  -4.26196155e-01
    9.79985391e-01   1.46972668e-01   1.85837843e-01   7.18753983e-01
    5.42591746e-01   2.85023794e-01   1.31962617e-01  -5.87832165e-01
   -4.30454806e-01 
   -2.71489167e-01  -6.52413945e-02   1.90350498e-01  -3.75609987e-01
   -4.47803368e-01   3.84923439e-01  -8.35733363e-02   3.91225021e-02
   -4.45152294e-01  -3.97863200e-01   1.20373758e-02   3.12842511e-01
   -4.44745226e-01  -4.31653849e-01  -5.20533542e-01  -8.75249493e-03
   -5.25361919e-01 
    7.16630847e-02   1.07624172e+00   8.89494707e-01  -6.27425073e-01
   -5.35970882e-01   2.49406600e-01  -6.26890862e-01   1.19339890e-01
   -2.11322597e-01   1.43775937e-01   1.52606526e-01   1.51282567e-01
   -2.67566969e-01   1.69218488e-01  -4.13732984e-01   4.45090059e-01
   -3.14601331e-01 
    4.36684675e-01  -4.96258324e-01   5.32136831e-01  -4.06913753e-01
   -1.37462151e-01   1.17810673e+00  -5.12848843e-01  -3.53607582e-01
    8.72460582e-01   6.86298702e-01   6.92523718e-01  -4.27213063e-01
    3.80198089e-02  -1.83459246e-01  -4.44384696e-01  -2.69876104e-01
   -5.87763477e-01 
   -4.72918145e-02   1.03374208e+00  -4.62686778e-01   1.08491541e-01
   -8.45120166e-02  -2.82163027e-01   2.77922076e-01  -4.48629329e-01
   -5.62932253e-01   8.14389402e-01   6.19941936e-01  -4.87398013e-01
   -2.98470387e-01  -1.55951353e-01  -7.66676128e-02  -9.35113271e-02
   -1.06606070e-01 
   -1.36064900e+00   4.57092558e-01  -8.23019265e-01   5.59545191e-01
    8.87160244e-01  -7.36499683e-02   1.25780342e+00  -3.00650708e-01
   -5.61430191e-01   4.75687395e-01   1.54227616e-01   5.92895624e-01
   -7.72963067e-01   5.69211477e-03   1.21429028e-01  -4.71880108e-01
   -7.36919641e-02 
   -3.50646479e-01   6.94425106e-01   1.59844599e-02  -1.01116066e+00
   -8.98752746e-01   1.61785916e-01   8.76421125e-02   1.50107592e+00
   -1.44982843e-01   3.10507548e-01  -1.13855729e-01   6.58790423e-01
   -2.48611976e-01   1.26415793e-01  -2.67033504e-02  -5.01104651e-02
   -4.38811716e-01 
    1.22984958e+00  -3.57697667e-01   5.09558347e-01   1.20209509e+00
    6.43675487e-01   1.76532718e-01  -8.02124566e-01   9.11847582e-03
    2.56388295e-01  -4.02043961e-01  -5.76399798e-01  -1.27800170e-01
   -5.75428207e-01   1.52158315e-02  -1.04198778e-01  -2.25649426e-01
   -7.49327829e-02 
    4.56384140e-01  -1.09790652e+00   8.19090315e-01  -8.74490442e-01
   -2.92975674e-01   1.52922451e-01  -1.53376238e+00   1.31967589e-02
    3.04195416e-01   2.86176529e-01   9.12693294e-01   7.44337309e-01
   -2.67847137e-01   3.96387863e-01   1.09597351e-01  -1.48279690e-01
   -3.13056929e-01 
    2.79538645e-01  -6.51266466e-01  -5.31189249e-01   2.36509698e-01
    1.31685771e+00  -9.73172254e-01   5.47220266e-01  -3.33794440e-02
    3.89820043e-01   3.86379755e-01  -6.78171673e-01  -7.21446858e-01
    1.34922882e-01   1.87965178e-01  -1.46891044e-01  -1.34266502e-01
   -1.50637863e-01 
   -5.41644963e-01  -9.70048771e-01  -4.80144594e-02   1.48009961e+00
   -1.04505882e+00   6.83694952e-01   7.49379007e-02   1.34988714e-01
   -8.02718473e-01   6.07494762e-01   7.19596621e-02  -4.58453783e-01
   -7.30976388e-03   2.55703160e-01  -4.93986083e-01   4.12653159e-01
    4.88954586e-01 
    6.73507972e-01  -2.56290152e-01   2.10347944e-01  -2.03631869e-02
    3.42809933e-01   2.30633420e-01   1.63485739e+00  -1.36278239e+00
   -6.90354221e-01   3.93071059e-01  -2.41408345e-01  -8.91976172e-01
    4.26774054e-01  -3.15618544e-01   8.03532483e-02  -2.83343417e-01
    3.46313030e-01 
    3.46751821e-01   7.55935745e-02  -1.39168601e+00  -1.70590000e+00
   -3.64372157e-02   2.93602725e-01  -6.97396153e-02   7.87315617e-01
    6.85001696e-01  -3.99191742e-01  -3.16716775e-01   3.37278527e-01
    3.04160681e-01   5.12072662e-01  -3.99332900e-01   2.14836071e-01
   -1.33121081e-01 
   -3.24914455e-01  -1.29147135e-01   9.20410724e-02  -2.60081355e-01
    6.16070705e-01  -5.14971293e-01   1.20590569e-01   1.42035758e-01
    6.60293056e-01  -2.97135489e-01   1.96035888e-01  -2.33860272e-02
    1.25737720e-01   1.58717550e-01   1.86448423e-01   1.90604773e-01
   -1.69328850e-01 
   -9.02742175e-04  -1.11833136e+00   4.90442934e-01  -9.04802676e-01
   -1.32858281e+00   4.73969996e-01   3.30014547e-01   7.32567020e-01
    3.91100699e-01   7.90647400e-01  -1.57241618e-02  -3.20560421e-01
    6.59652224e-02  -9.25283317e-02   2.73693080e-01  -5.11476852e-02
    9.92017223e-02 
   -8.60166697e-01   4.45055177e-01  -6.53820835e-01   1.08132772e+00
    4.74017007e-02   1.14892338e+00  -7.35222601e-01  -2.65691557e-01
   -2.76855317e-01  -5.56658792e-01  -8.59922420e-01   2.47777992e-01
    4.55594170e-01   1.60382332e-02   6.94188457e-02  -1.19446689e-02
    2.24163429e-01 
    6.74008207e-01   1.07264850e+00   7.72124374e-01   4.49061483e-01
   -7.22018311e-01  -1.77435411e+00   5.98610427e-01   1.47351841e+00
    1.11327701e-01  -2.31560059e-01   4.58764638e-01  -3.59566648e-01
   -5.62535866e-01  -2.02559094e-01   1.25129255e-01  -4.03735524e-01
   -3.28632037e-01 
   -1.34027470e+00  -3.29066330e-02   6.42482911e-01  -7.13176855e-01
    5.33293303e-01  -5.24393014e-01   2.63969771e-01  -6.77293029e-02
    5.99138047e-01  -5.76875261e-01   4.30865520e-01  -6.58569159e-01
    2.80339543e-02   2.28835412e-02  -2.13547169e-02   1.93947336e-01
    6.17902623e-01 
   -4.07038375e-01  -9.32478609e-02   5.35649084e-01  -5.20997606e-01
    1.29431182e+00  -5.71248201e-01   4.67019407e-01   1.07361897e+00
   -5.92784866e-01  -6.92377371e-01   8.90165369e-02  -7.05560136e-02
    6.13956102e-02   2.24327069e-01  -2.68749990e-01   4.41253643e-02
   -2.77488045e-01 
   -9.51834622e-01  -1.95607539e-01  -6.54739780e-01   1.00191234e+00
   -1.14793824e+00   1.14298231e-01   3.36358851e-01  -4.80867712e-01
    9.31237434e-01   1.02062089e+00   9.56306065e-01  -2.49671906e-01
    1.48004872e-02  -3.86287718e-01   5.29213327e-01  -2.89319911e-01
   -2.47722222e-01 
    1.36254846e+00   1.27019430e+00  -6.00665945e-01  -1.63842284e-01
   -3.04499169e-01   6.30974859e-02   5.69196143e-01   2.07930428e-01
    1.36822815e-01  -6.74439615e-01   5.92099501e-01  -5.11344587e-01
    3.19396730e-02  -3.57484437e-01  -2.14393226e-01  -2.58932698e-01
   -2.51754905e-01 
    2.15285286e-01  -1.49016589e-01  -1.12823927e+00  -3.62868203e-01
   -7.61206562e-01  -1.86913893e-01   4.33502833e-01  -9.90583715e-01
    3.59401919e-01   3.61371125e-01   8.07508427e-01   5.80139905e-01
    1.61607688e-01   2.04589719e-01   1.98022372e-01  -1.22640295e-01
   -3.37387270e-01 
   -2.73669474e-01  -6.61374623e-01   8.85714650e-01  -2.55119347e-01
    9.56837097e-01   5.56905639e-01  -5.40443464e-01  -4.81400646e-01
   -1.12541752e-01  -5.29587204e-01  -1.01553264e+00   4.16827251e-01
    4.27883108e-01  -1.61401076e-01   1.44689763e-01   5.55316155e-01
   -2.24545841e-01 
   -5.32693886e-02   1.53024649e+00   8.37116526e-01   9.84819547e-02
   -6.67606695e-02   8.64843546e-01  -5.78871000e-01  -5.73832872e-01
   -7.14385725e-01   6.70593065e-02  -2.59077900e-01  -4.27025498e-01
   -4.99193030e-01   2.63874963e-01  -4.21370609e-02   9.73546437e-02
   -2.46582154e-01 
    2.75183941e-01  -8.46954191e-01  -7.13101651e-01   2.45559935e-01
    8.65054806e-01   1.38652193e+00   8.18998414e-02   8.05716487e-01
    3.46067053e-01  -5.61135871e-01  -2.21812478e-01  -7.37324826e-01
   -2.57985420e-01   2.93805463e-01   3.12867736e-01  -5.81159459e-01
   -9.19075564e-02 
    1.22248578e-02   8.94535888e-01   4.70230457e-01  -5.39744107e-01
   -1.17603513e-01  -7.08764014e-01  -1.32415806e+00  -1.30184899e+00
    5.09766761e-01  -1.57174101e-01  -2.52134676e-02   1.74787634e-01
    2.91079087e-01   2.12834158e-01  -7.15880618e-02   2.97641044e-01
    4.34736494e-01 
   -7.42436965e-01   3.75121613e-01   1.68773944e+00   8.54727181e-01
    2.66560858e-01   5.10692888e-01  -3.38613793e-02  -3.58370347e-01
   -8.80637015e-01   2.13413503e-01  -5.16181355e-01  -6.64820273e-01
   -4.73149549e-01   2.63692318e-01  -5.86676092e-02   4.07575851e-02
    1.11381163e-01 
    8.90011361e-01   6.45334207e-01  -6.19977509e-01  -1.62110621e-01
   -1.95024560e-01   2.38789851e-01  -7.21695530e-01  -6.91931612e-02
    5.08630761e-01   1.67953911e-01  -6.46247524e-01  -4.00937610e-01
    2.35856252e-01  -2.86370073e-01   5.16242346e-01  -2.24741470e-01
   -2.98974159e-01      1.80209792e+00  -1.41717303e-01  -1.43000033e-01  -1.36212258e+00
   -4.48863335e-02   2.64107575e-01  -2.60523226e-01  -6.35255367e-01
    2.57565802e-01   1.02454133e+00   1.84295562e-01  -1.63975417e+00
   -3.53531917e-01  -1.72060408e-01   3.70345543e-01  -8.60030070e-01
   -3.91003049e-01   4.21819130e-02   8.78033336e-02   6.03238519e-01
   -6.68617473e-01   1.64964533e+00   2.14741231e-01   1.06238684e+00
   -1.64989517e+00  -2.22455655e-01   2.33753483e-01  -2.65643442e-01
   -3.87943361e-01  -1.59543792e-01   5.92691484e-01  -1.20048644e+00
   -1.43954264e-01 
    5.75321355e-01   1.20076075e-01  -5.00376810e-02   5.86488244e-01
    6.71615781e-01  -2.22228868e-01  -1.06495070e+00   5.00751631e-01
   -1.04009214e+00  -6.98836689e-01  -9.37579017e-01   4.91602598e-01
    1.36974235e+00   6.64263805e-01   1.14252829e+00   5.08819488e-01
   -4.54478892e-01  -3.97419278e-01   1.33590585e+00  -7.07927297e-01
   -1.37447446e+00   2.09079271e-01   3.40833992e-02   6.66207828e-01
   -1.27253138e+00   9.74312062e-02   7.07799250e-01  -1.74239586e+00
    1.12467753e+00  -8.36872037e-01  -3.32024182e-01  -7.16065760e-01
    1.31770812e-01 
    8.27498228e-01   8.52668520e-02   1.44325112e+00   1.31365723e-01
   -1.03089895e+00  -2.44009772e-01  -9.27694555e-01  -6.42512108e-01
    5.45544835e-01   7.98059585e-01  -1.24684977e-01  -5.19059175e-01
   -7.16198343e-01   6.85053147e-01   5.93968263e-02  -3.93585418e-01
    1.63084785e+00  -3.98171226e-01  -4.77860841e-01   7.63245589e-01
   -1.05611974e+00  -6.42096041e-01  -5.10449110e-01   9.29291171e-01
    5.50208066e-01   1.21515221e+00  -9.42792227e-01  -1.06525579e+00
    9.30407754e-01  -4.01239965e-01  -1.83239318e+00   6.48468000e-01
   -4.29053338e-01 
   -2.00256208e-01   6.46011983e-01  -5.60505134e-01  -6.06634771e-01
    3.99211100e-01   4.84875331e-01   4.87671612e-01   1.78637611e-01
    1.84254077e-01  -9.51753553e-01   8.27260135e-01  -1.42674084e+00
    1.03350524e+00  -1.98788003e-01  -1.59412176e+00   9.79783028e-02
    1.86784919e+00  -3.88496744e-01   1.07188381e+00  -1.33116508e+00
   -8.78117120e-01   7.87363754e-01   5.07821556e-01  -1.18075468e+00
   -6.53049708e-02   3.38660501e-01   2.77301315e-01  -3.11767079e-01
   -3.48003746e-01   4.67458139e-01  -1.24993913e+00  -9.29818836e-02
   -7.78963392e-02 
   -1.28214777e-01  -2.88764484e-01  -7.53476464e-01  -2.01143370e-01
    1.74294503e-02  -1.10822785e-01   5.67135285e-01   4.51528808e-02
    1.52586726e-01  -1.16097005e+00   7.79272621e-01  -5.35571048e-01
    2.49102605e-01  -1.40722609e+00   1.28260153e+00  -5.03194790e-01
    6.65225869e-02  -7.77953401e-01   1.37081843e+00  -1.74876597e-01
    1.03845158e+00  -3.54152889e-01  -1.46396130e+00   1.33965258e+00
    4.93693633e-01   7.94913131e-01  -9.32604043e-01  -1.45953077e-01
   -1.04720778e+00  -1.72423567e-01  -2.40848304e-01   7.75070409e-02
    4.44676597e-02 
    4.46233531e-01   1.36624425e-01   5.35956428e-01   6.24291721e-01
    6.40569898e-01  -2.09104463e-02  -8.90608435e-02  -1.33083351e+00
    2.63438959e-01  -4.03633662e-02  -2.55019202e-01  -1.30287186e-01
   -1.36300529e-02   1.09641709e+00  -8.66437292e-01  -2.70392856e-01
   -2.44612622e-01   1.44863299e-01  -2.77272748e-01  -1.43052084e+00
    2.22953316e+00   5.88218592e-01   8.52589152e-01  -1.03047308e-01
   -1.86833511e-03   6.09604309e-02  -6.69985622e-01  -1.15792835e+00
   -1.38507932e+00   8.73494076e-01  -7.17623689e-01  -2.89145564e-01
    3.46474405e-01 
    1.63243599e-01  -4.07454530e-01   8.62717195e-01  -6.85944693e-01
   -2.84809761e-01  -4.40754154e-01   7.70050028e-01   2.91789250e-01
   -2.67338661e-01  -1.72039492e+00  -1.28545280e-01   9.13069013e-01
    1.66240282e+00  -7.18062701e-01  -1.93923911e-01  -1.79525787e+00
   -7.58779773e-02  -3.76018090e-01  -2.80253519e-01   6.90979045e-01
   -6.80569919e-01  -9.20349870e-02  -7.09190875e-01  -3.54475703e-01
   -6.84161773e-01  -7.31454714e-01   7.06831232e-01   5.70660211e-01
   -3.27620699e-01   1.49418324e+00  -9.78104780e-03   7.19840557e-01
   -1.69184811e-02 
    5.30336714e-02  -3.75073262e-02   1.30223983e+00  -3.56074062e-01
    3.09410581e-01   2.17971917e-01  -1.89678248e-01   3.06615673e-01
    5.55377439e-01  -1.83828949e-02  -1.72247151e+00  -2.55586605e-01
   -1.88538329e-01  -5.22907508e-02  -3.82842412e-01   1.48573886e+00
   -9.21236448e-01  -4.86637378e-01  -6.75452278e-01   1.82610817e-01
   -1.67415790e+00   2.65235830e-01  -1.35167030e+00   6.02698743e-01
   -3.17306876e-01   1.14908294e+00   3.77317751e-01   5.64341823e-01
   -1.05944747e+00   1.47067205e+00   2.34814962e-01   2.30604348e-03
    1.35630138e-01 
   -5.33249577e-01   6.49232980e-01   2.44935998e-01   2.13140378e-01
   -8.20705673e-01   3.17271741e-02   5.15411284e-01  -9.16929401e-01
    6.23772349e-01   3.02944842e-01  -6.78048246e-02  -2.28278509e-01
   -1.23806134e-01  -3.40399583e-01   1.03137456e+00   1.26135304e+00
   -8.10486280e-01  -5.76396714e-01  -5.62521354e-02   5.37312123e-01
   -4.68143119e-01  -4.75704326e-01   6.18603422e-01  -8.88492295e-01
   -4.92830782e-01  -5.36240770e-01   3.23803632e-01   6.83112713e-01
   -8.25730814e-02  -1.33352664e-01   9.87093774e-01  -4.98720389e-01
   -3.25776840e-01 
    2.73015169e-01   2.36380424e-02   2.42695210e-01  -3.45337727e-01
   -4.00661280e-01  -3.25896038e-01  -3.68428816e-01  -1.08171625e+00
   -4.68475061e-01  -7.62200026e-01  -8.27718817e-01   2.96851852e-01
   -7.69775217e-01  -5.89942493e-02  -3.04456559e-01   8.50420558e-03
    2.81394169e-01   2.81892429e-02  -1.00263617e+00   6.81842387e-01
    4.94222798e-01   5.43969020e-01   7.44880217e-01  -1.33071967e+00
    6.76794098e-01  -4.68942585e-01   6.44436542e-01  -2.31280623e-01
    7.81041319e-01   5.58455219e-02   5.37991207e-02  -3.16498112e-01
    3.17162977e-02 
   -2.73814797e-01  -6.71540419e-01   4.46086708e-01   2.53216952e-01
   -5.46344440e-01   3.80609918e-01  -6.45224321e-01  -9.62388928e-01
   -3.17484939e-01  -2.01037698e-01   4.45103300e-02   3.98980769e-01
   -9.94392335e-01   7.78246416e-01   7.84757852e-02  -7.63332698e-02
    2.51178404e-01  -3.15280258e-01  -2.84725358e-01   8.57056352e-01
   -5.64933730e-01  -2.79840838e-01  -1.60263873e-01  -1.11596683e+00
   -8.57079365e-01  -8.79679813e-01   1.28043403e+00   5.80376187e-02
   -9.69022124e-02  -4.19165138e-01   2.13305970e-01   5.17712814e-01
    9.01880674e-03 
   -8.71947577e-01   1.36693048e+00  -3.80371852e-01  -8.97649286e-01
   -6.73927147e-01  -1.63481624e-01  -3.96688075e-01   5.99998054e-02
    5.28713324e-01  -7.99853790e-01  -1.17599966e+00   3.68007913e-02
   -5.60658879e-01   7.49801006e-01   1.76615268e-01   1.04144423e+00
   -3.43242355e-01  -4.49181620e-01  -1.33647495e-01  -1.24410529e-01
    4.67860907e-01   7.83712139e-01  -8.22972432e-02   1.66077163e-01
    6.47880953e-01  -1.06425206e+00  -1.18647742e-01   1.31754909e-02
    2.27659797e-01  -3.82342639e-01   5.85527616e-01   4.19060994e-01
    6.06542623e-02 
   -4.33282229e-01   1.64975423e-01  -8.72270489e-01  -9.63476428e-01
   -1.20095503e+00   1.13832184e-01   5.04680815e-02  -2.27000969e-01
    4.56365554e-01   4.03682211e-01  -6.25756181e-01   1.17673614e-01
   -8.38340071e-01   2.26125125e-02   3.62130739e-02  -5.17382213e-03
   -4.22536909e-01  -7.80971713e-01  -9.03927669e-02  -5.19524213e-01
   -1.63447674e-02  -4.23344477e-01  -1.24557948e-01  -3.89117461e-01
    7.55022599e-02  -3.97101586e-01  -8.55511041e-01  -2.98641357e-01
    1.15288433e-01  -4.17795318e-01   4.18397245e-01  -2.59156480e-01
   -2.37451987e-01 
   -8.65916930e-02  -2.08700950e-02   1.70724416e-01   1.13801418e-01
   -8.42199171e-01   3.78299613e-01   4.89686543e-02  -1.75196942e-01
    5.02373014e-01  -2.91295911e-02  -5.95274100e-01  -1.95905371e-01
   -8.05410781e-01  -2.14780574e-01  -5.54953977e-01   5.25258917e-01
   -7.35552665e-01  -3.56661148e-01   2.47206227e-01  -2.80122744e-01
    7.78155140e-03  -4.23371426e-01   1.69979269e-01  -1.03736515e-01
   -3.19626821e-01  -5.37401389e-01   5.80554021e-02  -3.11540347e-01
    6.14155272e-02   5.48782692e-02  -9.26616930e-02  -1.72395822e-01
   -2.41476105e-01 
   -5.95754317e-01   7.63188047e-02  -2.03621350e-01  -2.50874368e-01
   -4.10079747e-01  -2.63639784e-01  -9.78269964e-04  -1.73315344e-02
   -2.40669334e-01   1.40232374e-01  -7.71581356e-01  -4.68870099e-01
   -1.09272458e-01  -6.27595326e-02   4.22127359e-02  -4.72052533e-01
   -3.31705140e-01  -1.28108942e-01  -3.70338173e-01   9.08621285e-02
    1.07235187e-01   1.20535248e-01  -7.43343980e-01   1.62019861e-01
   -9.58220244e-03  -4.20442376e-01  -9.20213050e-02  -3.37367015e-01
   -3.97393717e-01   9.19963585e-02  -7.12191492e-01  -5.36391587e-01
   -8.33590582e-01 
   -3.29964471e-02  -2.42867072e-01  -4.97815885e-01  -3.60364813e-01
   -1.44877426e-01   3.08738715e-01  -1.26454715e-01  -2.78317852e-01
    2.81537608e-01  -1.44416781e-01  -7.49571916e-01   2.21467868e-01
   -2.38889580e-01   9.91248587e-02   1.38913827e-01  -1.46519005e-01
   -5.51709381e-01  -6.21805456e-01  -2.97534983e-01   2.05840108e-01
   -5.35141681e-01   2.95673319e-01  -4.12966608e-01  -6.45096906e-01
   -4.54059439e-01  -8.39750181e-01  -7.09323116e-01  -5.44625684e-01
    9.71267817e-02   3.35697782e-02  -4.89243382e-01  -4.17194769e-01
   -4.23486980e-02  