NN 16 32 16  -3.5376082  -0.93434496 -0.12308752  0.70488099  2.27142778 -0.93611413
  -1.76513059 -1.99101723  2.93440709 -1.33412148 -0.1678007   0.2573449
   0.82751553 -0.18649026  0.27736092 -0.44081583 -0.79182974 
   0.72873333 -0.47210533 -0.47475229 -0.37173711  1.05216935 -0.44537898
   0.13496431  0.52594935 -2.35053312  0.72480067  1.98301705 -3.57033118
   0.6989191   0.67216263 -1.90277735  1.27008944  0.56467962 
  -0.80023779  0.06503691 -2.61006073  0.86523514  2.52800616 -1.83209774
  -0.48053035 -0.76994245 -0.90994057  0.54196872 -0.07168097  0.16854583
   1.43738792 -0.80909537 -0.22224776  1.86338514  0.12865093 
   1.57259378 -0.86991366 -1.28648553  0.93060958  0.08127734 -1.18238995
   0.92583934 -0.34678862 -1.35171347  0.75278239 -1.42990526  1.72959157
   1.68537713 -1.58275017  1.10738898 -1.82852952 -0.26114559 
  -0.35698788 -1.49757448  1.48999183 -0.94129528 -0.22634949 -0.6258326
   0.05041675 -1.84127079  1.1988097  -0.45444616  0.03368768  1.95396492
   1.65645148  2.11160183 -0.04371049 -1.39565677 -0.67153697 
  -0.45649663  1.26192241  1.73085649 -1.23275871  0.71658068  1.19170385
   1.81273374 -0.22007739 -0.07966987 -0.22719291 -1.83596825  0.48300002
  -0.74940087 -1.32080678 -0.34766836 -0.09277648  0.05831523 
   0.76262708  1.58549426  1.51806754 -1.83438479 -0.05705123  0.04689246
  -1.7551532   1.17932529 -0.57228786  0.55124319  0.80631312  0.4437509
  -0.12231774 -0.34823408 -1.2989563   0.86010493 -0.58262734 
   0.73318225 -1.28758651  1.13035257 -0.32560606  0.53397497  3.89022458
  -1.92545291 -0.08497461  2.25123375  2.22311683  0.54582031 -0.67776933
  -0.61525008 -2.45043898 -1.22991976 -0.03029379 -0.6065682  
   0.29641658  2.57290464 -0.98731536 -0.8815026   0.7895005  -1.2484348
  -1.06239454 -0.08192127 -1.60218706  2.26713543  1.29167458 -1.13432137
   0.7629197  -1.7018305   1.27681679 -1.46757901 -0.13352159 
  -1.47042308 -0.11042304 -0.83771485  1.35534686  1.70085903 -0.94087583
   1.18048377 -0.80992933 -0.91087076  1.10855351  0.36755964  1.76506416
  -2.60494131  0.4381582  -0.55831139 -1.32252026  0.25570508 
  -0.56849574  0.66099705  0.11622219 -2.76642787 -1.96482626 -1.36679505
   0.21359553  3.69687961 -1.23809775  0.62555447 -0.70185094  2.88876788
  -0.82369361 -0.26802835 -0.02807954  0.05638006 -0.56939098 
   2.68169986 -0.85071003  0.29777129  1.90132321  1.36982806 -0.62038289
  -1.24959474  0.6973391   0.23664536 -1.08428566  0.32274781 -0.51483242
  -2.88528269  0.34854201  0.90132027 -0.84115366 -0.17460882 
  -0.21233345 -1.82148585  1.22997785 -0.04750872 -0.09787475  0.43163202
  -3.4149404   0.1062806  -1.80022937  0.97602578  2.95203027  0.24523702
  -0.3661397   1.29211374 -0.57809423 -0.58895903 -1.16233353 
  -0.42501781  0.27807875 -0.65687695  0.0234233   2.11048327 -1.95986311
   0.87099048  0.62892544  0.99998912  1.55170304 -2.15532456 -1.62613293
  -0.96298317  0.36803338 -0.4158903  -0.11844644 -0.14859043 
   1.43877582 -1.86759413  0.51653717  2.7464959  -2.09244874  0.84387719
   0.42654972 -0.94215198 -1.60314012 -0.25324944 -0.43736301 -0.47611976
   0.71399623  2.24031218 -2.03535022 -0.19587601  0.51314005 
   1.30344444 -0.85899512 -0.27857848  0.06054232 -0.28310475 -0.20349635
   3.05812372 -2.83680421 -1.3946135  -0.85410689 -0.43034081 -0.90423488
   1.3311777  -1.8559199   0.79959395  0.41717266  0.47132862 
   1.31545095  0.78777759 -2.96031911 -3.93943747  0.89429246  0.01516389
   1.07412507  1.38971883  0.71174415  0.2086882  -0.9138784  -0.97956866
  -0.28838158  1.77654    -0.52430432  1.02981016  0.20401704 
  -1.42235016  0.29199539 -0.13769588  0.1611845   0.74866526 -1.33586058
   0.05887622  0.22689014  1.48069901 -0.82993358  1.08457648  0.05355981
   0.83790672 -0.92273998 -0.58163725  1.13819538 -0.58902608 
  -0.17954041 -2.17650746  2.07858641 -0.24342305 -2.30523688  0.27220744
  -0.25960153  1.55947508  0.2408184   1.6242714  -1.73291607 -0.41750567
   0.63226322 -1.2127086   0.56109096  0.59758466  0.07665937 
  -1.26969717  0.45668641 -0.90987509  2.02022537 -0.73671179  1.80132222
   0.96762279 -1.63810064 -0.21272971 -1.68177798 -0.71964637  0.68530918
   1.79448559  0.27289615 -0.18193785 -1.98404094  0.40350855 
  -0.04552878  2.57985996  1.0641146  -0.48965772 -0.22938084 -4.41791801
   1.28247541  3.32529306  1.41730973 -1.94011715  0.75912103 -0.04889534
  -0.52926557 -0.62788749  0.69604404 -0.20700607 -0.23259488 
  -2.48389268  0.84846677  1.88853295 -0.17158653  1.59404971 -0.8841194
  -0.91414383 -0.38807856  2.22607718 -1.16571267  0.21603797 -1.74149287
   0.58689245  0.55865795 -1.04382055 -0.34549573  0.68716983 
  -0.36128015 -0.45422371  0.47691401 -0.8790942   2.19544398 -1.25306163
   0.01777486  2.34363527 -2.55050067 -0.77125954  1.19047411  0.86512406
   0.55481009 -0.67053094 -0.34044207 -0.86167219 -0.26972899 
  -1.93193945  0.26954073 -1.28798257  2.12946534 -1.01658579  0.92245099
   0.83955542 -0.55160479  1.15274298  1.6177343   1.48686081 -1.81683368
   0.74164426 -1.31378834  0.53657326 -0.21607693 -0.6196986  
   1.66661379  1.55418835 -2.0336178  -0.76298953 -3.37906428 -1.07602955
   1.0081874   0.58016983  1.34949081 -2.29054771  1.94232214 -0.17193365
   0.41618749 -0.30290558 -0.77450688  0.0708977  -0.177628   
   1.67426449  0.13625492 -1.72106556 -0.15542159 -1.01606437 -0.5420143
   2.66981285 -2.98801656 -0.08746839 -0.35292079  0.24465488  0.88914334
  -0.2204696   1.22112577  0.76507696  0.92058321 -0.63851274 
  -0.69522657 -0.64551181  1.90638464 -0.32085533  1.51618588  1.82331534
  -3.00885435  0.25618128  0.27608108 -0.88678848 -2.99725905  0.1649
   1.69581789 -1.33283854 -0.03422679  2.84486723 -0.24890148 
  -0.9372218   2.53960578  1.39573355 -0.04083854 -1.2413035   1.99968021
  -0.45008208 -0.07826903 -1.00456845 -1.98132215 -0.26971648 -0.14659246
  -0.93014582  0.56313035 -0.05590444  0.72011136 -0.48791436 
  -0.31669613 -1.22087131 -1.04091278  0.23695711  0.09671788  2.40975226
  -0.75845696  0.75244913  0.35232864 -2.48191695  1.28648837 -0.29947298
  -1.38847591  0.07782689  2.89494724 -1.36853549  0.60520473 
  -0.20825062  2.07121771  0.36655381 -0.74888478  0.84507967 -1.51658371
  -2.26144055 -1.47851051 -0.46118868 -0.80757822 -0.17291561  0.9599336
   0.64079739  0.49797302  0.09769397  1.02165264 -0.01266024 
  -1.12660453  0.20294093  2.55409375  1.52229012  1.07928572  0.24426011
  -1.89055614 -1.09045557 -0.61025092  0.8541854  -1.80406973 -1.3399688
  -1.60722983  1.49697047  1.57385068  1.1552918   0.3356862  
   1.43111859  0.83441777 -1.03254124 -0.32895815 -0.80930367 -0.34169314
  -0.54869655 -0.45288761  1.63364824  1.46510745 -2.21859754 -1.85843523
  -0.49052668 -1.65294689  2.33196392  0.72187828 -0.55848645     3.38928668 -0.82051076  0.27774562 -2.03442601 -0.8399204   1.1465818
  -0.64938231 -0.91166047  0.60529634  0.90269597  0.3155436  -2.96253717
  -0.72606522  0.36707037  0.80530485 -1.67774692 -0.21697609  0.16705841
   0.23857373  0.23327387 -0.23638583  2.1170244   0.54120359  2.02129391
  -1.60883423 -0.95788586  0.4474431  -0.25604721 -0.10379784 -0.43039571
   0.32614793 -1.3889101  -0.16860628 
   0.69351317  0.49686279 -0.25763859 -0.15286222  0.94486297 -0.32237381
  -1.46890709  1.04183501 -2.24368855 -0.16923172 -0.98347277  0.05809986
   1.2485271  -0.25481342  1.58139066  0.10000384  0.05415213 -0.78932038
   1.97823965 -2.09207749 -1.48139162  0.29793559  0.44818803  0.13009137
  -1.35961464  0.60305426  0.7378111  -4.1297791   1.35824429 -1.75667371
  -0.03133303 -1.40083774  0.09785471 
   0.71570374  0.00768978  2.83266277  0.97897367 -1.8655973  -1.60859557
  -0.9772299  -0.89396785  1.44572175  1.08482248  0.31959779  0.49893561
  -2.31171269  0.04040779 -0.39475347 -1.26455096  2.12335006 -0.02287463
  -1.40001854  1.17565996 -1.39614781 -2.46204666 -1.23959109  1.24579175
   1.20498657  0.89280171 -2.23433972 -0.62653433  1.91184933 -0.32229742
  -2.30518015  0.89340054 -0.35888961 
  -1.3616615   0.46854167 -1.39839057 -0.91163337  1.73438736  1.43008503
   1.39411973  0.19000237  0.48014553 -0.88128382  2.58670089 -2.14293504
   0.52482164 -1.11601515 -3.22872672  0.07681309  3.71839694 -0.2289451
   0.22526849 -2.12210507 -0.99041994  0.5282397   0.84312971 -2.92899765
   0.45612183  0.55260012  0.07186968  0.26414342 -0.38175919  0.34578298
  -1.62416727 -0.58176878 -0.12061657 
  -1.72230728 -1.12795746 -2.27273586 -0.48407358  0.22540486 -0.31462117
   0.16193431 -1.12805823 -0.35137714 -2.84364799  1.31891936 -0.39590273
  -0.20633003 -2.39522177  2.67563197 -1.68845423 -0.20420731 -1.4794682
   2.58980099 -0.11228152  1.29340137 -1.37433877 -3.02846655  2.10746785
   1.95067201  1.44702292 -1.45257129 -0.22354817 -0.7917564  -0.35378315
  -1.14108078  1.46268161 -0.21397774 
  -1.09048627 -0.25634154  0.73377467  0.6996302   0.98697796 -0.6161534
  -0.3783275  -3.53218729  1.07222586  0.09798596 -0.07464545  0.35251536
  -0.73640838  1.915924   -0.96787644 -2.04338158 -1.22457052  0.53574199
  -0.09118447 -2.59868986  4.57370928  0.35761343  0.12335296 -0.05324348
   0.13139094  0.56690122 -1.36396703 -1.6107534  -3.60016232  0.84211526
  -0.24397742  0.21222069  0.06666084 
   0.67463713 -0.90596293  0.13014188 -1.09713787 -0.29594634 -2.04677859
   1.26506731  0.74208918  0.32669848 -2.07025518 -0.52959     2.59649699
   3.10534466 -1.57897807 -1.0716083  -3.85670186 -0.89098846  0.07636778
  -0.24983859 -0.34100895 -0.78840131 -0.30235607 -0.41523883 -0.6827716
  -1.42021938 -1.59969947  1.13435643  0.23412752  0.48409147  2.73071238
   0.69808655  0.37721516 -0.29752013 
   0.06802228 -0.71876412  2.02812863 -0.60916047  1.53802106 -0.20956435
  -0.93467468 -0.04000233 -0.22555535  0.42360803 -4.19724656  0.09307524
  -0.02411564 -1.52560778 -0.34051483  2.18796307 -2.36023433 -0.48390935
  -2.24966172 -0.38149364 -2.36616645 -0.18814128 -2.77120608  0.21009473
  -0.41571941  3.26915074  0.50577714  0.48809565 -1.58936685  0.8031178
   1.01767234 -0.15900479 -0.82140472 
  -2.00699947  2.26819337  1.12737513  1.32570168 -2.06019331 -0.33885143
   1.19810489 -2.29871899  2.14719589  0.32052707  0.68487973 -1.43057526
   1.15986036 -1.47886133  1.88647937  1.21860961 -0.83204339 -2.15688892
  -0.44845187  0.52678142 -1.37499412 -1.63276223  2.09337758 -1.34345055
  -1.76900713 -0.58433976  0.04033746  0.55319735 -1.25935892 -0.1156671
   1.47534799 -1.76797005 -0.54063353 
   0.83045143 -0.82100355 -0.86739421 -1.26277797 -0.12802622  0.25089877
  -0.89171375 -2.27630995 -2.36909304 -2.50961464 -1.81772677  1.66470533
  -2.46919409 -1.44486221  0.15112411  0.12161727  0.66647609 -0.04267809
  -2.10810644  1.73088981  1.24104358  1.13961145  0.6460509  -2.63655414
   2.62405662 -0.56188858  1.73135498  0.35655563  2.27762024  0.2888513
   0.03786361 -1.71715201 -0.24402671 
  -0.17889832 -2.67360617  0.31798637  0.79112677 -0.54689223  1.17399307
  -1.07266693 -2.24020582 -1.52890984 -0.04016419  1.12059127  0.1495415
  -2.63930614  1.80573882 -0.37054757  0.22036151  0.56104462 -1.17790799
   0.9467118   1.63562527 -0.76046994 -1.2088928  -1.30590499 -2.58046818
  -1.71916712 -1.61133065  3.30527194  1.01738728 -1.13340783 -0.3529172
   1.55515988  2.38889079 -0.40849797 
  -1.39860887  4.08588261 -1.2354874  -2.51256422 -2.03009214 -1.22415649
  -1.11712955  0.06162611  1.04247717 -2.25530344 -2.53830464  0.24827025
  -0.73858726  1.26707652 -0.05089523  1.58751938 -0.79323508 -0.50779532
  -0.05137831 -0.86283062  0.77775809  1.74991335 -0.57209157  0.88813608
   0.7552736  -1.67521815 -1.44845073 -0.09476555  0.95656718 -0.85183677
   1.4174587   1.07932212 -0.58827791 
  -0.44317924 -0.90807028 -2.49531918 -2.00667857 -2.01016784  0.86110427
   0.03615054 -0.22438652 -0.60431682  3.22570871  0.03235783  2.08517134
  -1.03452965  0.22718563 -0.4144277  -1.27326367 -0.08718983 -1.08341211
  -0.38947324 -1.35898926  0.37555924 -0.42066397 -0.88544247 -0.69175972
   0.034286   -0.17988093 -1.76275782  0.44257019  1.48360754 -1.18584908
   1.89362545 -0.43968811 -0.21314848 
  -0.31265911 -0.76342164  0.59452843  1.89371212 -2.21131329  1.20099699
  -0.17555949  0.95993183  0.94993217 -0.71540587 -0.82783475  0.0691468
  -1.64717393 -0.67358399 -2.46054797  1.94623404 -2.78907773  0.38412631
   1.00132577 -0.78110665  0.76998641 -0.63921436  1.36190591  0.3793415
   0.36244732 -1.98392535  0.93386469 -1.24711264  0.13094828 -1.01793647
  -0.83939839  0.73286008 -0.39944214 
  -0.59685335  1.96841808  0.29017145 -1.05791436 -0.93917395 -0.17352399
   0.92262747  1.41971688 -0.92209341  0.22445363 -0.91492249 -0.67089701
   0.20814519  0.43312716  1.80022956 -1.07760801  0.46906163  0.29616417
  -1.19152049  0.43936275 -0.60264557  0.98747681 -0.27640717 -0.25046798
   0.94265723 -1.21382475 -0.45845512 -0.33124149 -2.22024369 -0.11980545
  -1.72640069 -2.73785262 -0.83886446 
  -0.26825863 -1.65374036 -2.22317146  1.73520964  1.27562422  0.85829927
  -0.49615621 -0.52822982  1.73062358  1.19736487  0.12678586  0.40273365
  -0.21471505  0.24027946 -0.9973081  -0.3850176  -0.22357813 -1.69045341
  -0.8813084   1.53849494 -0.51654508  0.67541641  0.29555018 -1.46475475
  -0.53220892 -1.43822752 -1.60707185 -0.54103499  1.02841234 -0.54951003
  -0.8775133  -0.59071037 -0.21483805  