NN 16 32 16   -3.52598895e+00  -9.94832118e-01  -9.99031493e-02   6.78485401e-01
    2.29033193e+00  -9.58137735e-01  -1.70157790e+00  -2.04440169e+00
    2.92490139e+00  -1.30724149e+00  -1.75601814e-01   2.40617502e-01
    8.18057024e-01  -1.86142720e-01   2.67902416e-01  -4.50274331e-01
   -8.01288239e-01 
    7.31176460e-01  -4.70018422e-01  -4.56809368e-01  -3.75319727e-01
    1.04650832e+00  -4.52008371e-01   1.32004840e-01   5.34352058e-01
   -2.34760547e+00   7.31241078e-01   1.98960909e+00  -3.56370108e+00
    7.05594213e-01   6.83306314e-01  -1.89610224e+00   1.27676455e+00
    5.71354732e-01 
   -8.11814102e-01   7.59129726e-02  -2.55228167e+00   9.16006188e-01
    2.54468766e+00  -1.84563544e+00  -4.59341816e-01  -7.65886497e-01
   -8.83676310e-01   5.78513323e-01  -3.96862791e-02   1.96826412e-01
    1.46995492e+00  -7.76566398e-01  -1.89680766e-01   1.89595214e+00
    1.61217925e-01 
    1.55947619e+00  -8.56984753e-01  -1.27295650e+00   8.87503086e-01
    7.51379656e-02  -1.22849691e+00   8.89251335e-01  -3.75946651e-01
   -1.38898900e+00   7.14699932e-01  -1.46317475e+00   1.69289225e+00
    1.64930110e+00  -1.61997935e+00   1.07131295e+00  -1.86460554e+00
   -2.97221613e-01 
   -3.48657927e-01  -1.51296434e+00   1.49454123e+00  -9.69199256e-01
   -2.38153924e-01  -6.50283557e-01   2.44941073e-02  -1.87429494e+00
    1.16957457e+00  -4.85914496e-01  -4.40270307e-04   1.92491514e+00
    1.62698643e+00   2.09204208e+00  -7.31755493e-02  -1.42512182e+00
   -7.01002029e-01 
   -4.54041735e-01   1.24755261e+00   1.71225668e+00  -1.22814253e+00
    6.97180262e-01   1.19634487e+00   1.78997543e+00  -2.37147699e-01
   -1.03379369e-01  -2.47723542e-01  -1.85995863e+00   4.62030337e-01
   -7.72460730e-01  -1.34541449e+00  -3.70728220e-01  -1.15836331e-01
    3.52553758e-02 
    7.62815290e-01   1.54168494e+00   1.46076165e+00  -1.83269000e+00
   -9.76904350e-02   2.29680477e-02  -1.81827931e+00   1.15250061e+00
   -6.32772241e-01   5.08743033e-01   7.45292570e-01   3.84113000e-01
   -1.83179222e-01  -4.14132014e-01  -1.35981778e+00   7.99243453e-01
   -6.43488821e-01 
    7.64792388e-01  -1.31970415e+00   1.17866773e+00  -3.54688876e-01
    5.49289701e-01   3.84124282e+00  -1.89790774e+00  -1.27493107e-01
    2.24296477e+00   2.23581538e+00   5.38280730e-01  -6.86472713e-01
   -6.20492338e-01  -2.44248116e+00  -1.23516201e+00  -3.55360524e-02
   -6.11810456e-01 
    2.85355019e-01   2.57695946e+00  -1.00266133e+00  -8.50594802e-01
    7.92616249e-01  -1.24261323e+00  -1.06751653e+00  -6.26876985e-02
   -1.59840918e+00   2.26862076e+00   1.29602113e+00  -1.13007717e+00
    7.67292083e-01  -1.72701649e+00   1.28118918e+00  -1.46320662e+00
   -1.29149207e-01 
   -1.46568894e+00  -1.14022463e-01  -8.02651264e-01   1.39501969e+00
    1.72732020e+00  -9.22080245e-01   1.25156880e+00  -7.71037526e-01
   -8.47304750e-01   1.17586442e+00   4.34385782e-01   1.83257678e+00
   -2.53694313e+00   5.05361114e-01  -4.90313211e-01  -1.25452208e+00
    3.23703262e-01 
   -5.58455707e-01   6.39816294e-01   6.73502267e-02  -2.72416493e+00
   -2.00543567e+00  -1.32402424e+00   1.60519735e-01   3.73958153e+00
   -1.24675854e+00   5.95526119e-01  -7.08035686e-01   2.87956652e+00
   -8.33330618e-01  -2.89841042e-01  -3.77165460e-02   4.67430495e-02
   -5.79027985e-01 
    2.69928002e+00  -8.28824440e-01   3.21717363e-01   1.91471459e+00
    1.38611891e+00  -6.24547156e-01  -1.25800852e+00   7.06173342e-01
    2.62203228e-01  -1.05738366e+00   3.51234471e-01  -4.95053807e-01
   -2.85815211e+00   3.75043920e-01   9.28450854e-01  -8.14023072e-01
   -1.47478232e-01 
   -1.88683983e-01  -1.87705291e+00   1.26193873e+00  -6.97694675e-02
   -9.82412954e-02   3.67066887e-01  -3.39397798e+00   6.13317676e-02
   -1.81321789e+00   9.94605490e-01   2.93914845e+00   2.30768654e-01
   -3.78942287e-01   1.28123433e+00  -5.90896818e-01  -6.01761620e-01
   -1.17513612e+00 
   -4.44726565e-01   2.77684762e-01  -6.60982978e-01   1.29247743e-02
    2.09245339e+00  -1.96350440e+00   8.51693314e-01   6.41846395e-01
    9.87957091e-01   1.54135870e+00  -2.16237557e+00  -1.63938406e+00
   -9.74951019e-01   3.53475792e-01  -4.27858153e-01  -1.30414293e-01
   -1.60558275e-01 
    1.44412037e+00  -1.80411398e+00   5.39521137e-01   2.79438991e+00
   -2.05793662e+00   9.29267253e-01   4.75805651e-01  -8.77274213e-01
   -1.51908869e+00  -2.06447847e-01  -3.51597242e-01  -3.94530467e-01
    7.97521404e-01   2.32694976e+00  -1.95182504e+00  -1.12350830e-01
    5.96665231e-01 
    1.32001953e+00  -8.29650847e-01  -2.38234539e-01   6.14224890e-02
   -2.44072672e-01  -2.13458413e-01   3.08860045e+00  -2.83928208e+00
   -1.35924982e+00  -8.17373411e-01  -3.95565376e-01  -8.63574365e-01
    1.37140761e+00  -1.81511382e+00   8.39823858e-01   4.57402569e-01
    5.11558533e-01 
    1.29703216e+00   8.24114856e-01  -2.97837125e+00  -3.91261842e+00
    8.87078968e-01   2.22838410e-02   1.01269723e+00   1.42360395e+00
    7.17860325e-01   2.01754876e-01  -8.99197145e-01  -9.69522729e-01
   -2.82233483e-01   1.78266589e+00  -5.18156214e-01   1.03595826e+00
    2.10165142e-01 
   -1.42247110e+00   2.56234244e-01  -1.40518760e-01   1.51812083e-01
    7.41083181e-01  -1.36217587e+00   6.61799389e-02   1.91067363e-01
    1.45299951e+00  -8.51935935e-01   1.05751326e+00   2.26735996e-02
    8.11933737e-01  -9.49671649e-01  -6.07610235e-01   1.11222240e+00
   -6.14999065e-01 
   -1.63800762e-01  -2.18823541e+00   2.03258363e+00  -2.78736653e-01
   -2.32724858e+00   2.91001054e-01  -2.92388115e-01   1.56452016e+00
    2.27128924e-01   1.60276070e+00  -1.74964736e+00  -4.32178672e-01
    6.10020650e-01  -1.20652159e+00   5.38848385e-01   5.75342087e-01
    5.44167949e-02 
   -1.25814505e+00   4.71814047e-01  -9.11050258e-01   2.04942138e+00
   -7.03420293e-01   1.81798342e+00   1.02061221e+00  -1.61895035e+00
   -1.75786945e-01  -1.64758565e+00  -6.82466306e-01   7.14351231e-01
    1.83141117e+00   2.87512521e-01  -1.45012269e-01  -1.94711536e+00
    4.40434125e-01 
   -9.29689348e-02   2.58189296e+00   1.01685334e+00  -5.03961170e-01
   -2.69166199e-01  -4.41749910e+00   1.21159688e+00   3.33787010e+00
    1.36977888e+00  -1.99481351e+00   7.12608348e-01  -9.77130796e-02
   -5.77187445e-01  -6.78010135e-01   6.48122167e-01  -2.54927941e-01
   -2.80516749e-01 
   -2.48660409e+00   7.41602830e-01   1.88149223e+00  -2.33063629e-01
    1.57510472e+00  -9.76612295e-01  -9.09664689e-01  -5.17145449e-01
    2.11824711e+00  -1.22672200e+00   1.05336233e-01  -1.84679766e+00
    4.79716679e-01   4.55876201e-01  -1.15099633e+00  -4.52671510e-01
    5.79994056e-01 
   -3.75975794e-01  -4.85804662e-01   4.86514801e-01  -8.74986653e-01
    2.15905617e+00  -1.28673373e+00  -1.97868604e-02   2.32869997e+00
   -2.58743295e+00  -7.89664304e-01   1.15973084e+00   8.28731068e-01
    5.20166706e-01  -7.00524068e-01  -3.75085453e-01  -8.96315573e-01
   -3.04372373e-01 
   -1.96312490e+00   2.98779280e-01  -1.32413975e+00   2.11793282e+00
   -9.78216969e-01   9.12253831e-01   8.37552273e-01  -5.66022448e-01
    1.13595774e+00   1.57692818e+00   1.46035134e+00  -1.84777604e+00
    7.17740388e-01  -1.33745229e+00   5.12669391e-01  -2.39980801e-01
   -6.43602474e-01 
    1.65110072e+00   1.62691412e+00  -2.06737201e+00  -7.45755797e-01
   -3.37155541e+00  -1.05773089e+00   9.27413718e-01   6.31766463e-01
    1.35521907e+00  -2.29317978e+00   1.94593539e+00  -1.59970438e-01
    4.19798860e-01  -3.04321312e-01  -7.70895509e-01   7.45090665e-02
   -1.74016635e-01 
    1.66428681e+00   2.45138877e-01  -1.70943751e+00  -8.11139752e-02
   -1.00125204e+00  -4.34681783e-01   2.68196796e+00  -2.86732562e+00
    2.13641701e-02  -3.03110375e-01   3.46914968e-01   9.98106434e-01
   -1.12743668e-01   1.33600831e+00   8.72802901e-01   1.02830914e+00
   -5.30786801e-01 
   -6.60222429e-01  -7.32616566e-01   1.93991668e+00  -3.80464336e-01
    1.51232171e+00   1.75531541e+00  -2.97465970e+00   1.54189110e-01
    2.27037389e-01  -8.94634957e-01  -3.04294148e+00   1.17807470e-01
    1.65002625e+00  -1.36941883e+00  -8.00184355e-02   2.79907558e+00
   -2.94693130e-01 
   -9.34200671e-01   2.52822320e+00   1.37602530e+00  -4.52214845e-02
   -1.24459005e+00   1.99503404e+00  -4.62308278e-01  -9.55741185e-02
   -1.02408532e+00  -1.99868091e+00  -2.94580052e-01  -1.65299569e-01
   -9.49688234e-01   5.43078287e-01  -7.54468531e-02   7.00568944e-01
   -5.07456777e-01 
   -3.04662825e-01  -1.23366350e+00  -1.04726296e+00   2.25030782e-01
    9.64734882e-02   2.41279698e+00  -7.31806592e-01   7.65742768e-01
    3.54828993e-01  -2.46217559e+00   1.29291581e+00  -2.94276991e-01
   -1.38311503e+00   1.01190815e-01   2.90030813e+00  -1.36317461e+00
    6.10565612e-01 
   -2.09095492e-01   2.03784754e+00   3.58700587e-01  -7.65261685e-01
    8.29541113e-01  -1.55225307e+00  -2.28099919e+00  -1.50812450e+00
   -4.96125085e-01  -8.11545252e-01  -2.09087812e-01   9.24396922e-01
    6.06255786e-01   4.56159657e-01   6.31523665e-02   9.87111032e-01
   -4.72018504e-02 
   -1.09641438e+00   1.35669893e-01   2.58311326e+00   1.45923947e+00
    1.10698083e+00   1.84541327e-01  -1.81746330e+00  -1.19152332e+00
   -6.37704277e-01   8.64253919e-01  -1.83514557e+00  -1.36927295e+00
   -1.63435361e+00   1.46949423e+00   1.54672690e+00   1.12816801e+00
    3.08562419e-01 
    1.41579738e+00   8.98110394e-01  -1.05108954e+00  -2.77594688e-01
   -7.96350507e-01  -3.08292620e-01  -5.62161607e-01  -3.91791016e-01
    1.67852303e+00   1.49967602e+00  -2.17577682e+00  -1.81366837e+00
   -4.48153657e-01  -1.62488366e+00   2.37433695e+00   7.64251305e-01
   -5.16113421e-01      3.37066207e+00  -8.22458328e-01   2.73358099e-01  -2.01585563e+00
   -8.26705204e-01   1.15696392e+00  -7.23413379e-01  -8.79109448e-01
    5.64514106e-01   9.35005187e-01   2.57163286e-01  -2.97065885e+00
   -7.67251980e-01   3.59473797e-01   8.67034546e-01  -1.65547577e+00
   -2.36041547e-01   1.36457869e-01   2.60647814e-01   2.86566896e-01
   -3.39423059e-01   2.07376084e+00   5.13792927e-01   2.03793533e+00
   -1.64317027e+00  -9.05229953e-01   3.91863000e-01  -2.94524176e-01
   -8.18736599e-02  -4.82284553e-01   2.90734358e-01  -1.40663969e+00
   -1.79204044e-01 
    6.77985275e-01   5.13422356e-01  -2.72133921e-01  -1.81053664e-01
    1.02109738e+00  -2.95486687e-01  -1.42051302e+00   1.03266745e+00
   -2.26030323e+00  -1.84419904e-01  -9.33471331e-01   5.02013519e-02
    1.26227020e+00  -2.52288107e-01   1.58290361e+00   9.70488469e-02
    1.21231073e-01  -7.58496988e-01   2.01834111e+00  -2.11444496e+00
   -1.43185347e+00   3.42440200e-01   4.65712629e-01   1.21534173e-01
   -1.35147122e+00   6.45276243e-01   7.34663951e-01  -4.12730472e+00
    1.34692679e+00  -1.74047137e+00   3.49748254e-03  -1.41122928e+00
    1.38195675e-01 
    7.24990108e-01   1.11584968e-02   2.87671120e+00   9.67121602e-01
   -1.86586039e+00  -1.60698736e+00  -9.28940266e-01  -8.58515487e-01
    1.47879752e+00   1.08298711e+00   3.67508504e-01   4.94544758e-01
   -2.30532776e+00   4.78442388e-02  -3.76628197e-01  -1.26920116e+00
    2.14923556e+00   3.52747964e-02  -1.40292215e+00   1.23423318e+00
   -1.33729145e+00  -2.43285063e+00  -1.21694366e+00   1.30508910e+00
    1.24540616e+00   8.96345748e-01  -2.19208344e+00  -5.54790960e-01
    1.96857829e+00  -2.77747440e-01  -2.26892944e+00   9.01293995e-01
   -3.01050121e-01 
   -1.37905332e+00   4.48530940e-01  -1.43103164e+00  -9.12162210e-01
    1.70549204e+00   1.39637872e+00   1.39236316e+00   1.95662754e-01
    4.54932050e-01  -9.21974438e-01   2.58203695e+00  -2.15404240e+00
    5.40350397e-01  -1.14419767e+00  -3.21464214e+00   5.32219585e-02
    3.67980964e+00  -2.70042840e-01   2.31162712e-01  -2.14111260e+00
   -1.02205784e+00   4.97062996e-01   8.36063964e-01  -2.95566233e+00
    4.64609208e-01   5.11275223e-01   7.09631943e-02   2.52178359e-01
   -3.80843250e-01   3.09917027e-01  -1.64441995e+00  -5.82071879e-01
   -1.53443344e-01 
   -1.73576338e+00  -1.13999701e+00  -2.25490433e+00  -5.01370522e-01
    1.90635961e-01  -3.20973176e-01   1.96484409e-01  -1.08455451e+00
   -3.31594827e-01  -2.86688423e+00   1.36435004e+00  -4.07450883e-01
   -2.04954121e-01  -2.40049536e+00   2.65061261e+00  -1.72248241e+00
   -1.64814150e-01  -1.45691895e+00   2.55977397e+00  -6.11899913e-02
    1.30904343e+00  -1.38100112e+00  -3.03147938e+00   2.13887148e+00
    2.01141281e+00   1.42991435e+00  -1.40160164e+00  -1.47844176e-01
   -7.08659588e-01  -3.32887073e-01  -1.15067353e+00   1.47767589e+00
   -1.87641487e-01 
   -1.07351057e+00  -2.65537343e-01   7.24879604e-01   6.74925310e-01
    9.86639571e-01  -6.18626329e-01  -3.65339071e-01  -3.53256817e+00
    1.07079253e+00   9.13891021e-02  -6.25844231e-02   3.46594223e-01
   -7.21214647e-01   1.90546440e+00  -9.74710322e-01  -2.06938841e+00
   -1.23824151e+00   5.39055130e-01  -8.25674842e-02  -2.59160198e+00
    4.58573955e+00   3.74570183e-01   1.25539288e-01  -5.73394003e-02
    1.30922293e-01   5.53681670e-01  -1.34385379e+00  -1.59933719e+00
   -3.59382635e+00   8.52993637e-01  -2.32556010e-01   2.08034644e-01
    6.46339790e-02 
    6.65537968e-01  -9.09748942e-01   1.10617424e-01  -1.08891833e+00
   -2.99425992e-01  -2.05186099e+00   1.23378220e+00   7.37659138e-01
    3.18361718e-01  -2.06071321e+00  -5.58747285e-01   2.59958978e+00
    3.11746190e+00  -1.58826681e+00  -1.07816910e+00  -3.85635858e+00
   -9.22906528e-01   4.22332937e-02  -2.35310054e-01  -3.70910245e-01
   -8.33718409e-01  -3.27613985e-01  -4.42109341e-01  -7.03593233e-01
   -1.45239873e+00  -1.59663989e+00   1.10500610e+00   1.86638957e-01
    4.49606545e-01   2.70040633e+00   6.95243221e-01   3.77767294e-01
   -3.26916250e-01 
    9.00461661e-02  -7.07872294e-01   2.07768911e+00  -6.02429765e-01
    1.58926252e+00  -1.69222980e-01  -8.98118076e-01  -3.11030618e-02
   -1.86853130e-01   4.62879080e-01  -4.17931437e+00   1.05926642e-01
   -2.08004839e-02  -1.49185742e+00  -3.50559011e-01   2.19229479e+00
   -2.31632529e+00  -4.23751734e-01  -2.23594000e+00  -3.57634819e-01
   -2.30927365e+00  -1.46829456e-01  -2.75618877e+00   2.45876164e-01
   -4.18875523e-01   3.33127546e+00   5.31417553e-01   5.21058214e-01
   -1.58926440e+00   8.65078012e-01   1.06555720e+00  -1.51468521e-01
   -7.61125037e-01 
   -2.00676984e+00   2.26830338e+00   1.12807289e+00   1.32613834e+00
   -2.05954482e+00  -3.38739766e-01   1.19805031e+00  -2.29858511e+00
    2.14714294e+00   3.21000081e-01   6.85135409e-01  -1.43033189e+00
    1.15968697e+00  -1.47858817e+00   1.88672921e+00   1.21920769e+00
   -8.31483355e-01  -2.15607196e+00  -4.48112186e-01   5.26881802e-01
   -1.37428141e+00  -1.63244155e+00   2.09355753e+00  -1.34295273e+00
   -1.76872844e+00  -5.83761991e-01   4.02595162e-02   5.52888864e-01
   -1.25915494e+00  -1.15638711e-01   1.47560102e+00  -1.76775473e+00
   -5.39906839e-01 
    8.28311703e-01  -8.21845574e-01  -8.68463711e-01  -1.26286694e+00
   -1.28678761e-01   2.50004158e-01  -8.91535167e-01  -2.27600595e+00
   -2.36839295e+00  -2.51029330e+00  -1.81672975e+00   1.66300471e+00
   -2.46931456e+00  -1.44557106e+00   1.49991306e-01   1.21590027e-01
    6.66304900e-01  -4.42723801e-02  -2.10794690e+00   1.72919604e+00
    1.23982302e+00   1.13728577e+00   6.45473017e-01  -2.63685635e+00
    2.62491084e+00  -5.62040773e-01   1.72811966e+00   3.55621569e-01
    2.27543212e+00   2.88539641e-01   3.56986350e-02  -1.71663803e+00
   -2.45244515e-01 
   -1.82019159e-01  -2.67355554e+00   3.14301406e-01   7.89532828e-01
   -5.49549558e-01   1.17178148e+00  -1.07222997e+00  -2.24077081e+00
   -1.52870851e+00  -4.22779369e-02   1.12048487e+00   1.48156111e-01
   -2.63903300e+00   1.80395655e+00  -3.73256343e-01   2.19474051e-01
    5.58072446e-01  -1.18071800e+00   9.45855707e-01   1.63150982e+00
   -7.61507828e-01  -1.21030403e+00  -1.30690362e+00  -2.58299032e+00
   -1.71908176e+00  -1.61438191e+00   3.30123622e+00   1.01673680e+00
   -1.13756834e+00  -3.52715419e-01   1.55271545e+00   2.38860005e+00
   -4.12228491e-01 
   -1.39973564e+00   4.08058077e+00  -1.23545437e+00  -2.51235557e+00
   -2.03479015e+00  -1.22760318e+00  -1.11885404e+00   5.65091491e-02
    1.04274272e+00  -2.25506989e+00  -2.53764114e+00   2.44399506e-01
   -7.39443492e-01   1.26676716e+00  -5.51740471e-02   1.58282345e+00
   -7.97210150e-01  -5.11120654e-01  -5.27663276e-02  -8.65219874e-01
    7.75928498e-01   1.74399956e+00  -5.72642985e-01   8.86140531e-01
    7.54444831e-01  -1.67942455e+00  -1.45402779e+00  -9.73382581e-02
    9.50993613e-01  -8.53168292e-01   1.41228324e+00   1.07866877e+00
   -5.93712804e-01 
   -4.43002293e-01  -9.07857856e-01  -2.49492760e+00  -2.00654370e+00
   -2.00917385e+00   8.61662797e-01   3.69326525e-02  -2.23469791e-01
   -6.04050702e-01   3.22600253e+00   3.32124112e-02   2.08531692e+00
   -1.03423094e+00   2.27294146e-01  -4.13808028e-01  -1.27312767e+00
   -8.64351688e-02  -1.08246970e+00  -3.88523225e-01  -1.35827464e+00
    3.76512442e-01  -4.20109187e-01  -8.85249869e-01  -6.90591920e-01
    3.49268830e-02  -1.78893966e-01  -1.76219084e+00   4.43343684e-01
    1.48449061e+00  -1.18548905e+00   1.89430308e+00  -4.39471782e-01
   -2.11766963e-01 
   -3.14216324e-01  -7.63854822e-01   5.92623346e-01   1.89184775e+00
   -2.21136832e+00   1.20079157e+00  -1.75268401e-01   9.59191488e-01
    9.48953083e-01  -7.17371351e-01  -8.28251115e-01   6.86872060e-02
   -1.64693296e+00  -6.75134506e-01  -2.46014128e+00   1.94552866e+00
   -2.78910249e+00   3.82389876e-01   1.00057833e+00  -7.81245099e-01
    7.68207583e-01  -6.39625574e-01   1.36002817e+00   3.77638334e-01
    3.62695700e-01  -1.98483170e+00   9.33412014e-01  -1.24679556e+00
    1.30292910e-01  -1.01771300e+00  -8.39097749e-01   7.32485309e-01
   -4.00966906e-01 
   -5.95788574e-01   1.96957545e+00   2.92712201e-01  -1.05700632e+00
   -9.35490457e-01  -1.72670819e-01   9.24830394e-01   1.42329398e+00
   -9.20994101e-01   2.25976644e-01  -9.12800870e-01  -6.69951085e-01
    2.09759533e-01   4.33629909e-01   1.80377911e+00  -1.07659426e+00
    4.71584085e-01   2.99886638e-01  -1.18850998e+00   4.42889290e-01
   -5.99881152e-01   9.89531262e-01  -2.75781591e-01  -2.45773357e-01
    9.45230538e-01  -1.21000584e+00  -4.55919471e-01  -3.29129203e-01
   -2.21606581e+00  -1.17977853e-01  -1.72373213e+00  -2.73677316e+00
   -8.33340819e-01 
   -2.67707900e-01  -1.65339312e+00  -2.22197363e+00   1.73582534e+00
    1.27725609e+00   8.58948289e-01  -4.95579819e-01  -5.27069668e-01
    1.73133657e+00   1.19824684e+00   1.27344285e-01   4.02918177e-01
   -2.14521890e-01   2.40709617e-01  -9.96475242e-01  -3.84119482e-01
   -2.22147183e-01  -1.68919657e+00  -8.80568695e-01   1.53958138e+00
   -5.15762856e-01   6.75987289e-01   2.95876557e-01  -1.46306790e+00
   -5.31364501e-01  -1.43640430e+00  -1.60665055e+00  -5.40638433e-01
    1.02950251e+00  -5.48826502e-01  -8.76947122e-01  -5.90124128e-01
   -2.12850042e-01  