NN 16 32 16   -2.21582434e+00  -3.22260679e-01  -5.68064917e-01   5.49369069e-01
    4.88138801e-01  -2.73623140e-01  -4.38039445e-01  -2.69081671e-01
    1.25380386e+00  -8.06719003e-01   1.71207802e-01   8.06229525e-01
    4.57637261e-01   5.39263324e-02  -1.46183657e-01  -5.28051627e-02
   -4.71697156e-01 
    1.73787275e-01   5.51475827e-03  -2.62507575e-01  -7.92828558e-01
    5.13697404e-01  -1.48967879e-01  -1.52512402e-01   4.02722612e-01
   -1.39223997e+00   3.32805413e-01   1.17674484e+00  -2.09507529e+00
    2.35519301e-01   5.08859094e-01  -3.04181115e-01   3.57471383e-01
    4.94449914e-01 
   -5.16346576e-02   1.99626050e-01  -1.49713044e+00   8.86512725e-01
    1.24318361e+00  -9.15551739e-01  -7.21305019e-01  -1.35449847e+00
   -5.11490089e-01   2.97333690e-01   3.17914227e-02   2.26776654e-01
    1.31236937e+00  -6.02915365e-01  -3.98964023e-02   3.96069797e-01
    4.26381047e-01 
    1.18670711e+00  -6.12610427e-01  -3.56619990e-01   3.88207747e-01
   -3.50996399e-01  -9.01035552e-01   9.79130707e-01   2.44494459e-02
   -6.97439805e-01   6.71845578e-01  -3.84315973e-01   1.31438171e+00
    8.29225072e-01  -1.33459816e+00   3.68052178e-01  -7.32980127e-01
   -4.69623602e-01 
   -1.98364589e-01  -8.28085756e-01   9.31536216e-01  -6.13902383e-01
   -4.89869827e-01  -9.09564730e-01   4.29806367e-02  -1.08646801e+00
    1.22062724e+00   1.80454650e-01  -7.29336043e-02   1.09504037e+00
    8.90129217e-01   9.16505262e-01  -4.21769129e-02  -8.16836454e-01
   -6.06723955e-01 
   -8.56638472e-02   2.67386088e-01   4.69827482e-01  -3.98508840e-01
   -1.94360462e-01   6.74817468e-01   3.89030142e-01   2.26859577e-01
   -8.14760847e-02  -2.72927481e-01  -3.64645984e-01   5.90634414e-01
   -4.12303219e-01  -6.72203225e-01  -3.02589645e-01   2.25856118e-01
   -3.09195133e-01 
    1.47109285e-01   1.11674924e+00   9.25310010e-01  -1.01483435e+00
   -4.80875468e-01   8.97509975e-02  -1.15988319e+00   5.47687632e-01
   -5.76352825e-01   2.53939910e-01   3.79316334e-01   4.83509033e-01
   -2.88032525e-01  -1.17099155e-02  -5.41491967e-01   4.45288527e-01
   -3.86356876e-01 
    3.61237529e-01  -9.01523919e-01   7.36466796e-01  -2.27495799e-01
    5.97258366e-01   2.10503975e+00  -7.91032467e-01  -3.99626634e-01
    1.39222553e+00   1.38894758e+00   8.60472597e-01  -8.55294570e-01
   -2.83541142e-01  -8.15855473e-01  -6.45058640e-01  -4.14438632e-01
   -6.84793998e-01 
    3.78142647e-02   1.46848027e+00  -9.49186222e-01  -9.75377818e-02
    4.03411234e-01  -6.66413793e-01   2.13070096e-01  -2.81982562e-01
   -9.22015471e-01   1.34488623e+00   8.17158898e-01  -7.33698922e-01
    2.10711668e-02  -8.25852524e-01   7.06313669e-02  -1.21119835e-01
   -9.86259488e-02 
   -1.43431005e+00   6.59928808e-01  -8.78913646e-01   5.95766241e-01
    1.41028369e+00  -1.57553686e-01   1.32684413e+00  -4.38300143e-01
   -4.60565445e-01   1.15445669e+00  -6.77412660e-02   1.02750473e+00
   -1.49343621e+00  -1.12301734e-01  -1.49806039e-01  -6.77307494e-01
   -1.73179685e-01 
   -2.72501651e-01   8.33947253e-01  -9.33618395e-02  -1.74904008e+00
   -1.23644867e+00  -4.55487867e-01   2.32419238e-01   2.17460026e+00
   -3.96710460e-01   8.37278785e-01  -9.54530200e-01   1.13106806e+00
   -4.24329536e-01   1.85676723e-01  -1.07372348e-01  -4.38250040e-02
   -5.75191275e-01 
    1.43867446e+00  -9.43089524e-01   8.06693642e-01   1.46815255e+00
    7.15156454e-01   9.46239620e-02  -1.19160435e+00   1.34915580e-01
    5.54965248e-01  -4.03194122e-01  -5.83933496e-01  -1.49897483e-02
   -1.31411239e+00  -2.19832377e-02   1.12502435e-01  -4.19640615e-01
   -8.92932270e-02 
    2.94037793e-01  -1.39910067e+00   8.90247408e-01  -5.54367335e-01
    3.75530698e-01  -1.50176363e-02  -2.36329480e+00   2.83148943e-01
   -9.60368141e-01   8.30687736e-01   1.51491066e+00   4.41091130e-01
   -3.75063960e-02   7.29214289e-01  -1.23573978e-01  -3.79681913e-01
   -5.64988299e-01 
    4.34907530e-03  -1.65041619e-01  -7.25141739e-01   4.51159690e-01
    1.66094734e+00  -1.30065973e+00   6.44676309e-01   6.89287300e-02
    7.22005474e-01   1.20692942e+00  -1.46321177e+00  -1.32924121e+00
   -2.40959865e-02   3.12977543e-01  -4.94267751e-02  -5.07526994e-02
   -7.83126375e-02 
    1.44599794e-01  -1.72969345e+00  -1.04687433e-01   1.77507709e+00
   -1.56598647e+00   7.39955764e-01   5.06018867e-02  -1.76936155e-01
   -1.45278800e+00   2.97875732e-01   1.62023283e-01  -4.51036668e-01
    1.88678548e-01   1.25215535e+00  -5.73039527e-01   1.73335951e-01
    5.63047903e-01 
    8.24953445e-01  -7.40224875e-01   9.18031967e-02  -1.63359665e-01
   -2.02469885e-01   4.92461028e-01   2.02945438e+00  -1.88254713e+00
   -1.16729110e+00  -8.45147283e-02  -1.42383657e-01  -6.71340713e-01
    1.20146745e+00  -1.11564825e+00   1.26249904e-01  -1.35033961e-01
    3.15496665e-01 
    8.16783876e-01   5.59962099e-01  -1.84251582e+00  -2.40884284e+00
   -1.74325776e-01   3.84642619e-01   6.24561731e-01   9.56848499e-01
    4.27802450e-01  -5.38077056e-01  -7.59394264e-01   1.65763061e-01
   -1.52955592e-01   1.45634169e+00  -4.39667017e-01   3.09420746e-01
   -1.08470779e-01 
   -8.26931094e-01   8.23723404e-03   1.22510660e-01  -9.78489520e-02
    9.23492181e-01  -5.85474972e-01  -2.56668764e-01  -1.06355357e-02
    1.13731457e+00  -3.40569148e-01   4.91484548e-01  -1.41819206e-01
    2.92860616e-01  -2.23715614e-01  -1.09895302e-01   2.39087309e-02
   -3.55351090e-01 
    2.26450540e-01  -1.38580343e+00   8.51075204e-01  -8.64761799e-01
   -1.75119670e+00   6.49006659e-01   5.94352184e-01   1.10801485e+00
    4.82227225e-01   1.13809110e+00  -1.16444047e+00  -4.59237702e-01
    6.17925822e-02  -6.27178177e-01   3.21918563e-01   5.01521568e-02
    6.82297619e-02 
   -8.77961398e-01   3.55686325e-01  -1.04320307e+00   1.27521747e+00
   -1.99072864e-01   1.52113862e+00  -5.03601005e-01  -6.33784121e-01
   -1.21531949e-01  -1.24640268e+00  -6.27690893e-01   3.39361851e-01
    7.52129419e-01   4.42577988e-01   2.29325089e-02  -1.31416905e-01
    3.47644169e-01 
    4.51170155e-01   1.65025800e+00   8.38968932e-01   2.24394510e-01
   -1.08274502e+00  -2.39614641e+00   8.12214163e-01   1.88093658e+00
    7.13614383e-01  -7.56614850e-01   3.12593718e-01  -5.81951857e-01
   -7.59177176e-01  -2.63564172e-01   2.35554175e-01  -4.36513632e-01
   -2.65868407e-01 
   -1.90333390e+00   1.51520543e-01   9.14054682e-01  -4.67337148e-01
    8.49154828e-01  -4.78512298e-01  -1.93974399e-01  -3.29747315e-01
    1.20674599e+00  -9.83335838e-01   3.88553807e-01  -1.38837880e+00
    1.35116443e-01   5.02877515e-01  -3.48748516e-01   1.41553105e-01
    5.76245083e-01 
   -7.05702259e-01  -1.83349302e-01   5.46306703e-01  -8.27129684e-01
    1.44672085e+00  -1.02312932e+00  -2.86468468e-02   1.50100615e+00
   -1.34474735e+00  -7.05175160e-01   8.55341309e-01   3.09206534e-01
    5.18172236e-01  -3.55992184e-01  -3.14487130e-01  -2.67486066e-02
   -3.45188501e-01 
   -1.23719974e+00  -9.46798120e-02  -8.20865841e-01   1.54472163e+00
   -7.90785086e-01   3.08397822e-01   2.97561539e-01  -7.63378107e-01
    1.57539747e+00   1.36553275e+00   8.72091934e-01  -1.00205537e+00
   -9.81063611e-03  -6.32289757e-01   3.10207025e-01  -5.04862270e-01
   -3.86446229e-01 
    1.51781990e+00   1.14725757e+00  -1.05472210e+00  -3.76204274e-01
   -1.37623509e+00  -5.94193046e-02   9.15329475e-01   7.23717751e-02
    4.60355922e-01  -1.88572004e+00   1.33429552e+00  -5.37860637e-01
   -1.64371912e-01  -2.14191301e-01  -2.00894273e-01  -3.68970449e-01
   -2.96724261e-01 
    7.26423275e-01  -1.19532431e-01  -1.18339493e+00  -4.72388670e-01
   -9.54980509e-01  -4.38513661e-01   1.43081718e+00  -1.91957565e+00
    1.93952753e-02  -1.95983014e-01   9.26767685e-01   1.09206283e+00
    1.43514706e-01   7.27959638e-01   2.91862853e-01  -2.90083461e-01
   -4.94366901e-01 
   -4.48609380e-01  -8.71413806e-01   1.48806490e+00  -2.78456033e-01
    9.68617258e-01   9.70811459e-01  -1.03841702e+00  -4.71527327e-01
    1.10052522e-01  -6.31280123e-01  -1.75510031e+00   6.39681708e-01
    9.41297572e-01  -4.68998118e-01   1.75448226e-01   9.13554787e-01
   -1.16277602e-01 
   -3.10772364e-01   1.76687523e+00   1.02489145e+00  -1.58952803e-02
    7.87127574e-02   1.31282495e+00  -8.32247788e-01  -5.78113169e-01
   -8.80517243e-01  -2.03603229e-02  -5.38779019e-01  -4.37569112e-01
   -6.41860811e-01   3.97799605e-01  -1.54264278e-01   1.66783922e-01
   -3.28195590e-01 
    3.66165617e-01  -1.20906234e+00  -5.80034235e-01   1.70733272e-01
    7.23855532e-01   2.09078396e+00  -3.33628425e-01   8.02945043e-01
    5.06444661e-01  -1.11943759e+00   5.92548063e-01  -4.29952412e-01
   -8.04450773e-01   2.22663594e-01   5.69138265e-01  -7.33269755e-01
   -2.11889103e-02 
   -1.20381829e-01   9.80329982e-01   4.53035528e-01  -4.90872379e-01
    2.93108470e-01  -9.20792032e-01  -1.85560660e+00  -1.52978862e+00
    2.98007402e-01  -2.25887763e-01   1.40427145e-01   2.78851733e-01
    5.90877228e-01   3.22333032e-01  -1.29438666e-01   3.78998074e-01
    3.56456823e-01 
   -1.09643659e+00  -2.26172425e-03   2.14268138e+00   1.11435841e+00
    3.99083904e-01   3.91054706e-01  -5.57434677e-01  -6.40449379e-01
   -4.17293853e-01   3.84176280e-01  -8.91436420e-01  -5.12128731e-01
   -7.76967412e-01   4.88956599e-01   2.22586911e-01   2.04123538e-01
    1.81653075e-01 
    1.22514516e+00   9.81811381e-01  -6.22781213e-01  -3.16826512e-01
   -4.54205390e-01   9.19623498e-02  -6.97258573e-01  -4.88325963e-02
    9.63197718e-01   7.94649435e-01  -1.38590846e+00  -9.28219044e-01
    3.06821731e-02  -6.37786808e-01   8.61701745e-01  -6.64597802e-02
   -2.94695697e-01      2.37982418e+00  -3.76221819e-01  -1.81337445e-01  -1.91255474e+00
   -2.22035471e-01   2.05102651e-01  -3.34620216e-01  -5.29480229e-01
    8.38056322e-02   1.25556183e+00   1.18024450e-01  -1.83889900e+00
   -7.42688172e-01   2.58031153e-01   1.77590329e-01  -1.38878028e+00
   -5.35220005e-01   4.07403853e-01  -2.34885882e-01   8.73908007e-01
   -6.57102849e-01   2.35508393e+00   3.38745740e-01   1.45095950e+00
   -2.25398454e+00  -8.33411797e-01   4.40212648e-01  -8.47734892e-02
   -3.00411311e-01  -4.93194639e-02   9.91694760e-01  -1.32525549e+00
   -2.39623354e-01 
    4.42892459e-01   6.41093887e-02  -3.16865098e-01   6.30372692e-01
    7.34019721e-01  -2.76348735e-01  -1.28560759e+00   7.09293005e-01
   -1.64620494e+00  -9.46965560e-01  -1.04290624e+00   6.12246138e-01
    1.78002572e+00   4.92462227e-01   1.74564677e+00   4.93620345e-01
   -6.33220206e-01  -6.36929465e-01   1.75530346e+00  -9.48688798e-01
   -1.79064358e+00  -1.98890980e-02  -8.50854980e-02   5.30577932e-01
   -1.84615087e+00  -1.87729787e-01   9.62834011e-01  -2.39084277e+00
    1.32866993e+00  -1.23403486e+00  -1.48245127e-01  -1.06235823e+00
   -1.79531207e-02 
    8.19126343e-01   4.15918284e-01   1.86357563e+00   1.77690716e-01
   -1.52628016e+00  -3.81262533e-01  -1.13986881e+00  -9.82928623e-01
    1.17331375e+00   1.18772575e+00  -9.85239980e-02  -7.97756943e-01
   -9.91641347e-01   7.64529215e-01   2.29808128e-02  -5.71626690e-01
    2.15709850e+00  -4.82900778e-01  -9.35186401e-01   7.75778381e-01
   -1.14219376e+00  -1.05577889e+00  -5.59192651e-01   1.10007981e+00
    1.00744063e+00   1.59425157e+00  -1.76841064e+00  -1.11030829e+00
    9.56300535e-01  -6.11256814e-01  -2.50979756e+00   7.25827002e-01
   -4.93399283e-01 
   -4.85935884e-01   8.39335220e-01  -1.05184441e+00  -8.84411987e-01
    5.13249073e-01   6.95630678e-01   9.45542447e-01   1.43578992e-01
    1.71333976e-01  -9.55563470e-01   1.55421139e+00  -1.94888555e+00
    9.14589852e-01  -4.28890135e-01  -2.26944223e+00   5.63190539e-03
    2.70146325e+00  -4.53960476e-01   1.31707998e+00  -1.52724181e+00
   -1.07921456e+00   8.49664347e-01   8.67150470e-01  -1.99462829e+00
   -2.01573537e-02   3.33221437e-01   4.54609696e-01  -1.17089399e-01
   -4.29617376e-01   3.96629563e-01  -1.48118777e+00  -8.47543699e-02
   -1.28872091e-01 
   -6.00920788e-01  -7.23399798e-01  -1.33489722e+00   1.68615171e-01
    1.46211474e-01   2.78622255e-02   4.37396058e-01  -5.16255780e-01
   -4.03281516e-01  -1.92026002e+00   1.07057055e+00  -4.04400086e-01
   -4.08397957e-01  -1.95595192e+00   1.92812631e+00  -2.85550268e-01
    3.53940420e-01  -1.30744995e+00   2.26112344e+00  -2.79027981e-02
    1.62571670e+00  -8.32324972e-01  -2.18370373e+00   1.49117853e+00
    1.28667995e+00   1.38107866e+00  -1.21745015e+00  -3.70455705e-01
   -1.10669959e+00  -6.23035704e-01  -4.77384344e-01   3.94476002e-01
    4.65816192e-02 
    2.29318130e-01   9.19322771e-02   6.71938174e-01   7.86233615e-01
    6.95676886e-01  -2.75146653e-01  -1.50249106e-01  -2.39215229e+00
    6.12844636e-01   3.26469934e-02  -4.37517434e-03  -3.19775305e-01
   -2.46295993e-01   1.56148133e+00  -1.07765413e+00  -8.45643536e-01
   -7.14909452e-01   7.44822685e-02  -5.92445870e-01  -2.05503030e+00
    3.22934279e+00   5.07894891e-01   8.82239941e-01  -1.85219120e-01
   -3.66934725e-01  -1.24321866e-02  -1.24837415e+00  -1.30217369e+00
   -2.48732152e+00   8.99090528e-01  -6.42686890e-01  -2.47651784e-01
    5.21195114e-02 
    2.93491968e-01  -2.04880755e-01   9.58022931e-01  -1.15764910e+00
   -5.11324685e-01  -6.73030856e-01   1.06181609e+00   6.80919259e-01
   -2.68421685e-01  -2.17603287e+00  -2.94515211e-01   1.27772691e+00
    2.72428816e+00  -8.17698838e-01  -2.53797035e-01  -2.88727626e+00
   -5.89477097e-01  -1.89974754e-01  -5.97589529e-01   5.23956675e-01
   -9.38394577e-01  -2.94317145e-02  -4.85049398e-01  -3.80618488e-01
   -1.43802700e+00  -1.44126406e+00   7.60196487e-01   5.75374569e-01
   -2.28197908e-01   2.03676147e+00  -6.43915448e-02   7.02524749e-01
   -1.94092914e-01 
   -1.90080701e-02  -4.84090253e-01   1.64225152e+00  -4.34030944e-01
    6.92058719e-01   9.11724925e-02  -6.74898100e-01   2.87899781e-01
    3.06505629e-01   1.20114165e-02  -2.95468408e+00  -3.21541141e-01
   -5.42157248e-01  -3.15009363e-01  -5.06221617e-01   1.97033327e+00
   -1.48715044e+00  -5.79946890e-01  -1.48323103e+00   2.53455181e-01
   -2.29338687e+00   1.61602092e-01  -2.05346615e+00   3.33644567e-01
   -3.59555551e-01   1.73925566e+00   6.80294167e-01   5.41937316e-01
   -1.40750643e+00   1.60717685e+00   3.21661480e-01  -3.00055325e-01
   -2.11301225e-01 
   -1.05011688e+00   1.47738008e+00   7.58548343e-01   6.39477934e-01
   -1.45998664e+00   2.70342032e-03   7.81317057e-01  -1.81629702e+00
    1.19908082e+00   4.32150760e-02   1.36222565e-01  -1.12326188e+00
    6.76600517e-01  -1.04230437e+00   1.61335292e+00   1.47207554e+00
   -8.79860707e-01  -1.18522867e+00  -4.34211025e-01   4.85863627e-01
   -9.76889003e-01  -1.04158824e+00   1.53752485e+00  -1.55561428e+00
   -5.89180034e-01  -4.19483765e-01   3.20614417e-02   5.80175376e-01
   -6.23675258e-01  -1.76066044e-01   7.23551877e-01  -1.29232885e+00
   -3.92798166e-01 
    6.28202466e-01  -2.16356479e-01  -2.81684842e-01  -7.93734558e-01
   -1.71009754e-01  -1.19223173e-01  -4.85945610e-01  -1.79114324e+00
   -1.47347162e+00  -1.44775305e+00  -1.32887761e+00   6.77541034e-01
   -1.15763574e+00  -1.25603697e+00   2.58877852e-02  -1.67015498e-01
    6.38898942e-01   8.89178394e-02  -1.51169561e+00   1.33615465e+00
    8.52345073e-01   9.40193704e-01   8.78253755e-01  -1.86527724e+00
    1.99605352e+00  -2.89173899e-02   7.79381934e-01  -2.65442807e-01
    1.48037327e+00   9.24133714e-02  -9.83116595e-02  -1.08180600e+00
    1.23113335e-01 
   -7.54029798e-01  -1.28589336e+00   1.95904108e-01   4.27616137e-01
   -6.33852816e-01   5.18797038e-01  -6.21599687e-01  -1.82115846e+00
   -6.70516412e-01  -1.38261405e-01   7.98573060e-01   6.15818362e-01
   -2.14231809e+00   1.44671325e+00  -2.31363361e-01   1.53462645e-01
    7.54879811e-01  -7.77070431e-01   4.01180981e-01   1.23308607e+00
   -4.02009968e-01  -6.40179048e-01  -8.14156442e-01  -1.86109432e+00
   -1.34320767e+00  -1.36891673e+00   2.05752940e+00   5.66441766e-01
   -5.83376044e-01  -4.81441921e-01   7.69125166e-01   1.56098911e+00
   -4.59833351e-02 
   -1.27844606e+00   2.53445442e+00  -6.13386243e-01  -1.86790999e+00
   -1.35999243e+00  -4.43249275e-01  -6.99895115e-01   4.21722837e-01
    8.17810345e-01  -1.65193649e+00  -1.83182370e+00  -3.10665131e-02
   -7.22312970e-01   1.27761532e+00   3.94286040e-01   1.11754255e+00
   -5.60826864e-01  -4.57827170e-01  -2.30423006e-02  -3.68524084e-01
    5.91234295e-01   1.39014588e+00  -2.59854266e-01   4.64148434e-01
    8.40435731e-01  -1.66954951e+00  -6.78737431e-01   8.62881273e-02
    5.15021002e-01  -4.45155999e-01   6.71279706e-01   8.73843593e-01
   -1.76127255e-01 
   -4.92547509e-01  -3.24685878e-01  -1.75718877e+00  -1.14622089e+00
   -1.44569963e+00   4.04400949e-01   3.90067621e-01  -2.10983945e-01
    7.38100991e-02   1.47123218e+00   2.15259604e-02   1.17922080e+00
   -8.94823617e-01  -2.04617683e-02  -5.09542096e-02  -9.12193227e-01
   -3.17050855e-01  -8.32031025e-01  -1.37857140e-02  -6.16757896e-01
    4.65101122e-01  -5.79714392e-01  -3.49284597e-01  -5.85905673e-01
   -2.03423812e-01  -7.49534550e-01  -8.32287679e-01   2.65313365e-01
    7.94539209e-01  -8.49386174e-01   1.15216154e+00  -3.16487471e-01
   -1.60773627e-01 
   -2.79014174e-01  -5.73369018e-01   3.39586088e-01   9.94959085e-01
   -1.41413312e+00   6.50310397e-01  -2.88742893e-01   3.90697049e-01
    4.01117978e-01  -5.12040084e-01  -9.74946860e-01   2.15837828e-01
   -1.36927153e+00  -2.17264314e-01  -1.64403730e+00   1.11728991e+00
   -1.74500920e+00   7.27603728e-04   4.46720854e-01  -3.95813005e-01
    4.38924547e-01  -4.61706789e-01   6.70427719e-01  -2.26338918e-02
    2.52014124e-01  -1.53950519e+00   7.15781270e-01  -8.50003909e-01
    3.43812985e-01  -5.76344076e-01  -3.48076991e-01   3.52884738e-01
   -2.85445995e-01 
   -4.94418292e-01   6.97641873e-01  -1.00439150e-01  -6.86541177e-01
   -8.21323204e-01  -1.29027983e-01   2.30369442e-01   5.42353769e-01
   -4.04596116e-02   2.97760808e-01  -6.55950515e-01  -5.56711790e-01
   -2.80577908e-02   1.17856401e-01   4.34179730e-01  -4.92976804e-01
    1.58811902e-01   1.37810202e-03  -5.40061178e-01   5.41917257e-01
   -1.63931559e-01   5.27407850e-01  -2.94140753e-01   1.92424351e-01
    1.80243848e-01  -7.53368746e-01  -1.61536717e-01   4.41403916e-02
   -1.11657411e-01  -3.39483179e-02  -6.70723279e-01  -7.81763761e-01
   -6.28352006e-01 
   -1.80941727e-01  -4.51680250e-01  -5.65245440e-01  -2.89581480e-02
    6.75736443e-02   2.45200919e-01  -2.70010757e-01  -2.21102383e-01
    3.22923016e-01   7.27157541e-02  -6.63005450e-01   1.85979107e-01
   -4.52906415e-01   6.40534386e-02  -5.88340181e-02  -3.68557440e-02
   -1.99553946e-01  -6.40704917e-01  -4.00679305e-01   3.48218820e-01
   -4.83934265e-01   4.55817385e-02  -5.39336047e-01  -5.59840162e-01
   -7.16720097e-02  -5.93449827e-01  -9.75954503e-01  -6.62549741e-01
    2.81907958e-01  -7.62545307e-02  -8.55409978e-01  -1.69713044e-01
   -9.28295310e-02  