NN 16 32 16   -4.11310513e+00  -1.18473978e+00   2.15376233e-01   6.62761890e-01
    2.87316832e+00  -1.06069241e+00  -2.13157600e+00  -2.46471426e+00
    3.69564368e+00  -1.11427054e+00  -2.41013905e-01   1.87822691e-01
    9.71792194e-01  -1.29903151e-01   3.70413378e-01  -6.11050720e-01
   -8.82174768e-01 
    7.13898875e-01  -6.43975947e-01  -1.50658765e-01   2.41229876e-01
    8.63723850e-01  -1.31988551e-01   1.48951325e-01   5.29851713e-01
   -2.92817022e+00   7.67051389e-01   2.30099564e+00  -4.43843742e+00
    9.68846389e-01   7.04626312e-01  -2.39850586e+00   1.47640169e+00
    7.32700026e-01 
   -1.24518793e+00   2.16593047e-01  -2.44367359e+00   9.55159908e-01
    3.07705066e+00  -1.85732751e+00  -7.82541302e-01  -8.65607166e-01
   -8.50903775e-01   6.87735869e-01  -5.07542819e-01   3.91223590e-01
    1.53537689e+00  -5.86990754e-01  -1.79139086e-01   2.31212721e+00
    2.80229204e-01 
    1.73432811e+00  -6.66433274e-01  -1.49139105e+00   9.87931877e-01
    1.79309046e-01  -1.14137547e+00   8.08463919e-01  -4.73782043e-01
   -1.68826575e+00   8.69556238e-01  -1.70154805e+00   1.82458560e+00
    1.77090795e+00  -1.83513961e+00   1.26639652e+00  -2.13470128e+00
   -2.14497240e-01 
   -1.24068967e-01  -1.81359322e+00   1.63249125e+00  -1.47299586e+00
    6.54646345e-02  -6.55131079e-01  -3.56997642e-02  -2.16639216e+00
    1.30553439e+00  -5.21632901e-01   1.56623287e-01   2.19977105e+00
    1.59411685e+00   2.34962095e+00  -1.44477235e-01  -1.47341219e+00
   -6.53991673e-01 
   -4.14161209e-01   1.24057281e+00   2.08703459e+00  -1.31829703e+00
    8.18275238e-01   1.17745137e+00   2.44106827e+00  -5.07443243e-01
    8.26173167e-02  -1.67484743e-01  -2.27884881e+00   4.70626775e-01
   -8.47422783e-01  -1.40870818e+00  -3.90248456e-01   7.41302737e-02
    2.11782924e-01 
    1.25350392e+00   1.61848422e+00   1.62123247e+00  -2.11349951e+00
   -1.58282633e-02   3.60687120e-01  -2.28350673e+00   1.56882973e+00
   -5.87057879e-01   6.19884864e-01   8.43763130e-01  -8.30397732e-02
   -5.57558272e-02  -4.06527768e-01  -1.48000846e+00   8.21771537e-01
   -7.76245879e-01 
    8.15544967e-01  -1.53781536e+00   1.30924754e+00  -4.33188100e-01
    7.10150564e-01   4.51360929e+00  -2.47460585e+00  -1.29236452e-01
    2.75313022e+00   2.52247016e+00   4.53444881e-01  -3.06973382e-01
   -6.32530718e-01  -2.86876357e+00  -1.52640654e+00  -1.69600885e-01
   -6.97501227e-01 
    1.77833348e-01   2.95734521e+00  -6.21419854e-01  -1.11975351e+00
    6.75805450e-01  -1.32390089e+00  -1.41390716e+00  -3.09020933e-01
   -1.79353011e+00   2.40967462e+00   1.44847231e+00  -1.31613903e+00
    1.11584064e+00  -1.95433124e+00   1.53627407e+00  -1.82650141e+00
   -1.55844496e-01 
   -1.25455755e+00  -3.57568161e-01  -7.98701168e-01   1.31190140e+00
    1.79899843e+00  -7.63803427e-01   1.26026720e+00  -7.65389916e-01
   -1.12575698e+00   6.39232018e-01   1.06463070e+00   2.32758322e+00
   -3.22357679e+00   3.64042203e-01  -8.65031855e-01  -1.40201382e+00
    4.20259374e-01 
   -8.07030519e-01   5.00138519e-01   7.68363153e-02  -2.78012027e+00
   -2.65431101e+00  -1.50181803e+00   3.13939098e-01   4.77701213e+00
   -1.51768327e+00   5.66343639e-01  -5.70957158e-01   3.24208323e+00
   -1.24601917e+00  -3.91251190e-01  -4.11982489e-02   8.37352635e-02
   -5.90909862e-01 
    3.44436087e+00  -7.50846503e-01   1.65683613e-01   1.99281842e+00
    1.73654912e+00  -8.21972003e-01  -1.32031123e+00   6.69427488e-01
    3.41867281e-01  -1.36502653e+00   6.45529652e-01  -6.03198317e-01
   -3.07137781e+00   5.36846943e-01   1.17363439e+00  -1.22601990e+00
   -3.65154479e-01 
   -1.83264585e-01  -2.74510395e+00   1.66375297e+00   2.13780575e-01
    6.02269954e-03   3.21989973e-01  -3.67331883e+00  -6.64847122e-01
   -1.81488372e+00   1.21729266e+00   3.25265360e+00  -1.23223638e-02
   -4.77602728e-01   1.34067164e+00  -5.15217908e-01  -8.08360339e-01
   -1.35691862e+00 
   -7.18157257e-01   5.35898921e-01  -5.17780520e-01   5.59870732e-02
    2.56418490e+00  -2.22764421e+00   1.23934397e+00   1.00948371e+00
    1.08597551e+00   1.41695796e+00  -2.36055611e+00  -1.72869301e+00
   -1.33666713e+00   1.11510870e-01  -4.73840016e-01  -1.51689011e-01
   -1.81007997e-01 
    2.04790355e+00  -1.98612931e+00   7.43943955e-01   3.25977998e+00
   -2.41778666e+00   7.67547426e-01   4.46923843e-01  -9.58217849e-01
   -1.43668746e+00  -4.87087152e-02  -4.54453141e-01  -1.69804246e-01
    7.15790786e-01   2.50310784e+00  -2.26919690e+00  -1.59977090e-01
    6.30423799e-01 
    1.75525005e+00  -1.20468150e+00  -3.08857959e-01   1.86498473e-01
   -2.97044557e-01  -2.89101134e-01   3.26808110e+00  -3.01945309e+00
   -1.11497331e+00  -1.04845892e+00  -6.02771139e-01  -8.79268753e-01
    1.25219719e+00  -2.07594731e+00   9.92987164e-01   7.66432282e-01
    6.00033306e-01 
    1.63904395e+00   6.10881413e-01  -3.01652296e+00  -4.81918639e+00
    1.17943029e+00   3.04796364e-01   5.19014998e-01   1.60850903e+00
    6.81101871e-01   4.45615992e-01  -8.00621017e-01  -1.34278747e+00
   -3.98326004e-01   1.67668573e+00  -5.60248989e-01   1.29529681e+00
    3.26140679e-01 
   -1.72774692e+00   6.11190981e-01  -2.89677313e-01   3.48521086e-01
    6.32519583e-01  -2.14093306e+00   3.48754393e-01   2.22419833e-01
    1.56983902e+00  -8.88376424e-01   1.41670984e+00   3.98505092e-01
    8.64660207e-01  -1.18498546e+00  -8.35974476e-01   1.29144390e+00
   -7.87128257e-01 
   -6.37392658e-02  -2.57945186e+00   2.24913704e+00   1.94881091e-02
   -2.53144528e+00   2.83938906e-01  -3.86326351e-01   1.84626753e+00
   -9.22789119e-03   1.54186922e+00  -1.68854159e+00  -4.81932444e-01
    4.62606449e-01  -1.07933972e+00   6.49734335e-01   6.80920139e-01
    1.18266681e-01 
   -1.35720257e+00   5.06931227e-01  -8.47879254e-01   2.37175975e+00
   -8.97595692e-01   1.90592306e+00   1.43481851e+00  -1.91003346e+00
    1.24649379e-01  -1.81475447e+00  -3.82067143e-01   6.75795711e-01
    1.73046423e+00  -3.30846320e-01  -3.60014885e-01  -2.57955373e+00
    3.10525385e-01 
   -4.04717191e-01   2.97957668e+00   1.30287055e+00  -6.79047999e-01
   -3.05943959e-01  -5.08164261e+00   1.32702536e+00   3.52441166e+00
    1.41656723e+00  -2.61534070e+00   7.02255447e-01   8.75088822e-02
   -4.00775149e-01  -8.83436917e-01   8.51965188e-01  -3.93601162e-01
   -2.86618589e-01 
   -2.93414089e+00   8.69087687e-01   2.26367204e+00  -1.24221637e-01
    1.75137006e+00  -9.33665614e-01  -1.65485545e+00  -1.21357303e-01
    2.48586187e+00  -9.15240689e-01   3.97739687e-01  -1.80760546e+00
    4.19897169e-01   5.09575153e-01  -1.24936230e+00  -4.79616885e-01
    6.90762225e-01 
    4.69743475e-03  -8.87102405e-01   4.56993874e-01  -5.07934606e-01
    2.48423265e+00  -1.07471982e+00   1.71692891e-01   2.72234081e+00
   -2.76512148e+00  -9.04344441e-01   1.52806025e+00   9.43840342e-01
    4.13006613e-01  -8.54056692e-01  -4.74240921e-01  -1.33853933e+00
   -3.52590494e-01 
   -2.15736599e+00   1.85062057e-01  -1.49088882e+00   2.12200707e+00
   -9.71862495e-01   1.18804632e+00   9.32921116e-01  -7.70020766e-01
    1.18363558e+00   1.45710885e+00   2.04269344e+00  -1.56912818e+00
    7.92219435e-01  -1.48913305e+00   6.13410761e-01  -3.58585611e-01
   -6.46084551e-01 
    2.29456716e+00   1.82798317e+00  -2.35836993e+00  -1.40582462e+00
   -3.88328197e+00  -1.73334901e+00   7.94059885e-01   6.48337614e-01
    1.38554868e+00  -2.46371411e+00   1.77498504e+00  -8.50749809e-02
    8.42333613e-01  -4.13450939e-01  -7.93907678e-01   1.93878732e-01
   -1.31066976e-01 
    2.01773526e+00   5.05023780e-01  -2.38355254e+00   2.00084963e-01
   -1.16387798e+00  -6.70218477e-01   2.97190393e+00  -3.28210135e+00
   -2.11238304e-01  -3.42479222e-01   2.59255697e-01   9.15562899e-01
   -2.01280425e-01   1.27785701e+00   7.46852613e-01   1.43516655e+00
   -4.68565789e-01 
   -5.75377444e-01  -1.50874320e-01   2.07397372e+00  -2.19713462e-01
    1.94525510e+00   1.95437413e+00  -3.59434518e+00   3.07486140e-01
    3.13794840e-01  -8.84845660e-01  -3.68438143e+00  -3.33163720e-02
    2.26209126e+00  -1.52884628e+00  -1.86538612e-01   3.40521001e+00
   -3.12515025e-01 
   -6.07641561e-01   3.26651765e+00   1.13532326e+00   1.07537882e-01
   -1.44610387e+00   1.80985999e+00  -7.09455993e-01   2.76390917e-02
   -8.53727639e-01  -2.52783293e+00  -1.16924227e-01   1.30902058e-01
   -8.69218026e-01   7.74609601e-01  -1.23546371e-01   8.00990303e-01
   -6.45640972e-01 
   -2.11655702e-01  -1.00933301e+00  -1.31044081e+00  -3.05008013e-02
   -9.49327307e-02   2.75445849e+00  -5.91014792e-01   9.22347119e-01
    2.57705017e-01  -3.14741708e+00   1.08551390e+00  -3.25966954e-01
   -1.67732745e+00   1.10464559e-02   3.40905964e+00  -1.68213451e+00
    7.06706569e-01 
   -1.37376132e-01   2.85376658e+00   1.40376969e-01  -1.04358318e+00
    9.51914726e-01  -1.81472587e+00  -2.60214461e+00  -1.18381871e+00
   -5.81031809e-01  -9.41036731e-01  -2.59787337e-01   7.92894581e-01
    9.07906876e-01   5.72853427e-01   3.13312822e-01   9.98556187e-01
   -1.71798814e-01 
   -7.26573985e-01  -5.73844876e-02   3.38781704e+00   1.87839384e+00
    7.95972291e-01   6.26204241e-01  -2.35310508e+00  -1.64061823e+00
   -8.09275684e-01   6.28040501e-01  -2.19433138e+00  -1.59812792e+00
   -1.89195818e+00   1.90043193e+00   1.92405344e+00   1.24635089e+00
    2.40979419e-01 
    1.75957705e+00   9.38238916e-01  -1.30434568e+00  -3.20336604e-01
   -9.65984833e-01  -2.14123509e-01  -4.58710989e-01  -6.07225620e-01
    1.92891949e+00   1.78342270e+00  -2.58847859e+00  -2.16357439e+00
   -5.87968502e-01  -1.86220848e+00   2.54177586e+00   9.05520185e-01
   -5.87613752e-01     3.81695914 -1.07811368  0.49474192 -1.98799366 -0.92702415  1.63569628
  -0.76684904 -1.09557466  0.41881917  0.67611573 -0.18031976 -3.28864987
  -0.81388081  0.70842415  1.04918572 -1.37269097 -0.0940435   0.030679
   0.12829225 -0.23153404 -0.0539502   1.70488815  0.76758735  2.18718567
  -1.3140527  -1.00791012  0.30340182 -0.10111524  0.05862141 -0.11781329
   0.18222965 -1.09043009  0.04747729 
   0.47921549  0.48560698 -0.37394596 -0.32003707  1.12417739 -0.25471556
  -1.14886481  0.92406852 -2.0122452  -0.27329325 -0.75711719  0.0625551
   1.11153635 -0.17945727  1.48625681  0.08537741 -0.05273642 -1.11356165
   2.06869199 -2.11678747 -1.2669523   0.28512287  0.57117625  0.21146152
  -1.20095218  0.7790868   0.53314706 -4.67932557  1.59792945 -1.75014061
   0.05253385 -1.19536539  0.50282769 
   0.45042115 -0.26271911  2.76222686  1.30376718 -1.79638531 -2.16386486
  -1.23179799 -0.95509985  1.19561955  1.12989093  0.37991515  0.74618294
  -1.9099641   0.08880757 -0.53585306 -1.31582621  2.140692    0.09440673
  -1.39979537  1.44633968 -1.17164394 -2.56085725 -0.85690763  1.10159459
   1.3825163   0.60041019 -2.52372532 -0.38741617  2.21304033  0.08926948
  -2.14341818  0.95877175 -0.25186919 
  -1.62187172  0.26634315 -1.57374741 -1.01282319  1.93858754  1.25340773
   1.22735019 -0.0084787   0.60752641 -0.89194691  2.95421748 -1.90613907
   0.26630157 -0.70618844 -3.25026395  0.20099474  3.90388573 -0.20074193
   0.03398671 -2.23808699 -1.0659174   0.40666895  0.78510412 -2.95732824
   0.61263687  0.5955325   0.12649948  0.18882325 -0.31786649  0.33215235
  -1.65454748 -0.47960492 -0.20328559 
  -2.0319998  -1.33226557 -2.32339161 -0.59713638 -0.05765206 -0.30340218
  -0.23142615 -1.36332659 -0.31386223 -3.1467364   1.63245019 -0.74157856
  -0.23616432 -2.66645405  3.0259703  -1.7065485   0.04273599 -1.68651101
   2.4839532  -0.37069849  1.18856825 -1.09429151 -3.58093798  2.15735886
   1.80000553  1.28752682 -1.55036602  0.01863645 -0.05307904  0.01995897
  -0.97832558  2.01014841 -0.17423523 
  -1.83331932 -0.27646088  0.60925099  0.37520985  1.23416118 -0.69144056
  -0.45106146 -3.47939701  1.2676496   0.19534344 -0.14029178  0.56656351
  -1.0228947   1.96634898 -0.62118279 -2.11838041 -1.3753249   0.76003072
  -0.18312169 -2.48232067  4.21631876  0.48826123 -0.27109097 -0.18629301
   0.78979859  0.70469518 -1.13624368 -1.80047116 -3.90050912  0.78022328
  -0.18651271  0.53136909  0.12865352 
   0.74292763 -1.4540534  -0.00867014 -0.79244685 -0.18595171 -2.788167
   0.949127    1.13976444  0.64128344 -2.12789153 -0.71270566  2.83460717
   3.01727682 -1.62431192 -1.07092665 -4.00030917 -0.79170198  0.03234364
   0.0767895  -0.67582189 -0.82275884 -0.05991418 -0.37947953 -0.80212996
  -1.25472436 -2.15337352  0.91103468  0.49693254  0.48629817  2.70562968
   1.1966226   0.17001871 -0.45683033 
   0.02750089 -0.59325734  2.17138241 -0.60859383  1.9494295   0.03402361
  -0.93680725 -0.27841243 -0.18867191  0.56956244 -4.44251626  0.17038603
   0.40866005 -2.02578691 -0.30804692  2.43846102 -2.59423244 -0.50017888
  -2.22881997 -0.15856456 -2.64968818 -0.07518315 -2.97554558  0.30867912
  -0.20817825  3.51478515  0.28538996  0.88522518 -1.3365283   0.80259673
   1.28749113 -0.29125301 -1.17464523 
  -2.14631728  2.52580761  1.26194178  1.69640073 -2.05476892 -0.30012832
   1.25102586 -2.43363343  2.44150436  0.32963889  0.7892292  -1.62245534
   1.09079968 -1.78703956  1.83318287  1.23787797 -0.6663175  -2.60286984
  -0.40646229  0.54709882 -1.51710785 -1.82091503  2.36498857 -1.27172122
  -1.9971677  -0.33986208 -0.00610768  0.25984702 -1.42532753  0.08963842
   1.46118997 -2.05682276 -0.58538181 
   1.20432459 -1.03202932 -0.91961077 -1.59016373 -0.07641768  0.04677482
  -1.14437982 -2.64145431 -2.67961448 -2.61150807 -1.9376      2.09556985
  -2.64885994 -1.53270029  0.46379016  0.38410602  0.52316441 -0.05498302
  -2.33390475  1.74084266  1.35603697  1.18536185  0.50600298 -2.44756286
   2.75132424 -0.98137108  2.21840688  0.65829951  2.89059689  0.50594856
   0.00937572 -2.06422641 -0.48889384 
  -0.03275706 -3.1338002   0.45241174  1.08164522 -0.57041408  1.46990808
  -1.29522105 -2.32513994 -2.00514405 -0.19994676  1.23687727 -0.16798393
  -2.62243549  1.81529488 -0.41302944  0.33034142  0.24738042 -1.46220291
   1.06003691  1.64300256 -0.85414522 -1.46559161 -1.41184703 -3.08823155
  -1.56903997 -1.66475848  3.6101937   0.97811305 -1.20195696 -0.40512712
   1.48576034  2.57710516 -0.65079278 
  -1.08793948  4.83459295 -1.46181208 -2.65198107 -2.20258118 -1.19509991
  -1.13134614 -0.09196153  1.10781132 -2.41823303 -2.71617645  0.3876088
  -0.64924338  1.37549338 -0.35041153  1.62871621 -0.53959978 -0.54938021
   0.03918277 -0.91670605  0.77203733  1.87327279 -0.61181206  1.07408272
   0.38841428 -1.67673872 -1.49847421  0.02720885  1.15870946 -0.98194561
   1.89827631  1.30083932 -0.65889511 
  -0.42953036 -1.00632596 -2.54629385 -2.14194828 -2.18801096  1.00003504
  -0.12203375 -0.20043224 -0.72017703  3.74364046  0.10898291  2.20845297
  -0.9917471   0.42686271 -0.60347392 -1.3522654  -0.13905342 -1.13674153
  -0.51069537 -1.54203312  0.27280282 -0.35657796 -0.90402213 -0.73759493
  -0.15569948 -0.22096325 -2.0219172   0.499325    1.57641539 -1.26720531
   2.09634405 -0.45731918 -0.25682596 
  -0.23588781 -0.78409413  0.48046296  1.99597757 -2.4589857   1.40660562
  -0.22861228  1.18342537  0.99151584 -0.76011913 -0.9506635   0.15592815
  -1.73322946 -0.74825341 -2.77757936  2.26111201 -3.15505022  0.52171413
   1.04579611 -0.84746192  0.93563643 -0.54950604  1.52399126  0.38555536
   0.23614769 -2.13077939  0.97409469 -1.3575507  -0.01804412 -1.20350785
  -0.93461215  0.77214858 -0.58745393 
  -0.60598285  2.31898068  0.31970512 -1.13248833 -0.99428128 -0.23229276
   0.97594821  1.56716942 -1.13252209  0.26285404 -1.00694536 -0.64647674
   0.21683922  0.37072775  2.0166266  -1.23371819  0.47146504  0.2297597
  -1.50215683  0.41702037 -0.84517267  0.95841105 -0.39367802 -0.44937722
   1.04654389 -1.23912498 -0.41724611 -0.43827567 -2.74911268 -0.15315854
  -2.0276585  -3.02285353 -1.02924769 
  -0.16638157 -1.83244329 -2.46804132  2.16135776  1.42049175  0.87512654
  -0.38525267 -0.52785853  2.17366843  1.27157067  0.25317445  0.57782907
  -0.02248822  0.27100005 -1.04032717 -0.65281066 -0.2538462  -1.96135037
  -0.9086472   1.69580127 -0.37151321  0.7563804   0.49210295 -1.62243946
  -0.44062101 -1.62611902 -1.69479731 -0.69818569  1.12320547 -0.50396215
  -0.92959607 -0.68854083 -0.19172208  