NN 16 32 16  -4.12159551 -1.05336904  0.09838873  0.55759328  2.68259702 -1.03193766
  -2.41773092 -2.12690719  3.51946359 -1.19506701 -0.33487615  0.27060618
   0.92486188 -0.20506125  0.30105922 -0.64118921 -0.92106872 
   0.72918554 -0.60442028 -0.39345196  0.02718251  0.94699463 -0.23582525
   0.33034958  0.37335365 -2.83145045  0.77684577  2.36283242 -4.21057722
   0.86367054  0.70794281 -2.36431056  1.38061203  0.64898794 
  -1.16271081  0.26950041 -2.51321858  0.84867672  3.00952715 -1.86814256
  -0.72659115 -0.88350966 -0.87586417  0.86113584 -0.4910336   0.27608256
   1.54592594 -0.60175799 -0.19862571  2.23536257  0.25956988 
   1.73624503 -0.89500387 -1.46677549  1.07742601  0.22437631 -1.12949477
   0.82112112 -0.4620941  -1.68178208  0.89889956 -1.59962344  1.74833795
   1.78354008 -1.73019067  1.25049224 -2.05058018 -0.19504443 
  -0.11887575 -1.84425625  1.51735349 -1.34268896 -0.1241616  -0.78252786
  -0.11298543 -2.19883894  1.25870601 -0.59819366  0.10330221  2.07865921
   1.53980638  2.25772016 -0.2337949  -1.53302109 -0.73350585 
  -0.4811746   1.24041288  2.03471695 -1.14474156  0.79237368  1.15609463
   2.20191213 -0.49865104 -0.08148996 -0.20121246 -2.23547715  0.48193471
  -0.87038112 -1.46902681 -0.47687635  0.00836918  0.12234828 
   1.08459521  1.69125779  1.72638224 -1.95342765 -0.15198798  0.33721698
  -2.04402881  1.65527165 -0.49225669  0.55972306  1.03316612  0.18292404
  -0.08203266 -0.40758771 -1.39843224  0.87826457 -0.68844113 
   0.93981685 -1.36844222  1.36078904 -0.46485622  0.62481682  4.37209508
  -2.37322348 -0.18475015  2.71994549  2.41415295  0.23362792 -0.29412183
  -0.586629   -2.83456152 -1.4485195  -0.1271105  -0.66337008 
   0.07970648  2.8179166  -0.73175706 -1.14812983  0.67206986 -1.28324769
  -1.25068906 -0.24590987 -1.77115126  2.4271348   1.50370108 -1.26011365
   0.95966732 -1.9320015   1.47437432 -1.78425056 -0.17423503 
  -1.36440368 -0.27120391 -0.72695545  1.10036436  1.82923997 -0.89591743
   1.26744753 -0.70470617 -1.1042222   0.81909415  0.91339999  2.25484827
  -2.95019441  0.4494055  -0.83313443 -1.35999548  0.39967951 
  -0.74563873  0.5572568   0.158783   -2.89566095 -2.52021831 -1.44250197
   0.13572525  4.42595264 -1.59208108  0.38913557 -0.44657339  3.15253145
  -1.22159344 -0.45694315 -0.12963287  0.02556319 -0.64515982 
   3.26268872 -0.77268301  0.17926897  2.02553514  1.61346013 -0.79619695
  -1.22137048  0.65635427  0.3649742  -1.28469155  0.6103567  -0.53817785
  -3.07890827  0.51814423  1.17137565 -1.11030736 -0.28738156 
  -0.1671745  -2.62838668  1.65394931  0.03064418 -0.08399727  0.39282232
  -3.51908195 -0.43308558 -1.87474647  1.11832259  3.12445749  0.02900225
  -0.50898801  1.26594922 -0.54123304 -0.7809413  -1.351552   
  -0.69519896  0.51625532 -0.57237412  0.04392872  2.32151635 -2.13966866
   1.15043356  1.05620836  1.08024472  1.56802338 -2.34479399 -1.66813234
  -1.18354711  0.22912056 -0.45945687 -0.13554985 -0.18100535 
   1.80715105 -1.84570532  0.75306069  3.13522316 -2.31178105  0.75259432
   0.48622665 -0.96277443 -1.53047039  0.03562471 -0.6060405  -0.26662378
   0.7243008   2.45481636 -2.24290673 -0.17599164  0.62386942 
   1.64138849 -1.22891941 -0.41351349  0.23409778 -0.23742209 -0.2844496
   3.19014523 -3.0784671  -1.05813777 -1.06056655 -0.52315238 -0.94819552
   1.16664417 -2.0545283   0.92851125  0.66664894  0.53983778 
   1.63055186  0.78511641 -2.84254906 -4.68944302  1.17617427  0.2053956
   0.69222637  1.58503741  0.73686212  0.27165048 -0.72133707 -1.28396223
  -0.2856574   1.66761849 -0.48686931  1.31645569  0.38164728 
  -1.66259721  0.52559516 -0.22257497  0.35757537  0.65723317 -2.00246399
   0.36996364  0.25139683  1.51386506 -1.03376458  1.42696812  0.37847668
   0.88224165 -1.15892948 -0.78994415  1.21862742 -0.75079197 
  -0.20744312 -2.42283416  2.23725513 -0.03106673 -2.55653569  0.22432074
  -0.28375322  1.72421061  0.03136722  1.54686132 -1.76268323 -0.59006092
   0.5304789  -1.13454941  0.6005148   0.6295821   0.0859744  
  -1.35206476  0.51538469 -0.81835182  2.37379188 -0.82743139  1.9682161
   1.15475054 -1.81006318 -0.10482565 -1.68553793 -0.45459989  0.7217648
   1.76503852 -0.18217654 -0.32301178 -2.4946568   0.32995892 
  -0.30838984  2.76642132  1.25184079 -0.5537019  -0.18034535 -4.89255479
   1.30809188  3.55622157  1.39318989 -2.71235884  0.78467298  0.08943703
  -0.38612183 -0.81380825  0.86525894 -0.34523977 -0.25512999 
  -2.74911147  0.89395516  2.09863751  0.13840172  1.6604895  -1.0268009
  -1.64059141 -0.17961443  2.43540939 -1.05948714  0.36656936 -1.7510346
   0.45821665  0.54615976 -1.17189046 -0.4428188   0.68960959 
  -0.19947773 -0.75761688  0.59119806 -0.76100992  2.5162048  -1.10192342
   0.23118951  2.49802971 -2.62704286 -0.90472701  1.4441447   0.98082488
   0.33382152 -0.83646431 -0.50219135 -1.27720313 -0.37317363 
  -2.07947864  0.18934059 -1.45855088  2.04700879 -0.91091525  1.12356601
   0.88731756 -0.7620334   1.09870287  1.44868508  1.93817735 -1.59207837
   0.91342853 -1.4121426   0.6217579  -0.37348766 -0.64474637 
   2.20982857  1.70334988 -2.22713063 -1.3773351  -3.73852749 -1.65095937
   0.91924363  0.5420302   1.31736909 -2.44555103  1.86176444 -0.18286063
   0.79841545 -0.3612465  -0.7584996   0.17623418 -0.12483819 
   1.88198144  0.43148312 -2.22146836  0.11865987 -1.00233275 -0.66968021
   2.9289368  -3.08961552 -0.31503056 -0.24428536  0.22938323  0.89038073
  -0.14261563  1.37465197  0.7492323   1.3805879  -0.46396367 
  -0.69672671 -0.28525989  2.02224967 -0.19953793  1.8883284   2.05629309
  -3.51467535  0.32050078  0.3562168  -0.89275045 -3.50303751  0.08312987
   2.07592952 -1.51621168 -0.16193287  3.33070363 -0.29779275 
  -0.66140063  3.11409847  1.19752197  0.22306328 -1.43022107  1.80405897
  -0.82860571  0.17205459 -0.98783475 -2.44060455 -0.18715526 -0.04422022
  -0.99713808  0.61807707 -0.16003074  0.73383024 -0.67069412 
  -0.21408605 -0.92514109 -1.32093429 -0.04105551 -0.09324225  2.65260292
  -0.75881097  0.92112976  0.28578532 -2.99881354  1.09734355 -0.22092419
  -1.55955673  0.00633423  3.36209984 -1.62180314  0.71099321 
  -0.19746463  2.75249339  0.085593   -0.91039353  0.97207889 -1.74478301
  -2.57985815 -1.18404157 -0.5794659  -0.97514481 -0.17171667  0.94221108
   0.78845902  0.54036909  0.28384125  1.02015901 -0.13189285 
  -0.87848507  0.10992926  3.13636532  1.79614852  0.7601217   0.50615517
  -2.31619628 -1.4904997  -0.76876431  0.74635797 -2.20497031 -1.53826483
  -1.93653828  1.76196863  1.8263507   1.18526059  0.20499873 
   1.59928774  0.97165739 -1.18540026 -0.26416561 -0.93065107 -0.15161344
  -0.39100888 -0.64455647  1.80347388  1.77183835 -2.49833213 -2.20555716
  -0.52875425 -1.89528462  2.48356598  0.83623739 -0.5982634      3.71172478 -1.14862312  0.49669427 -2.05490536 -1.00241865  1.44989622
  -0.83420947 -1.12466455  0.35240903  0.63036523 -0.11766801 -3.25304236
  -0.78943183  0.64621229  1.07656303 -1.51401105 -0.13337262  0.02427648
   0.18837044 -0.14863692 -0.23120633  1.72867851  0.75007296  2.07715875
  -1.30321347 -0.95951773  0.25780367 -0.13400008  0.01578763 -0.25505394
   0.04650733 -1.16806891 -0.05186373 
   0.60921737  0.38068853 -0.19856912 -0.32648882  1.17208301 -0.33442679
  -1.33911629  0.92555291 -2.00786715 -0.21520098 -0.8085687   0.05471293
   1.12010553 -0.07302466  1.47287115  0.00970677 -0.01574085 -1.17288912
   2.02212361 -2.03601615 -1.40253836  0.25389038  0.45706152  0.07653259
  -1.31842395  0.77696749  0.804652   -4.5862748   1.54426073 -1.62593718
   0.18084766 -1.18648996  0.36603654 
   0.64073041 -0.16130815  2.86011344  1.18300358 -1.78894972 -1.97893031
  -1.26190708 -0.88714858  1.27054871  0.98247561  0.37019871  0.53854469
  -2.12287666  0.06028201 -0.56516436 -1.2599244   2.21362773  0.06143372
  -1.39498896  1.36415118 -1.26729695 -2.46028562 -0.91722997  1.12354562
   1.27644186  0.6466917  -2.60389184 -0.52117412  2.25068978 -0.1201171
  -2.32738905  0.89482458 -0.37079943 
  -1.53820324  0.35102372 -1.54781933 -1.04060744  1.90732656  1.31340677
   1.22289022  0.0466219   0.53388086 -0.83094673  2.91564664 -1.94789091
   0.31302328 -0.84206151 -3.20042379  0.2843535   3.91777522 -0.14625213
   0.07876795 -2.25458924 -0.96629214  0.55339906  0.87154233 -2.9060395
   0.6203094   0.47463341  0.09343051  0.14753838 -0.1947261   0.23583581
  -1.61511231 -0.5467888  -0.18009593 
  -2.05742992 -1.13777981 -2.41070429 -0.56313717 -0.03926054 -0.35254894
  -0.01969291 -1.22068525 -0.24257125 -3.08254178  1.61204    -0.63778233
  -0.15349972 -2.60435247  2.95791294 -1.77367431 -0.02474613 -1.74801202
   2.60253991 -0.42996404  1.08428136 -1.24120024 -3.35697161  2.11321303
   1.81675451  1.2103772  -1.59509233  0.0127818  -0.19179065 -0.116174
  -1.12256013  1.93950844 -0.18492725 
  -1.60830688 -0.2781304   0.69123005  0.35050824  1.24784502 -0.66314508
  -0.5410398  -3.64995328  1.12950496  0.19541101 -0.28919216  0.45554366
  -0.9761256   1.91016651 -0.63089034 -2.0587719  -1.3697747   0.77824395
  -0.22046342 -2.46874925  4.35244312  0.48164345 -0.25140041 -0.18599528
   0.59093403  0.73484574 -1.21140219 -1.78696885 -3.72643671  0.79494863
  -0.15366303  0.36737701  0.09229091 
   0.85231316 -1.53386622 -0.0796495  -0.87665265 -0.19699873 -2.60402392
   1.00263726  1.05039185  0.59116804 -2.09147149 -0.6441576   2.75044671
   2.88037282 -1.66714905 -1.09532603 -3.99928144 -0.83699057  0.03401822
  -0.00877696 -0.68815882 -0.79946101 -0.1269154  -0.43389537 -0.77895769
  -1.39059678 -2.04023489  0.89296976  0.4603672   0.48297221  2.77961002
   1.05830787  0.29037682 -0.46877718 
   0.14197924 -0.6335045   2.18894039 -0.64932572  1.76178325 -0.1120654
  -1.06990731 -0.21171081 -0.24627255  0.50192034 -4.42864461  0.1633497
   0.19946604 -1.86433685 -0.52684559  2.36671482 -2.4760742  -0.58247592
  -2.30601485 -0.24858395 -2.75781902 -0.10067155 -3.07574704  0.32258502
  -0.34250414  3.46955672  0.24555384  0.60928646 -1.48008903  0.73125812
   1.09706973 -0.04262673 -1.16530228 
  -2.14994488  2.51864204  1.21190103  1.54986075 -2.07959085 -0.21723933
   1.24441252 -2.39188901  2.39202737  0.33720109  0.73580228 -1.63330639
   1.07261329 -1.67566233  1.88450839  1.26356537 -0.69680442 -2.59343928
  -0.37255492  0.56390055 -1.54859774 -1.83132927  2.18281418 -1.20574436
  -1.96815873 -0.3271644   0.00557757  0.37111418 -1.39711981 -0.04594747
   1.53985458 -1.95689537 -0.55191881 
   1.1765184  -0.97947535 -0.94507154 -1.53704659 -0.11053657  0.11642084
  -1.02857148 -2.58068902 -2.65227956 -2.60883519 -1.90827908  2.03242304
  -2.58311447 -1.44192169  0.30558872  0.22555541  0.56294738 -0.04787318
  -2.27799611  1.72642895  1.38244404  1.28349259  0.55081398 -2.51285996
   2.7339669  -0.91256876  2.09387419  0.64744991  2.74408559  0.51577772
   0.01645936 -2.01307525 -0.43225509 
  -0.01839886 -2.95259607  0.51934306  1.01045661 -0.61018359  1.43391133
  -1.16930275 -2.25827091 -1.85214508 -0.15492501  1.21892241 -0.03101391
  -2.61429141  1.92268959 -0.32001186  0.26774727  0.40281853 -1.36328156
   1.13933187  1.62338825 -0.7763043  -1.33943011 -1.35321948 -2.88123674
  -1.62953536 -1.68750896  3.67709519  1.05206769 -1.21047431 -0.3061932
   1.64035142  2.65905767 -0.50842955 
  -1.1499033   4.6356824  -1.40274354 -2.60621947 -2.17157165 -1.23187466
  -1.16393115 -0.08088256  1.07991551 -2.40275712 -2.72300073  0.39069545
  -0.63448494  1.33858184 -0.32670125  1.63199334 -0.65128885 -0.56445361
  -0.04953664 -0.90960958  0.77226909  1.84261793 -0.67016458  0.97854889
   0.44522164 -1.66084645 -1.48481789 -0.02866087  1.15288368 -0.93673336
   1.82087575  1.25636995 -0.67294972 
  -0.42895535 -1.01425754 -2.54164607 -2.11803129 -2.15686745  0.96189915
  -0.07563082 -0.1893028  -0.7105465   3.64789348  0.11679144  2.19200827
  -0.97978097  0.38391362 -0.57488662 -1.35102818 -0.1348569  -1.12913271
  -0.45380298 -1.52219976  0.28602453 -0.35986449 -0.90480929 -0.72431694
  -0.12727336 -0.24309654 -1.93947443  0.48145129  1.57942621 -1.25352285
   2.06837315 -0.4497578  -0.24429094 
  -0.25135554 -0.8044708   0.49137786  1.97066166 -2.40644061  1.33966031
  -0.25268783  1.1134221   0.9620728  -0.76174598 -0.93822736  0.0955374
  -1.72332127 -0.75159574 -2.72919428  2.17701306 -3.09052175  0.45912935
   1.01583971 -0.84750724  0.84788139 -0.59216773  1.46478102  0.35576513
   0.24738893 -2.11002836  0.93298231 -1.36869085 -0.01721275 -1.17667669
  -0.94000952  0.74334814 -0.58713208 
  -0.58179142  2.25811364  0.32424137 -1.11259853 -0.98074388 -0.21780536
   0.96757477  1.58731073 -1.10035811  0.24082633 -1.02879961 -0.63755012
   0.24065796  0.36659316  2.01017181 -1.20393439  0.47579087  0.2503382
  -1.42800147  0.43242955 -0.81546383  0.98813828 -0.38207676 -0.38355156
   0.98592498 -1.25434137 -0.37486992 -0.40110539 -2.64052239 -0.15447028
  -1.93416353 -2.96160451 -0.97557012 
  -0.16617897 -1.79653323 -2.40589123  2.05629261  1.38795517  0.89863837
  -0.41634921 -0.50612069  2.11287163  1.27325912  0.17457806  0.52698827
  -0.04874451  0.27065525 -1.06810575 -0.59347672 -0.25448177 -1.91303383
  -0.93811552  1.67995719 -0.44960162  0.76240613  0.44843123 -1.58381219
  -0.5061441  -1.59567114 -1.63755742 -0.65495953  1.12619093 -0.49374641
  -0.88204993 -0.65732319 -0.19356129  