NN 16 32 16  -4.12909222 -1.12342058  0.2561656   0.48792933  2.78332143 -1.12998571
  -2.18787883 -2.43616821  3.57080836 -1.1954932  -0.35533051  0.14292146
   0.90864898 -0.22339766  0.28819919 -0.67602033 -0.95114823 
   0.65909404 -0.57174264 -0.29196983  0.03519593  0.8789045  -0.37841739
   0.27873012  0.48634352 -2.97464111  0.75362035  2.34065573 -4.31665127
   0.87284305  0.65918086 -2.45421276  1.37113076  0.63444381 
  -1.21275865  0.11033738 -2.50454829  0.90915961  2.96751839 -1.92573144
  -0.8410378  -0.90376771 -0.95767157  0.66585813 -0.60074028  0.22161131
   1.47292384 -0.69078595 -0.2786137   2.22597561  0.18567297 
   1.77014034 -0.68250752 -1.43526644  1.06785648  0.19214073 -1.12112621
   0.74625084 -0.46753333 -1.64549821  0.93772265 -1.68592016  1.80037089
   1.82849674 -1.75030397  1.29962212 -2.06660923 -0.16748628 
  -0.15882258 -1.74246824  1.65658182 -1.48057393 -0.08396142 -0.70813071
  -0.11653105 -2.24861485  1.21355619 -0.61257085  0.03162034  2.16502142
   1.53175772  2.30789935 -0.19572574 -1.53364022 -0.71716677 
  -0.34434603  1.1925292   2.01317471 -1.22260126  0.84999613  1.24887776
   2.25564787 -0.6380369   0.03114439 -0.21314539 -2.3381575   0.42676368
  -0.86178873 -1.443881   -0.43401543  0.05401283  0.16226183 
   1.21063542  1.58665841  1.58841828 -1.99816586 -0.03542047  0.33385375
  -2.26739111  1.68977616 -0.50718699  0.5491935   0.94179094  0.13155655
  -0.0793072  -0.41400455 -1.4436315   0.83631644 -0.74099142 
   0.89542281 -1.55303615  1.17007224 -0.32094974  0.69677797  4.43076948
  -2.47521325 -0.05063698  2.66325214  2.50244758  0.30164706 -0.18661519
  -0.6446062  -2.86519569 -1.48101504 -0.15227483 -0.67578391 
   0.17493133  2.95959339 -0.65425497 -1.12262267  0.77857777 -1.32301742
  -1.31695138 -0.3105317  -1.74749621  2.40272739  1.59024461 -1.22414158
   1.10220698 -1.90403103  1.54655614 -1.77149457 -0.11728957 
  -1.27463797 -0.35360873 -0.76384741  1.26891236  1.77718489 -0.90307119
   1.21917459 -0.72329476 -1.13839299  0.68340782  1.03063904  2.25065006
  -3.17325598  0.38315901 -0.89196676 -1.4261022   0.37542867 
  -0.88248688  0.49820487  0.20553825 -2.86164022 -2.66366021 -1.46517262
   0.1819902   4.59014327 -1.57225035  0.40714583 -0.45812632  3.17904352
  -1.28175454 -0.43509269 -0.10161117  0.02860541 -0.64288476 
   3.3287209  -0.85753885  0.2289281   1.96855751  1.61439406 -0.69270204
  -1.39479695  0.71356893  0.25970437 -1.35484534  0.65806152 -0.57407169
  -3.08153239  0.50729664  1.14186857 -1.20687111 -0.35247053 
  -0.24098956 -2.72041072  1.52951412  0.07609451 -0.08695553  0.26998607
  -3.68191958 -0.52355815 -1.83949125  1.10936683  3.15175538 -0.00700741
  -0.58221966  1.23126398 -0.59863079 -0.87339402 -1.43801663 
  -0.56998698  0.46396719 -0.50476999  0.04532901  2.47332046 -2.17179644
   1.23033112  0.95030911  1.11013925  1.46464113 -2.33481498 -1.80355444
  -1.26450967  0.17333037 -0.47519523 -0.15387565 -0.18635709 
   1.88337392 -1.9092881   0.74172353  3.25458946 -2.39209452  0.67958539
   0.43515481 -0.99978438 -1.57740771 -0.04023593 -0.61908312 -0.39338984
   0.65923154  2.43797952 -2.3066304  -0.21366905  0.57841197 
   1.66057606 -1.22069501 -0.32676526  0.05226195 -0.34936966 -0.3500206
   3.1622905  -3.09498649 -1.08528035 -1.04099133 -0.61021463 -0.94378954
   1.21748293 -2.09180717  0.94014659  0.70836015  0.54258945 
   1.69446736  0.6551095  -3.02970823 -4.65531918  1.27717414  0.32166599
   0.52690305  1.61027889  0.68969794  0.3687194  -0.73697071 -1.27523564
  -0.31953559  1.6973838  -0.49943372  1.32742117  0.37790571 
  -1.67899865  0.5881295  -0.21248945  0.36531028  0.60568053 -1.97397332
   0.34629976  0.26269085  1.53199442 -0.99681322  1.46796572  0.40460771
   0.88978562 -1.16887018 -0.80552554  1.25809999 -0.76149975 
  -0.1466097  -2.5484398   2.24573551 -0.01801514 -2.55070394  0.23665546
  -0.4127347   1.78740989 -0.05595396  1.57098198 -1.77680146 -0.41502653
   0.51129154 -1.04673276  0.64161718  0.6711309   0.11107796 
  -1.32883708  0.50980009 -0.73829993  2.3352721  -0.82703184  1.9683448
   1.4109697  -1.86425761  0.08738628 -1.71232776 -0.38747207  0.63764438
   1.80740389 -0.27043956 -0.30386776 -2.52309987  0.35856818 
  -0.24484687  2.83705412  1.45246419 -0.72864613 -0.2676888  -5.00672623
   1.36885543  3.49740285  1.38603116 -2.77143588  0.70766013 -0.03538107
  -0.43786694 -0.9315421   0.80420833 -0.44583864 -0.33254033 
  -2.83968455  0.82374432  2.18485625  0.01161027  1.69273052 -0.85354513
  -1.62984036 -0.15188647  2.46576539 -0.97789731  0.35818512 -1.79683693
   0.43119372  0.5291464  -1.20007862 -0.46143082  0.69049113 
  -0.03337347 -0.94173407  0.38632326 -0.62099368  2.56752302 -1.15737454
   0.22586854  2.51005884 -2.7435394  -0.98397763  1.38845454  0.87886041
   0.26192376 -0.94407232 -0.59195465 -1.4408287  -0.46874208 
  -2.03116615  0.32279874 -1.48479028  2.11080432 -0.9899434   1.15302301
   0.9222667  -0.76460315  1.10407457  1.42608947  2.05366606 -1.58455708
   0.92497309 -1.43783603  0.64001934 -0.35040609 -0.61914875 
   2.35806044  1.78216711 -2.09358029 -1.46769923 -3.78945028 -1.61282331
   0.99956194  0.67507623  1.39621236 -2.45993589  1.91314574  0.01923998
   0.92481026 -0.29005287 -0.6621671   0.29515297 -0.012542   
   1.97287337  0.48361162 -2.19482213  0.15489394 -1.17671797 -0.71248741
   3.01830645 -3.18343303 -0.25929691 -0.34011448  0.24878134  0.83002593
  -0.1795812   1.34362947  0.73475846  1.39963432 -0.47468937 
  -0.66971324 -0.20558321  2.04428476 -0.25599647  1.87645308  1.99547474
  -3.61984487  0.30652582  0.34261887 -0.84197561 -3.57780364  0.09529143
   2.19399373 -1.4905704  -0.1503252   3.41279729 -0.29843712 
  -0.55326678  3.16601552  1.22275479  0.00521755 -1.52419347  1.88508887
  -0.66336531  0.04573283 -0.90894522 -2.50422276 -0.09650456  0.10794763
  -0.89505715  0.73286713 -0.11924231  0.8012409  -0.63745655 
  -0.23408199 -1.07599996 -1.36580945  0.05635818 -0.1004704   2.81047751
  -0.64368234  0.79937069  0.21160023 -3.00493106  1.07579515 -0.29467899
  -1.64488751 -0.02807077  3.3773946  -1.6834541   0.69343666 
  -0.15908892  2.76009985  0.12487812 -1.06181172  0.9996046  -1.75459188
  -2.60951244 -1.20659756 -0.59671256 -1.00892618 -0.22814019  0.94415448
   0.8424419   0.51419829  0.28417917  0.99153544 -0.17389121 
  -0.8683791   0.05303217  3.16360522  1.840217    0.74260626  0.47830215
  -2.47157249 -1.49251804 -0.83130436  0.69203181 -2.31774365 -1.58776269
  -1.95878408  1.79435073  1.83284074  1.18178793  0.17578558 
   1.69466871  0.89038403 -1.23468271 -0.26708303 -0.95634776 -0.14980757
  -0.43262138 -0.57138107  1.86095432  1.75783077 -2.57758529 -2.16490179
  -0.57524912 -1.87718753  2.50849838  0.88000614 -0.59700036      3.72959141e+00  -1.05482746e+00   5.36839792e-01  -2.01556884e+00
   -1.02445452e+00   1.55735588e+00  -8.95731867e-01  -1.00636545e+00
    4.66374744e-01   6.76961266e-01  -3.07872003e-01  -3.29458781e+00
   -8.40033793e-01   6.71313715e-01   1.06131685e+00  -1.43208967e+00
   -1.06831614e-01   6.17069040e-02   8.09616071e-02  -1.25454820e-01
   -1.63590614e-01   1.62670817e+00   7.44456460e-01   2.22270202e+00
   -1.31438044e+00  -8.92235892e-01   3.16416871e-01  -9.31926276e-02
    9.78072504e-03  -1.82647072e-01   1.15688074e-01  -1.03905481e+00
    1.06790696e-02 
    5.13960469e-01   4.94046156e-01  -2.81828566e-01  -2.22766057e-01
    1.20641182e+00  -3.22071873e-01  -1.17579572e+00   7.74844321e-01
   -2.03067555e+00  -1.90697619e-01  -7.45872215e-01   7.90921370e-02
    1.14896409e+00  -9.68704337e-02   1.48472720e+00  -1.26353446e-03
   -7.33213495e-02  -1.15725710e+00   2.10311857e+00  -2.09749822e+00
   -1.36145081e+00   3.07236212e-01   5.30287446e-01   1.16819307e-01
   -1.27707896e+00   7.39283359e-01   6.27310185e-01  -4.72542587e+00
    1.41076886e+00  -1.67963239e+00   1.79127869e-01  -1.15372167e+00
    4.55144976e-01 
    5.07079844e-01  -1.34435506e-01   2.75885009e+00   1.24158089e+00
   -1.75222580e+00  -2.05397870e+00  -1.20229700e+00  -8.17581119e-01
    1.25733747e+00   1.07953920e+00   3.74121519e-01   6.51161933e-01
   -1.91608777e+00   3.99826044e-02  -5.29197828e-01  -1.26925307e+00
    2.15722516e+00   9.71151594e-02  -1.40659337e+00   1.47509427e+00
   -1.28623723e+00  -2.48837249e+00  -8.78036076e-01   1.25933579e+00
    1.39121164e+00   6.52709554e-01  -2.53504961e+00  -4.07420837e-01
    2.33616956e+00   3.60117290e-02  -2.20283746e+00   8.92808555e-01
   -2.49133857e-01 
   -1.54330538e+00   1.91545522e-01  -1.54115699e+00  -1.04872778e+00
    1.96481770e+00   1.27802842e+00   1.19255703e+00   6.60675998e-02
    5.10959185e-01  -9.06116676e-01   2.95888607e+00  -1.95884130e+00
    2.52138029e-01  -8.15983538e-01  -3.29717316e+00   2.05152332e-01
    3.88664873e+00  -1.53632342e-01  -6.23644269e-02  -2.21064327e+00
   -1.10916093e+00   4.58702203e-01   7.69498191e-01  -2.93870107e+00
    5.34611194e-01   5.20318996e-01   9.03624737e-02   1.96249960e-01
   -2.45241073e-01   3.25070633e-01  -1.67895089e+00  -5.93344679e-01
   -2.23976298e-01 
   -2.04968067e+00  -1.31073211e+00  -2.34293427e+00  -6.29909152e-01
   -8.03349875e-02  -3.20791931e-01  -2.30585373e-01  -1.36937583e+00
   -2.67959501e-01  -3.10736502e+00   1.62577104e+00  -7.34500074e-01
   -2.22637131e-01  -2.62478675e+00   2.96925687e+00  -1.77786501e+00
   -6.46542203e-02  -1.67147648e+00   2.49706560e+00  -3.63009907e-01
    1.24398374e+00  -1.10959292e+00  -3.53083151e+00   2.14785590e+00
    1.75701513e+00   1.20379866e+00  -1.51829223e+00   1.30890331e-02
   -8.70895384e-02  -6.56385125e-03  -1.00290861e+00   1.94986892e+00
   -2.03487080e-01 
   -1.76131631e+00  -3.12770542e-01   5.39329867e-01   1.97234250e-01
    1.19797725e+00  -6.53043769e-01  -5.00356432e-01  -3.56865475e+00
    1.17603765e+00   1.07129067e-01  -2.49558202e-01   4.18417585e-01
   -1.02671188e+00   1.87439886e+00  -7.32944087e-01  -2.14204980e+00
   -1.39296499e+00   6.91579610e-01  -2.27158438e-01  -2.47444985e+00
    4.29532911e+00   5.39187356e-01  -2.48007136e-01  -2.80093614e-01
    6.34332134e-01   6.43245265e-01  -1.21141424e+00  -1.74569437e+00
   -3.84375091e+00   7.96917443e-01  -1.93902568e-01   4.15745819e-01
    1.60920631e-02 
    8.51521506e-01  -1.55488992e+00  -5.13183374e-02  -7.53455781e-01
   -1.79238987e-01  -2.74127649e+00   9.27194763e-01   1.04612485e+00
    5.94111929e-01  -2.03980654e+00  -5.42065999e-01   2.78639678e+00
    3.01337387e+00  -1.65706948e+00  -1.08135175e+00  -3.99811975e+00
   -8.56218074e-01   6.35859902e-03   1.28681696e-01  -7.18165569e-01
   -8.80899718e-01  -1.58278846e-01  -3.40413764e-01  -8.13780268e-01
   -1.34583093e+00  -2.10628157e+00   8.88820590e-01   3.92538310e-01
    5.72572099e-01   2.68919757e+00   1.13651682e+00   1.02376968e-01
   -4.55430791e-01 
    1.13612051e-01  -6.68019949e-01   2.20873187e+00  -6.65734670e-01
    1.92538567e+00  -6.86229020e-02  -9.02577620e-01  -2.21516925e-01
   -1.47095726e-01   5.16928129e-01  -4.44855430e+00   1.34262188e-01
    3.34910516e-01  -1.99553972e+00  -4.95196937e-01   2.25011945e+00
   -2.55509009e+00  -4.77114719e-01  -2.30666919e+00  -2.26535057e-01
   -2.64451565e+00   1.37111432e-02  -3.03394462e+00   3.27778193e-01
   -2.66242258e-01   3.51921163e+00   3.19625214e-01   7.72896529e-01
   -1.47362692e+00   8.22889904e-01   1.22423552e+00  -1.77315394e-01
   -1.18684542e+00 
   -2.14564911e+00   2.49927746e+00   1.27253168e+00   1.59958672e+00
   -2.11710054e+00  -3.12550490e-01   1.25164954e+00  -2.43505457e+00
    2.45487279e+00   3.54768523e-01   7.86919936e-01  -1.62612845e+00
    1.03781113e+00  -1.74668805e+00   1.74852815e+00   1.15766703e+00
   -6.48643842e-01  -2.56628594e+00  -4.54508807e-01   4.36872054e-01
   -1.49064029e+00  -1.82051169e+00   2.31371341e+00  -1.27724560e+00
   -2.05864095e+00  -4.14352813e-01  -6.93426753e-02   2.15523573e-01
   -1.50961214e+00   4.77561664e-02   1.42158180e+00  -2.03310257e+00
   -6.50122499e-01 
    1.18539312e+00  -1.00520519e+00  -9.69430343e-01  -1.61345551e+00
   -4.68207149e-02   1.24980605e-01  -1.08990689e+00  -2.61192317e+00
   -2.68959736e+00  -2.65998537e+00  -1.97760947e+00   2.02533137e+00
   -2.60908091e+00  -1.47218700e+00   3.57877172e-01   3.53601143e-01
    5.21536015e-01  -9.82210373e-02  -2.27541811e+00   1.70754842e+00
    1.32851051e+00   1.24136442e+00   5.16937114e-01  -2.49616731e+00
    2.69831669e+00  -9.80305689e-01   2.21165892e+00   6.23417344e-01
    2.83093466e+00   4.51942181e-01   3.14571030e-02  -2.05185879e+00
   -4.87782580e-01 
    1.46280088e-02  -3.02750624e+00   5.21032918e-01   1.05583843e+00
   -5.81585769e-01   1.40793844e+00  -1.22633854e+00  -2.23925998e+00
   -1.94167341e+00  -2.07029060e-01   1.19360462e+00  -3.69312504e-02
   -2.60588658e+00   1.88783932e+00  -3.40052680e-01   2.98200783e-01
    3.63984463e-01  -1.40030264e+00   1.15241421e+00   1.60099363e+00
   -8.04120441e-01  -1.33966516e+00  -1.41230321e+00  -2.96535737e+00
   -1.60920061e+00  -1.69766752e+00   3.70377467e+00   9.65036407e-01
   -1.18534763e+00  -3.44880517e-01   1.62397604e+00   2.68560740e+00
   -5.45707250e-01 
   -1.15178168e+00   4.74238017e+00  -1.46404025e+00  -2.63467173e+00
   -2.23132494e+00  -1.21199388e+00  -1.17450391e+00  -1.57367303e-01
    1.10036287e+00  -2.40102731e+00  -2.70328845e+00   3.46864022e-01
   -6.55823899e-01   1.36802187e+00  -3.74866490e-01   1.63563272e+00
   -5.72517514e-01  -5.58064871e-01  -3.20000889e-02  -9.19406352e-01
    7.84672833e-01   1.81036620e+00  -6.27039278e-01   1.01579212e+00
    4.27739986e-01  -1.66234455e+00  -1.55089680e+00  -5.89317455e-03
    1.13198081e+00  -1.00223018e+00   1.82258931e+00   1.24786794e+00
   -6.99402347e-01 
   -4.29958642e-01  -9.72159764e-01  -2.53619477e+00  -2.12849258e+00
   -2.17309930e+00   9.96699877e-01  -8.64754170e-02  -1.82049283e-01
   -7.01375384e-01   3.71002331e+00   1.07746675e-01   2.22257012e+00
   -9.88028687e-01   4.23434433e-01  -5.60666432e-01  -1.34390198e+00
   -1.14177058e-01  -1.12386550e+00  -4.73695252e-01  -1.52470251e+00
    2.86981872e-01  -3.51668594e-01  -9.00264761e-01  -7.10448958e-01
   -1.29089535e-01  -2.04920012e-01  -1.97926102e+00   5.09863789e-01
    1.58453507e+00  -1.26463501e+00   2.10609697e+00  -4.34770629e-01
   -2.24652319e-01 
   -2.33724567e-01  -7.98465865e-01   4.77568672e-01   1.97657723e+00
   -2.45259005e+00   1.36593351e+00  -2.51838775e-01   1.14823333e+00
    9.68091128e-01  -7.58130510e-01  -9.51138837e-01   1.31721632e-01
   -1.72834259e+00  -7.53846025e-01  -2.76034820e+00   2.21589563e+00
   -3.13984718e+00   4.90653728e-01   1.03384411e+00  -8.48002337e-01
    8.93235638e-01  -5.62823528e-01   1.49860983e+00   3.74590630e-01
    2.30892775e-01  -2.13818321e+00   9.53480114e-01  -1.36001177e+00
   -1.56347168e-02  -1.20267613e+00  -9.35833752e-01   7.45571668e-01
   -5.99077638e-01 
   -5.90361740e-01   2.30450490e+00   3.32074416e-01  -1.10453560e+00
   -9.76801042e-01  -2.29245828e-01   9.64410175e-01   1.57391811e+00
   -1.13615538e+00   2.69023197e-01  -1.00847972e+00  -6.33142494e-01
    2.22570012e-01   3.66382413e-01   2.05346621e+00  -1.21438460e+00
    4.86630719e-01   2.55003452e-01  -1.44975054e+00   4.32698623e-01
   -8.22576287e-01   9.64426775e-01  -3.91536762e-01  -3.97333739e-01
    1.03375132e+00  -1.22270638e+00  -4.07310768e-01  -4.28363781e-01
   -2.69836545e+00  -1.70159132e-01  -1.98744679e+00  -2.99363251e+00
   -9.87018964e-01 
   -1.52655650e-01  -1.82108091e+00  -2.43204987e+00   2.11188533e+00
    1.40536044e+00   8.85894625e-01  -4.05912046e-01  -5.04965852e-01
    2.15611291e+00   1.28952581e+00   2.03643297e-01   5.57146112e-01
   -2.84841372e-02   2.71037700e-01  -1.06455744e+00  -6.38734346e-01
   -2.47544312e-01  -1.94864875e+00  -9.44510749e-01   1.69866385e+00
   -4.17472850e-01   7.65342222e-01   4.67920303e-01  -1.59705986e+00
   -4.83866641e-01  -1.62473012e+00  -1.66019344e+00  -6.77212062e-01
    1.14595351e+00  -4.93006063e-01  -9.00671807e-01  -6.76021212e-01
   -1.94091973e-01  