NN 16 32 16   -2.75070144e+00  -5.55049823e-01  -5.48117227e-01   6.69368268e-01
    1.34047642e+00  -5.85290641e-01  -1.06300113e+00  -1.21671430e+00
    1.90440108e+00  -1.23182124e+00   9.30390910e-03   7.19568960e-01
    6.62412043e-01  -1.82083935e-01   1.13987997e-01  -2.77311893e-01
   -6.86972715e-01 
    3.75239238e-01   7.90417086e-03  -4.21616702e-01  -7.05860950e-01
    8.73583216e-01  -9.70670255e-02  -1.08916579e-02   5.19434715e-01
   -1.83792135e+00   6.20602829e-01   1.54770885e+00  -2.80682409e+00
    5.02940011e-01   6.76951439e-01  -1.20715782e+00   1.10265508e+00
    5.11907419e-01 
   -3.44401576e-01   9.44661733e-03  -2.15060683e+00   1.13061430e+00
    1.98931716e+00  -1.25044263e+00  -4.90720934e-01  -1.05781523e+00
   -9.34952091e-01   2.31281374e-01   2.39052467e-01  -5.52006136e-03
    1.45854620e+00  -9.24626818e-01  -1.90023804e-02   1.23476776e+00
    1.83272260e-01 
    1.35846643e+00  -7.54449605e-01  -7.11067849e-01   6.79364659e-01
   -2.06885753e-01  -8.51122226e-01   1.02180562e+00  -1.99667829e-01
   -1.10195256e+00   8.35209140e-01  -1.00348039e+00   1.40598099e+00
    1.39057785e+00  -1.55201295e+00   8.21463586e-01  -1.47811703e+00
   -3.93735891e-01 
   -2.46850065e-01  -1.15979158e+00   1.17122413e+00  -9.34903750e-01
   -4.33524661e-01  -7.48361397e-01  -1.25309466e-01  -1.51493448e+00
    1.35069183e+00  -1.23922056e-02  -2.88820868e-01   1.46549728e+00
    1.39201873e+00   1.71521378e+00   1.65341466e-01  -1.27536146e+00
   -7.22546710e-01 
   -2.31638435e-01   8.66848697e-01   9.42826823e-01  -1.00036489e+00
    3.11598675e-01   9.87549407e-01   1.08165334e+00   8.38682069e-02
   -1.24025403e-03  -2.89128163e-01  -9.21980323e-01   6.79821747e-01
   -5.89999973e-01  -1.08356590e+00  -1.61117367e-01  -1.55586870e-01
   -1.03541173e-01 
    3.10752050e-01   1.32707141e+00   1.17075926e+00  -1.39480931e+00
   -2.31999827e-01  -7.81313056e-02  -1.53972342e+00   8.16855331e-01
   -5.65086017e-01   4.34871835e-01   6.76063286e-01   5.57373517e-01
   -2.28176566e-01  -3.21585974e-01  -1.03656325e+00   7.26804917e-01
   -5.46119497e-01 
    4.37229692e-01  -1.22111708e+00   7.92595109e-01  -4.67112359e-01
    5.70492884e-01   3.08808898e+00  -1.46019175e+00  -1.64535128e-01
    1.83920935e+00   1.92330341e+00   7.69186393e-01  -8.73577000e-01
   -7.31597672e-01  -1.95490071e+00  -1.07478254e+00  -4.23762110e-02
   -7.64197954e-01 
    3.44462196e-01   1.99516151e+00  -9.75929835e-01  -4.61219326e-01
    7.63382067e-01  -1.09867559e+00  -5.23435371e-01  -1.46388987e-01
   -1.42179080e+00   2.06250382e+00   1.08475938e+00  -7.66444110e-01
    4.56099717e-01  -1.48320700e+00   8.96786297e-01  -1.01357094e+00
   -9.92907382e-02 
   -1.30231576e+00   1.69054622e-01  -7.80685853e-01   9.07392175e-01
    1.71240843e+00  -6.09416677e-01   1.25543336e+00  -6.56328142e-01
   -6.54004590e-01   1.41974727e+00   3.11153367e-01   1.62482738e+00
   -2.04353037e+00   4.29391809e-01  -4.99541519e-02  -1.03259966e+00
    2.07163518e-01 
   -5.22400119e-01   7.69720291e-01  -2.01101121e-01  -2.32227022e+00
   -1.80056853e+00  -9.72028432e-01   2.88896451e-01   3.14357053e+00
   -7.19092894e-01   7.42589857e-01  -8.18273042e-01   1.95348856e+00
   -5.37036847e-01  -2.41296689e-02   5.37730042e-02   5.04244551e-02
   -5.71719748e-01 
    2.08636788e+00  -1.03314599e+00   4.56979611e-01   1.68820879e+00
    1.10557793e+00  -7.86942723e-02  -1.37083790e+00   4.79861018e-01
    3.65444070e-01  -7.36417987e-01  -3.03451120e-01  -4.56288085e-01
   -2.24830002e+00   2.28327835e-01   6.27165696e-01  -4.89774163e-01
   -1.66192136e-02 
    9.59430828e-02  -1.34307452e+00   9.63037788e-01  -2.63882765e-01
    3.30625510e-01  -1.15757374e-01  -2.73714549e+00   3.39487189e-01
   -1.67419283e+00   8.62194031e-01   2.43285186e+00   3.67184663e-01
   -2.71027646e-01   9.78236830e-01  -4.81668226e-01  -3.70198748e-01
   -9.61131544e-01 
   -2.38120319e-01  -2.49594888e-01  -7.71448255e-01   3.61424108e-01
    1.83349590e+00  -1.58003907e+00   7.16324066e-01   4.34351987e-01
    8.10950612e-01   1.51088862e+00  -1.87545836e+00  -1.64215383e+00
   -4.85169109e-01   6.18168236e-01  -2.58095143e-01  -1.86009828e-01
   -5.48513398e-02 
    7.05842166e-01  -1.87848085e+00   1.40508143e-02   2.36858873e+00
   -1.85429268e+00   1.03750171e+00   2.18090244e-01  -4.41690945e-01
   -1.46839205e+00  -7.75912918e-02  -1.63436458e-01  -5.18357831e-01
    6.31519121e-01   2.08532781e+00  -1.46813994e+00  -4.82039365e-02
    5.83133382e-01 
    1.08800116e+00  -9.07709868e-01  -1.94359149e-02   1.70623906e-01
   -1.74180813e-01   4.74455194e-01   2.73984405e+00  -2.48206468e+00
   -1.38670060e+00  -5.63988398e-01  -2.76166506e-01  -9.47270758e-01
    1.40250500e+00  -1.48049825e+00   5.57183576e-01  -1.50192318e-04
    3.78602994e-01 
    1.55093464e+00   4.30334477e-01  -2.44548497e+00  -3.36034752e+00
    3.52075672e-01   1.24954744e-01   1.02206461e+00   1.56184316e+00
    5.70682183e-01  -3.85642875e-01  -1.06695817e+00  -4.93537027e-01
   -2.63092478e-01   1.88742859e+00  -4.99698753e-01   7.27831587e-01
    6.47009137e-02 
   -1.32432092e+00   2.18782660e-01   8.33866732e-02   1.77679872e-01
    7.46785635e-01  -7.45785257e-01  -2.46566071e-01   2.49618907e-02
    1.18716582e+00  -5.96207839e-01   7.32197788e-01  -1.90432981e-01
    6.24996771e-01  -6.69626015e-01  -3.78541719e-01   8.40693890e-01
   -4.71710153e-01 
   -1.49532744e-02  -1.58894427e+00   1.50847307e+00  -3.82614495e-01
   -2.09091262e+00   3.83099181e-01   1.00824389e-01   1.44800199e+00
    5.65478341e-01   1.59434577e+00  -1.70749701e+00  -5.96670179e-01
    3.77586931e-01  -9.38357953e-01   4.81311055e-01   4.80441421e-01
    8.93112941e-02 
   -1.13581466e+00   5.77402484e-01  -1.01124605e+00   1.55065598e+00
   -6.08188554e-01   1.80961152e+00   3.61934332e-01  -1.07420144e+00
   -2.46297998e-01  -1.64018669e+00  -6.01203722e-01   6.40156664e-01
    1.56676799e+00   4.49687425e-01  -1.39873613e-01  -1.43646019e+00
    4.36552690e-01 
    2.48142327e-01   2.22536079e+00   1.17788459e+00  -5.65592247e-02
   -2.35173010e-01  -3.56011316e+00   8.70242063e-01   2.75675634e+00
    1.24707659e+00  -1.31164736e+00   5.00230713e-01  -7.90742185e-01
   -5.73417310e-01  -2.97098724e-01   4.41311308e-01   1.27693805e-01
   -1.11759661e-01 
   -2.25724228e+00   5.72106521e-01   1.52180352e+00  -6.88040820e-01
    1.42331308e+00  -9.67489560e-01  -3.59713882e-01  -5.80064199e-01
    1.67193495e+00  -1.09389080e+00   2.15323020e-01  -1.69775303e+00
    4.44757351e-01   6.24210216e-01  -9.51292830e-01  -1.97745606e-01
    5.61334733e-01 
   -4.34017390e-01  -5.88762043e-01   7.25937864e-01  -1.13375573e+00
    1.81867872e+00  -1.41682625e+00   2.87402490e-01   1.79864714e+00
   -2.00741473e+00  -6.42736145e-01   9.70755583e-01   6.33327351e-01
    6.97991771e-01  -5.78075499e-01  -2.68896353e-01  -3.47172099e-01
   -2.70644092e-01 
   -1.59195215e+00  -2.77582390e-02  -1.24969238e+00   1.77728592e+00
   -9.31263963e-01   7.66691764e-01   4.23041178e-01  -8.17434201e-01
    1.39620327e+00   1.59837139e+00   1.29737222e+00  -1.54591965e+00
    5.45801531e-01  -1.19754956e+00   3.49931865e-01  -1.01827225e-01
   -5.65383407e-01 
    1.49291051e+00   1.26531708e+00  -1.35131164e+00  -5.91192902e-01
   -2.65304624e+00  -6.47840385e-01   7.76842218e-01   4.35049856e-01
    1.11742090e+00  -2.39388585e+00   1.99571475e+00  -1.39811727e-01
    7.99420474e-02  -1.35276188e-01  -5.62528888e-01   8.86407198e-02
   -1.35345154e-01 
    1.20225213e+00  -7.41495721e-02  -1.33487061e+00  -2.42154448e-01
   -8.82821302e-01  -4.83714792e-01   2.05947047e+00  -2.79649802e+00
    9.93050255e-03  -4.72471025e-01   5.98514530e-01   1.09220207e+00
   -1.22351872e-01   1.15438899e+00   9.37357837e-01   5.13426401e-01
   -6.14525558e-01 
   -8.58261911e-01  -7.36124623e-01   1.65314461e+00  -1.50700911e-01
    1.12186420e+00   1.33969560e+00  -2.07241810e+00  -4.11160833e-01
    1.95000085e-01  -6.81539669e-01  -2.44098399e+00   4.02794428e-01
    1.33526141e+00  -9.88692352e-01   1.27273155e-01   1.84302838e+00
   -2.15264517e-01 
   -8.38452850e-01   2.17928555e+00   1.26108093e+00   2.09945903e-02
   -6.37004265e-01   1.98727015e+00  -3.58814764e-01  -2.81722445e-01
   -1.12767520e+00  -1.25804590e+00  -5.53768307e-01  -3.44404935e-01
   -8.46368964e-01   5.03921738e-01  -1.10655470e-01   4.34037366e-01
   -4.20671531e-01 
   -2.68135072e-01  -1.35633542e+00  -6.43455361e-01   2.61618318e-01
    6.66573677e-01   2.15670504e+00  -7.89938709e-01   6.43958110e-01
    5.30721027e-01  -1.91773248e+00   1.03756761e+00  -1.77841301e-02
   -1.13477922e+00   1.41590171e-01   1.81310043e+00  -1.09157585e+00
    3.50535682e-01 
   -4.32542008e-01   1.46504559e+00   6.31337658e-01  -4.46719684e-01
    4.63371475e-01  -1.06864977e+00  -2.05077812e+00  -1.49199843e+00
   -2.05533389e-03  -5.04719488e-01   8.15961433e-04   5.38779334e-01
    5.03563926e-01   3.05084203e-01  -1.26197825e-01   8.20234477e-01
    8.59231844e-02 
   -1.36706935e+00   8.94272726e-02   2.17247947e+00   1.41055763e+00
    1.01186299e+00   2.14088628e-01  -1.25399816e+00  -8.90825124e-01
   -5.17275719e-01   6.23206836e-01  -1.61636843e+00  -1.29367283e+00
   -1.28650166e+00   9.53397311e-01   8.78396433e-01   6.15229443e-01
    1.89444046e-01 
    1.17579607e+00   7.74425216e-01  -7.92937857e-01  -2.76277442e-01
   -6.44467116e-01  -1.62417435e-01  -8.19079805e-01  -1.96308871e-01
    1.35629887e+00   1.15323751e+00  -1.72105877e+00  -1.23501348e+00
   -3.21196090e-01  -1.34147663e+00   2.02876170e+00   3.92171250e-01
   -4.27683188e-01     2.65471201 -0.51605753 -0.06113699 -1.71690189 -0.52244019  0.44048834
  -0.23145811 -0.77368133  0.61024078  1.18180798  0.61557165 -2.4690332
  -0.91797207  0.14775281  0.34845384 -1.57930724 -0.48982864  0.42660728
   0.13130007  0.66354901 -0.38684063  2.47688224  0.48309283  1.9051992
  -2.22270143 -1.06019816  0.4196116  -0.22985039 -0.29787032 -0.30271628
   0.64766757 -1.59925173 -0.23671467 
   0.55079613  0.18131997 -0.4150877   0.27138881  1.03369591 -0.3851276
  -1.35681937  0.93374471 -2.20606487 -0.56552085 -0.86070835  0.34931471
   1.43163442  0.13206579  1.87559806  0.39851581  0.0565356  -0.67397773
   1.81956023 -1.79503831 -1.69257839  0.29243398  0.05786389  0.30786996
  -1.50149428  0.23731592  0.78368662 -3.37208391  1.24440645 -1.47647369
   0.01385996 -1.19075759  0.05074203 
   0.91799963  0.20525945  2.57174715  0.548951   -1.92265772 -0.85126683
  -1.09676096 -0.94957596  1.481875    1.1567401   0.18959163 -0.16563989
  -1.63206924  0.40600323 -0.38025869 -1.1890178   2.15093508 -0.24992286
  -1.30769544  1.12378427 -1.22020706 -1.94356779 -0.86800314  1.16398875
   1.16406652  1.19882447 -1.82809981 -0.91491557  1.66519253 -0.44414343
  -2.64316344  0.71616629 -0.40393117 
  -0.97028989  0.85566908 -1.24391547 -0.83988311  1.26953315  1.10898554
   1.25500885  0.22678803  0.22151307 -0.8911515   2.03943241 -2.27780091
   0.64108818 -0.86318729 -3.02518741  0.05616534  3.69902584 -0.32563456
   0.94381895 -1.75274969 -1.14159396  0.72155698  0.98686351 -2.66414346
   0.16308107  0.45642633  0.36582028  0.04766812 -0.32665231  0.38659421
  -1.71470717 -0.25669485 -0.11397789 
  -1.1743435  -0.99447604 -1.83960597  0.02801456  0.29745853 -0.19170591
   0.36941037 -0.99963568 -0.41303664 -2.49632868  1.3201565  -0.26091171
  -0.38766031 -2.25207279  2.35439588 -1.06495692  0.04026821 -1.33584085
   2.64457805  0.13736096  1.55628939 -1.16442965 -2.62127057  2.0158747
   1.77824419  1.55098756 -1.42276924 -0.46922134 -1.09429657 -0.6607349
  -0.9162838   0.96815055 -0.06330599 
  -0.24516651  0.006768    0.6509185   0.91234574  0.80447788 -0.63846376
  -0.33523429 -3.3242739   0.94662578  0.06951346  0.00589782 -0.21063046
  -0.51674565  1.89847906 -0.91484432 -1.73623518 -0.92944406  0.30940577
  -0.29247709 -2.76304938  4.25772161  0.45472019  0.56176376  0.04876221
  -0.29767597  0.48879002 -1.60467608 -1.47611968 -3.19090965  0.62866027
  -0.27736536 -0.0304216   0.05255992 
   0.44438414 -0.46064305  0.37089538 -1.29304784 -0.5561914  -1.16647365
   1.38692139  0.89691226 -0.08076352 -2.28080712 -0.48193105  1.79677419
   3.19821771 -1.48880966 -1.12394297 -3.59178815 -1.0549992   0.11416581
  -0.53007662  0.34870596 -0.90370751 -0.35244941 -0.46004355 -0.6255022
  -1.80573002 -1.57255035  1.07073845  0.43475774 -0.01082144  2.57673582
   0.40291103  0.6677294  -0.34266052 
   0.06566854 -0.78638815  1.82046262 -0.63710422  1.17763673 -0.09272652
  -0.96969284  0.33475378  0.08002629  0.29317549 -3.81598716 -0.06395722
  -0.49685022 -0.90049579 -0.44402754  2.10497114 -1.96800433 -0.53334643
  -2.28711598 -0.11607469 -2.27331265  0.05089659 -2.53486041  0.37310618
  -0.19961714  2.67399469  0.57576733  0.5004083  -1.51749204  1.11247294
   0.83755158 -0.3476766  -0.46566333 
  -1.6450484   1.9678664   0.97502321  1.04210076 -1.7910032  -0.21171638
   1.09688595 -1.95813398  1.77766692  0.06906011  0.39270577 -1.3580915
   0.98994945 -1.35477131  1.81704452  1.42205494 -0.87432946 -1.69128603
  -0.43039593  0.43852629 -1.30212517 -1.43717486  1.92641908 -1.54318031
  -1.22507454 -0.67132866 -0.05446115  0.728307   -1.06890864 -0.20222324
   1.09582956 -1.44765651 -0.48101953 
   0.64864681 -0.53827756 -0.4844513  -1.04946295 -0.29291427 -0.01863192
  -0.81496085 -2.25177629 -2.1031344  -2.02626149 -1.73696915  1.34330021
  -1.79782391 -1.33331865 -0.0666501  -0.1481175   0.7107687   0.08079344
  -1.9105164   1.8046903   1.02617228  1.15277677  0.78816785 -2.38765264
   2.44858642 -0.36625642  1.25397784 -0.03242838  1.90572919  0.21762397
   0.05319497 -1.29943318 -0.03244791 
  -0.59856864 -1.9990665   0.13117259  0.70226222 -0.4693282   0.75860671
  -0.84678759 -2.13915035 -1.09630234 -0.13122332  0.94884135  0.75626693
  -2.52669687  1.83814879 -0.3592893   0.17576945  0.91035146 -1.04990328
   0.80623462  1.27959034 -0.5353029  -0.88840136 -1.08237144 -2.271467
  -1.82182991 -1.53681257  2.75953935  0.59883014 -0.91207167 -0.5027359
   1.24103482  2.02778139 -0.1977678  
  -1.412673    3.39192657 -0.87176223 -2.32159919 -1.78426709 -0.80779996
  -0.96600598  0.42865304  0.9402345  -1.97059889 -2.29952328  0.02799939
  -0.91075056  1.39412313  0.34349097  1.35009812 -0.70777088 -0.38061335
  -0.06111418 -0.57701545  0.79799547  1.79568109 -0.41279766  0.77622407
   1.03784016 -1.79370628 -1.12879187  0.06707275  0.68096795 -0.71235416
   0.8875584   1.01074167 -0.34203765 
  -0.48482926 -0.64119863 -2.35483226 -1.75359763 -1.84165141  0.71501428
   0.24987412 -0.23666141 -0.38550496  2.42854389 -0.08106277  1.9614407
  -1.06615796  0.05909737 -0.18567208 -1.18537604 -0.05202327 -0.99270748
  -0.26294022 -1.07762191  0.5597143  -0.44479749 -0.78213798 -0.6907264
   0.12903059 -0.32573269 -1.41645896  0.42675512  1.31492427 -1.04568023
   1.58666956 -0.38064418 -0.17256124 
  -0.29760994 -0.72264073  0.57989694  1.60279352 -1.94044793  0.97987844
  -0.1908055   0.73552162  0.81998548 -0.61861775 -0.87181472  0.0327225
  -1.49526733 -0.54336865 -2.2095691   1.60203175 -2.45957631  0.20817622
   0.81417385 -0.66128631  0.55071731 -0.64176793  1.13156735  0.24329503
   0.33664228 -1.86725316  0.86698978 -1.14563495  0.22350657 -0.82416695
  -0.69744321  0.60300654 -0.35007588 
  -0.65165164  1.44079158  0.05865884 -1.04091809 -1.05812286 -0.18737966
   0.81476465  1.0222973  -0.46635474 -0.04227983 -0.63959793 -0.72788594
   0.22003706  0.34044118  1.08856593 -1.01800573  0.43137875  0.13951641
  -0.92155278  0.35225366 -0.46618496  0.76613932 -0.11131288 -0.32183515
   0.80157587 -1.29945622 -0.53419866 -0.16426635 -1.41549133  0.0099749
  -1.42005605 -2.10550466 -0.8135757  
  -0.36562328 -1.23835469 -1.76147429  1.17313059  1.09430303  0.70220642
  -0.45007874 -0.36023868  1.1795933   0.9755041   0.05000913  0.09479792
  -0.38082611  0.17892356 -0.81773676  0.02777736 -0.06373949 -1.27840431
  -0.60510217  1.19730844 -0.70690437  0.41846908  0.12182921 -1.18164176
  -0.46209504 -1.17253655 -1.35007068 -0.38719699  0.80139164 -0.49425315
  -0.7996876  -0.38585668 -0.14570918  