NN 16 32 16   -3.64035893e+00  -9.67449006e-01   7.14561082e-05   5.98298780e-01
    2.39621066e+00  -8.92544393e-01  -1.91755354e+00  -1.94616713e+00
    3.07116107e+00  -1.26943293e+00  -1.23696707e-01   3.47010568e-01
    9.03724377e-01  -1.90177621e-01   2.89817765e-01  -4.54062044e-01
   -7.82776899e-01 
    6.24404096e-01  -5.13399488e-01  -4.84574128e-01  -2.54987671e-01
    1.07031426e+00  -5.31929828e-01   1.47027401e-02   5.18095080e-01
   -2.55551358e+00   6.35913412e-01   2.08116943e+00  -3.71150709e+00
    6.37582996e-01   6.38174885e-01  -1.99760263e+00   1.24064550e+00
    5.04466208e-01 
   -8.53905333e-01   7.79025844e-02  -2.61715915e+00   8.43586752e-01
    2.50150738e+00  -1.83488801e+00  -5.24623234e-01  -6.73239326e-01
   -1.00117813e+00   5.64117320e-01  -9.36172158e-02   2.28310790e-01
    1.48064458e+00  -7.59109232e-01  -2.15767162e-01   1.96823434e+00
    1.42699239e-01 
    1.60649741e+00  -7.60338265e-01  -1.35505329e+00   1.01872589e+00
    3.65501358e-02  -1.12167066e+00   8.82086880e-01  -3.05531037e-01
   -1.45202248e+00   8.52331090e-01  -1.47663049e+00   1.69925594e+00
    1.72284832e+00  -1.55396998e+00   1.15187758e+00  -1.86014797e+00
   -2.16431120e-01 
   -3.40129725e-01  -1.46468252e+00   1.51790253e+00  -1.09961911e+00
   -2.48533032e-01  -6.29927428e-01   8.88273333e-02  -2.05035931e+00
    1.17000371e+00  -4.96522357e-01   3.67909636e-02   1.98632754e+00
    1.55713100e+00   2.15128951e+00  -1.18529662e-01  -1.45255408e+00
   -7.16721683e-01 
   -4.04324883e-01   1.16978885e+00   1.74335804e+00  -1.23871071e+00
    7.01806936e-01   1.27107354e+00   1.88364477e+00  -3.05647285e-01
   -1.05238941e-01  -2.70305499e-01  -1.97103368e+00   4.34586481e-01
   -8.09502436e-01  -1.38772810e+00  -4.01745684e-01  -1.16774996e-01
    3.82404202e-02 
    7.66445038e-01   1.56113246e+00   1.54337302e+00  -1.83004434e+00
   -1.58028080e-01   6.74744036e-02  -1.78920761e+00   1.19105401e+00
   -5.85418189e-01   4.58982069e-01   7.61115195e-01   2.82945872e-01
   -2.07625859e-01  -4.07811908e-01  -1.41260530e+00   8.02599143e-01
   -6.87191741e-01 
    7.86138758e-01  -1.27482205e+00   1.10677039e+00  -3.49509543e-01
    5.55707465e-01   3.96936477e+00  -2.06985153e+00  -1.01743501e-01
    2.34364436e+00   2.20076006e+00   4.97172338e-01  -5.26347980e-01
   -6.23998942e-01  -2.62158493e+00  -1.28965741e+00  -7.85566345e-02
   -6.56348941e-01 
    1.18026014e-01   2.67859357e+00  -9.70963402e-01  -8.50675679e-01
    7.96520678e-01  -1.25727012e+00  -1.09161385e+00  -1.76664323e-01
   -1.61293493e+00   2.37023289e+00   1.38278121e+00  -1.22009622e+00
    7.78388305e-01  -1.67742801e+00   1.32064410e+00  -1.53584295e+00
   -1.35160672e-01 
   -1.36733596e+00  -1.02374998e-02  -6.79756611e-01   1.19392325e+00
    1.79561966e+00  -8.52037906e-01   1.17021561e+00  -7.79794199e-01
   -9.33278133e-01   1.10293850e+00   5.23325098e-01   1.90362361e+00
   -2.60989116e+00   5.64136390e-01  -5.00083388e-01  -1.27438408e+00
    3.63728234e-01 
   -4.63630523e-01   4.58497853e-01  -2.46480565e-03  -2.80586839e+00
   -2.03765321e+00  -1.41913919e+00   1.64000758e-01   3.96492899e+00
   -1.20099383e+00   5.84567730e-01  -7.74845536e-01   2.82774932e+00
   -1.01378588e+00  -3.39365037e-01  -1.35913055e-01  -3.38383535e-02
   -6.50002028e-01 
    2.82431188e+00  -8.50966267e-01   2.22656993e-01   1.91950830e+00
    1.52278605e+00  -5.34652894e-01  -1.23697619e+00   6.78056943e-01
    2.34002483e-01  -1.09741171e+00   3.98630626e-01  -4.35502498e-01
   -2.86798291e+00   3.97206437e-01   9.40625734e-01  -8.70197578e-01
   -1.58324952e-01 
   -1.88020012e-01  -2.04782065e+00   1.30715880e+00   5.05687504e-02
    7.75846400e-03   2.12111624e-01  -3.38694590e+00  -2.01943617e-03
   -1.74382479e+00   9.97069231e-01   2.91350984e+00   2.15456831e-01
   -4.18785164e-01   1.21954826e+00  -6.68031345e-01  -6.84474258e-01
   -1.26181875e+00 
   -4.06009886e-01   2.90547900e-01  -5.13859015e-01   7.63875386e-02
    2.21554314e+00  -1.92288098e+00   7.86855442e-01   7.91156939e-01
    1.03934441e+00   1.57808403e+00  -2.29203556e+00  -1.77038447e+00
   -9.49354082e-01   3.76258047e-01  -3.85034539e-01  -1.46467784e-01
   -1.33973166e-01 
    1.48689117e+00  -1.87296466e+00   4.39439444e-01   2.81026323e+00
   -2.27501662e+00   7.22529067e-01   4.19754633e-01  -9.20229239e-01
   -1.69363100e+00  -7.80815307e-02  -3.47526619e-01  -3.28558626e-01
    6.77598397e-01   2.25201610e+00  -2.08064604e+00  -1.69816287e-01
    5.27342091e-01 
    1.39990526e+00  -9.76947768e-01  -2.18104642e-01  -1.06136352e-02
   -1.49584527e-01  -2.81027518e-01   3.06530834e+00  -2.85591009e+00
   -1.33640363e+00  -8.11217596e-01  -3.88961448e-01  -8.62907571e-01
    1.32031157e+00  -1.82112745e+00   8.81595050e-01   5.03160118e-01
    5.25671115e-01 
    1.50705266e+00   7.28991805e-01  -2.97438452e+00  -4.10029734e+00
    9.30409844e-01   9.44791997e-02   9.91289851e-01   1.49880105e+00
    8.16928422e-01   2.39948786e-01  -8.38016339e-01  -1.08972423e+00
   -2.73595899e-01   1.78096493e+00  -4.76746739e-01   1.10142816e+00
    2.63290452e-01 
   -1.43700455e+00   4.13210250e-01  -1.86238149e-01   1.89013170e-01
    7.21982989e-01  -1.44195457e+00   1.22124068e-01   2.22522845e-01
    1.49584937e+00  -9.09305253e-01   1.07146205e+00   1.19988414e-01
    8.93290230e-01  -9.89653537e-01  -6.33420859e-01   1.19065997e+00
   -6.29906460e-01 
   -1.44832855e-01  -2.30912291e+00   2.17158317e+00  -2.42271619e-02
   -2.38452613e+00   3.01266522e-01  -1.83019687e-01   1.55555239e+00
    2.01888276e-01   1.56235591e+00  -1.61436816e+00  -4.16010472e-01
    5.92292880e-01  -1.15489650e+00   6.27021737e-01   6.42645417e-01
    1.34964763e-01 
   -1.26326034e+00   5.56698600e-01  -7.64713175e-01   1.97313763e+00
   -7.38457775e-01   1.88841486e+00   1.03593775e+00  -1.60159147e+00
   -2.34995375e-01  -1.77061878e+00  -6.44135096e-01   6.79619855e-01
    1.80512498e+00   1.84410480e-01  -2.01807013e-01  -2.14271853e+00
    3.94200935e-01 
   -1.22541075e-02   2.64289482e+00   1.08583529e+00  -5.16206955e-01
   -1.79285687e-01  -4.54995574e+00   1.27687274e+00   3.30331494e+00
    1.47132230e+00  -2.03147821e+00   7.47301385e-01  -1.82533768e-01
   -4.38190414e-01  -5.70481451e-01   7.55058509e-01  -1.91853787e-01
   -1.94944763e-01 
   -2.52750521e+00   9.00830155e-01   1.90288281e+00  -1.18666364e-01
    1.60117048e+00  -7.71004022e-01  -1.14429739e+00  -4.14374521e-01
    2.33317140e+00  -1.31266288e+00   3.37028411e-01  -1.70102418e+00
    6.16615000e-01   5.37438225e-01  -1.05507377e+00  -3.64801033e-01
    6.81217925e-01 
   -2.17316347e-01  -6.38125928e-01   6.48323009e-01  -8.45047511e-01
    2.24181717e+00  -1.30570915e+00   7.24951243e-02   2.28360654e+00
   -2.49517732e+00  -7.58000905e-01   1.26411412e+00   7.83933489e-01
    4.68468656e-01  -7.56337546e-01  -4.17802516e-01  -1.01592270e+00
   -3.34853403e-01 
   -1.99084758e+00   2.10790676e-01  -1.43054889e+00   2.00410533e+00
   -9.14062284e-01   9.60637927e-01   7.65033186e-01  -6.14782420e-01
    1.05353853e+00   1.55328868e+00   1.68158401e+00  -1.73068740e+00
    8.06247122e-01  -1.28103395e+00   5.88128191e-01  -1.79714834e-01
   -5.92273517e-01 
    1.79915618e+00   1.66436947e+00  -2.04151542e+00  -7.99138095e-01
   -3.51184850e+00  -1.13273194e+00   9.78584687e-01   6.48299938e-01
    1.30027435e+00  -2.42043136e+00   1.91364946e+00  -1.97251858e-01
    6.01869878e-01  -2.97787865e-01  -7.10352273e-01   1.65015479e-01
   -1.11527774e-01 
    1.76714197e+00   9.95749944e-02  -1.78246319e+00  -2.14226900e-01
   -1.05633339e+00  -4.94324578e-01   2.76565657e+00  -2.94665816e+00
   -1.75225672e-01  -1.51898529e-01   2.45336618e-01   9.02272962e-01
   -2.53990641e-01   1.29736130e+00   8.06548199e-01   1.09970932e+00
   -5.79039631e-01 
   -5.92224628e-01  -6.18962529e-01   1.96821338e+00  -3.61613856e-01
    1.52437540e+00   1.81136593e+00  -3.09550755e+00   2.40061027e-01
    2.52953995e-01  -8.77486115e-01  -3.16114731e+00   2.79964420e-01
    1.85919804e+00  -1.37909852e+00  -7.07363221e-02   2.92881978e+00
   -2.70782352e-01 
   -7.78331400e-01   2.64112370e+00   1.33490359e+00  -7.05442814e-02
   -1.29365348e+00   2.05661041e+00  -4.23413296e-01  -8.84112889e-02
   -9.91712793e-01  -2.10377787e+00  -2.44059985e-01  -9.77367100e-02
   -8.75909720e-01   6.09886648e-01  -5.95638551e-02   7.59521900e-01
   -4.96318097e-01 
   -3.03411297e-01  -1.11896114e+00  -1.11571211e+00   1.38346500e-01
    6.83889524e-02   2.48740327e+00  -7.58668385e-01   8.80375148e-01
    2.92666287e-01  -2.57175578e+00   1.34755671e+00  -2.03728139e-01
   -1.35362624e+00  -1.10508117e-02   2.97180786e+00  -1.44138604e+00
    6.33294700e-01 
   -2.99091872e-01   2.18964165e+00   2.46829372e-01  -7.45932127e-01
    9.03287858e-01  -1.50478970e+00  -2.40248994e+00  -1.48137527e+00
   -3.84823721e-01  -8.63604903e-01  -9.99508487e-02   9.95295808e-01
    7.74867728e-01   5.26294663e-01   1.01789342e-01   1.03491353e+00
   -2.68671916e-02 
   -1.00991705e+00   1.52964141e-01   2.62453480e+00   1.59785452e+00
    1.02837972e+00   3.39294096e-01  -2.15862534e+00  -1.17996414e+00
   -7.10955055e-01   7.11086668e-01  -1.90179618e+00  -1.43438837e+00
   -1.67289090e+00   1.46685862e+00   1.53365544e+00   1.07768638e+00
    2.45146430e-01 
    1.38836733e+00   9.48971916e-01  -1.09125660e+00  -2.39202659e-01
   -8.58436881e-01  -3.20594659e-01  -4.51422941e-01  -5.80057285e-01
    1.69554216e+00   1.51107666e+00  -2.32401367e+00  -1.92406540e+00
   -4.84482060e-01  -1.64472936e+00   2.37742840e+00   7.70421501e-01
   -5.39199651e-01      3.47011118e+00  -9.33387909e-01   2.29342554e-01  -2.02523629e+00
   -8.67169091e-01   1.22377077e+00  -7.23243946e-01  -9.52954185e-01
    4.67729705e-01   8.09364166e-01   2.31900008e-01  -3.05474014e+00
   -8.09217777e-01   3.47703629e-01   8.97613037e-01  -1.62134300e+00
   -1.80806160e-01   1.36508760e-01   2.36457759e-01   2.63248097e-01
   -2.79713508e-01   1.95318884e+00   5.79057082e-01   2.06389007e+00
   -1.59764169e+00  -8.64148963e-01   5.03327560e-01  -1.97384797e-01
   -1.20478793e-01  -4.34370987e-01   2.61476655e-01  -1.39578974e+00
   -1.57450188e-01 
    6.07650488e-01   4.84206140e-01  -2.49750730e-01  -1.11011770e-01
    9.85227574e-01  -2.00917759e-01  -1.40318776e+00   1.05554973e+00
   -2.23822780e+00  -1.61314200e-01  -9.03164679e-01   8.36340556e-02
    1.25063666e+00  -3.37229485e-01   1.62860662e+00   9.65483372e-02
    6.38401074e-02  -8.17465355e-01   2.16753819e+00  -2.06670753e+00
   -1.36254690e+00   2.04135155e-01   4.87909633e-01   1.11541308e-01
   -1.29953728e+00   7.05843060e-01   7.57498904e-01  -4.23636650e+00
    1.38641352e+00  -1.76381789e+00  -1.87740648e-02  -1.34453914e+00
    2.41406953e-01 
    6.14417522e-01   4.49301247e-02   2.84890850e+00   1.02651052e+00
   -1.83917875e+00  -1.66104454e+00  -8.93683710e-01  -9.12793471e-01
    1.60040558e+00   1.17750259e+00   4.40030703e-01   5.28245722e-01
   -2.15733066e+00   1.06803646e-01  -4.15103222e-01  -1.26860113e+00
    2.27645893e+00   2.97793166e-02  -1.38743886e+00   1.15652616e+00
   -1.32687346e+00  -2.50301090e+00  -1.17281334e+00   1.25962773e+00
    1.21997475e+00   8.69906006e-01  -2.32084144e+00  -5.86770283e-01
    1.96042012e+00  -2.56631052e-01  -2.29597120e+00   8.83699946e-01
   -2.97065684e-01 
   -1.43394894e+00   4.36472267e-01  -1.44207522e+00  -9.90093231e-01
    1.76108201e+00   1.45151803e+00   1.25921608e+00   1.44524568e-01
    4.78121209e-01  -8.31483415e-01   2.69231566e+00  -2.03504363e+00
    5.51773131e-01  -9.42562408e-01  -3.20617154e+00   1.15165102e-01
    3.84820735e+00  -1.76760033e-01   2.70555910e-01  -2.11888672e+00
   -9.69996760e-01   5.94167431e-01   8.03598729e-01  -2.92965835e+00
    5.26292817e-01   6.18100366e-01  -4.08570055e-02   1.97233920e-01
   -3.94124590e-01   3.23871093e-01  -1.64823137e+00  -6.00553172e-01
   -1.19564948e-01 
   -1.75787000e+00  -1.16726584e+00  -2.18208078e+00  -5.03023550e-01
    2.78761747e-01  -3.35363378e-01   2.58606827e-02  -1.23404101e+00
   -2.41993270e-01  -2.61439282e+00   1.41064277e+00  -5.44515174e-01
   -6.72844787e-02  -2.41050672e+00   2.79421438e+00  -1.62637262e+00
   -2.23640054e-01  -1.41969127e+00   2.52244988e+00  -5.13357560e-02
    1.30996526e+00  -1.36692047e+00  -3.08910318e+00   2.12672382e+00
    2.07927172e+00   1.41938346e+00  -1.52781265e+00  -2.00945483e-01
   -5.84304652e-01  -3.08438305e-01  -1.15955724e+00   1.59991880e+00
   -1.50690802e-01 
   -1.22274021e+00  -2.40560916e-01   6.71326243e-01   5.60901200e-01
    1.03204999e+00  -6.41203959e-01  -4.06971150e-01  -3.62763102e+00
    1.06417918e+00   6.87463683e-02  -2.05125624e-01   3.77213104e-01
   -8.79335654e-01   1.98552505e+00  -8.59053618e-01  -2.00562231e+00
   -1.31686712e+00   5.47300963e-01  -1.47620736e-01  -2.58148755e+00
    4.50098247e+00   4.22593060e-01  -1.73069051e-02  -3.63927500e-03
    1.75877711e-01   5.00734859e-01  -1.39615550e+00  -1.59743334e+00
   -3.69433330e+00   7.98780324e-01  -1.78041044e-01   3.02626894e-01
    2.59246989e-02 
    7.02127211e-01  -1.08605577e+00   1.61111554e-01  -1.08172659e+00
   -1.90222266e-01  -2.12103934e+00   1.11489589e+00   7.89046959e-01
    3.02336896e-01  -2.10023507e+00  -6.69765648e-01   2.52691651e+00
    3.01977850e+00  -1.74091562e+00  -1.09060306e+00  -3.84327332e+00
   -1.13548927e+00   1.56219077e-01  -3.16913890e-01  -2.40574863e-01
   -7.86858688e-01  -2.78356406e-01  -3.65865780e-01  -6.52611944e-01
   -1.38915414e+00  -1.69132027e+00   1.14269206e+00   3.28662109e-01
    4.02656234e-01   2.80022299e+00   6.62917425e-01   2.33587432e-01
   -3.74436368e-01 
    1.25823733e-01  -6.99773729e-01   2.15661700e+00  -6.35845473e-01
    1.69700855e+00  -2.13417561e-01  -8.39634577e-01  -8.64536150e-02
   -2.02094665e-01   4.98325650e-01  -4.22109859e+00   1.18422055e-01
    5.37858896e-02  -1.65888793e+00  -4.21538631e-01   2.19264488e+00
   -2.23423575e+00  -4.96991190e-01  -2.30355390e+00  -4.24605628e-01
   -2.38699703e+00  -2.21353983e-01  -2.76443908e+00   1.89969105e-01
   -4.42311097e-01   3.47525778e+00   4.94220820e-01   5.38287999e-01
   -1.43797534e+00   9.13825856e-01   1.08432817e+00  -1.24178747e-01
   -8.11192004e-01 
   -2.02553411e+00   2.38175595e+00   1.12181133e+00   1.29646604e+00
   -2.08809275e+00  -3.42772209e-01   1.23286219e+00  -2.28629907e+00
    2.17198646e+00   3.28301899e-01   6.57768132e-01  -1.40441653e+00
    1.15824820e+00  -1.51322566e+00   1.96558610e+00   1.18665849e+00
   -8.29828755e-01  -2.25931851e+00  -3.85011263e-01   4.98303772e-01
   -1.39791038e+00  -1.68588097e+00   2.07390244e+00  -1.32416424e+00
   -1.80275738e+00  -5.39716057e-01  -3.22127338e-03   5.60900391e-01
   -1.28476015e+00  -1.45148792e-01   1.51347568e+00  -1.82316370e+00
   -5.42425322e-01 
    9.39232589e-01  -9.34029390e-01  -8.51878341e-01  -1.29867796e+00
   -8.09707004e-02   2.71992570e-01  -8.98155431e-01  -2.33184919e+00
   -2.41581416e+00  -2.56575501e+00  -1.80545692e+00   1.66073363e+00
   -2.43177297e+00  -1.43497785e+00   1.31393235e-01   1.66891096e-01
    5.91320282e-01  -7.18910066e-03  -2.09864222e+00   1.76793636e+00
    1.26512328e+00   1.21270597e+00   5.93769768e-01  -2.62681534e+00
    2.59530728e+00  -6.52408125e-01   1.94068991e+00   4.11460856e-01
    2.35174998e+00   3.68551579e-01   5.01206070e-02  -1.74628605e+00
   -2.84176125e-01 
   -1.86238636e-01  -2.73751430e+00   3.25558065e-01   8.56117417e-01
   -6.18869243e-01   1.22671698e+00  -1.13254232e+00  -2.21824382e+00
   -1.59686802e+00  -3.50546267e-02   1.15904936e+00   1.16369109e-01
   -2.64149485e+00   1.86227611e+00  -3.38167343e-01   1.97165629e-01
    5.51065961e-01  -1.26462733e+00   1.01190177e+00   1.65464313e+00
   -7.89158803e-01  -1.29805152e+00  -1.32212368e+00  -2.61119482e+00
   -1.68072045e+00  -1.60553378e+00   3.35520393e+00   1.02000725e+00
   -1.12401274e+00  -4.23333704e-01   1.55711361e+00   2.46271104e+00
   -4.34696663e-01 
   -1.30155638e+00   4.23117050e+00  -1.23539687e+00  -2.53206950e+00
   -2.02807522e+00  -1.21473981e+00  -1.11243164e+00   1.43633531e-02
    1.07300709e+00  -2.27564655e+00  -2.60610532e+00   3.04686862e-01
   -7.05759153e-01   1.26860393e+00  -1.13032577e-01   1.62309958e+00
   -7.59424863e-01  -4.75030995e-01  -9.82221876e-02  -8.59782286e-01
    7.84643197e-01   1.83512153e+00  -5.33440970e-01   8.71577894e-01
    6.59089490e-01  -1.68606924e+00  -1.45346703e+00  -4.07195590e-02
    1.03168884e+00  -8.27419257e-01   1.51773669e+00   1.04626360e+00
   -5.92375641e-01 
   -4.39091158e-01  -9.56360563e-01  -2.52329166e+00  -2.03047688e+00
   -2.02956667e+00   8.94632135e-01   1.25853642e-02  -2.04692888e-01
   -6.44858894e-01   3.29832417e+00   4.71731155e-02   2.11250986e+00
   -1.02470739e+00   2.40640211e-01  -4.60198031e-01  -1.29046740e+00
   -9.24312885e-02  -1.10875672e+00  -4.10252548e-01  -1.40145497e+00
    3.50924623e-01  -4.09113703e-01  -8.91039211e-01  -7.25606724e-01
   -1.52632509e-03  -1.96676756e-01  -1.78308136e+00   4.57660718e-01
    1.51421110e+00  -1.19925479e+00   1.92354846e+00  -4.44125145e-01
   -2.28950498e-01 
   -3.00506748e-01  -7.93550847e-01   5.71646575e-01   1.90734457e+00
   -2.24418666e+00   1.22119813e+00  -1.95583103e-01   9.68715262e-01
    9.45923066e-01  -7.22851186e-01  -8.49902758e-01   6.22138856e-02
   -1.65207272e+00  -7.03328213e-01  -2.51709162e+00   1.98032597e+00
   -2.86272891e+00   3.89725406e-01   9.95344568e-01  -8.03290041e-01
    7.68150171e-01  -6.30286614e-01   1.38387736e+00   3.59950367e-01
    3.36630692e-01  -2.02445315e+00   9.28701575e-01  -1.28187475e+00
    9.22770932e-02  -1.03627223e+00  -8.73503067e-01   7.11304477e-01
   -4.50710800e-01 
   -6.07226661e-01   1.97669155e+00   2.42088868e-01  -1.10034101e+00
   -1.00310885e+00  -1.69256015e-01   9.26991320e-01   1.41565628e+00
   -9.41140745e-01   1.90095477e-01  -9.47071193e-01  -7.06634481e-01
    1.94648285e-01   4.19266141e-01   1.77153271e+00  -1.11132292e+00
    4.43930129e-01   2.47567398e-01  -1.25533720e+00   4.06494794e-01
   -6.59347765e-01   9.85931133e-01  -2.85752231e-01  -3.16648262e-01
    9.02435071e-01  -1.29134306e+00  -4.59814810e-01  -3.33064161e-01
   -2.30322663e+00  -1.32392422e-01  -1.76583439e+00  -2.77590472e+00
   -9.18341244e-01 
   -1.82427908e-01  -1.68964347e+00  -2.27540962e+00   1.84284942e+00
    1.39958066e+00   9.08867604e-01  -4.31638459e-01  -4.38741913e-01
    1.86178494e+00   1.25427056e+00   1.73285724e-01   4.48033444e-01
   -1.45583663e-01   2.44206513e-01  -9.96338119e-01  -4.29890020e-01
   -1.85934449e-01  -1.72011192e+00  -8.63520471e-01   1.61295453e+00
   -4.64178890e-01   7.59488873e-01   3.40044662e-01  -1.44842534e+00
   -4.96103953e-01  -1.42300835e+00  -1.59409865e+00  -5.31976652e-01
    1.11653326e+00  -4.78478102e-01  -8.44163689e-01  -5.97357381e-01
   -1.31918833e-01  