NN 16 32 16   -2.40692515e+00  -2.87766990e-01  -5.53398768e-01   7.61058495e-01
    6.55067476e-01  -2.86431761e-01  -5.20755216e-01  -4.80968363e-01
    1.23953747e+00  -8.89403594e-01   2.06342717e-01   8.85027643e-01
    5.22730271e-01  -2.08487071e-02  -3.26590881e-02  -8.07577456e-02
   -5.15504789e-01 
    2.59251305e-01   5.02509499e-02  -4.45080885e-01  -8.55164110e-01
    5.29683866e-01  -1.58306785e-01  -3.01384774e-02   5.72857063e-01
   -1.47808172e+00   3.43087706e-01   1.29735281e+00  -2.28046569e+00
    3.53334281e-01   5.94767061e-01  -5.60469766e-01   5.54173459e-01
    5.07199186e-01 
    4.87076738e-02   3.82659667e-01  -1.56071663e+00   1.11125057e+00
    1.35211269e+00  -8.52483097e-01  -7.29447963e-01  -1.27382919e+00
   -5.48974092e-01   2.74379762e-01   7.39796814e-02   2.40979842e-01
    1.57081985e+00  -6.32260546e-01   3.66769285e-02   6.29915811e-01
    4.49595442e-01 
    1.20084544e+00  -7.38528875e-01  -4.26889596e-01   5.12353968e-01
   -4.55686553e-01  -8.63798519e-01   9.76720810e-01  -4.67764649e-03
   -7.45364929e-01   6.56379276e-01  -7.42113712e-01   1.29732719e+00
    9.59625487e-01  -1.47466223e+00   5.34728305e-01  -8.20778079e-01
   -4.74578780e-01 
   -1.96015951e-01  -8.78726115e-01   1.16840655e+00  -7.82057131e-01
   -4.31544599e-01  -8.07427711e-01  -8.59133514e-02  -1.22377376e+00
    1.38860195e+00   2.24555099e-01  -1.87469282e-01   1.20713542e+00
    1.07395953e+00   1.25969523e+00   1.48401038e-01  -8.69307098e-01
   -6.24733805e-01 
   -1.39554037e-01   3.03191243e-01   6.30668959e-01  -6.24275329e-01
   -1.28373858e-02   7.79132903e-01   6.34918983e-01   2.12545436e-01
   -8.84793084e-02  -2.54060189e-01  -4.96814085e-01   7.15596985e-01
   -4.92855915e-01  -8.72403763e-01  -1.94403920e-01   7.79146063e-02
   -2.71703266e-01 
    2.77768019e-01   1.14412637e+00   1.06420429e+00  -1.14114796e+00
   -3.35357935e-01  -7.38659850e-03  -1.24164771e+00   6.62297716e-01
   -5.65179091e-01   2.92112245e-01   6.67983676e-01   6.72557506e-01
   -2.30276316e-01  -7.19211855e-02  -6.15045660e-01   5.62176748e-01
   -3.73474449e-01 
    3.03613910e-01  -1.04527993e+00   7.01908029e-01  -2.92015010e-01
    4.52509840e-01   2.35473967e+00  -9.75733668e-01  -2.63794332e-01
    1.51288246e+00   1.60861775e+00   1.01766920e+00  -8.65368748e-01
   -3.81944104e-01  -1.20045456e+00  -7.98820397e-01  -1.70765890e-01
   -7.02669837e-01 
    9.54254471e-02   1.66989376e+00  -1.02372047e+00  -2.26884613e-01
    5.21308631e-01  -8.04864369e-01   1.18457787e-01  -1.81416861e-01
   -1.12553380e+00   1.59975880e+00   7.93697632e-01  -7.07397308e-01
    1.58783782e-01  -1.06753364e+00   2.85024088e-01  -3.61281621e-01
   -1.07340034e-01 
   -1.52402000e+00   4.43153705e-01  -8.94054666e-01   6.81558090e-01
    1.62002468e+00  -3.15951010e-01   1.25615755e+00  -3.95816611e-01
   -4.62638666e-01   1.22703498e+00   1.52982298e-02   1.09457061e+00
   -1.65013812e+00  -5.10944617e-02  -1.44070144e-01  -7.90260521e-01
   -1.43274887e-01 
   -3.99306984e-01   6.81497175e-01  -2.34781532e-01  -1.99615621e+00
   -1.45159757e+00  -6.33481326e-01   3.16596344e-01   2.46888861e+00
   -4.35650374e-01   9.73791878e-01  -8.53465012e-01   1.24658211e+00
   -4.97764752e-01   7.23346905e-02   5.02072966e-02   8.74754088e-03
   -5.90187346e-01 
    1.55909185e+00  -1.07122255e+00   7.44511695e-01   1.54382366e+00
    9.25307227e-01   1.99737844e-01  -1.18690892e+00   3.62658294e-02
    7.43074931e-01  -4.79459819e-01  -5.51386598e-01  -1.40717066e-01
   -1.63714735e+00   1.15994986e-01   3.02845463e-01  -3.79484443e-01
   -1.61353179e-02 
    2.32331003e-01  -1.28949305e+00   7.97353346e-01  -6.98279364e-01
    2.70516581e-01  -4.99509366e-02  -2.51286050e+00   2.61936256e-01
   -1.24902526e+00   6.75050885e-01   1.92180324e+00   3.16353974e-01
   -1.68853732e-01   7.63443169e-01  -4.18041904e-01  -3.94770348e-01
   -7.65031849e-01 
   -5.07994773e-02  -2.66989738e-01  -8.09090466e-01   3.35985367e-01
    1.64363049e+00  -1.43882792e+00   7.11629215e-01   4.65006901e-02
    7.40250362e-01   1.19858871e+00  -1.79877792e+00  -1.54275880e+00
   -1.78482345e-01   3.45954572e-01  -1.86096236e-01  -2.19764862e-01
   -1.90488894e-01 
    2.72170846e-01  -1.86254733e+00  -1.18465284e-01   1.81276699e+00
   -1.68227655e+00   8.29843149e-01   6.03674269e-02  -1.55377895e-01
   -1.39235582e+00   2.29362143e-01  -4.58387312e-02  -6.55700048e-01
    3.81584415e-01   1.60021249e+00  -7.67992189e-01   1.05762039e-01
    5.93421679e-01 
    9.49045034e-01  -7.42024896e-01   1.08160608e-01  -9.06531703e-02
   -1.89714180e-03   6.17833981e-01   2.29654098e+00  -2.07622217e+00
   -1.14171445e+00  -1.29042913e-01  -2.94005549e-01  -7.20437861e-01
    1.37364048e+00  -1.22421438e+00   3.14657550e-01  -1.43511225e-01
    3.69968477e-01 
    1.02593633e+00   3.78981729e-01  -1.99117087e+00  -2.66076558e+00
    8.79118471e-02   3.73812909e-01   8.50816463e-01   1.28804478e+00
    4.50217064e-01  -5.07192082e-01  -7.59558267e-01  -5.86353314e-03
   -2.57712721e-01   1.68704802e+00  -4.34246820e-01   3.98818836e-01
   -4.11850133e-02 
   -9.38720971e-01   4.52192905e-03   8.92996288e-02   2.89847111e-02
    8.94681257e-01  -7.22080848e-01  -4.39891785e-01  -5.70649201e-02
    1.21110181e+00  -3.43053966e-01   6.16119848e-01  -1.70867579e-01
    4.49406608e-01  -4.57857374e-01  -2.31469437e-01   2.27902352e-01
   -4.37873962e-01 
    1.58189231e-01  -1.49731931e+00   8.34076100e-01  -6.02676520e-01
   -1.85198891e+00   6.42477224e-01   5.99249894e-01   1.23500682e+00
    5.86724605e-01   1.33127525e+00  -1.28835259e+00  -5.89670759e-01
   -1.09373255e-02  -8.05019048e-01   4.83653315e-01   2.89491130e-01
    1.26813753e-01 
   -9.35461942e-01   5.55927865e-01  -8.70026954e-01   1.31490359e+00
   -1.51094324e-01   1.69301245e+00  -2.87227777e-01  -7.23997746e-01
   -3.00944562e-01  -1.38979883e+00  -6.31092609e-01   4.33762952e-01
    1.11235203e+00   5.60861960e-01  -7.11438242e-02  -5.15708176e-01
    4.48974759e-01 
    3.54928978e-01   1.89718432e+00   7.81106941e-01   1.43778321e-01
   -7.35344444e-01  -2.86400167e+00   6.99272435e-01   2.03722740e+00
    1.01237639e+00  -8.54730677e-01   3.53562119e-01  -8.46573351e-01
   -8.05125704e-01  -2.96972799e-01   3.03963499e-01  -1.96478952e-01
   -2.45813979e-01 
   -1.97954317e+00   4.62475467e-01   1.21741563e+00  -6.81316398e-01
    1.07478696e+00  -6.65199263e-01  -1.67917481e-01  -3.04787605e-01
    1.20492795e+00  -9.26456098e-01   3.06826745e-01  -1.41635141e+00
    2.76414149e-01   5.82224660e-01  -5.49068939e-01  -1.64484443e-02
    5.70375867e-01 
   -5.59578263e-01  -3.15957340e-01   5.64115502e-01  -8.53695447e-01
    1.63010653e+00  -1.13376687e+00   2.02608537e-01   1.56799954e+00
   -1.55640507e+00  -7.07050980e-01   8.59480246e-01   4.09100270e-01
    7.36964740e-01  -5.03031439e-01  -2.64416079e-01  -8.30981860e-02
   -3.24647076e-01 
   -1.37159708e+00  -1.00366920e-01  -9.37491599e-01   1.76797153e+00
   -9.69054758e-01   5.15033126e-01   1.89084805e-01  -7.25520522e-01
    1.56592685e+00   1.52918503e+00   8.66863068e-01  -1.25039431e+00
    1.32092432e-01  -7.46607622e-01   3.36543429e-01  -3.57336792e-01
   -3.74945428e-01 
    1.55643395e+00   1.26835889e+00  -1.15732394e+00  -3.26992540e-01
   -1.69614571e+00  -2.99546245e-01   8.79492310e-01   2.35282224e-01
    7.18581298e-01  -1.89770573e+00   1.55704781e+00  -5.18227507e-01
   -1.02483206e-01  -1.25790524e-01  -1.95935090e-01  -2.09086716e-01
   -1.96251771e-01 
    9.40801743e-01  -6.45852191e-02  -1.25017858e+00  -3.41195125e-01
   -1.19427563e+00  -3.97586963e-01   1.37428354e+00  -2.23019438e+00
    1.58375856e-01  -2.56247986e-01   8.17789808e-01   1.04131085e+00
    2.63815021e-02   9.22998871e-01   5.27270760e-01  -1.28680969e-01
   -5.53034087e-01 
   -6.25764217e-01  -8.21789976e-01   1.65429188e+00  -1.89904163e-01
    1.07953988e+00   9.97230427e-01  -1.33425736e+00  -5.47626592e-01
    6.61608228e-02  -6.84468680e-01  -1.82244475e+00   7.73856787e-01
    1.15001521e+00  -6.64465384e-01   1.18748481e-01   1.03001360e+00
   -1.46950361e-01 
   -3.77237351e-01   1.89426839e+00   1.12040739e+00   7.68880029e-02
    3.87807962e-02   1.42508010e+00  -8.10050285e-01  -4.95669804e-01
   -8.43446898e-01  -2.59784638e-01  -4.70541824e-01  -3.93722999e-01
   -6.40195924e-01   4.75112286e-01  -1.55493561e-01   2.73644543e-01
   -3.43153722e-01 
    1.78812661e-02  -1.32978132e+00  -6.49013187e-01   5.84646354e-02
    7.98415288e-01   2.13244909e+00  -5.55014494e-01   8.58298986e-01
    5.96528751e-01  -1.25593684e+00   8.28349651e-01  -2.88117425e-01
   -9.26501918e-01   1.39536321e-01   8.39518745e-01  -8.35301517e-01
    8.15556351e-02 
   -7.21755726e-02   1.26745899e+00   4.93806959e-01  -4.47017302e-01
    3.82670055e-01  -9.14485168e-01  -1.96040016e+00  -1.59723267e+00
    2.20878502e-01  -3.82297266e-01   1.99605143e-01   4.36402509e-01
    6.18983184e-01   3.58408127e-01  -1.86099842e-01   4.63736963e-01
    2.72076481e-01 
   -1.05856202e+00  -1.20441930e-01   2.19646215e+00   1.31310543e+00
    6.27631289e-01   5.59823002e-01  -6.82192992e-01  -8.08002754e-01
   -1.89318727e-01   4.35296597e-01  -1.02700933e+00  -5.75653327e-01
   -8.15156579e-01   7.05348373e-01   5.35862839e-01   4.33009432e-01
    2.72314155e-01 
    1.20394726e+00   9.62469830e-01  -6.84785425e-01  -3.07524321e-01
   -5.45730645e-01   5.67575249e-02  -8.01761671e-01  -1.52789205e-01
    1.14775719e+00   9.90725745e-01  -1.40897901e+00  -9.48516527e-01
   -1.17491119e-01  -8.64717496e-01   1.28024855e+00   8.50639802e-02
   -3.06613127e-01      2.38617418e+00  -3.68244318e-01  -1.81349871e-01  -1.75468762e+00
   -3.09094356e-01   2.28546546e-01  -2.26325989e-01  -7.02226144e-01
    2.76232540e-01   1.41483075e+00   2.75061414e-01  -2.14832754e+00
   -7.86905853e-01   2.17279198e-01   2.06604996e-01  -1.36403959e+00
   -7.27981705e-01   3.97659692e-01  -2.10569169e-01   8.42102618e-01
   -5.72242863e-01   2.41069390e+00   5.38595225e-01   1.51617518e+00
   -2.35436959e+00  -9.59490305e-01   4.68704189e-01  -4.32296521e-02
   -4.89936133e-01  -1.15538402e-01   1.04216173e+00  -1.56761699e+00
   -2.72858013e-01 
    4.73554176e-01   1.48700496e-01  -3.65839899e-01   5.77733786e-01
    8.54018446e-01  -2.53064412e-01  -1.29923509e+00   7.82988367e-01
   -1.80623142e+00  -7.59537535e-01  -8.94361908e-01   5.28341985e-01
    1.75455965e+00   4.53054621e-01   1.88347337e+00   4.73229892e-01
   -3.01015839e-01  -6.14440492e-01   1.94922472e+00  -1.06800314e+00
   -1.73469566e+00   1.45735743e-01  -2.28424423e-02   5.77273980e-01
   -1.67991838e+00  -7.22903494e-02   9.27205580e-01  -2.54712248e+00
    1.43218665e+00  -1.42560287e+00  -1.17437841e-01  -1.10527456e+00
    7.11818643e-02 
    9.23894208e-01   4.34396831e-01   2.10278563e+00   2.56896002e-01
   -1.73791010e+00  -4.59544048e-01  -1.11185642e+00  -1.02138760e+00
    1.36433466e+00   1.26505863e+00   6.85859606e-02  -6.69048636e-01
   -1.03414902e+00   6.80850019e-01   9.26823037e-02  -8.74601129e-01
    2.24775027e+00  -4.34865663e-01  -1.07773722e+00   9.74507185e-01
   -1.15535553e+00  -1.31972135e+00  -6.13947427e-01   1.16871072e+00
    1.14583598e+00   1.55719762e+00  -1.86316667e+00  -9.63531162e-01
    1.18633759e+00  -5.74866068e-01  -2.57707683e+00   7.24450780e-01
   -4.00804872e-01 
   -5.92037569e-01   8.96107559e-01  -1.10579420e+00  -8.15965074e-01
    7.79224186e-01   9.37686733e-01   1.11357289e+00   2.05591911e-01
    2.92433593e-01  -7.50601458e-01   1.79620744e+00  -2.07134360e+00
    7.79363986e-01  -6.44792757e-01  -2.56221012e+00   7.02740592e-02
    3.06130795e+00  -3.64693232e-01   1.20580625e+00  -1.61679214e+00
   -1.05500519e+00   8.75689181e-01   1.03008328e+00  -2.22892236e+00
    3.69639301e-02   4.05978970e-01   4.34548404e-01  -8.43672982e-02
   -3.26203086e-01   3.96742054e-01  -1.55807025e+00  -1.95518471e-01
   -4.39835541e-02 
   -7.73266596e-01  -7.79608831e-01  -1.44120930e+00   2.19292924e-01
    1.18909395e-01   5.52893978e-03   4.87212314e-01  -6.45961743e-01
   -4.75142095e-01  -2.09320685e+00   1.24360518e+00  -4.02474978e-01
   -5.17472027e-01  -2.12897866e+00   2.18133146e+00  -3.80231280e-01
    2.48507889e-01  -1.41877311e+00   2.48025189e+00   1.34682185e-02
    1.71463704e+00  -9.32578323e-01  -2.32899771e+00   1.70344920e+00
    1.46248064e+00   1.44365672e+00  -1.35920775e+00  -3.88488573e-01
   -1.20283211e+00  -6.96313216e-01  -5.04209790e-01   5.51984554e-01
    4.58523430e-02 
    7.36015675e-02   5.63384040e-02   6.71413654e-01   9.96205119e-01
    7.17033394e-01  -3.83682796e-01  -2.46832080e-01  -2.75816194e+00
    6.45270131e-01  -6.59234162e-02   3.05252623e-02  -2.05688287e-01
   -3.79944627e-01   1.75582324e+00  -9.64148336e-01  -1.16791062e+00
   -7.24191392e-01   5.89653478e-02  -5.45845263e-01  -2.18159654e+00
    3.68098551e+00   4.43292270e-01   8.19024270e-01  -1.15860187e-01
   -2.95684303e-01   2.80777169e-01  -1.40705540e+00  -1.26264009e+00
   -2.69420826e+00   7.10306138e-01  -5.56716435e-01  -9.64322746e-02
    6.59497304e-02 
    3.27276706e-01  -1.20096263e-01   9.51798645e-01  -1.21300617e+00
   -5.26029036e-01  -7.44289008e-01   1.38313573e+00   7.00687375e-01
   -1.48047404e-01  -2.21913445e+00  -3.70444865e-01   1.38999652e+00
    3.06648618e+00  -1.11085743e+00  -5.02684950e-01  -3.12492399e+00
   -7.70395740e-01  -8.41219964e-02  -6.97594827e-01   5.98831465e-01
   -8.29538953e-01  -7.02341346e-02  -2.90934528e-01  -5.06339318e-01
   -1.38401083e+00  -1.40279681e+00   8.10204709e-01   7.24212359e-01
   -2.36830068e-01   2.37561156e+00   1.20266250e-02   5.72896412e-01
   -1.66499395e-01 
    2.67272763e-02  -6.20218775e-01   1.79677391e+00  -5.24406239e-01
    9.66424221e-01   7.83330405e-02  -7.37010100e-01   2.78353287e-01
    3.05741858e-01   6.70965857e-02  -3.25099525e+00  -2.40693885e-01
   -5.29282806e-01  -3.18044194e-01  -5.07087533e-01   2.04306480e+00
   -1.54186350e+00  -5.52329691e-01  -1.80455041e+00   3.30810148e-01
   -2.27058323e+00   1.04102526e-01  -2.29894072e+00   2.72776065e-01
   -2.26112329e-01   2.03709922e+00   7.98821234e-01   7.00096123e-01
   -1.45578353e+00   1.68286242e+00   4.86591293e-01  -2.32076103e-01
   -1.98277588e-01 
   -1.21505102e+00   1.59251245e+00   8.50589714e-01   7.57648865e-01
   -1.61969055e+00  -1.72430171e-02   8.45585515e-01  -1.96223181e+00
    1.29225570e+00   4.95123404e-02   1.99414519e-01  -1.22112330e+00
    7.15198561e-01  -1.20355691e+00   1.72330374e+00   1.53998334e+00
   -8.44839472e-01  -1.38044832e+00  -5.12882154e-01   6.13326407e-01
   -1.15238303e+00  -1.16069923e+00   1.71606925e+00  -1.73321070e+00
   -6.74975328e-01  -4.97854370e-01   6.11761916e-02   6.97006557e-01
   -6.93467084e-01  -2.25926166e-01   7.96941600e-01  -1.39906617e+00
   -4.24921883e-01 
    6.30084933e-01  -3.32333625e-01  -3.32261449e-01  -8.87088115e-01
   -2.15843978e-01  -1.20136676e-01  -6.22304600e-01  -2.05694995e+00
   -1.66679546e+00  -1.55245107e+00  -1.46583759e+00   8.02283877e-01
   -1.45900801e+00  -1.30261581e+00  -5.09037314e-02  -1.41770132e-01
    7.20157182e-01   8.33030015e-02  -1.75825107e+00   1.51223934e+00
    8.77934202e-01   1.01484028e+00   8.72209474e-01  -2.06999648e+00
    2.15733703e+00  -8.05082525e-02   8.30307717e-01  -2.33113588e-01
    1.54322834e+00   1.14325065e-01  -7.31705271e-02  -1.22568565e+00
    5.46045292e-02 
   -7.25835711e-01  -1.52846112e+00   2.37112708e-01   5.59285845e-01
   -5.07944009e-01   5.89069370e-01  -7.05724777e-01  -1.93156985e+00
   -8.24897090e-01  -6.75204536e-02   8.18179127e-01   7.75043378e-01
   -2.28557228e+00   1.63609846e+00  -2.27049948e-01   2.26173197e-01
    7.92195438e-01  -8.46376036e-01   5.13443640e-01   1.32529097e+00
   -4.89081673e-01  -6.95198567e-01  -8.79911955e-01  -1.99944971e+00
   -1.59008877e+00  -1.44979213e+00   2.35277586e+00   6.10700851e-01
   -6.41288348e-01  -4.91249442e-01   9.70294644e-01   1.71004335e+00
   -4.52321980e-02 
   -1.35869090e+00   2.81128120e+00  -7.44564906e-01  -2.04846094e+00
   -1.54859024e+00  -5.10455856e-01  -7.61658518e-01   4.18578069e-01
    9.10612633e-01  -1.73197778e+00  -1.89300625e+00  -8.39143666e-02
   -8.62078144e-01   1.38252763e+00   3.19582232e-01   1.15164650e+00
   -5.45390831e-01  -4.57290201e-01  -8.94963468e-04  -4.36626609e-01
    7.49602668e-01   1.55000845e+00  -3.10433444e-01   5.46615944e-01
    9.60460905e-01  -1.74948369e+00  -8.49331657e-01   1.54132707e-01
    5.12952393e-01  -5.33742645e-01   7.01611779e-01   9.61382027e-01
   -2.17734872e-01 
   -3.45855218e-01  -3.49987415e-01  -1.92440730e+00  -1.39301706e+00
   -1.62144220e+00   5.16527325e-01   2.62258326e-01  -1.06874397e-01
   -1.17875254e-01   1.83280984e+00  -4.94958214e-02   1.49540089e+00
   -9.84198862e-01   1.06388409e-02   6.78183933e-03  -1.07648736e+00
   -1.17941261e-01  -7.65000233e-01  -9.77576936e-02  -6.42094189e-01
    5.76948205e-01  -4.60307759e-01  -5.05747632e-01  -4.35490593e-01
   -5.18714123e-02  -5.95504515e-01  -1.03244942e+00   2.79875156e-01
    1.20096464e+00  -1.00286708e+00   1.27760012e+00  -4.07315291e-01
   -8.74801906e-02 
   -2.76567979e-01  -6.36341367e-01   5.34675589e-01   1.29331067e+00
   -1.62210732e+00   7.85945330e-01  -2.59966266e-01   4.03960681e-01
    6.53314029e-01  -4.73801189e-01  -9.11627232e-01   8.36904444e-02
   -1.43287934e+00  -2.91357353e-01  -1.86975649e+00   1.34301056e+00
   -2.03376652e+00   7.09914174e-02   5.50703984e-01  -5.15287387e-01
    5.07011755e-01  -5.78744574e-01   8.50653636e-01   6.35472972e-02
    2.87709020e-01  -1.60395888e+00   7.63689957e-01  -9.62664846e-01
    2.28474172e-01  -6.26850658e-01  -5.14765789e-01   4.57864462e-01
   -2.81176192e-01 
   -6.03555066e-01   1.01140351e+00   4.49283885e-02  -7.00217468e-01
   -8.75051715e-01  -2.22459908e-01   4.30350475e-01   5.26795664e-01
   -1.11112134e-01   3.66425680e-02  -5.43887311e-01  -5.26448273e-01
    1.12819702e-01   2.61228734e-01   6.53987404e-01  -6.75216732e-01
    3.91696255e-01   3.73186757e-02  -6.23129491e-01   3.56848970e-01
   -3.91591444e-02   5.35173441e-01  -3.38787364e-02  -8.66519165e-02
    5.13917016e-01  -9.29527825e-01  -3.71153907e-01  -1.35786733e-01
   -5.62861516e-01  -2.33665969e-02  -1.06304547e+00  -1.19401425e+00
   -6.75593028e-01 
   -5.28688115e-01  -5.79889790e-01  -1.08596782e+00   3.72489405e-01
    4.36216992e-01   5.53187730e-01  -1.44575979e-01  -3.11574262e-01
    5.05159055e-01   4.28789290e-01  -5.98952660e-02  -1.73123568e-02
   -4.76023587e-01   7.94644175e-02  -4.87358430e-01   2.52343719e-01
    1.94131910e-01  -9.11038687e-01  -2.42075535e-01   4.58128457e-01
   -5.52481725e-01   7.06264282e-02  -4.59528368e-02  -1.09499221e+00
   -1.73505774e-01  -8.34922901e-01  -8.01428606e-01  -3.63744103e-01
    3.94756773e-01  -3.55135613e-01  -7.40455704e-01  -2.07394469e-01
   -4.80417840e-02  