NN 16 32 16   -3.09242737e+00  -8.55613574e-01  -2.58046304e-01   4.92506731e-01
    1.81663145e+00  -7.56974179e-01  -1.55612171e+00  -1.55650283e+00
    2.75031497e+00  -1.29016570e+00  -2.11322407e-01   5.35756605e-01
    7.62498958e-01  -1.86363039e-01   2.80084220e-01  -3.48822566e-01
   -7.20285793e-01 
    3.92912550e-01  -3.61924343e-01  -2.24394288e-01  -4.87029134e-01
    9.98637436e-01  -3.55275323e-01   1.87429702e-01   5.40292248e-01
   -2.31844766e+00   6.39487314e-01   1.86237774e+00  -3.21458311e+00
    5.84532810e-01   7.20194776e-01  -1.65728128e+00   1.21385790e+00
    5.20873376e-01 
   -5.94998499e-01   8.56328863e-02  -2.37956823e+00   1.01834288e+00
    2.33732883e+00  -1.67318288e+00  -3.08227812e-01  -6.82632726e-01
   -9.43238245e-01   4.40202730e-01   1.16837557e-01   1.89679844e-01
    1.54355038e+00  -7.60300283e-01  -4.04071448e-02   1.78200960e+00
    2.25872261e-01 
    1.46750959e+00  -7.27673115e-01  -8.63217639e-01   7.03559551e-01
    2.17427971e-02  -9.84237592e-01   9.97121929e-01  -3.28822091e-01
   -1.34017086e+00   7.86737673e-01  -1.33213749e+00   1.61406680e+00
    1.65511438e+00  -1.53603237e+00   9.96881415e-01  -1.78980022e+00
   -3.17044424e-01 
   -2.95321075e-01  -1.45392300e+00   1.33181228e+00  -9.38803760e-01
   -3.68091077e-01  -6.84805264e-01  -5.76302825e-03  -1.68191126e+00
    1.29657896e+00  -2.06184449e-01  -1.88556048e-01   1.72863003e+00
    1.54053322e+00   2.02291425e+00   8.21492261e-02  -1.40011913e+00
   -7.21590540e-01 
   -3.67619535e-01   1.13643952e+00   1.44386761e+00  -1.20138109e+00
    5.44421067e-01   1.00096427e+00   1.49352059e+00  -7.63464628e-02
    3.99365184e-02  -3.31056924e-01  -1.55756963e+00   5.10640890e-01
   -7.72767629e-01  -1.32554945e+00  -2.49399125e-01  -1.77422810e-01
   -4.06547580e-02 
    6.78161962e-01   1.41956160e+00   1.25867136e+00  -1.74646924e+00
   -9.44442414e-02  -6.14704823e-02  -1.67860291e+00   1.01883999e+00
   -5.01993498e-01   5.93123784e-01   9.05586678e-01   2.93663978e-01
   -2.67001376e-01  -4.52091563e-01  -1.25261467e+00   7.69832551e-01
   -6.37854438e-01 
    6.86352172e-01  -1.29361670e+00   1.00752238e+00  -3.74698906e-01
    7.80933583e-01   3.56276420e+00  -1.60368992e+00  -1.31032633e-02
    2.17427933e+00   2.18240560e+00   5.60916787e-01  -5.70043736e-01
   -6.12086767e-01  -2.28158667e+00  -1.11762731e+00   2.38048699e-02
   -5.99523968e-01 
    2.71019287e-01   2.39565646e+00  -8.67250821e-01  -7.82839979e-01
    9.51653271e-01  -1.13425820e+00  -8.58789034e-01  -6.47911450e-02
   -1.59316478e+00   2.11103857e+00   1.26473905e+00  -1.06994156e+00
    6.63174619e-01  -1.72797364e+00   1.11317308e+00  -1.36407296e+00
   -1.31006874e-01 
   -1.50622972e+00  -1.48049834e-01  -8.30805259e-01   1.25853307e+00
    1.71026164e+00  -8.29351127e-01   1.22351461e+00  -6.33802763e-01
   -7.96700669e-01   1.09718823e+00   2.11272210e-01   1.87962763e+00
   -2.36274945e+00   5.54299539e-01  -2.85274824e-01  -1.21692824e+00
    2.91569593e-01 
   -5.25827282e-01   5.10760228e-01  -7.34086749e-02  -2.59887857e+00
   -1.91469640e+00  -1.23276542e+00   1.92565399e-01   3.67636187e+00
   -1.11227448e+00   5.06931323e-01  -5.18699175e-01   2.44118315e+00
   -8.56863569e-01  -2.95853933e-01  -3.45250029e-02  -3.50865157e-02
   -6.66209814e-01 
    2.55531750e+00  -7.71933910e-01   5.47443789e-01   1.71640052e+00
    1.38349812e+00  -3.75394052e-01  -1.49368992e+00   5.25962443e-01
    3.72325471e-01  -8.17929377e-01   1.34654029e-01  -6.38857877e-01
   -2.58122340e+00   3.47221169e-01   8.53123576e-01  -6.32694465e-01
   -4.05238001e-02 
   -3.94216714e-02  -1.54832985e+00   1.18944764e+00  -3.44762982e-02
   -1.28588800e-01   4.02898003e-01  -2.98241976e+00   1.27154640e-01
   -1.85551295e+00   8.90683944e-01   2.86659360e+00   3.54397951e-01
   -3.54766680e-01   1.19121342e+00  -4.94368997e-01  -4.73081026e-01
   -1.05249022e+00 
   -4.12051804e-01  -3.32937221e-02  -5.71001674e-01   1.15759410e-01
    2.00699467e+00  -1.81472414e+00   7.75034080e-01   6.29519982e-01
    8.60488004e-01   1.52704183e+00  -2.11309670e+00  -1.75639326e+00
   -8.43430812e-01   5.17238206e-01  -4.84253837e-01  -1.50645535e-01
   -1.57897715e-01 
    1.18043998e+00  -1.92184049e+00   4.67217739e-01   2.56976757e+00
   -2.01402194e+00   9.12210576e-01   4.24882020e-01  -5.93011543e-01
   -1.59137106e+00  -9.07842011e-02  -5.14989466e-01  -4.21759512e-01
    7.56911871e-01   2.29765850e+00  -1.69519038e+00  -9.26734394e-02
    5.96606388e-01 
    1.30026209e+00  -1.06550327e+00   9.93077901e-03   5.80214526e-02
   -2.47882331e-01   5.04345982e-03   3.03019906e+00  -2.68619909e+00
   -1.36509020e+00  -8.00538504e-01  -4.66878263e-01  -8.72499732e-01
    1.39214593e+00  -1.70828834e+00   6.13179318e-01   2.84790596e-01
    4.58080143e-01 
    1.30628909e+00   7.39030610e-01  -2.84197564e+00  -3.74082860e+00
    6.25369739e-01   2.42969635e-03   1.02167293e+00   1.57219730e+00
    4.10911615e-01  -3.61721150e-02  -6.75997323e-01  -9.25732859e-01
   -3.23550409e-01   1.78255356e+00  -5.26286715e-01   9.20265142e-01
    1.22269113e-01 
   -1.37913157e+00   3.25279549e-01  -1.65645950e-01   1.80382470e-01
    6.40847714e-01  -1.13843888e+00   1.62676691e-02   1.37995536e-01
    1.36475199e+00  -8.17081051e-01   9.26339357e-01  -1.02060437e-01
    7.66682892e-01  -8.78913445e-01  -5.19311139e-01   1.05843279e+00
   -5.73652971e-01 
   -2.32955785e-01  -1.92335582e+00   1.93113427e+00  -9.41422256e-02
   -2.12646436e+00   5.51050837e-01   4.33457371e-02   1.31581860e+00
    2.95855701e-01   1.80817838e+00  -1.74626365e+00  -5.88648592e-01
    5.72268640e-01  -9.86652470e-01   5.84209853e-01   6.08367167e-01
    1.42563743e-01 
   -1.15726918e+00   4.07596490e-01  -9.88356194e-01   1.87305913e+00
   -8.19989549e-01   1.83720611e+00   7.43248190e-01  -1.35001332e+00
   -1.14830473e-01  -1.66474184e+00  -8.37850760e-01   6.63737387e-01
    1.69365768e+00   2.26602815e-01  -1.73529407e-01  -1.82622057e+00
    3.92045773e-01 
   -9.00211622e-03   2.40318321e+00   9.24579802e-01  -2.41612057e-01
   -4.72888441e-01  -4.01097429e+00   9.91598921e-01   3.32468010e+00
    1.11358517e+00  -1.83090345e+00   7.04738762e-01  -6.27052686e-01
   -5.51804230e-01  -5.40649442e-01   5.05041159e-01  -1.18005747e-01
   -2.35110475e-01 
   -2.40892730e+00   7.45748896e-01   1.70564621e+00  -4.84699056e-01
    1.43187315e+00  -1.00421935e+00  -5.52754144e-01  -4.23907372e-01
    2.04157954e+00  -1.30521171e+00   8.38917168e-02  -1.79114846e+00
    4.78696138e-01   5.13821746e-01  -1.14437904e+00  -3.95330785e-01
    5.58707556e-01 
   -4.36517614e-01  -3.79590477e-01   6.11017595e-01  -8.27823412e-01
    2.09219170e+00  -1.48262268e+00   3.35840875e-02   2.18321640e+00
   -2.34020502e+00  -7.59038569e-01   9.43582381e-01   6.34771770e-01
    5.18955527e-01  -6.91789267e-01  -3.40950483e-01  -7.16021497e-01
   -3.27236064e-01 
   -1.89782196e+00   1.92598570e-01  -1.50518548e+00   1.91366610e+00
   -1.07922972e+00   1.14082482e+00   6.30440590e-01  -6.64283395e-01
    1.20233024e+00   1.51284317e+00   1.53987882e+00  -1.59783749e+00
    7.46448857e-01  -1.23481586e+00   4.19189989e-01  -1.66654088e-01
   -6.07345166e-01 
    1.57279777e+00   1.66224256e+00  -1.86355102e+00  -5.70817265e-01
   -3.23605433e+00  -9.40637100e-01   9.48009047e-01   6.47034581e-01
    1.07814641e+00  -2.35584465e+00   2.06424186e+00  -1.66136329e-01
    3.63213718e-01  -2.27418059e-01  -7.16330953e-01   9.20352675e-02
   -1.34082086e-01 
    1.49487571e+00   9.23713802e-02  -1.58977039e+00  -2.42364062e-01
   -1.16090512e+00  -4.66999163e-01   2.32899100e+00  -2.90416164e+00
   -2.36428709e-02  -3.94944579e-01   2.42619644e-01   9.85631789e-01
   -1.76521955e-01   1.29495073e+00   9.19856011e-01   8.25971139e-01
   -6.43547168e-01 
   -6.26652240e-01  -7.14770247e-01   1.73938251e+00  -1.49887226e-01
    1.14227502e+00   1.53574869e+00  -2.61219813e+00  -1.19358616e-01
    3.76843772e-01  -7.17810674e-01  -2.89877358e+00   2.92485520e-01
    1.56660760e+00  -1.27311134e+00   9.61916377e-02   2.60946211e+00
   -2.29046410e-01 
   -7.16256661e-01   2.37207747e+00   1.23922113e+00  -2.84789450e-02
   -1.11628120e+00   2.10458573e+00  -4.38561792e-01  -1.36002411e-01
   -9.84945836e-01  -1.80397263e+00  -3.07217197e-01  -2.19998921e-01
   -8.57577004e-01   5.04214091e-01  -8.00902216e-02   6.78918509e-01
   -4.40511044e-01 
   -2.89455529e-01  -1.20180183e+00  -8.80080417e-01   1.48252485e-02
    4.50146089e-01   2.30306785e+00  -9.68822539e-01   8.59850039e-01
    6.10689852e-01  -2.23286331e+00   1.27553603e+00  -1.89581667e-01
   -1.32602807e+00   5.43285979e-02   2.49706444e+00  -1.24993545e+00
    5.41962940e-01 
   -2.91545302e-01   1.83486776e+00   4.87174174e-01  -7.12388779e-01
    7.01868441e-01  -1.46095641e+00  -2.05086358e+00  -1.52775015e+00
   -1.11813033e-01  -6.03566087e-01  -5.56485291e-02   8.62683963e-01
    5.96575199e-01   4.13750862e-01   9.33660364e-02   1.01547117e+00
    5.63958070e-02 
   -1.16247872e+00   1.81662183e-01   2.41909657e+00   1.47471331e+00
    1.12988067e+00   2.94867661e-01  -1.49051779e+00  -1.01859563e+00
   -5.59808542e-01   7.68786575e-01  -1.83689140e+00  -1.35256176e+00
   -1.47767858e+00   1.33915568e+00   1.29266079e+00   1.06680286e+00
    3.38020335e-01 
    1.19955115e+00   1.06867457e+00  -9.72828060e-01  -4.27491383e-01
   -8.42874029e-01  -3.33987814e-01  -6.84474326e-01  -4.15327672e-01
    1.45978997e+00   1.45241193e+00  -1.93137244e+00  -1.65471113e+00
   -4.21229212e-01  -1.60515443e+00   2.22821321e+00   6.26102328e-01
   -5.37010853e-01      3.05887939e+00  -8.94583400e-01   6.37199584e-02  -1.87008248e+00
   -7.87848800e-01   8.70254161e-01  -5.32453522e-01  -8.12905141e-01
    4.73928175e-01   9.40077764e-01   5.33254720e-01  -2.77103900e+00
   -8.66015618e-01   2.70856303e-01   6.44105639e-01  -1.64205989e+00
   -3.67410798e-01   2.65658144e-01   2.14365341e-01   5.42428880e-01
   -3.76240323e-01   2.17712306e+00   3.06207421e-01   2.07735499e+00
   -1.79584594e+00  -9.45071167e-01   5.41417738e-01  -2.51448804e-01
   -4.37759374e-03  -5.18068002e-01   3.72896034e-01  -1.61855842e+00
   -2.56358331e-01 
    5.95985852e-01   3.68391621e-01  -3.46930211e-01   5.07588577e-02
    1.09014821e+00  -3.39170233e-01  -1.37580557e+00   1.00642079e+00
   -2.31234061e+00  -1.94274353e-01  -9.63798671e-01   2.95894279e-01
    1.35573069e+00  -1.97141442e-01   1.88343280e+00   2.70059565e-01
    1.17901344e-01  -7.44413086e-01   1.91738882e+00  -1.99628536e+00
   -1.57341535e+00   2.45719115e-01   2.90953416e-01   1.30445218e-01
   -1.58465790e+00   5.46254405e-01   7.24499150e-01  -3.75588272e+00
    1.33157209e+00  -1.56326218e+00   1.88408189e-01  -1.29974441e+00
    1.68713190e-01 
    8.25331573e-01   1.44754356e-01   2.83788410e+00   6.66713443e-01
   -1.98330906e+00  -1.37748228e+00  -8.69736036e-01  -8.21483551e-01
    1.58535541e+00   1.08409869e+00   3.22636132e-01   1.56450315e-01
   -2.22715758e+00   8.56906027e-02  -5.09091358e-01  -1.32732255e+00
    2.23632219e+00  -4.43431110e-02  -1.52409483e+00   1.13957838e+00
   -1.29463017e+00  -2.26531204e+00  -1.09915172e+00   1.21312655e+00
    1.18153911e+00   8.69964980e-01  -2.03651742e+00  -5.70275387e-01
    1.84701798e+00  -2.64060584e-01  -2.49692606e+00   8.06331274e-01
   -3.32496119e-01 
   -1.29181306e+00   7.06883686e-01  -1.34103569e+00  -1.02753856e+00
    1.57609426e+00   1.29317032e+00   1.44735305e+00   3.94369705e-01
    4.54281194e-01  -8.32807219e-01   2.41051391e+00  -2.23047640e+00
    6.53317811e-01  -1.04641933e+00  -3.17078792e+00   2.31426435e-02
    3.67935905e+00  -1.60966815e-01   5.08571140e-01  -2.04269101e+00
   -9.92750518e-01   7.04911592e-01   8.85771357e-01  -2.77235590e+00
    4.45675096e-01   5.39257229e-01  -3.30079360e-03   2.40616052e-01
   -3.08710569e-01   3.11668496e-01  -1.70023677e+00  -5.34311773e-01
   -6.43973686e-02 
   -1.61536127e+00  -1.05717764e+00  -2.00492357e+00  -2.87191133e-01
    1.66016959e-01  -3.76411247e-01   1.57482829e-01  -1.22749389e+00
   -1.96115782e-01  -2.68923779e+00   1.21138132e+00  -3.65444991e-01
   -2.48743463e-01  -2.29724364e+00   2.47964201e+00  -1.61361842e+00
   -9.80976011e-02  -1.48134010e+00   2.56587699e+00   8.64720922e-02
    1.21019158e+00  -1.38019791e+00  -2.98845675e+00   2.14665685e+00
    2.05284019e+00   1.43876808e+00  -1.56969131e+00  -3.49405463e-01
   -1.07975672e+00  -5.23330927e-01  -1.11430952e+00   1.36973407e+00
   -2.07235991e-01 
   -6.88423678e-01  -7.62789540e-02   6.70557317e-01   7.25253688e-01
    8.72924008e-01  -6.76372647e-01  -4.17312397e-01  -3.52225751e+00
    9.49455883e-01   1.29509937e-01  -4.54996723e-02   7.53470224e-02
   -6.07039379e-01   1.92996547e+00  -8.72813110e-01  -2.06690641e+00
   -1.39155339e+00   3.84137023e-01  -2.60074071e-01  -2.65044357e+00
    4.45302513e+00   3.65860952e-01   2.50551459e-01   3.94396326e-02
   -1.68291155e-01   4.79152953e-01  -1.59644746e+00  -1.45464248e+00
   -3.47252094e+00   6.88497134e-01  -1.61746633e-01   1.65922354e-02
    1.71055400e-02 
    6.14959546e-01  -7.49805838e-01   3.02566458e-01  -1.13752170e+00
   -4.02143355e-01  -1.71113814e+00   1.33948857e+00   1.02092431e+00
    2.26085880e-01  -2.14627732e+00  -6.79301474e-01   2.35653024e+00
    3.10357048e+00  -1.57876026e+00  -1.18289818e+00  -3.78052959e+00
   -9.05598533e-01   1.44000376e-01  -3.30741887e-01   2.52960508e-02
   -8.95708358e-01  -4.89679829e-01  -4.36049498e-01  -5.80087635e-01
   -1.61541316e+00  -1.58083862e+00   1.14357247e+00   8.75960959e-02
    3.36516625e-01   2.68779727e+00   6.58247510e-01   7.46429953e-01
   -2.56140597e-01 
    3.23397294e-02  -8.96641897e-01   1.96515936e+00  -4.86403746e-01
    1.57127688e+00  -8.00825947e-02  -1.02135838e+00   5.91077994e-02
   -2.31810391e-01   4.34077227e-01  -3.92108985e+00   7.71079081e-02
   -2.35794150e-01  -1.30261334e+00  -2.97451765e-01   2.24467604e+00
   -2.06354419e+00  -5.58547507e-01  -2.11734437e+00  -2.77676333e-01
   -2.34632896e+00  -2.86809920e-01  -2.68267704e+00   2.91923366e-01
   -2.30578205e-01   3.21817965e+00   6.87269486e-01   5.63135081e-01
   -1.62440453e+00   1.06201485e+00   9.75283098e-01  -1.95286351e-01
   -5.88139134e-01 
   -1.80567774e+00   2.21972189e+00   1.09562339e+00   1.19206785e+00
   -1.81187797e+00  -2.58479841e-01   1.19541031e+00  -2.08740504e+00
    1.99611327e+00   2.46185956e-01   4.85497053e-01  -1.38887705e+00
    1.12716742e+00  -1.45587345e+00   1.98259064e+00   1.44047474e+00
   -8.35446363e-01  -1.96379298e+00  -4.31815081e-01   5.19656151e-01
   -1.42920152e+00  -1.52250569e+00   2.11141723e+00  -1.41540672e+00
   -1.64672485e+00  -6.02781620e-01   8.76367710e-02   7.15411546e-01
   -1.14603910e+00  -1.00969938e-01   1.44469895e+00  -1.63791759e+00
   -4.70966229e-01 
    6.62201478e-01  -7.35695143e-01  -7.11768426e-01  -1.16563226e+00
   -2.61342689e-01   1.31400273e-01  -8.39723883e-01  -2.28765605e+00
   -2.25279873e+00  -2.43138989e+00  -1.74977204e+00   1.69405016e+00
   -2.15998001e+00  -1.32151060e+00  -6.22710964e-02  -9.24194504e-02
    7.33007601e-01  -2.71069559e-03  -1.95846405e+00   1.76802939e+00
    1.22085182e+00   1.21867503e+00   5.85728863e-01  -2.49077338e+00
    2.69036451e+00  -4.99257720e-01   1.56840929e+00   2.16428723e-01
    2.15567406e+00   3.35898400e-01   6.72798625e-02  -1.45095392e+00
   -1.21598487e-01 
   -3.09896124e-01  -2.42718189e+00   2.56055853e-01   7.25495293e-01
   -4.26035899e-01   1.03960370e+00  -9.42300156e-01  -2.23829708e+00
   -1.36616831e+00  -9.98039683e-02   1.09350534e+00   3.87975408e-01
   -2.60252331e+00   1.85251016e+00  -4.03971976e-01   2.60986076e-01
    6.33344038e-01  -1.12618637e+00   9.24693415e-01   1.42510402e+00
   -6.39499663e-01  -1.01572628e+00  -1.22497512e+00  -2.56305921e+00
   -1.76740688e+00  -1.54314932e+00   3.09277928e+00   8.45962661e-01
   -1.15745567e+00  -3.58874761e-01   1.45914597e+00   2.29248585e+00
   -3.38390165e-01 
   -1.41795488e+00   3.87442872e+00  -1.11857378e+00  -2.49464817e+00
   -1.99716505e+00  -9.87321920e-01  -1.02642594e+00   2.70394504e-01
    9.74122612e-01  -2.12416947e+00  -2.53450266e+00   6.53049495e-02
   -7.90137747e-01   1.28697035e+00   1.94322482e-01   1.47370244e+00
   -7.69633020e-01  -4.21151787e-01  -7.06017247e-02  -7.46760900e-01
    8.01636760e-01   1.85367433e+00  -3.71179233e-01   8.80643122e-01
    7.88468391e-01  -1.85548823e+00  -1.29536612e+00   3.79555587e-02
    8.15273421e-01  -8.77633935e-01   1.23840805e+00   8.82601713e-01
   -5.08009162e-01 
   -4.51552967e-01  -8.31193703e-01  -2.46330242e+00  -1.95028409e+00
   -1.93495983e+00   8.04686227e-01   1.23621909e-01  -2.46457643e-01
   -5.47858495e-01   2.97541026e+00   2.51823059e-02   2.03697470e+00
   -1.02980585e+00   1.27923461e-01  -3.54130458e-01  -1.22883083e+00
   -6.18528003e-02  -1.05038729e+00  -3.42010916e-01  -1.27291827e+00
    4.43477862e-01  -4.31820628e-01  -8.48538668e-01  -6.87850550e-01
    9.72331358e-02  -2.05421257e-01  -1.67400094e+00   4.39557922e-01
    1.43572996e+00  -1.13543697e+00   1.77863157e+00  -4.50673686e-01
   -2.00972054e-01 
   -3.13647971e-01  -7.98510318e-01   5.91350569e-01   1.83066757e+00
   -2.10845875e+00   1.11939850e+00  -1.98893093e-01   8.82313431e-01
    8.98072363e-01  -6.72468019e-01  -8.14550151e-01   5.65550251e-03
   -1.61105119e+00  -6.65003040e-01  -2.36885570e+00   1.84370476e+00
   -2.68198729e+00   3.14173624e-01   9.49470375e-01  -7.34421025e-01
    6.66952270e-01  -6.79010468e-01   1.27687025e+00   3.42783945e-01
    3.82930012e-01  -1.93494673e+00   8.87842169e-01  -1.21702348e+00
    1.64946267e-01  -9.70241863e-01  -8.27563963e-01   6.62544654e-01
   -3.86141295e-01 
   -6.57691317e-01   1.75258834e+00   2.19948995e-01  -1.02871767e+00
   -9.64115614e-01  -2.20040004e-01   8.40122269e-01   1.24692905e+00
   -7.98791433e-01   1.34136273e-01  -7.98407244e-01  -6.69888942e-01
    2.15196785e-01   4.33449749e-01   1.56236454e+00  -1.02122491e+00
    4.05265515e-01   2.02400627e-01  -1.08890598e+00   3.85050831e-01
   -5.72611553e-01   8.40471888e-01  -2.53788107e-01  -2.71780240e-01
    8.77897715e-01  -1.22584398e+00  -5.44215505e-01  -3.51900382e-01
   -1.94641874e+00  -9.82339521e-02  -1.64348935e+00  -2.55526475e+00
   -8.48168824e-01 
   -2.71049534e-01  -1.57039407e+00  -2.16036302e+00   1.60292143e+00
    1.29121432e+00   8.58077362e-01  -4.81432128e-01  -4.19174010e-01
    1.54089833e+00   1.13460837e+00   1.44908426e-01   3.83866712e-01
   -2.26898022e-01   2.02828764e-01  -8.94900412e-01  -2.93599692e-01
   -2.11320926e-01  -1.57197651e+00  -7.55833472e-01   1.50688037e+00
   -5.63439237e-01   6.57303173e-01   2.34584126e-01  -1.38615137e+00
   -5.31437653e-01  -1.30838715e+00  -1.48942113e+00  -4.62875929e-01
    1.04884968e+00  -5.37242566e-01  -7.97887454e-01  -5.54126444e-01
   -1.43396357e-01  