NN 16 32 16   -3.01057394e+00  -6.44734961e-01  -3.49269976e-01   6.29010151e-01
    1.72810630e+00  -1.08261205e+00  -1.35039909e+00  -1.37835099e+00
    2.36394617e+00  -1.23731585e+00  -1.25311387e-01   5.66872118e-01
    6.39255751e-01  -2.02636205e-01   2.29648715e-01  -3.28641682e-01
   -7.31162979e-01 
    4.86114501e-01  -3.70810747e-01  -3.07117213e-01  -4.86343554e-01
    8.69535296e-01  -2.17586853e-01   5.66875144e-02   5.23779942e-01
   -2.08462061e+00   6.06982844e-01   1.79537924e+00  -3.07625784e+00
    5.56855664e-01   6.50684287e-01  -1.55257212e+00   1.16155316e+00
    4.89035503e-01 
   -4.60364998e-01   3.33954125e-02  -2.27111429e+00   1.09134208e+00
    2.13005066e+00  -1.61272559e+00  -4.84537604e-01  -6.56344276e-01
   -1.04825844e+00   3.69969830e-01   2.54678635e-01   1.33005317e-01
    1.50321641e+00  -8.49342705e-01  -7.39323088e-02   1.54605549e+00
    1.75716894e-01 
    1.53630053e+00  -7.41778206e-01  -7.58084872e-01   5.81345629e-01
   -1.30632646e-01  -1.00637347e+00   1.05975274e+00  -2.04905535e-01
   -1.20849104e+00   8.15615113e-01  -1.17483134e+00   1.52601954e+00
    1.53066214e+00  -1.60470646e+00   8.91954936e-01  -1.72465554e+00
   -3.73478928e-01 
   -9.00449161e-02  -1.39464843e+00   1.17088130e+00  -9.66962906e-01
   -3.46465102e-01  -7.36440123e-01  -8.92135339e-02  -1.67349806e+00
    1.35872810e+00  -2.00123839e-01  -2.90963184e-01   1.60980060e+00
    1.49739737e+00   1.85145003e+00   8.61614075e-02  -1.36814160e+00
   -7.36495018e-01 
   -3.24825683e-01   1.14256227e+00   1.22359900e+00  -1.14733359e+00
    4.79524558e-01   1.03390916e+00   1.23856613e+00  -5.37678248e-02
    6.89238715e-02  -3.76765355e-01  -1.34852345e+00   5.43914767e-01
   -6.83570744e-01  -1.23654743e+00  -2.56602038e-01  -1.99696213e-01
   -6.53240228e-02 
    5.11679364e-01   1.42587037e+00   1.19383687e+00  -1.54133471e+00
   -1.20237201e-01  -1.06261953e-01  -1.65814291e+00   9.13946119e-01
   -4.87964813e-01   4.11511210e-01   7.59045573e-01   3.96537495e-01
   -2.25889548e-01  -3.60111958e-01  -1.19553664e+00   7.83579721e-01
   -5.81245692e-01 
    6.67335819e-01  -1.30021750e+00   1.03497352e+00  -6.00260307e-01
    9.11216962e-01   3.34820403e+00  -1.57403376e+00  -1.69864098e-01
    2.01762608e+00   2.02729760e+00   3.68989106e-01  -7.02785113e-01
   -6.95737308e-01  -2.17078658e+00  -1.10729406e+00  -3.35778380e-02
   -7.06544311e-01 
    4.60577928e-01   2.23667483e+00  -7.85762571e-01  -5.99080758e-01
    8.05815630e-01  -1.17334274e+00  -6.87494549e-01  -6.16664177e-02
   -1.54440867e+00   2.17165771e+00   1.18260757e+00  -9.02536829e-01
    5.90049048e-01  -1.60492486e+00   1.08040991e+00  -1.19555790e+00
   -8.05188959e-02 
   -1.30344864e+00   4.35548809e-02  -7.01354458e-01   1.19657790e+00
    1.78249046e+00  -6.85176691e-01   1.22992961e+00  -6.20221883e-01
   -7.20258837e-01   1.30222848e+00   1.17879849e-01   1.74842702e+00
   -2.23582701e+00   4.69283325e-01  -2.45941256e-01  -1.17370155e+00
    2.50990288e-01 
   -6.23087977e-01   6.25108011e-01  -1.83827050e-01  -2.52224213e+00
   -1.87243524e+00  -1.07517282e+00   4.07628978e-01   3.47591384e+00
   -8.04468432e-01   5.65537360e-01  -8.14071402e-01   2.30218141e+00
   -6.92613992e-01  -1.64111551e-01  -2.57398929e-02   2.43142194e-02
   -6.08872191e-01 
    2.43539948e+00  -8.33304673e-01   5.49505494e-01   1.71864263e+00
    1.36487506e+00  -3.37870283e-01  -1.46245544e+00   5.80566652e-01
    2.32505928e-01  -8.55133889e-01  -1.12600023e-01  -6.18597145e-01
   -2.29465408e+00   3.53080156e-01   8.34436033e-01  -5.55565022e-01
   -6.25313591e-03 
   -3.03775185e-02  -1.48619567e+00   1.11457891e+00  -1.11709823e-01
    2.32947392e-01   3.94805505e-02  -2.96527424e+00   1.60933506e-01
   -1.73415003e+00   8.80513162e-01   2.50628091e+00   2.82377678e-01
   -3.08528223e-01   1.19191916e+00  -4.35114188e-01  -4.47069897e-01
   -1.02626196e+00 
   -3.12033780e-01   2.35576294e-02  -6.67799957e-01   2.60347849e-01
    1.96822740e+00  -1.72245333e+00   8.30375739e-01   4.83783399e-01
    7.94848041e-01   1.52505230e+00  -1.93921117e+00  -1.79109825e+00
   -6.21887387e-01   5.19716450e-01  -3.92197753e-01  -1.81930358e-01
   -9.22444083e-02 
    1.01803334e+00  -1.98256458e+00   3.49973639e-01   2.47050746e+00
   -1.89828393e+00   9.87627991e-01   3.78879611e-01  -4.95480781e-01
   -1.51063790e+00   2.82791286e-02  -3.48351663e-01  -4.01841885e-01
    7.15579289e-01   2.26108649e+00  -1.62741742e+00   2.53170206e-02
    6.30895695e-01 
    1.15176472e+00  -8.85853910e-01  -6.33116093e-03   3.66433007e-02
   -1.77351169e-01   1.43169064e-01   2.96044486e+00  -2.57831155e+00
   -1.45082821e+00  -6.59665168e-01  -3.64295032e-01  -8.45564980e-01
    1.45187041e+00  -1.67189446e+00   5.86837908e-01   1.67178622e-01
    4.22881669e-01 
    1.18259529e+00   7.16353485e-01  -2.80986516e+00  -3.47102937e+00
    5.55013477e-01   2.08201469e-01   1.11110430e+00   1.49271430e+00
    5.73033622e-01  -2.01801662e-01  -9.98931000e-01  -5.95029118e-01
   -2.34326627e-01   1.83325192e+00  -5.14272422e-01   8.61228045e-01
    1.33296649e-01 
   -1.32868797e+00   2.74271688e-01  -4.98946396e-02   2.05271370e-01
    7.25566807e-01  -9.76740658e-01  -4.54686745e-02   9.00752163e-02
    1.30667066e+00  -6.99976353e-01   8.14470797e-01  -1.69131700e-01
    7.65985744e-01  -7.71052268e-01  -4.65391417e-01   1.02730586e+00
   -5.13350476e-01 
   -2.41644235e-01  -1.78105430e+00   1.73463225e+00  -1.53719860e-01
   -2.09383663e+00   5.54716534e-01  -7.99483964e-03   1.37467454e+00
    3.84672181e-01   1.62838283e+00  -1.77399347e+00  -6.79403395e-01
    3.85511429e-01  -1.06261206e+00   5.42885796e-01   5.02710557e-01
    8.25795806e-02 
   -1.28226164e+00   5.84761177e-01  -9.56097791e-01   1.79055194e+00
   -7.24864161e-01   1.83113551e+00   5.94290215e-01  -1.25100812e+00
   -2.65081425e-01  -1.74020013e+00  -7.76758573e-01   6.57188318e-01
    1.62589072e+00   3.80959775e-01  -1.96725460e-01  -1.66485977e+00
    3.95644358e-01 
   -4.66349865e-02   2.36489796e+00   9.25139809e-01  -1.89071826e-02
   -5.85396726e-01  -3.74325463e+00   9.02381918e-01   3.10517399e+00
    1.18613291e+00  -1.69029998e+00   6.86373541e-01  -8.02907465e-01
   -6.09934548e-01  -5.13216154e-01   4.60933844e-01  -2.76375664e-03
   -2.16973510e-01 
   -2.33109963e+00   8.52903491e-01   1.59423238e+00  -3.80221753e-01
    1.53057010e+00  -1.03326201e+00  -5.79190046e-01  -5.34607489e-01
    1.89638226e+00  -1.24368022e+00   1.88639527e-01  -1.75587175e+00
    5.50969014e-01   6.23692466e-01  -1.03686139e+00  -2.47222007e-01
    6.33696423e-01 
   -4.76669754e-01  -5.01664193e-01   6.90322744e-01  -8.91457336e-01
    1.96689413e+00  -1.55946195e+00   4.58349264e-03   2.11569449e+00
   -2.17439707e+00  -6.65020892e-01   9.74822472e-01   5.82231208e-01
    5.92418181e-01  -6.81899916e-01  -3.49795411e-01  -5.88091150e-01
   -3.25392301e-01 
   -1.67863416e+00   1.20948060e-01  -1.30141267e+00   1.81108784e+00
   -1.05628294e+00   1.00725167e+00   6.19804529e-01  -8.29295750e-01
    1.20919850e+00   1.51512021e+00   1.50048652e+00  -1.66904869e+00
    5.65809831e-01  -1.28734436e+00   3.80215148e-01  -8.87262624e-02
   -6.27604589e-01 
    1.63293374e+00   1.41443506e+00  -1.68514750e+00  -6.44004240e-01
   -3.05657793e+00  -8.33265148e-01   8.55259800e-01   5.23392069e-01
    1.13351909e+00  -2.37755442e+00   2.24008476e+00  -1.21255638e-02
    2.65533760e-01  -1.84019243e-01  -6.77503291e-01   1.28835199e-01
   -1.17426109e-01 
    1.22084985e+00   1.03698234e-01  -1.49242818e+00  -2.54214328e-01
   -1.17812699e+00  -3.13936166e-01   2.21153374e+00  -2.84192300e+00
    1.61459622e-02  -4.27072534e-01   4.35748638e-01   1.13439489e+00
   -1.85426053e-01   1.17612479e+00   9.01492890e-01   6.58518737e-01
   -6.53030648e-01 
   -8.55011826e-01  -5.85479203e-01   1.70743506e+00  -2.29539322e-01
    1.35357042e+00   1.36999159e+00  -2.43900937e+00  -1.69892624e-01
    3.11592199e-01  -6.46949214e-01  -2.73243339e+00   2.47864028e-01
    1.50758300e+00  -1.08023001e+00   1.42854871e-01   2.31962161e+00
   -1.98968878e-01 
   -7.64950704e-01   2.32619258e+00   1.15369601e+00   4.77180205e-02
   -1.03580461e+00   2.08777425e+00  -3.98681725e-01  -3.00082891e-01
   -1.03900345e+00  -1.66922447e+00  -4.09125332e-01  -2.80139463e-01
   -8.40439069e-01   5.17221791e-01  -9.17455336e-02   5.38885420e-01
   -4.42242586e-01 
   -4.42951403e-01  -1.30387074e+00  -9.30283629e-01   1.61375372e-01
    5.83823190e-01   2.32234442e+00  -8.39457302e-01   6.42304398e-01
    3.95106428e-01  -2.20513810e+00   1.00407901e+00  -1.80924104e-01
   -1.25952442e+00   6.04409654e-02   2.23481583e+00  -1.22842474e+00
    3.85130139e-01 
   -2.96388848e-01   1.57647453e+00   4.89945667e-01  -6.60122654e-01
    5.51892045e-01  -1.39191215e+00  -2.10091242e+00  -1.47109212e+00
   -9.47695256e-02  -6.29837710e-01  -1.31711201e-01   6.86103055e-01
    5.01577327e-01   3.64199013e-01  -1.76516524e-02   8.86952967e-01
    5.65290313e-03 
   -1.11345427e+00   8.37340857e-02   2.37467311e+00   1.29103546e+00
    1.19681202e+00   1.49811861e-01  -1.37690461e+00  -1.01807808e+00
   -5.71997591e-01   8.10894081e-01  -1.86867908e+00  -1.36405624e+00
   -1.35205309e+00   1.24290489e+00   1.20103476e+00   9.00633604e-01
    2.89780739e-01 
    1.14132216e+00   9.69487760e-01  -9.86454634e-01  -3.10349979e-01
   -6.76614828e-01  -2.29095898e-01  -6.85394019e-01  -2.36504285e-01
    1.44683497e+00   1.34042483e+00  -1.82839934e+00  -1.50354391e+00
   -3.74032072e-01  -1.44212361e+00   2.19808873e+00   5.60863998e-01
   -4.60769245e-01      2.93103942e+00  -7.12929055e-01   3.48862337e-02  -1.80355911e+00
   -7.33632121e-01   6.69046182e-01  -3.32361906e-01  -8.79767202e-01
    6.93108129e-01   1.15788390e+00   6.93676933e-01  -2.61837585e+00
   -8.91826464e-01   1.73726094e-01   5.07520917e-01  -1.73785473e+00
   -3.73901793e-01   3.18776256e-01   2.36769390e-01   5.79459643e-01
   -1.71104611e-01   2.34334807e+00   3.95859741e-01   1.95505029e+00
   -2.04469342e+00  -9.95423004e-01   4.70713494e-01  -1.61324103e-01
   -2.40364275e-01  -3.72826967e-01   5.84724724e-01  -1.58720319e+00
   -2.52250559e-01 
    5.38748327e-01   2.95831320e-01  -4.08491071e-01   1.33750031e-01
    1.00086015e+00  -2.55083704e-01  -1.39225697e+00   1.03787242e+00
   -2.27803956e+00  -2.43693443e-01  -8.46834885e-01   2.73755397e-01
    1.32383646e+00  -8.93671630e-02   1.85428956e+00   3.02118272e-01
    9.32460667e-02  -7.07983184e-01   1.90551519e+00  -1.95241654e+00
   -1.63334814e+00   3.18473801e-01   2.08175210e-01   2.46358616e-01
   -1.59605163e+00   4.91384166e-01   7.58702016e-01  -3.61516770e+00
    1.33868255e+00  -1.59152157e+00   1.35952398e-01  -1.20978907e+00
    1.24057701e-01 
    8.25447988e-01   4.72603773e-02   2.69154866e+00   6.85344431e-01
   -1.97404679e+00  -1.20243365e+00  -9.68506706e-01  -8.69788198e-01
    1.48468743e+00   1.18771747e+00   2.90770500e-01  -5.68228467e-02
   -2.08146195e+00   1.18442475e-01  -3.44836017e-01  -1.20312182e+00
    2.06950128e+00  -1.90807070e-01  -1.42044165e+00   1.18617046e+00
   -1.38940842e+00  -2.27235826e+00  -1.08485183e+00   1.31699977e+00
    1.22663876e+00   9.84884146e-01  -2.04906952e+00  -7.45884251e-01
    1.65045535e+00  -4.22518587e-01  -2.55910681e+00   7.03744917e-01
   -4.01791038e-01 
   -9.87947634e-01   6.88439348e-01  -1.33079135e+00  -1.08658331e+00
    1.48090998e+00   1.19320113e+00   1.28539611e+00   3.69211159e-01
    3.69983518e-01  -8.62014705e-01   2.23795508e+00  -2.35515530e+00
    6.39176837e-01  -1.06096096e+00  -3.11624602e+00  -7.64767596e-02
    3.58050098e+00  -2.37546993e-01   5.57026958e-01  -1.84469531e+00
   -1.09648085e+00   7.91577194e-01   8.78330879e-01  -2.58612628e+00
    3.88326935e-01   5.30765118e-01   1.77067283e-01   1.74263316e-01
   -1.90414531e-01   2.94581430e-01  -1.79053150e+00  -4.74026400e-01
   -1.22906370e-01 
   -1.49446529e+00  -1.09604764e+00  -1.98708277e+00  -2.71856277e-01
    1.78731150e-01  -2.67336835e-01   1.79054638e-01  -1.18454707e+00
   -4.20143000e-01  -2.51780096e+00   1.22087221e+00  -3.71714879e-01
   -3.12544152e-01  -2.30647798e+00   2.46992416e+00  -1.39478462e+00
   -1.64374797e-02  -1.41940129e+00   2.59765767e+00   1.91810501e-01
    1.17878477e+00  -1.34754365e+00  -2.92495074e+00   2.17177913e+00
    1.98784798e+00   1.53512416e+00  -1.57594459e+00  -2.94311960e-01
   -9.37673448e-01  -6.51723321e-01  -1.01868670e+00   1.22900575e+00
   -1.24522168e-01 
   -5.07784310e-01  -3.89611446e-04   7.64667243e-01   8.66701740e-01
    9.49828166e-01  -6.87095253e-01  -3.01975826e-01  -3.36897918e+00
    9.33235047e-01   8.13750166e-02   5.27244469e-02   5.00139611e-02
   -4.42155664e-01   1.87251810e+00  -8.09706228e-01  -1.85051452e+00
   -1.22244084e+00   3.48315978e-01  -1.44763509e-01  -2.79499830e+00
    4.38529009e+00   3.85411430e-01   4.88889640e-01   2.06997786e-01
   -2.80699279e-02   5.01541386e-01  -1.58725216e+00  -1.55170781e+00
   -3.31327994e+00   5.83283906e-01  -2.48230934e-01  -4.81491340e-02
    1.00566446e-01 
    6.39070671e-01  -6.37215279e-01   3.78454313e-01  -1.20224647e+00
   -4.64135250e-01  -1.54193949e+00   1.24907933e+00   7.47609605e-01
    1.21492864e-01  -2.12592548e+00  -6.32047682e-01   2.17191356e+00
    3.10916391e+00  -1.47759823e+00  -1.25237084e+00  -3.69966226e+00
   -9.83831932e-01   1.23180553e-01  -5.05395342e-01   5.25362772e-02
   -7.81357845e-01  -4.02464504e-01  -3.25646211e-01  -7.27883668e-01
   -1.88552050e+00  -1.61644198e+00   1.14291789e+00   1.42122392e-01
    2.20975452e-01   2.61358640e+00   6.93071532e-01   6.91517263e-01
   -3.43871777e-01 
    3.19907577e-02  -9.30395321e-01   1.81875330e+00  -5.08205144e-01
    1.36192224e+00  -1.52202989e-01  -9.77433401e-01   2.96863865e-01
   -3.65835077e-02   3.70815060e-01  -3.89804698e+00  -9.92841146e-02
   -2.82660782e-01  -1.23887498e+00  -4.61725356e-01   2.10034176e+00
   -2.06650559e+00  -6.13931145e-01  -2.27063389e+00  -2.73791866e-01
   -2.44695577e+00  -3.01023149e-01  -2.61425698e+00   2.25103495e-01
   -2.36452391e-01   2.90556098e+00   5.62256001e-01   5.25607531e-01
   -1.62821960e+00   1.04749253e+00   7.79373384e-01  -3.24724450e-01
   -6.17433223e-01 
   -1.78480167e+00   2.13850058e+00   1.01848303e+00   1.11221142e+00
   -1.86581769e+00  -3.09370360e-01   1.16827366e+00  -1.98871301e+00
    1.89884253e+00   1.07884842e-01   4.18157915e-01  -1.28155452e+00
    1.09041247e+00  -1.43991388e+00   1.88198118e+00   1.34630067e+00
   -8.97444662e-01  -1.88211654e+00  -4.15537815e-01   3.56255704e-01
   -1.36024427e+00  -1.52636941e+00   2.02667075e+00  -1.45843200e+00
   -1.56991767e+00  -7.00125875e-01  -3.24405328e-02   6.20196435e-01
   -1.22594595e+00  -2.16935892e-01   1.28102621e+00  -1.55286028e+00
   -5.51520481e-01 
    6.98570022e-01  -6.36802866e-01  -6.15602641e-01  -1.08506551e+00
   -2.42674744e-01   6.22855802e-02  -8.53931418e-01  -2.21201567e+00
   -2.18705028e+00  -2.27021029e+00  -1.76372779e+00   1.52675333e+00
   -1.96445809e+00  -1.37317337e+00  -9.10676920e-02  -1.50070687e-01
    7.26881197e-01   6.96046356e-02  -1.88822845e+00   1.84445778e+00
    1.13704990e+00   1.23494199e+00   6.87132688e-01  -2.47477654e+00
    2.55896865e+00  -4.75629177e-01   1.45658129e+00   7.89498456e-02
    2.09249114e+00   2.76235667e-01   6.69656801e-02  -1.40590288e+00
   -7.30662341e-02 
   -3.87716762e-01  -2.20699048e+00   1.90680136e-01   6.79146993e-01
   -5.34879899e-01   9.60744135e-01  -9.00134903e-01  -2.33855067e+00
   -1.14798136e+00  -1.01751074e-01   1.04016243e+00   5.15933234e-01
   -2.64759715e+00   1.91670165e+00  -5.18998753e-01   1.84579979e-01
    8.16568427e-01  -1.06265689e+00   7.81344513e-01   1.33902065e+00
   -4.86649317e-01  -8.62883305e-01  -1.15115904e+00  -2.45356614e+00
   -1.83295940e+00  -1.58059506e+00   2.92278983e+00   7.92303738e-01
   -1.13170631e+00  -3.71348253e-01   1.35926361e+00   2.18502454e+00
   -3.04888598e-01 
   -1.43912054e+00   3.70734013e+00  -1.01605233e+00  -2.40546324e+00
   -1.89594471e+00  -9.65955565e-01  -1.02456032e+00   3.42256011e-01
    9.60252678e-01  -2.05524060e+00  -2.47112626e+00   5.53447859e-02
   -7.69370393e-01   1.26130482e+00   3.23935712e-01   1.50717273e+00
   -7.97689646e-01  -4.20179071e-01  -3.06846347e-02  -6.59870196e-01
    7.86656078e-01   1.79357749e+00  -3.95770385e-01   9.24393558e-01
    8.61146269e-01  -1.76195011e+00  -1.22619254e+00   4.90197049e-02
    8.32906023e-01  -8.20925296e-01   1.19755463e+00   9.26456500e-01
   -4.16255142e-01 
   -4.73754215e-01  -7.27893484e-01  -2.44092529e+00  -1.87371348e+00
   -1.94893971e+00   7.50313019e-01   2.01772834e-01  -2.63273236e-01
   -4.81887983e-01   2.68205772e+00  -1.93377597e-02   2.00915090e+00
   -1.03861963e+00   8.44012979e-02  -2.84888696e-01  -1.22874047e+00
   -7.14433300e-02  -1.06142104e+00  -3.14647070e-01  -1.20526738e+00
    4.99664609e-01  -4.39488633e-01  -8.25031421e-01  -7.29021715e-01
    9.55924993e-02  -3.09870852e-01  -1.55700110e+00   4.30880478e-01
    1.37209250e+00  -1.10840988e+00   1.67852804e+00  -4.23434004e-01
   -2.21652626e-01 
   -3.04338120e-01  -7.57580762e-01   6.08838517e-01   1.75757209e+00
   -2.06072357e+00   1.07712015e+00  -1.78894030e-01   8.32792145e-01
    8.92976340e-01  -6.39477874e-01  -8.35718681e-01   3.16210669e-02
   -1.56486237e+00  -6.16543899e-01  -2.31819260e+00   1.74650227e+00
   -2.61107279e+00   2.82665309e-01   8.96791840e-01  -7.05818667e-01
    6.29532151e-01  -6.59174243e-01   1.25109046e+00   3.21116548e-01
    3.47096735e-01  -1.93381988e+00   9.07821329e-01  -1.17966340e+00
    1.84554656e-01  -8.92121899e-01  -7.60772069e-01   6.48875745e-01
   -3.62682769e-01 
   -5.95986583e-01   1.65872507e+00   1.92259381e-01  -1.08522608e+00
   -9.50842582e-01  -1.80721681e-01   8.81424881e-01   1.27853684e+00
   -6.94539864e-01   1.05802362e-01  -8.01339717e-01  -6.57347602e-01
    2.50178985e-01   3.94342607e-01   1.43886851e+00  -9.80831743e-01
    4.17743462e-01   2.44458162e-01  -1.07449430e+00   4.42362249e-01
   -5.90007545e-01   9.16274164e-01  -1.89483064e-01  -2.87106930e-01
    8.30210198e-01  -1.22937205e+00  -4.45697377e-01  -2.52906179e-01
   -1.69994029e+00  -2.53893957e-03  -1.53508060e+00  -2.42551658e+00
   -7.85871994e-01 
   -3.31766771e-01  -1.45137921e+00  -2.00363873e+00   1.53708573e+00
    1.26626646e+00   7.88233009e-01  -5.07993462e-01  -3.84621351e-01
    1.32826118e+00   1.05894910e+00   8.81441491e-02   4.21189729e-01
   -2.54598049e-01   2.19563543e-01  -7.95435966e-01  -1.14463432e-01
   -1.66451416e-01  -1.48941124e+00  -6.59996250e-01   1.36664492e+00
   -5.63174033e-01   5.29363060e-01   1.94936542e-01  -1.41012081e+00
   -5.45701802e-01  -1.19772086e+00  -1.40698725e+00  -4.91646449e-01
    9.82091639e-01  -5.33470439e-01  -7.71866929e-01  -4.67733342e-01
   -1.23586147e-01  