NN 16 32 16   -3.07197040e+00  -6.91807213e-01  -2.46838349e-01   4.99472639e-01
    1.73666557e+00  -8.57054530e-01  -1.36468154e+00  -1.52586126e+00
    2.50140574e+00  -1.35555809e+00  -8.11415922e-02   5.01053669e-01
    6.92166375e-01  -2.06694181e-01   2.69014576e-01  -3.36990509e-01
   -7.30842047e-01 
    5.56058998e-01  -3.55294454e-01  -3.06469070e-01  -4.01769704e-01
    9.74595595e-01  -2.27225328e-01   2.91566216e-02   5.51124176e-01
   -2.12402683e+00   6.73854572e-01   1.71182972e+00  -3.19611746e+00
    6.20558276e-01   7.02327794e-01  -1.54138719e+00   1.23952636e+00
    5.40019129e-01 
   -5.20311131e-01   1.46924631e-01  -2.44383949e+00   1.04739773e+00
    2.14760818e+00  -1.59547829e+00  -4.14926728e-01  -6.26674169e-01
   -1.02016552e+00   2.71102213e-01   2.07767190e-01   8.65037093e-02
    1.49386360e+00  -8.27114593e-01  -9.20479954e-02   1.61132333e+00
    1.70934784e-01 
    1.48996241e+00  -7.32230274e-01  -7.95234383e-01   5.86738885e-01
   -9.12580887e-02  -1.07990314e+00   1.08514605e+00  -1.46910349e-01
   -1.32283485e+00   8.38483103e-01  -1.16809403e+00   1.65577638e+00
    1.60198818e+00  -1.55481913e+00   9.43173582e-01  -1.72824834e+00
   -3.27679033e-01 
   -1.55550854e-01  -1.40198043e+00   1.23366889e+00  -9.64353159e-01
   -3.35568862e-01  -6.99117300e-01  -3.58077777e-02  -1.63247850e+00
    1.34073828e+00  -2.28030871e-01  -1.66426602e-01   1.66641203e+00
    1.54848329e+00   1.92319175e+00   7.09560220e-02  -1.35577846e+00
   -7.14823606e-01 
   -3.82083848e-01   1.13907718e+00   1.34289022e+00  -1.22039069e+00
    5.60589742e-01   9.98864244e-01   1.30722219e+00  -7.06150581e-02
   -6.69722953e-03  -3.31316247e-01  -1.35490527e+00   5.69602986e-01
   -7.41632159e-01  -1.26490632e+00  -2.83220026e-01  -2.17958855e-01
   -6.74524261e-02 
    6.24692012e-01   1.31826407e+00   1.17437161e+00  -1.60889650e+00
   -7.00198512e-02  -1.34326970e-01  -1.68230668e+00   9.15405833e-01
   -5.33257702e-01   4.74931938e-01   8.17795257e-01   3.68775595e-01
   -2.20497554e-01  -3.85708096e-01  -1.23647798e+00   7.77088402e-01
   -6.03795781e-01 
    6.00962499e-01  -1.30544498e+00   1.02957245e+00  -5.41970223e-01
    6.89776808e-01   3.50204547e+00  -1.59868028e+00   8.71881693e-03
    2.10477098e+00   2.01919035e+00   5.09810955e-01  -6.34113482e-01
   -6.39296446e-01  -2.22747032e+00  -1.07315659e+00   1.01297652e-02
   -6.55562415e-01 
    4.32491320e-01   2.30601222e+00  -8.91434974e-01  -6.39952346e-01
    8.65353169e-01  -1.28450707e+00  -8.43916415e-01  -1.28268770e-01
   -1.63477368e+00   2.08772427e+00   1.14676432e+00  -1.02955197e+00
    5.93004609e-01  -1.63644128e+00   1.06837725e+00  -1.28933753e+00
   -1.36406143e-01 
   -1.40845842e+00   7.48660841e-03  -7.99216245e-01   1.26856857e+00
    1.73535001e+00  -7.55267089e-01   1.19430950e+00  -5.10600240e-01
   -8.26728461e-01   1.19304648e+00   2.07183745e-01   1.76422320e+00
   -2.29453406e+00   5.38320390e-01  -2.99543472e-01  -1.16723757e+00
    2.78034333e-01 
   -6.44944003e-01   4.88085546e-01  -2.59139545e-01  -2.57520888e+00
   -1.81732951e+00  -1.14209712e+00   2.75495632e-01   3.53834385e+00
   -9.81553309e-01   5.95921608e-01  -7.06614118e-01   2.33379400e+00
   -7.54808286e-01  -2.47583556e-01  -1.38520368e-01  -3.85926013e-02
   -6.72935468e-01 
    2.39941939e+00  -8.18699013e-01   4.75497953e-01   1.72768353e+00
    1.26330686e+00  -2.87889830e-01  -1.49013252e+00   5.74600035e-01
    3.20487004e-01  -8.60346406e-01  -6.88452830e-02  -6.47154090e-01
   -2.46674631e+00   3.13955763e-01   8.39014698e-01  -6.15600532e-01
   -4.87592137e-02 
   -6.02394221e-03  -1.42153345e+00   1.01691801e+00  -7.26200560e-02
    1.62986873e-01   1.48860607e-01  -3.02911508e+00   2.52932977e-01
   -1.78054065e+00   7.31962111e-01   2.67322179e+00   2.48040987e-01
   -2.96195322e-01   1.16992899e+00  -4.55622290e-01  -4.51254609e-01
   -1.03982922e+00 
   -3.79489461e-01  -2.61421588e-02  -6.24749606e-01   1.62632760e-01
    2.01008866e+00  -1.85159523e+00   7.62396939e-01   5.46360107e-01
    6.92203203e-01   1.52808852e+00  -2.07005813e+00  -1.76142266e+00
   -7.40135083e-01   5.17756933e-01  -4.61129951e-01  -2.27476668e-01
   -1.57485185e-01 
    9.71213087e-01  -1.91397234e+00   3.45867564e-01   2.48739301e+00
   -2.04919526e+00   1.02481488e+00   4.01617846e-01  -4.12973821e-01
   -1.53027756e+00  -1.62406008e-02  -4.02045282e-01  -3.60909883e-01
    7.59979620e-01   2.21922832e+00  -1.68222402e+00  -1.70809658e-02
    6.01132941e-01 
    1.22040246e+00  -9.20858426e-01  -2.42915998e-02   1.35232540e-01
   -2.29735812e-01   1.28430192e-01   3.03128742e+00  -2.63187799e+00
   -1.30075531e+00  -6.18686586e-01  -2.51422155e-01  -7.97104803e-01
    1.44890090e+00  -1.65947182e+00   6.01195906e-01   2.39273152e-01
    4.81465929e-01 
    1.27528125e+00   6.04877056e-01  -2.86958595e+00  -3.57192077e+00
    7.12737571e-01  -1.74457430e-02   1.02462627e+00   1.49385550e+00
    5.14541211e-01   8.76962189e-02  -1.01281325e+00  -6.72807227e-01
   -2.80391385e-01   1.79047248e+00  -5.49916030e-01   8.39931962e-01
    9.73719449e-02 
   -1.38595061e+00   3.30399931e-01  -9.94921641e-02   2.20242883e-01
    6.92279021e-01  -9.98393046e-01   2.66363268e-02   1.28351440e-01
    1.33970566e+00  -7.75747672e-01   8.98929325e-01  -2.09852204e-01
    7.56172244e-01  -7.58209693e-01  -4.80777287e-01   1.08308354e+00
   -5.16018350e-01 
   -2.33530990e-01  -1.96010184e+00   1.78948444e+00  -1.56634319e-01
   -2.16972086e+00   4.94650697e-01  -3.92122462e-03   1.31752409e+00
    2.50570787e-01   1.70877615e+00  -1.78965720e+00  -6.03313814e-01
    4.38217437e-01  -1.14877503e+00   4.93924457e-01   4.58568900e-01
    3.21767975e-02 
   -1.36239141e+00   5.64159995e-01  -9.47284533e-01   1.78033629e+00
   -7.33959028e-01   1.79328089e+00   6.67147377e-01  -1.35625150e+00
   -1.50455600e-01  -1.58426791e+00  -7.20337666e-01   6.49509957e-01
    1.64827019e+00   3.16361774e-01  -2.01672853e-01  -1.73148496e+00
    3.92314599e-01 
    7.48885668e-02   2.30913477e+00   1.08874835e+00  -2.54951866e-01
   -3.30470669e-01  -3.94758092e+00   9.87828086e-01   3.20781742e+00
    1.17018431e+00  -1.73299765e+00   6.13340627e-01  -7.04974045e-01
   -5.67745716e-01  -4.75591417e-01   5.01500105e-01  -1.71029492e-02
   -2.06763534e-01 
   -2.28218485e+00   8.66037336e-01   1.66188760e+00  -4.21095590e-01
    1.59430057e+00  -8.54284013e-01  -6.19292437e-01  -5.14479331e-01
    2.04988786e+00  -1.30265562e+00   2.26732328e-01  -1.83656771e+00
    5.25665431e-01   6.26188472e-01  -1.05169098e+00  -2.59326029e-01
    6.41641405e-01 
   -4.10706812e-01  -4.63855742e-01   5.07763004e-01  -8.59208935e-01
    2.06059905e+00  -1.54206100e+00   5.67143167e-02   2.09695824e+00
   -2.26093943e+00  -7.45031288e-01   9.74410801e-01   6.03939726e-01
    5.70178409e-01  -7.19063702e-01  -3.45733939e-01  -6.10525846e-01
   -3.20538526e-01 
   -1.76353685e+00   1.92107770e-01  -1.36212003e+00   1.87570996e+00
   -1.14435440e+00   9.31880406e-01   5.97635589e-01  -7.74296542e-01
    1.22584497e+00   1.50973208e+00   1.50605068e+00  -1.67650380e+00
    6.92205187e-01  -1.25282780e+00   4.21894402e-01  -9.85701293e-02
   -6.21504676e-01 
    1.54101879e+00   1.40283381e+00  -1.84900348e+00  -6.14027729e-01
   -3.08844215e+00  -9.60046161e-01   8.55880069e-01   5.49779764e-01
    1.24624747e+00  -2.24506244e+00   2.03170262e+00  -1.20933411e-01
    1.92613296e-01  -2.56330418e-01  -7.67436848e-01   4.61357508e-02
   -1.93313215e-01 
    1.38586522e+00   9.35890120e-02  -1.51339907e+00  -2.85577297e-01
   -1.05204607e+00  -4.28215240e-01   2.31488528e+00  -2.76137356e+00
    4.43398236e-02  -3.11959435e-01   4.16933254e-01   1.13536686e+00
   -1.35904435e-01   1.26708390e+00   9.40075124e-01   7.93119325e-01
   -6.09241099e-01 
   -8.36009723e-01  -5.75505441e-01   1.77614999e+00  -2.08154723e-01
    1.25293129e+00   1.57685942e+00  -2.42623195e+00  -6.24122586e-02
    2.98822213e-01  -7.99485824e-01  -2.69325241e+00   2.79870505e-01
    1.53846590e+00  -1.13098144e+00   1.43984339e-01   2.43945331e+00
   -1.73711135e-01 
   -7.07808573e-01   2.32870257e+00   1.25058323e+00   1.32591443e-02
   -9.73838235e-01   2.15852148e+00  -4.08894987e-01  -1.71837061e-01
   -9.76596545e-01  -1.69673161e+00  -3.87034819e-01  -2.47221410e-01
   -8.58178400e-01   5.51573522e-01  -5.43581132e-02   6.24864283e-01
   -4.03491445e-01 
   -4.91008977e-01  -1.33092197e+00  -8.53049336e-01   1.55480975e-01
    3.58153619e-01   2.37894512e+00  -9.06029791e-01   7.14322480e-01
    6.22996226e-01  -1.99577101e+00   1.12149368e+00  -2.16643294e-01
   -1.28934957e+00   2.05818599e-02   2.39775892e+00  -1.19750384e+00
    4.54277509e-01 
   -2.47765711e-01   1.76995174e+00   5.00589037e-01  -7.32871492e-01
    5.89988988e-01  -1.34490238e+00  -2.06497217e+00  -1.48989854e+00
   -1.66505442e-01  -7.53109452e-01  -1.64373021e-01   5.92711583e-01
    5.10103007e-01   3.93511182e-01   3.39090810e-02   9.27178015e-01
    1.63210504e-02 
   -1.20424981e+00   2.18267450e-01   2.43323419e+00   1.28359094e+00
    1.09590787e+00   2.93363091e-01  -1.34134506e+00  -1.07421032e+00
   -6.05520678e-01   6.47454079e-01  -1.83865762e+00  -1.33245755e+00
   -1.43416461e+00   1.25312360e+00   1.24295328e+00   9.52783727e-01
    2.97747046e-01 
    1.20264308e+00   9.18069378e-01  -9.77955647e-01  -3.35479382e-01
   -7.28628160e-01  -3.05975156e-01  -7.89042256e-01  -2.76223967e-01
    1.40970735e+00   1.45002885e+00  -1.91355668e+00  -1.47986480e+00
   -3.68971540e-01  -1.46401531e+00   2.19290190e+00   5.64940019e-01
   -4.92393730e-01     2.99869424 -0.68705492  0.08842145 -1.86005954 -0.71445494  0.75705295
  -0.36019593 -0.84826093  0.63287243  1.04711764  0.53842845 -2.65050143
  -0.82888074  0.22929416  0.61411938 -1.63829331 -0.37846305  0.37310999
   0.18245979  0.62517712 -0.24313331  2.41308663  0.34295248  2.04447794
  -1.85722313 -0.91711096  0.56694763 -0.07602645 -0.06854115 -0.35638987
   0.54342435 -1.59034441 -0.19425727 
   0.57140228  0.22989704 -0.44206751  0.14452979  1.00724345 -0.30861777
  -1.33911096  1.10401737 -2.35078869 -0.33068817 -0.84351209  0.25351961
   1.31802184 -0.21295059  1.8144694   0.29797593  0.06444708 -0.7054622
   1.98320104 -1.86394652 -1.618367    0.22400827  0.28829896  0.1825735
  -1.45362612  0.50976239  0.76414348 -3.66086851  1.39313457 -1.63693818
  -0.00730068 -1.18577893  0.15797167 
   0.79174119  0.11232684  2.75377789  0.73637544 -1.9302763  -1.26501915
  -0.88697907 -0.81915382  1.5499127   1.13937412  0.34241729  0.04624816
  -2.13158536  0.16102094 -0.39697454 -1.26636469  2.21805294 -0.12835486
  -1.31770349  1.17962294 -1.30285792 -2.29067246 -1.04969165  1.29385661
   1.20676643  0.96562199 -2.01661804 -0.64294824  1.74161956 -0.36825754
  -2.44702159  0.88362182 -0.32109694 
  -1.18048795  0.75962444 -1.26106274 -1.00106302  1.51501544  1.16201015
   1.33883856  0.42120689  0.46317836 -0.86011725  2.21631529 -2.2437056
   0.6748574  -0.98657505 -3.11207948 -0.02365812  3.64808041 -0.29181404
   0.48648699 -1.96742171 -1.15067733  0.68735477  0.90144991 -2.75682733
   0.34173246  0.47127667  0.11393003  0.05836265 -0.26710426  0.27518784
  -1.76802465 -0.42928805 -0.12700953 
  -1.48585448 -1.17225248 -2.01899653 -0.22082298  0.26522616 -0.35813688
   0.21909687 -1.24031412 -0.3231052  -2.58669575  1.25453618 -0.39422289
  -0.23710729 -2.28594564  2.46436812 -1.46792944 -0.07352454 -1.49951805
   2.68544788  0.04687025  1.15825885 -1.46797902 -2.93018015  2.06491377
   1.84580743  1.439119   -1.50650107 -0.46479313 -1.13415019 -0.5943471
  -1.01782504  1.28753492 -0.19336322 
  -0.65757779 -0.00579556  0.65580127  0.81767256  0.85613997 -0.62696916
  -0.35951779 -3.49303978  0.97807662  0.03625115  0.02163978  0.066008
  -0.59355682  1.92182619 -0.92720842 -1.8977792  -1.20521235  0.3122994
  -0.22350464 -2.72572614  4.45170662  0.36948043  0.45483283 -0.02908249
  -0.13466784  0.51125409 -1.60712939 -1.45110047 -3.38135607  0.65736702
  -0.22396813 -0.06473734  0.01884025 
   0.65957496 -0.64279895  0.30274908 -1.23668485 -0.52170407 -1.61894028
   1.28365839  0.84138406  0.14161827 -2.21486382 -0.66629412  2.23699149
   3.06520115 -1.57827405 -1.20018523 -3.7014238  -0.91493318  0.08129653
  -0.45768354  0.06292223 -0.87242384 -0.39573541 -0.45368941 -0.70211034
  -1.66159167 -1.56093755  1.11691547  0.17762441  0.37148865  2.6045949
   0.65161451  0.7624335  -0.30576479 
   0.02898505 -0.88064845  1.88621469 -0.54007553  1.40112849 -0.11170318
  -0.94635475  0.13969552 -0.09205333  0.37835535 -3.91266843  0.09122546
  -0.22562572 -1.32553647 -0.34468255  2.13458373 -2.03827121 -0.59226132
  -2.29975611 -0.20068126 -2.32860623 -0.25986175 -2.63743756  0.22229755
  -0.1410276   3.0719489   0.70207051  0.67680899 -1.49905294  1.11899777
   0.95639649 -0.26192737 -0.5531652  
  -1.78582387  2.17515584  1.11736354  1.19534707 -1.86301953 -0.27001891
   1.20905992 -2.01421945  1.97638849  0.1614967   0.47954811 -1.27654238
   1.13437703 -1.43984451  1.95096037  1.38800004 -0.83457772 -1.90316527
  -0.40153065  0.47342377 -1.37693972 -1.52944523  2.08568581 -1.43903625
  -1.52097195 -0.62534402  0.07008806  0.71529808 -1.17050335 -0.13756574
   1.33091716 -1.55854146 -0.4669287  
   0.69532812 -0.68402672 -0.64308143 -1.17603245 -0.29645527  0.13161158
  -0.90168031 -2.2180826  -2.22743784 -2.25434258 -1.85036625  1.60040509
  -2.130676   -1.29813783 -0.12618095 -0.09899993  0.70754952  0.07365228
  -1.97585426  1.81639209  1.17009906  1.28165605  0.61511641 -2.44426144
   2.53447192 -0.50191244  1.47352768  0.12710973  2.10488092  0.27710245
   0.14077756 -1.39652198 -0.11695661 
  -0.40356421 -2.32642479  0.17099226  0.70220384 -0.50073964  0.99941767
  -0.89438198 -2.32908902 -1.23129217 -0.06425548  1.09881363  0.43117859
  -2.59929365  1.84834975 -0.49335298  0.17627032  0.70202979 -1.1356459
   0.80917976  1.33230622 -0.59133139 -0.96855577 -1.1301553  -2.57536897
  -1.84625737 -1.60990453  2.92474607  0.80231094 -1.17389371 -0.40435128
   1.35582587  2.0969596  -0.36830647 
  -1.40015467  3.69892554 -1.03818187 -2.43677108 -1.93039141 -1.00088819
  -1.09146776  0.3116842   0.94529879 -2.10668313 -2.54034856  0.10270447
  -0.8304387   1.31473348  0.24130132  1.4840557  -0.86989212 -0.45547213
  -0.04080854 -0.68102294  0.73672136  1.80957807 -0.46831316  0.88753248
   0.79782782 -1.80696226 -1.20978032  0.01396431  0.80142338 -0.80469186
   1.21932303  0.99545871 -0.48599515 
  -0.45464598 -0.76347346 -2.43343419 -1.89976592 -1.92111359  0.77373962
   0.16687534 -0.24396094 -0.509354    2.83590109 -0.00586509  2.03973244
  -1.01690946  0.09952643 -0.27154855 -1.20406513 -0.07070672 -1.04394922
  -0.3076976  -1.19648169  0.46858778 -0.43454782 -0.83229818 -0.67729031
   0.11023867 -0.23373721 -1.59075537  0.45390358  1.43274001 -1.11502806
   1.75339189 -0.43345789 -0.18112024 
  -0.31075192 -0.79383879  0.60448545  1.79395348 -2.07770918  1.08224506
  -0.19756735  0.84377885  0.89133234 -0.64964367 -0.83044681  0.01289579
  -1.58861646 -0.65220084 -2.33502353  1.79160655 -2.64846428  0.28741951
   0.90813634 -0.71796314  0.63354283 -0.67996928  1.24767713  0.32922067
   0.37153271 -1.92229297  0.879778   -1.20201088  0.17141422 -0.93009893
  -0.80581741  0.64427167 -0.38328146 
  -0.60054279  1.70141525  0.20941554 -1.11298715 -0.96491819 -0.17226814
   0.88573988  1.32546386 -0.72037699  0.12047243 -0.85713734 -0.63833515
   0.28296759  0.40226459  1.47257846 -0.99414425  0.38829929  0.21821879
  -1.13050133  0.43311262 -0.64940434  0.9155311  -0.1985247  -0.29253554
   0.76233386 -1.25796942 -0.41802836 -0.2712664  -1.76361624 -0.00709251
  -1.53506923 -2.47820747 -0.81604917 
  -0.27934419 -1.50484737 -2.07712547  1.52156148  1.29605197  0.82012033
  -0.48258097 -0.38506047  1.41051931  1.09567679  0.10031474  0.40176561
  -0.24207333  0.19270495 -0.87422688 -0.19644509 -0.20682762 -1.49139654
  -0.6962441   1.41375965 -0.55252964  0.63420117  0.21454212 -1.40397184
  -0.55440255 -1.24773937 -1.43212861 -0.47765872  0.99800681 -0.5004778
  -0.77541356 -0.52048494 -0.13672368  