NN 16 32 16   -2.86726152e+00  -5.82923226e-01  -5.53076892e-01   7.76003384e-01
    1.50569860e+00  -6.32015291e-01  -1.03488992e+00  -1.28968309e+00
    1.97859249e+00  -1.33224163e+00   3.58087165e-04   7.16646324e-01
    6.95314964e-01  -1.50028145e-01   2.53931139e-01  -2.49010026e-01
   -6.49741178e-01 
    3.23614989e-01  -1.75027214e-01  -4.78046250e-01  -6.72717251e-01
    8.05256479e-01  -2.20589085e-01  -2.07593755e-02   4.93497748e-01
   -1.93548380e+00   5.91096148e-01   1.71515218e+00  -2.79206590e+00
    4.39698958e-01   6.04734995e-01  -1.43411110e+00   1.04232491e+00
    4.45032363e-01 
   -2.97382159e-01  -2.84287725e-02  -2.20173002e+00   1.11320752e+00
    2.14738855e+00  -1.41756574e+00  -5.26009826e-01  -8.81985980e-01
   -9.24708884e-01   2.25778096e-01   1.73214577e-01   8.33560543e-02
    1.42465139e+00  -9.06113426e-01  -4.24064124e-02   1.30176451e+00
    1.72883799e-01 
    1.35642375e+00  -7.40143128e-01  -7.30329005e-01   6.05851136e-01
   -1.66735228e-01  -8.66359403e-01   9.92297638e-01  -2.55976822e-01
   -1.04039055e+00   8.22150268e-01  -1.25440931e+00   1.33459358e+00
    1.38028149e+00  -1.62397905e+00   7.91753935e-01  -1.55233671e+00
   -4.46005553e-01 
   -2.87231264e-01  -1.23510094e+00   1.19322486e+00  -9.58000623e-01
   -3.38201732e-01  -7.36232233e-01  -1.89594492e-01  -1.58852838e+00
    1.23067129e+00  -1.32238041e-01  -4.56499750e-01   1.49782142e+00
    1.39168881e+00   1.69452893e+00   8.14268886e-02  -1.37366342e+00
   -7.91643275e-01 
   -2.99117065e-01   9.50349301e-01   1.02941087e+00  -1.00814542e+00
    3.51343251e-01   1.00480222e+00   1.07005802e+00  -1.92479492e-02
   -2.20367527e-02  -3.22073013e-01  -1.08140879e+00   5.51479996e-01
   -6.19605095e-01  -1.14270318e+00  -2.02914619e-01  -1.71742307e-01
   -1.17703010e-01 
    3.90108963e-01   1.35365551e+00   1.06755703e+00  -1.31508995e+00
   -1.83617286e-01  -5.44325962e-02  -1.65557737e+00   8.39660103e-01
   -5.44678352e-01   4.60118115e-01   7.59092261e-01   5.95360447e-01
   -1.92381382e-01  -3.10626911e-01  -1.04206766e+00   7.47279674e-01
   -5.33178523e-01 
    6.87348011e-01  -1.38205077e+00   8.30806043e-01  -4.56110159e-01
    7.47020904e-01   3.07911779e+00  -1.48872068e+00  -3.42935894e-02
    1.89512490e+00   2.06183135e+00   7.66343937e-01  -7.51667881e-01
   -6.27333595e-01  -2.02171080e+00  -1.06107005e+00  -2.03303527e-02
   -6.98060742e-01 
    2.85738265e-01   2.03431924e+00  -9.99268918e-01  -4.68191375e-01
    7.64301195e-01  -1.17109585e+00  -6.71125185e-01  -2.29604958e-01
   -1.41410015e+00   2.01105808e+00   1.00556527e+00  -8.07533227e-01
    3.86252425e-01  -1.59914033e+00   8.69268035e-01  -1.12406479e+00
   -1.90122714e-01 
   -1.37374730e+00   2.07545171e-01  -7.74586533e-01   1.00525899e+00
    1.74495626e+00  -6.58035749e-01   1.17942422e+00  -6.55680650e-01
   -6.19621721e-01   1.29875455e+00  -2.25151725e-02   1.61096379e+00
   -2.11569270e+00   4.21474797e-01  -1.81627435e-01  -1.09186755e+00
    1.78123791e-01 
   -6.13824712e-01   7.02136942e-01  -2.36214076e-01  -2.42985947e+00
   -1.87482668e+00  -9.87550455e-01   2.79647119e-01   3.19653568e+00
   -7.60755398e-01   7.44402783e-01  -8.84916264e-01   1.97431785e+00
   -5.87108032e-01  -9.04047640e-02   1.55252953e-02   1.59949823e-03
   -6.27400162e-01 
    2.25878079e+00  -9.77943649e-01   4.75635006e-01   1.62053186e+00
    1.11623596e+00  -2.40301919e-01  -1.36443060e+00   5.28613879e-01
    3.10947385e-01  -7.70769899e-01  -2.02507857e-01  -3.84644982e-01
   -2.26694394e+00   2.59344999e-01   7.27392721e-01  -4.81085476e-01
    2.72255903e-03 
    2.04993727e-01  -1.37318391e+00   9.01496902e-01  -2.29098657e-01
    2.54038173e-01   2.70212171e-02  -2.86840352e+00   3.18249990e-01
   -1.71431946e+00   9.51697038e-01   2.59425766e+00   5.21235747e-01
   -2.21487468e-01   1.02668761e+00  -4.51293351e-01  -3.54326374e-01
   -9.45300499e-01 
   -3.10723640e-01  -8.23251064e-02  -7.75995306e-01   3.36212104e-01
    1.79611352e+00  -1.64423492e+00   7.63783941e-01   4.91917933e-01
    9.06293023e-01   1.54851699e+00  -1.89709213e+00  -1.71547712e+00
   -5.03769815e-01   6.62693132e-01  -2.91402898e-01  -1.18814005e-01
   -2.53655598e-02 
    7.82057451e-01  -1.94719971e+00   1.42558462e-01   2.30683998e+00
   -1.82345345e+00   1.04332556e+00   3.64528590e-01  -4.86149017e-01
   -1.57316955e+00   3.32967233e-02  -3.75635840e-01  -5.73430578e-01
    6.22180838e-01   2.07391699e+00  -1.55353771e+00  -7.27500235e-02
    5.43823745e-01 
    1.07352602e+00  -9.24824652e-01   9.25185394e-02   7.79451780e-02
   -1.10034072e-01   3.99309928e-01   2.78561695e+00  -2.59644067e+00
   -1.33583016e+00  -6.27805741e-01  -4.18601268e-01  -9.95543318e-01
    1.37780018e+00  -1.55111154e+00   4.19497401e-01  -1.49593875e-02
    3.51040326e-01 
    1.43400291e+00   6.75617450e-01  -2.64653631e+00  -3.39904854e+00
    2.20028132e-01   1.78676583e-01   1.06853655e+00   1.44909174e+00
    5.67810527e-01  -2.84925190e-01  -1.09368480e+00  -7.11665199e-01
   -2.89373443e-01   1.84906068e+00  -5.62450694e-01   7.12455509e-01
    3.79886009e-02 
   -1.32574918e+00   2.29438587e-01   1.52318347e-02   1.11177088e-01
    7.12296982e-01  -8.17059388e-01  -1.44748141e-01   7.14323047e-02
    1.24128954e+00  -7.00526464e-01   8.00784019e-01  -1.88003070e-01
    6.44286113e-01  -7.00084246e-01  -4.06768756e-01   8.46178165e-01
   -4.91459193e-01 
   -1.70734407e-01  -1.53705521e+00   1.55804125e+00  -3.41911323e-01
   -2.11498592e+00   4.99713561e-01  -1.99883431e-02   1.32801502e+00
    4.34232223e-01   1.73528589e+00  -1.73537217e+00  -7.77357541e-01
    4.13001018e-01  -1.02561133e+00   4.71213338e-01   4.97995517e-01
    6.95997431e-02 
   -1.13850464e+00   5.91028171e-01  -1.04052023e+00   1.59983675e+00
   -7.59506579e-01   1.86638802e+00   4.13059081e-01  -1.10144585e+00
   -2.38065401e-01  -1.71986460e+00  -6.64937765e-01   6.05579829e-01
    1.54567103e+00   4.50434493e-01  -1.25097924e-01  -1.48371202e+00
    4.08951719e-01 
    1.78692325e-01   2.28683870e+00   1.17762028e+00  -1.54315612e-01
   -4.24943494e-01  -3.65179705e+00   8.94191537e-01   2.70170205e+00
    1.25118521e+00  -1.46388415e+00   5.56949145e-01  -9.27417553e-01
   -6.32872726e-01  -3.33145285e-01   4.13177490e-01   4.83102946e-02
   -1.83058394e-01 
   -2.33089983e+00   6.62423579e-01   1.41436495e+00  -5.67505241e-01
    1.47172483e+00  -9.07690952e-01  -4.55743039e-01  -5.19203107e-01
    1.67873596e+00  -1.25562710e+00   2.42019807e-01  -1.70028322e+00
    4.58833972e-01   6.15092054e-01  -1.00758911e+00  -2.07245179e-01
    5.71834906e-01 
   -5.66758167e-01  -4.78642323e-01   6.44134404e-01  -1.14603247e+00
    1.88660232e+00  -1.35886416e+00   8.63494901e-02   1.89824541e+00
   -2.00464378e+00  -6.72526245e-01   9.05944527e-01   6.61565745e-01
    6.66469836e-01  -5.76588233e-01  -2.75354629e-01  -3.77000930e-01
   -2.72097245e-01 
   -1.63115984e+00   3.99438415e-02  -1.17157534e+00   1.77518337e+00
   -8.99023553e-01   7.18023715e-01   6.13983470e-01  -7.40712503e-01
    1.40371977e+00   1.55839054e+00   1.34548331e+00  -1.58275731e+00
    5.11460242e-01  -1.24400299e+00   3.70430023e-01  -1.29139821e-01
   -5.76986726e-01 
    1.34170501e+00   1.39164953e+00  -1.47263499e+00  -5.74988214e-01
   -2.80763527e+00  -6.66415002e-01   8.39045719e-01   4.07314869e-01
    1.22312415e+00  -2.33476893e+00   2.04342110e+00  -1.89498150e-01
    5.62774364e-02  -1.26492193e-01  -6.52292534e-01   1.95018517e-02
   -1.69767048e-01 
    1.25953938e+00   1.10493580e-02  -1.29878937e+00  -2.42503744e-01
   -9.07098923e-01  -3.69501853e-01   2.13983024e+00  -2.84422868e+00
    8.86629518e-02  -3.45223909e-01   4.72797094e-01   1.05615291e+00
   -8.48242273e-02   1.19702738e+00   9.70864756e-01   5.27121601e-01
   -5.98243238e-01 
   -7.75353626e-01  -7.48502525e-01   1.62390352e+00  -1.54533669e-01
    1.18350115e+00   1.39647671e+00  -2.22067751e+00  -2.47461948e-01
    1.36703674e-01  -5.97688086e-01  -2.48556920e+00   4.50388378e-01
    1.39202590e+00  -9.99066795e-01   1.82455564e-01   2.03041753e+00
   -1.67106390e-01 
   -7.89280279e-01   2.19251398e+00   1.26745130e+00   6.76842841e-02
   -7.48629129e-01   2.05507172e+00  -3.13503056e-01  -2.33598540e-01
   -1.08638343e+00  -1.45171415e+00  -4.69594496e-01  -3.23320080e-01
   -8.42083640e-01   5.59977071e-01  -7.79060483e-02   4.86636141e-01
   -3.93992312e-01 
   -3.51034615e-01  -1.28876548e+00  -8.04942874e-01   1.59817059e-01
    5.29339375e-01   2.10787479e+00  -7.59217216e-01   6.61099198e-01
    4.01755622e-01  -2.00136909e+00   1.03962883e+00  -1.32599897e-01
   -1.23767097e+00   4.81901732e-02   1.92356181e+00  -1.13583893e+00
    3.13192557e-01 
   -3.32967328e-01   1.45099491e+00   6.65764988e-01  -5.10415588e-01
    6.07107348e-01  -1.14704500e+00  -2.13624326e+00  -1.42533072e+00
   -4.52574144e-02  -6.11666610e-01   1.31807797e-02   7.21678261e-01
    5.25486193e-01   3.04802626e-01  -9.99265585e-03   8.26044836e-01
    8.75432026e-02 
   -1.24725690e+00   4.59610323e-02   2.26116431e+00   1.42029922e+00
    1.11507376e+00   3.32866011e-01  -1.22907477e+00  -9.02421157e-01
   -5.15400140e-01   7.42952758e-01  -1.58897370e+00  -1.15322738e+00
   -1.19783189e+00   1.10870887e+00   1.06244119e+00   8.17529137e-01
    3.31406302e-01 
    1.22264335e+00   8.87270882e-01  -8.35554351e-01  -3.68661485e-01
   -7.32761960e-01  -2.19769737e-01  -8.23722476e-01  -2.67180546e-01
    1.32662806e+00   1.17179311e+00  -1.64495238e+00  -1.40579522e+00
   -3.69288936e-01  -1.42606010e+00   2.05771617e+00   3.86236826e-01
   -4.89856501e-01      2.79436577e+00  -5.28687731e-01  -1.62775343e-02  -1.71479914e+00
   -6.20815636e-01   5.29634754e-01  -2.42887145e-01  -7.69698212e-01
    6.05185810e-01   1.15836712e+00   5.37967420e-01  -2.46600521e+00
   -8.93721898e-01   1.70740363e-01   4.00715188e-01  -1.55857190e+00
   -4.88708636e-01   4.14230408e-01   1.63647503e-01   7.29135739e-01
   -3.24654238e-01   2.44491454e+00   5.12676152e-01   1.94579394e+00
   -2.18904713e+00  -1.09444573e+00   4.90519161e-01  -1.13037816e-01
   -1.76771603e-01  -3.44041248e-01   6.84435456e-01  -1.61014747e+00
   -2.16196328e-01 
    5.61260552e-01   3.08760820e-01  -3.69216752e-01   3.13423592e-01
    1.03606788e+00  -3.25317958e-01  -1.25239221e+00   9.61866839e-01
   -2.14312803e+00  -4.63420693e-01  -7.94428344e-01   2.36246107e-01
    1.49216997e+00   1.47039483e-01   1.87852731e+00   4.01412517e-01
    1.51919919e-01  -6.71993386e-01   1.85772905e+00  -1.90146122e+00
   -1.68631135e+00   2.15257993e-01   2.32367784e-01   2.53661046e-01
   -1.58705176e+00   2.93271678e-01   7.52899736e-01  -3.50556095e+00
    1.18597355e+00  -1.52774827e+00  -1.24655584e-02  -1.19760525e+00
    1.23052224e-01 
    8.90165794e-01   1.12273977e-01   2.57412766e+00   5.44006472e-01
   -1.88119282e+00  -9.23760240e-01  -1.07404259e+00  -9.47756346e-01
    1.46126762e+00   1.11839569e+00   2.62755621e-01  -1.47648861e-01
   -1.76904627e+00   3.23568744e-01  -3.88915385e-01  -1.24246425e+00
    2.19928564e+00  -2.02511640e-01  -1.32272996e+00   1.08905190e+00
   -1.27108984e+00  -2.02113831e+00  -9.71319875e-01   1.18963390e+00
    1.23533904e+00   1.16014643e+00  -1.91325575e+00  -8.36729200e-01
    1.67596249e+00  -4.16703937e-01  -2.59807977e+00   7.54404256e-01
   -3.82631709e-01 
   -9.64552769e-01   8.81596794e-01  -1.27641574e+00  -8.93581347e-01
    1.34292842e+00   1.10043585e+00   1.35618606e+00   3.36913700e-01
    3.42703830e-01  -9.41896455e-01   2.10644507e+00  -2.28998535e+00
    7.10912768e-01  -1.01781624e+00  -2.94806502e+00   4.48124114e-02
    3.65690133e+00  -3.03723157e-01   8.49158463e-01  -1.78487313e+00
   -1.12887959e+00   7.50964864e-01   9.48276210e-01  -2.59491900e+00
    2.52926901e-01   5.09315719e-01   3.14442365e-01   1.21783209e-01
   -2.27648467e-01   3.90540883e-01  -1.66713297e+00  -3.00567416e-01
   -7.38160630e-02 
   -1.25251685e+00  -9.75481360e-01  -1.90030209e+00  -8.24397035e-02
    3.03619414e-01  -1.98453743e-01   3.41557399e-01  -1.03735984e+00
   -3.69735434e-01  -2.47888343e+00   1.23238242e+00  -3.32657698e-01
   -3.22150045e-01  -2.30054400e+00   2.44339717e+00  -1.07990876e+00
    1.94764457e-02  -1.34876527e+00   2.69575508e+00   1.40446142e-01
    1.35826758e+00  -1.19123928e+00  -2.69249244e+00   2.08760097e+00
    1.73226462e+00   1.57361837e+00  -1.46435942e+00  -3.68209348e-01
   -1.17262331e+00  -6.55121359e-01  -8.55813671e-01   1.03297975e+00
   -8.37324415e-02 
   -2.84236945e-01  -5.83776160e-02   6.73407306e-01   8.77297857e-01
    8.17901773e-01  -6.57411672e-01  -3.47965490e-01  -3.40361648e+00
    9.26205952e-01   6.65968627e-02  -6.53165426e-02  -1.49296388e-01
   -5.57093853e-01   1.88799369e+00  -9.18141508e-01  -1.82917831e+00
   -1.00389528e+00   3.51279882e-01  -2.55763798e-01  -2.76958054e+00
    4.29354243e+00   4.42056066e-01   4.98885669e-01   3.49025274e-02
   -1.74779779e-01   5.40930369e-01  -1.58749850e+00  -1.52874656e+00
   -3.15524226e+00   6.21725778e-01  -2.49748132e-01  -4.53556856e-02
    4.50621224e-02 
    4.39031748e-01  -4.63376275e-01   4.15335699e-01  -1.13098081e+00
   -5.15578477e-01  -1.25804505e+00   1.43784428e+00   9.14891242e-01
    4.12868554e-02  -2.19703188e+00  -5.37949164e-01   2.00992337e+00
    3.38505983e+00  -1.59029141e+00  -1.12723668e+00  -3.63956740e+00
   -1.02325651e+00   1.09655367e-01  -5.69843666e-01   3.09475810e-01
   -8.61918916e-01  -5.16563643e-01  -3.90850715e-01  -6.83856429e-01
   -1.73488273e+00  -1.41810489e+00   1.07750305e+00   3.91686193e-01
    1.96074772e-01   2.60989841e+00   4.19558376e-01   6.50228904e-01
   -2.57919736e-01 
    5.35587601e-02  -9.17691811e-01   1.82830008e+00  -5.44545926e-01
    1.30969436e+00  -5.79536861e-02  -9.43750845e-01   2.33424781e-01
   -1.74096341e-02   3.72623266e-01  -3.82606670e+00  -4.22933180e-02
   -4.40231502e-01  -1.00196932e+00  -4.81165188e-01   2.11336991e+00
   -2.09462760e+00  -5.78306439e-01  -2.30745830e+00  -1.30198391e-01
   -2.30689681e+00  -5.46848885e-02  -2.48006248e+00   1.89298378e-01
   -2.78616896e-01   2.68768713e+00   6.76726262e-01   5.21617991e-01
   -1.54655354e+00   1.16932884e+00   8.29296990e-01  -4.19874534e-01
   -5.09177852e-01 
   -1.71850269e+00   1.95007814e+00   9.66120080e-01   1.06141327e+00
   -1.81844640e+00  -2.23959699e-01   1.07050350e+00  -1.99747184e+00
    1.75817424e+00   8.81603397e-02   3.28147420e-01  -1.29651496e+00
    1.03662238e+00  -1.33632322e+00   1.84536568e+00   1.36007101e+00
   -9.30132982e-01  -1.78024023e+00  -4.27554934e-01   4.37884275e-01
   -1.39740851e+00  -1.48908419e+00   1.88435832e+00  -1.55956520e+00
   -1.37883454e+00  -7.51790878e-01   2.82787872e-02   6.88916041e-01
   -1.05712679e+00  -2.33385557e-01   1.17854662e+00  -1.47077042e+00
   -5.22966273e-01 
    6.88785548e-01  -5.71975760e-01  -5.74992713e-01  -1.09408827e+00
   -2.49816978e-01   1.11339189e-02  -8.35900277e-01  -2.23043300e+00
   -2.14466366e+00  -2.07288095e+00  -1.72192997e+00   1.36008715e+00
   -1.84126277e+00  -1.34398157e+00  -6.64204297e-02  -1.36217875e-01
    8.06358525e-01   5.79038894e-02  -1.90480763e+00   1.84486543e+00
    1.05094969e+00   1.17544702e+00   7.62681740e-01  -2.46576377e+00
    2.51932705e+00  -3.17869869e-01   1.25538003e+00   4.05743552e-02
    1.97341690e+00   2.23894417e-01   2.95998003e-02  -1.35343347e+00
   -3.45499645e-02 
   -5.74501951e-01  -1.98881553e+00   1.48067970e-01   6.71234802e-01
   -5.10483236e-01   7.89980405e-01  -8.49465565e-01  -2.11969774e+00
   -1.07859711e+00  -1.55627291e-01   9.60099645e-01   7.17664646e-01
   -2.56813616e+00   1.90667210e+00  -3.62583295e-01   1.83432239e-01
    8.87299738e-01  -1.06747582e+00   8.69593257e-01   1.27602155e+00
   -5.30394686e-01  -8.71331560e-01  -1.13387788e+00  -2.23459941e+00
   -1.83127775e+00  -1.56272350e+00   2.84752509e+00   6.82107382e-01
   -9.79931689e-01  -4.49971488e-01   1.34376964e+00   2.14731975e+00
   -1.94427749e-01 
   -1.43724264e+00   3.51082178e+00  -8.97317319e-01  -2.32969674e+00
   -1.84090759e+00  -8.90494670e-01  -9.64159281e-01   3.07505283e-01
    9.83750944e-01  -1.99145383e+00  -2.38267695e+00   2.17495900e-03
   -8.40485632e-01   1.30206426e+00   3.18771951e-01   1.41787292e+00
   -7.43976510e-01  -3.67707711e-01  -1.40320725e-01  -6.31188559e-01
    8.29251749e-01   1.77567044e+00  -3.33192847e-01   7.41116970e-01
    1.00381240e+00  -1.78351771e+00  -1.24424097e+00  -1.34225231e-02
    7.04447478e-01  -7.67518156e-01   9.21081524e-01   8.91474639e-01
   -4.04578145e-01 
   -4.78781246e-01  -6.87583498e-01  -2.36403729e+00  -1.79348686e+00
   -1.89435603e+00   6.73085675e-01   2.26235799e-01  -2.70851208e-01
   -4.01610278e-01   2.48882679e+00  -5.18115769e-02   1.97979201e+00
   -1.05419392e+00   5.95923017e-02  -2.07447852e-01  -1.21118464e+00
   -9.36728672e-02  -1.01998244e+00  -2.99908446e-01  -1.11297724e+00
    5.32184724e-01  -4.74842456e-01  -8.19465528e-01  -6.73894862e-01
    1.30724429e-01  -3.37263491e-01  -1.45674054e+00   4.10760747e-01
    1.31228846e+00  -1.05804544e+00   1.59871778e+00  -3.83691475e-01
   -2.06648652e-01 
   -2.77988617e-01  -7.39270227e-01   6.00752686e-01   1.63937143e+00
   -1.97300938e+00   1.00969527e+00  -1.97811385e-01   7.56397772e-01
    8.46310832e-01  -6.17302431e-01  -8.84568471e-01   1.77155853e-02
   -1.52791529e+00  -5.58443351e-01  -2.25298928e+00   1.65447251e+00
   -2.51331873e+00   2.35142848e-01   8.17528498e-01  -6.79947114e-01
    5.75496683e-01  -6.28617725e-01   1.15497438e+00   2.74504339e-01
    3.31208493e-01  -1.87231456e+00   8.76308333e-01  -1.15539694e+00
    2.03814073e-01  -8.31859662e-01  -6.99970416e-01   6.08103510e-01
   -3.60020313e-01 
   -6.43434322e-01   1.55540245e+00   2.45697669e-01  -9.60273219e-01
   -9.38511189e-01  -2.15451222e-01   8.24069753e-01   1.16503098e+00
   -5.38290092e-01   8.29949169e-02  -6.84581355e-01  -5.75754171e-01
    3.32746089e-01   4.08055892e-01   1.36253846e+00  -9.65299238e-01
    4.70060496e-01   2.16307404e-01  -9.18308015e-01   4.25798326e-01
   -4.58070883e-01   7.50252681e-01  -1.13948701e-01  -1.84779594e-01
    8.57482581e-01  -1.13835000e+00  -4.70779058e-01  -2.14196295e-01
   -1.47837371e+00   2.65481563e-02  -1.43240152e+00  -2.19158761e+00
   -6.80166736e-01 
   -3.57252791e-01  -1.30778375e+00  -1.79503227e+00   1.21864693e+00
    1.06196789e+00   6.89287168e-01  -5.26525686e-01  -4.14319836e-01
    1.14150034e+00   9.62933905e-01  -3.11756473e-02   1.85990181e-01
   -4.24514804e-01   2.12184129e-01  -8.27787421e-01   1.01125604e-02
   -1.09273302e-01  -1.34755942e+00  -7.05632039e-01   1.26062915e+00
   -7.21516292e-01   4.17389113e-01   9.42440817e-02  -1.28799929e+00
   -5.29892711e-01  -1.23388337e+00  -1.36115038e+00  -4.17875485e-01
    8.24491551e-01  -5.26837684e-01  -8.22446402e-01  -4.18839712e-01
   -2.17795679e-01  