NN 16 32 16   -2.42657980e+00  -3.80532070e-01  -5.20313674e-01   7.33761669e-01
    6.02090190e-01  -2.33736569e-01  -5.35337436e-01  -5.93666173e-01
    1.41182372e+00  -1.08318034e+00   9.05982230e-02   8.04183681e-01
    5.36288116e-01  -3.58967226e-02   1.46564988e-02  -1.46314794e-01
   -5.75466709e-01 
    2.74452353e-01   2.70934645e-02  -4.84696136e-01  -6.70726999e-01
    7.39753909e-01  -1.99772755e-01  -1.39673713e-01   6.12572814e-01
   -1.47135325e+00   4.57530498e-01   1.33958527e+00  -2.36009765e+00
    4.46730052e-01   6.41270858e-01  -6.71905989e-01   7.22986718e-01
    5.55357395e-01 
   -2.43633242e-02   1.91690025e-01  -1.62770819e+00   1.19671545e+00
    1.51505888e+00  -1.10027798e+00  -6.70374977e-01  -1.14824424e+00
   -7.14593186e-01   2.10009495e-01  -7.77024237e-03   2.59429471e-01
    1.53207575e+00  -7.65525775e-01   8.24066175e-03   6.25488256e-01
    3.48079549e-01 
    1.19005861e+00  -6.16844889e-01  -4.98625521e-01   5.29495292e-01
   -3.34868873e-01  -8.54936909e-01   9.87965949e-01   7.70346394e-02
   -8.59188884e-01   8.23779482e-01  -7.73033045e-01   1.34062890e+00
    1.08967605e+00  -1.47812611e+00   6.49304929e-01  -8.36716953e-01
   -4.24838359e-01 
   -2.10759404e-01  -9.09480780e-01   1.11270078e+00  -9.29625885e-01
   -4.55963416e-01  -8.15994029e-01  -1.04222201e-01  -1.26636224e+00
    1.28846584e+00   2.24098100e-01  -1.72145949e-01   1.31743235e+00
    1.11530537e+00   1.26874404e+00   1.75954860e-01  -9.47136152e-01
   -6.63372271e-01 
   -1.68267798e-01   3.76793541e-01   6.04710037e-01  -7.16766993e-01
   -6.01292752e-02   8.96607507e-01   6.92801796e-01   1.50553288e-01
   -7.84535836e-02  -2.77843675e-01  -5.70887877e-01   7.31827487e-01
   -5.59341423e-01  -8.98071495e-01  -1.69667238e-01   3.64453424e-03
   -2.68336438e-01 
    2.55630091e-01   1.11407510e+00   1.01032354e+00  -1.21858886e+00
   -2.88118044e-01  -8.44003683e-02  -1.44132445e+00   7.10606332e-01
   -6.72399785e-01   2.58534933e-01   5.93344560e-01   5.47362000e-01
   -2.74175263e-01  -1.79065535e-01  -7.54758097e-01   5.18755927e-01
   -4.72517100e-01 
    2.94623111e-01  -1.09263981e+00   6.54356018e-01  -3.43140808e-01
    6.32941873e-01   2.40045780e+00  -1.06311797e+00  -2.82839812e-01
    1.44261409e+00   1.69344680e+00   9.64008830e-01  -9.55214158e-01
   -5.23629550e-01  -1.28696196e+00  -9.17187891e-01  -1.50012891e-01
   -7.46998208e-01 
    1.02593088e-01   1.72070918e+00  -1.02506202e+00  -1.90253798e-01
    6.21861078e-01  -7.98086366e-01   5.29939955e-02  -5.89251643e-02
   -1.16151824e+00   1.72825610e+00   8.66177363e-01  -6.68842034e-01
    2.64715173e-01  -1.05939398e+00   4.81697346e-01  -4.44700168e-01
   -5.71375786e-02 
   -1.35292919e+00   4.33214779e-01  -9.21945279e-01   7.65532598e-01
    1.53186627e+00  -4.03925312e-01   1.39991818e+00  -4.04284147e-01
   -4.08031053e-01   1.21079098e+00   1.18894867e-01   1.19029268e+00
   -1.76341323e+00   9.93195344e-02  -1.62182421e-02  -7.53604197e-01
   -4.17884355e-02 
   -4.67720780e-01   7.13381234e-01  -3.26991123e-01  -2.10566423e+00
   -1.55487925e+00  -6.06637755e-01   2.54736962e-01   2.58568567e+00
   -4.76209790e-01   9.21242955e-01  -8.15461866e-01   1.44483717e+00
   -4.61300725e-01   9.60696188e-02   1.61056891e-01   3.70224081e-02
   -5.74942959e-01 
    1.57610002e+00  -9.70025796e-01   6.94394976e-01   1.58564025e+00
    9.68368177e-01   1.19682889e-01  -1.19560783e+00   6.45853993e-02
    6.73066432e-01  -4.60938450e-01  -5.69498652e-01  -2.50985374e-01
   -1.85095202e+00   1.10766361e-01   3.87402627e-01  -3.28740199e-01
   -3.47776787e-03 
    3.58903355e-01  -1.26259093e+00   7.95510121e-01  -4.84440907e-01
    4.96520700e-01  -2.77210531e-02  -2.56262151e+00   2.85325974e-01
   -1.29360058e+00   7.78105703e-01   2.00717927e+00   3.31946681e-01
   -1.22184706e-01   8.76865382e-01  -4.03861403e-01  -2.70428767e-01
   -7.01304165e-01 
    5.62372387e-02  -3.24010015e-01  -7.47712138e-01   3.61899416e-01
    1.64645069e+00  -1.44272124e+00   8.18585684e-01   5.50092749e-02
    8.17068962e-01   1.25444440e+00  -1.77098339e+00  -1.48305886e+00
   -2.29862704e-01   4.77720907e-01  -1.70818819e-01  -1.70803445e-01
   -9.75887720e-02 
    1.55389279e-01  -1.84449140e+00  -1.71053698e-01   2.01689610e+00
   -1.78110633e+00   6.87571249e-01   6.83135945e-02  -1.89135303e-01
   -1.33563234e+00   1.69553109e-01  -8.76904890e-02  -6.64143844e-01
    4.39608531e-01   1.62511496e+00  -9.31380469e-01   8.05150430e-02
    5.52222632e-01 
    9.95455614e-01  -7.29620427e-01   5.69308542e-02  -4.47564733e-02
   -5.19796044e-04   5.97671822e-01   2.42071149e+00  -2.19876988e+00
   -1.27453436e+00  -1.65963659e-01  -2.49724634e-01  -6.57263101e-01
    1.33741854e+00  -1.26717099e+00   3.70429910e-01  -1.63408798e-01
    3.68173624e-01 
    1.12160080e+00   3.97602254e-01  -2.13665484e+00  -2.81121744e+00
    1.70957555e-01   3.18770763e-01   6.69640754e-01   1.29519178e+00
    5.11420104e-01  -4.94391559e-01  -7.65075344e-01  -8.78251010e-02
   -2.72444398e-01   1.69137173e+00  -5.04573550e-01   4.04226309e-01
   -8.49318248e-02 
   -9.24805806e-01   1.42761387e-02   1.29718798e-01   2.34992046e-02
    8.36743744e-01  -7.64952250e-01  -4.47701482e-01   1.87481265e-02
    1.26959668e+00  -4.03411470e-01   5.88158840e-01  -3.17136852e-01
    4.72201210e-01  -4.70943590e-01  -2.56948587e-01   3.21239057e-01
   -4.44456840e-01 
    9.67904523e-02  -1.50594375e+00   8.57476257e-01  -6.59792553e-01
   -1.86168471e+00   6.84900948e-01   3.69848409e-01   1.13099125e+00
    4.61232949e-01   1.31913316e+00  -1.42365998e+00  -6.04731973e-01
    5.19202460e-02  -8.85209270e-01   4.10457064e-01   2.38939860e-01
    4.44390100e-02 
   -9.63183006e-01   5.53585521e-01  -9.24519647e-01   1.32085031e+00
   -3.35617575e-01   1.68225363e+00  -1.69078999e-01  -7.19972840e-01
   -3.16234310e-01  -1.53399043e+00  -7.56159587e-01   3.05773688e-01
    1.12536402e+00   4.90745771e-01  -1.57642924e-01  -7.11601813e-01
    3.70851728e-01 
    3.15868293e-01   1.99672395e+00   8.52012517e-01   7.34929114e-02
   -8.16054631e-01  -2.95276439e+00   6.00347126e-01   2.23225219e+00
    1.18019493e+00  -9.75436594e-01   3.49001995e-01  -9.73335040e-01
   -7.69069027e-01  -3.12212985e-01   3.09221868e-01  -1.06345976e-01
   -2.31661526e-01 
   -2.01125124e+00   4.20401545e-01   1.30085675e+00  -7.01586443e-01
    1.10053040e+00  -6.34326371e-01  -1.78758256e-01  -4.02748492e-01
    1.41626558e+00  -9.95201079e-01   2.03576332e-01  -1.48415423e+00
    3.36503313e-01   6.08362246e-01  -6.88176144e-01  -4.49165631e-02
    5.77720904e-01 
   -6.21789980e-01  -3.43033752e-01   6.73402565e-01  -9.56464637e-01
    1.68565953e+00  -1.17096595e+00   1.58014005e-01   1.62380347e+00
   -1.55929495e+00  -7.18618867e-01   8.91081931e-01   4.07849176e-01
    7.84040278e-01  -4.99315398e-01  -2.29959373e-01  -6.55115056e-02
   -2.86606574e-01 
   -1.34271574e+00  -1.76816073e-01  -9.03718705e-01   1.73142086e+00
   -8.69434896e-01   4.68338618e-01   2.44100379e-01  -7.31498624e-01
    1.67363372e+00   1.56251977e+00   9.10298822e-01  -1.37279103e+00
    2.42087232e-01  -7.62278413e-01   3.46690907e-01  -3.13376685e-01
   -3.93915049e-01 
    1.53257341e+00   1.24142223e+00  -1.23422604e+00  -2.09271911e-01
   -1.89506947e+00  -4.40622057e-01   9.04262763e-01   2.68830652e-01
    8.48559820e-01  -1.87184725e+00   1.81454563e+00  -3.35452963e-01
   -9.82974380e-02  -1.46012311e-01  -2.73257375e-01  -1.52783340e-01
   -2.03152599e-01 
    1.03321243e+00  -1.04783463e-02  -1.24362543e+00  -4.04742471e-01
   -1.20395612e+00  -3.83881883e-01   1.45533228e+00  -2.26705841e+00
    2.05361030e-01  -3.89749160e-01   9.48875197e-01   1.17139365e+00
    2.94330146e-02   9.23675414e-01   6.75681269e-01  -6.84990944e-02
   -5.72229371e-01 
   -5.34445547e-01  -7.66858688e-01   1.60905054e+00  -1.33236773e-01
    1.12603994e+00   1.11238222e+00  -1.32325603e+00  -6.34252810e-01
    4.01251776e-02  -7.00953003e-01  -2.03025838e+00   7.74757250e-01
    1.23385696e+00  -6.22139241e-01   1.80721198e-01   1.20032384e+00
   -8.61967682e-02 
   -5.26260837e-01   1.96562930e+00   1.15950266e+00   1.56779962e-02
   -1.46285977e-01   1.48543855e+00  -7.30978717e-01  -4.29801036e-01
   -9.11745211e-01  -3.78071530e-01  -5.29620204e-01  -4.35850955e-01
   -7.12021155e-01   4.52824572e-01  -1.46543026e-01   2.73451407e-01
   -3.68316412e-01 
   -9.55417363e-02  -1.27337169e+00  -6.74999266e-01   1.19840714e-01
    8.31470894e-01   2.20392211e+00  -6.47491619e-01   6.23133670e-01
    5.65622190e-01  -1.28881627e+00   8.18840214e-01  -3.80258825e-01
   -1.08764548e+00   1.21112249e-01   9.80833921e-01  -8.97498418e-01
    7.66069824e-02 
   -3.00050786e-02   1.24260217e+00   6.38765356e-01  -5.24633580e-01
    3.91918759e-01  -9.49015282e-01  -1.93654691e+00  -1.56004876e+00
    1.28465490e-01  -4.24813442e-01   2.04028052e-01   4.10568912e-01
    5.74237493e-01   3.11642137e-01  -1.86922878e-01   5.06828923e-01
    2.33421566e-01 
   -1.18460880e+00  -8.77014801e-02   2.20744888e+00   1.24642487e+00
    6.37710740e-01   3.62066384e-01  -7.54109320e-01  -8.27755111e-01
   -2.96317914e-01   5.00995597e-01  -1.25634089e+00  -8.12062364e-01
   -9.77548495e-01   7.16260200e-01   5.76711359e-01   4.00325571e-01
    2.24627376e-01 
    1.17302280e+00   9.06206509e-01  -7.15981836e-01  -3.29163977e-01
   -5.78688302e-01   5.33870636e-02  -8.63686113e-01  -1.52801224e-01
    1.08318763e+00   9.44700904e-01  -1.45797837e+00  -1.03148720e+00
   -1.90583881e-01  -9.56592867e-01   1.44026185e+00   7.44901469e-02
   -3.79368456e-01     2.44800993 -0.50847109 -0.29733179 -1.70712614 -0.19714994  0.27807807
  -0.36544639 -0.68354303  0.14393784  1.28540542  0.29872425 -2.2200344
  -0.89874935  0.28405306  0.27851753 -1.34371905 -0.62010339  0.41016777
  -0.10136624  0.90874619 -0.54129147  2.48762827  0.43754953  1.60172061
  -2.34987938 -0.91690528  0.54262027 -0.13714352 -0.41382995 -0.16424705
   0.99702083 -1.54516191 -0.28447502 
   0.4769947   0.12177834 -0.33302146  0.58667711  0.82338766 -0.28297855
  -1.30603575  0.80804587 -1.86747553 -0.69677469 -0.95790871  0.54329599
   1.77479445  0.43920525  1.86936173  0.5267621  -0.31529294 -0.61503765
   1.82121302 -1.17324139 -1.89071557  0.18173781  0.00636222  0.43770128
  -1.64868653  0.03037717  0.93087882 -2.69032022  1.29275789 -1.41195275
  -0.06747096 -1.18294804  0.0450756  
   0.89742809  0.29644882  2.1556445   0.27460899 -1.73732543 -0.48975803
  -1.16477453 -1.01255415  1.24326051  1.16267417 -0.01351906 -0.55132689
  -1.16824729  0.56944278  0.03733516 -0.93740439  2.23183376 -0.43749748
  -1.06559772  1.0433284  -1.2396222  -1.51615726 -0.66147282  1.15542436
   1.19341751  1.54079049 -1.84521076 -0.9593863   1.32958548 -0.56986789
  -2.6418704   0.6778108  -0.42202261 
  -0.63670993  0.82434436 -1.11715446 -0.83405431  0.95414595  0.97200578
   1.15093253  0.3213791   0.20522485 -0.77949294  1.76250427 -2.02410311
   0.90072342 -0.80916481 -2.65246203  0.05522293  3.14354076 -0.37485925
   1.13867887 -1.60415218 -1.28343397  0.77379536  0.97967738 -2.31563481
   0.00654288  0.44401044  0.51801291 -0.1112506  -0.21216397  0.46365114
  -1.61557331 -0.2196637  -0.07260301 
  -0.78317725 -0.90369114 -1.54139391  0.21105569  0.18463581 -0.01580208
   0.50803166 -0.71097847 -0.54617897 -2.21737274  1.30267259 -0.42490365
  -0.49569262 -2.19193156  2.17510286 -0.46938037  0.19739852 -1.41246002
   2.48378409  0.0713772   1.58387916 -1.04598967 -2.40855575  1.79942831
   1.49807546  1.42843325 -1.3114145  -0.42458315 -1.1575675  -0.67937007
  -0.64745125  0.57607926 -0.01041102 
   0.05064067  0.05069584  0.73023358  1.04743344  0.76947498 -0.39387049
  -0.17027536 -2.80231693  0.69102829 -0.02247945  0.12882327 -0.19449628
  -0.34619955  1.7577405  -0.97087717 -1.25963449 -0.68141908  0.14420002
  -0.42636156 -2.26022236  3.9020327   0.49386722  0.88787597 -0.11400432
  -0.25886897  0.32949053 -1.39526692 -1.28730509 -2.77896086  0.69547417
  -0.53923256 -0.05819379  0.11730938 
   0.2857475  -0.09844838  0.87938895 -1.21453941 -0.58993436 -0.76992361
   1.3981567   0.70798602 -0.15227143 -2.25670025 -0.42119089  1.51589375
   3.0888818  -1.08697695 -0.59009512 -3.20259917 -0.85876101 -0.08016517
  -0.65101698  0.61480099 -0.89642578 -0.05448807 -0.23575788 -0.58358021
  -1.51839264 -1.5239271   0.94528986  0.74081189 -0.22953832  2.41963312
   0.13058286  0.55716403 -0.18119946 
   0.01210979 -0.74807763  1.67629948 -0.46511993  0.99353163  0.1100635
  -0.78319294  0.27039422  0.2411792   0.16935735 -3.34865885 -0.25125859
  -0.557213   -0.46698878 -0.51768707  2.09539218 -1.61890124 -0.60449811
  -1.88869267  0.2225612  -2.24909092 -0.00947619 -2.35377006  0.19295389
  -0.16916213  2.23069235  0.73753293  0.624075   -1.50396252  1.50599491
   0.51121009 -0.34923686 -0.25139194 
  -1.22037975  1.61168357  0.98898344  0.81335763 -1.72223798 -0.10136814
   0.82820292 -2.01476801  1.41726896  0.15672719  0.22911242 -1.28581429
   0.72840344 -1.20294464  1.69962695  1.45832215 -0.97173034 -1.38943189
  -0.5555004   0.62622009 -1.1736322  -1.16241139  1.7720365  -1.69236235
  -0.84935888 -0.60575128  0.04963157  0.68486502 -0.78566103 -0.2467713
   0.8526725  -1.43160147 -0.4717592  
   0.67577948 -0.41682448 -0.42124621 -0.99030735 -0.18978691 -0.07548785
  -0.65627006 -2.05522628 -1.78806132 -1.6349505  -1.54634963  0.88665106
  -1.52914679 -1.34240297 -0.02156502 -0.1099723   0.66227693  0.1055747
  -1.75594579  1.60827167  0.86834901  1.04756936  0.77613341 -2.02076497
   2.31308412 -0.06140289  0.90378    -0.13540468  1.63061834  0.16309188
  -0.01831445 -1.19192569  0.05855931 
  -0.67565954 -1.71598998  0.14124589  0.60853821 -0.5202748   0.63892208
  -0.79699502 -2.04667434 -0.92974806 -0.05443988  0.85095176  0.70470324
  -2.36995993  1.60555637 -0.21288503  0.22335863  0.78540127 -0.95973094
   0.55317752  1.35119109 -0.56946741 -0.80657453 -0.98883357 -2.044486
  -1.65353042 -1.44114228  2.37868428  0.59269351 -0.71244044 -0.59020465
   0.97612369  1.71017474 -0.12793157 
  -1.35968295  2.88582787 -0.74819922 -2.14702937 -1.60490182 -0.57873336
  -0.81605737  0.45335694  0.90861643 -1.75367023 -1.99735056 -0.0628673
  -0.87366477  1.42405543  0.31962267  1.12405673 -0.61615246 -0.41968804
  -0.02313773 -0.46095159  0.7393509   1.64785898 -0.33640562  0.62609205
   0.91440262 -1.85498885 -0.88797306  0.15734575  0.5071178  -0.54361455
   0.7698964   0.96186951 -0.25845943 
  -0.40857269 -0.38314497 -2.07430776 -1.5155293  -1.59928404  0.57294828
   0.29613567 -0.08953983 -0.177638    1.94144562 -0.06073042  1.61282444
  -0.99269703 -0.03252169 -0.02853032 -1.06592778 -0.09699747 -0.80690054
  -0.07082997 -0.80152232  0.64140512 -0.39852045 -0.59134621 -0.44322015
   0.0425837  -0.44415408 -1.18704394  0.32809281  1.20004562 -0.99412664
   1.3660939  -0.39466458 -0.07795578 
  -0.29568686 -0.64855516  0.5099722   1.2860185  -1.72015546  0.82546781
  -0.28552684  0.46107757  0.64541468 -0.50174028 -0.95718202  0.06926174
  -1.45865285 -0.33479766 -1.91941498  1.37900331 -2.12225247  0.06378062
   0.5570022  -0.51926567  0.43421876 -0.58827775  0.87828114  0.07227922
   0.24762571 -1.69521803  0.78077601 -0.9770115   0.2694026  -0.68361662
  -0.52241032  0.43635545 -0.32594666 
  -0.61097437  1.0610971   0.09760896 -0.71279719 -0.86785513 -0.24982213
   0.47698615  0.56593803 -0.26298185  0.02176338 -0.52791636 -0.50229472
   0.15029973  0.34302879  0.780124   -0.79374187  0.44809383  0.11197425
  -0.6897215   0.35368381 -0.04233911  0.56539428 -0.03890772 -0.12073534
   0.67620988 -1.01607019 -0.46586173 -0.21936227 -0.74871789 -0.01771736
  -1.21673142 -1.42801202 -0.69557165 
  -0.48244343 -0.68711454 -1.10430806  0.49396602  0.52417173  0.6178269
  -0.23027149 -0.33045713  0.70373122  0.68146262  0.00939806 -0.12750316
  -0.53771372  0.11256381 -0.54287642  0.31123291  0.15576643 -0.96991667
  -0.31449137  0.66954729 -0.62295406  0.12143786 -0.04239307 -0.98273263
  -0.24855917 -0.85476288 -0.91599573 -0.2167665   0.44499611 -0.37587776
  -0.70433789 -0.22213318 -0.02941272  