NN 16 32 16   -2.39903461e+00  -3.60266392e-01  -5.35846676e-01   7.45480589e-01
    6.61443404e-01  -2.39499992e-01  -4.81141923e-01  -5.28506201e-01
    1.25257489e+00  -9.03982490e-01   1.97056842e-01   8.40904122e-01
    5.02899935e-01  -3.58945101e-02  -1.60571474e-02  -9.71826308e-02
   -5.31929675e-01 
    2.97793398e-01   4.95947802e-02  -4.83984377e-01  -8.51777050e-01
    5.76901859e-01  -1.41451256e-01   1.02127368e-03   5.70696457e-01
   -1.47765166e+00   3.74660008e-01   1.34631988e+00  -2.24260966e+00
    4.02227927e-01   6.24953080e-01  -5.57070968e-01   5.84476296e-01
    5.37502024e-01 
    7.79209773e-02   3.11680582e-01  -1.65443172e+00   1.10095913e+00
    1.36707953e+00  -8.10093290e-01  -7.29377556e-01  -1.27145662e+00
   -6.14402951e-01   2.30329040e-01   2.33755648e-02   1.50216578e-01
    1.53468976e+00  -6.85237348e-01  -1.23050024e-03   5.77626960e-01
    3.97306591e-01 
    1.16732762e+00  -6.91489058e-01  -4.56047467e-01   5.11007913e-01
   -4.71713671e-01  -9.00299047e-01   9.71632665e-01   2.84110902e-02
   -7.67024674e-01   6.58333767e-01  -7.39051174e-01   1.28219565e+00
    9.67145937e-01  -1.48869114e+00   5.29807442e-01  -8.30652225e-01
   -4.84452926e-01 
   -3.18135595e-01  -8.29848584e-01   1.14851335e+00  -7.88783904e-01
   -4.36056734e-01  -8.53627218e-01  -6.84071011e-02  -1.27278803e+00
    1.36943606e+00   2.42435792e-01  -2.00840479e-01   1.27459191e+00
    1.08364491e+00   1.25573807e+00   1.56486028e-01  -8.73043044e-01
   -6.28469751e-01 
   -1.73308380e-01   3.31919953e-01   6.21157627e-01  -6.13673553e-01
    4.61190015e-03   7.62479365e-01   6.48751352e-01   1.75916326e-01
   -7.48451706e-02  -2.44126193e-01  -4.95990144e-01   7.67099100e-01
   -4.86599072e-01  -8.58699726e-01  -1.76210637e-01   9.25585137e-02
   -2.57059358e-01 
    2.87426012e-01   1.12489748e+00   1.04533424e+00  -1.16263276e+00
   -3.16627914e-01  -6.01835566e-02  -1.25423384e+00   6.56971891e-01
   -5.66728977e-01   3.22113469e-01   6.58923033e-01   7.03366938e-01
   -2.28964621e-01  -7.96785216e-02  -6.33930718e-01   5.56241535e-01
   -3.79409661e-01 
    2.49571716e-01  -1.08282529e+00   6.87237129e-01  -3.59592053e-01
    4.77982162e-01   2.38064330e+00  -1.02550608e+00  -2.85856073e-01
    1.46645662e+00   1.60551486e+00   9.82714139e-01  -8.95073506e-01
   -4.11942266e-01  -1.23568941e+00  -8.37614282e-01  -2.00292310e-01
   -7.32196257e-01 
    1.48862515e-01   1.61430413e+00  -1.05216336e+00  -2.20362743e-01
    4.70622779e-01  -8.12209460e-01   9.69182458e-02  -1.17235569e-01
   -1.09783422e+00   1.58962969e+00   8.52712956e-01  -7.24762618e-01
    1.55616170e-01  -1.08879447e+00   2.88484129e-01  -3.77320489e-01
   -1.23378902e-01 
   -1.48212318e+00   4.52080818e-01  -9.24433261e-01   7.48361524e-01
    1.64766847e+00  -2.38909380e-01   1.34791924e+00  -3.93379579e-01
   -4.18379719e-01   1.26214628e+00   9.06594055e-02   1.12565677e+00
   -1.60485435e+00   5.24254668e-03  -7.15556929e-02  -7.31568910e-01
   -8.45832770e-02 
   -3.84674069e-01   6.70960863e-01  -2.55503615e-01  -1.91566911e+00
   -1.40929327e+00  -7.68567778e-01   3.48743202e-01   2.52268757e+00
   -3.67086140e-01   1.02790530e+00  -8.01184615e-01   1.38887636e+00
   -4.47131869e-01   1.22466788e-01   1.12469330e-01   5.97517451e-02
   -5.39183142e-01 
    1.62863203e+00  -9.90565399e-01   6.86325158e-01   1.52750790e+00
    9.50585299e-01   2.78424546e-01  -1.24865732e+00   1.01102224e-01
    7.27124129e-01  -4.76924987e-01  -5.75568033e-01  -2.39103662e-01
   -1.63793787e+00   1.28223268e-01   3.17394750e-01  -3.68939464e-01
   -5.59033904e-03 
    2.69817387e-01  -1.32142094e+00   8.05467611e-01  -7.52306434e-01
    2.65586926e-01   1.63458577e-02  -2.48739167e+00   2.49428104e-01
   -1.26121375e+00   7.21002804e-01   1.94093200e+00   3.50231981e-01
   -1.38300131e-01   7.88283911e-01  -4.10752900e-01  -3.69631580e-01
   -7.39893081e-01 
    1.86367445e-02  -2.05346372e-01  -8.39254578e-01   3.98241611e-01
    1.68845237e+00  -1.39127496e+00   7.73564024e-01   8.46132682e-02
    7.81329091e-01   1.24427665e+00  -1.72863410e+00  -1.54643823e+00
   -1.15010486e-01   4.05117891e-01  -1.35472705e-01  -1.56336684e-01
   -1.27060716e-01 
    2.90142399e-01  -1.83292349e+00  -3.10396063e-02   1.86323006e+00
   -1.66446994e+00   8.56272967e-01   8.58353727e-02  -1.04098722e-01
   -1.30961191e+00   2.32636325e-01   1.02269225e-02  -6.41253838e-01
    4.53646193e-01   1.66478546e+00  -7.14421076e-01   1.70042005e-01
    6.57701645e-01 
    8.51561559e-01  -6.96162536e-01   1.06655865e-01  -7.62994073e-02
   -7.54236553e-02   6.04612761e-01   2.30339377e+00  -2.16712125e+00
   -1.19229187e+00  -1.97642106e-01  -3.17059748e-01  -7.24779035e-01
    1.35177661e+00  -1.25455199e+00   2.90132954e-01  -1.72347660e-01
    3.41132042e-01 
    1.11736431e+00   3.37127358e-01  -2.01448414e+00  -2.66804470e+00
    2.13760117e-01   2.72714240e-01   7.68342416e-01   1.34204309e+00
    4.96387434e-01  -5.45939199e-01  -6.98909634e-01   6.65271694e-02
   -2.47996987e-01   1.69201592e+00  -4.35273143e-01   4.00181834e-01
   -3.98220156e-02 
   -9.88830226e-01   4.16152992e-02   4.21901337e-02   4.69988756e-02
    9.10030879e-01  -7.21204005e-01  -3.90532052e-01  -4.98637454e-02
    1.20462204e+00  -3.11867681e-01   6.35361670e-01  -1.88588852e-01
    4.70528299e-01  -4.48483578e-01  -2.27351383e-01   2.37394368e-01
   -4.28381946e-01 
    1.18963440e-01  -1.50305379e+00   9.21065914e-01  -6.40554218e-01
   -1.82467201e+00   5.17021374e-01   5.34702041e-01   1.17343620e+00
    5.86120236e-01   1.29650960e+00  -1.36003302e+00  -5.46482646e-01
   -2.99347475e-02  -8.45532340e-01   4.52258983e-01   2.54700261e-01
    9.20228840e-02 
   -8.80405684e-01   5.32414779e-01  -8.78104114e-01   1.34590848e+00
   -1.39556598e-01   1.77093137e+00  -2.57656061e-01  -7.01354837e-01
   -2.70894573e-01  -1.36866571e+00  -6.03288813e-01   3.84162501e-01
    1.14663905e+00   5.98324734e-01  -3.06206639e-02  -4.82867547e-01
    4.81815388e-01 
    4.31237932e-01   2.01863924e+00   8.21850434e-01   1.45058042e-01
   -7.37636969e-01  -2.86650279e+00   7.27804714e-01   2.14517705e+00
    1.11749632e+00  -7.89449205e-01   4.39441071e-01  -8.14368561e-01
   -7.40860191e-01  -2.27360521e-01   3.63802310e-01  -1.26879102e-01
   -1.76214129e-01 
   -2.06593392e+00   4.66171726e-01   1.24385281e+00  -7.34295760e-01
    1.11632140e+00  -6.66694074e-01  -1.62949651e-01  -3.98642241e-01
    1.20521744e+00  -8.99702757e-01   2.77598874e-01  -1.40933860e+00
    2.59383116e-01   5.74386623e-01  -5.83672950e-01  -2.63395239e-02
    5.60484788e-01 
   -5.78721770e-01  -3.23149856e-01   5.33671659e-01  -8.92591492e-01
    1.68162701e+00  -1.19671171e+00   2.83414257e-01   1.48177895e+00
   -1.60020805e+00  -6.92441289e-01   8.72181163e-01   4.68378877e-01
    7.55444196e-01  -4.97780896e-01  -2.68367803e-01  -7.90436717e-02
   -3.20592562e-01 
   -1.32117017e+00  -7.83837028e-02  -8.57785061e-01   1.75242420e+00
   -9.30310051e-01   6.01740673e-01   1.45636624e-01  -6.24566836e-01
    1.64355144e+00   1.53966729e+00   8.96738643e-01  -1.35777293e+00
    1.46889657e-01  -7.36062786e-01   3.73784452e-01  -3.39615892e-01
   -3.57224528e-01 
    1.58102792e+00   1.27773715e+00  -1.15096560e+00  -2.66196565e-01
   -1.71197409e+00  -3.89880972e-01   8.42135575e-01   3.10940292e-01
    7.42912674e-01  -1.93570991e+00   1.56332867e+00  -4.79397832e-01
   -1.08765596e-01  -1.29613148e-01  -2.10135744e-01  -2.14784667e-01
   -2.01949722e-01 
    1.01817657e+00  -4.78015565e-02  -1.19693356e+00  -2.41850310e-01
   -1.16963224e+00  -3.56890921e-01   1.41388037e+00  -2.14823924e+00
    2.53182321e-01  -2.35041312e-01   9.14241242e-01   1.16684737e+00
    1.10394083e-01   1.00855677e+00   6.37919445e-01  -4.39562434e-02
   -4.68309361e-01 
   -7.07375939e-01  -8.12249182e-01   1.60964789e+00  -1.89841969e-01
    1.10323609e+00   1.00143641e+00  -1.22179328e+00  -6.82636593e-01
    3.05969882e-02  -6.33626716e-01  -1.87575927e+00   8.53203847e-01
    1.18913326e+00  -6.25796314e-01   1.57554071e-01   1.06707407e+00
   -1.09889898e-01 
   -4.20563087e-01   1.92940532e+00   1.11015747e+00   8.41093756e-02
    4.26560677e-02   1.42940319e+00  -7.85144367e-01  -4.87377417e-01
   -8.46483895e-01  -2.28735534e-01  -4.68457396e-01  -3.76651589e-01
   -6.23375377e-01   4.95612203e-01  -1.35574199e-01   2.94251847e-01
   -3.22546418e-01 
    4.87640150e-02  -1.38833801e+00  -6.70676553e-01   7.65162206e-02
    8.44014034e-01   2.12005968e+00  -5.57766186e-01   7.76433951e-01
    5.34636335e-01  -1.29892878e+00   7.84339498e-01  -3.33916264e-01
   -9.57416190e-01   1.22857826e-01   8.65558419e-01  -8.56764312e-01
    6.00928404e-02 
   -6.67399419e-02   1.25429367e+00   4.84603114e-01  -4.80329754e-01
    3.38934446e-01  -8.97310994e-01  -1.96320931e+00  -1.62038712e+00
    1.71291858e-01  -3.63496739e-01   1.65360565e-01   3.96803180e-01
    5.82793985e-01   3.24986472e-01  -2.27917124e-01   4.29685413e-01
    2.38024931e-01 
   -1.14986816e+00  -5.79160081e-02   2.16042129e+00   1.29989314e+00
    6.44600940e-01   5.48347960e-01  -6.94617229e-01  -8.50006190e-01
   -2.58846851e-01   4.91936603e-01  -1.09102722e+00  -6.30490504e-01
   -8.21779150e-01   7.03908906e-01   5.50897893e-01   4.32431210e-01
    2.71735934e-01 
    1.23431765e+00   9.38711688e-01  -7.15052560e-01  -2.80546083e-01
   -5.78747767e-01   3.10580273e-02  -8.45474029e-01  -9.35017238e-02
    1.13988602e+00   9.74690235e-01  -1.42698099e+00  -9.78420670e-01
   -1.44928302e-01  -9.00079661e-01   1.29370896e+00   5.43707276e-02
   -3.37306379e-01      2.40117995e+00  -3.62854668e-01  -2.05094121e-01  -1.74939163e+00
   -2.45138070e-01   2.46254251e-01  -2.69969912e-01  -6.57811064e-01
    2.44306882e-01   1.44345187e+00   2.42214153e-01  -2.14739140e+00
   -7.70645544e-01   2.57046697e-01   2.16470980e-01  -1.32894262e+00
   -7.34316337e-01   4.18169665e-01  -1.46924882e-01   8.20859093e-01
   -5.97140253e-01   2.46060667e+00   5.26733409e-01   1.53209561e+00
   -2.40539362e+00  -9.45666390e-01   5.06222608e-01  -7.16452969e-02
   -4.60401654e-01  -1.15927399e-01   1.08018035e+00  -1.57864431e+00
   -2.60674632e-01 
    4.46888587e-01   1.39073550e-01  -4.00292256e-01   5.64692408e-01
    8.57683415e-01  -2.31908081e-01  -1.30083944e+00   7.74114573e-01
   -1.81425706e+00  -7.74056497e-01  -9.50967112e-01   5.26388273e-01
    1.72771491e+00   4.42066250e-01   1.86385289e+00   5.42913506e-01
   -2.87352706e-01  -6.39988416e-01   1.91422468e+00  -1.05806177e+00
   -1.81964139e+00   1.71679890e-01  -1.64241584e-02   5.27014118e-01
   -1.67944311e+00  -3.73881930e-02   9.72189050e-01  -2.55174632e+00
    1.42167110e+00  -1.41416581e+00  -9.62663066e-02  -1.10636865e+00
    6.54994924e-02 
    8.02237709e-01   4.08438298e-01   2.03777743e+00   2.53578182e-01
   -1.82041202e+00  -4.98120666e-01  -1.16761679e+00  -9.95383017e-01
    1.23292098e+00   1.07897920e+00  -2.25070745e-02  -5.50630108e-01
   -1.00703620e+00   6.23075269e-01   8.82066323e-02  -9.60210838e-01
    2.19319813e+00  -4.87482596e-01  -1.04130458e+00   8.79676595e-01
   -1.19637639e+00  -1.45471787e+00  -6.47966488e-01   1.11671578e+00
    1.17332758e+00   1.49577590e+00  -1.90960786e+00  -1.03338656e+00
    1.26246512e+00  -6.72946353e-01  -2.66363539e+00   7.00119286e-01
   -4.75117499e-01 
   -5.44607391e-01   8.21184443e-01  -1.04240096e+00  -7.32642349e-01
    9.01285122e-01   9.42310072e-01   1.08973275e+00   1.53737580e-01
    2.63766284e-01  -6.84411770e-01   1.80309110e+00  -2.07207271e+00
    7.99108386e-01  -6.76817203e-01  -2.57138832e+00   1.26279859e-01
    3.07973565e+00  -3.46823032e-01   1.16140939e+00  -1.61192676e+00
   -1.11167356e+00   8.41155775e-01   1.04568201e+00  -2.27260261e+00
    3.76437050e-04   5.10712147e-01   4.62403745e-01  -1.59272713e-01
   -3.73071396e-01   4.46822427e-01  -1.57775923e+00  -2.40865308e-01
   -3.45302932e-02 
   -7.69653935e-01  -8.54922084e-01  -1.52261995e+00   1.68814390e-01
    1.85410668e-01   7.47527427e-03   5.57939759e-01  -6.51148788e-01
   -5.62717545e-01  -2.17788781e+00   1.28323579e+00  -3.42049283e-01
   -4.46455348e-01  -2.14764673e+00   2.14857893e+00  -4.79248110e-01
    2.01123178e-01  -1.38388460e+00   2.51616774e+00  -7.19851552e-02
    1.74591717e+00  -9.10919219e-01  -2.32973309e+00   1.66873440e+00
    1.40402990e+00   1.37230464e+00  -1.27431874e+00  -3.81575987e-01
   -1.20934461e+00  -6.45367304e-01  -4.69600084e-01   5.61857392e-01
    2.98536771e-02 
    1.24154459e-02   3.77434140e-02   6.27987190e-01   9.80747676e-01
    6.63532197e-01  -3.93543188e-01  -2.47265520e-01  -2.77996395e+00
    6.50968962e-01  -1.01877159e-01   4.36699380e-02  -2.42463388e-01
   -4.22120221e-01   1.70591603e+00  -9.93473573e-01  -1.21730111e+00
   -7.08526518e-01   3.16696974e-02  -5.13209961e-01  -2.24113638e+00
    3.72591967e+00   4.03463459e-01   7.89201475e-01  -1.05264727e-01
   -2.68633521e-01   2.55514488e-01  -1.49242086e+00  -1.26378408e+00
   -2.71786578e+00   6.46609571e-01  -6.31640294e-01  -8.03915955e-02
    2.13434968e-02 
    2.19976028e-01  -6.80341944e-02   9.23105156e-01  -1.17422852e+00
   -5.45649253e-01  -7.47258394e-01   1.38756827e+00   7.75223371e-01
   -1.61955135e-01  -2.27458883e+00  -3.73636488e-01   1.47306537e+00
    3.12140057e+00  -1.10927648e+00  -4.74128830e-01  -3.12049733e+00
   -7.21722282e-01  -1.22513816e-01  -6.22332161e-01   5.68293509e-01
   -8.78175313e-01  -1.00258464e-01  -3.00818032e-01  -5.46478163e-01
   -1.38833076e+00  -1.41419330e+00   8.32142026e-01   6.97084186e-01
   -2.01640242e-01   2.33681300e+00   6.34241568e-03   6.25187368e-01
   -1.62559638e-01 
    1.66206331e-02  -6.66800191e-01   1.71628873e+00  -5.51249919e-01
    9.62720506e-01   1.05817329e-01  -7.42871968e-01   2.96592115e-01
    2.53526185e-01   5.26262553e-02  -3.27405569e+00  -2.34078196e-01
   -5.33560600e-01  -3.76076891e-01  -4.64049879e-01   2.05327101e+00
   -1.59448595e+00  -5.92192196e-01  -1.79167841e+00   3.62160257e-01
   -2.32559768e+00   8.24351648e-02  -2.36502630e+00   2.89597339e-01
   -2.30063715e-01   2.04660547e+00   8.19207095e-01   7.32233692e-01
   -1.45027162e+00   1.65067860e+00   5.18638868e-01  -2.47893287e-01
   -2.17020118e-01 
   -1.21703769e+00   1.59761399e+00   8.75752150e-01   7.79047894e-01
   -1.62611103e+00  -3.42793773e-02   8.31481323e-01  -1.97686018e+00
    1.30773459e+00   5.25427408e-02   1.94090222e-01  -1.23766201e+00
    7.14690224e-01  -1.21147110e+00   1.74095331e+00   1.54768162e+00
   -8.55573833e-01  -1.39113427e+00  -5.29098144e-01   6.26928731e-01
   -1.17249059e+00  -1.17717266e+00   1.71775153e+00  -1.72086931e+00
   -6.64988632e-01  -4.75547483e-01   4.92022013e-02   6.79462538e-01
   -7.03984201e-01  -2.28435360e-01   7.81807896e-01  -1.41226237e+00
   -4.27643754e-01 
    6.21197216e-01  -3.44617341e-01  -3.62541368e-01  -9.09391331e-01
   -2.19899016e-01  -1.16824500e-01  -6.19131904e-01  -2.05532897e+00
   -1.69477873e+00  -1.57796317e+00  -1.47268772e+00   8.14207578e-01
   -1.45608592e+00  -1.32497203e+00  -4.05315316e-02  -1.48262643e-01
    7.16815853e-01   6.78866409e-02  -1.75816032e+00   1.52528967e+00
    8.76918528e-01   1.00981510e+00   8.55717682e-01  -2.08548959e+00
    2.17936051e+00  -8.25621853e-02   8.36051800e-01  -2.16499346e-01
    1.55986276e+00   1.16758312e-01  -6.80004903e-02  -1.23285504e+00
    4.60912747e-02 
   -7.24479983e-01  -1.54390045e+00   2.37199131e-01   5.58121854e-01
   -5.21763356e-01   5.82988377e-01  -7.21129369e-01  -1.95141720e+00
   -8.19472318e-01  -6.37127208e-02   8.14048425e-01   7.68412941e-01
   -2.30117804e+00   1.65087736e+00  -2.41574937e-01   2.18855794e-01
    7.84622629e-01  -8.56797796e-01   5.01983648e-01   1.33206067e+00
   -4.98131078e-01  -7.02716632e-01  -8.99210654e-01  -2.00182484e+00
   -1.60875441e+00  -1.46144541e+00   2.35251244e+00   6.12153778e-01
   -6.58773898e-01  -4.89904722e-01   9.68016042e-01   1.72463902e+00
   -5.96289018e-02 
   -1.37033822e+00   2.82506132e+00  -7.57065202e-01  -2.06147307e+00
   -1.56079239e+00  -5.15999788e-01  -7.62866870e-01   4.24883000e-01
    9.09306983e-01  -1.74497904e+00  -1.89909398e+00  -8.26871984e-02
   -8.57581096e-01   1.38358369e+00   3.22172609e-01   1.14712691e+00
   -5.49247970e-01  -4.62458877e-01   2.20342305e-03  -4.46509220e-01
    7.49458383e-01   1.55348160e+00  -3.16236517e-01   5.45025306e-01
    9.57590753e-01  -1.76392354e+00  -8.52474271e-01   1.57234015e-01
    5.13858371e-01  -5.39036057e-01   7.01386194e-01   9.66992558e-01
   -2.25262456e-01 
   -3.60719698e-01  -3.51950289e-01  -1.94592859e+00  -1.40146301e+00
   -1.63263702e+00   5.28160983e-01   2.61814017e-01  -1.02097558e-01
   -1.28030986e-01   1.83188517e+00  -6.09858681e-02   1.53188956e+00
   -9.95024649e-01   7.81989176e-03   2.10984134e-02  -1.05349435e+00
   -1.31911860e-01  -7.79025865e-01  -9.29079741e-02  -6.32847315e-01
    5.94670086e-01  -4.58390115e-01  -5.22246514e-01  -4.28009130e-01
   -4.13632824e-02  -5.89433786e-01  -1.03228536e+00   3.10385364e-01
    1.20932722e+00  -1.00234974e+00   1.30228865e+00  -3.88862064e-01
   -8.15862871e-02 
   -2.85564559e-01  -6.46109909e-01   5.17790598e-01   1.28084747e+00
   -1.63941183e+00   7.80456869e-01  -2.69502164e-01   3.95044632e-01
    6.44274498e-01  -4.88295184e-01  -9.18821337e-01   7.35510024e-02
   -1.43974410e+00  -3.02360602e-01  -1.88217615e+00   1.33256098e+00
   -2.04841433e+00   5.93531266e-02   5.40662313e-01  -5.25982460e-01
    4.93491082e-01  -5.85137442e-01   8.41288415e-01   5.12788942e-02
    2.80582200e-01  -1.62130445e+00   7.54334507e-01  -9.68630992e-01
    2.19616121e-01  -6.36904916e-01  -5.27318346e-01   4.49374162e-01
   -3.03823249e-01 
   -5.92998663e-01   1.01175832e+00   2.45984918e-02  -7.47477280e-01
   -9.06820989e-01  -2.19860482e-01   4.40550837e-01   5.21223351e-01
   -1.56570074e-01   2.21642621e-02  -5.65673599e-01  -5.26418158e-01
    1.19138177e-01   2.38818475e-01   6.21026201e-01  -7.05366965e-01
    3.63227237e-01   4.89792542e-02  -6.88273458e-01   3.64545516e-01
   -8.71277710e-02   5.83264574e-01  -8.74912463e-03  -1.47034978e-01
    4.89918118e-01  -1.01557905e+00  -3.50423377e-01  -1.07774630e-01
   -5.98854394e-01  -1.27059188e-03  -1.06746229e+00  -1.27662282e+00
   -7.14086831e-01 
   -5.41745541e-01  -5.97780181e-01  -1.11162589e+00   3.49655197e-01
    4.03217243e-01   5.38800000e-01  -1.65575702e-01  -3.31839308e-01
    4.88922431e-01   4.07607842e-01  -8.03119481e-02  -3.18579198e-02
   -4.87276735e-01   6.59204121e-02  -5.10179019e-01   2.31067675e-01
    1.62820551e-01  -9.30120169e-01  -2.67402772e-01   4.37505981e-01
   -5.73447486e-01   5.86713346e-02  -6.15774096e-02  -1.11808778e+00
   -1.92799095e-01  -8.67644891e-01  -8.18260884e-01  -3.75257030e-01
    3.76687117e-01  -3.70962010e-01  -7.61000508e-01  -2.25712267e-01
   -9.08436229e-02  