NN 16 32 16   -3.44334069e+00  -9.06753327e-01  -1.24480511e-01   6.23442756e-01
    2.23028697e+00  -9.13624760e-01  -1.62615890e+00  -1.89366138e+00
    2.91091399e+00  -1.19000824e+00  -1.68304924e-01   2.45265318e-01
    7.70450924e-01  -2.01683202e-01   2.89851003e-01  -4.21240193e-01
   -7.73209350e-01 
    7.40312518e-01  -5.01220500e-01  -4.41394398e-01  -2.91256369e-01
    1.00660642e+00  -3.43434818e-01   9.37743460e-02   5.64001923e-01
   -2.33842198e+00   7.36296689e-01   1.98979012e+00  -3.48742576e+00
    7.38422802e-01   7.25829279e-01  -1.78565558e+00   1.30462403e+00
    5.92326632e-01 
   -7.27219338e-01   3.78017562e-02  -2.58916622e+00   9.57168884e-01
    2.47134361e+00  -1.80643719e+00  -5.80401372e-01  -7.78165590e-01
   -9.84900382e-01   5.77842978e-01  -1.11563599e-01   8.82703883e-02
    1.45154316e+00  -8.32491674e-01  -1.98409540e-01   1.84598308e+00
    1.19482355e-01 
    1.58418263e+00  -7.87642273e-01  -1.32466674e+00   9.72775683e-01
    7.72190023e-02  -1.03120831e+00   8.07664948e-01  -2.76468531e-01
   -1.40439442e+00   7.35312875e-01  -1.37840103e+00   1.76951095e+00
    1.72691011e+00  -1.52412925e+00   1.10763672e+00  -1.79075272e+00
   -2.33331267e-01 
   -2.79943124e-01  -1.54367625e+00   1.40723513e+00  -9.93972883e-01
   -3.61433113e-01  -6.09405656e-01   9.76681208e-02  -1.89614645e+00
    1.23064905e+00  -4.51579610e-01  -2.25272177e-02   1.86142206e+00
    1.57153134e+00   2.03662627e+00  -1.09285501e-01  -1.45331316e+00
   -7.36639593e-01 
   -4.19549807e-01   1.24384025e+00   1.61474749e+00  -1.28052689e+00
    6.89231972e-01   1.16567841e+00   1.70933892e+00  -2.30357207e-01
   -7.44070126e-02  -2.24923734e-01  -1.81837424e+00   5.43707818e-01
   -7.77939769e-01  -1.33564404e+00  -3.74821914e-01  -1.53275042e-01
    6.03648857e-03 
    7.37412055e-01   1.56632963e+00   1.33004586e+00  -1.77605587e+00
   -8.83611065e-02  -3.80667668e-02  -1.86990329e+00   1.12929314e+00
   -5.17802235e-01   4.87378580e-01   7.79882538e-01   2.96425518e-01
   -2.62865232e-01  -4.31136218e-01  -1.40875706e+00   7.49216224e-01
   -6.94772682e-01 
    6.58044226e-01  -1.35286177e+00   1.03767936e+00  -3.63067743e-01
    6.86423716e-01   3.82607456e+00  -1.90421322e+00  -3.68854423e-02
    2.21248293e+00   2.20295529e+00   6.09779568e-01  -6.35626815e-01
   -5.86747807e-01  -2.42502276e+00  -1.20185293e+00  -3.03413744e-02
   -6.08714904e-01 
    2.74711889e-01   2.58997468e+00  -9.87911739e-01  -8.22911507e-01
    7.60087318e-01  -1.19857104e+00  -1.10207786e+00  -8.14774667e-02
   -1.64205164e+00   2.15767045e+00   1.27871969e+00  -1.09260763e+00
    7.09184125e-01  -1.69808368e+00   1.23043527e+00  -1.46606661e+00
   -1.48990516e-01 
   -1.47894149e+00  -1.63315422e-01  -7.41125168e-01   1.42331585e+00
    1.66775444e+00  -9.90838588e-01   1.11603996e+00  -6.30986715e-01
   -9.77904000e-01   1.12090147e+00   3.31343516e-01   1.91931638e+00
   -2.47408774e+00   4.91517376e-01  -4.48836185e-01  -1.27118143e+00
    3.02682901e-01 
   -4.74773010e-01   5.47824919e-01  -7.31332440e-02  -2.57977294e+00
   -2.02496284e+00  -1.26829709e+00   1.46234751e-01   3.84635787e+00
   -1.03677654e+00   5.65427952e-01  -6.82436715e-01   2.82313183e+00
   -8.26216302e-01  -2.53488130e-01  -1.18404307e-02   6.52173488e-02
   -5.59059848e-01 
    2.71762665e+00  -6.96471770e-01   3.11553878e-01   1.79253984e+00
    1.48866473e+00  -5.44792660e-01  -1.44071472e+00   7.22134975e-01
    2.14955805e-01  -9.92180535e-01   3.12991214e-01  -6.50100298e-01
   -2.68226614e+00   3.68936224e-01   9.32431813e-01  -7.79517718e-01
   -1.14279099e-01 
   -3.19033499e-01  -1.67921710e+00   1.18591776e+00  -1.72638781e-01
   -1.16258774e-01   3.85549342e-01  -3.32038679e+00   5.93909933e-02
   -1.75136642e+00   1.07073041e+00   2.84728022e+00   1.85297970e-01
   -3.99072148e-01   1.19271193e+00  -6.50488820e-01  -6.39386232e-01
   -1.21331008e+00 
   -4.19640353e-01   1.95546550e-01  -6.39741471e-01   6.28464387e-02
    2.06475822e+00  -1.99029756e+00   7.65395219e-01   7.20503317e-01
    8.52870792e-01   1.57865330e+00  -2.21000688e+00  -1.60345183e+00
   -8.79443408e-01   3.51980996e-01  -4.26749992e-01  -1.39177570e-01
   -1.55646205e-01 
    1.31125764e+00  -1.89306163e+00   5.23090959e-01   2.72298879e+00
   -2.06688999e+00   9.12982759e-01   5.37729687e-01  -8.50486059e-01
   -1.58815857e+00  -2.12358788e-01  -4.37042643e-01  -3.94187218e-01
    7.31520053e-01   2.28616421e+00  -1.91160327e+00  -1.14006975e-01
    5.81332233e-01 
    1.27274505e+00  -8.87843470e-01  -3.59688591e-01   8.81248223e-02
   -4.11006617e-01  -2.31177744e-01   3.01451050e+00  -2.81134236e+00
   -1.46029104e+00  -7.54585228e-01  -4.36055289e-01  -9.23898152e-01
    1.40962456e+00  -1.80412648e+00   7.54215696e-01   3.85271737e-01
    4.53391802e-01 
    1.35160670e+00   6.34892815e-01  -2.97310955e+00  -3.91404858e+00
    8.59770460e-01  -7.51673831e-03   1.00158560e+00   1.43222768e+00
    6.70419907e-01   6.67960722e-02  -9.30570717e-01  -8.61642341e-01
   -3.15375809e-01   1.77624119e+00  -5.49182590e-01   9.75036765e-01
    1.55536502e-01 
   -1.38946206e+00   2.71709517e-01  -1.50989242e-01   1.52087040e-01
    7.03270672e-01  -1.33007188e+00   6.48994785e-02   1.60909704e-01
    1.40951675e+00  -8.79212864e-01   1.00210643e+00  -2.07247028e-02
    8.10601949e-01  -9.72493503e-01  -6.18715537e-01   1.10113459e+00
   -6.28105294e-01 
   -1.88098053e-01  -2.19384065e+00   1.97791643e+00  -1.37173899e-01
   -2.31065085e+00   3.32302685e-01  -1.85382838e-01   1.47502756e+00
    2.73284068e-01   1.66636776e+00  -1.77775755e+00  -3.50474782e-01
    6.00152071e-01  -1.20597088e+00   5.34606758e-01   5.82764973e-01
    6.28487414e-02 
   -1.46632631e+00   3.92857862e-01  -9.39119702e-01   1.91683081e+00
   -7.57562826e-01   1.67259252e+00   9.90325891e-01  -1.56446523e+00
   -2.77466254e-01  -1.67341242e+00  -8.52467106e-01   7.17095363e-01
    1.69741019e+00   1.90737738e-01  -2.30897809e-01  -2.03752723e+00
    3.45855998e-01 
    6.27902000e-02   2.62700906e+00   9.29120303e-01  -4.20119299e-01
   -4.06473177e-01  -4.35851299e+00   1.21670380e+00   3.27239670e+00
    1.37982234e+00  -1.99276210e+00   7.43054972e-01  -2.03262397e-01
   -5.61279609e-01  -6.36608544e-01   6.30925792e-01  -2.14856980e-01
   -2.54085684e-01 
   -2.43846018e+00   8.90433871e-01   1.93314807e+00  -3.21051387e-01
    1.56557099e+00  -8.01254607e-01  -7.32405629e-01  -6.05156334e-01
    2.19258830e+00  -1.03775190e+00   1.29399065e-01  -1.75768476e+00
    5.57120219e-01   5.51746655e-01  -1.09116651e+00  -3.80686431e-01
    6.45849216e-01 
   -2.26613679e-01  -5.10140397e-01   4.80492678e-01  -8.24817075e-01
    2.20533638e+00  -1.38018193e+00   7.59061301e-02   2.22143736e+00
   -2.51033356e+00  -7.40325769e-01   1.10568102e+00   8.16302164e-01
    5.24059791e-01  -6.92811874e-01  -3.67860800e-01  -8.82556663e-01
   -3.03659941e-01 
   -2.03202492e+00   3.09232244e-01  -1.36260748e+00   2.03708879e+00
   -9.99940679e-01   9.09815620e-01   6.85278537e-01  -6.18023788e-01
    1.12203218e+00   1.41201871e+00   1.58978793e+00  -1.80126547e+00
    7.47414267e-01  -1.36517127e+00   4.73956920e-01  -2.40838112e-01
   -6.61229947e-01 
    1.64894574e+00   1.45471259e+00  -1.98694545e+00  -8.28088194e-01
   -3.32064802e+00  -1.10416358e+00   1.03946970e+00   5.39620665e-01
    1.19704729e+00  -2.48360991e+00   1.85383010e+00  -1.70316456e-01
    3.30252394e-01  -2.83685925e-01  -7.89893770e-01   4.73081393e-02
   -2.00905509e-01 
    1.60979906e+00   7.17316588e-02  -1.64005879e+00  -2.34330769e-01
   -1.09474157e+00  -5.36877993e-01   2.68038299e+00  -2.86087102e+00
   -1.45276093e-01  -4.46945871e-01   2.62683157e-01   8.76334389e-01
   -1.93815364e-01   1.28158873e+00   8.08203333e-01   9.58509854e-01
   -6.11643526e-01 
   -7.30950285e-01  -6.07470769e-01   1.91645048e+00  -2.93562425e-01
    1.39013073e+00   1.78631816e+00  -2.88871367e+00   7.78952258e-02
    4.38997973e-01  -6.58273683e-01  -2.95964816e+00   1.36450572e-01
    1.66340079e+00  -1.30144676e+00  -8.15558499e-03   2.82025368e+00
   -2.36389764e-01 
   -8.22343722e-01   2.56216802e+00   1.33511021e+00   4.15341409e-03
   -1.18948627e+00   2.02211609e+00  -5.08885195e-01  -7.54334724e-02
   -1.01420986e+00  -1.94178048e+00  -3.09453740e-01  -1.47524611e-01
   -9.14427453e-01   5.89711343e-01  -2.70192949e-02   7.36492263e-01
   -4.56271957e-01 
   -4.03707091e-01  -1.26288618e+00  -1.01599859e+00  -2.22274741e-02
    1.71335922e-01   2.39517436e+00  -7.37918166e-01   7.64507342e-01
    3.71355216e-01  -2.40461838e+00   1.19955029e+00  -3.15217944e-01
   -1.40862350e+00   9.99453276e-04   2.76328197e+00  -1.43513157e+00
    5.11238964e-01 
   -1.95149887e-01   2.03280832e+00   3.87323187e-01  -7.18251659e-01
    7.48183179e-01  -1.47093448e+00  -2.28020549e+00  -1.45363878e+00
   -3.16188116e-01  -7.59602737e-01  -1.15911439e-01   9.07364270e-01
    6.03900332e-01   4.90350025e-01   1.00341845e-01   1.02080669e+00
   -6.70194466e-03 
   -1.20653138e+00   1.63761894e-01   2.53548245e+00   1.44528318e+00
    1.08058421e+00   2.46201739e-01  -1.84845658e+00  -1.14971499e+00
   -6.21474942e-01   9.65653718e-01  -1.81127847e+00  -1.42918144e+00
   -1.62477606e+00   1.39102354e+00   1.45621563e+00   1.07485334e+00
    2.70084088e-01 
    1.34455944e+00   8.19112547e-01  -1.04285566e+00  -3.72490647e-01
   -8.57791605e-01  -4.27880876e-01  -5.80749442e-01  -3.87569819e-01
    1.56433429e+00   1.41384357e+00  -2.15813559e+00  -1.82728512e+00
   -5.11004574e-01  -1.69201313e+00   2.28024686e+00   6.89848041e-01
   -5.80966458e-01      3.30452349e+00  -9.52826933e-01   3.04320652e-01  -1.99578428e+00
   -7.48014050e-01   1.19636862e+00  -6.70051842e-01  -8.45987630e-01
    5.92876896e-01   9.53347950e-01   2.93029890e-01  -2.92439662e+00
   -7.95116008e-01   3.72037530e-01   7.79012780e-01  -1.65626691e+00
   -2.52849308e-01   1.51265870e-01   2.30642863e-01   1.89240378e-01
   -2.57444141e-01   2.13120177e+00   4.25465239e-01   1.97799957e+00
   -1.63312165e+00  -8.64226452e-01   4.02955474e-01  -2.53122695e-01
   -1.59321148e-01  -4.75930669e-01   3.18733044e-01  -1.42852010e+00
   -2.48988329e-01 
    5.02153732e-01   5.62879408e-01  -3.50047501e-01  -1.09152518e-01
    9.89304057e-01  -2.84961160e-01  -1.42159607e+00   1.03893902e+00
   -2.21615673e+00  -2.40353011e-01  -9.83918297e-01   8.49999537e-02
    1.19124976e+00  -2.21792999e-01   1.63607818e+00   1.93169877e-01
    1.82569313e-01  -7.76557798e-01   2.00383222e+00  -2.10978982e+00
   -1.55579081e+00   3.04148438e-01   4.46891183e-01   2.27655332e-01
   -1.49920827e+00   5.69870660e-01   6.52033980e-01  -4.04421604e+00
    1.28142985e+00  -1.80664278e+00   1.80988988e-02  -1.37115989e+00
    1.12397413e-01 
    6.63893180e-01   6.99139783e-02   2.89491829e+00   9.56998601e-01
   -1.91110960e+00  -1.52282734e+00  -8.76452595e-01  -9.10989487e-01
    1.51141759e+00   1.07533227e+00   4.71521185e-01   4.54136480e-01
   -2.23412474e+00  -5.84171499e-02  -3.40050905e-01  -1.23661241e+00
    2.18856659e+00  -7.01548252e-02  -1.44150165e+00   1.20596780e+00
   -1.35482909e+00  -2.49589152e+00  -1.01877738e+00   1.12379306e+00
    1.23259834e+00   9.16134808e-01  -2.12234972e+00  -5.79611858e-01
    2.05268786e+00  -2.49372770e-01  -2.37460550e+00   8.78617481e-01
   -2.89801375e-01 
   -1.39497842e+00   4.68480989e-01  -1.41918742e+00  -9.11813687e-01
    1.69026363e+00   1.34182546e+00   1.36217894e+00   3.02243337e-01
    3.77616804e-01  -9.11747088e-01   2.53669906e+00  -2.19159927e+00
    4.93725246e-01  -1.12614201e+00  -3.14030992e+00   7.05956010e-02
    3.72778639e+00  -2.76284982e-01   2.07395660e-01  -2.12589506e+00
   -1.10714991e+00   5.07221673e-01   7.58800084e-01  -2.88541753e+00
    5.76871619e-01   6.41625143e-01   4.16063643e-03   2.27283717e-01
   -3.56229125e-01   2.64314539e-01  -1.70822595e+00  -5.09582610e-01
   -1.19044060e-01 
   -1.68444790e+00  -1.17805897e+00  -2.20174725e+00  -5.43277049e-01
    2.53961931e-01  -3.32826752e-01   1.47242877e-01  -1.18916913e+00
   -3.55889914e-01  -2.67332743e+00   1.30505161e+00  -4.00555676e-01
   -2.14716500e-01  -2.33944970e+00   2.59643461e+00  -1.67978979e+00
   -9.33448907e-02  -1.36301191e+00   2.54703903e+00   7.79218655e-03
    1.34185254e+00  -1.27732238e+00  -3.05092080e+00   2.25866664e+00
    2.08262022e+00   1.53428876e+00  -1.52459679e+00  -1.07670944e-01
   -7.04974077e-01  -3.69707075e-01  -1.09066300e+00   1.43763365e+00
   -1.18146619e-01 
   -9.84186886e-01  -2.11628566e-01   7.78564212e-01   7.62831699e-01
    9.57071140e-01  -7.30522940e-01  -3.90687930e-01  -3.54702070e+00
    1.01131769e+00   6.22859506e-02  -8.17860958e-03   4.32571970e-01
   -6.51235218e-01   1.81457464e+00  -8.13050927e-01  -2.08120235e+00
   -1.32047890e+00   5.27969883e-01  -8.99604436e-02  -2.58663807e+00
    4.63609764e+00   3.62174476e-01   1.18328096e-01   3.10625579e-02
    2.11170491e-01   5.66189631e-01  -1.38893746e+00  -1.60901133e+00
   -3.44866347e+00   7.98916190e-01  -2.43935767e-01   2.08151892e-01
    1.12042476e-01 
    7.31865081e-01  -9.37619512e-01   1.82059950e-01  -1.17167550e+00
   -3.49859421e-01  -1.98554800e+00   1.27102115e+00   8.73373084e-01
    3.56370814e-01  -2.13679416e+00  -6.44016518e-01   2.50324127e+00
    3.02321480e+00  -1.47063787e+00  -1.23432680e+00  -3.83030200e+00
   -9.78724968e-01   1.63679984e-01  -2.70798167e-01  -2.73591672e-01
   -7.64230474e-01  -2.28035065e-01  -6.07804105e-01  -6.23485709e-01
   -1.51451344e+00  -1.61323350e+00   1.08158785e+00   1.42571248e-01
    3.83639311e-01   2.68663291e+00   6.79680858e-01   4.96010922e-01
   -3.23132453e-01 
    3.39321575e-02  -6.73596533e-01   2.02141454e+00  -6.96114441e-01
    1.48849143e+00  -1.90790252e-01  -9.18998920e-01  -8.89173717e-02
   -1.73932772e-01   3.87185975e-01  -4.11740343e+00   8.99689805e-02
    2.49501583e-02  -1.54712430e+00  -3.20806629e-01   2.14043847e+00
   -2.28910866e+00  -5.65602647e-01  -2.30031409e+00  -4.04607190e-01
   -2.35233966e+00  -2.18020719e-01  -2.69301819e+00   2.11173080e-01
   -3.93598032e-01   3.25156950e+00   5.17363276e-01   5.36523506e-01
   -1.63762202e+00   8.68600187e-01   1.07061988e+00  -1.56145788e-01
   -8.15664910e-01 
   -1.92798356e+00   2.27722089e+00   1.13204129e+00   1.28402507e+00
   -2.05077631e+00  -3.77362820e-01   1.20771038e+00  -2.23539626e+00
    2.12812584e+00   2.99042332e-01   6.18191924e-01  -1.36008464e+00
    1.17607603e+00  -1.48748691e+00   1.91714428e+00   1.21368608e+00
   -8.18557490e-01  -2.11633772e+00  -4.63438779e-01   5.11588613e-01
   -1.39307613e+00  -1.63257634e+00   2.09834142e+00  -1.37139731e+00
   -1.75089330e+00  -6.12330976e-01   3.83491038e-02   5.85706011e-01
   -1.23068009e+00  -9.15142673e-02   1.47809932e+00  -1.70686143e+00
   -5.33611961e-01 
    7.85630448e-01  -7.86117057e-01  -8.79576312e-01  -1.28237968e+00
   -1.20643647e-01   2.95292611e-01  -9.03107059e-01  -2.23751543e+00
   -2.34662986e+00  -2.46988745e+00  -1.82977456e+00   1.62284896e+00
   -2.48607722e+00  -1.42375808e+00   1.02246407e-01   1.23605387e-01
    7.37818843e-01  -5.04333422e-02  -2.10504526e+00   1.75480875e+00
    1.25939163e+00   1.19306633e+00   6.02874014e-01  -2.58098423e+00
    2.61472956e+00  -4.49882804e-01   1.63815166e+00   3.59918166e-01
    2.24879419e+00   2.70072662e-01   8.25548651e-02  -1.69567446e+00
   -2.00767302e-01 
   -2.33260648e-01  -2.57885484e+00   3.31654246e-01   7.62116741e-01
   -5.84392042e-01   1.09059071e+00  -1.01608202e+00  -2.23204253e+00
   -1.44532165e+00  -4.37136017e-02   1.14930435e+00   1.95636201e-01
   -2.60664735e+00   1.83858234e+00  -4.26009522e-01   1.51438316e-01
    5.70342928e-01  -1.18591135e+00   9.66315015e-01   1.51282654e+00
   -7.22215409e-01  -1.17370238e+00  -1.27388689e+00  -2.59318680e+00
   -1.75136828e+00  -1.67178179e+00   3.25219911e+00   9.29132355e-01
   -1.18635744e+00  -3.52990277e-01   1.54733090e+00   2.37148592e+00
   -4.13699266e-01 
   -1.39044616e+00   4.02216648e+00  -1.17057848e+00  -2.49260041e+00
   -2.01893594e+00  -1.15843310e+00  -1.10538053e+00   1.15938626e-01
    1.07955527e+00  -2.22013798e+00  -2.51303803e+00   1.99442121e-01
   -7.60198115e-01   1.32168751e+00   3.70797438e-02   1.60122453e+00
   -8.01549857e-01  -5.05544898e-01  -1.19637822e-02  -7.88235049e-01
    7.54087641e-01   1.76700414e+00  -5.35981233e-01   9.60922310e-01
    7.43785027e-01  -1.68773719e+00  -1.38217622e+00  -2.19459971e-02
    8.87702815e-01  -8.06814069e-01   1.45322484e+00   1.10337368e+00
   -5.33353827e-01 
   -4.51166681e-01  -8.58942553e-01  -2.49415808e+00  -1.99469414e+00
   -2.01472104e+00   8.50156372e-01   8.47568070e-02  -2.37651338e-01
   -5.78461048e-01   3.13111994e+00   3.07529477e-02   2.07034390e+00
   -1.02897318e+00   1.99919424e-01  -3.96111403e-01  -1.26562025e+00
   -8.29231199e-02  -1.07805253e+00  -3.72662876e-01  -1.33420987e+00
    4.05652949e-01  -4.10599417e-01  -8.69376773e-01  -6.91498992e-01
    4.45660947e-02  -2.12516222e-01  -1.72258302e+00   4.56805659e-01
    1.45967060e+00  -1.16347202e+00   1.87067325e+00  -4.28338409e-01
   -2.10327758e-01 
   -3.27753819e-01  -7.90521945e-01   5.62738767e-01   1.86125492e+00
   -2.19982255e+00   1.16785509e+00  -1.87029231e-01   9.21696493e-01
    9.24233595e-01  -7.18828875e-01  -8.24454930e-01   3.38934351e-02
   -1.64941236e+00  -6.92355875e-01  -2.45318537e+00   1.89906854e+00
   -2.77469204e+00   3.38269830e-01   9.63398837e-01  -7.77155196e-01
    7.16447634e-01  -6.72766254e-01   1.32242258e+00   3.40084608e-01
    3.62104764e-01  -1.99191517e+00   9.08248328e-01  -1.24249435e+00
    1.21887050e-01  -1.01378258e+00  -8.63149087e-01   6.99014924e-01
   -4.30879878e-01 
   -6.16104014e-01   1.91150304e+00   2.15204473e-01  -1.10248038e+00
   -9.81996369e-01  -1.70749005e-01   9.11871647e-01   1.40940623e+00
   -9.06843572e-01   1.58356373e-01  -9.45491796e-01  -6.75225449e-01
    2.16557621e-01   4.15151926e-01   1.71321011e+00  -1.07480730e+00
    4.17639904e-01   2.42907780e-01  -1.23092904e+00   4.22369989e-01
   -6.42132343e-01   9.67274411e-01  -2.71908337e-01  -3.16823898e-01
    8.69811299e-01  -1.26995504e+00  -4.53992707e-01  -3.30926668e-01
   -2.15560162e+00  -1.27576436e-01  -1.71011599e+00  -2.70758919e+00
   -8.92197375e-01 
   -2.43029088e-01  -1.63166207e+00  -2.17771096e+00   1.74866674e+00
    1.35187645e+00   8.87921655e-01  -4.64625672e-01  -4.86950277e-01
    1.74316257e+00   1.23392244e+00   1.59994159e-01   4.24824527e-01
   -2.03744095e-01   2.59933089e-01  -9.59234240e-01  -3.46384933e-01
   -1.68526506e-01  -1.63220483e+00  -8.31128815e-01   1.55906250e+00
   -4.68324527e-01   7.09233198e-01   3.08085072e-01  -1.41571959e+00
   -5.05694966e-01  -1.36046327e+00  -1.57072419e+00  -5.12971026e-01
    1.06335374e+00  -5.07774198e-01  -8.40715371e-01  -5.67470078e-01
   -1.28110103e-01  