NN 16 32 16  -3.54429599 -0.86488034 -0.0782681   0.70993112  2.41701751 -1.01842625
  -1.7309242  -1.86940223  2.80503938 -1.42965612 -0.12059276  0.33200385
   0.88045158 -0.13415049  0.32995046 -0.38822629 -0.7392402  
   0.80392791 -0.51521371 -0.41811448 -0.35045014  1.0372082  -0.38948454
   0.14214226  0.49467314 -2.26414863  0.8423194   1.93298158 -3.60444873
   0.69475806  0.67830821 -1.89407765  1.27878914  0.57337932 
  -0.81759825  0.08458492 -2.52217644  0.89058139  2.54321613 -1.84620576
  -0.42412997 -0.73904676 -0.9305268   0.57099881 -0.04453556  0.21000322
   1.44269369 -0.78255171 -0.2001962   1.8854367   0.15070249 
   1.58086394 -0.87145863 -1.27163712  0.89130384  0.03276839 -1.18355184
   0.90312028 -0.43598141 -1.35625539  0.80168783 -1.49785888  1.65833671
   1.60490098 -1.64236025  1.03955435 -1.89636415 -0.32898022 
  -0.32652532 -1.49259118  1.4979548  -0.96572847 -0.25461883 -0.65108702
   0.00962311 -1.84833222  1.19050583 -0.48367066  0.02718017  1.96574929
   1.63316221  2.08568089 -0.05673667 -1.40868294 -0.68456315 
  -0.40001277  1.26025469  1.69767438 -1.2632495   0.73368352  1.17178637
   1.80737738 -0.19981166 -0.10644996 -0.2459542  -1.85609661  0.49571294
  -0.75016316 -1.31654257 -0.34793762 -0.09304574  0.05804597 
   0.77053695  1.51547009  1.47988061 -1.83059006 -0.05111305  0.05315627
  -1.75813059  1.1923042  -0.58877386  0.53581456  0.74605663  0.30581754
  -0.19369564 -0.38089714 -1.34343291  0.81562832 -0.62710395 
   0.68990689 -1.36237918  1.11426717 -0.46495997  0.57488326  3.83248922
  -1.93273752 -0.14505815  2.19512177  2.12241166  0.4868334  -0.70986174
  -0.66847303 -2.53491549 -1.30203205 -0.10240609 -0.67868049 
   0.342735    2.54834908 -0.99797247 -0.84599768  0.81225427 -1.17706145
  -1.02414194 -0.03664598 -1.57643274  2.32195734  1.24973288 -1.22713655
   0.72963686 -1.70511007  1.26959215 -1.47480365 -0.14074624 
  -1.39512456 -0.17800194 -0.68803676  1.41299008  1.71721834 -0.88815823
   1.28149109 -0.74539241 -0.80878142  1.21243254  0.37777962  1.85901868
  -2.5611506   0.50780881 -0.48144793 -1.2456568   0.33256854 
  -0.58381465  0.57051675  0.05471588 -2.76073417 -1.95845247 -1.35056576
   0.26744721  3.7295095  -1.14886792  0.69702103 -0.70941352  2.83769605
  -0.83512271 -0.28324709 -0.03895905  0.04550054 -0.58027049 
   2.64089472 -0.83646613  0.36994952  1.90550036  1.38135683 -0.62699898
  -1.27304029  0.72951939  0.22070623 -1.08294613  0.34475816 -0.51304406
  -2.87248191  0.36698556  0.9200826  -0.82239133 -0.15584649 
  -0.20561373 -1.92935918  1.21252264 -0.04474419 -0.11536245  0.45471697
  -3.39713529  0.09156803 -1.78192976  0.94432162  2.93952153  0.20463
  -0.3748118   1.25866911 -0.58953009 -0.60039489 -1.17376939 
  -0.3967932   0.24712354 -0.65807096  0.12649626  2.08187896 -1.94651417
   0.86678392  0.66404957  1.05874597  1.61954935 -2.15151188 -1.59171035
  -0.94157095  0.38216051 -0.38958032 -0.09213646 -0.12228044 
   1.42751434 -1.77988975  0.5392869   2.72934049 -2.08769659  0.85655188
   0.48672274 -0.92135229 -1.56972447 -0.22700095 -0.35580739 -0.37829887
   0.79085646  2.27647784 -1.98605428 -0.14658007  0.56243599 
   1.38302091 -0.79511765 -0.30121251  0.03934196 -0.26009218 -0.18566897
   3.04949705 -2.82729289 -1.38092912 -0.84699468 -0.39569104 -0.8443803
   1.37334533 -1.82709738  0.82487414  0.44245286  0.49660882 
   1.25987189  0.81483512 -2.95729164 -3.9180046   0.95439836 -0.04327922
   1.02830407  1.4443456   0.74404795  0.25219654 -0.8554842  -0.95642656
  -0.2575498   1.79108768 -0.49660957  1.0575049   0.23171179 
  -1.42445761  0.26839831 -0.11122535  0.19234398  0.76764319 -1.35131672
   0.08681575  0.20768831  1.46521747 -0.87266916  1.04198919  0.00897446
   0.8285281  -0.94176663 -0.59540794  1.12442469 -0.60279677 
  -0.13535671 -2.19812493  2.02757969 -0.21301201 -2.35112236  0.27299826
  -0.25484074  1.51149674  0.2599489   1.62420107 -1.67375625 -0.39883631
   0.65549376 -1.18776511  0.57788866  0.61438236  0.09345707 
  -1.40390298  0.54361139 -0.94423655  1.99195835 -0.69130557  1.75692808
   0.95817551 -1.55812813 -0.28476592 -1.71685069 -0.71603755  0.71163439
   1.78824579  0.25771009 -0.18527275 -1.98737584  0.40017365 
  -0.07362404  2.51682791  1.05012839 -0.37798121 -0.27994232 -4.45660943
   1.28102381  3.31011681  1.43956545 -1.94109583  0.76030294 -0.12280154
  -0.51081813 -0.62467958  0.69438305 -0.20866706 -0.23425586 
  -2.48481085  0.82296929  1.86839567 -0.1453341   1.64746002 -0.99863274
  -0.88212544 -0.46347117  2.09915745 -1.28516341  0.13876216 -1.78914235
   0.56586066  0.50756673 -1.09419078 -0.39586597  0.6367996  
  -0.34475818 -0.47776358  0.52641471 -0.87227555  2.25252442 -1.33496158
   0.13729182  2.27581827 -2.52789532 -0.74087017  1.16164433  0.82713029
   0.52755175 -0.66636077 -0.33758864 -0.85881876 -0.26687556 
  -1.95128109  0.30285968 -1.37824526  2.0925782  -1.04635763  0.87002372
   0.77941397 -0.5823932   1.06087781  1.49402106  1.43238353 -1.89758062
   0.71295572 -1.41726544  0.44757434 -0.30507585 -0.70869753 
   1.61170706  1.61915296 -2.05891904 -0.80254872 -3.37974811 -1.1216232
   0.93010679  0.54689245  1.27239762 -2.3054633   1.88006517 -0.21483993
   0.35799969 -0.35168959 -0.82773167  0.01767291 -0.23085279 
   1.71691567  0.15467892 -1.64793653 -0.15947963 -1.03998062 -0.43802098
   2.67295773 -2.89471503 -0.01896648 -0.29237458  0.31393391  0.94995163
  -0.16520666  1.28693805  0.83410955  0.98961579 -0.56948015 
  -0.69562808 -0.67220006  1.90311676 -0.35728611  1.54526184  1.78718578
  -2.97498432  0.15148701  0.22550391 -0.95858544 -2.9734412   0.19951205
   1.70079762 -1.31752499 -0.03568468  2.84340934 -0.25035937 
  -0.9053529   2.55852382  1.37263767 -0.02124013 -1.2015899   2.02361244
  -0.46429862 -0.05567597 -1.0166278  -2.00139556 -0.2783724  -0.12934412
  -0.90730076  0.58652835 -0.03588973  0.74012607 -0.46789965 
  -0.41234703 -1.19910687 -1.03820414  0.14852221  0.13198548  2.37870892
  -0.7506856   0.7714464   0.27405331 -2.55653332  1.29310804 -0.30974052
  -1.39037327  0.07203276  2.87533265 -1.38815008  0.58559014 
  -0.22761071  2.00337045  0.36023046 -0.74377268  0.79516215 -1.48678558
  -2.24464877 -1.50116921 -0.45291637 -0.80743298 -0.1735487   0.89107756
   0.62745087  0.49264646  0.07739108  1.00134974 -0.03296314 
  -1.05058819  0.11821331  2.59311999  1.46879404  1.09745057  0.21536838
  -1.85527917 -1.18274576 -0.61369388  0.83674086 -1.82630793 -1.32508444
  -1.62037004  1.48495087  1.55978147  1.14122258  0.32161699 
   1.37947241  0.92684042 -1.05011666 -0.2762258  -0.78833518 -0.30523126
  -0.54596846 -0.38891094  1.66771295  1.48132958 -2.13985731 -1.82685995
  -0.43051948 -1.61140937  2.38151977  0.77143412 -0.50893061      3.38338922e+00  -7.71909572e-01   3.41403631e-01  -2.00725924e+00
   -8.17835604e-01   1.17227110e+00  -6.86417345e-01  -9.76034331e-01
    6.17175211e-01   8.99208931e-01   2.99415513e-01  -2.95876106e+00
   -8.12635888e-01   3.49173246e-01   7.66727330e-01  -1.66776176e+00
   -1.71727868e-01   2.17916600e-01   2.33814295e-01   2.59390397e-01
   -2.06986815e-01   2.13486302e+00   6.08315276e-01   1.97842119e+00
   -1.64564733e+00  -8.63720886e-01   3.92909831e-01  -2.28275954e-01
   -1.23612928e-01  -4.08609377e-01   3.00768593e-01  -1.42792089e+00
   -1.85201133e-01 
    7.10868225e-01   4.51922317e-01  -2.79722463e-01  -1.51630187e-01
    9.98408999e-01  -3.27772426e-01  -1.40127554e+00   1.05333642e+00
   -2.25705108e+00  -2.38535200e-01  -9.67354894e-01   5.24542822e-02
    1.31188615e+00  -3.71821474e-01   1.55943632e+00   1.33325107e-01
    4.46627449e-02  -7.90351657e-01   1.99650954e+00  -2.13975022e+00
   -1.45468449e+00   3.55409190e-01   4.64963610e-01   1.16854845e-01
   -1.30531694e+00   5.51145002e-01   7.62153700e-01  -4.13155164e+00
    1.32261895e+00  -1.69329134e+00  -2.23929541e-02  -1.42716362e+00
    1.08851992e-01 
    6.88368716e-01   2.06587365e-02   2.83337073e+00   9.33133757e-01
   -1.93234578e+00  -1.61252052e+00  -9.16772688e-01  -9.02722536e-01
    1.50776962e+00   1.06894905e+00   3.67963877e-01   4.17604816e-01
   -2.30148985e+00   2.22473903e-02  -4.58411619e-01  -1.30935393e+00
    2.12936788e+00  -1.14121090e-02  -1.42805005e+00   1.17950961e+00
   -1.39654695e+00  -2.45925101e+00  -1.22128466e+00   1.26073378e+00
    1.16873061e+00   8.36867250e-01  -2.24298048e+00  -5.50999047e-01
    1.92110179e+00  -3.12734326e-01  -2.32578212e+00   8.32352546e-01
   -3.81065490e-01 
   -1.32922798e+00   5.32973332e-01  -1.34225494e+00  -9.08437661e-01
    1.74610887e+00   1.40616473e+00   1.42035307e+00   2.18020992e-01
    5.15095070e-01  -8.76910865e-01   2.59312852e+00  -2.13118708e+00
    5.66113884e-01  -1.06949618e+00  -3.20514894e+00   7.95569877e-02
    3.76926668e+00  -2.01533944e-01   2.35490160e-01  -2.15318774e+00
   -9.52220951e-01   5.90938329e-01   8.63915423e-01  -2.89942984e+00
    4.79832466e-01   5.66339446e-01   9.92858525e-02   2.23534048e-01
   -3.33151124e-01   3.40562989e-01  -1.59994347e+00  -5.28008478e-01
   -7.17177212e-02 
   -1.73404753e+00  -1.13343157e+00  -2.20712436e+00  -5.09818093e-01
    1.92604124e-01  -3.75565051e-01   2.28457563e-01  -1.12057607e+00
   -2.35416354e-01  -2.85501309e+00   1.35798039e+00  -4.45835500e-01
   -1.69992838e-01  -2.40091536e+00   2.60111822e+00  -1.74564422e+00
   -1.44126425e-01  -1.42442366e+00   2.52583087e+00  -5.08460698e-02
    1.32291650e+00  -1.36863040e+00  -3.03573076e+00   2.16877397e+00
    2.05106443e+00   1.41376010e+00  -1.44260273e+00  -1.59355736e-01
   -7.18040619e-01  -2.80427454e-01  -1.16366894e+00   1.47175354e+00
   -1.79409774e-01 
   -1.08122969e+00  -3.16344072e-01   6.46138571e-01   6.83164101e-01
    1.02945886e+00  -6.78225264e-01  -4.10024615e-01  -3.49657462e+00
    1.00308646e+00   5.17947876e-02  -1.15199388e-01   3.65396436e-01
   -6.87871064e-01   1.89654051e+00  -8.57769142e-01  -2.06297109e+00
   -1.33010360e+00   5.05137001e-01  -3.47907542e-03  -2.59122314e+00
    4.55239786e+00   3.27427013e-01  -1.23820866e-02   3.84640500e-02
    1.00807373e-01   5.68052852e-01  -1.38142949e+00  -1.65975790e+00
   -3.64599704e+00   7.61095348e-01  -1.93870419e-01   2.47266874e-01
    5.74899520e-02 
    7.19635540e-01  -8.94730419e-01   1.45609839e-01  -1.15085251e+00
   -3.58517527e-01  -2.07124236e+00   1.20671233e+00   7.53729044e-01
    2.82998038e-01  -2.10342339e+00  -5.45856685e-01   2.55127956e+00
    3.12392366e+00  -1.59291028e+00  -1.09204098e+00  -3.84995997e+00
   -9.72669223e-01   7.90253584e-02  -2.54453189e-01  -3.06919985e-01
   -8.10940230e-01  -2.77147994e-01  -3.99326108e-01  -6.83325440e-01
   -1.45570341e+00  -1.64380696e+00   1.11394905e+00   1.81349524e-01
    5.40313228e-01   2.64826867e+00   6.25951461e-01   3.22526823e-01
   -3.46040393e-01 
    8.70183319e-03  -7.32261217e-01   2.02174570e+00  -6.24572439e-01
    1.54964397e+00  -1.98602572e-01  -8.35480548e-01  -3.20319564e-02
   -2.09158668e-01   3.90025304e-01  -4.16506300e+00   9.03957578e-02
    2.29597231e-02  -1.60650387e+00  -4.06045633e-01   2.13531443e+00
   -2.30174424e+00  -5.08146705e-01  -2.29944723e+00  -3.72803102e-01
   -2.36263775e+00  -2.18528229e-01  -2.72944927e+00   1.16123018e-01
   -3.97981833e-01   3.28403278e+00   5.72672047e-01   5.86586935e-01
   -1.57669033e+00   8.91347194e-01   1.02583102e+00  -1.57048226e-01
   -8.09814191e-01 
   -2.03801356e+00   2.26116807e+00   1.08159717e+00   1.32610340e+00
   -2.07700247e+00  -3.10622837e-01   1.18576665e+00  -2.26798593e+00
    2.10848708e+00   3.15145244e-01   6.71565851e-01  -1.41774023e+00
    1.14363986e+00  -1.43252160e+00   1.91351629e+00   1.21267947e+00
   -8.09323465e-01  -2.21206778e+00  -4.08603267e-01   4.87233860e-01
   -1.41852819e+00  -1.67448838e+00   2.04042320e+00  -1.35200696e+00
   -1.78332315e+00  -5.86951566e-01   3.12357542e-02   5.34141464e-01
   -1.29133976e+00  -1.74555765e-01   1.47135652e+00  -1.73026355e+00
   -5.52950577e-01 
    8.54783327e-01  -8.32014010e-01  -8.36909150e-01  -1.26751472e+00
   -1.06172983e-01   2.44872000e-01  -8.78337960e-01  -2.31064766e+00
   -2.33190795e+00  -2.45031017e+00  -1.78176876e+00   1.63622353e+00
   -2.46302143e+00  -1.44107546e+00   1.34383640e-01   1.14542263e-01
    6.65340362e-01  -1.25637144e-02  -2.11939622e+00   1.76134275e+00
    1.27535600e+00   1.16889932e+00   6.70029275e-01  -2.63794193e+00
    2.62791679e+00  -5.41588241e-01   1.71630662e+00   3.91502963e-01
    2.26883813e+00   3.47564686e-01   6.04713606e-02  -1.72851015e+00
   -2.23810643e-01 
   -1.96300068e-01  -2.68676033e+00   2.87905515e-01   7.74478587e-01
   -5.70924986e-01   1.13793694e+00  -1.08817846e+00  -2.27447834e+00
   -1.54073628e+00  -5.45173126e-02   1.11251702e+00   1.12747720e-01
   -2.63689445e+00   1.77333843e+00  -4.12588341e-01   2.07097769e-01
    5.29638246e-01  -1.19171199e+00   9.15066426e-01   1.60514420e+00
   -7.75379327e-01  -1.22995307e+00  -1.31527767e+00  -2.60719551e+00
   -1.72163470e+00  -1.64362826e+00   3.25462536e+00   9.86905755e-01
   -1.16626172e+00  -3.73550718e-01   1.51037107e+00   2.34637670e+00
   -4.60075137e-01 
   -1.38344837e+00   4.04543289e+00  -1.22308032e+00  -2.51165887e+00
   -2.03819984e+00  -1.21499251e+00  -1.13208254e+00   5.63541721e-02
    1.04467413e+00  -2.25837485e+00  -2.53869106e+00   2.30695130e-01
   -7.64905499e-01   1.28047511e+00  -4.95318869e-02   1.57437781e+00
   -8.30234609e-01  -5.13371103e-01  -6.05052674e-02  -8.40934375e-01
    7.66465954e-01   1.75495469e+00  -5.84286788e-01   8.99701457e-01
    7.54127057e-01  -1.69213883e+00  -1.45125372e+00  -7.60046578e-02
    9.26540744e-01  -8.31308506e-01   1.41124695e+00   1.08724345e+00
   -5.98244303e-01 
   -4.40792536e-01  -9.03695939e-01  -2.48959919e+00  -2.00417287e+00
   -1.99903974e+00   8.64842741e-01   4.63900255e-02  -2.18071036e-01
   -6.00178492e-01   3.22099416e+00   4.01562994e-02   2.08765806e+00
   -1.03041130e+00   2.27606099e-01  -4.12186457e-01  -1.27119403e+00
   -7.48633985e-02  -1.07331206e+00  -3.80054603e-01  -1.35510491e+00
    3.86268894e-01  -4.14418494e-01  -8.79793709e-01  -6.85963633e-01
    4.04944203e-02  -1.71755971e-01  -1.75441716e+00   4.46360675e-01
    1.49092771e+00  -1.18015468e+00   1.89788861e+00  -4.36491710e-01
   -2.00308119e-01 
   -3.35735097e-01  -7.73988913e-01   5.68190380e-01   1.88047728e+00
   -2.22272647e+00   1.18957668e+00  -1.86305508e-01   9.30593757e-01
    9.33651451e-01  -7.23247816e-01  -8.29461691e-01   4.70909334e-02
   -1.65919555e+00  -6.88874811e-01  -2.46045561e+00   1.93240594e+00
   -2.78581299e+00   3.54263844e-01   9.74623299e-01  -7.83383337e-01
    7.39426399e-01  -6.65778780e-01   1.33934476e+00   3.54251364e-01
    3.65298059e-01  -1.98829377e+00   9.06960102e-01  -1.24732991e+00
    1.21197884e-01  -1.02407712e+00  -8.63703863e-01   7.18424357e-01
   -4.25608209e-01 
   -5.91339455e-01   1.98087859e+00   3.05956045e-01  -1.05377272e+00
   -9.23913735e-01  -1.68390691e-01   9.33102327e-01   1.43555635e+00
   -9.14338449e-01   2.32030695e-01  -9.06001867e-01  -6.60577460e-01
    2.16449398e-01   4.39067435e-01   1.81603948e+00  -1.07219598e+00
    4.85069758e-01   3.12293127e-01  -1.17915178e+00   4.49192286e-01
   -5.90069367e-01   9.97525745e-01  -2.69191348e-01  -2.31538512e-01
    9.52006325e-01  -1.19560716e+00  -4.45965014e-01  -3.24308779e-01
   -2.20294506e+00  -1.11913789e-01  -1.71216356e+00  -2.72955126e+00
   -8.12789668e-01 
   -2.64220787e-01  -1.65070600e+00  -2.21424675e+00   1.73919095e+00
    1.28968281e+00   8.65931062e-01  -4.90105199e-01  -5.19701298e-01
    1.73590307e+00   1.20617603e+00   1.32414158e-01   4.06508634e-01
   -2.12875027e-01   2.44565711e-01  -9.89048834e-01  -3.77825703e-01
   -2.13614173e-01  -1.68115556e+00  -8.73073156e-01   1.54629577e+00
   -5.09361669e-01   6.80777624e-01   2.99239142e-01  -1.45312833e+00
   -5.26709056e-01  -1.42315077e+00  -1.60240324e+00  -5.35110873e-01
    1.03699706e+00  -5.43109315e-01  -8.69058803e-01  -5.85729699e-01
   -1.97827069e-01  