NN 16 32 16   -2.92157853e+00  -6.34391897e-01  -4.04144719e-01   7.42986104e-01
    1.63628780e+00  -8.08926062e-01  -1.17210933e+00  -1.40039921e+00
    2.32526780e+00  -1.26283580e+00   1.54096764e-02   6.75162267e-01
    6.97620267e-01  -1.15218089e-01   2.94706363e-01  -2.52108030e-01
   -6.46554910e-01 
    3.31855300e-01  -1.98257290e-01  -3.58061481e-01  -4.87735334e-01
    9.64397875e-01  -2.54082245e-01   1.58867400e-02   4.57089327e-01
   -2.03706042e+00   6.56698889e-01   1.71873136e+00  -3.00078940e+00
    5.29487993e-01   6.23282101e-01  -1.48669268e+00   1.12646980e+00
    4.79036534e-01 
   -3.61115764e-01  -1.08457071e-01  -2.31505968e+00   1.02819456e+00
    2.16323097e+00  -1.47413237e+00  -5.70317658e-01  -6.96146493e-01
   -9.85296275e-01   2.31188478e-01   3.04782469e-01   1.45992057e-01
    1.46072227e+00  -8.80917812e-01  -7.35459400e-02   1.40502139e+00
    1.54835603e-01 
    1.48245033e+00  -7.36566585e-01  -8.20084198e-01   6.55774542e-01
   -2.12854493e-01  -9.29277755e-01   1.06944874e+00  -1.29310217e-01
   -1.18214771e+00   8.49480855e-01  -1.15184884e+00   1.47971121e+00
    1.49264732e+00  -1.58531884e+00   8.76482954e-01  -1.59812806e+00
   -3.76949789e-01 
   -1.46991937e-01  -1.34555760e+00   1.12593604e+00  -9.51197318e-01
   -3.72706053e-01  -7.28103065e-01  -8.41726564e-02  -1.56731299e+00
    1.25789346e+00  -1.86755463e-01  -2.95497095e-01   1.59600385e+00
    1.51307198e+00   1.81566600e+00   6.72057128e-02  -1.36952645e+00
   -7.47610858e-01 
   -3.01463224e-01   9.62327379e-01   1.14361866e+00  -1.15243811e+00
    3.79919062e-01   1.02842563e+00   1.28528244e+00   2.28573280e-02
    6.98922703e-03  -3.44224774e-01  -1.25226703e+00   5.65171132e-01
   -6.98090971e-01  -1.20699045e+00  -2.56461220e-01  -2.04419570e-01
   -9.47583785e-02 
    4.75564348e-01   1.42540476e+00   1.13334487e+00  -1.45551292e+00
   -1.55717914e-01  -9.33776506e-02  -1.62427821e+00   9.11882734e-01
   -5.52345012e-01   4.60941599e-01   7.48612810e-01   4.89461594e-01
   -1.98542734e-01  -3.46097806e-01  -1.13002335e+00   7.97717897e-01
   -5.46406105e-01 
    7.48298914e-01  -1.32738525e+00   9.94416558e-01  -5.01047743e-01
    8.18990740e-01   3.33853500e+00  -1.61737782e+00  -2.08605320e-02
    1.95242703e+00   2.00953164e+00   5.41047194e-01  -7.07319615e-01
   -6.36444794e-01  -2.06774123e+00  -1.04995341e+00   2.77740284e-02
   -6.64705751e-01 
    3.44542278e-01   2.20599609e+00  -8.58672704e-01  -4.87281892e-01
    7.80660145e-01  -1.17078808e+00  -7.08223567e-01  -1.81542100e-01
   -1.53342187e+00   2.14120320e+00   1.09549165e+00  -8.63717540e-01
    5.08741819e-01  -1.62234693e+00   1.00513946e+00  -1.16260747e+00
   -1.25840858e-01 
   -1.38569377e+00  -1.99633749e-02  -8.25445560e-01   9.87809540e-01
    1.74665287e+00  -6.52736066e-01   1.18490392e+00  -6.66154425e-01
   -7.45428211e-01   1.33039528e+00   1.17873770e-01   1.65542477e+00
   -2.35040127e+00   4.71798252e-01  -2.96509907e-01  -1.19594603e+00
    1.65795999e-01 
   -5.20702602e-01   4.87285697e-01  -1.02770966e-01  -2.51543395e+00
   -1.96115365e+00  -1.03890382e+00   4.19081583e-01   3.40542460e+00
   -8.11752252e-01   6.47027758e-01  -8.52805777e-01   2.18670633e+00
   -6.12952981e-01  -8.35012184e-02   5.18992673e-03   5.70247534e-02
   -5.82106006e-01 
    2.35513779e+00  -8.51450336e-01   4.77705115e-01   1.66039030e+00
    1.31208632e+00  -3.39071588e-01  -1.48463661e+00   6.20123859e-01
    2.20520175e-01  -8.72765026e-01  -1.67057352e-01  -5.51221164e-01
   -2.29325133e+00   2.78576725e-01   8.09344949e-01  -4.97981336e-01
    4.50635260e-04 
    1.00912567e-01  -1.42017367e+00   9.24200198e-01  -1.77394941e-01
    1.89670690e-01   2.57317113e-02  -2.96058056e+00   2.47960270e-01
   -1.74902146e+00   8.30391422e-01   2.60429088e+00   3.56704247e-01
   -2.64779389e-01   1.03802447e+00  -4.67655300e-01  -4.13505890e-01
   -9.97544675e-01 
   -3.11859667e-01  -6.11825651e-02  -7.10709407e-01   2.35925493e-01
    1.83310369e+00  -1.69875945e+00   7.42158233e-01   4.96813804e-01
    8.31077902e-01   1.56203970e+00  -1.96183929e+00  -1.77592105e+00
   -6.41702795e-01   6.05426899e-01  -3.68752564e-01  -1.63874247e-01
   -8.40578046e-02 
    8.96897163e-01  -1.99559393e+00   2.71349880e-01   2.47555445e+00
   -1.83978360e+00   9.41131115e-01   4.05346849e-01  -4.12022975e-01
   -1.58924032e+00  -1.08505913e-01  -3.55999508e-01  -5.38171860e-01
    6.57097399e-01   2.16324235e+00  -1.62498285e+00  -3.02947620e-02
    5.66587000e-01 
    1.08112588e+00  -9.45290347e-01  -2.15073634e-02   7.81900446e-02
   -1.51767257e-01   2.73523000e-01   2.92924076e+00  -2.61717073e+00
   -1.38981711e+00  -6.44813593e-01  -3.34628139e-01  -8.89502063e-01
    1.42525711e+00  -1.63480585e+00   4.90858883e-01   5.37140964e-02
    3.84540113e-01 
    1.52234225e+00   4.21214237e-01  -2.76485264e+00  -3.44803491e+00
    4.21034995e-01   1.76628647e-01   1.04895859e+00   1.58353075e+00
    5.26951728e-01  -1.90440197e-01  -1.09560772e+00  -6.65721956e-01
   -2.71002318e-01   1.84612281e+00  -5.45659496e-01   8.12670676e-01
    8.19866057e-02 
   -1.34348759e+00   2.30729809e-01   8.16849974e-03   1.20730981e-01
    7.25065596e-01  -8.65655541e-01  -1.19021534e-01   4.05371623e-02
    1.26587288e+00  -6.37667890e-01   8.01472997e-01  -2.00055687e-01
    7.12651974e-01  -7.30688980e-01  -4.45094636e-01   9.75244133e-01
   -5.04202236e-01 
   -5.19260966e-02  -1.84292997e+00   1.68966168e+00  -1.78911539e-01
   -2.05774197e+00   4.22630051e-01  -6.94721184e-02   1.37917911e+00
    4.43999982e-01   1.63706634e+00  -1.70082677e+00  -7.06687679e-01
    4.62407798e-01  -9.75062522e-01   5.38895945e-01   5.73304519e-01
    1.10189578e-01 
   -1.25057826e+00   5.25746494e-01  -1.03299555e+00   1.72418265e+00
   -6.80191080e-01   1.83465807e+00   6.27021219e-01  -1.30273878e+00
   -2.70181183e-01  -1.71600374e+00  -7.60875102e-01   6.42187617e-01
    1.56185151e+00   3.42117518e-01  -2.08818025e-01  -1.61154271e+00
    3.63060776e-01 
    1.53129434e-01   2.21226003e+00   1.03893559e+00  -5.13580638e-02
   -4.43131234e-01  -3.77473385e+00   1.01338276e+00   2.91140295e+00
    1.17066112e+00  -1.49694849e+00   5.75314157e-01  -8.10350230e-01
   -6.15508966e-01  -4.21059944e-01   4.68782478e-01   4.42802997e-02
   -1.80058071e-01 
   -2.36394054e+00   7.13607429e-01   1.55406425e+00  -3.88174757e-01
    1.56173760e+00  -1.06707158e+00  -4.10492885e-01  -4.88292920e-01
    1.76464268e+00  -1.17900790e+00   1.75453988e-01  -1.75910374e+00
    5.31250673e-01   6.14644241e-01  -1.04330554e+00  -2.35493921e-01
    6.16428861e-01 
   -6.11635801e-01  -4.97417463e-01   5.46650118e-01  -9.70728307e-01
    1.92677470e+00  -1.50906727e+00   1.27089591e-01   2.05865047e+00
   -2.22451309e+00  -5.97039749e-01   8.58619078e-01   5.19132620e-01
    5.28265473e-01  -7.18949133e-01  -3.93468909e-01  -5.39962303e-01
   -3.65379593e-01 
   -1.53454758e+00   7.18336500e-02  -1.20587322e+00   1.80031684e+00
   -9.39670283e-01   9.61451778e-01   6.14087112e-01  -8.51437161e-01
    1.32040985e+00   1.51865164e+00   1.45277303e+00  -1.68520349e+00
    6.20087378e-01  -1.19006318e+00   4.08240570e-01  -9.54978446e-02
   -5.85842170e-01 
    1.56452893e+00   1.43498168e+00  -1.64372705e+00  -5.63209367e-01
   -2.95105012e+00  -8.74096223e-01   7.45316026e-01   5.07751715e-01
    1.10865436e+00  -2.49511534e+00   2.06999611e+00  -5.29025280e-02
    1.68320704e-01  -1.88560570e-01  -7.03305086e-01   6.30371463e-02
   -1.80137348e-01 
    1.32079986e+00  -4.22933147e-03  -1.36142897e+00  -3.36784047e-01
   -1.03388221e+00  -3.28266626e-01   2.12953548e+00  -2.91673503e+00
   -2.64238653e-02  -3.98003725e-01   4.90189634e-01   1.15287774e+00
   -1.43608473e-01   1.20832605e+00   9.14615319e-01   5.09746100e-01
   -6.53651275e-01 
   -8.40576072e-01  -6.53229123e-01   1.69269694e+00  -1.95560217e-01
    1.34277773e+00   1.45795664e+00  -2.33001140e+00  -1.69426297e-01
    3.16340508e-01  -6.07126669e-01  -2.59111898e+00   3.50539847e-01
    1.52020457e+00  -1.05917661e+00   1.86802729e-01   2.24217844e+00
   -1.39035141e-01 
   -8.51424901e-01   2.28238047e+00   1.17695377e+00   3.32189524e-02
   -8.56613958e-01   2.13966891e+00  -2.29817426e-01  -2.84641682e-01
   -1.08557511e+00  -1.47039575e+00  -4.61960436e-01  -2.95428940e-01
   -8.50204016e-01   5.28181664e-01  -8.85384678e-02   5.31966851e-01
   -4.12046075e-01 
   -3.94448723e-01  -1.38164751e+00  -8.15416854e-01   5.21484980e-02
    7.26727193e-01   2.25077516e+00  -7.62038162e-01   6.31354790e-01
    4.83205276e-01  -2.03765332e+00   1.09600225e+00  -1.53290663e-01
   -1.26360003e+00   9.33629320e-02   2.15932976e+00  -1.16401229e+00
    3.90233873e-01 
   -3.84462970e-01   1.67322353e+00   5.71550109e-01  -6.06816148e-01
    6.19112923e-01  -1.22283981e+00  -2.08968784e+00  -1.44265829e+00
   -4.45416622e-02  -5.99717476e-01  -3.55827169e-02   7.40522622e-01
    5.80445380e-01   3.44322316e-01   3.73415955e-02   8.95498683e-01
    9.79331888e-02 
   -1.26772306e+00   1.09188603e-01   2.28027118e+00   1.35923584e+00
    1.16697579e+00   2.58730440e-01  -1.34355413e+00  -9.75735667e-01
   -5.56653096e-01   7.69117603e-01  -1.77436629e+00  -1.30369601e+00
   -1.33192043e+00   1.15703395e+00   1.14690895e+00   8.55237877e-01
    3.04123899e-01 
    1.19965636e+00   9.30830507e-01  -9.24775325e-01  -3.38372533e-01
   -7.57285373e-01  -2.11887188e-01  -8.19184395e-01  -1.78603973e-01
    1.45593799e+00   1.26362926e+00  -1.76961985e+00  -1.42704942e+00
   -3.53340365e-01  -1.44073129e+00   2.14407759e+00   5.03622772e-01
   -4.74106663e-01      2.87166357e+00  -6.46459091e-01  -1.86029812e-02  -1.79710653e+00
   -6.73517396e-01   6.31969221e-01  -3.72658284e-01  -8.54082290e-01
    6.19539118e-01   1.12257669e+00   5.29906196e-01  -2.56793851e+00
   -9.87120597e-01   2.52423600e-01   5.14493999e-01  -1.59684140e+00
   -4.34150858e-01   3.29307347e-01   2.18589054e-01   6.15755650e-01
   -2.36204338e-01   2.43739354e+00   3.72457418e-01   1.97697751e+00
   -2.17137692e+00  -1.04762640e+00   4.91452936e-01  -1.06312556e-01
   -2.44802965e-01  -4.31378957e-01   6.68610601e-01  -1.59837913e+00
   -2.66396822e-01 
    5.00665357e-01   2.97559178e-01  -4.16656735e-01   1.27317652e-01
    1.03476620e+00  -3.52201275e-01  -1.33902941e+00   9.99936514e-01
   -2.25058200e+00  -4.15504694e-01  -9.08224674e-01   3.09029371e-01
    1.34773925e+00  -1.16361838e-02   1.81553627e+00   3.09453324e-01
    1.32568879e-01  -6.77375932e-01   1.80814459e+00  -2.02131228e+00
   -1.59026097e+00   3.24776773e-01   1.89943398e-01   2.31440850e-01
   -1.55536411e+00   4.23017572e-01   7.45344881e-01  -3.61568027e+00
    1.23888721e+00  -1.54719529e+00   6.14212927e-02  -1.22506159e+00
    8.87961292e-02 
    8.79753181e-01  -6.40568334e-03   2.62926441e+00   5.85642223e-01
   -1.85959009e+00  -1.11488449e+00  -1.01723035e+00  -8.36134762e-01
    1.46912554e+00   1.13037878e+00   2.20183020e-01  -4.12500869e-02
   -1.94347029e+00   1.36283058e-01  -3.84001615e-01  -1.24465671e+00
    2.08101302e+00  -1.86695934e-01  -1.41290796e+00   1.19083694e+00
   -1.42647518e+00  -2.14686162e+00  -1.15118435e+00   1.26511709e+00
    1.23281091e+00   1.12818050e+00  -1.94210937e+00  -8.19666685e-01
    1.72171757e+00  -4.13133972e-01  -2.55655181e+00   7.50429464e-01
   -4.06398672e-01 
   -1.04553993e+00   7.69857022e-01  -1.28405803e+00  -9.06651725e-01
    1.42760135e+00   1.15754881e+00   1.27475347e+00   3.47056142e-01
    3.39113721e-01  -8.53964400e-01   2.25388045e+00  -2.36794688e+00
    6.41052398e-01  -1.00414824e+00  -3.06550827e+00   2.49553657e-03
    3.69168540e+00  -2.75556953e-01   6.78248349e-01  -1.85221936e+00
   -1.10110748e+00   7.11313053e-01   9.28237466e-01  -2.62046572e+00
    3.01749594e-01   5.09153864e-01   1.58802943e-01   1.49425162e-01
   -2.16490131e-01   3.18169057e-01  -1.77619195e+00  -4.14155330e-01
   -9.62143351e-02 
   -1.37156442e+00  -1.06611278e+00  -1.95335182e+00  -1.79406968e-01
    2.77268233e-01  -2.66189468e-01   2.29854699e-01  -1.20822706e+00
   -4.33000941e-01  -2.60839867e+00   1.23696934e+00  -2.53419985e-01
   -3.10625865e-01  -2.30729754e+00   2.50377253e+00  -1.27392551e+00
    3.03378478e-02  -1.37382622e+00   2.61622695e+00   1.66562037e-01
    1.32130950e+00  -1.29753843e+00  -2.79994713e+00   2.03883491e+00
    1.96266083e+00   1.54634756e+00  -1.51777198e+00  -3.40835905e-01
   -1.04475603e+00  -6.29749794e-01  -9.64565360e-01   1.15453119e+00
   -1.07943981e-01 
   -4.68197332e-01  -7.43472667e-02   7.05623327e-01   9.02349028e-01
    8.73417801e-01  -6.44209087e-01  -3.57532300e-01  -3.42968411e+00
    9.12374639e-01   4.45185509e-02   4.42409308e-03  -1.15851256e-01
   -5.47328951e-01   1.85121624e+00  -8.69654316e-01  -1.79558582e+00
   -1.12450276e+00   2.90861438e-01  -2.10643858e-01  -2.72722039e+00
    4.31672163e+00   4.17142029e-01   4.35478940e-01   9.61571267e-02
   -7.28794156e-02   5.45255100e-01  -1.62503556e+00  -1.45215020e+00
   -3.33837983e+00   6.30872971e-01  -2.43957652e-01  -6.07429866e-02
    5.75417088e-02 
    6.27632558e-01  -5.57732772e-01   3.95906477e-01  -1.21216371e+00
   -4.81750074e-01  -1.43448504e+00   1.40119087e+00   8.41545247e-01
    1.19790597e-01  -2.20407054e+00  -5.45254367e-01   2.09491398e+00
    3.20006208e+00  -1.52436100e+00  -1.24725615e+00  -3.67059321e+00
   -9.52780232e-01   2.37338545e-01  -4.91737499e-01   2.70223506e-01
   -7.60669847e-01  -3.58768653e-01  -3.92649932e-01  -5.89893903e-01
   -1.69568497e+00  -1.51761398e+00   1.23672001e+00   3.41778630e-01
    2.77087629e-01   2.71452875e+00   5.46212470e-01   7.41455030e-01
   -2.30019882e-01 
    2.01191335e-01  -9.64679706e-01   1.86229717e+00  -5.59564452e-01
    1.42420188e+00  -9.14749834e-02  -9.47931965e-01   3.08442341e-01
    4.51132878e-02   4.36535578e-01  -3.89837094e+00  -3.44762972e-02
   -3.04550331e-01  -1.14290195e+00  -5.02674748e-01   2.13498539e+00
   -2.14040704e+00  -4.84981286e-01  -2.37720334e+00  -1.46269939e-01
   -2.26659397e+00  -3.38589994e-02  -2.57245193e+00   3.31005444e-01
   -1.83281144e-01   2.87446818e+00   6.55045578e-01   5.57724941e-01
   -1.52698772e+00   1.17634097e+00   8.65678223e-01  -3.68841443e-01
   -4.93886306e-01 
   -1.77409675e+00   2.04213334e+00   1.05258944e+00   1.11797253e+00
   -1.89521454e+00  -2.78850094e-01   1.10521724e+00  -2.01761577e+00
    1.89580997e+00   1.64259926e-01   3.85032449e-01  -1.30602165e+00
    1.02748611e+00  -1.39119542e+00   1.83230181e+00   1.35158593e+00
   -9.57323834e-01  -1.82201808e+00  -4.70247815e-01   4.20339733e-01
   -1.33722963e+00  -1.50622326e+00   1.96872973e+00  -1.42786851e+00
   -1.54658493e+00  -7.38214361e-01  -5.42248924e-02   6.27737580e-01
   -1.21534708e+00  -2.28959684e-01   1.26714613e+00  -1.53199299e+00
   -5.58260300e-01 
    7.22711538e-01  -6.42015615e-01  -5.08514271e-01  -1.01736537e+00
   -2.44649300e-01   9.29318771e-02  -8.67025519e-01  -2.29661233e+00
   -2.13021480e+00  -2.12758150e+00  -1.73121847e+00   1.47099099e+00
   -1.97211766e+00  -1.32843175e+00  -9.28107450e-02  -9.59188180e-02
    7.35454820e-01   1.05904039e-01  -1.92335771e+00   1.88199123e+00
    1.13851687e+00   1.22742690e+00   7.52187609e-01  -2.44975635e+00
    2.53486352e+00  -3.60518519e-01   1.41004117e+00   8.80197894e-02
    2.00447170e+00   2.87389473e-01   1.02243984e-01  -1.34916796e+00
   -2.78766309e-02 
   -4.34234120e-01  -2.15456506e+00   1.52420820e-01   6.58289992e-01
   -5.35445664e-01   8.51533474e-01  -9.25602756e-01  -2.28727910e+00
   -1.19022778e+00  -1.26792904e-01   9.82401060e-01   6.03723439e-01
   -2.61636611e+00   1.89577416e+00  -4.70074178e-01   1.78972491e-01
    8.53093048e-01  -1.05929748e+00   8.01786000e-01   1.28786011e+00
   -4.84921021e-01  -8.65733851e-01  -1.15483551e+00  -2.37117357e+00
   -1.83043277e+00  -1.60695809e+00   2.87431997e+00   6.90193056e-01
   -1.06271872e+00  -4.37582169e-01   1.33414199e+00   2.13909485e+00
   -2.94830175e-01 
   -1.39889059e+00   3.59073670e+00  -9.33822641e-01  -2.39461101e+00
   -1.87415645e+00  -9.18098909e-01  -1.02923327e+00   3.16140200e-01
    9.80929700e-01  -2.03969891e+00  -2.47475221e+00   3.05513430e-02
   -8.43977420e-01   1.31425929e+00   2.96179718e-01   1.44842618e+00
   -8.47031141e-01  -3.75842303e-01  -9.06279505e-02  -5.93079204e-01
    7.67019504e-01   1.84449496e+00  -4.11944211e-01   8.61040611e-01
    8.79567345e-01  -1.78611159e+00  -1.18813797e+00   6.14699569e-02
    7.60377356e-01  -7.46771199e-01   1.13088226e+00   9.54800403e-01
   -4.23671438e-01 
   -4.66102722e-01  -7.01995162e-01  -2.40993794e+00  -1.84931097e+00
   -1.89046461e+00   7.57096958e-01   2.58170362e-01  -2.29004859e-01
   -4.46612700e-01   2.64311258e+00   1.46072724e-02   2.01712194e+00
   -1.02148087e+00   7.96040518e-02  -2.46528977e-01  -1.22032191e+00
   -2.92149356e-02  -1.02064252e+00  -2.75068386e-01  -1.18394862e+00
    5.50368425e-01  -4.29469657e-01  -8.08099118e-01  -6.88060025e-01
    1.33210324e-01  -2.84955478e-01  -1.50810503e+00   4.56737756e-01
    1.38599976e+00  -1.07560684e+00   1.69233384e+00  -3.94363382e-01
   -1.61909506e-01 
   -2.96082390e-01  -7.59661458e-01   5.75224235e-01   1.69023941e+00
   -2.02292427e+00   1.06264053e+00  -1.88301864e-01   8.13929906e-01
    8.51876084e-01  -6.54990078e-01  -8.53796129e-01   1.44941954e-02
   -1.56304032e+00  -5.99538919e-01  -2.29549652e+00   1.71005939e+00
   -2.57247737e+00   2.56935616e-01   8.84291791e-01  -6.98957312e-01
    5.97667780e-01  -6.44248115e-01   1.20051875e+00   2.94159280e-01
    3.38641808e-01  -1.92053280e+00   8.99894612e-01  -1.16246305e+00
    2.00905471e-01  -8.87791809e-01  -7.35054643e-01   6.25004045e-01
   -3.71592678e-01 
   -6.34974510e-01   1.56441095e+00   1.70449804e-01  -1.05754507e+00
   -1.00096292e+00  -2.28022871e-01   7.92998416e-01   1.18525643e+00
   -6.80639584e-01   5.77670103e-02  -8.22452904e-01  -6.30778181e-01
    2.51945539e-01   3.74945060e-01   1.36906302e+00  -9.87135318e-01
    3.57257415e-01   1.85246018e-01  -1.06108433e+00   4.06414991e-01
   -5.79422311e-01   8.14140586e-01  -2.20027804e-01  -3.01286138e-01
    7.90561092e-01  -1.26505666e+00  -4.83609407e-01  -2.61260652e-01
   -1.67520265e+00  -2.72567483e-02  -1.50955215e+00  -2.35597337e+00
   -8.41297634e-01 
   -3.58469122e-01  -1.39672540e+00  -1.90786148e+00   1.46768403e+00
    1.19795824e+00   7.78644477e-01  -5.44419790e-01  -4.45055608e-01
    1.28652773e+00   1.05538465e+00   1.33362687e-01   2.86657055e-01
   -3.89853774e-01   2.41235047e-01  -7.79663186e-01  -4.31678668e-02
   -6.88783596e-02  -1.42046479e+00  -6.40385093e-01   1.35324462e+00
   -5.53555025e-01   4.79729240e-01   1.89712283e-01  -1.31536767e+00
   -4.82005404e-01  -1.18000923e+00  -1.46284278e+00  -4.47980437e-01
    8.91218624e-01  -5.83374068e-01  -8.32746442e-01  -4.41799448e-01
   -1.32094381e-01  