NN 16 32 16   -4.29613794e+00  -1.27519470e+00   1.40737811e-01   6.94327004e-01
    2.78155970e+00  -9.99078011e-01  -2.12768347e+00  -2.46163242e+00
    3.60079054e+00  -1.25659592e+00  -3.46999309e-01   9.12095408e-02
    8.58163914e-01  -2.06485784e-01   2.85522382e-01  -6.97346251e-01
   -9.67358977e-01 
    6.06135304e-01  -6.74845206e-01  -1.33070192e-01   1.38625945e-01
    8.73189832e-01  -1.71026273e-01   1.44792881e-01   4.69711369e-01
   -2.94682087e+00   7.17908918e-01   2.29399250e+00  -4.50630577e+00
    8.85977975e-01   6.47715680e-01  -2.46678530e+00   1.40564918e+00
    6.67995262e-01 
   -1.41319682e+00   1.72756421e-01  -2.39457379e+00   9.57521429e-01
    3.07662892e+00  -1.91659692e+00  -7.74178016e-01  -8.65049128e-01
   -9.28686419e-01   6.88477901e-01  -5.77957843e-01   2.82564011e-01
    1.47861881e+00  -5.99666903e-01  -2.32992751e-01   2.32828180e+00
    2.54730727e-01 
    1.74014659e+00  -5.77927573e-01  -1.44831909e+00   1.08871132e+00
    2.77412838e-01  -1.18435048e+00   8.22065838e-01  -4.81907400e-01
   -1.70459463e+00   9.04623835e-01  -1.74348761e+00   1.75844944e+00
    1.76087569e+00  -1.82501696e+00   1.28546206e+00  -2.13294458e+00
   -1.97004331e-01 
   -1.55730905e-01  -1.77647458e+00   1.67871554e+00  -1.42698417e+00
    4.43033655e-02  -7.68380931e-01  -4.33436660e-02  -2.19221328e+00
    1.28285494e+00  -6.27127526e-01   3.68346604e-02   2.19830739e+00
    1.55124754e+00   2.33656708e+00  -2.29837982e-01  -1.53760067e+00
   -7.13163350e-01 
   -4.14283316e-01   1.15070913e+00   2.07953003e+00  -1.29101544e+00
    7.84507464e-01   1.17963164e+00   2.38246979e+00  -5.87068218e-01
    7.33375642e-02  -2.77934276e-01  -2.46171847e+00   3.66319375e-01
   -9.07925125e-01  -1.49267724e+00  -4.72235869e-01   1.09813875e-02
    1.42742087e-01 
    1.37459704e+00   1.57041289e+00   1.65554288e+00  -2.06288247e+00
    4.07000707e-03   3.55157533e-01  -2.28309491e+00   1.64786917e+00
   -5.18694251e-01   6.70689069e-01   9.08425531e-01   1.33648908e-02
   -1.35505415e-02  -3.76349745e-01  -1.42714967e+00   8.75915125e-01
   -7.19689655e-01 
    9.23844295e-01  -1.54238776e+00   1.23230629e+00  -3.37962279e-01
    5.97752618e-01   4.58669996e+00  -2.42699721e+00   4.47646823e-02
    2.79033931e+00   2.45934338e+00   4.16360188e-01  -2.85345884e-01
   -5.61876167e-01  -2.99489380e+00  -1.49548382e+00  -1.47241298e-01
   -6.69833872e-01 
    1.23110192e-01   2.87316239e+00  -6.52979662e-01  -1.17585463e+00
    6.82734208e-01  -1.29737881e+00  -1.51659193e+00  -3.58603819e-01
   -1.80192027e+00   2.43875144e+00   1.46341552e+00  -1.34817014e+00
    1.06769226e+00  -1.99415666e+00   1.50880905e+00  -1.89605609e+00
   -2.02841433e-01 
   -1.28387783e+00  -4.87940908e-01  -7.47235840e-01   1.35311853e+00
    1.81850629e+00  -6.52782823e-01   1.21243232e+00  -8.83858208e-01
   -1.10635561e+00   6.30814860e-01   1.05566627e+00   2.31135010e+00
   -3.26493272e+00   3.68279045e-01  -8.99350289e-01  -1.41618511e+00
    4.23760207e-01 
   -8.03504709e-01   4.19358200e-01   1.41701651e-01  -2.81802582e+00
   -2.61577160e+00  -1.62309428e+00   3.36020990e-01   4.80107943e+00
   -1.55698173e+00   5.67337325e-01  -5.37474159e-01   3.19842646e+00
   -1.25980413e+00  -4.18719429e-01  -1.11061952e-01   6.93500233e-02
   -6.14863791e-01 
    3.34111044e+00  -8.00696630e-01   2.31163920e-01   2.07243841e+00
    1.63731892e+00  -8.69250676e-01  -1.22185257e+00   6.98455219e-01
    1.83642711e-01  -1.42426765e+00   6.30394017e-01  -6.38980252e-01
   -3.17161230e+00   4.87974315e-01   1.12598201e+00  -1.29394838e+00
   -4.27890817e-01 
   -2.34890087e-01  -2.78490928e+00   1.60182730e+00   2.40378156e-01
   -1.15813954e-01   3.95363726e-01  -3.71494937e+00  -6.38132038e-01
   -1.86963985e+00   1.20187686e+00   3.25443402e+00  -7.78955262e-03
   -5.15307681e-01   1.30149196e+00  -5.66749455e-01  -8.41737226e-01
   -1.39571592e+00 
   -6.67018893e-01   4.47986267e-01  -4.99573705e-01   2.72483675e-02
    2.60803204e+00  -2.18857898e+00   1.26300689e+00   9.24368409e-01
    1.15587000e+00   1.46644685e+00  -2.35086746e+00  -1.73414819e+00
   -1.34927271e+00   1.48767084e-01  -4.21647448e-01  -1.41695121e-01
   -1.72242166e-01 
    2.04026608e+00  -1.83356903e+00   8.25750526e-01   3.27686141e+00
   -2.49820431e+00   7.93278465e-01   4.43094222e-01  -9.38731988e-01
   -1.56475257e+00  -3.38059911e-02  -5.23397006e-01  -3.15465366e-01
    7.23806388e-01   2.47931613e+00  -2.32198575e+00  -1.88877463e-01
    6.07398944e-01 
    1.73699300e+00  -1.13037802e+00  -3.86352073e-01   1.63538692e-01
   -1.04161356e-01  -3.32758931e-01   3.23175965e+00  -3.06993813e+00
   -1.09777559e+00  -1.00024257e+00  -6.50285358e-01  -9.46386820e-01
    1.26146193e+00  -2.06846778e+00   1.03694742e+00   7.96957039e-01
    6.28435998e-01 
    1.70830684e+00   5.68462313e-01  -3.02243349e+00  -4.79354772e+00
    1.32975996e+00   2.43773606e-01   5.94800462e-01   1.60905432e+00
    7.56968946e-01   4.76210367e-01  -7.31116424e-01  -1.28504003e+00
   -3.52567502e-01   1.67096900e+00  -5.21285359e-01   1.34147267e+00
    3.69296913e-01 
   -1.75317908e+00   5.89849711e-01  -2.89322368e-01   3.66928322e-01
    6.35400470e-01  -2.18672583e+00   4.64634833e-01   1.81365890e-01
    1.57276812e+00  -8.67035459e-01   1.44227360e+00   4.24818040e-01
    8.53176841e-01  -1.21422764e+00  -8.28811226e-01   1.30928441e+00
   -7.85039583e-01 
   -1.72449499e-02  -2.57313220e+00   2.27298275e+00   1.40105190e-02
   -2.57992101e+00   1.92335924e-01  -2.96848600e-01   1.73822870e+00
   -2.90277211e-02   1.59648459e+00  -1.65997640e+00  -4.44908040e-01
    4.80211205e-01  -1.09949688e+00   6.49095826e-01   6.76822225e-01
    1.10033635e-01 
   -1.35994586e+00   6.48031741e-01  -7.50947941e-01   2.37042825e+00
   -7.81330386e-01   1.94658177e+00   1.59792968e+00  -1.87494186e+00
    1.07828819e-01  -1.79434152e+00  -3.64426235e-01   6.63746862e-01
    1.82784438e+00  -2.87749505e-01  -2.68486579e-01  -2.51582991e+00
    4.10012660e-01 
   -3.79601462e-01   2.95378789e+00   1.49325430e+00  -9.53340793e-01
   -2.08138292e-01  -5.11904955e+00   1.39736702e+00   3.57854338e+00
    1.36611743e+00  -2.61377012e+00   7.57338562e-01   1.91502717e-01
   -3.72835137e-01  -9.24016391e-01   8.82493036e-01  -4.22764068e-01
   -2.96134742e-01 
   -3.01799142e+00   8.15839878e-01   2.14638029e+00  -1.53814850e-01
    1.66175826e+00  -9.86286724e-01  -1.72915307e+00  -1.55898933e-01
    2.53609275e+00  -9.84554668e-01   3.38479616e-01  -1.82129000e+00
    3.50177091e-01   4.31168847e-01  -1.32314359e+00  -5.67404046e-01
    6.06127232e-01 
   -4.07562846e-04  -9.55502104e-01   5.39047251e-01  -6.17323776e-01
    2.57382227e+00  -1.12793019e+00   2.21424042e-01   2.62725120e+00
   -2.70506121e+00  -9.52988456e-01   1.48766305e+00   9.53573132e-01
    3.44608415e-01  -8.83458758e-01  -5.14323399e-01  -1.40462196e+00
   -3.91961624e-01 
   -2.14373634e+00   1.59356418e-01  -1.51184169e+00   2.10487839e+00
   -1.10779137e+00   1.20215875e+00   8.95474090e-01  -7.98797576e-01
    1.07639307e+00   1.40370139e+00   2.03314948e+00  -1.59578132e+00
    7.20538849e-01  -1.55747775e+00   5.84512713e-01  -4.32034467e-01
   -7.08210408e-01 
    2.38723430e+00   1.71834460e+00  -2.26313476e+00  -1.52140999e+00
   -3.83121900e+00  -1.81205028e+00   9.14786671e-01   5.57131294e-01
    1.35132665e+00  -2.46781368e+00   1.83075484e+00  -3.55213646e-02
    8.68300751e-01  -4.00265418e-01  -8.08763924e-01   1.94468162e-01
   -1.30484421e-01 
    2.09503576e+00   4.50765324e-01  -2.16106026e+00   2.07104641e-01
   -1.08298932e+00  -6.35281933e-01   3.06591330e+00  -3.38157731e+00
   -1.46524240e-01  -3.09687029e-01   2.51156198e-01   9.15565529e-01
   -1.47971584e-01   1.34968364e+00   7.85794584e-01   1.49869401e+00
   -4.18156013e-01 
   -7.24577515e-01  -4.83983123e-02   2.08026601e+00  -2.63486520e-01
    1.93375965e+00   1.97788765e+00  -3.60741613e+00   4.40866775e-01
    3.41809556e-01  -8.98750470e-01  -3.68297907e+00  -2.79419198e-02
    2.27838651e+00  -1.52751218e+00  -1.90054968e-01   3.47346530e+00
   -2.97476931e-01 
   -7.04971803e-01   3.26027274e+00   1.21859697e+00   5.26635800e-03
   -1.32831873e+00   1.70565045e+00  -6.84652807e-01   8.77399614e-02
   -8.56778909e-01  -2.54390093e+00  -9.87804125e-02   1.29273609e-01
   -9.00636259e-01   7.48287515e-01  -1.43831770e-01   8.08065784e-01
   -6.66139376e-01 
   -5.79052553e-02  -9.81901950e-01  -1.37738335e+00  -2.03047713e-02
   -1.27203527e-01   2.79070113e+00  -5.13730637e-01   8.72393425e-01
    2.15367986e-01  -3.15181365e+00   1.18891003e+00  -2.08885317e-01
   -1.58863913e+00   4.38818077e-02   3.51155830e+00  -1.62877395e+00
    7.96204624e-01 
   -1.57383354e-01   2.88132877e+00   1.31496991e-01  -1.05795982e+00
    1.00524301e+00  -1.87889928e+00  -2.62178017e+00  -1.19555953e+00
   -6.34800399e-01  -1.00155420e+00  -2.04781522e-01   8.05315436e-01
    8.95545666e-01   5.82871073e-01   2.77228194e-01   9.89855486e-01
   -1.83986904e-01 
   -7.87149678e-01   2.34844232e-02   3.28599000e+00   1.96979918e+00
    6.98608781e-01   7.05268901e-01  -2.50091155e+00  -1.58868889e+00
   -7.57313193e-01   6.38685324e-01  -2.20412844e+00  -1.55631474e+00
   -1.88900445e+00   1.95812408e+00   1.99996951e+00   1.28783753e+00
    2.61126269e-01 
    1.75844118e+00   9.89825231e-01  -1.32999006e+00  -2.91604843e-01
   -9.24842799e-01  -1.60963354e-01  -5.05382389e-01  -5.65691321e-01
    1.90151736e+00   1.79303766e+00  -2.53218429e+00  -2.23432346e+00
   -5.63218914e-01  -1.89544063e+00   2.54933585e+00   9.20114549e-01
   -5.83054591e-01      3.88306332e+00  -1.16666197e+00   5.83233867e-01  -2.03005033e+00
   -1.00985637e+00   1.57172512e+00  -8.61514446e-01  -1.11417221e+00
    4.22907426e-01   5.88204621e-01  -3.64350586e-01  -3.32372026e+00
   -8.98959933e-01   6.16635575e-01   1.01651581e+00  -1.33643324e+00
   -1.83152606e-01  -5.91419857e-02  -8.00296646e-04  -1.60348821e-01
   -2.69921903e-01   1.61456773e+00   7.35901946e-01   2.12857611e+00
   -1.31774305e+00  -1.04207757e+00   3.25647588e-01  -1.55548041e-01
    7.27999334e-02  -1.75867306e-01   1.04049465e-01  -1.04765566e+00
   -5.54211079e-02 
    4.73636571e-01   3.95188797e-01  -4.05762883e-01  -3.44894736e-01
    1.20557261e+00  -3.38189056e-01  -1.20878125e+00   8.10782812e-01
   -2.06473343e+00  -1.93413709e-01  -8.00365472e-01   2.55979071e-02
    1.00652090e+00  -1.88742710e-02   1.40227405e+00   6.99097887e-02
   -2.27904495e-01  -1.19488903e+00   2.00845350e+00  -2.00337401e+00
   -1.37905713e+00   3.15961433e-01   5.84407454e-01   2.14695981e-01
   -1.24383580e+00   8.14130489e-01   4.26101263e-01  -4.66352064e+00
    1.41816401e+00  -1.87814440e+00  -1.26964932e-02  -1.22555968e+00
    4.57109020e-01 
    4.94525750e-01  -2.62481846e-01   2.72441372e+00   1.30716116e+00
   -1.71238539e+00  -2.20429870e+00  -1.30746602e+00  -9.10629928e-01
    1.17326684e+00   1.18481343e+00   3.18572985e-01   7.55139737e-01
   -1.84546532e+00   6.42780047e-02  -5.79184571e-01  -1.26941397e+00
    2.08577586e+00   8.35382474e-02  -1.38482605e+00   1.47951849e+00
   -1.22159778e+00  -2.59456832e+00  -8.44996158e-01   1.12099907e+00
    1.38277227e+00   6.60004780e-01  -2.56590320e+00  -4.17235352e-01
    2.20931477e+00   5.35041350e-02  -2.10185477e+00   9.37836191e-01
   -2.53689821e-01 
   -1.57669506e+00   9.52864981e-02  -1.55718731e+00  -9.56572950e-01
    2.04775918e+00   1.16792396e+00   1.06452963e+00  -2.45367478e-03
    4.49637584e-01  -9.37017997e-01   2.94050288e+00  -1.79578739e+00
    1.51429204e-01  -6.17501040e-01  -3.26745972e+00   2.33541267e-01
    3.88632956e+00  -1.12968980e-01  -2.44811079e-02  -2.28365488e+00
   -9.55837821e-01   4.08030298e-01   6.82016526e-01  -2.94019200e+00
    6.89296192e-01   6.15930242e-01   5.50678149e-02   1.35556072e-02
   -3.08701321e-01   3.15600492e-01  -1.81521488e+00  -4.77659314e-01
   -2.25187241e-01 
   -2.09697897e+00  -1.25105630e+00  -2.31495589e+00  -5.49504842e-01
   -1.26577418e-01  -3.52661078e-01  -1.58469416e-01  -1.30479700e+00
   -2.64136239e-01  -3.18916059e+00   1.70414629e+00  -6.88421334e-01
   -1.53959307e-01  -2.69423611e+00   3.08579130e+00  -1.75912024e+00
    3.35752309e-02  -1.72603143e+00   2.46127691e+00  -4.55582584e-01
    1.19097123e+00  -1.13531472e+00  -3.53655207e+00   2.12099838e+00
    1.77052881e+00   1.23357682e+00  -1.53636454e+00   5.15730564e-02
    2.07620938e-02   1.27559945e-01  -9.75029518e-01   1.99232878e+00
   -1.68210503e-01 
   -1.75241368e+00  -3.07083740e-01   5.72066305e-01   2.13609947e-01
    1.28193865e+00  -6.60200496e-01  -4.75333880e-01  -3.50729156e+00
    1.21116509e+00   2.04515568e-01  -2.01817977e-01   4.63052420e-01
   -8.94963591e-01   1.95867752e+00  -6.10562980e-01  -2.19240347e+00
   -1.39233684e+00   7.93494829e-01  -2.31503445e-01  -2.51487284e+00
    4.20605542e+00   5.75082487e-01  -3.38807766e-01  -2.27610826e-01
    6.65926594e-01   6.33959863e-01  -1.13995545e+00  -1.85416014e+00
   -3.96509917e+00   8.11671358e-01  -1.26646987e-01   3.29515261e-01
    9.01848209e-02 
    6.77469145e-01  -1.47078740e+00  -1.25637016e-02  -7.86377382e-01
   -3.00188573e-01  -2.89580330e+00   9.55534648e-01   1.06346106e+00
    6.87780081e-01  -2.09117656e+00  -6.31569557e-01   2.79556416e+00
    3.05763202e+00  -1.60748046e+00  -1.05286752e+00  -4.02623446e+00
   -8.66150886e-01   6.51175847e-02   4.88084692e-02  -6.57327026e-01
   -8.25772187e-01  -6.47508839e-02  -2.97696293e-01  -6.86068015e-01
   -1.26065407e+00  -2.19305990e+00   8.96343174e-01   5.06438206e-01
    5.06943472e-01   2.67071058e+00   1.15052024e+00   2.67787448e-02
   -4.63322634e-01 
    1.10898888e-01  -6.01543357e-01   2.19336252e+00  -6.81471193e-01
    1.95110694e+00  -5.59441618e-02  -8.78374514e-01  -2.69732018e-01
   -1.45536319e-01   5.36931005e-01  -4.45284171e+00   1.87079890e-01
    4.16442959e-01  -2.00672307e+00  -4.57250813e-01   2.29198908e+00
   -2.61592264e+00  -4.60058590e-01  -2.19141452e+00  -1.98861392e-01
   -2.64851119e+00   4.90244712e-02  -3.01779092e+00   2.73967715e-01
   -2.10640283e-01   3.46276831e+00   3.80365374e-01   8.57933343e-01
   -1.41783853e+00   8.38712225e-01   1.31700874e+00  -2.40155826e-01
   -1.24636084e+00 
   -2.14180780e+00   2.54325001e+00   1.31734565e+00   1.63817407e+00
   -2.08245034e+00  -2.56072358e-01   1.29988000e+00  -2.40760440e+00
    2.46794015e+00   3.91361626e-01   7.94254740e-01  -1.63138071e+00
    1.09367504e+00  -1.75785021e+00   1.79019186e+00   1.15559361e+00
   -6.49327264e-01  -2.59841437e+00  -4.27987441e-01   4.81291515e-01
   -1.49945677e+00  -1.75886451e+00   2.40817646e+00  -1.28051835e+00
   -2.09693331e+00  -3.99838430e-01   4.78542532e-02   2.68053074e-01
   -1.47872800e+00   1.06526073e-01   1.52737489e+00  -2.06711827e+00
   -5.84960678e-01 
    1.23513071e+00  -1.04490925e+00  -9.45568694e-01  -1.58184414e+00
   -1.41881831e-02   1.22292105e-01  -1.14760040e+00  -2.64462687e+00
   -2.70728368e+00  -2.59509612e+00  -1.90054788e+00   2.10975683e+00
   -2.68592872e+00  -1.53570477e+00   4.53929703e-01   4.41959751e-01
    5.63678624e-01  -5.60620020e-02  -2.32933188e+00   1.70014657e+00
    1.40985446e+00   1.19970081e+00   5.60714688e-01  -2.52087105e+00
    2.70175749e+00  -1.00127028e+00   2.24221475e+00   6.62756168e-01
    2.92007384e+00   4.94239299e-01   2.39568091e-02  -2.10575809e+00
   -4.94721427e-01 
   -2.10179058e-02  -3.06359932e+00   5.01313466e-01   1.10306499e+00
   -5.93395182e-01   1.48603199e+00  -1.25481232e+00  -2.27040647e+00
   -1.97557064e+00  -2.48404342e-01   1.20473251e+00  -9.92635917e-02
   -2.62085677e+00   1.86288009e+00  -3.69611226e-01   3.49403708e-01
    2.73808236e-01  -1.47178254e+00   1.08731390e+00   1.64907443e+00
   -8.48810106e-01  -1.43399244e+00  -1.44945352e+00  -3.08455689e+00
   -1.55305662e+00  -1.63283282e+00   3.71899330e+00   1.01287546e+00
   -1.18414016e+00  -3.37328587e-01   1.55538421e+00   2.69880946e+00
   -6.05513296e-01 
   -1.09038822e+00   4.80780509e+00  -1.55308195e+00  -2.67208401e+00
   -2.20900214e+00  -1.26671988e+00  -1.19378782e+00  -1.49478231e-01
    1.08844482e+00  -2.43178639e+00  -2.73043400e+00   3.73274356e-01
   -6.38474218e-01   1.30789549e+00  -4.31627044e-01   1.62942689e+00
   -5.41296790e-01  -5.97037811e-01   1.00844511e-02  -9.43314567e-01
    7.40511871e-01   1.79155589e+00  -6.72483453e-01   1.04196755e+00
    3.84030738e-01  -1.66327425e+00  -1.57513181e+00  -4.23488110e-02
    1.19723851e+00  -1.02183922e+00   1.87467299e+00   1.29005360e+00
   -7.36347789e-01 
   -4.26939979e-01  -1.01165027e+00  -2.54200499e+00  -2.14505273e+00
   -2.18972295e+00   1.00515149e+00  -1.27487917e-01  -1.82565835e-01
   -7.22768347e-01   3.77723068e+00   1.27267048e-01   2.21680872e+00
   -9.84715436e-01   4.29766952e-01  -5.84959691e-01  -1.35904767e+00
   -1.55637155e-01  -1.12955769e+00  -4.95594910e-01  -1.53536563e+00
    2.69592356e-01  -3.50383520e-01  -9.06032674e-01  -7.16157892e-01
   -1.62651940e-01  -2.18150988e-01  -2.02510195e+00   5.07694733e-01
    1.58935176e+00  -1.27104238e+00   2.11384656e+00  -4.56439960e-01
   -2.41346583e-01 
   -2.42904269e-01  -8.04008039e-01   4.38849868e-01   1.98593752e+00
   -2.48310007e+00   1.39483165e+00  -2.44095246e-01   1.18782621e+00
    9.69920743e-01  -7.75693062e-01  -9.41265743e-01   1.41660919e-01
   -1.73971905e+00  -7.78654638e-01  -2.79867784e+00   2.26138572e+00
   -3.18047080e+00   5.16527856e-01   1.04770382e+00  -8.65393323e-01
    9.29459505e-01  -5.64286923e-01   1.52262336e+00   3.72118174e-01
    2.42278614e-01  -2.16087622e+00   9.42650801e-01  -1.37392420e+00
   -2.90767108e-02  -1.23578810e+00  -9.68966660e-01   7.64315286e-01
   -6.25070220e-01 
   -6.15880389e-01   2.33631863e+00   3.01732279e-01  -1.14823309e+00
   -1.01105476e+00  -2.15031418e-01   9.89098442e-01   1.57327818e+00
   -1.12288088e+00   2.53594751e-01  -1.01369957e+00  -6.60634484e-01
    2.07808968e-01   3.73150847e-01   2.01282989e+00  -1.23732129e+00
    4.77500942e-01   2.20119977e-01  -1.51361877e+00   4.12567922e-01
   -8.49910022e-01   9.67788721e-01  -3.90969136e-01  -4.62601283e-01
    1.04930747e+00  -1.25506143e+00  -4.08933644e-01  -4.14048518e-01
   -2.76825937e+00  -1.52504261e-01  -2.02907554e+00  -3.03145639e+00
   -1.03602075e+00 
   -1.35719494e-01  -1.84349507e+00  -2.47587126e+00   2.15259658e+00
    1.40076785e+00   8.61585625e-01  -3.73699570e-01  -5.24885386e-01
    2.21105800e+00   1.25205793e+00   2.21996789e-01   5.50593442e-01
    1.62945112e-03   2.58324857e-01  -1.06180196e+00  -6.82149342e-01
   -2.92111555e-01  -1.99160791e+00  -9.41463663e-01   1.71035552e+00
   -4.13248068e-01   7.69054724e-01   4.68059266e-01  -1.61743531e+00
   -4.59832291e-01  -1.67095979e+00  -1.68173133e+00  -7.02757252e-01
    1.10764103e+00  -4.75459502e-01  -9.21350547e-01  -6.98734933e-01
   -2.17761745e-01  