NN 16 32 16  -3.67540155 -0.85395471 -0.28623152  0.73595334  2.48548462 -0.99161353
  -2.03891627 -1.90606623  3.177723   -1.21616084 -0.13545352  0.32306192
   0.94463451 -0.15645922  0.31891088 -0.45556189 -0.78478691 
   0.71655012 -0.59068904 -0.44330151 -0.25707334  1.0537757  -0.36027984
   0.10799476  0.62149628 -2.6260072   0.69553479  2.16047446 -3.67996778
   0.756498    0.7506679  -1.98223108  1.34615586  0.60790795 
  -0.87703299  0.13966322 -2.65109995  0.85374874  2.52997237 -1.77931261
  -0.63356953 -0.71137603 -1.0854003   0.54106514 -0.18008969  0.24866233
   1.48533851 -0.73342889 -0.23019391  1.99838082  0.16404796 
   1.64732281 -0.7879696  -1.25752083  1.02288125 -0.01146523 -1.03168503
   0.88407958 -0.45578186 -1.55204247  0.75790637 -1.54400795  1.73176681
   1.71192503 -1.6112234   1.12661367 -1.91664028 -0.2493636  
  -0.19088555 -1.46838927  1.59323471 -1.03101587 -0.14163615 -0.57776157
   0.09365814 -2.09876169  1.17617465 -0.5414486   0.03434519  1.98249192
   1.56773881  2.20564507 -0.11611398 -1.42022257 -0.68755098 
  -0.36069026  1.14529986  1.7694514  -1.2372982   0.70307817  1.28965517
   1.88206572 -0.31309052 -0.05935768 -0.25104698 -2.04867854  0.45298214
  -0.85466597 -1.44309675 -0.46849564 -0.1306835   0.02051434 
   0.75076743  1.58765858  1.6401617  -1.83488745 -0.04746003  0.1174599
  -1.76462107  1.23437032 -0.52508647  0.54960354  0.81026595  0.23956887
  -0.16041428 -0.42304581 -1.39927555  0.82856509 -0.66710597 
   0.89543079 -1.31130356  1.13546405 -0.39385893  0.55619645  4.05798478
  -2.02296684 -0.08072526  2.35869597  2.32538734  0.52532769 -0.50789152
  -0.55455073 -2.58343121 -1.25944208 -0.01612774 -0.59647593 
   0.12594931  2.54749689 -0.86495645 -1.06305962  0.63285502 -1.25391398
  -1.15575504 -0.17983365 -1.65895561  2.31440451  1.31594557 -1.2583323
   0.76369409 -1.82887862  1.30557147 -1.60723603 -0.20061279 
  -1.30694691 -0.15846689 -0.71979359  1.14860877  1.80190673 -0.91363938
   1.17288261 -0.86146311 -1.07764231  1.0681588   0.48594939  1.94356151
  -2.69824891  0.50682683 -0.65383308 -1.34599488  0.30070739 
  -0.47923415  0.45527775  0.06298694 -2.77766129 -2.09520276 -1.36828432
   0.10388448  4.05723535 -1.07540885  0.61579842 -0.58620825  3.01635249
  -0.99714196 -0.33143907 -0.10597041  0.0136726  -0.59595601 
   2.902425   -0.84839996  0.31655663  1.87649975  1.58920157 -0.62299907
  -1.32653747  0.53163282  0.22861531 -1.13406259  0.44445778 -0.42809221
  -2.88070815  0.42859507  1.01914121 -0.87425561 -0.15702849 
  -0.25674254 -2.06361648  1.39584191  0.16784367  0.02548897  0.2649494
  -3.39214759 -0.09970598 -1.85907374  0.94441209  2.8809847  -0.06371375
  -0.44448069  1.25163684 -0.64821656 -0.70171692 -1.28074024 
  -0.42261962  0.21773276 -0.46675143  0.05071717  2.15245802 -1.94110832
   0.7772655   0.92645912  1.07109878  1.58730634 -2.32639589 -1.70557665
  -0.98550565  0.37626471 -0.40431292 -0.15475126 -0.14473603 
   1.64181815 -1.87600517  0.52860451  2.86175663 -2.15601804  0.69246961
   0.42750809 -0.9431358  -1.63149584 -0.11181738 -0.37898462 -0.17473068
   0.74234432  2.36983913 -2.0843645  -0.12496513  0.60090444 
   1.38842092 -1.06762552 -0.39859117  0.08751602 -0.18265564 -0.21691538
   3.09563434 -2.89929242 -1.38291745 -0.87562361 -0.42859129 -0.83855646
   1.23349606 -1.90693411  0.86261496  0.49241887  0.49414044 
   1.43273625  0.75633298 -3.08506636 -4.11833119  0.96070327  0.05395805
   0.9218455   1.46007586  0.82812944  0.23100175 -0.89599666 -1.15902053
  -0.34353355  1.70306366 -0.56166842  1.05914925  0.21565631 
  -1.43549992  0.39578369 -0.27078306  0.24235587  0.73047806 -1.52306491
   0.06793761  0.27289777  1.52313843 -0.88372213  1.06289774  0.11585196
   0.87986671 -1.04409544 -0.66827145  1.16974499 -0.66101015 
  -0.16233009 -2.30456284  2.29382674 -0.08426971 -2.31956901  0.30919775
  -0.24369852  1.57571089  0.26965044  1.58252862 -1.63983482 -0.45368922
   0.6196438  -1.10076895  0.65999774  0.65540578  0.15498146 
  -1.35688477  0.48162912 -0.87825414  2.13000565 -0.70046206  1.76288286
   1.01567288 -1.49805259 -0.26427765 -1.77083657 -0.65231049  0.65499334
   1.77241479  0.13234338 -0.26140878 -2.20582028  0.35339796 
   0.0222135   2.5568463   1.14381963 -0.49769787 -0.27636487 -4.64442186
   1.28540287  3.35033409  1.48701286 -2.24108273  0.68181884 -0.26006532
  -0.46184026 -0.6974028   0.74606371 -0.25812187 -0.24904328 
  -2.59887868  0.94952181  1.80543164  0.10801612  1.6037995  -0.89756622
  -1.29623789 -0.29048743  2.35472657 -1.20474632  0.35047164 -1.78048197
   0.62629145  0.53141859 -1.06577531 -0.35165055  0.69405599 
  -0.17817218 -0.6685416   0.73432145 -0.86149067  2.24868596 -1.24142364
   0.0997269   2.43641292 -2.52983702 -0.73736355  1.34345385  0.78809375
   0.46894981 -0.72696044 -0.40685496 -0.98249941 -0.3033594  
  -1.90372527  0.17089533 -1.45355349  2.0010211  -0.85545186  1.06546846
   0.79809218 -0.63981593  1.14232285  1.59872328  1.58461066 -1.76269453
   0.89469851 -1.27614168  0.63994707 -0.16593772 -0.56798513 
   1.87619143  1.70589612 -1.89708731 -1.0160529  -3.61222915 -1.26887351
   1.14020219  0.46177882  1.35619709 -2.37634917  1.92194256 -0.12180872
   0.64846517 -0.28236613 -0.70056279  0.18384282 -0.09053864 
   1.83637372  0.10218936 -1.80573225 -0.29645066 -1.0305087  -0.55813713
   2.7606548  -3.03487362 -0.17916104 -0.23367016  0.17349182  0.92812976
  -0.29546934  1.25531969  0.73082019  1.06877279 -0.61860968 
  -0.62286812 -0.49761377  1.94210265 -0.14553456  1.65797288  1.87777709
  -3.24717381  0.4142501   0.23099252 -0.84625488 -3.14967424  0.20892193
   1.9442116  -1.37154171 -0.03411302  2.98080317 -0.22267054 
  -0.82042651  2.72133617  1.21443212  0.07348622 -1.26953677  2.03983462
  -0.46663751 -0.09785018 -0.93586469 -2.09911304 -0.24220942 -0.14657097
  -0.88925247  0.59272865 -0.05961234  0.75854292 -0.50824326 
  -0.26793138 -1.08050459 -1.23929605  0.07636821  0.06938861  2.54805497
  -0.88506359  0.85080007  0.37427854 -2.50318268  1.3217591  -0.30995387
  -1.40404948 -0.02072099  3.0473152  -1.46374483  0.62794124 
  -0.37477053  2.24695287  0.28699989 -0.80849659  0.80149809 -1.55355441
  -2.43658198 -1.36418421 -0.48973664 -0.91742583 -0.16203648  0.88298776
   0.72594866  0.4153905   0.0784131   0.96510749 -0.1067222  
  -0.99152839  0.19583202  2.72029346  1.61350199  1.02405109  0.27322724
  -2.03822836 -1.19114376 -0.76720998  0.72823859 -1.95556584 -1.44430225
  -1.70004416  1.52993232  1.64733236  1.09681351  0.26138656 
   1.44018975  0.94507774 -0.93648105 -0.37597156 -0.86045892 -0.26637368
  -0.41036887 -0.55756972  1.75258911  1.6241068  -2.26203718 -1.94109487
  -0.44595294 -1.6388628   2.45496146  0.80350329 -0.50111782      3.48863417e+00  -9.72212904e-01   3.46408533e-01  -2.02523622e+00
   -9.90739330e-01   1.21982594e+00  -7.08470490e-01  -9.89186016e-01
    5.21661278e-01   7.56329178e-01   2.01019014e-01  -3.07781222e+00
   -8.71213688e-01   3.93239221e-01   8.97680685e-01  -1.71550782e+00
   -1.28889633e-01   1.79912344e-01   2.18728171e-01   1.30672628e-01
   -1.16958922e-01   1.86206589e+00   6.04045686e-01   2.09665778e+00
   -1.58841124e+00  -9.60329519e-01   4.83299097e-01  -2.49941931e-01
   -1.11325319e-01  -4.14180009e-01   1.51384976e-01  -1.32682130e+00
   -1.72367401e-01 
    6.84867078e-01   5.01506827e-01  -3.49919165e-01  -2.13925939e-01
    9.71189678e-01  -2.43685320e-01  -1.38822319e+00   9.25992636e-01
   -2.16865563e+00  -2.56087589e-01  -9.17594217e-01   1.67378786e-02
    1.24173102e+00  -2.80932911e-01   1.62338794e+00   8.41686956e-02
    7.38335453e-02  -9.56904855e-01   2.02609479e+00  -2.07519282e+00
   -1.50947105e+00   2.57229747e-01   4.58093536e-01  -1.70007928e-02
   -1.35011955e+00   6.76923307e-01   7.63054480e-01  -4.20347209e+00
    1.33006969e+00  -1.73528065e+00   5.16772948e-02  -1.32896229e+00
    1.47922878e-01 
    5.89521341e-01  -2.59076060e-02   2.79429797e+00   1.05350756e+00
   -1.75415662e+00  -1.74383454e+00  -8.75308670e-01  -8.82891101e-01
    1.50152739e+00   1.11562839e+00   5.13627293e-01   5.02428495e-01
   -2.02281421e+00  -1.07157990e-02  -4.32855068e-01  -1.25002624e+00
    2.28574641e+00  -3.61159196e-02  -1.44943969e+00   1.11510245e+00
   -1.37842230e+00  -2.62185575e+00  -1.19431200e+00   1.23388886e+00
    1.23399497e+00   8.53044852e-01  -2.33220954e+00  -5.89548412e-01
    2.06924918e+00  -1.95064468e-01  -2.34381858e+00   8.48622204e-01
   -3.36878357e-01 
   -1.53610125e+00   4.65608089e-01  -1.47648649e+00  -1.01827909e+00
    1.74094353e+00   1.41468526e+00   1.26272885e+00   2.71250162e-01
    5.08464714e-01  -9.06960611e-01   2.71486862e+00  -2.03400343e+00
    4.65421968e-01  -9.04993419e-01  -3.22510452e+00   1.36647820e-01
    3.84400927e+00  -1.59783280e-01   2.64979476e-01  -2.12620010e+00
   -9.51407358e-01   6.65153687e-01   8.32242229e-01  -2.81385527e+00
    6.00537677e-01   5.69929194e-01  -6.79926051e-02   2.32792650e-01
   -3.27913846e-01   2.02861433e-01  -1.68241073e+00  -5.96634472e-01
   -1.21507567e-01 
   -1.78958957e+00  -1.24036646e+00  -2.19819888e+00  -5.60751062e-01
    2.29513953e-01  -2.72106914e-01   1.91888673e-02  -1.18389069e+00
   -2.91202929e-01  -2.72981839e+00   1.41309442e+00  -5.63503149e-01
   -1.16462901e-01  -2.40933027e+00   2.74850802e+00  -1.67356871e+00
   -2.18766708e-01  -1.40223756e+00   2.45616877e+00  -1.54925351e-01
    1.27431589e+00  -1.28716733e+00  -3.20035858e+00   2.13951898e+00
    2.09759600e+00   1.47016882e+00  -1.57030839e+00  -1.79405163e-01
   -5.58286379e-01  -2.64027503e-01  -1.17088331e+00   1.61524843e+00
   -1.85650600e-01 
   -1.31131976e+00  -2.80661775e-01   5.86163819e-01   4.88364194e-01
    1.06420236e+00  -6.66405278e-01  -4.69977047e-01  -3.66278080e+00
    1.01033978e+00  -2.42885999e-02  -2.32292092e-01   3.14826122e-01
   -9.74851312e-01   1.91660311e+00  -7.88338598e-01  -2.04145867e+00
   -1.46563804e+00   5.28255862e-01  -1.07381884e-01  -2.54117830e+00
    4.47146278e+00   4.36138774e-01  -7.04596935e-02  -7.31715160e-02
    2.63977950e-01   5.05947767e-01  -1.41873965e+00  -1.59825334e+00
   -3.72955735e+00   7.56272190e-01  -2.01572187e-01   3.20242599e-01
   -5.91340292e-02 
    7.12408103e-01  -1.05857977e+00   1.15891978e-01  -1.09656063e+00
   -2.51533333e-01  -2.24193850e+00   1.05318595e+00   8.04050190e-01
    4.75996648e-01  -2.11621289e+00  -8.07555602e-01   2.55503590e+00
    3.02343648e+00  -1.69650722e+00  -1.18023143e+00  -3.87107267e+00
   -1.12677191e+00   1.59892065e-01  -2.33256523e-01  -3.79259326e-01
   -8.00954309e-01  -2.48604538e-01  -4.07405128e-01  -5.94694479e-01
   -1.46583611e+00  -1.73492588e+00   1.06158412e+00   2.42268764e-01
    3.58893571e-01   2.72878695e+00   7.59175097e-01   3.39841084e-01
   -4.14543863e-01 
    2.07415998e-01  -6.60064451e-01   2.16443330e+00  -6.05249982e-01
    1.66863128e+00  -1.79659057e-01  -8.96633724e-01  -1.71187444e-01
   -1.88047621e-01   5.47881423e-01  -4.23976878e+00   1.58774232e-01
    8.41158345e-02  -1.73337769e+00  -3.24973480e-01   2.25045537e+00
   -2.30055632e+00  -5.23570515e-01  -2.31995237e+00  -4.36211953e-01
   -2.41838820e+00  -1.96703302e-01  -2.75076986e+00   2.77298838e-01
   -4.16636853e-01   3.47580185e+00   4.71467353e-01   5.75793251e-01
   -1.38504219e+00   8.66888142e-01   1.10061623e+00  -1.58736407e-01
   -8.46532924e-01 
   -2.06283077e+00   2.36479984e+00   1.12828881e+00   1.34880972e+00
   -1.98826382e+00  -3.08424149e-01   1.22581055e+00  -2.31980316e+00
    2.16108435e+00   3.42097559e-01   7.01795164e-01  -1.46588873e+00
    1.17406257e+00  -1.54340564e+00   1.99541429e+00   1.25115754e+00
   -8.40082802e-01  -2.29560947e+00  -3.59165880e-01   5.76092689e-01
   -1.44158306e+00  -1.72539146e+00   2.10175317e+00  -1.33398587e+00
   -1.78347309e+00  -4.48918674e-01   1.53088921e-02   5.49983349e-01
   -1.30733932e+00  -1.05753811e-01   1.51674379e+00  -1.86728621e+00
   -5.13040498e-01 
    1.00648362e+00  -9.18730541e-01  -8.20795472e-01  -1.32389993e+00
   -1.54588543e-01   2.03253745e-01  -9.30046189e-01  -2.39695477e+00
   -2.36700751e+00  -2.58510183e+00  -1.84004859e+00   1.70271625e+00
   -2.48217377e+00  -1.40460929e+00   1.23983394e-01   1.57880069e-01
    5.70712564e-01   3.69604190e-02  -2.15769513e+00   1.74324707e+00
    1.28677592e+00   1.25429059e+00   5.65797304e-01  -2.55564395e+00
    2.70786207e+00  -7.04951501e-01   1.91925325e+00   4.16433730e-01
    2.35657634e+00   3.91531864e-01   5.00199291e-04  -1.76875710e+00
   -3.05283968e-01 
   -1.32817678e-01  -2.79175783e+00   3.64579687e-01   8.76930978e-01
   -5.98087954e-01   1.26098649e+00  -1.15451570e+00  -2.28451180e+00
   -1.59265031e+00  -5.64864398e-03   1.15206377e+00   7.59927159e-02
   -2.65858301e+00   1.86845151e+00  -3.70281884e-01   2.13022922e-01
    5.30857029e-01  -1.23632159e+00   9.47703749e-01   1.70055710e+00
   -7.60797147e-01  -1.28108100e+00  -1.33073182e+00  -2.63958381e+00
   -1.69777981e+00  -1.60311139e+00   3.36830322e+00   1.04711819e+00
   -1.14444739e+00  -3.68699044e-01   1.56084812e+00   2.45634250e+00
   -4.47282762e-01 
   -1.28192762e+00   4.30477067e+00  -1.28029809e+00  -2.52864412e+00
   -2.07091299e+00  -1.27081272e+00  -1.12003286e+00  -1.31000146e-02
    1.07756277e+00  -2.30347961e+00  -2.59603015e+00   3.00283635e-01
   -6.77098460e-01   1.25468105e+00  -1.84423131e-01   1.59083962e+00
   -7.29635397e-01  -5.19092826e-01  -5.32802425e-02  -9.25597789e-01
    7.89159704e-01   1.77706069e+00  -5.71563037e-01   8.78716440e-01
    6.43211574e-01  -1.68138665e+00  -1.51115620e+00  -8.56544335e-02
    1.09875826e+00  -8.69058123e-01   1.53128629e+00   1.08322480e+00
   -6.17813571e-01 
   -4.38454294e-01  -9.52271839e-01  -2.53537797e+00  -2.04621588e+00
   -2.02616312e+00   9.19670909e-01   7.09228758e-03  -1.87461919e-01
   -6.51080061e-01   3.36331361e+00   5.60440751e-02   2.12772754e+00
   -1.01760005e+00   2.69526304e-01  -4.70645811e-01  -1.29963060e+00
   -7.36997063e-02  -1.10586490e+00  -4.04323540e-01  -1.41958542e+00
    3.46498113e-01  -3.89679414e-01  -8.89659964e-01  -7.12437079e-01
   -1.64493559e-02  -1.78587559e-01  -1.81099770e+00   4.67677887e-01
    1.54046906e+00  -1.20385329e+00   1.96156333e+00  -4.44954879e-01
   -2.13872374e-01 
   -2.86815409e-01  -7.94146472e-01   5.57725208e-01   1.92719845e+00
   -2.24956335e+00   1.25705772e+00  -1.98833114e-01   1.00886633e+00
    9.52065913e-01  -7.34855358e-01  -8.65627563e-01   7.10260164e-02
   -1.66674857e+00  -7.00905061e-01  -2.55558167e+00   2.03320442e+00
   -2.90321285e+00   4.09536855e-01   1.02215133e+00  -8.25991662e-01
    7.95896003e-01  -6.03011646e-01   1.40528103e+00   3.58412488e-01
    3.21223700e-01  -2.03154075e+00   9.36779710e-01  -1.30371400e+00
    5.92550175e-02  -1.05820144e+00  -8.70466821e-01   7.28723998e-01
   -4.63632538e-01 
   -5.79907033e-01   2.06457834e+00   2.99810243e-01  -1.09076919e+00
   -9.61038154e-01  -1.63234337e-01   9.69860651e-01   1.48583226e+00
   -9.53400218e-01   2.27120377e-01  -9.47261519e-01  -6.73007781e-01
    2.24619656e-01   4.28123739e-01   1.86127359e+00  -1.11267739e+00
    4.86200695e-01   2.90171717e-01  -1.26406961e+00   4.30939456e-01
   -6.65971784e-01   1.01625096e+00  -2.83277629e-01  -2.97788340e-01
    9.30398636e-01  -1.24873447e+00  -4.05498518e-01  -3.32872662e-01
   -2.35734045e+00  -1.12055411e-01  -1.76869744e+00  -2.80598644e+00
   -8.75529261e-01 
   -1.95866569e-01  -1.71389354e+00  -2.33299565e+00   1.81777794e+00
    1.33982987e+00   8.80433523e-01  -4.54543088e-01  -4.69413188e-01
    1.85493306e+00   1.21410766e+00   1.52936402e-01   4.20607913e-01
   -1.50933188e-01   2.23553633e-01  -1.04210034e+00  -4.78248315e-01
   -2.32501120e-01  -1.77132188e+00  -9.04211613e-01   1.58516737e+00
   -4.97833691e-01   7.40328328e-01   3.22345764e-01  -1.50055727e+00
   -5.15433410e-01  -1.50396042e+00  -1.62439129e+00  -5.59376903e-01
    1.08599004e+00  -5.10011065e-01  -8.84616182e-01  -6.14237604e-01
   -2.11406646e-01  