NN 16 32 16   -3.93306952e+00  -1.12620815e+00  -3.19611241e-02   6.76052792e-01
    2.74126059e+00  -1.00804522e+00  -2.05508725e+00  -2.29889416e+00
    3.57856779e+00  -1.26097560e+00  -3.15327955e-01   2.32046839e-01
    8.80291170e-01  -1.99605645e-01   3.02240798e-01  -5.88938618e-01
   -8.79771411e-01 
    6.66054259e-01  -6.45747464e-01  -3.04626212e-01  -7.38449993e-02
    9.97098620e-01  -3.22092480e-01   3.61799848e-01   4.31149517e-01
   -2.85963017e+00   7.10160234e-01   2.27720826e+00  -4.12317585e+00
    8.26534503e-01   6.88376982e-01  -2.27474500e+00   1.33220913e+00
    6.05568528e-01 
   -1.04804966e+00   2.06854256e-01  -2.63454924e+00   8.49006809e-01
    2.89615906e+00  -1.85203022e+00  -6.95940062e-01  -8.30202649e-01
   -9.55439077e-01   8.03209213e-01  -4.55130906e-01   2.71385222e-01
    1.46300937e+00  -6.21277347e-01  -2.23826493e-01   2.16766039e+00
    2.23637102e-01 
    1.66611016e+00  -9.43015074e-01  -1.44465567e+00   1.08281552e+00
    1.92936112e-01  -1.12713231e+00   8.31629630e-01  -3.70755112e-01
   -1.66753830e+00   8.87298148e-01  -1.53208373e+00   1.74919612e+00
    1.80671212e+00  -1.64307218e+00   1.26407330e+00  -1.99233627e+00
   -1.64046816e-01 
   -2.26240563e-01  -1.80050064e+00   1.45633341e+00  -1.33660629e+00
   -1.31776228e-01  -7.51948802e-01  -1.12625465e-01  -2.07291869e+00
    1.20122139e+00  -5.62566678e-01   8.47371431e-02   2.16137443e+00
    1.59092829e+00   2.25972615e+00  -2.14575952e-01  -1.50482110e+00
   -7.07126078e-01 
   -4.12482906e-01   1.20043448e+00   2.04597544e+00  -1.29064440e+00
    6.36658598e-01   1.22338116e+00   2.11396812e+00  -4.55984010e-01
    1.03559195e-01  -2.50779027e-01  -2.11688749e+00   5.79487155e-01
   -8.62797897e-01  -1.47028739e+00  -4.81501371e-01  -1.93827809e-02
    1.12696645e-01 
    9.18226454e-01   1.53955900e+00   1.69229488e+00  -2.05212772e+00
   -1.28460084e-01   3.19871732e-01  -1.99594210e+00   1.60275187e+00
   -5.39759558e-01   5.37619949e-01   9.05147396e-01   2.10958017e-01
   -1.68216909e-01  -4.70391595e-01  -1.47253404e+00   8.09484557e-01
   -7.45518653e-01 
    7.36405988e-01  -1.27876287e+00   1.30066716e+00  -5.04994194e-01
    7.07936691e-01   4.28774329e+00  -2.30299516e+00  -1.61700598e-01
    2.48708357e+00   2.39668872e+00   1.92549948e-01  -3.18217987e-01
   -6.34096624e-01  -2.81551110e+00  -1.45404808e+00  -1.55067581e-01
   -7.03767976e-01 
    4.23995225e-02   2.73673055e+00  -7.47673849e-01  -1.17433923e+00
    6.78842844e-01  -1.27542088e+00  -1.25228918e+00  -1.76532786e-01
   -1.67976777e+00   2.43536291e+00   1.38729416e+00  -1.30504139e+00
    9.33756855e-01  -1.93233957e+00   1.44743884e+00  -1.75384740e+00
   -1.67837624e-01 
   -1.27308473e+00  -1.69244673e-01  -6.97099969e-01   1.19909039e+00
    1.77195573e+00  -8.36765586e-01   1.28543745e+00  -8.49611125e-01
   -1.14986042e+00   8.52193462e-01   8.07622334e-01   2.12542166e+00
   -2.90926249e+00   4.08746464e-01  -8.08782559e-01  -1.38084404e+00
    3.45659445e-01 
   -7.96549567e-01   5.42498937e-01  -5.47773581e-02  -2.82617457e+00
   -2.49496033e+00  -1.43286331e+00   8.34368995e-02   4.30001964e+00
   -1.36335752e+00   3.78978689e-01  -3.56897056e-01   3.15330977e+00
   -1.17464583e+00  -4.76307524e-01  -1.90105357e-01  -1.47158039e-02
   -6.78915728e-01 
    3.12534268e+00  -8.82046175e-01   2.11927447e-01   2.04852446e+00
    1.67019719e+00  -7.41261207e-01  -1.22548241e+00   6.59476889e-01
    2.27443816e-01  -1.23338557e+00   6.13342208e-01  -5.57513506e-01
   -3.07321728e+00   4.97639127e-01   1.10003497e+00  -1.03959190e+00
   -2.66804470e-01 
   -1.82638076e-01  -2.59010439e+00   1.60428220e+00   1.27886793e-01
   -2.01080503e-01   4.34984284e-01  -3.43599754e+00  -3.26622586e-01
   -1.93819775e+00   1.12685661e+00   3.11202877e+00   1.21086944e-01
   -4.84500601e-01   1.29920085e+00  -5.57859072e-01  -7.42668948e-01
   -1.31317755e+00 
   -5.87641563e-01   5.41576672e-01  -5.90950553e-01   1.64925012e-01
    2.33837838e+00  -2.02085998e+00   1.09915573e+00   1.02064623e+00
    1.16747786e+00   1.60498853e+00  -2.28574884e+00  -1.79950349e+00
   -1.08841713e+00   3.36692328e-01  -3.78004385e-01  -3.78304796e-02
   -1.13388162e-01 
    1.71845646e+00  -1.88288910e+00   7.73326198e-01   3.08586061e+00
   -2.24021256e+00   7.65971380e-01   4.04015482e-01  -9.10606944e-01
   -1.65092517e+00  -1.63739659e-01  -6.35406058e-01  -2.60215403e-01
    7.51535210e-01   2.37879730e+00  -2.25109083e+00  -2.00525551e-01
    5.81110625e-01 
    1.68257579e+00  -1.12748999e+00  -2.92888738e-01   1.35297289e-01
   -2.74203516e-01  -3.16876067e-01   3.15807758e+00  -2.96432215e+00
   -1.11269778e+00  -1.08766653e+00  -5.89299318e-01  -9.32279359e-01
    1.18558347e+00  -2.01244266e+00   9.61336109e-01   6.04026649e-01
    5.35940261e-01 
    1.50906763e+00   6.02568786e-01  -3.16857162e+00  -4.47345240e+00
    1.08897331e+00   6.82443202e-02   5.67093985e-01   1.63767231e+00
    7.34244666e-01   3.02801026e-01  -8.28803330e-01  -1.35182430e+00
   -3.57009738e-01   1.52159104e+00  -6.13158229e-01   1.17094716e+00
    2.33415246e-01 
   -1.55981821e+00   6.10283618e-01  -3.21359722e-01   2.68857621e-01
    6.75534193e-01  -1.85860570e+00   3.30871336e-01   2.62398699e-01
    1.49139966e+00  -9.72913301e-01   1.36455425e+00   2.79647887e-01
    8.74362846e-01  -1.15836555e+00  -7.63668533e-01   1.21803901e+00
   -7.30027999e-01 
   -1.92037155e-01  -2.55975993e+00   2.29498559e+00   1.35333039e-03
   -2.49667790e+00   2.16084489e-01  -2.67162956e-01   1.65538600e+00
    1.65424650e-01   1.57796624e+00  -1.68269784e+00  -5.99209405e-01
    4.88184092e-01  -1.12146949e+00   5.86425531e-01   6.20969315e-01
    8.58121622e-02 
   -1.40413550e+00   4.46792906e-01  -7.88351216e-01   2.24894144e+00
   -7.04122825e-01   1.88905561e+00   1.20174386e+00  -1.72687638e+00
   -7.57746935e-02  -1.82518062e+00  -5.15327417e-01   6.58998175e-01
    1.73643991e+00  -1.73210122e-01  -3.31193932e-01  -2.43070422e+00
    3.06032159e-01 
   -2.34049992e-01   2.73960353e+00   1.14552675e+00  -6.50306282e-01
   -2.20331624e-01  -4.81776568e+00   1.24159270e+00   3.48853465e+00
    1.47126271e+00  -2.66391526e+00   6.72840456e-01  -2.99118012e-01
   -4.83571528e-01  -9.23354916e-01   7.18063901e-01  -4.38397712e-01
   -3.71383299e-01 
   -2.70427987e+00   8.47277652e-01   2.10511265e+00  -5.75272697e-02
    1.54126599e+00  -9.89620813e-01  -1.48009244e+00  -2.66599791e-01
    2.38633143e+00  -1.17204667e+00   3.11552864e-01  -1.78281928e+00
    4.33768473e-01   4.80467555e-01  -1.17876995e+00  -4.82150414e-01
    6.35047506e-01 
   -3.04945969e-01  -7.77986068e-01   5.83254475e-01  -7.80565377e-01
    2.44032497e+00  -1.00375379e+00   1.45334255e-01   2.59472897e+00
   -2.66131210e+00  -7.81367582e-01   1.38067362e+00   9.10806557e-01
    3.52430234e-01  -8.18801151e-01  -5.06247282e-01  -1.22435666e+00
   -3.78129622e-01 
   -2.12399421e+00   3.32216492e-01  -1.33349780e+00   2.11317335e+00
   -1.00905185e+00   1.14422126e+00   8.92464932e-01  -6.86806859e-01
    1.01008224e+00   1.45610627e+00   1.83174252e+00  -1.65897918e+00
    8.36356214e-01  -1.34492321e+00   6.58505379e-01  -2.95127579e-01
   -6.08752525e-01 
    2.12874588e+00   1.62654479e+00  -2.17917978e+00  -1.27882383e+00
   -3.75029181e+00  -1.77901193e+00   9.29503861e-01   5.63346758e-01
    1.37170413e+00  -2.50008421e+00   1.82192241e+00  -2.31472923e-01
    7.02120676e-01  -4.34871595e-01  -8.41037777e-01   8.60590886e-02
   -2.08520459e-01 
    1.88845852e+00   4.10331012e-01  -2.13786232e+00   6.88350445e-02
   -1.07679083e+00  -6.41442757e-01   2.82062828e+00  -3.17180458e+00
   -1.69049424e-01  -3.20021451e-01   1.83323119e-01   8.44908896e-01
   -1.73562595e-01   1.35880556e+00   7.04422113e-01   1.32679306e+00
   -5.13303053e-01 
   -7.30961969e-01  -3.23427550e-01   2.02352853e+00  -2.28168270e-01
    1.72419465e+00   2.16868293e+00  -3.50046822e+00   3.64149640e-01
    3.01321422e-01  -8.72581678e-01  -3.34267867e+00   1.89702186e-01
    2.03610599e+00  -1.49875230e+00  -1.41112314e-01   3.28724502e+00
   -2.78641353e-01 
   -6.04290652e-01   2.94361108e+00   1.28958860e+00   1.74959858e-01
   -1.47698559e+00   1.81867045e+00  -6.67299331e-01   1.73270375e-01
   -8.54734609e-01  -2.40719629e+00  -1.19234660e-01   1.02527125e-01
   -8.97292772e-01   6.58051495e-01  -5.93686702e-02   8.34991371e-01
   -5.56433087e-01 
   -1.90329273e-01  -9.95343708e-01  -1.19159979e+00   4.98845137e-02
   -2.04416547e-01   2.63302832e+00  -6.61625160e-01   9.05708404e-01
    1.76539160e-01  -2.87934872e+00   1.20407171e+00  -2.72102708e-01
   -1.50096473e+00   4.60332536e-02   3.30479625e+00  -1.58695490e+00
    7.02424757e-01 
   -1.77976513e-01   2.58883073e+00   1.85051202e-01  -1.00215181e+00
    1.02673918e+00  -1.77556534e+00  -2.53764354e+00  -1.21897692e+00
   -5.82339060e-01  -9.82564654e-01  -1.55036201e-01   9.91855875e-01
    7.39378596e-01   5.40373832e-01   2.12257502e-01   1.01260817e+00
   -1.16789233e-01 
   -8.41658195e-01   1.36354905e-01   3.03837568e+00   1.70192131e+00
    7.99124748e-01   5.80789150e-01  -2.16642710e+00  -1.37847103e+00
   -8.04377743e-01   7.42177792e-01  -2.18265612e+00  -1.45323454e+00
   -1.88098405e+00   1.78450569e+00   1.80934023e+00   1.20605015e+00
    2.48245166e-01 
    1.58032751e+00   8.61853268e-01  -1.06712050e+00  -3.35500396e-01
   -9.40961596e-01  -2.70512267e-01  -5.33677607e-01  -5.41890019e-01
    1.74593855e+00   1.70683981e+00  -2.49969051e+00  -2.20698926e+00
   -5.67283692e-01  -1.89554029e+00   2.41023388e+00   7.79859679e-01
   -6.36181092e-01      3.68986239e+00  -1.17583917e+00   2.52193637e-01  -2.09385702e+00
   -1.10256042e+00   1.55377596e+00  -7.86137072e-01  -1.20247491e+00
    4.59421249e-01   6.94538635e-01  -1.61056805e-01  -3.20525895e+00
   -9.38906591e-01   6.22805763e-01   9.43461670e-01  -1.54423717e+00
   -1.99573933e-01  -1.46362035e-02   2.16973141e-02  -2.47738977e-02
   -2.11472884e-01   1.80688266e+00   6.60627845e-01   2.08622030e+00
   -1.56489190e+00  -9.13089499e-01   2.46749703e-01  -7.69387631e-02
   -3.04549936e-02  -2.54415916e-01   1.46732820e-01  -1.22822970e+00
   -1.46123327e-01 
    5.70375967e-01   4.87703008e-01  -2.01244978e-01  -2.75440254e-01
    1.10797133e+00  -3.30942448e-01  -1.32875122e+00   8.78245832e-01
   -1.97364169e+00  -2.78220705e-01  -8.91956383e-01   3.28073909e-02
    1.14964251e+00  -1.24793796e-01   1.48416683e+00   2.71069586e-02
   -6.42578095e-02  -1.22080197e+00   2.05854827e+00  -2.07933552e+00
   -1.49288361e+00   2.02773132e-01   3.56281921e-01   3.75065408e-02
   -1.36449968e+00   8.08075530e-01   6.75208491e-01  -4.47128428e+00
    1.35440010e+00  -1.62800114e+00   2.24797979e-01  -1.15388627e+00
    3.03599521e-01 
    6.81492662e-01  -3.28828701e-02   2.81032621e+00   1.21259601e+00
   -1.82025289e+00  -2.04013244e+00  -1.22131112e+00  -9.09523405e-01
    1.35733911e+00   1.10276042e+00   2.43131851e-01   6.27331894e-01
   -2.08091638e+00   9.93513300e-03  -5.18037704e-01  -1.25750733e+00
    2.19008256e+00   1.21241687e-01  -1.40899043e+00   1.34157755e+00
   -1.23853043e+00  -2.38384026e+00  -1.02136256e+00   1.25791025e+00
    1.23782594e+00   7.54761304e-01  -2.54589613e+00  -5.39449570e-01
    2.15179542e+00  -1.10611636e-01  -2.23508216e+00   8.65089225e-01
   -3.61619758e-01 
   -1.55493534e+00   2.53357121e-01  -1.54838206e+00  -1.04125574e+00
    1.96000554e+00   1.16041890e+00   1.19223208e+00   1.54733540e-01
    5.99051477e-01  -8.24337834e-01   2.84710218e+00  -1.97033871e+00
    3.61857653e-01  -8.31791687e-01  -3.20155830e+00   2.59267664e-01
    3.91876455e+00  -1.66277572e-01   1.55331196e-01  -2.29883815e+00
   -9.84330839e-01   4.51536591e-01   7.73234952e-01  -2.89056995e+00
    6.20640345e-01   5.66387696e-01  -5.55770555e-02  -1.90290042e-02
   -3.77389061e-01   2.36359611e-01  -1.75637148e+00  -4.45401981e-01
   -1.80073012e-01 
   -1.96739315e+00  -1.27555805e+00  -2.44948805e+00  -5.99927480e-01
    1.12334365e-01  -3.55560513e-01  -2.63067103e-02  -1.11410626e+00
   -3.43653989e-01  -3.03246750e+00   1.46464124e+00  -6.59912110e-01
   -1.90966253e-01  -2.54116744e+00   2.94795477e+00  -1.75066021e+00
   -1.05429420e-01  -1.60512657e+00   2.64838410e+00  -3.80866386e-01
    1.26460196e+00  -1.13715334e+00  -3.38915788e+00   2.02442535e+00
    1.88415044e+00   1.20783723e+00  -1.49445535e+00  -6.73556501e-02
   -3.14153519e-01  -9.76829642e-02  -1.13768563e+00   1.81543164e+00
   -2.21010312e-01 
   -1.54682593e+00  -2.60735971e-01   7.14534144e-01   2.32482303e-01
    1.16003302e+00  -7.17787416e-01  -5.20312185e-01  -3.48940843e+00
    1.12339793e+00   1.57444891e-01  -3.75737130e-01   4.39263415e-01
   -9.24860681e-01   1.97944987e+00  -8.47435269e-01  -2.06083928e+00
   -1.36239523e+00   6.90022531e-01  -1.80739816e-01  -2.44350442e+00
    4.40651489e+00   5.41809588e-01  -2.12879931e-01  -2.13350368e-01
    4.73562720e-01   5.89124392e-01  -1.24380839e+00  -1.77972409e+00
   -3.76564764e+00   8.83329674e-01  -1.26114384e-01   4.30211618e-01
    1.37936683e-02 
    8.50110108e-01  -1.40541012e+00   7.92252544e-03  -8.76814939e-01
   -1.73670337e-01  -2.46950266e+00   1.13261776e+00   9.78656738e-01
    6.27089644e-01  -2.05854428e+00  -6.22679519e-01   2.78740816e+00
    3.02362099e+00  -1.61171225e+00  -1.00773012e+00  -3.95752049e+00
   -8.47346916e-01  -4.55636406e-02  -5.80161454e-02  -7.13114911e-01
   -8.30364988e-01  -2.24513736e-01  -2.79949490e-01  -7.93666678e-01
   -1.49050847e+00  -2.03704967e+00   9.59240001e-01   4.24473907e-01
    4.23584513e-01   2.79055277e+00   9.28977546e-01   2.09535138e-01
   -4.38592566e-01 
    1.92377083e-01  -7.32561323e-01   2.26914906e+00  -5.10139717e-01
    1.77053459e+00  -3.57396937e-02  -9.21059417e-01  -2.84184688e-01
   -2.77219837e-01   5.21447718e-01  -4.37544357e+00   1.68348107e-01
    1.23682603e-01  -1.94726870e+00  -5.26199413e-01   2.30662031e+00
   -2.56112734e+00  -5.81876849e-01  -2.35684879e+00  -2.62891016e-01
   -2.65029871e+00  -1.19232600e-01  -2.94930574e+00   1.49155384e-01
   -3.83758523e-01   3.43111110e+00   4.61740870e-01   7.51291123e-01
   -1.40425349e+00   8.46671301e-01   1.20020148e+00  -1.64114180e-01
   -1.09298057e+00 
   -2.11778885e+00   2.46572483e+00   1.19426728e+00   1.44537986e+00
   -2.02549850e+00  -2.35847862e-01   1.24959050e+00  -2.35302149e+00
    2.29689978e+00   3.36256912e-01   7.35072887e-01  -1.57843238e+00
    1.13381334e+00  -1.64071646e+00   1.91410482e+00   1.20607264e+00
   -7.49341433e-01  -2.55285456e+00  -3.33533192e-01   5.12005165e-01
   -1.58023522e+00  -1.77080912e+00   2.19127775e+00  -1.34191308e+00
   -2.00378675e+00  -4.18921497e-01   5.88002428e-02   3.92088878e-01
   -1.38956321e+00  -7.47461957e-02   1.56503529e+00  -1.94671593e+00
   -5.74216377e-01 
    1.15926532e+00  -1.02151664e+00  -9.73842551e-01  -1.53499770e+00
   -1.00401745e-01   1.63690198e-01  -1.00941069e+00  -2.52813916e+00
   -2.57318519e+00  -2.62457658e+00  -1.86709721e+00   1.90509248e+00
   -2.60369084e+00  -1.45129848e+00   2.17334048e-01   2.25903909e-01
    5.53147279e-01  -2.96189254e-02  -2.24521232e+00   1.70148849e+00
    1.37290984e+00   1.26778439e+00   5.74186288e-01  -2.52284905e+00
    2.70256152e+00  -8.84841270e-01   2.09024864e+00   5.13983231e-01
    2.62025875e+00   4.51083257e-01  -1.72103233e-02  -1.95643153e+00
   -4.46667734e-01 
   -7.09223997e-02  -2.90414196e+00   4.45563751e-01   9.71826555e-01
   -5.96571270e-01   1.38172905e+00  -1.17369899e+00  -2.22793752e+00
   -1.83747453e+00  -1.67094671e-01   1.21349251e+00   4.01306619e-02
   -2.66536325e+00   1.87571963e+00  -2.91185885e-01   2.96008353e-01
    4.85574452e-01  -1.34917995e+00   1.11415212e+00   1.65453200e+00
   -8.00598652e-01  -1.36733879e+00  -1.40929785e+00  -2.79482152e+00
   -1.62807118e+00  -1.57870115e+00   3.64731708e+00   1.07091007e+00
   -1.13115700e+00  -3.50328477e-01   1.63993271e+00   2.68391732e+00
   -4.86182845e-01 
   -1.17375441e+00   4.54877026e+00  -1.38049092e+00  -2.56708563e+00
   -2.15653087e+00  -1.20590565e+00  -1.16651906e+00  -7.85549102e-02
    1.07744751e+00  -2.37490015e+00  -2.68768112e+00   3.79790576e-01
   -6.44981533e-01   1.35264039e+00  -2.61338118e-01   1.66153322e+00
   -7.12017160e-01  -5.73628810e-01  -1.08469915e-02  -8.59624965e-01
    7.86200093e-01   1.81584575e+00  -6.74826481e-01   9.88787548e-01
    5.15817010e-01  -1.62313874e+00  -1.49367787e+00  -2.91437174e-03
    1.11174677e+00  -9.06943952e-01   1.79031731e+00   1.27701491e+00
   -6.36866333e-01 
   -4.31002806e-01  -9.72446338e-01  -2.52989315e+00  -2.10228917e+00
   -2.13638708e+00   9.40057219e-01  -5.89677639e-02  -1.74670190e-01
   -7.03310006e-01   3.58754948e+00   9.03090591e-02   2.22294684e+00
   -9.80804531e-01   3.51782406e-01  -5.12142269e-01  -1.32254169e+00
   -1.31242429e-01  -1.11228918e+00  -4.39674339e-01  -1.47954021e+00
    3.20439960e-01  -3.57476053e-01  -9.01057700e-01  -6.91495278e-01
   -9.11939171e-02  -2.07581133e-01  -1.89368319e+00   5.02290609e-01
    1.60950253e+00  -1.24677408e+00   2.06854751e+00  -4.36297565e-01
   -2.12582854e-01 
   -2.53092388e-01  -8.00333881e-01   5.10611319e-01   1.96163717e+00
   -2.37184531e+00   1.32395742e+00  -2.38022304e-01   1.09460051e+00
    9.56925051e-01  -7.48934670e-01  -9.29957523e-01   8.61132756e-02
   -1.70953974e+00  -7.45412530e-01  -2.70246755e+00   2.14569163e+00
   -3.04680419e+00   4.51435366e-01   1.00666988e+00  -8.34997977e-01
    8.30766831e-01  -5.94349056e-01   1.45757327e+00   3.62201620e-01
    2.60572228e-01  -2.09193219e+00   9.38299884e-01  -1.35592863e+00
    7.40457756e-03  -1.15104363e+00  -9.28024850e-01   7.27817910e-01
   -5.57806396e-01 
   -5.89096171e-01   2.19172661e+00   2.89670060e-01  -1.12238396e+00
   -1.00856562e+00  -1.96539626e-01   9.48033865e-01   1.54973062e+00
   -1.07804475e+00   2.23223879e-01  -1.04282975e+00  -6.62455702e-01
    2.26998642e-01   3.73621288e-01   1.94948574e+00  -1.18865917e+00
    4.46658284e-01   2.35798336e-01  -1.39910100e+00   4.30171468e-01
   -7.95184979e-01   1.00658567e+00  -3.62012991e-01  -3.87760970e-01
    9.42306766e-01  -1.29336707e+00  -3.91263582e-01  -3.83424291e-01
   -2.56761412e+00  -1.58810633e-01  -1.88752721e+00  -2.92779827e+00
   -9.87150853e-01 
   -1.48888073e-01  -1.77941691e+00  -2.41882321e+00   2.00013985e+00
    1.40486569e+00   9.30923051e-01  -3.81839879e-01  -4.68604926e-01
    2.06750409e+00   1.24940629e+00   2.16489912e-01   5.00001336e-01
   -4.17640258e-02   2.52578711e-01  -1.03055612e+00  -5.88447666e-01
   -2.56895773e-01  -1.87828746e+00  -8.80552640e-01   1.68293944e+00
   -4.62348639e-01   7.91877208e-01   4.41630448e-01  -1.53578899e+00
   -5.20352143e-01  -1.57085275e+00  -1.60587935e+00  -6.10412069e-01
    1.15381065e+00  -5.00039879e-01  -8.42485816e-01  -6.63079770e-01
   -1.59131145e-01  