NN 16 32 16   -3.65932888e+00  -9.45731380e-01  -1.20090635e-01   6.38810474e-01
    2.40052791e+00  -9.30389891e-01  -1.94760454e+00  -1.98641635e+00
    3.08169395e+00  -1.34295963e+00  -1.63598157e-01   2.82091033e-01
    9.11579282e-01  -2.16550680e-01   2.54735269e-01  -4.92468401e-01
   -8.21821606e-01 
    6.07882755e-01  -4.61659950e-01  -4.65027812e-01  -3.31007446e-01
    1.15519320e+00  -5.30839463e-01   1.33533053e-01   5.50265275e-01
   -2.54452769e+00   7.17046756e-01   2.18144530e+00  -3.64631549e+00
    7.15355134e-01   7.05068880e-01  -1.96941733e+00   1.30793315e+00
    5.70568176e-01 
   -9.10798877e-01   6.03552230e-02  -2.65428756e+00   8.91491041e-01
    2.49726957e+00  -1.75851543e+00  -5.33045410e-01  -6.90854385e-01
   -1.07178941e+00   5.07548552e-01  -1.81034137e-01   2.24059526e-01
    1.44904753e+00  -7.72809098e-01  -2.57727216e-01   1.96734147e+00
    1.35939772e-01 
    1.64685881e+00  -8.74246212e-01  -1.30827198e+00   1.03361605e+00
   -1.70510696e-02  -1.13156064e+00   8.44924388e-01  -4.41454764e-01
   -1.51412755e+00   7.47322332e-01  -1.55306373e+00   1.71080623e+00
    1.66899536e+00  -1.61951316e+00   1.09667808e+00  -1.91768408e+00
   -2.69954537e-01 
   -3.04375573e-01  -1.51912385e+00   1.51898592e+00  -1.08789376e+00
   -2.65599822e-01  -6.61311167e-01   1.99978563e-02  -2.09871844e+00
    1.11123367e+00  -5.34036235e-01   1.75418768e-02   1.91438107e+00
    1.49291784e+00   2.11096297e+00  -1.97169874e-01  -1.50491326e+00
   -7.68661592e-01 
   -3.29696167e-01   1.13144661e+00   1.77918677e+00  -1.26481780e+00
    6.78069549e-01   1.29264054e+00   1.87780673e+00  -3.60525184e-01
   -6.28050287e-02  -2.47527984e-01  -1.99031812e+00   4.43122673e-01
   -8.15500383e-01  -1.42071521e+00  -4.59963368e-01  -1.34333107e-01
    2.34890147e-02 
    7.76055447e-01   1.63379748e+00   1.54961231e+00  -1.80701881e+00
   -7.48449464e-02   7.49284621e-02  -1.77005498e+00   1.23345247e+00
   -4.80266938e-01   5.77965667e-01   8.82532466e-01   3.63896157e-01
   -1.25476111e-01  -3.36169163e-01  -1.35977964e+00   8.70793471e-01
   -6.20984373e-01 
    8.74067207e-01  -1.31049308e+00   1.05149417e+00  -2.98730521e-01
    6.16858355e-01   4.01610886e+00  -2.03394636e+00  -9.48117627e-02
    2.39763343e+00   2.28280860e+00   5.06113966e-01  -5.75562068e-01
   -6.04353646e-01  -2.57304817e+00  -1.25654867e+00  -4.44073921e-02
   -6.22764908e-01 
    1.77355246e-01   2.61130243e+00  -8.58449156e-01  -9.72571242e-01
    7.37207223e-01  -1.35419393e+00  -1.14101696e+00  -2.05896330e-01
   -1.63930472e+00   2.30927223e+00   1.35635904e+00  -1.08478502e+00
    8.29628796e-01  -1.71967401e+00   1.35239630e+00  -1.54127787e+00
   -1.37308104e-01 
   -1.37116488e+00  -7.42127175e-02  -7.22401259e-01   1.18705434e+00
    1.77661425e+00  -8.54427990e-01   1.24400692e+00  -7.71310263e-01
   -9.91845361e-01   1.12392061e+00   5.85912737e-01   1.99058331e+00
   -2.61471923e+00   5.69060989e-01  -5.44670116e-01  -1.26553105e+00
    3.73215555e-01 
   -4.27903686e-01   4.00866020e-01  -2.12136008e-02  -2.78642112e+00
   -2.05815741e+00  -1.48415586e+00   1.09014674e-01   4.02046220e+00
   -1.09162602e+00   6.08300948e-01  -6.99238879e-01   2.91452320e+00
   -1.02549143e+00  -3.51186858e-01  -1.83906904e-01  -3.87277469e-02
   -6.54084624e-01 
    2.81170560e+00  -8.81972847e-01   3.03253008e-01   1.89173506e+00
    1.52652044e+00  -5.54478598e-01  -1.18620734e+00   6.64040015e-01
    2.90927072e-01  -1.08560154e+00   4.30314915e-01  -4.46822771e-01
   -2.96905472e+00   4.27131211e-01   9.79957864e-01  -8.55233401e-01
   -1.41617229e-01 
   -2.36167454e-01  -1.95931494e+00   1.28114863e+00   2.02948266e-01
    4.71927881e-02   2.48284747e-01  -3.38082418e+00   1.09960884e-01
   -1.77670716e+00   1.04116798e+00   2.99233160e+00   1.00230960e-01
   -3.64619081e-01   1.31442604e+00  -5.95345892e-01  -6.26809175e-01
   -1.20543561e+00 
   -4.77197513e-01   2.74492901e-01  -4.53844498e-01  -2.82427942e-03
    2.17400801e+00  -1.93766436e+00   7.77436471e-01   8.61683706e-01
    1.05772337e+00   1.60462699e+00  -2.27416258e+00  -1.74736597e+00
   -9.66837094e-01   3.82347939e-01  -3.70964842e-01  -1.40926803e-01
   -1.32247417e-01 
    1.49307461e+00  -1.82872377e+00   4.91626835e-01   2.90167158e+00
   -2.21048915e+00   7.02137579e-01   4.63396443e-01  -9.40241002e-01
   -1.64695455e+00  -4.83741241e-02  -3.81283416e-01  -2.62054298e-01
    7.48457315e-01   2.34382970e+00  -2.09689215e+00  -1.21828544e-01
    5.76840909e-01 
    1.42822542e+00  -1.08364022e+00  -3.11149556e-01   1.31127894e-01
   -2.14444467e-01  -1.60482839e-01   3.03067633e+00  -2.91580603e+00
   -1.36989323e+00  -7.95782014e-01  -4.09071034e-01  -8.64634817e-01
    1.24812130e+00  -1.84873333e+00   9.16908685e-01   5.02831416e-01
    5.23921756e-01 
    1.54600137e+00   6.49674470e-01  -3.09617174e+00  -4.09128279e+00
    9.58753444e-01   2.53009117e-02   9.37295000e-01   1.39502873e+00
    8.82322176e-01   2.32507734e-01  -9.46644490e-01  -1.15822809e+00
   -3.64809703e-01   1.70288626e+00  -5.74285541e-01   1.02621030e+00
    1.84927845e-01 
   -1.45604908e+00   4.07354497e-01  -2.17653390e-01   2.18138133e-01
    7.15423409e-01  -1.45055576e+00   1.25585832e-01   2.45948168e-01
    1.49314261e+00  -8.93015062e-01   1.12152933e+00   1.46660474e-01
    8.91166031e-01  -1.00001837e+00  -6.34145981e-01   1.20434652e+00
   -6.25890275e-01 
   -9.58398471e-02  -2.31055328e+00   2.17679590e+00  -6.44336751e-02
   -2.32725626e+00   2.18386223e-01  -2.90760021e-01   1.53677896e+00
    2.84030122e-01   1.57607989e+00  -1.66808785e+00  -5.16206098e-01
    6.25628267e-01  -1.13054049e+00   6.18321887e-01   6.17501588e-01
    1.13706895e-01 
   -1.26459534e+00   5.01104484e-01  -8.01574293e-01   2.05823814e+00
   -7.54032780e-01   1.86939487e+00   1.06166193e+00  -1.54172472e+00
   -2.44965333e-01  -1.78197965e+00  -6.50099845e-01   6.39251491e-01
    1.81563927e+00   1.74961888e-01  -2.18641934e-01  -2.15566146e+00
    3.93567998e-01 
   -5.22610541e-02   2.57843242e+00   1.22983761e+00  -5.73606118e-01
   -2.62585730e-01  -4.66592716e+00   1.26626438e+00   3.24724415e+00
    1.34754027e+00  -2.20819987e+00   7.11336649e-01  -2.95759444e-01
   -4.87531366e-01  -6.93878842e-01   7.16180492e-01  -2.74287853e-01
   -2.74993562e-01 
   -2.59807403e+00   9.56371382e-01   1.83735213e+00   5.25649602e-03
    1.59499115e+00  -8.25392129e-01  -1.21656574e+00  -4.17220976e-01
    2.30561999e+00  -1.26282332e+00   4.00050149e-01  -1.77919612e+00
    6.20797857e-01   5.20667340e-01  -1.04233391e+00  -3.61934115e-01
    6.84054800e-01 
   -2.17412152e-01  -6.12454306e-01   6.34843933e-01  -8.65750064e-01
    2.29816245e+00  -1.24660347e+00   9.84921006e-02   2.32751129e+00
   -2.51350228e+00  -7.09065487e-01   1.33516368e+00   8.22924390e-01
    4.78747960e-01  -6.94504049e-01  -3.96229959e-01  -9.76880936e-01
   -2.98367418e-01 
   -1.92630693e+00   1.98356471e-01  -1.42129897e+00   2.09005760e+00
   -8.93009773e-01   9.34802897e-01   7.90544295e-01  -6.52315934e-01
    1.03596296e+00   1.51898825e+00   1.58444687e+00  -1.76037060e+00
    9.01753348e-01  -1.27975756e+00   6.33681038e-01  -1.63158934e-01
   -5.74079768e-01 
    1.93559821e+00   1.61767812e+00  -1.93365409e+00  -8.78429956e-01
   -3.54851553e+00  -1.24256814e+00   1.02496069e+00   5.09383906e-01
    1.38171546e+00  -2.45867492e+00   1.91228984e+00  -1.82053623e-01
    5.68469204e-01  -3.05112785e-01  -7.16363776e-01   1.57844528e-01
   -1.16189985e-01 
    1.78615307e+00   4.77416674e-02  -1.73940134e+00  -2.94409362e-01
   -1.04139659e+00  -5.45276994e-01   2.78172295e+00  -3.03080763e+00
   -1.67700855e-01  -2.08621551e-01   1.25186753e-01   8.86679527e-01
   -3.06483793e-01   1.23048900e+00   7.13121977e-01   1.05055622e+00
   -6.36638413e-01 
   -6.76204447e-01  -4.65629732e-01   1.90683321e+00  -2.54959090e-01
    1.61371272e+00   1.88716296e+00  -3.18148067e+00   4.41072590e-01
    1.82466889e-01  -8.47582203e-01  -3.10594573e+00   1.82230395e-01
    1.89445087e+00  -1.36868198e+00  -4.50719808e-02   2.96998048e+00
   -2.33344194e-01 
   -8.00851752e-01   2.67598604e+00   1.24954687e+00   1.88000627e-02
   -1.29479072e+00   2.02241269e+00  -4.32659420e-01  -7.64921069e-02
   -9.88273732e-01  -2.11673628e+00  -2.35772592e-01  -1.38581607e-01
   -9.20756789e-01   5.91281645e-01  -7.22149481e-02   7.41352601e-01
   -5.19159361e-01 
   -2.61338917e-01  -1.08978285e+00  -1.24989069e+00   1.32880281e-01
    1.13216505e-01   2.55750483e+00  -8.02379969e-01   8.31498640e-01
    4.38479896e-01  -2.47837336e+00   1.25067360e+00  -3.15313856e-01
   -1.42167041e+00  -4.13008649e-02   2.99816383e+00  -1.46997151e+00
    6.11403233e-01 
   -3.31686342e-01   2.23427020e+00   3.00511882e-01  -8.36312266e-01
    8.34889119e-01  -1.52516485e+00  -2.42668764e+00  -1.34686610e+00
   -4.81702437e-01  -9.30414973e-01  -4.23928950e-02   9.90174117e-01
    7.54584677e-01   4.77211107e-01   9.33528708e-02   1.02004895e+00
   -4.50440609e-02 
   -1.11224458e+00   2.18681905e-01   2.65717979e+00   1.65410454e+00
    9.32875594e-01   2.57889289e-01  -2.10718369e+00  -1.12149843e+00
   -8.37826893e-01   7.20575005e-01  -1.93378586e+00  -1.48057092e+00
   -1.73459444e+00   1.46590880e+00   1.58689675e+00   1.06359590e+00
    2.28056341e-01 
    1.46993036e+00   9.18469953e-01  -9.74033644e-01  -2.95056558e-01
   -9.14693159e-01  -2.95669645e-01  -4.64360850e-01  -5.58881115e-01
    1.69699758e+00   1.57956220e+00  -2.30325283e+00  -1.95895226e+00
   -4.74866712e-01  -1.64461713e+00   2.39931031e+00   7.83258689e-01
   -5.25933581e-01     3.48898938 -0.95785287  0.36109576 -2.00037927 -0.88669523  1.24783525
  -0.67543434 -1.02452165  0.54270517  0.75198804  0.1978579  -3.11852187
  -0.81470079  0.33549411  0.93954761 -1.61541472 -0.19051062  0.1633674
   0.15927337  0.31126345 -0.22608027  1.91976737  0.58966174  2.11405199
  -1.54036441 -0.87178966  0.55652954 -0.12858267 -0.12437438 -0.32701905
   0.21151051 -1.39249418 -0.13186582 
   0.64686079  0.49710546 -0.28606715 -0.18267082  0.86075395 -0.18164514
  -1.41515058  0.99939866 -2.16159421 -0.21635359 -0.96581752  0.02120197
   1.17283062 -0.18944209  1.58650657  0.06410626  0.11910926 -0.91228044
   2.07325289 -2.11883018 -1.5251308   0.18727643  0.42711075  0.09947767
  -1.42290758  0.64646215  0.7453091  -4.23566749  1.34753481 -1.85034293
   0.01038929 -1.27649748  0.15249282 
   0.58516006 -0.07955487  2.78753322  1.1099478  -1.70998551 -1.64863637
  -0.98845975 -0.90791594  1.42178576  1.10871425  0.40769232  0.55175577
  -2.14600634  0.03571311 -0.45131368 -1.22072608  2.27470693 -0.03079254
  -1.45144663  1.17032218 -1.37764589 -2.60256115 -1.19934009  1.13007014
   1.19788183  0.89663473 -2.31912736 -0.59800412  1.98600662 -0.24499898
  -2.38029618  0.87742193 -0.36677287 
  -1.40816676  0.3822744  -1.37317496 -1.01992672  1.85115837  1.40507344
   1.30625945  0.2733316   0.55206778 -0.80083982  2.71433514 -1.99776648
   0.5625125  -0.91850191 -3.26378663  0.08884635  3.87002212 -0.13196415
   0.19397341 -2.12459061 -0.97010082  0.6431895   0.79372568 -2.85862045
   0.53956445  0.63726511 -0.03115968  0.16059303 -0.36241968  0.32400588
  -1.67036744 -0.61513651 -0.0865948  
  -1.79485856 -1.17874151 -2.19782757 -0.4835849   0.25720628 -0.34010392
   0.03225731 -1.24217664 -0.25420306 -2.76737155  1.38946053 -0.52155159
  -0.04993089 -2.4118398   2.73316118 -1.6498267  -0.24533182 -1.41352843
   2.47723154 -0.14592249  1.38207259 -1.27873367 -3.13612135  2.07687976
   2.11664129  1.38411403 -1.46918734 -0.21354499 -0.65075286 -0.25234861
  -1.16015269  1.63639949 -0.19594648 
  -1.23270284 -0.22022675  0.6167579   0.48787737  1.06451091 -0.67142846
  -0.38576601 -3.67892251  1.02210829 -0.00588263 -0.11660467  0.32684035
  -0.87250631  1.89200529 -0.83803426 -2.06104212 -1.43097812  0.54498577
  -0.12508501 -2.56965805  4.51569017  0.44514436  0.02735239 -0.12124219
   0.20710748  0.49128852 -1.36519672 -1.58965355 -3.68587527  0.81518224
  -0.18195805  0.24437892 -0.0238303  
   0.65714531 -1.05524133  0.15063626 -1.10359369 -0.26292058 -2.18438406
   1.10358671  0.7837968   0.41087795 -2.12107304 -0.70446113  2.59515022
   3.03882682 -1.70636034 -1.12180191 -3.8985208  -1.0556756   0.17055828
  -0.28272381 -0.32187828 -0.77934637 -0.31009294 -0.40877993 -0.58851086
  -1.32832263 -1.64657881  1.09987723  0.332977    0.44390753  2.76227806
   0.67289898  0.29648074 -0.36134185 
   0.09173469 -0.71868024  2.06289749 -0.66886421  1.5771331  -0.16060097
  -0.90060855 -0.11404784 -0.275221    0.47363011 -4.22240156  0.12557521
   0.06685916 -1.73856959 -0.37098922  2.14948838 -2.44803887 -0.58864675
  -2.26698738 -0.40168516 -2.48761291 -0.24843396 -2.76682893  0.18155255
  -0.50866977  3.39535461  0.50407693  0.61622036 -1.42561487  0.82024175
   1.12287374 -0.18006558 -0.91522204 
  -2.04022117  2.35566303  1.14267094  1.3358537  -2.02959653 -0.32805505
   1.23537833 -2.34147167  2.17672461  0.36181945  0.7282809  -1.43314921
   1.15290747 -1.51679666  1.96957471  1.20234844 -0.820136   -2.25669807
  -0.38266276  0.54193066 -1.40272154 -1.71303551  2.10755013 -1.33794801
  -1.77569301 -0.47534429  0.01007477  0.55125721 -1.30260812 -0.08893212
   1.50410379 -1.85987671 -0.51399894 
   0.96198291 -0.92655248 -0.87558794 -1.35615859 -0.13265718  0.28552884
  -0.89793318 -2.33348448 -2.40566194 -2.60712342 -1.83244999  1.66591514
  -2.46802807 -1.4100255   0.10384274  0.16671517  0.59864285 -0.01724129
  -2.11989631  1.73182796  1.25937106  1.24044978  0.57263469 -2.60513267
   2.64151736 -0.67748319  1.94002031  0.44245057  2.36271622  0.34824198
   0.04740699 -1.75116908 -0.30615338 
  -0.17721533 -2.74672772  0.34130125  0.87706436 -0.61643367  1.226406
  -1.14259787 -2.19776375 -1.61165099 -0.03947965  1.15012068  0.15526612
  -2.63738829  1.87539299 -0.30914721  0.19617616  0.5498439  -1.27873623
   1.02796196  1.66633642 -0.80019253 -1.29800964 -1.32654307 -2.61756131
  -1.68874642 -1.61103687  3.39256503  1.02172121 -1.10433462 -0.41160419
   1.58299112  2.48357048 -0.42510637 
  -1.27190502  4.2484264  -1.23835275 -2.52153648 -2.04320994 -1.25087113
  -1.13747087 -0.04894693  1.10521346 -2.28769215 -2.60997808  0.28014889
  -0.69478845  1.27301921 -0.20498077  1.63303299 -0.7465599  -0.49575973
  -0.11426934 -0.89368945  0.79033432  1.79303758 -0.57718635  0.86517839
   0.62120496 -1.66198335 -1.51249647 -0.08846066  1.05092341 -0.82122506
   1.53842686  1.08082684 -0.62326567 
  -0.43578417 -0.95600179 -2.52057336 -2.03496055 -2.00130477  0.92311087
   0.02145455 -0.17577574 -0.64034521  3.36696625  0.072369    2.12759136
  -1.0143592   0.27217663 -0.4544095  -1.29490151 -0.06437874 -1.0855498
  -0.38277656 -1.40592428  0.35765697 -0.38739217 -0.8885909  -0.68858687
  -0.00516406 -0.15960348 -1.79134984  0.4713254   1.54314704 -1.19408601
   1.9686832  -0.4364969  -0.18879746 
  -0.28234472 -0.79722471  0.55570167  1.91714375 -2.24576927  1.23338177
  -0.20846996  0.99194843  0.94081042 -0.72717495 -0.86549498  0.06751993
  -1.65887044 -0.70947412 -2.54124331  2.01108714 -2.90230648  0.39383499
   1.01255693 -0.8189903   0.77587827 -0.61577891  1.39480669  0.35646429
   0.31867314 -2.03538542  0.92828257 -1.29970117  0.06472764 -1.05848002
  -0.86775206  0.71065726 -0.46847176 
  -0.57431257  2.01680856  0.26656779 -1.1109986  -0.98266808 -0.14271716
   0.96684904  1.47437408 -0.93076765  0.21659461 -0.9656995  -0.69846724
   0.20970805  0.43124598  1.8095934  -1.10711317  0.46655307  0.28122135
  -1.26052188  0.43804588 -0.66864578  1.04130108 -0.26956666 -0.29503194
   0.89835797 -1.27754794 -0.40619792 -0.3007369  -2.31505142 -0.10626934
  -1.74033887 -2.79008588 -0.88283441 
  -0.18874966 -1.7062553  -2.31477385  1.82050662  1.35691386  0.88978244
  -0.44444054 -0.46143296  1.85411884  1.22570652  0.16030374  0.42890271
  -0.14740504  0.23155535 -1.03268274 -0.4694881  -0.22523042 -1.75072863
  -0.88808687  1.58880801 -0.48310793  0.75394999  0.3290721  -1.48668577
  -0.51527978 -1.48455867 -1.61197721 -0.55074677  1.09038666 -0.49717831
  -0.86828396 -0.6132833  -0.18837482  