NN 16 32 16   -3.29788926e+00  -8.95466569e-01  -8.39618597e-02   5.30436645e-01
    2.17889010e+00  -9.19995397e-01  -1.60509087e+00  -1.78032195e+00
    2.80692653e+00  -1.29148606e+00  -1.43349617e-01   4.10609015e-01
    8.14953850e-01  -1.70134200e-01   3.36554978e-01  -3.69044900e-01
   -7.21360570e-01 
    6.35534264e-01  -5.19030304e-01  -3.98070845e-01  -3.12923348e-01
    9.43929260e-01  -2.81096134e-01   1.15817061e-01   3.95887196e-01
   -2.22396466e+00   6.68651837e-01   1.93183062e+00  -3.45017452e+00
    6.27727892e-01   6.85836894e-01  -1.81496094e+00   1.22457653e+00
    5.32159299e-01 
   -7.85758932e-01   9.41328864e-02  -2.59288778e+00   1.01820172e+00
    2.47035617e+00  -1.69802829e+00  -4.61916416e-01  -7.85328833e-01
   -1.04845291e+00   5.34136738e-01   2.93636829e-02   9.18460938e-02
    1.42637853e+00  -8.42238838e-01  -1.80824409e-01   1.77762602e+00
    1.16515054e-01 
    1.56279486e+00  -8.38476773e-01  -1.13117842e+00   7.88017370e-01
    7.13308818e-02  -9.83931184e-01   9.23117482e-01  -3.31104979e-01
   -1.36735055e+00   7.66813905e-01  -1.34750524e+00   1.66993144e+00
    1.65453080e+00  -1.55915529e+00   1.06116756e+00  -1.79419936e+00
   -2.85002768e-01 
   -2.57992811e-01  -1.48411449e+00   1.34195170e+00  -1.08246154e+00
   -3.33112224e-01  -6.38991564e-01  -7.92019788e-02  -1.70976015e+00
    1.30966983e+00  -3.71778427e-01  -5.24316415e-02   1.84268429e+00
    1.61556077e+00   2.05820909e+00  -1.71544502e-02  -1.41490772e+00
   -7.00198968e-01 
   -4.36266552e-01   1.32389973e+00   1.47711869e+00  -1.27800658e+00
    7.21235130e-01   1.06041667e+00   1.57804357e+00  -1.39818658e-01
   -4.03528822e-02  -2.45586415e-01  -1.71216471e+00   5.37556034e-01
   -7.93777933e-01  -1.32366134e+00  -3.43360477e-01  -1.52892837e-01
   -1.36796786e-02 
    8.34898705e-01   1.51286609e+00   1.31966264e+00  -1.75396464e+00
    3.83065375e-02  -5.98623706e-02  -1.77440550e+00   1.10787578e+00
   -4.34889495e-01   5.97426686e-01   8.16424641e-01   3.91530973e-01
   -2.06739101e-01  -3.95530176e-01  -1.29842865e+00   8.14906464e-01
   -6.07624420e-01 
    7.76953161e-01  -1.43671961e+00   9.19844872e-01  -3.02328917e-01
    7.66948899e-01   3.66166653e+00  -1.90987437e+00   9.04857118e-04
    2.18503743e+00   2.16607330e+00   5.60820528e-01  -5.87100119e-01
   -5.81873400e-01  -2.41562459e+00  -1.19930699e+00  -2.63719566e-02
   -6.09817562e-01 
    2.31764147e-01   2.49968159e+00  -7.32488355e-01  -8.26551601e-01
    8.62659462e-01  -1.18533538e+00  -9.57623141e-01  -1.07288960e-01
   -1.51004063e+00   2.25087769e+00   1.31679551e+00  -1.17370171e+00
    6.69730642e-01  -1.73296031e+00   1.19828549e+00  -1.44264985e+00
   -1.46402708e-01 
   -1.57874524e+00  -6.83568715e-04  -8.29365268e-01   1.27585930e+00
    1.59623581e+00  -7.65278034e-01   1.18795566e+00  -7.67661307e-01
   -8.96026487e-01   1.15376287e+00   3.37603409e-01   1.90800099e+00
   -2.52369579e+00   5.11392310e-01  -4.31284493e-01  -1.27216956e+00
    2.68018548e-01 
   -5.48784251e-01   5.17830995e-01  -1.82815922e-02  -2.64161404e+00
   -2.00083906e+00  -1.34515840e+00   1.83892451e-01   3.79652003e+00
   -9.33539303e-01   6.08473455e-01  -7.18483745e-01   2.68084692e+00
   -8.34781629e-01  -2.62154441e-01  -6.87567737e-03   4.50921128e-02
   -5.99958897e-01 
    2.64571544e+00  -6.65476831e-01   2.19141871e-01   1.89595740e+00
    1.43369053e+00  -5.36659285e-01  -1.51659831e+00   6.30174663e-01
    2.80594124e-01  -9.39268394e-01   2.20316303e-01  -5.65888599e-01
   -2.64136263e+00   3.43826942e-01   9.35602975e-01  -7.08321376e-01
   -8.32727362e-02 
   -7.24214939e-02  -1.82530499e+00   1.22223228e+00  -1.93999077e-01
   -9.62688729e-02   3.32293580e-01  -3.21587806e+00   1.55310376e-01
   -1.74111025e+00   9.89063122e-01   2.87748629e+00   3.95731854e-01
   -3.25484176e-01   1.22399863e+00  -5.46227038e-01  -5.29200508e-01
   -1.10835957e+00 
   -4.26521393e-01   2.61763868e-01  -5.01519381e-01   7.29067511e-02
    2.06007442e+00  -1.89262108e+00   8.57032171e-01   7.47188285e-01
    9.20730152e-01   1.65279008e+00  -2.08406815e+00  -1.62310021e+00
   -8.51216459e-01   4.61489309e-01  -3.83941780e-01  -1.69298293e-02
   -8.29842248e-02 
    1.30844116e+00  -1.87397943e+00   4.44550377e-01   2.74292866e+00
   -2.00720677e+00   8.86277981e-01   4.32708753e-01  -7.38568704e-01
   -1.59654968e+00  -1.90016007e-01  -5.06413486e-01  -3.20352782e-01
    8.17464853e-01   2.33410234e+00  -1.82261477e+00  -7.32731600e-02
    6.22372176e-01 
    1.25444482e+00  -9.89872854e-01  -9.96108699e-02   5.36152214e-02
   -4.40172390e-01  -1.75718322e-02   3.06522186e+00  -2.84646409e+00
   -1.34366998e+00  -7.66202578e-01  -3.56861606e-01  -9.23266596e-01
    1.41339349e+00  -1.70492266e+00   7.32620079e-01   3.54978150e-01
    4.79475723e-01 
    1.45803702e+00   6.16957070e-01  -3.01458138e+00  -3.80016792e+00
    8.12264376e-01   1.14786342e-01   9.72019990e-01   1.54235925e+00
    6.87642958e-01   1.11408125e-01  -8.82437397e-01  -8.90903263e-01
   -2.49697651e-01   1.81499205e+00  -4.99308372e-01   1.00806258e+00
    1.88220795e-01 
   -1.36701518e+00   3.65396516e-01  -8.69738533e-02   1.06147951e-01
    7.02275833e-01  -1.21836158e+00   1.47408387e-01   1.34881071e-01
    1.43444323e+00  -7.78381901e-01   1.08470110e+00  -2.46077898e-02
    7.96262108e-01  -9.19575331e-01  -5.47703236e-01   1.10480985e+00
   -5.65095648e-01 
   -1.43687893e-01  -2.12773721e+00   1.89564650e+00  -2.49553020e-02
   -2.32971553e+00   4.37502939e-01  -2.02564077e-01   1.49287270e+00
    3.51467286e-01   1.59167792e+00  -1.83163731e+00  -4.31132484e-01
    6.37292298e-01  -1.15762446e+00   5.93022288e-01   6.36806969e-01
    1.16949360e-01 
   -1.43059122e+00   4.15293922e-01  -8.04567112e-01   1.91732441e+00
   -8.64382387e-01   1.78955402e+00   9.80380624e-01  -1.57391847e+00
   -3.56826915e-01  -1.68171368e+00  -8.09052270e-01   7.46858617e-01
    1.69352063e+00   2.70069071e-01  -2.08214205e-01  -1.95307387e+00
    3.58962459e-01 
    1.18816340e-01   2.48810592e+00   9.83797926e-01  -3.90032103e-01
   -5.73252037e-01  -4.37084529e+00   1.13673764e+00   3.26842339e+00
    1.31983912e+00  -1.83604679e+00   7.81516220e-01  -3.40268131e-01
   -5.03686841e-01  -6.05961580e-01   6.04055913e-01  -1.75208492e-01
   -2.43931546e-01 
   -2.38560725e+00   8.86440304e-01   1.84319286e+00  -3.92758598e-01
    1.71673520e+00  -9.09214091e-01  -6.82606362e-01  -5.42341877e-01
    2.11766528e+00  -1.10940870e+00   1.46683629e-01  -1.72140965e+00
    5.49207170e-01   5.66056232e-01  -1.08226196e+00  -3.43442506e-01
    6.60376760e-01 
   -3.24214530e-01  -4.87782656e-01   4.86908345e-01  -8.19024477e-01
    2.27592122e+00  -1.32675868e+00   1.16204465e-01   2.19021744e+00
   -2.32524548e+00  -7.22788348e-01   1.13618991e+00   8.21406657e-01
    5.51927889e-01  -6.20804192e-01  -3.03198073e-01  -7.51330737e-01
   -2.51687472e-01 
   -1.87458954e+00   3.29636737e-01  -1.41656134e+00   1.98922187e+00
   -9.80285259e-01   9.63844810e-01   6.98797983e-01  -7.33877239e-01
    1.07634287e+00   1.45062975e+00   1.58263756e+00  -1.74582303e+00
    7.42798912e-01  -1.36202443e+00   4.48274007e-01  -2.57757517e-01
   -6.56178818e-01 
    1.52343731e+00   1.49402442e+00  -2.13916606e+00  -6.27745767e-01
   -3.29337541e+00  -1.05904713e+00   8.45011073e-01   5.99539146e-01
    1.28140911e+00  -2.35155077e+00   1.88305552e+00  -2.69328819e-01
    3.19976790e-01  -2.81981202e-01  -8.31616674e-01  -2.27655118e-02
   -2.45698946e-01 
    1.57602663e+00   9.05669067e-02  -1.62889790e+00  -2.57296664e-01
   -1.18376759e+00  -3.60686116e-01   2.57869255e+00  -2.84347620e+00
   -1.18433762e-03  -3.40259421e-01   3.45451030e-01   8.90153132e-01
   -1.04534537e-01   1.30821363e+00   8.84048759e-01   9.37081300e-01
   -5.86415909e-01 
   -6.52003924e-01  -6.27910784e-01   1.90949144e+00  -2.79899105e-01
    1.46728712e+00   1.61959542e+00  -2.75873474e+00  -4.65076779e-02
    4.14310469e-01  -6.87056676e-01  -2.89788937e+00   2.94198896e-01
    1.68761274e+00  -1.22120407e+00   8.51560777e-02   2.85449035e+00
   -1.64824294e-01 
   -7.11727384e-01   2.48338346e+00   1.26761259e+00   2.33018246e-02
   -1.21723790e+00   2.14788531e+00  -4.22400694e-01  -1.82662648e-01
   -9.93421747e-01  -1.91061392e+00  -3.55764416e-01  -1.49177732e-01
   -8.89234735e-01   5.92829618e-01  -4.16898125e-02   7.29985150e-01
   -4.43759926e-01 
   -4.45519239e-01  -1.30133224e+00  -1.09914721e+00   1.01283051e-01
    2.25732876e-01   2.30267982e+00  -7.48251317e-01   8.26206440e-01
    3.31272216e-01  -2.43777158e+00   1.17341265e+00  -1.34658909e-01
   -1.38307553e+00   3.00384294e-02   2.73878153e+00  -1.34084918e+00
    5.32913414e-01 
   -1.88973488e-01   1.93455793e+00   4.42235130e-01  -7.99842417e-01
    8.20195367e-01  -1.45012853e+00  -2.21613229e+00  -1.49540119e+00
   -3.04504012e-01  -6.86483211e-01  -1.97874912e-01   8.66501437e-01
    5.76118899e-01   4.21909553e-01   9.20275902e-02   9.82805164e-01
   -1.18882261e-02 
   -1.23621377e+00   1.81178778e-01   2.47712725e+00   1.37654465e+00
    1.08328528e+00   2.54188486e-01  -1.77444253e+00  -1.13871470e+00
   -6.91944873e-01   7.95708407e-01  -1.89662413e+00  -1.42280916e+00
   -1.63940216e+00   1.36093627e+00   1.37350229e+00   1.04442333e+00
    2.56647479e-01 
    1.32386944e+00   9.28355289e-01  -1.00162989e+00  -3.13301844e-01
   -8.93996987e-01  -3.22449327e-01  -6.48394779e-01  -4.06315085e-01
    1.53459435e+00   1.43770579e+00  -2.05844443e+00  -1.77385470e+00
   -3.87727212e-01  -1.64814218e+00   2.31527002e+00   7.09252301e-01
   -5.32674051e-01      3.25733471e+00  -8.14705800e-01   3.51158768e-01  -1.89847388e+00
   -7.48351220e-01   1.09730521e+00  -5.94824798e-01  -9.54634730e-01
    6.34603255e-01   1.01259046e+00   2.84306055e-01  -2.82177146e+00
   -7.63466914e-01   4.31895726e-01   7.57027221e-01  -1.61371085e+00
   -3.09135128e-01   2.13288134e-01   1.64549715e-01   3.46028899e-01
   -2.39627062e-01   2.24429119e+00   4.59000998e-01   2.00248021e+00
   -1.69596276e+00  -9.49685189e-01   4.10469712e-01  -1.55585437e-01
   -1.19045635e-01  -4.41507717e-01   4.06230408e-01  -1.54393456e+00
   -2.30962831e-01 
    5.23678238e-01   4.38670281e-01  -4.28464716e-01  -3.22125854e-02
    9.61752505e-01  -3.03694602e-01  -1.42738743e+00   9.83046556e-01
   -2.32974115e+00  -2.37902298e-01  -8.71985161e-01   2.02120443e-01
    1.25229596e+00  -2.54975378e-01   1.75894284e+00   1.51470168e-01
    2.57605958e-01  -7.37143466e-01   2.06058336e+00  -2.07584802e+00
   -1.55461914e+00   2.15816647e-01   3.17010060e-01   2.07038682e-01
   -1.40855917e+00   5.94777574e-01   7.46449301e-01  -3.96119037e+00
    1.38251471e+00  -1.76049721e+00  -1.60810802e-02  -1.25353969e+00
    1.56784713e-01 
    6.59039803e-01   4.36289407e-02   2.82221812e+00   8.33011776e-01
   -2.00444043e+00  -1.46140666e+00  -9.20020878e-01  -8.47122840e-01
    1.47977593e+00   1.05166949e+00   4.62521243e-01   2.53650814e-01
   -2.29937837e+00  -1.28682743e-01  -2.74794165e-01  -1.17939254e+00
    2.17539060e+00  -9.65505444e-02  -1.42940827e+00   1.23931747e+00
   -1.37586425e+00  -2.43865786e+00  -1.12115559e+00   1.19817136e+00
    1.25082243e+00   8.54095226e-01  -2.18321440e+00  -5.85583931e-01
    2.00066415e+00  -3.54789379e-01  -2.42189621e+00   8.04018264e-01
   -3.58264403e-01 
   -1.29180382e+00   5.28275825e-01  -1.40965756e+00  -1.01642955e+00
    1.57339487e+00   1.29502261e+00   1.38104407e+00   2.30674766e-01
    4.49458890e-01  -8.91654645e-01   2.48397449e+00  -2.24810791e+00
    5.39264484e-01  -1.03041086e+00  -3.26337432e+00   3.58342731e-03
    3.73914855e+00  -1.99142222e-01   2.73183753e-01  -2.12426914e+00
   -9.83800830e-01   6.22174858e-01   7.71793235e-01  -2.82591824e+00
    5.35840174e-01   5.17631487e-01  -7.93936960e-02   2.14422816e-01
   -3.65853774e-01   3.33462243e-01  -1.77385876e+00  -5.35940547e-01
   -1.53471511e-01 
   -1.58869063e+00  -1.05245974e+00  -2.11095395e+00  -3.52532542e-01
    2.42500864e-01  -3.75410290e-01   1.73549916e-01  -1.17282774e+00
   -2.55372431e-01  -2.79685288e+00   1.33475875e+00  -3.33810343e-01
   -2.38167373e-01  -2.32190872e+00   2.63929410e+00  -1.65022932e+00
   -6.15978066e-02  -1.43517105e+00   2.64651905e+00   2.35385767e-02
    1.36770668e+00  -1.34231581e+00  -2.94512565e+00   2.12415784e+00
    2.06288709e+00   1.47732299e+00  -1.49557231e+00  -2.91207195e-01
   -9.07950577e-01  -3.59347376e-01  -1.07179006e+00   1.47463535e+00
   -1.38493199e-01 
   -9.41114169e-01  -1.40077226e-01   7.69481930e-01   7.04905574e-01
    9.37174786e-01  -7.08458427e-01  -3.69367870e-01  -3.57165726e+00
    9.90961381e-01  -3.34538194e-02  -2.37379431e-02   3.44010774e-01
   -6.50825830e-01   1.80518007e+00  -8.86450492e-01  -2.05403365e+00
   -1.32742968e+00   4.45814010e-01  -3.86436795e-02  -2.68514722e+00
    4.59584657e+00   3.63500036e-01   1.22135108e-01   8.64487781e-02
    2.17274594e-01   5.02239885e-01  -1.50526849e+00  -1.55790536e+00
   -3.45296660e+00   7.29409475e-01  -2.81533186e-01   2.18889053e-01
    8.89737071e-02 
    7.85123649e-01  -9.00143626e-01   2.08937436e-01  -1.07815855e+00
   -3.76464834e-01  -1.94754049e+00   1.21741114e+00   7.92388762e-01
    2.83800457e-01  -2.13249249e+00  -6.90880072e-01   2.53327733e+00
    3.04048608e+00  -1.47208352e+00  -1.18800336e+00  -3.82656365e+00
   -1.01659839e+00   1.22264842e-01  -3.09232163e-01  -1.92364474e-01
   -8.55803809e-01  -3.03355770e-01  -5.03551222e-01  -6.22479028e-01
   -1.61266070e+00  -1.66902833e+00   1.09830558e+00   8.85566615e-02
    3.62742410e-01   2.64028138e+00   6.39577011e-01   5.78672001e-01
   -3.35460356e-01 
   -3.33709245e-02  -6.60140780e-01   1.95187009e+00  -6.72412743e-01
    1.50252861e+00  -1.60689640e-01  -9.11690837e-01  -4.49689987e-02
   -1.64204167e-01   3.56199566e-01  -4.06757939e+00   9.21669182e-02
   -8.77539905e-03  -1.48205934e+00  -3.96802014e-01   2.20115012e+00
   -2.20522718e+00  -5.74281052e-01  -2.29692866e+00  -3.74825362e-01
   -2.36501842e+00  -2.41606702e-01  -2.70438766e+00   1.80101467e-01
   -2.91873168e-01   3.16540335e+00   6.42775242e-01   6.05408290e-01
   -1.61810266e+00   9.03906900e-01   1.02087831e+00  -1.96396143e-01
   -7.75927683e-01 
   -1.89845637e+00   2.19329267e+00   1.08450143e+00   1.22165472e+00
   -1.99028400e+00  -3.44978174e-01   1.13408041e+00  -2.22823809e+00
    1.97952608e+00   3.11830738e-01   5.04308533e-01  -1.32900559e+00
    1.14141588e+00  -1.47396781e+00   2.01036172e+00   1.28432521e+00
   -8.90090158e-01  -2.12327845e+00  -4.71470571e-01   5.34065804e-01
   -1.49139065e+00  -1.64829816e+00   2.02373863e+00  -1.40008641e+00
   -1.73571645e+00  -5.75928919e-01   3.01044961e-02   6.34429782e-01
   -1.18953510e+00  -1.59959510e-01   1.48761135e+00  -1.67846320e+00
   -5.48067868e-01 
    8.10856457e-01  -7.48537940e-01  -7.85404290e-01  -1.20543093e+00
   -1.04429137e-01   2.25020375e-01  -8.59468497e-01  -2.28993391e+00
   -2.28969216e+00  -2.39190182e+00  -1.75859786e+00   1.64101875e+00
   -2.40214259e+00  -1.41376719e+00   2.47042198e-02   2.30334102e-02
    7.73987558e-01   3.28409632e-02  -2.11281938e+00   1.76530921e+00
    1.34945917e+00   1.25679517e+00   6.79383237e-01  -2.60440074e+00
    2.56773301e+00  -4.69972800e-01   1.59051592e+00   3.01514695e-01
    2.18739174e+00   3.91633947e-01   1.11361494e-01  -1.66141461e+00
   -1.61912221e-01 
   -2.26566104e-01  -2.51739395e+00   3.17221640e-01   6.91913397e-01
   -5.52224821e-01   1.06654865e+00  -9.97965207e-01  -2.20949336e+00
   -1.42555475e+00  -5.49334582e-02   1.13390481e+00   2.25213770e-01
   -2.58599556e+00   1.87028455e+00  -4.20733678e-01   1.61909531e-01
    5.61246305e-01  -1.15828717e+00   9.81612164e-01   1.47693990e+00
   -7.09220121e-01  -1.08246651e+00  -1.26798654e+00  -2.55377363e+00
   -1.74690283e+00  -1.65614393e+00   3.22065261e+00   9.14260214e-01
   -1.18237664e+00  -3.64958296e-01   1.53101231e+00   2.36780113e+00
   -3.91285128e-01 
   -1.35474517e+00   3.98376414e+00  -1.10770683e+00  -2.49342183e+00
   -1.95401059e+00  -1.05491380e+00  -1.07208582e+00   2.10507282e-01
    1.04931846e+00  -2.17064607e+00  -2.53166954e+00   2.03045900e-01
   -7.94422580e-01   1.35021806e+00   1.60507877e-01   1.59453629e+00
   -8.03533808e-01  -4.39535148e-01   2.60536076e-03  -7.07673508e-01
    7.49362007e-01   1.85683427e+00  -4.88414769e-01   9.96361430e-01
    7.59541121e-01  -1.70700839e+00  -1.27994669e+00   7.63526604e-02
    8.64078819e-01  -7.62099580e-01   1.47031257e+00   1.09908291e+00
   -4.50735218e-01 
   -4.52040537e-01  -8.71768730e-01  -2.47518474e+00  -1.97746364e+00
   -1.99413356e+00   8.21089849e-01   8.09934199e-02  -2.75537536e-01
   -5.74987712e-01   3.07997108e+00   3.57146558e-02   2.04528489e+00
   -1.03718578e+00   1.77958182e-01  -4.07618429e-01  -1.26141464e+00
   -6.98753732e-02  -1.07175361e+00  -3.82798320e-01  -1.32374656e+00
    4.13302274e-01  -4.39746877e-01  -8.61488158e-01  -7.07794123e-01
    6.94490573e-02  -2.13443744e-01  -1.72325790e+00   4.24318405e-01
    1.42929143e+00  -1.16531829e+00   1.81067570e+00  -4.52775767e-01
   -2.28861150e-01 
   -3.13028998e-01  -7.84166829e-01   5.97045993e-01   1.86524213e+00
   -2.15372153e+00   1.16641336e+00  -1.64177963e-01   9.22216132e-01
    9.38332726e-01  -6.91106661e-01  -8.02802178e-01   3.32553820e-02
   -1.63003698e+00  -6.69281090e-01  -2.41825662e+00   1.88819894e+00
   -2.73281168e+00   3.54308815e-01   9.79266060e-01  -7.63599813e-01
    7.29395051e-01  -6.54436435e-01   1.33026237e+00   3.56870907e-01
    3.77555678e-01  -1.96078342e+00   9.25475986e-01  -1.22267194e+00
    1.43233568e-01  -9.77228006e-01  -8.34769677e-01   6.95619838e-01
   -3.85101129e-01 
   -6.09922107e-01   1.93712986e+00   2.87274969e-01  -1.04363307e+00
   -9.12649639e-01  -1.66356095e-01   9.41281256e-01   1.43121437e+00
   -8.58230160e-01   2.00264232e-01  -8.72946923e-01  -6.43272296e-01
    2.55437799e-01   4.56413979e-01   1.74744901e+00  -1.03964846e+00
    4.87042544e-01   3.00640066e-01  -1.14605756e+00   4.33847141e-01
   -5.71434514e-01   9.72913404e-01  -2.40942779e-01  -2.33827533e-01
    9.10993176e-01  -1.18663654e+00  -4.34345323e-01  -3.18639689e-01
   -2.06802806e+00  -8.98644383e-02  -1.66322714e+00  -2.65268254e+00
   -7.79627515e-01 
   -2.60461390e-01  -1.61562379e+00  -2.18278957e+00   1.65433474e+00
    1.26965772e+00   8.78768261e-01  -4.85911232e-01  -4.80831690e-01
    1.65508107e+00   1.19135300e+00   1.45854216e-01   3.78148882e-01
   -2.29606637e-01   2.29458231e-01  -9.61013916e-01  -3.71457232e-01
   -2.19115117e-01  -1.62085799e+00  -8.28208741e-01   1.53455331e+00
   -5.51781785e-01   6.95752985e-01   2.73183815e-01  -1.40974185e+00
   -5.56401810e-01  -1.39984632e+00  -1.54236022e+00  -4.92489424e-01
    1.04742644e+00  -5.48005752e-01  -8.22187096e-01  -5.80464858e-01
   -1.81864615e-01  