NN 16 32 16   -3.06026150e+00  -7.49379477e-01  -2.76063730e-01   5.35289448e-01
    1.69651633e+00  -9.23473605e-01  -1.40997521e+00  -1.41273503e+00
    2.45994262e+00  -1.27352870e+00  -8.74922475e-02   5.39576997e-01
    6.82368370e-01  -2.14904146e-01   2.63575450e-01  -3.37282427e-01
   -7.36932280e-01 
    6.34301648e-01  -3.87862145e-01  -3.18975731e-01  -5.06272431e-01
    9.49024131e-01  -1.85609128e-01   1.64637335e-01   5.17392541e-01
   -2.05266578e+00   7.74951863e-01   1.80323207e+00  -3.06524720e+00
    6.37110466e-01   7.25510140e-01  -1.51905648e+00   1.24067935e+00
    5.62813708e-01 
   -5.35273781e-01   1.20844335e-01  -2.38089162e+00   1.07804715e+00
    2.22067402e+00  -1.57325320e+00  -5.60801624e-01  -7.31195460e-01
   -1.04722946e+00   2.51367430e-01   1.21989027e-01   3.75142092e-02
    1.45272168e+00  -8.83563472e-01  -1.22970494e-01   1.49010944e+00
    1.16625081e-01 
    1.52182758e+00  -7.10487227e-01  -7.54227172e-01   5.96935449e-01
   -3.44084791e-02  -1.02950446e+00   1.12165699e+00  -2.26668279e-01
   -1.21715376e+00   9.17572109e-01  -1.17777115e+00   1.61933216e+00
    1.60417313e+00  -1.54372029e+00   9.66137252e-01  -1.67333685e+00
   -3.07607535e-01 
   -2.06997894e-01  -1.37157183e+00   1.17727821e+00  -9.42059861e-01
   -2.96069197e-01  -7.57318303e-01  -3.42982690e-03  -1.67129659e+00
    1.39396153e+00  -2.15344516e-01  -2.58034706e-01   1.64557667e+00
    1.51979887e+00   1.91735118e+00   8.19062592e-02  -1.35214210e+00
   -7.20029914e-01 
   -3.29600425e-01   1.07827951e+00   1.30092643e+00  -1.15659441e+00
    5.12647510e-01   1.00935568e+00   1.29652122e+00  -1.18265795e-01
    7.47202858e-02  -3.64826242e-01  -1.33625535e+00   5.91359824e-01
   -7.04114279e-01  -1.26302781e+00  -2.61567588e-01  -1.96882114e-01
   -6.41730491e-02 
    5.72586807e-01   1.31862104e+00   1.21747919e+00  -1.60309045e+00
   -9.05752844e-02  -1.31698859e-01  -1.56066131e+00   8.84922108e-01
   -5.15078408e-01   4.95717181e-01   8.80854808e-01   3.73352986e-01
   -2.44408928e-01  -3.99313078e-01  -1.21794906e+00   7.78627729e-01
   -5.93862748e-01 
    5.37025447e-01  -1.34716979e+00   9.69151877e-01  -5.61817881e-01
    6.79777853e-01   3.37338165e+00  -1.55565294e+00  -5.78144820e-02
    2.05814715e+00   2.02954629e+00   3.58973253e-01  -6.64287559e-01
   -6.97443530e-01  -2.30495704e+00  -1.12697473e+00  -4.71653465e-02
   -7.25181038e-01 
    5.09139710e-01   2.21805122e+00  -8.03200261e-01  -6.42773816e-01
    9.20729835e-01  -1.15959141e+00  -6.87937447e-01  -2.03844137e-01
   -1.54467604e+00   2.22622421e+00   1.18816403e+00  -1.01809332e+00
    5.99762350e-01  -1.60418274e+00   1.08663515e+00  -1.21135082e+00
   -9.19122977e-02 
   -1.29453750e+00  -1.27987700e-01  -7.75352964e-01   1.29777555e+00
    1.78110493e+00  -6.62024545e-01   1.14931085e+00  -7.24262177e-01
   -7.56281746e-01   1.27078574e+00   7.25481571e-02   1.74026081e+00
   -2.32994490e+00   4.67645639e-01  -3.10835630e-01  -1.21472031e+00
    2.13827335e-01 
   -5.70016774e-01   4.24776666e-01  -2.16124647e-01  -2.60489891e+00
   -1.90606207e+00  -1.13153938e+00   3.64890873e-01   3.36630488e+00
   -9.59608657e-01   5.37726783e-01  -7.00145081e-01   2.33847896e+00
   -7.71959690e-01  -2.64107972e-01  -1.10949981e-01  -5.24459648e-02
   -6.93649617e-01 
    2.33718893e+00  -7.87996769e-01   4.80350335e-01   1.73774722e+00
    1.33781696e+00  -3.11812888e-01  -1.48289039e+00   6.41684504e-01
    1.97068544e-01  -9.22018934e-01  -8.84350647e-02  -6.81721996e-01
   -2.43292751e+00   3.20504632e-01   8.41923925e-01  -5.95386726e-01
   -4.43015952e-02 
   -1.15326237e-01  -1.48421502e+00   1.03373554e+00  -6.06904648e-02
    1.12746687e-01   1.55167458e-01  -2.92181712e+00   2.66812415e-01
   -1.77413771e+00   8.72141691e-01   2.67549814e+00   3.52575260e-01
   -3.33213681e-01   1.18811123e+00  -4.22290267e-01  -4.47550473e-01
   -1.02801933e+00 
   -2.64404457e-01  -2.94699507e-02  -6.28447970e-01   2.87664289e-01
    2.09457153e+00  -1.72777523e+00   7.86176219e-01   5.08560660e-01
    8.25096493e-01   1.62981770e+00  -2.00507193e+00  -1.70259072e+00
   -5.92460525e-01   6.23795320e-01  -3.91125415e-01  -1.51058905e-01
   -5.33858563e-02 
    9.56491107e-01  -1.89307320e+00   3.29648734e-01   2.47210435e+00
   -2.06827897e+00   9.55428317e-01   2.75721554e-01  -4.14534324e-01
   -1.57522676e+00  -9.36534427e-02  -4.86224472e-01  -3.95649026e-01
    6.92459966e-01   2.19343692e+00  -1.70593507e+00  -4.35486649e-02
    5.58919600e-01 
    1.15491551e+00  -8.47798518e-01  -3.67753922e-02   1.72027528e-01
   -2.33073125e-01   1.37108151e-01   3.01633442e+00  -2.58053075e+00
   -1.32476390e+00  -6.23669601e-01  -3.20869803e-01  -8.10148089e-01
    1.46420564e+00  -1.64841937e+00   5.91945059e-01   2.33406446e-01
    4.89907301e-01 
    1.38390078e+00   5.59771966e-01  -2.79748539e+00  -3.57335328e+00
    6.15532621e-01   2.03478170e-02   1.14519461e+00   1.49768978e+00
    4.65728961e-01  -1.05811490e-01  -9.46473616e-01  -6.07606370e-01
   -2.48370525e-01   1.81398504e+00  -5.09394737e-01   8.69791150e-01
    1.28292224e-01 
   -1.34829652e+00   2.51815835e-01  -3.28656686e-02   1.60243997e-01
    6.74108039e-01  -9.71877430e-01  -1.63829333e-02   1.01789651e-01
    1.36613905e+00  -6.89996528e-01   8.98285844e-01  -1.25625124e-01
    8.00107570e-01  -7.46418684e-01  -4.52921459e-01   1.05669457e+00
   -4.95318554e-01 
   -2.20656934e-01  -1.86335788e+00   1.77644763e+00  -2.52402239e-01
   -2.12128363e+00   5.23636035e-01   5.08114129e-02   1.39162954e+00
    3.31782631e-01   1.67026120e+00  -1.75608437e+00  -6.46789747e-01
    4.25167524e-01  -1.11107219e+00   5.12838841e-01   4.83065602e-01
    6.08901250e-02 
   -1.25384602e+00   5.83883667e-01  -9.00991560e-01   1.79373281e+00
   -8.08864949e-01   1.82408843e+00   5.22515020e-01  -1.34282066e+00
   -3.03697924e-01  -1.76628881e+00  -6.97368735e-01   6.55203740e-01
    1.63999170e+00   3.13690617e-01  -1.85839513e-01  -1.67380351e+00
    3.92629986e-01 
    1.27324171e-02   2.27981479e+00   1.03456809e+00  -2.05429178e-01
   -3.38804923e-01  -3.94418273e+00   1.02686931e+00   3.06431792e+00
    1.19766780e+00  -1.56696735e+00   7.14471123e-01  -7.32347275e-01
   -5.75615826e-01  -4.70922202e-01   4.71846696e-01   1.01211533e-02
   -2.03191951e-01 
   -2.33608939e+00   7.68914411e-01   1.64109950e+00  -4.85583054e-01
    1.57248822e+00  -9.29251452e-01  -6.25230157e-01  -4.82755010e-01
    1.98941601e+00  -1.27937919e+00   1.98118673e-01  -1.73987992e+00
    5.60984230e-01   6.20398259e-01  -1.06675511e+00  -2.44518586e-01
    6.36634374e-01 
   -4.85494566e-01  -5.32115999e-01   6.29214997e-01  -9.69624933e-01
    2.04535788e+00  -1.55133371e+00   5.78624491e-02   2.03181729e+00
   -2.18774713e+00  -5.83663869e-01   9.70263414e-01   5.67811904e-01
    5.41251824e-01  -7.50447188e-01  -3.71687321e-01  -6.11075505e-01
   -3.50684827e-01 
   -1.68574384e+00   2.12186132e-01  -1.36177646e+00   1.86443652e+00
   -1.07574551e+00   1.00241137e+00   4.98165624e-01  -7.34008667e-01
    1.27831374e+00   1.51750299e+00   1.43395561e+00  -1.72865064e+00
    7.22099416e-01  -1.24918935e+00   4.12071448e-01  -6.73186250e-02
   -6.03590524e-01 
    1.66502933e+00   1.38781376e+00  -1.73998361e+00  -8.16925124e-01
   -3.08218044e+00  -1.09978813e+00   7.76614774e-01   4.51134253e-01
    1.13230091e+00  -2.42704124e+00   2.01638954e+00  -2.16535818e-01
    1.47719072e-01  -3.21761129e-01  -8.23135881e-01   2.58810957e-03
   -2.47874820e-01 
    1.38349070e+00   1.34194992e-01  -1.48614629e+00  -2.36513789e-01
   -1.03734629e+00  -3.54364842e-01   2.25586992e+00  -2.80523151e+00
    1.33989915e-01  -3.74525793e-01   3.54138279e-01   1.11444769e+00
   -1.29594605e-01   1.28023419e+00   9.61812291e-01   7.17464958e-01
   -5.94907329e-01 
   -9.83840639e-01  -6.23440813e-01   1.70908616e+00  -1.84062913e-01
    1.18200422e+00   1.49329267e+00  -2.51101444e+00  -1.34702367e-01
    3.13588265e-01  -7.84696566e-01  -2.68722563e+00   3.31920674e-01
    1.47240492e+00  -1.17734173e+00   1.02506984e-01   2.28371774e+00
   -2.41232507e-01 
   -7.14542333e-01   2.35056033e+00   1.24273837e+00   2.08713982e-02
   -9.91591690e-01   2.13094041e+00  -3.82537935e-01  -2.28885499e-01
   -9.96774277e-01  -1.67474235e+00  -3.54395430e-01  -2.28202125e-01
   -8.24231248e-01   5.54518456e-01  -4.23670703e-02   5.93557717e-01
   -3.92702362e-01 
   -3.07561908e-01  -1.40517128e+00  -8.62064592e-01   1.36885945e-01
    3.31680633e-01   2.28257154e+00  -7.74416222e-01   8.56644990e-01
    4.26499850e-01  -2.15498206e+00   1.15512316e+00  -1.04800906e-01
   -1.21344907e+00   4.45763823e-02   2.40326364e+00  -1.14419128e+00
    4.67004512e-01 
   -3.35102874e-01   1.74001913e+00   4.99155871e-01  -6.51086665e-01
    5.78759803e-01  -1.36939081e+00  -2.04318127e+00  -1.53512418e+00
   -6.23977420e-02  -6.07257599e-01  -8.11916896e-02   6.90848425e-01
    5.30963599e-01   4.20757442e-01   7.69419615e-02   9.32525872e-01
    4.91844979e-02 
   -1.30752656e+00   1.84048866e-01   2.36719977e+00   1.32836044e+00
    1.09873598e+00   3.16671668e-01  -1.37740840e+00  -1.05396578e+00
   -5.68402049e-01   7.28412548e-01  -1.86001360e+00  -1.32006226e+00
   -1.39968792e+00   1.24989522e+00   1.20613724e+00   8.96170878e-01
    2.88114166e-01 
    1.19290985e+00   9.87920357e-01  -9.52992321e-01  -3.15140016e-01
   -6.84362610e-01  -3.50495091e-01  -7.23400494e-01  -2.66213026e-01
    1.43829318e+00   1.36769423e+00  -1.86817869e+00  -1.50628944e+00
   -3.70946065e-01  -1.45399292e+00   2.21737493e+00   5.58597874e-01
   -4.64584472e-01      2.95963322e+00  -7.66007013e-01  -2.96003720e-02  -1.87301662e+00
   -7.54376617e-01   6.75322897e-01  -3.33000350e-01  -7.58139212e-01
    5.61706439e-01   9.91561613e-01   5.87714044e-01  -2.64882526e+00
   -8.08927118e-01   1.04578991e-01   6.12456943e-01  -1.75701768e+00
   -4.39351110e-01   3.11127541e-01   2.70061786e-01   6.30404267e-01
   -2.66123691e-01   2.31604865e+00   3.41683062e-01   1.98190429e+00
   -2.00956652e+00  -1.01605362e+00   5.58826215e-01  -1.30680415e-01
   -6.20184287e-02  -4.36788957e-01   5.22201952e-01  -1.60415597e+00
   -2.67041133e-01 
    5.73753530e-01   2.16310834e-01  -4.17761769e-01   1.26443188e-01
    9.60339511e-01  -3.18314292e-01  -1.40920754e+00   1.02280822e+00
   -2.36623258e+00  -2.79558490e-01  -7.98691442e-01   2.64107800e-01
    1.29044497e+00  -1.44417817e-01   1.79309210e+00   1.67492216e-01
    1.07072069e-01  -7.04209734e-01   1.95456975e+00  -1.89965004e+00
   -1.54296148e+00   2.40186642e-01   2.79705238e-01   2.77816972e-01
   -1.57763354e+00   4.26690815e-01   7.41973304e-01  -3.64872958e+00
    1.39293898e+00  -1.66287513e+00   3.21115338e-02  -1.21117869e+00
    1.13587865e-01 
    7.28713793e-01   1.71277824e-01   2.74465760e+00   7.42533479e-01
   -1.98142837e+00  -1.23453995e+00  -9.09606040e-01  -8.07962603e-01
    1.53436571e+00   1.10306749e+00   2.55697638e-01   1.16713495e-01
   -2.07385427e+00   1.89641349e-01  -3.54614478e-01  -1.24182659e+00
    2.22317370e+00  -1.99117819e-01  -1.38579206e+00   1.13271497e+00
   -1.38119729e+00  -2.33373493e+00  -1.04181836e+00   1.24994346e+00
    1.21854098e+00   9.60433263e-01  -2.00538644e+00  -6.65689359e-01
    1.77889874e+00  -4.06747335e-01  -2.47516208e+00   8.26554376e-01
   -3.37996066e-01 
   -1.13869720e+00   7.85973409e-01  -1.27334304e+00  -9.58641253e-01
    1.57460008e+00   1.16936196e+00   1.25455424e+00   4.50960398e-01
    3.85076577e-01  -7.89931110e-01   2.21856956e+00  -2.29617508e+00
    6.12370450e-01  -9.95248364e-01  -3.02588284e+00   1.02202778e-01
    3.67478557e+00  -2.40169028e-01   5.77339663e-01  -1.90851546e+00
   -1.09382404e+00   7.08023342e-01   9.07831140e-01  -2.60854397e+00
    4.48112137e-01   6.14791810e-01   4.25045018e-02   6.14225692e-02
   -1.72437722e-01   1.87870075e-01  -1.83380124e+00  -4.62817609e-01
   -4.90512777e-02 
   -1.48900479e+00  -1.10467531e+00  -1.97277442e+00  -2.69348261e-01
    1.42295794e-01  -3.22640355e-01   2.07646109e-01  -1.28023582e+00
   -3.30480850e-01  -2.62248558e+00   1.28247207e+00  -3.20463747e-01
   -2.85616446e-01  -2.25675319e+00   2.45313439e+00  -1.45786027e+00
   -1.39062159e-02  -1.41793138e+00   2.58224025e+00   9.85655242e-02
    1.30032723e+00  -1.39680892e+00  -2.87755840e+00   2.07046041e+00
    2.03900702e+00   1.47230766e+00  -1.50578156e+00  -3.25735444e-01
   -1.09836419e+00  -5.58403678e-01  -1.01859364e+00   1.30954937e+00
   -1.53722959e-01 
   -5.12117905e-01   3.23615407e-02   7.69826461e-01   8.27909989e-01
    9.55153616e-01  -6.37248199e-01  -3.39605350e-01  -3.37953269e+00
    9.99003779e-01   1.64480409e-01  -7.06341452e-02   4.24599150e-02
   -4.96566820e-01   2.05731989e+00  -8.85484646e-01  -1.90394179e+00
   -1.18806125e+00   3.51085936e-01  -2.39952552e-01  -2.74739112e+00
    4.34359040e+00   4.22253364e-01   4.36423493e-01   1.08953762e-01
   -2.02716831e-01   5.39120868e-01  -1.54300840e+00  -1.49501219e+00
   -3.35536870e+00   6.64581062e-01  -1.43458518e-01  -1.06466851e-02
    9.20295772e-02 
    6.41603846e-01  -6.79503597e-01   3.30150970e-01  -1.29043638e+00
   -5.56093005e-01  -1.59445244e+00   1.26782658e+00   8.09626102e-01
    1.34278625e-01  -2.19772110e+00  -5.95846243e-01   2.12369281e+00
    3.14723856e+00  -1.59839602e+00  -1.25265237e+00  -3.70098716e+00
   -1.00347650e+00   1.19675291e-01  -4.94625060e-01   9.54341819e-02
   -8.34138974e-01  -3.88532109e-01  -3.32003405e-01  -6.87422767e-01
   -1.74700204e+00  -1.67402419e+00   1.06632737e+00   1.87614609e-01
    3.30944280e-01   2.58707668e+00   6.12987952e-01   6.42303394e-01
   -3.61634395e-01 
    1.17678396e-01  -9.62054289e-01   1.87396176e+00  -6.11329600e-01
    1.32726012e+00  -9.16889853e-02  -9.72798083e-01   1.48139953e-01
   -3.28379732e-02   4.04117265e-01  -3.91153959e+00   6.19633627e-02
   -3.23030943e-01  -1.24955436e+00  -4.83120205e-01   1.96918324e+00
   -2.10728237e+00  -5.36827805e-01  -2.35533743e+00  -9.47787924e-02
   -2.33680545e+00  -1.49680754e-01  -2.64322036e+00   2.67460819e-01
   -2.24784490e-01   2.93193196e+00   7.19790011e-01   7.13299621e-01
   -1.54101953e+00   1.16426850e+00   9.64374529e-01  -2.59655152e-01
   -5.93878778e-01 
   -1.78332712e+00   2.17853491e+00   1.06902638e+00   1.13773585e+00
   -1.85648876e+00  -2.97453714e-01   1.19351832e+00  -1.95950112e+00
    1.96894319e+00   1.74831894e-01   4.07667882e-01  -1.26254049e+00
    1.12881407e+00  -1.43312443e+00   1.92735745e+00   1.37142922e+00
   -8.88878162e-01  -1.89880732e+00  -3.98606984e-01   3.84983660e-01
   -1.38482113e+00  -1.53131966e+00   2.02620904e+00  -1.38301781e+00
   -1.57176421e+00  -6.55429812e-01  -9.97532779e-04   6.58518257e-01
   -1.19406977e+00  -1.92798815e-01   1.33394114e+00  -1.53701304e+00
   -5.04643741e-01 
    6.86789400e-01  -5.93784314e-01  -6.20408186e-01  -1.09639700e+00
   -2.71045845e-01   6.68679212e-02  -8.27319667e-01  -2.21784529e+00
   -2.17965130e+00  -2.28604971e+00  -1.73602810e+00   1.59538383e+00
   -1.97049696e+00  -1.35441403e+00  -9.07721948e-02  -1.50257912e-01
    7.71655284e-01   8.44219349e-02  -1.90462326e+00   1.82389633e+00
    1.20832266e+00   1.26297974e+00   7.00547563e-01  -2.49507736e+00
    2.62074178e+00  -4.65470283e-01   1.45298091e+00   1.05438041e-01
    2.12083661e+00   2.95222786e-01   6.38217980e-02  -1.40688291e+00
   -5.51075861e-02 
   -3.96587586e-01  -2.28444996e+00   1.67828151e-01   7.01086431e-01
   -4.94170095e-01   9.84328005e-01  -9.20907840e-01  -2.31040934e+00
   -1.21272317e+00  -6.73339317e-02   1.01938139e+00   4.95752830e-01
   -2.63365186e+00   1.85483511e+00  -4.60354402e-01   1.96686384e-01
    7.38031437e-01  -1.11394401e+00   7.74917791e-01   1.40612736e+00
   -5.93291048e-01  -9.14005191e-01  -1.16726003e+00  -2.49078649e+00
   -1.85224793e+00  -1.57212294e+00   2.93339331e+00   8.26409176e-01
   -1.12347270e+00  -3.89088986e-01   1.36390920e+00   2.13618807e+00
   -3.29708698e-01 
   -1.44188163e+00   3.74184725e+00  -1.03262092e+00  -2.43255626e+00
   -1.93817524e+00  -9.46721121e-01  -1.01361035e+00   3.32572206e-01
    9.77302198e-01  -2.08626435e+00  -2.46860798e+00   5.38304938e-02
   -7.86232837e-01   1.30402825e+00   2.75426421e-01   1.48898216e+00
   -7.82534230e-01  -4.30953819e-01  -3.38585181e-02  -6.95603338e-01
    8.09875472e-01   1.81867363e+00  -3.95386453e-01   8.96356006e-01
    8.42053460e-01  -1.79015063e+00  -1.21160069e+00   6.33907671e-02
    8.04819694e-01  -8.19564912e-01   1.20949438e+00   9.50124507e-01
   -4.36170912e-01 
   -4.58366158e-01  -7.24226319e-01  -2.42772649e+00  -1.88388482e+00
   -1.91952887e+00   7.84207475e-01   2.03514257e-01  -2.18176435e-01
   -4.88790347e-01   2.77785080e+00  -4.69890634e-03   2.05131650e+00
   -1.02242458e+00   1.12429592e-01  -2.52552740e-01  -1.21088352e+00
   -3.29664386e-02  -1.03037047e+00  -2.79111983e-01  -1.17872913e+00
    5.11687123e-01  -4.16772106e-01  -8.22152593e-01  -6.72100808e-01
    1.10341885e-01  -2.50656853e-01  -1.55590032e+00   4.67507903e-01
    1.44007017e+00  -1.10464617e+00   1.75047758e+00  -4.12703983e-01
   -1.58469116e-01 
   -2.94406790e-01  -7.73651270e-01   6.35902034e-01   1.80946661e+00
   -2.04969720e+00   1.08975827e+00  -1.78159765e-01   8.58292660e-01
    9.13115841e-01  -6.24458960e-01  -8.17344873e-01   3.23939257e-02
   -1.57791946e+00  -6.24864010e-01  -2.31500184e+00   1.79829215e+00
   -2.62285105e+00   3.15021865e-01   9.33287621e-01  -7.07369105e-01
    6.65744748e-01  -6.59128326e-01   1.26340052e+00   3.54901349e-01
    3.79929285e-01  -1.90074231e+00   9.06581134e-01  -1.19271162e+00
    1.82920293e-01  -9.01195373e-01  -7.76587558e-01   6.67293065e-01
   -3.38940939e-01 
   -5.81593481e-01   1.69917435e+00   2.40773250e-01  -1.07990111e+00
   -9.13930233e-01  -1.93866774e-01   8.86392842e-01   1.33807046e+00
   -7.19236380e-01   1.39644203e-01  -8.34081195e-01  -5.99647358e-01
    3.02801237e-01   3.98980360e-01   1.50829982e+00  -9.75795240e-01
    4.06178499e-01   2.46503992e-01  -1.10150165e+00   4.74168014e-01
   -6.32821505e-01   8.96406699e-01  -2.10772214e-01  -2.56799368e-01
    8.09443511e-01  -1.18767728e+00  -4.05002309e-01  -2.70543788e-01
   -1.70096139e+00   2.43584369e-02  -1.53820576e+00  -2.44912623e+00
   -7.62572478e-01 
   -3.27307983e-01  -1.47775804e+00  -2.04657508e+00   1.50169091e+00
    1.21028289e+00   7.72532147e-01  -5.39393440e-01  -4.24012643e-01
    1.31263848e+00   1.03440250e+00   5.80266876e-02   4.00948868e-01
   -2.77027692e-01   1.97907005e-01  -8.46995196e-01  -1.60779918e-01
   -2.22117775e-01  -1.52235714e+00  -7.12247383e-01   1.34856040e+00
   -5.91643054e-01   5.29688511e-01   1.77928064e-01  -1.44866092e+00
   -5.79802852e-01  -1.26357961e+00  -1.44435705e+00  -5.08182066e-01
    9.48880103e-01  -5.55456411e-01  -7.98609985e-01  -5.06175290e-01
   -2.00929698e-01  