NN 16 32 16   -3.05095961e+00  -7.25030081e-01  -2.89477139e-01   6.05138692e-01
    1.73699054e+00  -9.04219162e-01  -1.27762155e+00  -1.46475664e+00
    2.56729353e+00  -1.24801062e+00  -5.61816235e-05   6.07493922e-01
    7.65257347e-01  -1.25352762e-01   3.53099749e-01  -2.47191890e-01
   -6.46756875e-01 
    5.40539914e-01  -3.50974188e-01  -3.42394667e-01  -4.00368018e-01
    9.50853795e-01  -2.65650405e-01  -5.35557080e-03   5.39285782e-01
   -2.12100834e+00   6.63662059e-01   1.69932916e+00  -3.22491870e+00
    6.06068442e-01   6.71690952e-01  -1.57244310e+00   1.21150750e+00
    5.08963222e-01 
   -4.96142429e-01   6.63610897e-02  -2.45825766e+00   1.00410763e+00
    2.16630830e+00  -1.64445520e+00  -4.46880162e-01  -6.96047444e-01
   -1.06431645e+00   2.40472025e-01   1.82783711e-01   8.21880887e-02
    1.49706564e+00  -8.59853964e-01  -1.24863574e-01   1.56133149e+00
    1.38119205e-01 
    1.53210949e+00  -7.25406713e-01  -7.58064850e-01   5.49918401e-01
   -3.56646500e-02  -1.09814629e+00   1.00944997e+00  -1.50955118e-01
   -1.31979083e+00   8.11449905e-01  -1.15905793e+00   1.62815169e+00
    1.59211577e+00  -1.56682463e+00   9.31973161e-01  -1.73981706e+00
   -3.38879453e-01 
   -2.22277795e-01  -1.36712423e+00   1.21963563e+00  -9.96245433e-01
   -3.47636869e-01  -7.35155972e-01  -1.94058441e-02  -1.63905990e+00
    1.32145476e+00  -2.52436070e-01  -1.94777458e-01   1.66613210e+00
    1.50412924e+00   1.90181192e+00   4.68364749e-02  -1.37336308e+00
   -7.38943154e-01 
   -3.62533427e-01   1.16101879e+00   1.31191756e+00  -1.16959117e+00
    5.73419088e-01   1.00962965e+00   1.36389091e+00  -5.92711597e-02
   -5.55639069e-03  -3.36665612e-01  -1.33598998e+00   5.99328541e-01
   -7.05966861e-01  -1.23839694e+00  -2.53908854e-01  -1.99290081e-01
   -3.81412536e-02 
    5.91619354e-01   1.37861408e+00   1.16467028e+00  -1.58955476e+00
   -1.56261412e-01  -6.73826638e-02  -1.65223648e+00   9.23896213e-01
   -4.98120559e-01   5.10972301e-01   8.53972510e-01   3.60661737e-01
   -2.01437715e-01  -3.85379837e-01  -1.22437409e+00   7.89617963e-01
   -5.91691896e-01 
    5.10153587e-01  -1.31746798e+00   1.01101289e+00  -5.71497889e-01
    6.57557658e-01   3.45944428e+00  -1.63942609e+00  -7.39995834e-02
    2.02414385e+00   1.99840264e+00   4.28986600e-01  -7.28221573e-01
   -7.43779269e-01  -2.31210715e+00  -1.16333692e+00  -5.51119212e-02
   -7.45742746e-01 
    4.67656189e-01   2.23564206e+00  -9.58359949e-01  -5.88811263e-01
    8.68145111e-01  -1.30554377e+00  -9.02952604e-01  -1.20755560e-01
   -1.61151737e+00   2.06928875e+00   1.18141564e+00  -1.01986306e+00
    6.06029366e-01  -1.63218509e+00   1.07255866e+00  -1.28407531e+00
   -1.32224738e-01 
   -1.33186933e+00  -7.91689920e-02  -9.01434859e-01   1.38069570e+00
    1.81078081e+00  -7.67113902e-01   1.19177064e+00  -4.94092077e-01
   -8.62961695e-01   1.19591121e+00   2.13963934e-01   1.76265451e+00
   -2.25733140e+00   5.61186121e-01  -2.82428915e-01  -1.14946871e+00
    2.95148891e-01 
   -6.68901949e-01   5.83275612e-01  -1.97823874e-01  -2.54956294e+00
   -1.80528131e+00  -1.03037762e+00   3.93316793e-01   3.53766666e+00
   -8.66947646e-01   7.17566376e-01  -5.77089997e-01   2.42118391e+00
   -6.52235806e-01  -1.29878672e-01  -2.89376672e-02   6.61519746e-02
   -5.63352767e-01 
    2.44268723e+00  -7.99656124e-01   4.95176632e-01   1.64691828e+00
    1.30247122e+00  -2.35746210e-01  -1.53124711e+00   5.58175301e-01
    3.18284747e-01  -8.85120173e-01  -1.07189097e-01  -6.85664418e-01
   -2.40622211e+00   2.99088707e-01   8.27154994e-01  -6.27726004e-01
   -6.06189184e-02 
   -9.09940071e-02  -1.36707472e+00   1.04726295e+00  -1.36809248e-01
    2.66181367e-02   1.76341237e-01  -3.01189698e+00   2.13713671e-01
   -1.75365216e+00   7.83658366e-01   2.63811238e+00   2.10299040e-01
   -3.41022432e-01   1.12825725e+00  -5.05423551e-01  -4.98784176e-01
   -1.08963048e+00 
   -3.47573794e-01  -1.64229525e-02  -6.39061860e-01   2.12432008e-01
    2.08885516e+00  -1.77444152e+00   8.02693353e-01   5.33241429e-01
    7.02834569e-01   1.53565404e+00  -2.04474102e+00  -1.72089507e+00
   -6.68734007e-01   5.75318062e-01  -4.11391644e-01  -2.07429300e-01
   -1.07746878e-01 
    9.79217611e-01  -1.96063769e+00   3.12234303e-01   2.47036680e+00
   -2.01032865e+00   9.64162673e-01   3.73461129e-01  -4.49182601e-01
   -1.50832367e+00  -3.31482356e-02  -4.17415823e-01  -4.02229011e-01
    7.33257704e-01   2.21905087e+00  -1.69851236e+00  -3.26216288e-02
    5.84844601e-01 
    1.18967196e+00  -9.83117819e-01  -1.17645998e-02   6.11585609e-02
   -3.04812331e-01   6.08817116e-02   2.95815654e+00  -2.63805311e+00
   -1.39485496e+00  -7.31811548e-01  -3.46953004e-01  -8.36057851e-01
    1.39206488e+00  -1.74392074e+00   5.15943014e-01   1.45702433e-01
    3.96213037e-01 
    1.21327260e+00   6.99340801e-01  -2.78883123e+00  -3.57652450e+00
    6.79263394e-01   1.20354719e-01   1.10667425e+00   1.53702816e+00
    5.63871276e-01   9.72971326e-02  -9.89101569e-01  -6.29801554e-01
   -2.34636015e-01   1.84348194e+00  -4.91661167e-01   8.95933865e-01
    1.55626807e-01 
   -1.38623037e+00   3.17573160e-01  -1.22103603e-01   2.73012275e-01
    6.98834140e-01  -9.93836845e-01   1.81856252e-02   1.44486255e-01
    1.28921632e+00  -7.67388818e-01   8.98010542e-01  -2.16686548e-01
    7.59338432e-01  -7.57320137e-01  -4.71874675e-01   1.09876694e+00
   -5.07115738e-01 
   -2.39562581e-01  -1.84631100e+00   1.86847609e+00  -1.70783211e-01
   -2.11707168e+00   6.20725321e-01   8.91073541e-02   1.35403036e+00
    3.31825277e-01   1.75882090e+00  -1.72560887e+00  -5.79034929e-01
    4.54040040e-01  -1.05924630e+00   5.68039186e-01   5.15578576e-01
    1.06291526e-01 
   -1.35769517e+00   4.92443170e-01  -9.70626996e-01   1.76449393e+00
   -7.80380069e-01   1.78126795e+00   5.92817617e-01  -1.35736807e+00
   -2.25123686e-01  -1.61074259e+00  -7.70530614e-01   6.02130301e-01
    1.59247627e+00   2.70297338e-01  -2.43036803e-01  -1.77395049e+00
    3.50950650e-01 
    2.01370938e-02   2.37767473e+00   1.03628221e+00  -1.76116026e-01
   -3.61808420e-01  -3.85803877e+00   1.05085865e+00   3.16628507e+00
    1.20566119e+00  -1.64055295e+00   7.16875845e-01  -6.83750268e-01
   -5.36684139e-01  -4.26685388e-01   5.51435780e-01   4.27100423e-02
   -1.56827858e-01 
   -2.31205852e+00   8.78420821e-01   1.59494142e+00  -4.43306609e-01
    1.63428428e+00  -9.64483189e-01  -5.90022918e-01  -5.35670244e-01
    1.95250772e+00  -1.34818237e+00   1.32878872e-01  -1.83728464e+00
    4.65396609e-01   5.72556299e-01  -1.10046241e+00  -3.02168132e-01
    5.92869970e-01 
   -4.39815108e-01  -4.13796738e-01   4.80489601e-01  -9.15057053e-01
    2.01849111e+00  -1.58963951e+00   1.57010302e-02   2.08648496e+00
   -2.26277585e+00  -7.47314492e-01   9.75509449e-01   5.90604277e-01
    5.80080482e-01  -7.46701955e-01  -3.71992989e-01  -6.18199649e-01
   -3.46797577e-01 
   -1.70119683e+00   7.67796797e-02  -1.41995182e+00   1.89265378e+00
   -1.04876323e+00   9.06670929e-01   4.80677256e-01  -8.48915306e-01
    1.19883193e+00   1.50258123e+00   1.49732018e+00  -1.73550467e+00
    6.38734762e-01  -1.28170149e+00   3.95141745e-01  -1.08143132e-01
   -6.48257333e-01 
    1.59551085e+00   1.49789635e+00  -1.69881021e+00  -6.85472386e-01
   -3.09847864e+00  -8.61123397e-01   8.60785530e-01   5.50118752e-01
    1.27140344e+00  -2.21186167e+00   2.14365747e+00  -6.97061475e-02
    2.66899150e-01  -1.91298632e-01  -6.87312155e-01   1.46551788e-01
   -1.13188522e-01 
    1.34771733e+00   3.55782936e-02  -1.56353499e+00  -2.66191628e-01
   -1.10992226e+00  -4.57854208e-01   2.26472003e+00  -2.77835415e+00
    3.20084795e-03  -3.74464592e-01   3.76551191e-01   1.10657056e+00
   -2.01079471e-01   1.22170627e+00   8.90021067e-01   7.49564845e-01
   -6.59295156e-01 
   -7.72589834e-01  -5.73959768e-01   1.78399682e+00  -1.36640870e-01
    1.29056527e+00   1.62161593e+00  -2.28568494e+00  -3.57001421e-02
    3.51219566e-01  -7.50454701e-01  -2.69655965e+00   3.91590619e-01
    1.61280233e+00  -1.04828409e+00   2.19231228e-01   2.46005548e+00
   -9.84642456e-02 
   -6.87018593e-01   2.31374649e+00   1.22351962e+00  -1.31246627e-02
   -1.02268783e+00   2.16519160e+00  -3.97347985e-01  -1.90795427e-01
   -9.94813581e-01  -1.69374451e+00  -3.98502874e-01  -2.43944086e-01
   -8.41549333e-01   5.39649525e-01  -6.12735220e-02   6.09247481e-01
   -4.10406854e-01 
   -4.75235838e-01  -1.36043441e+00  -8.21262055e-01   1.31465348e-01
    3.61549872e-01   2.38522359e+00  -9.47561902e-01   7.44610983e-01
    5.61641313e-01  -2.04854306e+00   1.03322090e+00  -2.76064794e-01
   -1.29215664e+00  -1.76951442e-02   2.35632490e+00  -1.23685870e+00
    4.12843492e-01 
   -2.38524258e-01   1.77119101e+00   4.84095705e-01  -7.00637303e-01
    5.40279889e-01  -1.31708902e+00  -2.07337294e+00  -1.46475340e+00
   -1.32233751e-01  -7.17962424e-01  -1.02011636e-01   6.30103967e-01
    5.35584799e-01   4.08648217e-01   5.63131904e-02   9.49711557e-01
    3.87251598e-02 
   -1.16721026e+00   1.60630798e-01   2.35843896e+00   1.32070979e+00
    1.13008672e+00   2.80405164e-01  -1.33741314e+00  -1.04857501e+00
   -6.03914747e-01   6.30599641e-01  -1.90826848e+00  -1.33369369e+00
   -1.41155097e+00   1.23978672e+00   1.22987580e+00   9.21700187e-01
    2.84669563e-01 
    1.22616259e+00   9.49451804e-01  -9.30695364e-01  -3.21990176e-01
   -6.91225116e-01  -2.23184123e-01  -8.01022342e-01  -2.22331579e-01
    1.44297513e+00   1.46443067e+00  -1.87440512e+00  -1.47479995e+00
   -3.59143261e-01  -1.43146579e+00   2.23533157e+00   5.78538313e-01
   -4.49964065e-01      3.03727480e+00  -6.91742016e-01   2.26984908e-01  -1.76948056e+00
   -7.18718404e-01   6.65978002e-01  -4.63696228e-01  -9.47671950e-01
    6.30451587e-01   1.23133619e+00   5.28696385e-01  -2.63902341e+00
   -8.48338806e-01   2.63964774e-01   7.02986324e-01  -1.63145152e+00
   -4.13692567e-01   4.20574351e-01   1.52404298e-01   6.83748131e-01
   -1.77522551e-01   2.36259958e+00   3.77044151e-01   2.07322864e+00
   -1.83236508e+00  -8.67661570e-01   5.02568696e-01  -1.72199785e-01
   -4.08380083e-02  -3.91811275e-01   5.17692147e-01  -1.60195464e+00
   -1.65321707e-01 
    5.81457104e-01   1.95182626e-01  -4.84048639e-01   1.23437772e-01
    1.01987190e+00  -2.93830443e-01  -1.35467771e+00   1.08991810e+00
   -2.38893054e+00  -3.38946212e-01  -8.33916692e-01   2.56657622e-01
    1.29195370e+00  -2.18140442e-01   1.75580246e+00   2.95380463e-01
    8.85467213e-02  -7.15330015e-01   1.95505968e+00  -1.91123101e+00
   -1.59003950e+00   2.83361530e-01   2.74440926e-01   1.12943885e-01
   -1.53564894e+00   5.07569292e-01   7.72709701e-01  -3.66369009e+00
    1.34473252e+00  -1.61143200e+00   3.39475717e-02  -1.21282570e+00
    1.32209325e-01 
    8.03050215e-01   1.25972286e-01   2.75972155e+00   7.11785748e-01
   -1.95035549e+00  -1.30534633e+00  -8.86750960e-01  -7.80941858e-01
    1.53433186e+00   1.11141384e+00   2.95323172e-01   1.13805603e-01
   -2.08168964e+00   1.39240710e-01  -3.99636360e-01  -1.31582035e+00
    2.22172387e+00  -1.54006834e-01  -1.30675608e+00   1.11380467e+00
   -1.34251415e+00  -2.32204957e+00  -1.05301591e+00   1.27130143e+00
    1.19190373e+00   9.05174926e-01  -1.98967731e+00  -6.82900445e-01
    1.77925366e+00  -3.65527056e-01  -2.44684175e+00   8.83927647e-01
   -3.45531031e-01 
   -1.17927211e+00   7.22114875e-01  -1.30398934e+00  -9.99626200e-01
    1.56112848e+00   1.21649161e+00   1.32661379e+00   4.31840915e-01
    4.27094350e-01  -8.33804235e-01   2.24871221e+00  -2.27958024e+00
    6.25284547e-01  -9.98903407e-01  -3.09512373e+00   1.88760413e-04
    3.65837932e+00  -2.48311854e-01   5.73918865e-01  -1.89461670e+00
   -1.11871812e+00   7.26205920e-01   9.02766099e-01  -2.65117179e+00
    4.17955999e-01   5.27806272e-01   9.56707698e-02   1.24079691e-01
   -2.57039534e-01   2.62631680e-01  -1.76993091e+00  -4.54790201e-01
   -7.73113181e-02 
   -1.49575475e+00  -1.15879863e+00  -2.04902045e+00  -2.76214776e-01
    2.52581370e-01  -2.92785481e-01   2.44011892e-01  -1.18156294e+00
   -3.33010214e-01  -2.55876488e+00   1.26459672e+00  -3.43666902e-01
   -2.21055099e-01  -2.25950344e+00   2.46085708e+00  -1.48927470e+00
   -2.69456931e-02  -1.45868752e+00   2.71163465e+00   4.33130934e-02
    1.18482984e+00  -1.40930994e+00  -2.95047053e+00   2.16309636e+00
    1.89170091e+00   1.47832451e+00  -1.47040902e+00  -3.69364306e-01
   -1.07992085e+00  -5.83342814e-01  -9.40998964e-01   1.32669094e+00
   -1.30542588e-01 
   -5.90630450e-01   1.72539676e-02   7.31054865e-01   8.42618334e-01
    9.16662432e-01  -6.26209854e-01  -3.34262700e-01  -3.48489822e+00
    9.78917343e-01   7.80732404e-02   9.63343854e-03   8.20386800e-02
   -5.71446375e-01   1.92147812e+00  -8.98888956e-01  -1.87492376e+00
   -1.17354129e+00   3.68497984e-01  -2.55565835e-01  -2.70516649e+00
    4.47310276e+00   4.10322745e-01   4.92408645e-01   5.54401094e-03
   -7.70389943e-02   5.69714134e-01  -1.59172845e+00  -1.44387063e+00
   -3.32251561e+00   7.01538471e-01  -2.29218672e-01  -5.50098684e-02
    8.64567032e-02 
    6.21529183e-01  -6.51384395e-01   2.72255796e-01  -1.25944040e+00
   -4.99709884e-01  -1.57932747e+00   1.31988866e+00   9.13239116e-01
    1.43860462e-01  -2.25238498e+00  -6.32867855e-01   2.20821070e+00
    3.06239441e+00  -1.57347143e+00  -1.19254792e+00  -3.69304338e+00
   -9.03209004e-01   8.38340670e-02  -4.41922726e-01   7.61340237e-02
   -8.68631869e-01  -3.85547025e-01  -4.57722578e-01  -6.73007121e-01
   -1.64259141e+00  -1.55230740e+00   1.12771153e+00   2.21611729e-01
    3.86138434e-01   2.60571309e+00   6.51818589e-01   8.03386727e-01
   -2.86011598e-01 
    2.33726742e-02  -9.43840217e-01   1.85442275e+00  -5.15939021e-01
    1.37977993e+00  -1.58190099e-01  -9.78947953e-01   9.65981340e-02
   -1.39234991e-01   3.61369508e-01  -3.91718477e+00   8.13186270e-02
   -2.33267494e-01  -1.33024236e+00  -3.77587283e-01   2.09674836e+00
   -2.07631647e+00  -6.15833918e-01  -2.32165203e+00  -2.30144437e-01
   -2.32861748e+00  -2.90954051e-01  -2.62773334e+00   1.50894544e-01
   -1.96217137e-01   3.02679242e+00   6.66845461e-01   5.98933732e-01
   -1.53070860e+00   1.09675951e+00   9.08259917e-01  -3.11224168e-01
   -6.10246497e-01 
   -1.78201279e+00   2.13820858e+00   1.09817228e+00   1.18432861e+00
   -1.87518040e+00  -3.35218472e-01   1.17620804e+00  -2.02427234e+00
    1.94373075e+00   1.09774339e-01   4.42909477e-01  -1.28967565e+00
    1.12452754e+00  -1.47977494e+00   1.91497039e+00   1.37122091e+00
   -8.61019211e-01  -1.91923545e+00  -4.35440646e-01   4.43794372e-01
   -1.41455122e+00  -1.54967398e+00   2.05049084e+00  -1.46008357e+00
   -1.53273556e+00  -6.47385746e-01   1.12426912e-02   6.40113994e-01
   -1.20555291e+00  -1.62570183e-01   1.26735585e+00  -1.55971873e+00
   -5.32812794e-01 
    6.92802014e-01  -6.79096199e-01  -6.38364930e-01  -1.13942428e+00
   -2.38558264e-01   1.67687213e-01  -8.70225813e-01  -2.19803628e+00
   -2.22533599e+00  -2.25291561e+00  -1.81548623e+00   1.58522555e+00
   -2.09961634e+00  -1.29875938e+00  -9.57379543e-02  -6.29158271e-02
    7.35913216e-01   1.03286913e-01  -1.91638420e+00   1.83250396e+00
    1.18756971e+00   1.29159220e+00   6.21777300e-01  -2.42223865e+00
    2.58978114e+00  -4.44639552e-01   1.51423399e+00   1.64907957e-01
    2.12195174e+00   3.06527313e-01   1.56273340e-01  -1.37051175e+00
   -5.27398010e-02 
   -3.94943378e-01  -2.30985376e+00   1.96655107e-01   7.76590123e-01
   -4.15773341e-01   1.03922588e+00  -8.74472783e-01  -2.30385283e+00
   -1.22299948e+00  -1.80062803e-02   1.11588988e+00   4.97001468e-01
   -2.58798332e+00   1.87377889e+00  -4.20542337e-01   2.32128433e-01
    7.72719969e-01  -1.10800400e+00   8.39836559e-01   1.40250827e+00
   -5.45331942e-01  -9.56311919e-01  -1.10827704e+00  -2.55352846e+00
   -1.81671361e+00  -1.52065387e+00   2.97261218e+00   8.32137147e-01
   -1.10583967e+00  -3.84564036e-01   1.37810330e+00   2.11010236e+00
   -2.73650021e-01 
   -1.40256705e+00   3.67129811e+00  -1.04639010e+00  -2.43888129e+00
   -1.94338476e+00  -1.01125417e+00  -1.10724905e+00   2.95105220e-01
    9.27809965e-01  -2.10941949e+00  -2.53952494e+00   9.17895962e-02
   -8.40747760e-01   1.30236310e+00   2.37508724e-01   1.46978128e+00
   -8.88098876e-01  -4.68565246e-01  -5.34832527e-02  -6.80234369e-01
    7.26700992e-01   1.78922615e+00  -4.77270412e-01   8.75026246e-01
    7.99422824e-01  -1.81947349e+00  -1.22518420e+00   3.72309381e-03
    7.95276897e-01  -8.16201990e-01   1.19669957e+00   9.84057858e-01
   -5.07997230e-01 
   -4.61608469e-01  -7.47158306e-01  -2.43533402e+00  -1.89611507e+00
   -1.94228377e+00   7.73085949e-01   1.73394964e-01  -2.49804992e-01
   -5.08398848e-01   2.77848471e+00  -2.31873363e-02   2.03496295e+00
   -1.03168538e+00   1.01378022e-01  -2.91602795e-01  -1.21405823e+00
   -6.42214995e-02  -1.05641511e+00  -3.19673270e-01  -1.20150139e+00
    4.73520144e-01  -4.25580619e-01  -8.29497338e-01  -7.11326362e-01
    9.26933951e-02  -2.78772701e-01  -1.58189801e+00   4.45305964e-01
    1.41257415e+00  -1.11871109e+00   1.72860224e+00  -4.37379845e-01
   -2.06978495e-01 
   -3.08553590e-01  -7.89616752e-01   6.10457945e-01   1.79888833e+00
   -2.06972115e+00   1.08404141e+00  -1.93684031e-01   8.47506524e-01
    8.95033470e-01  -6.43642395e-01  -8.27133824e-01   1.63076382e-02
   -1.58522526e+00  -6.48732998e-01  -2.32933274e+00   1.79532636e+00
   -2.64204366e+00   2.93467329e-01   9.12985865e-01  -7.15642487e-01
    6.40259965e-01  -6.77347779e-01   1.25003992e+00   3.35324487e-01
    3.74951819e-01  -1.91478410e+00   8.83759303e-01  -1.19992425e+00
    1.74855514e-01  -9.25813102e-01  -8.00535630e-01   6.47996518e-01
   -3.73134654e-01 
   -5.96472292e-01   1.71115506e+00   2.19416181e-01  -1.10789376e+00
   -9.53399897e-01  -1.67508747e-01   8.95762534e-01   1.33617596e+00
   -7.12421007e-01   1.27962035e-01  -8.50148375e-01  -6.32142622e-01
    2.91695039e-01   4.06843470e-01   1.48168956e+00  -9.89431317e-01
    4.00407535e-01   2.30316109e-01  -1.12129348e+00   4.39299477e-01
   -6.38921292e-01   9.22369955e-01  -1.93552716e-01  -2.79441442e-01
    7.68776319e-01  -1.24634421e+00  -4.07640920e-01  -2.63347787e-01
   -1.75279586e+00   1.09292652e-03  -1.52484137e+00  -2.47132755e+00
   -7.96890903e-01 
   -2.78447226e-01  -1.49460847e+00  -2.07177022e+00   1.51277813e+00
    1.30041936e+00   8.23701844e-01  -4.69599360e-01  -3.79653244e-01
    1.41907482e+00   1.09601190e+00   1.10611484e-01   3.84979460e-01
   -2.34010121e-01   1.89736458e-01  -8.81392910e-01  -1.91632079e-01
   -2.08299093e-01  -1.47840228e+00  -6.86915747e-01   1.39765502e+00
   -5.45307832e-01   6.41074584e-01   2.17051489e-01  -1.39321450e+00
   -5.47214305e-01  -1.24117768e+00  -1.43098491e+00  -4.69628063e-01
    9.83574683e-01  -4.86462663e-01  -7.63226023e-01  -5.15662752e-01
   -1.29584033e-01  