NN 16 32 16   -3.42848661e+00  -9.71165867e-01  -1.77147192e-01   6.08357948e-01
    2.20496887e+00  -9.41087635e-01  -1.65695980e+00  -1.92721799e+00
    2.83448151e+00  -1.24936913e+00  -2.41587066e-01   1.83073678e-01
    6.97015921e-01  -2.73859194e-01   2.17319257e-01  -4.92931534e-01
   -8.45741096e-01 
    7.29763517e-01  -4.74150666e-01  -4.67867819e-01  -2.96916760e-01
    1.01484455e+00  -3.62133327e-01   7.81970524e-02   5.55436402e-01
   -2.34906415e+00   7.23143919e-01   1.97588217e+00  -3.50123704e+00
    7.24031081e-01   7.08318408e-01  -1.80160290e+00   1.28583522e+00
    5.76379309e-01 
   -6.89736339e-01   2.66354229e-02  -2.63110977e+00   9.64199158e-01
    2.48856990e+00  -1.76137198e+00  -5.14419440e-01  -7.69914330e-01
   -1.00378440e+00   5.96030085e-01  -1.14342048e-01   8.68123342e-02
    1.46541035e+00  -8.22280726e-01  -1.84325213e-01   1.85751762e+00
    1.33566682e-01 
    1.59089345e+00  -7.49249552e-01  -1.33294390e+00   9.51704427e-01
    9.55409500e-02  -1.02169287e+00   8.21234617e-01  -2.74572206e-01
   -1.38444982e+00   7.35098022e-01  -1.37855734e+00   1.77275663e+00
    1.73524168e+00  -1.52043354e+00   1.11564442e+00  -1.78096142e+00
   -2.25323568e-01 
   -2.85228189e-01  -1.53493435e+00   1.42321259e+00  -9.96871011e-01
   -3.48675387e-01  -6.16303148e-01   6.24152006e-02  -1.88855014e+00
    1.24109966e+00  -4.74411825e-01  -9.78509194e-03   1.84076717e+00
    1.57389251e+00   2.03681151e+00  -1.09173936e-01  -1.45338460e+00
   -7.36528029e-01 
   -4.40408419e-01   1.26103838e+00   1.63613753e+00  -1.27548425e+00
    7.16311297e-01   1.16729343e+00   1.72764823e+00  -1.98586273e-01
   -5.70547570e-02  -2.17225860e-01  -1.78977502e+00   5.48686823e-01
   -7.60820242e-01  -1.31130883e+00  -3.52423250e-01  -1.30917051e-01
    2.84351524e-02 
    7.13984297e-01   1.56130225e+00   1.33867994e+00  -1.76630643e+00
   -1.00876279e-01  -5.37035831e-02  -1.85659062e+00   1.13109802e+00
   -5.29850078e-01   4.58377118e-01   7.71507851e-01   2.67881398e-01
   -2.78268317e-01  -4.50795183e-01  -1.42554313e+00   7.30774697e-01
   -7.11558758e-01 
    7.01529893e-01  -1.38811734e+00   1.04300445e+00  -2.64956902e-01
    7.24805175e-01   3.81828083e+00  -1.91718286e+00   5.05779740e-04
    2.24603579e+00   2.22115870e+00   6.47093722e-01  -6.23423370e-01
   -5.52998971e-01  -2.39877909e+00  -1.16915482e+00   1.86061704e-03
   -5.76016800e-01 
    2.52859419e-01   2.61125006e+00  -9.74755667e-01  -8.53295562e-01
    7.53451413e-01  -1.17538141e+00  -1.05411096e+00  -9.17764313e-02
   -1.65520040e+00   2.14162702e+00   1.26349758e+00  -1.10791886e+00
    7.02509644e-01  -1.71267240e+00   1.22414772e+00  -1.47180729e+00
   -1.55278063e-01 
   -1.48330493e+00  -7.17457444e-02  -7.43536248e-01   1.38921100e+00
    1.68756104e+00  -9.46215610e-01   1.16118899e+00  -6.26372969e-01
   -9.80108993e-01   1.15199191e+00   3.59391499e-01   1.93171262e+00
   -2.43762206e+00   5.28218836e-01  -4.10415385e-01  -1.22997859e+00
    3.41103702e-01 
   -5.50434452e-01   5.82467729e-01  -7.38307439e-02  -2.60052108e+00
   -2.02883375e+00  -1.29449143e+00   1.36527839e-01   3.84336053e+00
   -1.06049527e+00   5.15288438e-01  -7.19378179e-01   2.78658887e+00
   -8.66512530e-01  -2.94034391e-01  -5.16267994e-02   2.53000893e-02
   -5.98846217e-01 
    2.72329326e+00  -7.51081920e-01   2.89143397e-01   1.78539473e+00
    1.42458709e+00  -5.35751449e-01  -1.44598993e+00   6.74952628e-01
    1.77566136e-01  -1.00772520e+00   2.64827935e-01  -6.70826095e-01
   -2.71350539e+00   3.29808855e-01   8.91353139e-01  -8.15175943e-01
   -1.55357773e-01 
   -2.14299085e-01  -1.71344394e+00   1.17365227e+00  -6.52171151e-02
   -8.56614922e-02   3.95113117e-01  -3.34592863e+00   9.36255568e-02
   -1.70104240e+00   1.10346666e+00   2.88957819e+00   2.15860439e-01
   -3.51222091e-01   1.23438230e+00  -6.08756587e-01  -5.97716938e-01
   -1.17157785e+00 
   -4.30661897e-01   2.22972453e-01  -6.39375598e-01   2.34155263e-02
    2.03111258e+00  -1.98590534e+00   8.03482130e-01   7.02396357e-01
    7.96774347e-01   1.55031257e+00  -2.24310316e+00  -1.64720715e+00
   -9.08641923e-01   3.18375436e-01  -4.55294228e-01  -1.63161779e-01
   -1.84190441e-01 
    1.34883416e+00  -1.90687006e+00   5.41752455e-01   2.72148704e+00
   -2.05496735e+00   9.23936198e-01   5.29346224e-01  -8.73349693e-01
   -1.55990721e+00  -1.86461642e-01  -4.21047266e-01  -3.60172075e-01
    7.51629756e-01   2.30696507e+00  -1.89081982e+00  -9.21894822e-02
    6.02115685e-01 
    1.27384130e+00  -8.93017136e-01  -3.46983436e-01   1.00582340e-01
   -4.14423735e-01  -2.36742883e-01   3.00734625e+00  -2.81098828e+00
   -1.45505723e+00  -7.40247032e-01  -4.14825841e-01  -9.28840173e-01
    1.42284305e+00  -1.79033994e+00   7.66919311e-01   3.94664759e-01
    4.66095417e-01 
    1.28311268e+00   6.69482065e-01  -2.99594016e+00  -3.93054419e+00
    8.43986040e-01  -3.49798937e-02   1.00071301e+00   1.42577578e+00
    6.28522983e-01  -1.03992283e-03  -9.73531699e-01  -9.33635701e-01
   -3.64142207e-01   1.72502735e+00  -6.00922387e-01   9.22896216e-01
    1.03796705e-01 
   -1.39684754e+00   2.84360652e-01  -1.47929490e-01   1.47200485e-01
    6.91203408e-01  -1.31607792e+00   1.02376595e-01   1.66454591e-01
    1.38823130e+00  -8.80375963e-01   1.00120010e+00  -3.33048398e-02
    8.05102246e-01  -9.73344934e-01  -6.19542550e-01   1.09690229e+00
   -6.28932307e-01 
   -1.96987459e-01  -2.17838780e+00   1.98875256e+00  -1.52304647e-01
   -2.30676382e+00   2.93905690e-01  -2.76589074e-01   1.45499259e+00
    2.73458979e-01   1.63119840e+00  -1.80411071e+00  -3.64652812e-01
    5.71640209e-01  -1.23969518e+00   5.05295431e-01   5.53448114e-01
    3.35374135e-02 
   -1.44176645e+00   3.81703777e-01  -9.15893282e-01   1.94857633e+00
   -7.61803701e-01   1.70059033e+00   1.02889040e+00  -1.53623455e+00
   -2.44064748e-01  -1.62164674e+00  -8.28694520e-01   7.66019490e-01
    1.73790856e+00   2.34196470e-01  -1.88753397e-01  -1.98682697e+00
    3.88000410e-01 
   -1.35826876e-02   2.61319440e+00   9.24112248e-01  -5.25041855e-01
   -5.05621958e-01  -4.34423516e+00   1.21871874e+00   3.21594944e+00
    1.28462038e+00  -2.08618472e+00   6.47836542e-01  -2.80366766e-01
   -6.58602571e-01  -7.32882187e-01   5.34649338e-01  -3.10379369e-01
   -3.50362138e-01 
   -2.44693948e+00   8.53968412e-01   1.91201313e+00  -3.36899448e-01
    1.53955117e+00  -8.19860213e-01  -7.29822463e-01  -6.21466456e-01
    2.12903760e+00  -1.07705962e+00   9.04015548e-02  -1.81126815e+00
    5.02007801e-01   5.08063127e-01  -1.13710480e+00  -4.25579173e-01
    5.99910930e-01 
   -2.17173572e-01  -5.12682875e-01   4.64589524e-01  -8.03257388e-01
    2.19509581e+00  -1.36719583e+00   1.25184032e-01   2.21974234e+00
   -2.56858425e+00  -7.63923356e-01   1.09153082e+00   7.62120603e-01
    5.04831945e-01  -7.08484498e-01  -3.85489446e-01  -8.98075039e-01
   -3.21288587e-01 
   -1.99403230e+00   2.96769279e-01  -1.34409494e+00   2.03827632e+00
   -1.01340124e+00   9.24204147e-01   7.26973749e-01  -6.07873414e-01
    1.16117648e+00   1.48027362e+00   1.62368097e+00  -1.72753815e+00
    7.79496281e-01  -1.32833807e+00   5.17910377e-01  -1.95184146e-01
   -6.17276490e-01 
    1.61785227e+00   1.51666345e+00  -1.95051176e+00  -8.65201087e-01
   -3.30803958e+00  -1.11415094e+00   1.03211148e+00   5.65814838e-01
    1.25113351e+00  -2.44055758e+00   1.88699882e+00  -1.18435717e-01
    3.69421027e-01  -2.42304164e-01  -7.54316740e-01   8.09898084e-02
   -1.65328478e-01 
    1.58982901e+00   1.24715797e-01  -1.62134435e+00  -2.93306922e-01
   -1.07197098e+00  -5.37303440e-01   2.64433183e+00  -2.87444720e+00
   -1.05702120e-01  -4.35261125e-01   2.78780640e-01   9.03765222e-01
   -1.70798413e-01   1.29512841e+00   8.24216822e-01   9.74366957e-01
   -5.95630037e-01 
   -6.77159327e-01  -6.59267117e-01   1.89011216e+00  -2.34846551e-01
    1.39441681e+00   1.78432396e+00  -2.90667425e+00   8.88952092e-02
    4.36297285e-01  -6.39335793e-01  -2.94644943e+00   1.39762797e-01
    1.66496297e+00  -1.28876920e+00  -2.58916925e-03   2.82577999e+00
   -2.30823348e-01 
   -8.26589163e-01   2.55321132e+00   1.36572450e+00   1.68226563e-02
   -1.19231948e+00   2.02882987e+00  -4.90064403e-01  -5.97435917e-02
   -9.89956554e-01  -1.91806963e+00  -2.77681250e-01  -1.21359131e-01
   -8.95528025e-01   6.17517770e-01  -3.75872359e-04   7.62995704e-01
   -4.29628534e-01 
   -3.99975665e-01  -1.24890849e+00  -1.03161785e+00   2.77005704e-02
    1.95098346e-01   2.38332915e+00  -7.85818277e-01   7.83800411e-01
    3.80264886e-01  -2.38479594e+00   1.20024896e+00  -3.01899020e-01
   -1.39551614e+00   1.77899569e-02   2.77379802e+00  -1.42165967e+00
    5.21755007e-01 
   -1.62752237e-01   2.02157318e+00   4.03738610e-01  -7.16403785e-01
    7.63911209e-01  -1.46797436e+00  -2.25845075e+00  -1.44389954e+00
   -2.99068612e-01  -7.42774209e-01  -9.29163639e-02   9.24265206e-01
    6.23173592e-01   5.11173988e-01   1.20179918e-01   1.03839788e+00
    1.31361278e-02 
   -1.15552279e+00   1.02725709e-01   2.52163003e+00   1.47936054e+00
    1.06418338e+00   2.34366814e-01  -1.87584935e+00  -1.16240046e+00
   -6.36723096e-01   9.65085590e-01  -1.80551099e+00  -1.43199429e+00
   -1.63139151e+00   1.38467959e+00   1.44851539e+00   1.06715332e+00
    2.62383852e-01 
    1.34117242e+00   8.37023174e-01  -1.00954658e+00  -3.86558681e-01
   -8.73661084e-01  -4.15165111e-01  -5.58901662e-01  -3.82473466e-01
    1.58565858e+00   1.42570526e+00  -2.14684937e+00  -1.80886773e+00
   -4.93503633e-01  -1.68233390e+00   2.29628340e+00   7.05533630e-01
   -5.64929919e-01      3.28778569e+00  -9.37561122e-01   2.97690319e-01  -1.98525833e+00
   -7.66620007e-01   1.20258693e+00  -7.01324702e-01  -8.60467659e-01
    5.58217771e-01   9.73492345e-01   3.00395866e-01  -2.92078731e+00
   -7.94817536e-01   3.66768564e-01   7.95804778e-01  -1.64934428e+00
   -2.68593239e-01   1.19221606e-01   2.39999458e-01   1.80402567e-01
   -2.73281023e-01   2.09441744e+00   4.40773902e-01   1.96456734e+00
   -1.65786026e+00  -8.58436227e-01   3.72660569e-01  -2.73313353e-01
   -1.48237446e-01  -5.28428892e-01   3.08824560e-01  -1.43985827e+00
   -2.62044326e-01 
    4.93343492e-01   5.64316258e-01  -3.48378637e-01  -1.02880825e-01
    9.34753134e-01  -3.13109999e-01  -1.43034186e+00   1.04972655e+00
   -2.19811426e+00  -2.72125710e-01  -1.05023435e+00   1.28784091e-01
    1.21230580e+00  -2.33221909e-01   1.62099019e+00   1.66909886e-01
    1.52923592e-01  -8.12784167e-01   1.94007757e+00  -2.12136597e+00
   -1.61791453e+00   2.64181931e-01   4.30239406e-01   1.80943700e-01
   -1.52451093e+00   5.12712329e-01   6.61546536e-01  -4.05629818e+00
    1.27366721e+00  -1.79003161e+00   4.25132355e-03  -1.36314201e+00
    6.19289284e-02 
    6.79795934e-01   7.27595393e-02   2.93770574e+00   9.55749977e-01
   -1.89680110e+00  -1.49096686e+00  -8.48045833e-01  -8.87726297e-01
    1.54290901e+00   1.08828231e+00   5.03956767e-01   4.38110971e-01
   -2.23908172e+00  -3.83650656e-02  -3.53431848e-01  -1.21958729e+00
    2.22760382e+00  -4.87537829e-02  -1.44362481e+00   1.22394066e+00
   -1.33917463e+00  -2.46287483e+00  -1.00607453e+00   1.13864915e+00
    1.22655972e+00   9.26380001e-01  -2.07699121e+00  -5.65961596e-01
    2.06994701e+00  -2.15253499e-01  -2.35402328e+00   8.98885019e-01
   -2.49516306e-01 
   -1.34072234e+00   4.79537045e-01  -1.40719549e+00  -9.58587414e-01
    1.63970473e+00   1.35498843e+00   1.36510760e+00   2.56968047e-01
    4.09890901e-01  -8.92712025e-01   2.53145555e+00  -2.19830930e+00
    4.66140383e-01  -1.11283578e+00  -3.21520660e+00   2.12838281e-02
    3.72100610e+00  -2.31779571e-01   1.53001787e-01  -2.13171952e+00
   -1.04925463e+00   5.65385686e-01   7.79384500e-01  -2.88207056e+00
    5.44084480e-01   5.75199014e-01  -9.04303085e-03   2.48033190e-01
   -3.58085562e-01   2.75489282e-01  -1.71311797e+00  -5.43914636e-01
   -1.46439590e-01 
   -1.65072679e+00  -1.21900016e+00  -2.21116845e+00  -5.46921574e-01
    3.31740221e-01  -3.25773828e-01   1.79942823e-01  -1.17412716e+00
   -3.64414999e-01  -2.67197266e+00   1.32686695e+00  -3.96179430e-01
   -1.80589011e-01  -2.34659990e+00   2.58321217e+00  -1.68334895e+00
   -8.48725347e-02  -1.32374881e+00   2.58207339e+00  -4.79592133e-03
    1.37524119e+00  -1.22944054e+00  -3.06082398e+00   2.25319573e+00
    2.08571981e+00   1.53579398e+00  -1.47905853e+00  -1.19742457e-01
   -7.20134156e-01  -3.24256214e-01  -1.05817822e+00   1.44128414e+00
   -9.37765535e-02 
   -1.00626892e+00  -2.44251638e-01   7.27085151e-01   7.25300572e-01
    8.94748968e-01  -7.28186390e-01  -4.00580628e-01  -3.58274662e+00
    1.00481642e+00   2.73471955e-02  -1.88886546e-02   3.82089128e-01
   -6.89895617e-01   1.79070561e+00  -8.79421619e-01  -2.10459935e+00
   -1.33060082e+00   4.75945199e-01  -1.34809700e-01  -2.59714664e+00
    4.59387838e+00   3.29033797e-01   9.80041187e-02  -1.96990522e-02
    2.11331415e-01   5.26587019e-01  -1.42694269e+00  -1.60971454e+00
   -3.46410332e+00   7.67385663e-01  -3.02031883e-01   1.96131213e-01
    4.39271296e-02 
    7.07555325e-01  -9.32044852e-01   1.58962251e-01  -1.13707276e+00
   -3.55943873e-01  -1.99332529e+00   1.21843589e+00   9.07932040e-01
    2.95346721e-01  -2.13776331e+00  -7.05052286e-01   2.54427004e+00
    3.05418767e+00  -1.48459665e+00  -1.17757049e+00  -3.82951087e+00
   -1.00513768e+00   1.24885260e-01  -2.66576208e-01  -2.76001130e-01
   -8.10208980e-01  -2.84075806e-01  -6.08511178e-01  -6.18581242e-01
   -1.52468256e+00  -1.61059454e+00   1.07561467e+00   1.37477117e-01
    4.01870722e-01   2.64939637e+00   6.72516037e-01   4.90378903e-01
   -3.37578419e-01 
    7.21763116e-02  -6.47742424e-01   2.07014329e+00  -6.57819261e-01
    1.56722134e+00  -2.02002608e-01  -8.84926563e-01  -2.66296798e-02
   -1.56434337e-01   4.13005715e-01  -4.11327530e+00   1.08341334e-01
    6.91705902e-02  -1.53782599e+00  -2.55653889e-01   2.16498146e+00
   -2.24291249e+00  -5.33618614e-01  -2.24625603e+00  -4.00818924e-01
   -2.34403958e+00  -2.07626918e-01  -2.68631970e+00   2.39969271e-01
   -3.73653115e-01   3.32019303e+00   5.68693933e-01   5.16245192e-01
   -1.59771187e+00   8.95063265e-01   1.10992513e+00  -1.31900080e-01
   -7.35271645e-01 
   -1.92618969e+00   2.28153416e+00   1.14080313e+00   1.28955751e+00
   -2.04309048e+00  -3.77451846e-01   1.21310079e+00  -2.22882997e+00
    2.13300192e+00   3.02789700e-01   6.21533452e-01  -1.35269063e+00
    1.18095221e+00  -1.48372797e+00   1.92124833e+00   1.21507343e+00
   -8.11001589e-01  -2.10871615e+00  -4.61034733e-01   5.11957055e-01
   -1.38502156e+00  -1.62990062e+00   2.10240168e+00  -1.36694530e+00
   -1.74740788e+00  -6.04687516e-01   4.34657774e-02   5.86307180e-01
   -1.22689673e+00  -8.36019575e-02   1.48165216e+00  -1.70309409e+00
   -5.22787824e-01 
    7.70821799e-01  -8.01472967e-01  -9.00223626e-01  -1.28919575e+00
   -1.30028891e-01   2.84601414e-01  -9.10491322e-01  -2.24645545e+00
   -2.35565930e+00  -2.47928243e+00  -1.82853884e+00   1.60694294e+00
   -2.48626346e+00  -1.43155958e+00   9.27279483e-02   1.06101052e-01
    7.32040043e-01  -7.50012354e-02  -2.10635215e+00   1.74209990e+00
    1.24478926e+00   1.17156601e+00   5.89431862e-01  -2.60340335e+00
    2.60338254e+00  -4.64510006e-01   1.62200692e+00   3.49756770e-01
    2.22856137e+00   2.60207510e-01   7.26753278e-02  -1.70318199e+00
   -2.25982198e-01 
   -2.33063410e-01  -2.57891741e+00   3.31591602e-01   7.61555007e-01
   -5.84234423e-01   1.08996064e+00  -1.01565877e+00  -2.23189162e+00
   -1.44506571e+00  -4.36987855e-02   1.14970580e+00   1.95779029e-01
   -2.60624607e+00   1.83848736e+00  -4.26176959e-01   1.50984436e-01
    5.70226801e-01  -1.18520585e+00   9.66388560e-01   1.51274558e+00
   -7.21473303e-01  -1.17320797e+00  -1.27402956e+00  -2.59259420e+00
   -1.75102525e+00  -1.67178654e+00   3.25183233e+00   9.29317645e-01
   -1.18601741e+00  -3.52721264e-01   1.54712717e+00   2.37146192e+00
   -4.13384667e-01 
   -1.40007498e+00   4.01022226e+00  -1.17370780e+00  -2.49190300e+00
   -2.02330729e+00  -1.16583022e+00  -1.11742733e+00   1.04810799e-01
    1.07476627e+00  -2.21963790e+00  -2.51280052e+00   1.94318155e-01
   -7.63503398e-01   1.32004516e+00   3.80679706e-02   1.60152065e+00
   -8.13117585e-01  -5.17145066e-01  -1.24894178e-02  -7.88399147e-01
    7.40870592e-01   1.75229822e+00  -5.43695858e-01   9.55924919e-01
    7.43598681e-01  -1.68684577e+00  -1.39572607e+00  -3.50141489e-02
    8.75192261e-01  -8.18704329e-01   1.43998344e+00   1.10262757e+00
   -5.45771928e-01 
   -4.50959247e-01  -8.58938938e-01  -2.49358349e+00  -1.99458959e+00
   -2.02118343e+00   8.43994815e-01   8.16834057e-02  -2.45475713e-01
   -5.77983036e-01   3.12590582e+00   2.28218717e-02   2.06950770e+00
   -1.03247835e+00   1.99764064e-01  -3.98885721e-01  -1.26563052e+00
   -8.72552081e-02  -1.07978348e+00  -3.80549994e-01  -1.33410769e+00
    4.02909783e-01  -4.11644784e-01  -8.69707991e-01  -6.96162580e-01
    4.39101422e-02  -2.17904708e-01  -1.72459942e+00   4.52237326e-01
    1.45246968e+00  -1.16313336e+00   1.86505222e+00  -4.28780488e-01
   -2.17846731e-01 
   -3.27277766e-01  -7.89411635e-01   5.65859547e-01   1.86321513e+00
   -2.19754704e+00   1.16840902e+00  -1.85605705e-01   9.23730110e-01
    9.26262214e-01  -7.17065623e-01  -8.22862956e-01   3.48346548e-02
   -1.64858523e+00  -6.91356738e-01  -2.45143155e+00   1.89983476e+00
   -2.77199335e+00   3.40257399e-01   9.64381090e-01  -7.75945830e-01
    7.18765270e-01  -6.72261465e-01   1.32324066e+00   3.42366948e-01
    3.63320029e-01  -1.98911480e+00   9.09767138e-01  -1.24142406e+00
    1.23191293e-01  -1.01141824e+00  -8.61530291e-01   7.00204702e-01
   -4.27051820e-01 
   -6.14477598e-01   1.91549815e+00   2.20193041e-01  -1.10022702e+00
   -9.77913101e-01  -1.69128085e-01   9.15294026e-01   1.41347139e+00
   -9.03109573e-01   1.60999042e-01  -9.42386958e-01  -6.73331239e-01
    2.18480516e-01   4.17100779e-01   1.71739845e+00  -1.07293966e+00
    4.21948806e-01   2.47964467e-01  -1.22760357e+00   4.24422304e-01
   -6.36702024e-01   9.70856411e-01  -2.68913755e-01  -3.11262097e-01
    8.72047604e-01  -1.26530726e+00  -4.50515772e-01  -3.27454402e-01
   -2.15221507e+00  -1.23436269e-01  -1.70571425e+00  -2.70604026e+00
   -8.84199528e-01 
   -2.43044856e-01  -1.63166188e+00  -2.18292404e+00   1.74130258e+00
    1.34764072e+00   8.88325080e-01  -4.63962374e-01  -4.83492421e-01
    1.73483051e+00   1.22826241e+00   1.61678171e-01   4.21457864e-01
   -2.02661787e-01   2.55263526e-01  -9.56890707e-01  -3.50060902e-01
   -1.73643697e-01  -1.63307744e+00  -8.27895643e-01   1.55707330e+00
   -4.75161594e-01   7.08339383e-01   3.04848633e-01  -1.41650826e+00
   -5.10953635e-01  -1.36460794e+00  -1.56830190e+00  -5.11197220e-01
    1.06456379e+00  -5.12269195e-01  -8.38105006e-01  -5.69600905e-01
   -1.31442160e-01  