NN 16 32 16  -3.94420658 -1.05820014  0.01812758  0.60674861  2.72981111 -1.01212937
  -2.05093272 -2.34600686  3.60881544 -1.35685439 -0.2768969   0.2330272
   0.93850362 -0.1666929   0.31818632 -0.57302681 -0.86385961 
   0.70927918 -0.67867167 -0.31622157 -0.05218413  0.99132824 -0.35180221
   0.35177245  0.47088416 -2.8610763   0.71617615  2.29045995 -4.08231671
   0.83156957  0.69305699 -2.31052015  1.33372587  0.60708527 
  -0.97425442  0.2440831  -2.58353142  0.85410703  2.95965771 -1.78210603
  -0.58808021 -0.87085102 -0.88632638  0.81131919 -0.36464328  0.29754538
   1.56911269 -0.52429545 -0.12715933  2.26866462  0.32464133 
   1.70925037 -0.950891   -1.40050235  1.08960176  0.23306114 -1.07085263
   0.82569657 -0.3218457  -1.63164417  0.94101856 -1.53867376  1.78106592
   1.81318469 -1.62305667  1.30799298 -1.96896978 -0.14068032 
  -0.19935062 -1.81081769  1.4658684  -1.38120498 -0.11422924 -0.78598286
  -0.17937314 -2.14836457  1.16954567 -0.60554228  0.04228586  2.05522925
   1.54601964  2.18601182 -0.26528795 -1.56222188 -0.76452686 
  -0.40838477  1.19291223  2.07044119 -1.31422611  0.60265109  1.23058359
   2.04639238 -0.4861232   0.01322085 -0.30268158 -2.13001441  0.52676407
  -0.90175142 -1.50580546 -0.52102439 -0.05926756  0.07281187 
   0.9512398   1.60116727  1.65245974 -1.99184964 -0.07186144  0.24750303
  -2.09010208  1.5901303  -0.50854389  0.60848542  0.9206649   0.24616481
  -0.1450458  -0.45289401 -1.46497716  0.81715035 -0.73785286 
   0.76298947 -1.25155533  1.34338593 -0.42005152  0.78583576  4.27355534
  -2.2805357  -0.09089842  2.59955184  2.44242153  0.25814497 -0.29465467
  -0.57429693 -2.73912037 -1.41085823 -0.08865174 -0.63735213 
   0.1097577   2.78204546 -0.71379061 -1.16371403  0.657181   -1.23848885
  -1.26052759 -0.13297603 -1.63268398  2.47739306  1.41867739 -1.25422745
   0.97043051 -1.91653439  1.48836896 -1.71521298 -0.12920321 
  -1.34545441 -0.18480538 -0.56793578  1.1257981   1.72911618 -0.85864417
   1.37671702 -0.81663048 -1.17772488  0.84490414  0.8131577   2.14040971
  -2.94129866  0.43109118 -0.79094109 -1.36094246  0.36556102 
  -0.77021541  0.54343908 -0.01576929 -2.801571   -2.44684899 -1.52096807
   0.04231701  4.36074846 -1.27960609  0.45166857 -0.34057861  3.17061497
  -1.16540877 -0.45293396 -0.13983603  0.00715632 -0.65704361 
   3.07810354 -0.87134871  0.17306241  2.02556972  1.76273101 -0.82910565
  -1.19674778  0.65590389  0.25483192 -1.26882687  0.55477378 -0.57666964
  -3.11014187  0.46387288  1.08079773 -1.06719684 -0.29440941 
  -0.22072892 -2.61117651  1.57138289  0.07854866 -0.14620351  0.28372673
  -3.46130558 -0.32897587 -1.93564657  1.09513511  3.08354774  0.06819713
  -0.50994551  1.26462545 -0.5984223  -0.78007802 -1.35058662 
  -0.6007668   0.51344217 -0.57980712  0.0714489   2.27288898 -2.04029182
   1.11610492  1.01976169  1.11726995  1.62680341 -2.34737773 -1.75357176
  -1.16626327  0.27555697 -0.43453717 -0.0886342  -0.16419188 
   1.71970417 -1.87571441  0.84340061  3.11882562 -2.2042912   0.75287231
   0.55389129 -0.91436367 -1.62073294 -0.12268827 -0.5509283  -0.21030059
   0.79518809  2.45558276 -2.18819361 -0.1369347   0.64470148 
   1.67486524 -1.13467313 -0.28098966  0.13431159 -0.28840678 -0.27280642
   3.14094005 -2.99052894 -1.14194609 -1.16522959 -0.59113848 -0.96739687
   1.15927336 -2.03528363  0.95086476  0.58030876  0.51222237 
   1.63152416  0.5506463  -3.12307702 -4.45370767  1.10469866  0.14963722
   0.56476909  1.63833232  0.85166591  0.44781636 -0.7828325  -1.28241151
  -0.29834916  1.58941615 -0.5538982   1.2327611   0.29522918 
  -1.54414372  0.62758241 -0.26284276  0.23125908  0.69248655 -1.90018755
   0.31558547  0.27548167  1.52576608 -0.93823069  1.38223534  0.33931255
   0.90158922 -1.13880045 -0.74042859  1.2367112  -0.71135581 
  -0.22259228 -2.55938502  2.27248393  0.06187816 -2.47004488  0.17355134
  -0.27504311  1.64368323  0.144874    1.59335431 -1.68972386 -0.60072577
   0.49133322 -1.13523337  0.57382938  0.60736199  0.07220483 
  -1.36639673  0.44163376 -0.81377081  2.26777174 -0.68366965  1.95094176
   1.25063224 -1.69280017 -0.07387908 -1.83340175 -0.48259235  0.70278234
   1.77325178 -0.13176884 -0.29518018 -2.39923546  0.33750092 
  -0.14753621  2.79142395  1.2465575  -0.64701772 -0.22779806 -4.83748511
   1.32344355  3.45183002  1.59200087 -2.55229807  0.76220241 -0.12937974
  -0.39861851 -0.88984459  0.81603447 -0.35653353 -0.28951911 
  -2.7218181   0.8650741   2.13798853 -0.01259831  1.50051931 -0.972893
  -1.52399063 -0.26546761  2.392291   -1.19063244  0.35590309 -1.76869174
   0.44538449  0.49204697 -1.15910163 -0.46053945  0.65665847 
  -0.26320457 -0.77914853  0.5728054  -0.81061541  2.44364358 -0.95507881
   0.15646371  2.53839847 -2.67914381 -0.76240232  1.38195361  0.95390895
   0.31833212 -0.83173436 -0.51630588 -1.23665531 -0.39042827 
  -2.19864413  0.28863716 -1.34407102  2.07111386 -1.05362427  1.18639283
   0.87311978 -0.73910254  0.91118448  1.37847976  1.79000953 -1.74058601
   0.79579728 -1.42638984  0.57129468 -0.38323474 -0.69685969 
   2.17570013  1.67579304 -2.18615727 -1.20503429 -3.79817129 -1.68632203
   0.9861968   0.58744247  1.46821467 -2.33702889  1.90344214 -0.11258658
   0.8065672  -0.35243376 -0.75609598  0.17128965 -0.1232899  
   1.86543758  0.41573906 -2.09439273  0.06474323 -1.0015046  -0.69685077
   2.88382506 -3.12470465 -0.15942175 -0.25017604  0.20543636  0.88702841
  -0.1267168   1.39944306  0.74804899  1.36977611 -0.47032    
  -0.72339594 -0.30332057  2.03771933 -0.20902577  1.8474604   2.13680316
  -3.49520165  0.37383927  0.30779908 -0.8995089  -3.28640997  0.21453745
   2.09678444 -1.43021733 -0.08762091  3.34069991 -0.22518647 
  -0.63413327  2.9963804   1.2298474   0.17711876 -1.44294932  1.75883347
  -0.75932614  0.11420631 -0.9102543  -2.45289113 -0.16383699  0.03842489
  -0.92841049  0.61455441 -0.11499466  0.77624656 -0.6151779  
  -0.22200019 -1.00844174 -1.16381068  0.07720801 -0.08131149  2.66513386
  -0.65294656  0.92260791  0.22194332 -2.91133899  1.2023751  -0.18751288
  -1.46700015  0.11102616  3.35290992 -1.5415675   0.74781216 
  -0.131122    2.5973017   0.16119144 -1.03856412  0.98297794 -1.79148318
  -2.58474829 -1.21744454 -0.59731849 -1.00422812 -0.19140787  0.9561473
   0.71007495  0.50548068  0.17996601  0.97812066 -0.15127674 
  -0.88477622  0.18274778  3.1040961   1.71504575  0.81342152  0.52418812
  -2.12894992 -1.37951312 -0.84132899  0.62296048 -2.1338477  -1.49875904
  -1.90483455  1.78966391  1.815417    1.21119625  0.25339127 
   1.59933323  0.89646151 -1.11302126 -0.27073602 -0.94581984 -0.21423742
  -0.4903935  -0.54136703  1.79878581  1.79465465 -2.45676025 -2.12710624
  -0.51461774 -1.83988197  2.46777918  0.82845545 -0.58758532      3.68700399e+00  -1.14031110e+00   2.64184790e-01  -2.07636598e+00
   -1.02031536e+00   1.56810963e+00  -7.81045988e-01  -1.18102151e+00
    4.85091623e-01   6.78425490e-01  -1.46441873e-01  -3.25241944e+00
   -8.82231650e-01   5.84838431e-01   9.93475927e-01  -1.46428300e+00
   -2.24838967e-01  -7.39187451e-02   3.03033696e-02  -9.18143632e-03
   -2.54511315e-01   1.79912060e+00   6.43967514e-01   2.12973933e+00
   -1.53073402e+00  -9.17925916e-01   2.67599488e-01  -2.97899934e-02
    6.13741438e-02  -1.86371815e-01   1.66502580e-01  -1.23112595e+00
   -1.22320508e-01 
    6.45924147e-01   5.38777709e-01  -2.60283300e-01  -3.14808188e-01
    1.16739892e+00  -2.57606658e-01  -1.28214392e+00   8.28146836e-01
   -1.97294452e+00  -2.68543826e-01  -7.89673869e-01  -3.83886166e-02
    1.09381334e+00  -9.95021227e-02   1.50745975e+00   2.90375677e-02
    7.72231032e-03  -1.14119710e+00   2.11001297e+00  -2.06247932e+00
   -1.42283484e+00   3.13211601e-01   4.10230320e-01   1.03774264e-01
   -1.31434292e+00   8.81074386e-01   6.84360013e-01  -4.45070462e+00
    1.42176105e+00  -1.66284969e+00   2.22309121e-01  -1.17580001e+00
    3.80552081e-01 
    6.79170999e-01  -7.43781310e-02   2.83601095e+00   1.20831759e+00
   -1.78999821e+00  -2.00597375e+00  -1.22330182e+00  -8.07251920e-01
    1.31187316e+00   1.06755963e+00   2.56713331e-01   6.26323456e-01
   -2.06104576e+00   2.39960730e-02  -5.02754463e-01  -1.23696483e+00
    2.20940261e+00   6.75355048e-02  -1.34396153e+00   1.38518664e+00
   -1.31035487e+00  -2.42516834e+00  -1.02434215e+00   1.23841590e+00
    1.24810881e+00   7.50427923e-01  -2.50287304e+00  -5.43401925e-01
    2.22414479e+00  -1.45820694e-01  -2.23342087e+00   9.21949834e-01
   -3.32965325e-01 
   -1.54472360e+00   2.45329870e-01  -1.55760615e+00  -1.03621664e+00
    1.94846999e+00   1.10256095e+00   1.25405978e+00   2.16289685e-01
    6.25077855e-01  -8.72364470e-01   2.84518378e+00  -1.96356805e+00
    4.43234387e-01  -8.31046366e-01  -3.20728964e+00   1.85619198e-01
    3.94214691e+00  -1.97455212e-01   2.08520130e-01  -2.36017772e+00
   -1.03231231e+00   4.52005688e-01   7.51943833e-01  -2.91700629e+00
    6.16969816e-01   5.47699748e-01   1.15273832e-02  -3.37159388e-02
   -3.78319174e-01   2.70127647e-01  -1.70090691e+00  -3.69540053e-01
   -1.75762794e-01 
   -2.00326737e+00  -1.25260681e+00  -2.39464217e+00  -5.59239219e-01
    6.16643732e-02  -4.28422738e-01  -4.92262360e-02  -1.07668538e+00
   -3.22746394e-01  -3.04072418e+00   1.47968554e+00  -6.27193693e-01
   -1.58714179e-01  -2.55285422e+00   2.99395045e+00  -1.77862424e+00
   -1.37676517e-01  -1.63874954e+00   2.63143278e+00  -3.76372477e-01
    1.19729135e+00  -1.21032822e+00  -3.37081903e+00   2.04619892e+00
    1.85235453e+00   1.18811637e+00  -1.54395036e+00  -9.60912163e-02
   -3.01810493e-01  -1.37163337e-01  -1.18142668e+00   1.84669430e+00
   -2.21889523e-01 
   -1.61571775e+00  -3.23401461e-01   6.48838597e-01   2.62565813e-01
    1.16990701e+00  -7.19681113e-01  -5.14577609e-01  -3.46042958e+00
    1.12044048e+00   1.23379433e-01  -3.03489148e-01   3.75272184e-01
   -9.48129437e-01   1.90511834e+00  -7.97957842e-01  -2.05759023e+00
   -1.39350145e+00   6.89280933e-01  -5.41749011e-02  -2.44444157e+00
    4.37381927e+00   4.85189316e-01  -2.38512715e-01  -1.84349095e-01
    5.61059527e-01   5.99587503e-01  -1.27828747e+00  -1.78653394e+00
   -3.79014588e+00   8.08755015e-01  -1.55751333e-01   4.61121826e-01
    1.79801408e-02 
    9.43830225e-01  -1.42515917e+00   1.30735137e-02  -9.16941156e-01
   -1.37995766e-01  -2.49424956e+00   1.10343105e+00   9.15804150e-01
    6.43429893e-01  -2.03170413e+00  -6.55238684e-01   2.77007957e+00
    2.97562927e+00  -1.59399716e+00  -1.08191664e+00  -3.97438150e+00
   -8.31947278e-01   3.91718798e-02  -1.12243386e-01  -7.30447514e-01
   -7.90599149e-01  -1.31101997e-01  -3.18924934e-01  -8.22396746e-01
   -1.47507408e+00  -2.02014961e+00   9.45657061e-01   3.98901994e-01
    3.60177242e-01   2.82932401e+00   8.98656271e-01   1.97830319e-01
   -4.55500886e-01 
    1.80283783e-01  -6.07981628e-01   2.22232927e+00  -5.77060088e-01
    1.75052980e+00   4.21812123e-03  -9.94653029e-01  -3.23139174e-01
   -2.78616272e-01   4.86862219e-01  -4.38437750e+00   1.81362939e-01
    8.38228721e-02  -1.92157534e+00  -4.99787732e-01   2.40693932e+00
   -2.54101734e+00  -6.01800056e-01  -2.37026936e+00  -2.09478974e-01
   -2.65602206e+00  -7.84985054e-02  -2.96179251e+00   2.42868982e-01
   -2.99226989e-01   3.43884630e+00   4.02775128e-01   8.21615542e-01
   -1.35874721e+00   8.07058779e-01   1.17867973e+00  -1.32995812e-01
   -1.10601568e+00 
   -2.11920756e+00   2.49488734e+00   1.20338635e+00   1.46975001e+00
   -2.01995671e+00  -2.37710048e-01   1.26325236e+00  -2.35353790e+00
    2.31321330e+00   3.33546006e-01   7.35562543e-01  -1.55922672e+00
    1.13463494e+00  -1.64787372e+00   1.94308564e+00   1.23466684e+00
   -7.33899633e-01  -2.54938858e+00  -3.30821286e-01   5.36183160e-01
   -1.56983962e+00  -1.77342479e+00   2.19186833e+00  -1.30943716e+00
   -1.97154935e+00  -3.82517655e-01   4.72355448e-02   4.21595260e-01
   -1.36058037e+00  -5.72057351e-02   1.56971752e+00  -1.94028081e+00
   -5.43700866e-01 
    1.16847161e+00  -1.01476556e+00  -9.74467361e-01  -1.51649453e+00
   -7.84411356e-02   1.81500582e-01  -1.02055233e+00  -2.51848639e+00
   -2.59580443e+00  -2.61389607e+00  -1.87367994e+00   1.93056369e+00
   -2.60039372e+00  -1.45400551e+00   2.49254410e-01   2.68372444e-01
    5.51832569e-01  -2.84342500e-02  -2.22627867e+00   1.72036538e+00
    1.38962285e+00   1.26998809e+00   5.84050696e-01  -2.52314571e+00
    2.70440536e+00  -8.74410066e-01   2.10771673e+00   5.21571129e-01
    2.65679736e+00   4.56910436e-01  -4.08434356e-03  -1.96175272e+00
   -4.28562373e-01 
   -6.86914374e-02  -2.90484627e+00   4.40062659e-01   9.70165376e-01
   -6.09642652e-01   1.37941475e+00  -1.18615394e+00  -2.24183523e+00
   -1.83981079e+00  -1.70696388e-01   1.20730900e+00   3.24067957e-02
   -2.67021100e+00   1.88088651e+00  -3.02989289e-01   2.90762809e-01
    4.84009036e-01  -1.35847839e+00   1.10877712e+00   1.64667967e+00
   -8.04393933e-01  -1.37137058e+00  -1.41363935e+00  -2.80490547e+00
   -1.63456991e+00  -1.58997781e+00   3.64146983e+00   1.06259211e+00
   -1.13694827e+00  -3.56992192e-01   1.63158484e+00   2.68658670e+00
   -5.01693820e-01 
   -1.18885642e+00   4.53943413e+00  -1.40496713e+00  -2.57572337e+00
   -2.17620243e+00  -1.22458191e+00  -1.18198395e+00  -8.96941382e-02
    1.05886813e+00  -2.38275897e+00  -2.69252073e+00   3.75864978e-01
   -6.48097784e-01   1.33560662e+00  -2.75127375e-01   1.64453852e+00
   -7.31848968e-01  -5.94708650e-01  -2.46801665e-02  -8.69866678e-01
    7.65535695e-01   1.79617219e+00  -6.77848000e-01   9.61484269e-01
    5.08253265e-01  -1.65186632e+00  -1.51771647e+00  -1.92347092e-02
    1.10005572e+00  -9.29598225e-01   1.76301282e+00   1.25967614e+00
   -6.71694461e-01 
   -4.28293730e-01  -9.72462109e-01  -2.52580521e+00  -2.10240268e+00
   -2.12367030e+00   9.62837892e-01  -3.68559755e-02  -1.60619060e-01
   -6.98731165e-01   3.61252575e+00   1.20944259e-01   2.22781807e+00
   -9.77228406e-01   3.70529627e-01  -5.10814103e-01  -1.32411859e+00
   -1.05212708e-01  -1.09877554e+00  -4.11473648e-01  -1.48240341e+00
    3.39019324e-01  -3.46021740e-01  -8.97166237e-01  -6.74124938e-01
   -8.02906052e-02  -1.88602682e-01  -1.89127827e+00   5.15641268e-01
    1.62424448e+00  -1.24123991e+00   2.09196621e+00  -4.29833972e-01
   -1.84320152e-01 
   -2.53045710e-01  -7.90968041e-01   5.08479927e-01   1.96428196e+00
   -2.37483925e+00   1.32650390e+00  -2.46371706e-01   1.10057926e+00
    9.57805515e-01  -7.53356273e-01  -9.37262808e-01   9.53854660e-02
   -1.71183253e+00  -7.42463988e-01  -2.69859531e+00   2.15744026e+00
   -3.05909782e+00   4.53036204e-01   1.01191204e+00  -8.38499889e-01
    8.32160868e-01  -5.91475764e-01   1.45402693e+00   3.63518005e-01
    2.55140241e-01  -2.09019281e+00   9.36570524e-01  -1.36049518e+00
    1.89352256e-04  -1.16017425e+00  -9.23919379e-01   7.35894293e-01
   -5.61425997e-01 
   -5.94391197e-01   2.23544101e+00   3.24079445e-01  -1.09047184e+00
   -9.77851165e-01  -1.99707585e-01   9.53939375e-01   1.55267312e+00
   -1.08584814e+00   2.37329705e-01  -1.00850441e+00  -6.41819889e-01
    2.26192253e-01   3.89144820e-01   2.00971914e+00  -1.17996441e+00
    4.85366881e-01   2.78022090e-01  -1.36099130e+00   4.30685737e-01
   -7.50409485e-01   1.00032843e+00  -3.57216175e-01  -3.45880558e-01
    1.00156054e+00  -1.24236051e+00  -4.01330015e-01  -3.88587048e-01
   -2.57568335e+00  -1.68230264e-01  -1.89536795e+00  -2.92964741e+00
   -9.40171445e-01 
   -1.52108457e-01  -1.78109876e+00  -2.42543168e+00   1.99508957e+00
    1.39204831e+00   9.24539833e-01  -3.88961892e-01  -4.76897704e-01
    2.06425207e+00   1.24431147e+00   2.10058582e-01   4.96299194e-01
   -4.33701470e-02   2.48498815e-01  -1.03769126e+00  -5.94627874e-01
   -2.66801538e-01  -1.88726562e+00  -8.89103515e-01   1.67785724e+00
   -4.70211007e-01   7.87094342e-01   4.38121545e-01  -1.54730979e+00
   -5.26570725e-01  -1.58393066e+00  -1.61066067e+00  -6.15343136e-01
    1.14485358e+00  -5.04767541e-01  -8.48435815e-01  -6.65932882e-01
   -1.75004242e-01  