NN 16 32 16  -4.16374612 -1.19116849  0.21440305  0.51973618  2.79142931 -1.0033636
  -2.22434817 -2.3277731   3.55250954 -1.19369954 -0.29808188  0.22828937
   0.96388171 -0.16524849  0.34195324 -0.62103519 -0.89637872 
   0.66548338 -0.49611434 -0.25956635  0.15087756  0.93749961 -0.23720182
   0.24404377  0.38364737 -2.89113734  0.83937836  2.25930099 -4.32626691
   0.89884241  0.70521769 -2.37381207  1.42271573  0.68581986 
  -1.27325004  0.21309685 -2.53437421  0.89580685  2.88302899 -1.85662465
  -0.83001261 -0.79785788 -0.96707084  0.73578979 -0.59103548  0.22541105
   1.4771506  -0.67221741 -0.25282904  2.24149016  0.20438109 
   1.83208727 -0.74565765 -1.46079386  1.04241765  0.26869159 -1.17561081
   0.73786764 -0.42677135 -1.6967609   0.88699838 -1.67671494  1.75247683
   1.7721071  -1.77290832  1.25657702 -2.09452023 -0.19512954 
  -0.14695927 -1.72128429  1.54834516 -1.48771496 -0.08844707 -0.76953946
  -0.10325451 -2.23999964  1.23958992 -0.6085879   0.15966539  2.25078114
   1.54289724  2.29627532 -0.19560941 -1.53326345 -0.71835543 
  -0.32475212  1.14985944  1.97646522 -1.27374243  0.81091984  1.12103027
   2.25212983 -0.53431902  0.00640076 -0.19584032 -2.2366647   0.55968437
  -0.8482984  -1.43515688 -0.43629972  0.04144159  0.15422921 
   1.15703946  1.64938401  1.68768584 -1.98993792 -0.09478956  0.29088594
  -2.15746026  1.6222343  -0.50366237  0.55586512  0.88998075  0.14625496
  -0.10215883 -0.44042863 -1.44243716  0.83916513 -0.73829703 
   0.7561457  -1.48296528  1.27356093 -0.37805679  0.55150961  4.38518013
  -2.53419589 -0.12324976  2.64316897  2.43947631  0.25487385 -0.27638252
  -0.71241934 -2.92576532 -1.53278649 -0.21415938 -0.74445193 
   0.13474602  2.89525579 -0.64854281 -1.13395335  0.7984641  -1.32536783
  -1.44831382 -0.36622419 -1.70921973  2.4259994   1.42151769 -1.22947386
   1.05827818 -1.90394959  1.50346236 -1.81255661 -0.15844063 
  -1.28710689 -0.36674648 -0.7970075   1.27534759  1.73211044 -0.84936006
   1.30465621 -0.71288243 -1.14549317  0.77393132  0.99188485  2.29584288
  -3.10350883  0.42974672 -0.86192196 -1.39705795  0.4040106  
  -0.78723044  0.50584092  0.24208569 -2.80066448 -2.61249429 -1.49747295
   0.19910978  4.63386806 -1.42909722  0.50662798 -0.29635059  3.25714843
  -1.16200984 -0.34689597 -0.02508633  0.1256607  -0.54511608 
   3.26578041 -0.72328336  0.31513952  2.09191937  1.64078459 -0.62713315
  -1.33862732  0.71023053  0.24930646 -1.28756904  0.68369522 -0.58316234
  -3.04746335  0.56093396  1.21231302 -1.12746178 -0.27316097 
  -0.14029776 -2.67033721  1.57517285  0.1611271  -0.05686257  0.32772944
  -3.63155513 -0.49364212 -1.88850165  1.0563402   3.1863195   0.05027098
  -0.50789789  1.28337912 -0.52932206 -0.79941629 -1.36407445 
  -0.61957194  0.40610653 -0.44524288 -0.00705582  2.45247108 -2.1399698
   1.20431567  1.03303516  1.08863243  1.45436047 -2.35262859 -1.77682056
  -1.28687511  0.14510243 -0.48878506 -0.17752171 -0.20364066 
   1.84293371 -1.87885943  0.75786438  3.22472064 -2.38489047  0.77364983
   0.484696   -0.95963425 -1.55170454 -0.08008769 -0.50939769 -0.41177791
   0.72249851  2.46902434 -2.24426553 -0.16012848  0.6317354  
   1.73854351 -1.15695623 -0.25894398  0.04435025 -0.27523431 -0.38443006
   3.24494729 -3.07547457 -1.0150501  -0.98249616 -0.53235864 -0.89873439
   1.26831054 -2.01036857  0.98641024  0.77520147  0.61102697 
   1.53306647  0.7774409  -2.9857797  -4.66270602  1.39887314  0.11209716
   0.4791664   1.69845111  0.78112759  0.40239487 -0.65093501 -1.24991318
  -0.31517281  1.69770771 -0.50113319  1.32427572  0.37513366 
  -1.71055267  0.61002473 -0.1817542   0.38977152  0.64701374 -1.97102544
   0.37790568  0.26442959  1.55044195 -0.9336586   1.47105706  0.46156559
   0.89193768 -1.12349252 -0.76775422  1.29865596 -0.72274704 
  -0.10234102 -2.50134351  2.30478912 -0.01967276 -2.45627018  0.24989337
  -0.29426646  1.73690528  0.09835985  1.59119092 -1.68925159 -0.42975606
   0.61536125 -1.05549609  0.70547045  0.73706217  0.17976222 
  -1.38416661  0.55674674 -0.81080295  2.28909083 -0.90071395  1.9815696
   1.3624352  -1.76557667 -0.00797256 -1.6990135  -0.39479119  0.59455456
   1.76461811 -0.19175253 -0.3424881  -2.55975605  0.32219952 
  -0.20742873  2.84602335  1.40498757 -0.73090574 -0.14131411 -4.92337428
   1.36049804  3.6478209   1.43237756 -2.67440232  0.81064961  0.01987364
  -0.37427406 -0.83684351  0.86039692 -0.37037079 -0.26011061 
  -2.84245859  0.80407722  2.18810641 -0.13312791  1.74232421 -0.99814965
  -1.68216508 -0.21878067  2.35168584 -1.09789257  0.24368465 -1.82602886
   0.35230055  0.44644582 -1.28276034 -0.54738471  0.60397907 
  -0.0542139  -0.82919771  0.47830691 -0.64333572  2.57671715 -1.12114464
   0.28286186  2.50994513 -2.70596514 -0.90609931  1.40464781  1.01831349
   0.31558329 -0.87500807 -0.51597658 -1.35830065 -0.39276446 
  -2.01725808  0.16439763 -1.52804967  2.06955243 -1.05138353  1.18784004
   0.84769899 -0.80273876  1.09340895  1.37056456  1.97089516 -1.67688841
   0.91507088 -1.49094272  0.58045819 -0.3998952  -0.67565579 
   2.19077501  1.86070303 -2.16559114 -1.42533313 -3.85419895 -1.58267205
   0.94782033  0.66939755  1.40713369 -2.438815    1.88417955 -0.13215687
   0.81726088 -0.3508366  -0.74404851  0.21442    -0.09650438 
   2.02623074  0.33417593 -2.27501701  0.24721908 -1.28297023 -0.62408541
   3.03227233 -3.05289306 -0.26680107 -0.31978392  0.31724997  0.84798263
  -0.16181762  1.32944898  0.7410179   1.40010159 -0.47507085 
  -0.65588413 -0.19742425  2.0899416  -0.27316585  1.92834498  1.9083396
  -3.54063057  0.20709438  0.29726137 -0.89656391 -3.57864844  0.06282767
   2.14235005 -1.49927371 -0.15574628  3.39645563 -0.30189806 
  -0.60920813  3.11429779  1.21228165  0.05739081 -1.52858068  1.80884792
  -0.65215841  0.02278594 -0.92319605 -2.5092286  -0.11438298  0.06593867
  -0.94750424  0.69502924 -0.15245891  0.7720338  -0.66570695 
  -0.15926195 -1.05456183 -1.29958781  0.07623727 -0.23361724  2.75576381
  -0.57291054  0.81925242  0.23507848 -2.99614174  1.11589893 -0.31060622
  -1.59659349  0.02163737  3.41035575 -1.63886229  0.73772557 
  -0.14046744  2.72002226  0.14419036 -1.10646307  1.01229677 -1.82469546
  -2.61951737 -1.29690764 -0.68963506 -1.08741234 -0.31313493  0.86040918
   0.746529    0.44230264  0.2174232   0.93029871 -0.23514853 
  -0.79271643  0.09831301  3.14543387  1.793692    0.85779436  0.5071869
  -2.42178722 -1.47620456 -0.88551487  0.66385156 -2.24019527 -1.57965662
  -1.92460295  1.81158993  1.86480549  1.22565743  0.22205868 
   1.73599435  0.84541453 -1.24882268 -0.20146968 -0.97478216 -0.11948431
  -0.4008998  -0.57992529  1.86357008  1.73896817 -2.54584868 -2.24471527
  -0.55662887 -1.87037329  2.49490932  0.86783254 -0.59932402      3.74434526e+00  -1.11384195e+00   5.04061251e-01  -2.05121169e+00
   -8.95729630e-01   1.45802474e+00  -9.45245017e-01  -1.13309704e+00
    4.18460626e-01   6.12202250e-01  -1.99939907e-01  -3.31677997e+00
   -7.78674980e-01   6.01246055e-01   1.11154993e+00  -1.39843556e+00
   -1.24416446e-01   5.23539476e-02   2.20165847e-01  -9.20996154e-02
   -3.01529792e-01   1.64717770e+00   7.59812619e-01   2.12332981e+00
   -1.31272579e+00  -8.71119053e-01   2.73404327e-01  -1.39456112e-01
   -2.60384737e-03  -1.72953404e-01   8.23351952e-02  -1.09167249e+00
   -1.48438993e-02 
    5.21627835e-01   5.39439330e-01  -3.14210486e-01  -2.49491769e-01
    1.19327677e+00  -2.60446866e-01  -1.20057192e+00   8.95253768e-01
   -1.99054667e+00  -1.70071875e-01  -8.18044687e-01   8.18524227e-02
    1.18976533e+00  -1.63778227e-01   1.50470270e+00   6.44731583e-02
   -1.25654393e-01  -1.18058190e+00   2.06940359e+00  -2.05871987e+00
   -1.39828829e+00   3.18548919e-01   4.31015480e-01   1.74532305e-01
   -1.28728971e+00   8.42885031e-01   7.34146639e-01  -4.65008181e+00
    1.48826422e+00  -1.67345532e+00   2.09092766e-01  -1.18745291e+00
    4.44466799e-01 
    4.89906629e-01  -1.66193306e-01   2.67158953e+00   1.26402728e+00
   -1.78854462e+00  -2.10371409e+00  -1.25757742e+00  -8.11840138e-01
    1.10315664e+00   1.01615564e+00   3.62944578e-01   6.76601983e-01
   -1.91929731e+00  -1.80426766e-02  -3.73701450e-01  -1.32739497e+00
    2.14183944e+00  -1.05601760e-03  -1.31525335e+00   1.43138398e+00
   -1.35726486e+00  -2.60963988e+00  -9.47007097e-01   1.15860506e+00
    1.42421693e+00   6.79585714e-01  -2.57837665e+00  -4.47577951e-01
    2.29362281e+00  -1.30134161e-01  -2.22503896e+00   9.24587766e-01
   -3.33506896e-01 
   -1.46370593e+00   4.33446419e-02  -1.57345037e+00  -9.87063690e-01
    2.03633641e+00   1.25513550e+00   1.15240374e+00   4.96431986e-02
    4.68043166e-01  -8.67991444e-01   2.94694170e+00  -1.98999399e+00
    2.38853192e-01  -8.77813391e-01  -3.23029104e+00   2.63161605e-01
    3.82120356e+00  -1.38122675e-01  -2.03713722e-02  -2.27208345e+00
   -1.03933004e+00   4.97003889e-01   7.05673777e-01  -3.01176627e+00
    5.87576183e-01   4.59252760e-01   1.03161414e-02   8.37433306e-02
   -3.66153437e-01   3.13858083e-01  -1.67482997e+00  -5.82100992e-01
   -2.61223099e-01 
   -2.03534865e+00  -1.20158035e+00  -2.39156569e+00  -6.52057098e-01
   -8.96754255e-02  -3.44042576e-01  -2.13260226e-01  -1.31987371e+00
   -3.49257290e-01  -3.17416499e+00   1.52731645e+00  -6.70594587e-01
   -1.69259831e-01  -2.62311994e+00   3.03267503e+00  -1.74905031e+00
   -1.19928846e-01  -1.67551912e+00   2.48771894e+00  -3.78807644e-01
    1.21413852e+00  -1.08265057e+00  -3.47414278e+00   2.15321225e+00
    1.74302705e+00   1.15419020e+00  -1.50152854e+00  -3.59234715e-02
   -4.39213864e-02  -1.02820060e-01  -1.00814427e+00   1.93525538e+00
   -2.07126092e-01 
   -1.73130222e+00  -3.70982225e-01   5.95534482e-01   2.44228528e-01
    1.14860803e+00  -6.60346938e-01  -5.28626314e-01  -3.55479516e+00
    1.18531434e+00   1.17175082e-01  -3.05932764e-01   4.30287671e-01
   -1.05858227e+00   1.92572369e+00  -8.68180442e-01  -2.22321116e+00
   -1.30411460e+00   6.82116569e-01  -3.19140575e-01  -2.47570025e+00
    4.26990463e+00   5.00435969e-01  -2.18956054e-01  -3.09662509e-01
    5.66402272e-01   5.91394842e-01  -1.18408686e+00  -1.75631717e+00
   -3.82175015e+00   7.89418700e-01  -2.88087735e-01   3.78998843e-01
   -2.86140650e-02 
    9.95357216e-01  -1.50513892e+00   3.95402836e-02  -7.76113667e-01
   -1.29771969e-01  -2.60851274e+00   9.82002418e-01   1.01844695e+00
    6.94452697e-01  -2.04263629e+00  -5.30601832e-01   2.81129549e+00
    3.01165193e+00  -1.54571831e+00  -1.02112026e+00  -3.97530241e+00
   -9.18027302e-01   3.28684840e-02   3.36754549e-02  -6.35470746e-01
   -8.16732368e-01  -4.47269397e-02  -2.68157516e-01  -7.24263295e-01
   -1.37183673e+00  -2.05909608e+00   9.33582516e-01   4.82122233e-01
    4.73668530e-01   2.90050220e+00   1.19242263e+00   2.10299523e-01
   -3.90210030e-01 
    5.45901235e-03  -5.71344737e-01   2.18957400e+00  -6.13392949e-01
    1.95328435e+00  -1.11844498e-01  -8.47918381e-01  -2.27644069e-01
   -1.48634165e-01   5.10181423e-01  -4.43700841e+00   2.49085665e-01
    3.98618284e-01  -2.00364146e+00  -4.11484378e-01   2.33900029e+00
   -2.46262956e+00  -5.05066109e-01  -2.21892217e+00  -2.22694433e-01
   -2.66356816e+00  -1.18869195e-01  -3.03140900e+00   2.66925740e-01
   -2.13455076e-01   3.65211659e+00   3.33447519e-01   7.12207761e-01
   -1.44850076e+00   8.11512503e-01   1.23970229e+00  -1.16380829e-01
   -1.12311466e+00 
   -2.16234392e+00   2.50322025e+00   1.27945982e+00   1.66194599e+00
   -2.09791985e+00  -2.62495175e-01   1.24740322e+00  -2.43094396e+00
    2.44563379e+00   3.69971258e-01   7.75789315e-01  -1.59702083e+00
    1.03762877e+00  -1.68075657e+00   1.80787678e+00   1.21884885e+00
   -6.36563202e-01  -2.58807411e+00  -4.21354846e-01   5.19114742e-01
   -1.51690403e+00  -1.86718564e+00   2.27962787e+00  -1.27408747e+00
   -1.99769768e+00  -3.35058830e-01   1.28030285e-02   2.76705040e-01
   -1.46415790e+00   3.64630504e-02   1.46218793e+00  -2.01527022e+00
   -5.85809964e-01 
    1.20138355e+00  -9.72771736e-01  -9.36096216e-01  -1.60229569e+00
   -6.06041258e-02   1.37416132e-01  -1.06823026e+00  -2.63678757e+00
   -2.65773220e+00  -2.62646982e+00  -1.96890779e+00   2.00533106e+00
   -2.59283759e+00  -1.47490367e+00   3.54084303e-01   3.26346839e-01
    5.17736475e-01  -6.97764558e-02  -2.31407653e+00   1.74235881e+00
    1.35431526e+00   1.25842008e+00   5.68647431e-01  -2.51239306e+00
    2.68704987e+00  -9.47673309e-01   2.16449072e+00   6.80601844e-01
    2.80384230e+00   4.88840772e-01   5.81486611e-02  -2.07425549e+00
   -4.68073612e-01 
   -5.33963566e-02  -3.02056140e+00   4.44245766e-01   1.01397816e+00
   -6.20963337e-01   1.35480270e+00  -1.25243160e+00  -2.32995384e+00
   -1.96249257e+00  -2.12942251e-01   1.17736994e+00  -5.31259879e-02
   -2.60090725e+00   1.85921095e+00  -3.77210716e-01   2.94187572e-01
    3.28900287e-01  -1.42209219e+00   1.11532657e+00   1.54792805e+00
   -7.96842194e-01  -1.39213565e+00  -1.41553021e+00  -3.01914813e+00
   -1.62347220e+00  -1.74733716e+00   3.60986331e+00   9.12435105e-01
   -1.23281607e+00  -4.14607199e-01   1.53925869e+00   2.61065649e+00
   -6.29349829e-01 
   -1.06469012e+00   4.71898826e+00  -1.39086153e+00  -2.63088609e+00
   -2.19814661e+00  -1.14938715e+00  -1.16435515e+00  -5.07460573e-02
    1.12347766e+00  -2.40761563e+00  -2.73567139e+00   3.60481448e-01
   -6.60655140e-01   1.41951496e+00  -3.31176929e-01   1.63059502e+00
   -6.22900497e-01  -5.56928402e-01  -2.78818261e-02  -8.64282996e-01
    7.43233127e-01   1.88958539e+00  -6.33975244e-01   1.05765847e+00
    3.98397582e-01  -1.68048779e+00  -1.45914524e+00   3.99762748e-02
    1.12539221e+00  -9.13515597e-01   1.89576071e+00   1.30996343e+00
   -6.48819519e-01 
   -4.29486588e-01  -9.87193723e-01  -2.53571821e+00  -2.12642758e+00
   -2.16910826e+00   9.72819935e-01  -9.11253651e-02  -1.94178500e-01
   -7.02532899e-01   3.69621733e+00   1.12410911e-01   2.20818721e+00
   -9.83355499e-01   4.10752155e-01  -5.74522070e-01  -1.35015349e+00
   -1.21094248e-01  -1.12603894e+00  -4.75936128e-01  -1.53102928e+00
    2.77365398e-01  -3.62764319e-01  -9.02565327e-01  -7.16813765e-01
   -1.28984959e-01  -2.26624660e-01  -1.97847777e+00   4.88280817e-01
    1.57050076e+00  -1.26330044e+00   2.08354290e+00  -4.50754306e-01
   -2.42054669e-01 
   -2.56880025e-01  -8.01411887e-01   4.60003650e-01   1.95794530e+00
   -2.45687380e+00   1.35125583e+00  -2.51328005e-01   1.12939750e+00
    9.56435256e-01  -7.76939282e-01  -9.47925785e-01   1.23776758e-01
   -1.72849989e+00  -7.57917049e-01  -2.75572385e+00   2.19405562e+00
   -3.12739977e+00   4.67220847e-01   1.02161534e+00  -8.57497866e-01
    8.71029333e-01  -5.81448251e-01   1.48348072e+00   3.52133296e-01
    2.35677061e-01  -2.14966894e+00   9.35506334e-01  -1.35727378e+00
   -1.13079167e-02  -1.20276508e+00  -9.47414186e-01   7.43479631e-01
   -6.13057469e-01 
   -5.85469028e-01   2.27338988e+00   3.30169705e-01  -1.12251503e+00
   -9.87298388e-01  -2.23577943e-01   9.66028953e-01   1.57780879e+00
   -1.11655622e+00   2.55952754e-01  -1.02237476e+00  -6.43690228e-01
    2.31335456e-01   3.72148969e-01   2.01282092e+00  -1.21846181e+00
    4.76415712e-01   2.41867037e-01  -1.46582673e+00   4.31007102e-01
   -8.30597733e-01   9.77405783e-01  -3.86817039e-01  -3.99826500e-01
    1.00019527e+00  -1.24430638e+00  -3.92544374e-01  -4.18674287e-01
   -2.67760786e+00  -1.57059380e-01  -1.97218970e+00  -2.98136013e+00
   -9.94131515e-01 
   -1.43565209e-01  -1.81019526e+00  -2.40473747e+00   2.14124606e+00
    1.45806809e+00   9.19437783e-01  -3.76177693e-01  -4.70118709e-01
    2.17241228e+00   1.30426504e+00   2.25585420e-01   5.76223912e-01
   -1.99776666e-02   2.86278993e-01  -1.03199612e+00  -6.04884488e-01
   -2.04355585e-01  -1.91833492e+00  -9.08627389e-01   1.72370943e+00
   -3.90540332e-01   7.80658050e-01   4.83478644e-01  -1.56101770e+00
   -4.54484242e-01  -1.57225877e+00  -1.62809996e+00  -6.55792256e-01
    1.18042859e+00  -4.72100326e-01  -8.73325284e-01  -6.55134769e-01
   -1.28255973e-01  