NN 16 32 16   -3.43257431e+00  -9.78005677e-01  -9.24479602e-02   6.21924041e-01
    2.24827442e+00  -9.82662511e-01  -1.58671328e+00  -1.92931833e+00
    2.88741598e+00  -1.18114104e+00  -1.95784785e-01   2.38248802e-01
    7.42869373e-01  -2.24558155e-01   2.66976051e-01  -4.44115146e-01
   -7.96084302e-01 
    6.83398640e-01  -4.84826181e-01  -4.24031880e-01  -3.15653927e-01
    1.00077422e+00  -3.35211547e-01   7.42331233e-02   5.56863648e-01
   -2.33201695e+00   7.23666048e-01   1.99224845e+00  -3.51570150e+00
    7.34944102e-01   7.18825820e-01  -1.79265904e+00   1.29762057e+00
    5.85323174e-01 
   -7.24657323e-01  -6.25420863e-02  -2.59538563e+00   1.00728248e+00
    2.41736014e+00  -1.79296103e+00  -5.49524562e-01  -7.28396987e-01
   -9.69204102e-01   5.84307083e-01  -1.06855592e-01   1.54957004e-01
    1.46126690e+00  -8.26257402e-01  -1.92175268e-01   1.85221735e+00
    1.25716627e-01 
    1.54204563e+00  -8.07396524e-01  -1.31987531e+00   9.12125284e-01
    2.14794366e-02  -1.02193467e+00   7.87591528e-01  -3.06697145e-01
   -1.43174950e+00   6.81120506e-01  -1.40813490e+00   1.71540905e+00
    1.67769920e+00  -1.57459391e+00   1.05717206e+00  -1.84121738e+00
   -2.83795923e-01 
   -2.90794874e-01  -1.58041951e+00   1.38141400e+00  -9.55395697e-01
   -3.24542267e-01  -6.66100674e-01   1.02350394e-01  -1.88244508e+00
    1.22143451e+00  -4.72183592e-01  -3.31853781e-02   1.88935415e+00
    1.55864192e+00   2.02471860e+00  -1.21193172e-01  -1.46522084e+00
   -7.48547265e-01 
   -4.37714092e-01   1.25300851e+00   1.61448771e+00  -1.29062829e+00
    7.17628705e-01   1.11597942e+00   1.72811896e+00  -2.42128725e-01
   -8.08593574e-02  -2.41916989e-01  -1.83285626e+00   5.24573387e-01
   -7.95380499e-01  -1.34751098e+00  -3.86688854e-01  -1.65141982e-01
   -5.83045144e-03 
    8.08598322e-01   1.53804578e+00   1.35861924e+00  -1.78297708e+00
   -2.13962509e-02  -1.03923844e-01  -1.83593078e+00   1.12723245e+00
   -5.15304376e-01   5.06654287e-01   7.88301363e-01   2.72456123e-01
   -2.34906193e-01  -4.18016589e-01  -1.39563743e+00   7.62335853e-01
   -6.81653054e-01 
    7.88099435e-01  -1.35908591e+00   1.06308178e+00  -3.27875580e-01
    7.46779469e-01   3.81820830e+00  -1.96407896e+00   1.16297791e-02
    2.21385568e+00   2.25801848e+00   6.51779875e-01  -5.55366999e-01
   -5.37556314e-01  -2.37585759e+00  -1.15268776e+00   1.88237928e-02
   -5.59549737e-01 
    2.28962210e-01   2.61325741e+00  -9.70395822e-01  -8.98305835e-01
    7.16753719e-01  -1.18671544e+00  -1.03494179e+00  -1.69751367e-01
   -1.67244570e+00   2.12230525e+00   1.24648793e+00  -1.18285265e+00
    6.71923230e-01  -1.73920711e+00   1.18931184e+00  -1.50719004e+00
   -1.90113943e-01 
   -1.55376867e+00  -1.62249898e-01  -6.63674529e-01   1.39048511e+00
    1.62708344e+00  -9.48777371e-01   1.20021965e+00  -6.34915896e-01
   -9.39056736e-01   1.13076112e+00   3.54390758e-01   1.94472550e+00
   -2.47763751e+00   5.06833339e-01  -4.33520222e-01  -1.25586547e+00
    3.17998864e-01 
   -4.84433913e-01   5.73045904e-01  -1.17572516e-01  -2.58541402e+00
   -2.00710771e+00  -1.32384246e+00   9.94009544e-02   3.89257175e+00
   -1.03734834e+00   5.51170052e-01  -6.95307370e-01   2.80144072e+00
   -8.42308691e-01  -2.64784832e-01  -2.31371328e-02   5.39206468e-02
   -5.70356550e-01 
    2.73152058e+00  -7.19061549e-01   2.89763938e-01   1.80661184e+00
    1.45504123e+00  -5.41272901e-01  -1.45049025e+00   6.67843445e-01
    1.84386093e-01  -1.00644946e+00   2.80796137e-01  -6.31130387e-01
   -2.69698625e+00   3.42161906e-01   9.05657495e-01  -8.06292036e-01
   -1.41053417e-01 
   -2.00897503e-01  -1.75370498e+00   1.20029132e+00  -5.66051740e-02
   -3.74330294e-02   3.40635534e-01  -3.34905019e+00   3.95519394e-02
   -1.72607026e+00   1.12505837e+00   2.88278349e+00   2.39849773e-01
   -3.38779890e-01   1.23714794e+00  -6.06052809e-01  -5.94950221e-01
   -1.16887407e+00 
   -4.77405804e-01   1.96284677e-01  -5.98367144e-01   7.02897495e-02
    2.04012738e+00  -1.97199345e+00   7.94125176e-01   6.78691626e-01
    8.51160666e-01   1.57917464e+00  -2.21962679e+00  -1.63328855e+00
   -8.92002426e-01   3.46850981e-01  -4.31880007e-01  -1.44307585e-01
   -1.60776220e-01 
    1.39438940e+00  -1.86132219e+00   4.45583090e-01   2.75056185e+00
   -2.06257819e+00   1.01040386e+00   5.32851043e-01  -8.11806862e-01
   -1.53532807e+00  -1.94061111e-01  -3.79243363e-01  -2.97860752e-01
    7.78542920e-01   2.33555324e+00  -1.86221423e+00  -6.46179359e-02
    6.30721272e-01 
    1.27835260e+00  -9.14554952e-01  -3.49157611e-01   6.50950818e-02
   -3.98644077e-01  -1.92424962e-01   3.00972037e+00  -2.82813223e+00
   -1.47788713e+00  -7.85803027e-01  -4.84878108e-01  -9.29595540e-01
    1.38833001e+00  -1.82621830e+00   7.32123867e-01   3.63179908e-01
    4.31299972e-01 
    1.30825942e+00   6.72381084e-01  -2.96242329e+00  -3.93722190e+00
    8.69076787e-01  -3.34805818e-02   9.83655481e-01   1.48209754e+00
    6.75826936e-01   6.18931527e-02  -9.10720355e-01  -8.81739845e-01
   -3.14463135e-01   1.78637854e+00  -5.39045237e-01   9.85174118e-01
    1.65673855e-01 
   -1.39101396e+00   2.57270623e-01  -1.01213702e-01   1.41984747e-01
    7.14774983e-01  -1.34637132e+00   1.20838329e-01   1.28540603e-01
    1.42964244e+00  -8.68061452e-01   1.00653841e+00  -3.03372967e-02
    8.14153580e-01  -9.67108494e-01  -6.13330527e-01   1.10651960e+00
   -6.22720284e-01 
   -1.24084755e-01  -2.19915987e+00   1.91410965e+00  -3.77827934e-02
   -2.23858512e+00   2.67397829e-01  -2.98624352e-01   1.55469420e+00
    2.87922312e-01   1.69604694e+00  -1.75606050e+00  -3.40466137e-01
    6.30330469e-01  -1.17312261e+00   5.67455033e-01   6.15613247e-01
    9.56970157e-02 
   -1.43269730e+00   4.17647209e-01  -9.43489806e-01   1.88082081e+00
   -8.00276064e-01   1.71613728e+00   9.46981994e-01  -1.59158449e+00
   -2.97443188e-01  -1.70507246e+00  -8.62348613e-01   6.84837439e-01
    1.67352929e+00   1.66486495e-01  -2.55149052e-01  -2.06177847e+00
    3.21604755e-01 
   -5.97214422e-02   2.60689792e+00   8.96509043e-01  -4.02673976e-01
   -3.99945395e-01  -4.38099608e+00   1.22244471e+00   3.22974565e+00
    1.39964032e+00  -2.02663304e+00   7.12328005e-01  -2.92649195e-01
   -6.02411825e-01  -6.69620778e-01   5.97913558e-01  -2.47869215e-01
   -2.87097918e-01 
   -2.42213547e+00   8.16817253e-01   1.95647196e+00  -3.07837658e-01
    1.60107647e+00  -8.96174559e-01  -6.91597883e-01  -6.79513497e-01
    2.15638857e+00  -1.04369651e+00   8.83709506e-02  -1.79887869e+00
    5.21114385e-01   5.21094535e-01  -1.12181864e+00  -4.11338552e-01
    6.15197096e-01 
   -2.59013233e-01  -5.41069942e-01   4.77483715e-01  -8.01338731e-01
    2.23979472e+00  -1.42713716e+00   1.06592326e-01   2.21004753e+00
   -2.48463271e+00  -7.48722635e-01   1.12338309e+00   7.77699478e-01
    5.30341689e-01  -6.91469801e-01  -3.66518726e-01  -8.81214590e-01
   -3.02317868e-01 
   -2.01313488e+00   3.03074936e-01  -1.42064240e+00   2.00147517e+00
   -1.04013462e+00   9.92576143e-01   6.85575482e-01  -6.20672866e-01
    1.09234915e+00   1.39727583e+00   1.56901239e+00  -1.78422506e+00
    7.20553429e-01  -1.37927149e+00   4.59856703e-01  -2.54938330e-01
   -6.75330164e-01 
    1.64442867e+00   1.51202673e+00  -2.02444431e+00  -8.40342526e-01
   -3.33072531e+00  -1.07868851e+00   9.75209520e-01   6.59626761e-01
    1.21862561e+00  -2.45805714e+00   1.87824534e+00  -1.51858819e-01
    3.48276201e-01  -2.62412056e-01  -7.68619901e-01   6.85820083e-02
   -1.79631640e-01 
    1.57119309e+00   1.68782118e-01  -1.67105544e+00  -2.10331327e-01
   -1.15834682e+00  -4.30680296e-01   2.68151995e+00  -2.76524569e+00
   -7.85473635e-02  -4.20301693e-01   3.20507879e-01   9.71887228e-01
   -1.46641463e-01   1.33761228e+00   8.64226882e-01   1.01453340e+00
   -5.55619977e-01 
   -6.30357222e-01  -6.55802799e-01   1.95768766e+00  -2.06740350e-01
    1.45348456e+00   1.76872826e+00  -2.87820253e+00   7.10181775e-02
    4.56782295e-01  -6.06128526e-01  -2.91883675e+00   2.03731248e-01
    1.71825482e+00  -1.25363072e+00   3.96604551e-02   2.86806972e+00
   -1.88573723e-01 
   -8.13061285e-01   2.55837446e+00   1.33432653e+00   1.63264761e-03
   -1.19392502e+00   2.01898466e+00  -5.04979396e-01  -9.59991864e-02
   -1.03270208e+00  -1.97274016e+00  -3.24902032e-01  -1.53528858e-01
   -9.27097813e-01   5.76098884e-01  -4.06317539e-02   7.22879804e-01
   -4.69884416e-01 
   -3.37941591e-01  -1.19027420e+00  -9.64891548e-01  -2.06619999e-02
    2.29211635e-01   2.42127012e+00  -7.88964241e-01   8.29351841e-01
    4.14597270e-01  -2.36293933e+00   1.27895767e+00  -2.66221611e-01
   -1.33621254e+00   7.71875308e-02   2.83947005e+00  -1.35894349e+00
    5.87427042e-01 
   -1.68662078e-01   1.99542887e+00   4.40222976e-01  -7.11368983e-01
    7.98090781e-01  -1.53071475e+00  -2.22100275e+00  -1.51290228e+00
   -3.19812420e-01  -7.17089571e-01  -1.22751982e-01   9.00847065e-01
    6.29658324e-01   4.94596041e-01   1.04587862e-01   1.02505270e+00
   -2.45592835e-03 
   -1.09166586e+00   7.29012205e-02   2.57825281e+00   1.47723969e+00
    1.09005727e+00   2.28142474e-01  -1.85245768e+00  -1.22416102e+00
   -6.42935765e-01   9.68132998e-01  -1.82339276e+00  -1.42074321e+00
   -1.63627584e+00   1.37450352e+00   1.43969561e+00   1.05833332e+00
    2.53564066e-01 
    1.34591264e+00   8.71376224e-01  -1.02270007e+00  -3.87228708e-01
   -8.60157531e-01  -3.82986855e-01  -5.86670351e-01  -3.62906739e-01
    1.58516674e+00   1.44098371e+00  -2.12820587e+00  -1.81788456e+00
   -4.78632053e-01  -1.66357537e+00   2.30868462e+00   7.18285801e-01
   -5.52528698e-01     3.3122662  -0.92383778  0.33613065 -1.95669541 -0.72993285  1.24029807
  -0.70313314 -0.88819655  0.58395472  1.01622326  0.26501776 -2.91568652
  -0.82818271  0.41482517  0.77496992 -1.64057399 -0.24459881  0.16387785
   0.24120827  0.17667086 -0.24161434  2.14665596  0.45477568  1.973183
  -1.65385475 -0.79915895  0.35594161 -0.30455728 -0.21288832 -0.48381582
   0.32941062 -1.4279206  -0.24344934 
   0.58873642  0.5242542  -0.29298319 -0.09366489  0.97530248 -0.30864874
  -1.42098043  1.03497812 -2.2090815  -0.19190239 -0.98034975  0.0797157
   1.26570897 -0.24015657  1.64527113  0.14666242  0.1499744  -0.75980049
   2.00480036 -2.10278607 -1.53915328  0.32173703  0.47841716  0.26718569
  -1.48063498  0.50501261  0.70270351 -4.04390402  1.33713117 -1.75613663
   0.04313596 -1.37233207  0.12809392 
   0.68003117  0.0296427   2.85174546  0.87458214 -1.9319321  -1.5208021
  -0.82204085 -0.91467008  1.53867797  1.05005459  0.56630891  0.34346051
  -2.25473832 -0.07188678 -0.36697141 -1.25844755  2.21342172 -0.05356144
  -1.40404071  1.22782436 -1.36916438 -2.43482349 -1.04148517  1.17946644
   1.28562385  0.87805349 -2.11265715 -0.52561709  2.07959478 -0.27119279
  -2.38600016  0.85730079 -0.27846418 
  -1.33081839  0.49575442 -1.33895305 -0.94944884  1.69620573  1.35838237
   1.37239024  0.23050294  0.44929785 -0.85706354  2.56601647 -2.18778055
   0.50325355 -1.03215585 -3.19593374  0.03797792  3.76961409 -0.1886976
   0.20714538 -2.1311152  -1.00256355  0.6037648   0.79003737 -2.85175707
   0.56002185  0.64614831  0.01614129  0.2068307  -0.37444637  0.33512639
  -1.65721717 -0.50259838 -0.08836306 
  -1.71987706 -1.15956622 -2.17314613 -0.53367272  0.19252992 -0.38255625
   0.20169865 -1.17877407 -0.29482324 -2.7032466   1.36075052 -0.39096585
  -0.18320679 -2.3400744   2.57479958 -1.71208363 -0.04494472 -1.38563674
   2.50274113 -0.01059092  1.32411706 -1.33534176 -3.04531738  2.22043588
   2.13156245  1.48635595 -1.50612342 -0.0728345  -0.63510729 -0.35524179
  -1.13364591  1.46107328 -0.11801181 
  -0.95082187 -0.27038324  0.70763033  0.67703383  0.94132674 -0.73944125
  -0.46243726 -3.56959994  0.97006933  0.07211818 -0.05280481  0.34272765
  -0.69994042  1.81590681 -0.82141704 -2.05848243 -1.37707544  0.5318007
  -0.0746262  -2.57311315  4.58947277  0.39426831  0.04871712  0.11372179
   0.20274413  0.52878799 -1.44186248 -1.63959675 -3.4732102   0.72987871
  -0.25137683  0.1886746   0.06414784 
   0.71344577 -0.90818811  0.22017803 -1.09513271 -0.29944187 -1.98626646
   1.2357223   0.86676144  0.37131754 -2.12372745 -0.73465841  2.54033837
   3.03763826 -1.458312   -1.19151947 -3.82221135 -1.00738472  0.14014157
  -0.27888232 -0.286219   -0.81877886 -0.26311553 -0.5808595  -0.65155126
  -1.56584046 -1.57987191  1.06519828  0.11548613  0.31833704  2.7049818
   0.70748144  0.51781555 -0.33189924 
  -0.02455411 -0.74487123  1.98606422 -0.6622458   1.48483061 -0.17890724
  -0.94763522 -0.10260279 -0.23617861  0.38571386 -4.10341219  0.0863565
   0.00811158 -1.58658002 -0.3156082   2.13289769 -2.31971703 -0.59897534
  -2.28586105 -0.34870586 -2.38233694 -0.26957933 -2.70237498  0.18748213
  -0.39655071  3.25076846  0.49695385  0.54573905 -1.63753054  0.82500502
   1.02123971 -0.21017773 -0.84433088 
  -1.93004728  2.29043577  1.12625146  1.28320543 -2.04750319 -0.382576
   1.2092695  -2.23702054  2.13072021  0.288465    0.61104649 -1.36311633
   1.17902066 -1.49891859  1.92567792  1.22604991 -0.81971023 -2.11824436
  -0.46266452  0.51791622 -1.39511953 -1.63285425  2.09564756 -1.3637688
  -1.74179714 -0.60316357  0.0326794   0.58932817 -1.2260435  -0.09337843
   1.47754838 -1.70796549 -0.53206199 
   0.78873039 -0.78715453 -0.88040791 -1.28344971 -0.13470805  0.28413792
  -0.9105215  -2.25200435 -2.35321935 -2.47113859 -1.8346748   1.62613879
  -2.48752284 -1.42317446  0.09700965  0.11653195  0.72845052 -0.05575063
  -2.11383323  1.74770081  1.25910024  1.18786033  0.60689153 -2.59329995
   2.60884076 -0.46449371  1.63256054  0.34762285  2.24897056  0.25919455
   0.07373533 -1.70144988 -0.21558144 
  -0.2347791  -2.57986818  0.33169118  0.76475177 -0.58704924  1.08970021
  -1.01795872 -2.23074149 -1.44613925 -0.04495512  1.14830676  0.19639607
  -2.60803926  1.83915187 -0.4247378   0.1512699   0.57136375 -1.18982121
   0.96626558  1.51267001 -0.72646065 -1.17793576 -1.27580128 -2.59503419
  -1.7518676  -1.67245409  3.25237561  0.92684422 -1.1861327  -0.35449989
   1.54631208  2.37438033 -0.41554304 
  -1.37014829  4.04470671 -1.15768748 -2.49512439 -2.00366938 -1.14695999
  -1.0873735   0.13712988  1.09874559 -2.22036571 -2.51656165  0.20078446
  -0.74822834  1.32864849  0.03328892  1.60161497 -0.79231166 -0.48891873
  -0.01099262 -0.78940767  0.75436486  1.79371973 -0.53427736  0.97885964
   0.73883414 -1.68349935 -1.35906284 -0.00480824  0.89754277 -0.78641902
   1.47742535  1.11273913 -0.51326706 
  -0.45142365 -0.86732256 -2.49507798 -1.99588174 -2.01725874  0.84734597
   0.08166657 -0.23807753 -0.58068224  3.13154859  0.02947136  2.06617131
  -1.0298881   0.20027344 -0.40496278 -1.27178819 -0.08355379 -1.07984456
  -0.37795374 -1.34003531  0.39844043 -0.41168545 -0.87256989 -0.69768698
   0.03780768 -0.22033703 -1.7251391   0.44959218  1.45379373 -1.16462864
   1.86562735 -0.42852356 -0.21887911 
  -0.33026128 -0.79290289  0.55698778  1.85815267 -2.20406462  1.16674155
  -0.18945039  0.9171663   0.92171386 -0.72229356 -0.82724922  0.03074619
  -1.65166815 -0.69498709 -2.45639609  1.89780532 -2.77886757  0.33355432
   0.96012719 -0.77883662  0.71206997 -0.67520241  1.31986309  0.33552078
   0.36049236 -1.99600432  0.90363668 -1.24406592  0.11815921 -1.01789219
  -0.86708744  0.69678925 -0.43819002 
  -0.61903077  1.90618094  0.20823108 -1.1052991  -0.98919361 -0.1731994
   0.90796358  1.40168205 -0.91065921  0.15467618 -0.94915397 -0.67751248
   0.2142119   0.41208004  1.70827196 -1.07802259  0.40979472  0.23607563
  -1.23550848  0.41923717 -0.64698539  0.96252115 -0.27494494 -0.32488364
   0.86642001 -1.27817893 -0.4595358  -0.33441829 -2.16196733 -0.13244509
  -1.71481304 -2.71053024 -0.90350363 
  -0.24756723 -1.63557365 -2.18782372  1.74216617  1.33740113  0.88153656
  -0.46893209 -0.49582703  1.73740363  1.22608981  0.1550138   0.42218561
  -0.20509821  0.25548956 -0.96686394 -0.35413795 -0.18108463 -1.64186677
  -0.8370498   1.55201613 -0.47568099  0.70312416  0.30504468 -1.4272852
  -0.51250941 -1.37628224 -1.57661099 -0.51834271  1.05620387 -0.51651238
  -0.84649586 -0.57212438 -0.14563285  