NN 16 32 16   -2.89279328e+00  -5.95118419e-01  -5.04269446e-01   7.64470162e-01
    1.44630381e+00  -6.47952027e-01  -1.03571571e+00  -1.28495211e+00
    1.97897409e+00  -1.33994932e+00   1.20607714e-02   7.19320666e-01
    6.64857295e-01  -1.48858108e-01   2.42430439e-01  -2.59209890e-01
   -6.59941042e-01 
    3.22957539e-01  -1.69156760e-01  -4.09759893e-01  -6.35203412e-01
    8.87424929e-01  -1.43364682e-01  -5.99599574e-02   4.35609760e-01
   -1.94131981e+00   6.10682184e-01   1.64531955e+00  -2.82511680e+00
    4.41378498e-01   6.11938556e-01  -1.35781770e+00   1.05164521e+00
    4.54352667e-01 
   -3.25495744e-01   1.64406313e-02  -2.16968923e+00   1.13052343e+00
    2.12184196e+00  -1.35235804e+00  -5.41594473e-01  -8.15186821e-01
   -8.86084455e-01   2.66244563e-01   2.23432040e-01   1.22762129e-01
    1.45298201e+00  -8.66296707e-01   1.10792368e-02   1.34530433e+00
    2.16423616e-01 
    1.37165071e+00  -7.16825774e-01  -7.65611476e-01   6.42437420e-01
   -2.02850466e-01  -8.69393120e-01   1.00932602e+00  -1.54414032e-01
   -1.04506450e+00   8.26873279e-01  -1.20260309e+00   1.38702202e+00
    1.38539279e+00  -1.60605474e+00   7.84232090e-01  -1.53301091e+00
   -4.26679751e-01 
   -2.52993125e-01  -1.24374189e+00   1.17719706e+00  -9.60948540e-01
   -3.80691808e-01  -7.54889531e-01  -1.11602388e-01  -1.56688286e+00
    1.24131741e+00  -1.23972436e-01  -4.05631951e-01   1.53757740e+00
    1.39890077e+00   1.69020601e+00   7.57936438e-02  -1.35563698e+00
   -7.73616831e-01 
   -2.76844382e-01   9.31898913e-01   1.02096473e+00  -1.01358426e+00
    3.45955086e-01   9.82752594e-01   1.11202279e+00  -6.48498715e-03
   -3.00290371e-02  -3.10456728e-01  -1.06843340e+00   5.77247334e-01
   -6.12071343e-01  -1.13529773e+00  -2.01760787e-01  -1.66342212e-01
   -1.12302915e-01 
    3.65390543e-01   1.34894960e+00   1.07835788e+00  -1.35887747e+00
   -1.59527186e-01  -8.65281430e-02  -1.60451914e+00   7.96267765e-01
   -6.05267859e-01   4.28753726e-01   7.09232519e-01   5.63917755e-01
   -2.34817429e-01  -3.38261503e-01  -1.07598525e+00   7.14669429e-01
   -5.65788768e-01 
    5.48958886e-01  -1.35455999e+00   8.73141757e-01  -5.06913099e-01
    7.37608807e-01   3.08782498e+00  -1.52183057e+00  -1.16334686e-01
    1.82591308e+00   1.99683172e+00   7.06430231e-01  -8.14510808e-01
   -6.72986468e-01  -2.02694876e+00  -1.06903022e+00  -7.49180541e-02
   -7.52648444e-01 
    3.18955721e-01   2.02619414e+00  -9.67466645e-01  -4.31839494e-01
    8.09298796e-01  -1.17165872e+00  -6.54946529e-01  -1.92148532e-01
   -1.35374113e+00   2.04862697e+00   1.03279484e+00  -7.69329386e-01
    4.14473764e-01  -1.56808390e+00   8.96543270e-01  -1.08409847e+00
   -1.50156386e-01 
   -1.37644707e+00   1.93761028e-01  -6.98218402e-01   1.00338273e+00
    1.70213716e+00  -6.72528276e-01   1.21783685e+00  -6.37722762e-01
   -6.06801198e-01   1.30682697e+00   7.66352115e-03   1.63707239e+00
   -2.09198477e+00   4.29634077e-01  -1.70410458e-01  -1.07826746e+00
    1.91723884e-01 
   -5.41777280e-01   6.87603090e-01  -2.59537760e-01  -2.36675742e+00
   -1.85218137e+00  -1.01527715e+00   3.35372539e-01   3.23240026e+00
   -7.35708177e-01   7.65761623e-01  -8.54182694e-01   1.99927294e+00
   -5.63517618e-01  -5.86811435e-02  -4.44838734e-05   3.58526566e-02
   -5.93147004e-01 
    2.19555772e+00  -9.58569215e-01   4.47307313e-01   1.62714881e+00
    1.10807825e+00  -2.62390957e-01  -1.36887115e+00   5.53769082e-01
    2.98143169e-01  -7.76920459e-01  -1.98235864e-01  -3.98520253e-01
   -2.25363621e+00   2.53449210e-01   7.04714881e-01  -4.86803746e-01
   -2.99571107e-03 
    1.39120648e-01  -1.35240216e+00   9.18960422e-01  -2.74597656e-01
    3.03534940e-01  -9.57218912e-04  -2.82512644e+00   2.85826648e-01
   -1.77123061e+00   9.11430440e-01   2.54868479e+00   4.80401559e-01
   -2.52812307e-01   1.00505848e+00  -4.40884103e-01  -3.76171293e-01
   -9.67145417e-01 
   -3.00774615e-01  -1.28601724e-01  -7.62826302e-01   3.60264310e-01
    1.75808783e+00  -1.65793284e+00   7.24889214e-01   4.73013511e-01
    9.00770888e-01   1.50942200e+00  -1.91760385e+00  -1.74418850e+00
   -5.22814658e-01   6.03086086e-01  -2.91946169e-01  -1.47733497e-01
   -5.42850526e-02 
    7.37054065e-01  -1.92461181e+00   1.04635227e-01   2.35248824e+00
   -1.83953051e+00   1.08807215e+00   3.59880532e-01  -5.12185729e-01
   -1.57892532e+00   1.87184261e-02  -3.87073899e-01  -5.71168785e-01
    6.06859898e-01   2.06719089e+00  -1.54015741e+00  -7.06041797e-02
    5.45969588e-01 
    1.10541420e+00  -9.02573678e-01   1.00461165e-01   1.04958122e-01
   -8.31597653e-02   4.77188930e-01   2.81393356e+00  -2.55124791e+00
   -1.31814106e+00  -5.68492516e-01  -3.71883648e-01  -9.16244138e-01
    1.42214027e+00  -1.47866120e+00   4.44281016e-01   3.77971612e-02
    4.03796875e-01 
    1.48238032e+00   6.04739787e-01  -2.67691255e+00  -3.37786988e+00
    1.98269022e-01   1.57107095e-01   1.07823192e+00   1.47350573e+00
    5.73382775e-01  -2.83811811e-01  -1.07181689e+00  -6.92197226e-01
   -2.89869229e-01   1.84798667e+00  -5.56037999e-01   7.06462018e-01
    3.19951097e-02 
   -1.32654274e+00   2.14104738e-01   5.49533846e-02   1.10623816e-01
    7.04097708e-01  -8.27260531e-01  -1.40864038e-01   7.95772625e-02
    1.24808987e+00  -6.90971551e-01   8.12373738e-01  -1.87949997e-01
    6.44934665e-01  -6.95237412e-01  -4.07816426e-01   8.51377535e-01
   -4.86259823e-01 
   -1.23865343e-01  -1.58608306e+00   1.50791220e+00  -3.34760070e-01
   -2.11907470e+00   4.49801866e-01  -4.28136581e-02   1.30822499e+00
    3.89181602e-01   1.67622608e+00  -1.77882652e+00  -7.96632658e-01
    3.77747063e-01  -1.05422803e+00   4.27274344e-01   4.59878964e-01
    3.14831902e-02 
   -1.17082293e+00   5.94484604e-01  -1.04620183e+00   1.55997568e+00
   -7.89827451e-01   1.85500917e+00   3.62877833e-01  -1.08305017e+00
   -2.52302278e-01  -1.68836810e+00  -6.78788892e-01   5.85928667e-01
    1.50710398e+00   4.44015864e-01  -1.65657809e-01  -1.50717244e+00
    3.85491299e-01 
    2.61581510e-01   2.24673039e+00   1.13389055e+00  -2.37428990e-01
   -4.35116257e-01  -3.68187744e+00   8.88551808e-01   2.69597348e+00
    1.23546563e+00  -1.48081413e+00   5.53694748e-01  -9.60836407e-01
   -6.46035727e-01  -3.90716117e-01   3.53771982e-01   1.22410938e-02
   -2.19127595e-01 
   -2.28162637e+00   5.69304364e-01   1.48429292e+00  -5.58352145e-01
    1.47528928e+00  -9.37605812e-01  -4.20777426e-01  -5.74333947e-01
    1.69496223e+00  -1.24542580e+00   2.19269163e-01  -1.72137890e+00
    4.52511056e-01   6.23117421e-01  -1.00135208e+00  -2.04976789e-01
    5.74103297e-01 
   -5.43425677e-01  -4.70692499e-01   7.11783665e-01  -1.07085002e+00
    1.90573784e+00  -1.34709161e+00   2.20078040e-01   1.93097453e+00
   -1.97261577e+00  -6.09479844e-01   9.47037388e-01   7.26896396e-01
    7.06440370e-01  -5.11191496e-01  -2.16527760e-01  -3.13768267e-01
   -2.08864582e-01 
   -1.62927684e+00  -4.01736504e-02  -1.16856510e+00   1.77724993e+00
   -9.23689814e-01   6.95385993e-01   5.31796923e-01  -7.37716581e-01
    1.44013536e+00   1.52598772e+00   1.33260327e+00  -1.62619452e+00
    5.01659587e-01  -1.26436271e+00   3.59631256e-01  -1.44549188e-01
   -5.92396093e-01 
    1.37213789e+00   1.40096597e+00  -1.49135568e+00  -5.64599048e-01
   -2.80374485e+00  -5.77294254e-01   7.65198780e-01   4.54985532e-01
    1.22536290e+00  -2.30673924e+00   2.05600836e+00  -1.68486728e-01
    7.51639786e-02  -1.15046356e-01  -6.36930097e-01   3.40724424e-02
   -1.55196457e-01 
    1.27146677e+00   8.02707780e-03  -1.33663600e+00  -2.47496097e-01
   -9.54445185e-01  -3.56888927e-01   2.11848674e+00  -2.79969059e+00
    1.13274634e-01  -3.35378500e-01   5.49943032e-01   1.11440906e+00
   -5.95140674e-02   1.20399966e+00   9.76267625e-01   5.43687249e-01
   -5.81677590e-01 
   -8.44696741e-01  -7.18659854e-01   1.66554645e+00  -1.90288730e-01
    1.18689297e+00   1.37497021e+00  -2.14977497e+00  -2.99924063e-01
    1.05797147e-01  -6.11003054e-01  -2.49950252e+00   4.35881363e-01
    1.37041138e+00  -9.93468738e-01   1.70198021e-01   2.02084614e+00
   -1.76677779e-01 
   -8.05343266e-01   2.18931360e+00   1.25661304e+00   3.22282081e-02
   -7.69915166e-01   2.02443856e+00  -3.37273123e-01  -2.25630313e-01
   -1.13928791e+00  -1.43587439e+00  -5.19636659e-01  -3.64067760e-01
   -8.77422570e-01   5.18305928e-01  -1.20433511e-01   4.47551814e-01
   -4.33076639e-01 
   -4.20093019e-01  -1.28541181e+00  -7.39813749e-01   1.84916585e-01
    5.30062904e-01   2.08351288e+00  -7.92221325e-01   6.59066028e-01
    4.41599490e-01  -1.97099287e+00   1.06114825e+00  -1.35244100e-01
   -1.21134748e+00   1.13390490e-01   1.92596637e+00  -1.12471381e+00
    3.24317677e-01 
   -3.72367924e-01   1.45717689e+00   6.52873526e-01  -5.72624616e-01
    5.78760665e-01  -1.15557445e+00  -2.15165866e+00  -1.45586348e+00
   -8.93579027e-02  -6.34488659e-01  -2.91969571e-02   6.62925060e-01
    4.75571782e-01   2.56638479e-01  -6.60931261e-02   7.78913512e-01
    4.04118779e-02 
   -1.27673565e+00   4.21497818e-02   2.25832711e+00   1.38440646e+00
    1.09311776e+00   2.94170285e-01  -1.21898249e+00  -9.50756008e-01
   -5.73776009e-01   7.03736118e-01  -1.64240618e+00  -1.19957010e+00
   -1.24030626e+00   1.06155274e+00   1.01006999e+00   7.74825182e-01
    2.88702347e-01 
    1.20657847e+00   9.14413800e-01  -8.36257538e-01  -3.52118379e-01
   -7.02488229e-01  -2.07395060e-01  -8.29848529e-01  -1.86549588e-01
    1.38069500e+00   1.21362729e+00  -1.60233682e+00  -1.35888691e+00
   -3.10686462e-01  -1.39253876e+00   2.07388297e+00   4.27836060e-01
   -4.48257267e-01      2.78076877e+00  -5.51081844e-01  -7.42384817e-02  -1.71773250e+00
   -5.84935354e-01   4.83048667e-01  -2.93434198e-01  -7.98090962e-01
    5.54261134e-01   1.13471145e+00   4.80742190e-01  -2.45502954e+00
   -9.07876229e-01   1.60861885e-01   3.98785323e-01  -1.55644105e+00
   -5.33506665e-01   3.96100895e-01   1.56958774e-01   6.75180255e-01
   -3.52698158e-01   2.46155345e+00   4.93480768e-01   1.91510814e+00
   -2.21829976e+00  -1.11655047e+00   4.54916921e-01  -1.72462223e-01
   -2.09242596e-01  -3.68676369e-01   6.61949038e-01  -1.63785512e+00
   -2.64354509e-01 
    6.13936569e-01   2.81242259e-01  -3.33713279e-01   3.05360305e-01
    1.07401656e+00  -3.20368398e-01  -1.27474365e+00   9.40774002e-01
   -2.15246391e+00  -4.76258824e-01  -8.10154930e-01   2.53703650e-01
    1.47897432e+00   1.06623505e-01   1.91267745e+00   4.84573344e-01
    9.87377565e-02  -6.64979047e-01   1.85072510e+00  -1.81450345e+00
   -1.72380536e+00   2.67146895e-01   1.96246241e-01   2.88371667e-01
   -1.56592904e+00   3.11500233e-01   7.85904628e-01  -3.48765347e+00
    1.25351589e+00  -1.50189733e+00   3.62369719e-02  -1.17065266e+00
    1.36333098e-01 
    9.15568553e-01   8.80648385e-02   2.53351083e+00   5.00203315e-01
   -1.88958552e+00  -9.39374674e-01  -1.06806866e+00  -9.24859775e-01
    1.44612164e+00   1.08907377e+00   2.66474935e-01  -1.58572917e-01
   -1.73944090e+00   3.20573984e-01  -4.18117612e-01  -1.31463142e+00
    2.17816564e+00  -1.79032113e-01  -1.28774301e+00   1.07860703e+00
   -1.26210837e+00  -1.99247760e+00  -9.94792566e-01   1.22353482e+00
    1.25425909e+00   1.14480130e+00  -1.91486412e+00  -8.38134789e-01
    1.71117328e+00  -4.20056854e-01  -2.61559869e+00   7.62512674e-01
   -3.94009938e-01 
   -9.63569137e-01   8.81578389e-01  -1.23253342e+00  -8.64628871e-01
    1.35367312e+00   1.10132857e+00   1.31765170e+00   3.20252159e-01
    3.34164048e-01  -8.96077388e-01   2.09241794e+00  -2.27658133e+00
    6.93051724e-01  -9.91915262e-01  -2.94559844e+00   8.82886910e-02
    3.68791249e+00  -2.96845582e-01   8.33407219e-01  -1.79353991e+00
   -1.12744725e+00   7.25062882e-01   9.54938212e-01  -2.60468844e+00
    2.38064725e-01   5.28236458e-01   2.90018286e-01   8.33120590e-02
   -2.31183809e-01   3.72558424e-01  -1.70239542e+00  -3.15732051e-01
   -6.47580801e-02 
   -1.27081301e+00  -9.90142723e-01  -1.90937722e+00  -9.30381229e-02
    2.66790110e-01  -2.34478018e-01   3.09668619e-01  -1.03732941e+00
   -3.70743697e-01  -2.50274341e+00   1.20438779e+00  -3.54456506e-01
   -3.42896898e-01  -2.31511348e+00   2.40759543e+00  -1.11268716e+00
    1.50709819e-02  -1.38853441e+00   2.63014384e+00   1.29585635e-01
    1.30814396e+00  -1.22902426e+00  -2.72007780e+00   2.03277248e+00
    1.73252645e+00   1.53356788e+00  -1.49115930e+00  -4.06387921e-01
   -1.16022784e+00  -6.76573937e-01  -9.23374053e-01   1.03293526e+00
   -1.44376996e-01 
   -3.20778350e-01  -7.32114295e-02   6.65691681e-01   9.03485287e-01
    7.67489005e-01  -6.60671087e-01  -3.63628136e-01  -3.38843780e+00
    9.32051857e-01   2.46764577e-02  -7.67482118e-02  -1.36119018e-01
   -5.78166582e-01   1.85263668e+00  -9.51747045e-01  -1.80562883e+00
   -9.91916267e-01   3.34357372e-01  -2.87258416e-01  -2.78970877e+00
    4.29243711e+00   4.09123158e-01   4.90741819e-01   6.22124733e-03
   -1.42831757e-01   5.45687673e-01  -1.62398393e+00  -1.52720318e+00
   -3.14524535e+00   6.01300089e-01  -3.21532492e-01  -8.91703726e-04
    1.98738041e-02 
    4.46963304e-01  -4.46971627e-01   4.22670485e-01  -1.17793879e+00
   -5.48461918e-01  -1.25078113e+00   1.42222923e+00   8.69910086e-01
    5.11086728e-02  -2.20875084e+00  -5.38706603e-01   1.93806554e+00
    3.33217545e+00  -1.56191741e+00  -1.17533943e+00  -3.61580681e+00
   -1.02144181e+00   1.14263107e-01  -6.32200212e-01   2.91829452e-01
   -8.58168774e-01  -4.80111080e-01  -3.77057601e-01  -7.12788947e-01
   -1.76853274e+00  -1.47455804e+00   1.05365309e+00   4.03115516e-01
    1.52343343e-01   2.62639794e+00   4.01298837e-01   6.34219031e-01
   -3.00017449e-01 
    5.29078405e-02  -9.05302782e-01   1.83904045e+00  -5.44456077e-01
    1.33465336e+00  -4.72142051e-02  -9.04366329e-01   2.82819221e-01
   -9.08829414e-04   3.56394295e-01  -3.82373270e+00  -3.58728303e-02
   -4.09411221e-01  -1.01504045e+00  -4.83722654e-01   2.09395048e+00
   -2.06156426e+00  -5.60839841e-01  -2.29334429e+00  -1.16149100e-01
   -2.30651798e+00  -3.64000827e-02  -2.48569199e+00   2.19270071e-01
   -2.49688533e-01   2.69911846e+00   7.04521587e-01   5.41704560e-01
   -1.51139783e+00   1.19005857e+00   8.43337026e-01  -3.91096186e-01
   -4.76211139e-01 
   -1.71582126e+00   1.94891136e+00   9.73492385e-01   1.06736648e+00
   -1.81619375e+00  -1.83816803e-01   1.08933008e+00  -1.99398716e+00
    1.76008340e+00   1.32306945e-01   3.61103471e-01  -1.26468863e+00
    1.03362841e+00  -1.31021466e+00   1.87361194e+00   1.36398805e+00
   -9.20969119e-01  -1.77317307e+00  -3.99519755e-01   4.54864264e-01
   -1.36952432e+00  -1.48272134e+00   1.89958976e+00  -1.55161817e+00
   -1.37696052e+00  -7.32415019e-01   6.08030871e-02   7.31981782e-01
   -1.04281374e+00  -2.27763448e-01   1.22181880e+00  -1.46120281e+00
   -4.80759723e-01 
    6.82045325e-01  -5.72608860e-01  -5.84521059e-01  -1.10846841e+00
   -2.58249821e-01   7.98164423e-04  -8.32917430e-01  -2.23526596e+00
   -2.13980849e+00  -2.07334537e+00  -1.71734563e+00   1.33902159e+00
   -1.83849270e+00  -1.34835975e+00  -7.35096254e-02  -1.55442237e-01
    8.03965508e-01   4.84167683e-02  -1.91104058e+00   1.83914593e+00
    1.03865299e+00   1.16807077e+00   7.49105777e-01  -2.46076645e+00
    2.52060341e+00  -3.25740904e-01   1.23929110e+00   4.10905813e-02
    1.95920498e+00   2.21885563e-01   1.92911529e-02  -1.35665811e+00
   -4.73366057e-02 
   -5.75676895e-01  -1.99213287e+00   1.41442144e-01   6.69227281e-01
   -5.14289089e-01   7.90023824e-01  -8.45489989e-01  -2.12927264e+00
   -1.07767826e+00  -1.53461259e-01   9.66520616e-01   7.04664700e-01
   -2.56712369e+00   1.89532292e+00  -3.73988316e-01   1.74956686e-01
    8.90619087e-01  -1.06569755e+00   8.62437675e-01   1.27397465e+00
   -5.24660033e-01  -8.76356307e-01  -1.12951397e+00  -2.23846087e+00
   -1.82738046e+00  -1.56309080e+00   2.83593737e+00   6.81178227e-01
   -9.82982112e-01  -4.53790307e-01   1.33306637e+00   2.13599421e+00
   -1.99984773e-01 
   -1.42506233e+00   3.51270670e+00  -8.47166292e-01  -2.30897158e+00
   -1.78583786e+00  -8.80049541e-01  -9.62362869e-01   3.79790864e-01
    9.85779148e-01  -1.98076409e+00  -2.38882735e+00   8.11859164e-02
   -8.25889552e-01   1.36308474e+00   3.88448687e-01   1.46040950e+00
   -7.55862404e-01  -3.59862348e-01  -7.86908483e-02  -6.09030295e-01
    8.21882467e-01   1.80290696e+00  -3.43848593e-01   7.87215030e-01
    9.91322885e-01  -1.75575230e+00  -1.16617444e+00  -1.15437474e-03
    7.23391945e-01  -7.29387241e-01   9.90122169e-01   9.52434618e-01
   -3.43362303e-01 
   -4.88283389e-01  -6.88186815e-01  -2.36471094e+00  -1.79396164e+00
   -1.91480920e+00   6.60102237e-01   1.96652564e-01  -3.12211227e-01
   -4.01488320e-01   2.45598458e+00  -7.26756113e-02   1.93609502e+00
   -1.09100901e+00   5.44348978e-02  -2.43009408e-01  -1.21077608e+00
   -9.16401340e-02  -1.03751855e+00  -3.40486065e-01  -1.12015681e+00
    5.18863061e-01  -4.83899084e-01  -8.24752564e-01  -7.06919486e-01
    1.32998772e-01  -3.41070512e-01  -1.49719569e+00   3.79605468e-01
    1.27279191e+00  -1.07110811e+00   1.55143873e+00  -3.94201651e-01
   -2.49803427e-01 
   -2.78450919e-01  -7.39204895e-01   5.86865827e-01   1.62063370e+00
   -1.96917145e+00   1.00851704e+00  -1.97684821e-01   7.47093113e-01
    8.37835038e-01  -6.19824865e-01  -8.93565800e-01   1.04982793e-02
   -1.52422686e+00  -5.61173207e-01  -2.25563752e+00   1.64479218e+00
   -2.51410927e+00   2.26924654e-01   8.05174414e-01  -6.79496718e-01
    5.61886230e-01  -6.25051654e-01   1.14957871e+00   2.60043706e-01
    3.18186670e-01  -1.88260877e+00   8.77996524e-01  -1.15335009e+00
    1.99850783e-01  -8.27700833e-01  -6.94190401e-01   5.95049625e-01
   -3.71128688e-01 
   -6.45794117e-01   1.48032807e+00   1.23758544e-01  -1.06399756e+00
   -1.03820940e+00  -2.20496306e-01   7.82178048e-01   1.11336583e+00
   -5.43466725e-01   5.53593415e-03  -7.57609926e-01  -6.43734928e-01
    2.77251115e-01   3.29295681e-01   1.20356903e+00  -9.94276161e-01
    3.46930707e-01   1.33611703e-01  -1.00778505e+00   3.98692694e-01
   -5.97020285e-01   7.46670736e-01  -1.56653413e-01  -3.04398151e-01
    7.11578824e-01  -1.28680214e+00  -4.72321797e-01  -2.12764429e-01
   -1.48139595e+00   1.85752106e-02  -1.43394849e+00  -2.19754833e+00
   -8.38602815e-01 
   -3.55104966e-01  -1.30591329e+00  -1.78890171e+00   1.22321718e+00
    1.06937179e+00   6.93106814e-01  -5.23257497e-01  -4.09437986e-01
    1.14391529e+00   9.68455337e-01  -2.77873343e-02   1.90101515e-01
   -4.22448143e-01   2.14951889e-01  -8.21369006e-01   1.61994576e-02
   -1.03312125e-01  -1.34303205e+00  -7.01029427e-01   1.26553014e+00
   -7.17776392e-01   4.19265052e-01   9.74668498e-02  -1.28130371e+00
   -5.25089507e-01  -1.22483647e+00  -1.35686280e+00  -4.14958555e-01
    8.29587986e-01  -5.23955980e-01  -8.18248727e-01  -4.15548427e-01
   -2.07142117e-01  