NN 16 32 16   -2.81796848e+00  -5.30084000e-01  -4.85720481e-01   6.00579262e-01
    1.33124440e+00  -5.83135907e-01  -1.02125423e+00  -1.25739459e+00
    1.86530906e+00  -1.30150689e+00   2.80715518e-03   6.70496676e-01
    6.40961352e-01  -2.03179014e-01   1.94310771e-01  -2.93094557e-01
   -7.08840129e-01 
    4.62867142e-01   3.19979963e-02  -4.59714502e-01  -6.92834645e-01
    8.50458151e-01  -7.29845022e-02  -4.41709423e-02   5.45194935e-01
   -1.83840385e+00   6.37560367e-01   1.54865631e+00  -2.80522264e+00
    5.07497256e-01   6.85693747e-01  -1.29108167e+00   1.11439207e+00
    5.21597932e-01 
   -3.10779557e-01   6.22251381e-03  -2.13851546e+00   1.04430822e+00
    1.98784283e+00  -1.29503330e+00  -5.10628632e-01  -1.00106399e+00
   -9.84875579e-01   2.21873286e-01   2.29758716e-01  -3.33627688e-02
    1.43784044e+00  -9.40796158e-01  -2.00031381e-02   1.24799641e+00
    1.68087681e-01 
    1.32446064e+00  -7.00078996e-01  -7.19411534e-01   6.46688626e-01
   -2.73012040e-01  -9.12087009e-01   1.07050629e+00  -1.60883771e-01
   -1.14306457e+00   8.14865891e-01  -1.06577462e+00   1.38015894e+00
    1.36794064e+00  -1.57582288e+00   7.99771783e-01  -1.50955502e+00
   -4.13754638e-01 
   -3.21685223e-01  -1.22121918e+00   1.17799964e+00  -9.33274764e-01
   -4.10254339e-01  -8.40259550e-01  -1.73388826e-01  -1.51594087e+00
    1.31314100e+00  -4.98066664e-02  -2.71444525e-01   1.46859179e+00
    1.34655809e+00   1.66658499e+00   8.51304362e-02  -1.32653624e+00
   -7.70742868e-01 
   -2.61100273e-01   8.58018796e-01   9.66559536e-01  -9.81544239e-01
    3.10068358e-01   9.98024266e-01   1.05628967e+00   6.38531915e-02
   -1.94304301e-02  -3.28929814e-01  -9.05538654e-01   7.01454936e-01
   -6.02893345e-01  -1.09570484e+00  -1.92032642e-01  -1.78016261e-01
   -1.15976209e-01 
    3.33296344e-01   1.31617463e+00   1.12991225e+00  -1.30666510e+00
   -2.42160031e-01  -4.16762873e-02  -1.60778675e+00   8.55862652e-01
   -5.76151242e-01   4.26308871e-01   7.22589140e-01   6.11455390e-01
   -2.27676650e-01  -3.14714310e-01  -1.04016515e+00   7.40534445e-01
   -5.36604561e-01 
    5.97189688e-01  -1.27425515e+00   8.32124848e-01  -4.75904593e-01
    6.17797060e-01   2.99145999e+00  -1.55114789e+00  -1.37004083e-01
    1.89022686e+00   2.00128767e+00   8.23790879e-01  -8.33465670e-01
   -6.87841654e-01  -1.93198421e+00  -1.05166587e+00  -1.40588834e-02
   -7.37517857e-01 
    3.36590851e-01   2.12165565e+00  -9.63296919e-01  -4.69142189e-01
    7.43137747e-01  -1.06688810e+00  -4.87226246e-01  -1.55457025e-01
   -1.48926872e+00   1.99585625e+00   1.00543866e+00  -8.34067311e-01
    4.35141675e-01  -1.49889362e+00   9.20228450e-01  -1.03129390e+00
   -1.07031069e-01 
   -1.27486791e+00   2.08785528e-01  -7.50083072e-01   8.49267034e-01
    1.70547009e+00  -6.42570035e-01   1.24038361e+00  -6.80960083e-01
   -7.36609640e-01   1.33019658e+00   2.30244297e-01   1.55038912e+00
   -2.08656476e+00   3.84864648e-01  -1.58997646e-01  -1.08178155e+00
    1.64845332e-01 
   -5.67848573e-01   8.03395491e-01  -2.04633774e-01  -2.30219531e+00
   -1.85591787e+00  -8.99302738e-01   2.98445475e-01   3.11995869e+00
   -7.13562587e-01   7.43259938e-01  -7.96064705e-01   2.01110909e+00
   -5.33560878e-01  -1.73605440e-02   6.21015874e-02   5.88330287e-02
   -5.63774961e-01 
    2.12052955e+00  -1.03130136e+00   4.84952723e-01   1.69818613e+00
    1.10417303e+00  -1.46081928e-01  -1.34593153e+00   5.22528181e-01
    3.79893338e-01  -6.94137034e-01  -2.87465916e-01  -4.24486730e-01
   -2.20615760e+00   2.61555625e-01   7.19975283e-01  -4.61974532e-01
    1.44654630e-02 
    2.19135125e-01  -1.31821058e+00   9.41323190e-01  -2.77102941e-01
    2.96557212e-01  -1.83601861e-01  -2.75312106e+00   4.14001753e-01
   -1.66129699e+00   8.80030247e-01   2.50732642e+00   3.78752331e-01
   -2.64291294e-01   9.87352238e-01  -4.13611178e-01  -3.59796631e-01
   -9.51383425e-01 
   -2.73233442e-01  -1.84167643e-01  -7.78554472e-01   3.00933264e-01
    1.83906947e+00  -1.55816122e+00   7.32394730e-01   3.91721170e-01
    8.05572947e-01   1.45433022e+00  -1.92422897e+00  -1.69403200e+00
   -4.96892752e-01   5.87662415e-01  -3.33208890e-01  -2.21016847e-01
   -7.90705347e-02 
    6.79064733e-01  -1.94957298e+00   1.56148011e-02   2.34801593e+00
   -1.90820182e+00   9.76639452e-01   1.83880014e-01  -4.30140488e-01
   -1.47474655e+00  -3.30771669e-02  -2.34235314e-01  -6.20199200e-01
    5.64893331e-01   2.03550539e+00  -1.53446791e+00  -7.96879053e-02
    5.33041864e-01 
    1.15074122e+00  -9.46097845e-01   2.62821457e-02   1.36031624e-01
   -1.44131615e-01   4.05906725e-01   2.70618025e+00  -2.47593836e+00
   -1.43799352e+00  -5.62676495e-01  -2.76485146e-01  -9.52776029e-01
    1.37577483e+00  -1.49635053e+00   3.86103035e-01  -1.22837785e-02
    3.62274529e-01 
    1.45002049e+00   4.70179711e-01  -2.53280108e+00  -3.38226427e+00
    1.77568339e-01   2.28783714e-01   9.72661844e-01   1.50879719e+00
    5.00817956e-01  -4.23219556e-01  -1.16912203e+00  -5.29041583e-01
   -3.30732492e-01   1.81521584e+00  -5.84334489e-01   6.54780574e-01
   -9.40736060e-03 
   -1.31265838e+00   2.20981053e-01   6.29258374e-02   1.54502524e-01
    7.49211419e-01  -7.20188693e-01  -2.51701234e-01   2.28380366e-02
    1.13870267e+00  -6.80127584e-01   7.45126239e-01  -2.31809465e-01
    6.22901405e-01  -6.86498123e-01  -4.05582377e-01   8.45895877e-01
   -4.88568079e-01 
   -1.37485825e-01  -1.58893598e+00   1.45466006e+00  -3.45860914e-01
   -2.14691445e+00   4.07560427e-01   8.41321394e-02   1.39977899e+00
    5.69607084e-01   1.64901033e+00  -1.71921884e+00  -6.03259766e-01
    3.46168156e-01  -9.77610744e-01   4.42271322e-01   4.51693295e-01
    5.59985394e-02 
   -1.09542148e+00   5.57213047e-01  -1.02735089e+00   1.53434304e+00
   -6.61270870e-01   1.84443050e+00   3.46543734e-01  -1.13512145e+00
   -2.45488108e-01  -1.67344333e+00  -6.74562678e-01   5.74649635e-01
    1.53642604e+00   4.25910913e-01  -1.31383970e-01  -1.46922004e+00
    4.09986617e-01 
    1.81185283e-01   2.23017391e+00   1.04857791e+00  -6.72142713e-02
   -2.80070231e-01  -3.52723206e+00   8.38756312e-01   2.75677238e+00
    1.18671953e+00  -1.43160672e+00   4.31597689e-01  -8.39714871e-01
   -6.27138789e-01  -3.55458283e-01   3.81715326e-01   6.83122400e-02
   -1.70117833e-01 
   -2.19769865e+00   5.78363084e-01   1.55806529e+00  -6.28895002e-01
    1.52946677e+00  -8.76218724e-01  -3.80308648e-01  -6.03230005e-01
    1.69818154e+00  -1.12683315e+00   2.78618202e-01  -1.65513661e+00
    5.05915071e-01   6.80187401e-01  -9.67164127e-01  -1.52715552e-01
    6.15748259e-01 
   -4.71630748e-01  -5.08748601e-01   6.62854965e-01  -1.13982445e+00
    1.75820484e+00  -1.38203439e+00   2.13450182e-01   1.86419018e+00
   -2.09971921e+00  -7.27606424e-01   9.16902834e-01   5.63189780e-01
    6.24629100e-01  -6.29169842e-01  -3.27274985e-01  -4.02553342e-01
   -3.23234153e-01 
   -1.61288487e+00  -1.68090812e-02  -1.22376310e+00   1.71016028e+00
   -9.53877880e-01   7.12957156e-01   4.82521908e-01  -8.27121298e-01
    1.39932178e+00   1.59744831e+00   1.22595923e+00  -1.62542723e+00
    5.30965530e-01  -1.22366075e+00   3.50405980e-01  -1.09714171e-01
   -5.83744494e-01 
    1.40735160e+00   1.22111058e+00  -1.45552211e+00  -5.67538794e-01
   -2.71124136e+00  -6.13882307e-01   7.58154017e-01   3.55447153e-01
    1.05034201e+00  -2.40498117e+00   1.90351416e+00  -1.50562513e-01
    1.62763931e-02  -1.96114545e-01  -6.83849840e-01   2.54918276e-02
   -2.01352673e-01 
    1.10577753e+00  -6.17842680e-02  -1.35438091e+00  -3.01287196e-01
   -9.46542965e-01  -5.03675689e-01   2.07775832e+00  -2.83549473e+00
   -1.45317602e-02  -4.67040465e-01   5.36821151e-01   1.05384662e+00
   -1.63136960e-01   1.10837251e+00   9.02304648e-01   4.73114177e-01
   -6.59552674e-01 
   -7.58449331e-01  -8.03841293e-01   1.72515412e+00  -1.55586569e-01
    1.18127576e+00   1.27689742e+00  -2.14606779e+00  -3.25705138e-01
    2.45737783e-01  -6.27389772e-01  -2.30391778e+00   4.71005767e-01
    1.38050585e+00  -9.36906280e-01   1.87742113e-01   1.91031918e+00
   -1.69227875e-01 
   -8.20959511e-01   2.16072435e+00   1.31711085e+00   4.21073855e-02
   -6.54517401e-01   2.04350434e+00  -3.16322357e-01  -2.37476765e-01
   -1.13227081e+00  -1.29347064e+00  -4.59330156e-01  -2.80694649e-01
   -8.02175370e-01   5.50296075e-01  -6.41737383e-02   4.91417458e-01
   -3.75409721e-01 
   -2.74395803e-01  -1.36322441e+00  -6.47656451e-01   1.45747833e-01
    5.10807959e-01   2.09222007e+00  -7.95376878e-01   6.83666026e-01
    5.06314075e-01  -1.91807616e+00   9.78094631e-01  -7.31742601e-02
   -1.17262695e+00   1.08721886e-01   1.89981319e+00  -1.13618147e+00
    3.07883115e-01 
   -4.32333452e-01   1.46881850e+00   6.36727402e-01  -4.15565533e-01
    5.20636358e-01  -1.10690282e+00  -2.04888894e+00  -1.41100145e+00
   -2.70119725e-02  -5.42728297e-01   3.50899094e-02   5.64652375e-01
    5.26989374e-01   3.26197421e-01   3.90200702e-03   8.44728334e-01
    1.06840395e-01 
   -1.36953953e+00   6.39015637e-02   2.22529071e+00   1.32489040e+00
    1.04189010e+00   1.16136741e-01  -1.24810252e+00  -8.38463104e-01
   -5.40719744e-01   5.86512465e-01  -1.57967917e+00  -1.35559329e+00
   -1.31046934e+00   9.31344712e-01   8.70051514e-01   6.04069005e-01
    1.67323611e-01 
    1.15116246e+00   7.69396831e-01  -8.77948204e-01  -2.42274407e-01
   -6.75907105e-01  -1.61871097e-01  -8.17337838e-01  -1.70181317e-01
    1.32400447e+00   1.14691242e+00  -1.76191461e+00  -1.21323562e+00
   -3.26553704e-01  -1.35908333e+00   2.07825905e+00   3.86801766e-01
   -4.40680099e-01     2.67312149 -0.48532248 -0.13758994 -1.77972507 -0.52016085  0.46953187
  -0.23957608 -0.73707488  0.62832465  1.11974233  0.52796789 -2.49534915
  -0.92553758  0.10578412  0.30432257 -1.5115922  -0.49634583  0.43676682
   0.11882106  0.68614679 -0.41323153  2.56300138  0.48787405  1.88623377
  -2.21078708 -1.08799414  0.43105003 -0.16871465 -0.24953094 -0.28891517
   0.69089373 -1.58068259 -0.24141366 
   0.5345702   0.23491914 -0.38046087  0.29861857  1.09812155 -0.39286457
  -1.27654849  0.98478064 -2.16960562 -0.52786463 -0.78381383  0.3567614
   1.50691819  0.15163534  1.83218973  0.36702021  0.13145892 -0.61722578
   1.89302108 -1.87572566 -1.56538028  0.30475606  0.11862062  0.33173171
  -1.48299586  0.26560893  0.74586106 -3.44739407  1.18731864 -1.4322398
  -0.04206952 -1.1769223   0.1087012  
   0.8886669   0.14982045  2.53432343  0.5711099  -1.93382634 -0.83385877
  -1.13561481 -0.97747116  1.49206325  1.13450052  0.23571319 -0.23694132
  -1.73842727  0.43551682 -0.38554567 -1.13559596  2.17246925 -0.30110707
  -1.22251376  1.15243009 -1.23597359 -1.96103548 -0.93337511  1.18817819
   1.17637576  1.22243763 -1.84201152 -0.88216872  1.6432073  -0.48907958
  -2.60817413  0.82045955 -0.40497983 
  -0.99996817  0.77972523 -1.29273645 -0.86316264  1.28051536  1.10319102
   1.26670862  0.24102615  0.16795181 -0.91452216  2.02821296 -2.29692432
   0.63750914 -0.93630022 -3.0233253   0.019415    3.63732695 -0.35739828
   0.90993688 -1.73585373 -1.24062581  0.67861499  0.94207247 -2.66295472
   0.1508652   0.41055345  0.36310683  0.06213112 -0.30328654  0.37236396
  -1.73250129 -0.3142739  -0.16181102 
  -1.12412912 -1.10362624 -1.80063031  0.0227933   0.30684815 -0.22591444
   0.26360763 -1.00369357 -0.4786476  -2.39536131  1.24000984 -0.28737081
  -0.40969032 -2.24468058  2.43161692 -1.06347921 -0.06538385 -1.32609707
   2.67234734  0.20321647  1.45333315 -1.18088982 -2.72520284  2.12106162
   1.67509633  1.55510005 -1.40553132 -0.52338862 -1.07847273 -0.71401149
  -0.87347855  0.96099417 -0.0815402  
  -0.21219988 -0.00706958  0.63206741  0.88848993  0.76355043 -0.60259213
  -0.36629019 -3.38919937  0.92799109  0.0572187  -0.00735328 -0.25507379
  -0.61309047  1.91171978 -0.98613731 -1.72824548 -0.95882152  0.31097664
  -0.35781052 -2.74146418  4.23180351  0.51169488  0.58828845  0.02426659
  -0.28223925  0.46190013 -1.6146011  -1.44063148 -3.18364605  0.61004965
  -0.27242572 -0.07033321  0.02051028 
   0.43796464 -0.47526898  0.39226549 -1.22603299 -0.54601456 -1.17769494
   1.37682215  0.87518094 -0.02413025 -2.28340486 -0.48074826  1.85347841
   3.23112968 -1.4732071  -1.13013506 -3.59696902 -1.02341267  0.1159092
  -0.4968631   0.30877678 -0.82206904 -0.38602397 -0.40407966 -0.62394665
  -1.76021258 -1.54340294  1.04889742  0.44345164  0.08907863  2.57487164
   0.40504828  0.75094818 -0.30614815 
   0.09280175 -0.76621389  1.84686393 -0.61617627  1.24378465 -0.07100866
  -0.93748248  0.36013692  0.10976332  0.35858723 -3.82125079 -0.05847979
  -0.45004338 -0.87335646 -0.47394552  2.12866299 -1.97318071 -0.49841898
  -2.25727235 -0.16360069 -2.24033969  0.10926016 -2.48302248  0.34456894
  -0.26126239  2.69934256  0.62553812  0.47053938 -1.54463619  1.15039762
   0.88774947 -0.36136062 -0.43130693 
  -1.68213725  1.99565984  0.94452876  1.0481631  -1.8226192  -0.19492907
   1.14308627 -1.9415759   1.8094909   0.06455516  0.43552898 -1.34170411
   0.98774854 -1.34028137  1.80994346  1.39077565 -0.84243637 -1.70570938
  -0.39986762  0.40998125 -1.24572132 -1.45339428  1.93418339 -1.53553986
  -1.20384786 -0.69377207 -0.07787404  0.7531071  -1.07995347 -0.20480598
   1.09778794 -1.43983712 -0.46370035 
   0.67688539 -0.56070718 -0.46921612 -1.05770078 -0.25271779 -0.01414932
  -0.84684915 -2.23533631 -2.13472205 -1.99992315 -1.76261922  1.36427667
  -1.78759065 -1.32798843 -0.02872375 -0.13158417  0.70281589  0.09594207
  -1.89914577  1.85732506  1.00474421  1.17902129  0.76465969 -2.37218037
   2.4247865  -0.34655784  1.30095025 -0.02613565  1.96091329  0.21478278
   0.09016087 -1.29742783 -0.01240441 
  -0.59182333 -2.01524955  0.14406095  0.71218434 -0.4581646   0.75842822
  -0.85051783 -2.14973172 -1.09941101 -0.11593976  0.93623636  0.7643069
  -2.52623781  1.83368897 -0.35796151  0.17783252  0.89447559 -1.04538318
   0.79333995  1.2881169  -0.54360182 -0.87950256 -1.07708866 -2.28171857
  -1.84037956 -1.53996119  2.77022129  0.59984864 -0.91115536 -0.4914326
   1.2558918   2.01419263 -0.19894377 
  -1.41898082  3.39595636 -0.88705487 -2.32918597 -1.80047747 -0.80270934
  -0.97023399  0.4190639   0.94132694 -1.98150832 -2.29948218  0.01438505
  -0.92137679  1.39815448  0.32861191  1.3509184  -0.70998575 -0.39155245
  -0.0622262  -0.58561484  0.79665987  1.79605809 -0.41684613  0.76698681
   1.03177508 -1.80218238 -1.13574566  0.07180172  0.6642025  -0.71896962
   0.88956259  1.0133376  -0.35554685 
  -0.48682968 -0.64491245 -2.35948219 -1.75698466 -1.8486853   0.71126473
   0.24574709 -0.24082716 -0.38842978  2.42428255 -0.08813815  1.95836956
  -1.06807667  0.05700889 -0.19208439 -1.18837946 -0.05971802 -0.99946517
  -0.27058026 -1.08402892  0.55131354 -0.44798648 -0.78468866 -0.69838864
   0.12109372 -0.33460255 -1.42022859  0.42306781  1.3083466  -1.04922751
   1.58514002 -0.38498113 -0.18413283 
  -0.3000419  -0.72664107  0.57356009  1.59815837 -1.94759816  0.97719569
  -0.19397368  0.73204163  0.81655625 -0.62485466 -0.87507763  0.02752831
  -1.49878138 -0.54773379 -2.21488467  1.59821923 -2.46458052  0.2027642
   0.80946754 -0.66444124  0.5435198  -0.64506166  1.12826268  0.23775202
   0.33355395 -1.87443198  0.86290123 -1.14783536  0.21919986 -0.82857394
  -0.70073113  0.59925927 -0.36004755 
  -0.60101722  1.5247117   0.20463978 -1.02276856 -0.95225995 -0.20751609
   0.83161142  1.1734577  -0.49552938  0.04546929 -0.70553928 -0.58283084
   0.33864203  0.35631254  1.25559041 -0.97166964  0.42386564  0.20434649
  -0.95497491  0.45482359 -0.5346579   0.75974746 -0.14542843 -0.21471088
   0.78490754 -1.18298533 -0.41782844 -0.19981201 -1.37610544  0.08455448
  -1.40587995 -2.13032924 -0.71038863 
  -0.34546949 -1.25020305 -1.73746806  1.22014663  1.13454166  0.73010657
  -0.4570856  -0.37428529  1.18542249  1.01285787  0.03379236  0.14670176
  -0.38786374  0.21683202 -0.81196593  0.06776669 -0.07910563 -1.26643926
  -0.62053698  1.24450459 -0.65659507  0.46189699  0.1220105  -1.19482328
  -0.4646482  -1.13685208 -1.32258871 -0.36969257  0.80012958 -0.45313636
  -0.76015676 -0.36809901 -0.11143335  