NN 16 32 16   -2.35547113e+00  -2.31871799e-01  -5.37896739e-01   7.91574655e-01
    6.87650026e-01  -2.84028877e-01  -5.08454911e-01  -3.79366262e-01
    1.30139468e+00  -8.82039497e-01   2.52409929e-01   8.97798500e-01
    4.82121309e-01   5.18877676e-02  -1.38483643e-02  -4.01419311e-02
   -4.53642347e-01 
    2.54596459e-01  -1.73533432e-02  -4.23045477e-01  -8.76341494e-01
    4.55512884e-01  -2.66318941e-01  -9.64255644e-02   4.54451827e-01
   -1.55454635e+00   2.91717958e-01   1.20636497e+00  -2.33228610e+00
    2.39764979e-01   5.00622386e-01  -5.88236762e-01   3.86612137e-01
    4.09601310e-01 
    2.81228447e-02   2.70595441e-01  -1.64310651e+00   1.05847797e+00
    1.35730108e+00  -9.33739508e-01  -5.94896229e-01  -1.39273067e+00
   -5.81347527e-01   2.49752502e-01   3.04086405e-02   1.83275685e-01
    1.45526157e+00  -6.49803652e-01  -3.25650133e-02   5.19667327e-01
    3.98848238e-01 
    1.24788470e+00  -6.52867303e-01  -3.06119374e-01   5.00113855e-01
   -3.45451966e-01  -9.07528758e-01   1.17656911e+00  -2.05044198e-02
   -6.65032099e-01   7.87136118e-01  -5.67997784e-01   1.32636198e+00
    9.74843231e-01  -1.35932865e+00   5.44359958e-01  -7.16700786e-01
   -3.89514253e-01 
   -1.52518229e-01  -8.44975951e-01   1.12589871e+00  -8.18906945e-01
   -4.40280695e-01  -7.92063242e-01  -2.91521072e-02  -1.24673213e+00
    1.33794134e+00   2.36065177e-01  -2.30608813e-01   1.24764747e+00
    1.07030661e+00   1.25461792e+00   1.10983684e-01  -8.23099576e-01
   -5.96085743e-01 
   -9.40516933e-02   3.35866532e-01   5.80649479e-01  -5.29018508e-01
   -1.35458174e-02   7.59072878e-01   5.75323927e-01   1.83268139e-01
   -1.14520076e-01  -2.70157739e-01  -4.91276918e-01   7.07792164e-01
   -4.53111097e-01  -8.76218124e-01  -2.15738865e-01   1.62707067e-01
   -2.72245744e-01 
    2.09604731e-01   1.19516646e+00   1.04246946e+00  -1.19320287e+00
   -4.08702263e-01   6.64989967e-02  -1.25300821e+00   6.93257183e-01
   -5.76137210e-01   2.56364769e-01   5.77174662e-01   6.25710661e-01
   -2.31853405e-01  -1.02346615e-01  -5.71155140e-01   5.22940630e-01
   -3.71378311e-01 
    2.99088378e-01  -8.98998956e-01   7.89999514e-01  -3.38338297e-01
    4.31787165e-01   2.26109689e+00  -9.06694338e-01  -3.60250703e-01
    1.47756234e+00   1.57653185e+00   9.63470428e-01  -8.83355580e-01
   -2.84956011e-01  -1.21293043e+00  -7.73675905e-01  -2.67624680e-01
   -6.99226806e-01 
    1.29675948e-01   1.65881002e+00  -1.02750159e+00  -8.60233424e-02
    5.53811227e-01  -7.98013494e-01   1.14858112e-01  -5.23192907e-02
   -1.09367280e+00   1.52163091e+00   8.12493976e-01  -7.56498894e-01
    9.33017238e-02  -1.07724429e+00   2.64136492e-01  -2.83801916e-01
   -1.04875566e-01 
   -1.28618405e+00   5.28671501e-01  -8.51166848e-01   9.04164712e-01
    1.67754965e+00  -3.68075965e-01   1.30997829e+00  -3.76665904e-01
   -3.89872963e-01   1.30530916e+00   8.33507437e-02   1.10657410e+00
   -1.52805290e+00  -5.27171178e-03  -8.52385480e-02  -6.86788734e-01
   -7.35883123e-02 
   -4.70544731e-01   8.03092946e-01  -2.04519460e-01  -2.00665983e+00
   -1.43669341e+00  -5.89900421e-01   2.50064340e-01   2.39403583e+00
   -4.48137946e-01   9.89124866e-01  -8.54414103e-01   1.21524469e+00
   -4.71172470e-01   2.85116472e-02  -1.61303659e-04  -4.94874044e-02
   -6.07084714e-01 
    1.45228955e+00  -1.01822915e+00   7.71577402e-01   1.52373507e+00
    8.79867797e-01   1.52820811e-01  -1.16671263e+00   1.01516506e-01
    6.70860831e-01  -4.23363320e-01  -6.04023535e-01  -1.14261723e-01
   -1.50410881e+00   9.63278812e-02   2.46911709e-01  -3.94279260e-01
   -3.91659303e-02 
    2.99923804e-01  -1.29839653e+00   8.08441596e-01  -8.23156810e-01
    2.73308715e-01  -4.60041996e-02  -2.46142677e+00   2.28229650e-01
   -1.23877862e+00   7.26732334e-01   1.74541447e+00   4.33518104e-01
   -5.99180154e-02   7.82665125e-01  -3.56362707e-01  -4.00974093e-01
   -7.11831465e-01 
    5.32306437e-02  -2.49942649e-01  -8.41320124e-01   4.98704875e-01
    1.66773439e+00  -1.48688078e+00   7.54064179e-01  -4.57981240e-02
    7.52936550e-01   1.30704026e+00  -1.65944774e+00  -1.46274474e+00
   -6.48094688e-02   4.04829502e-01  -1.13909658e-01  -1.42627782e-01
   -1.24764915e-01 
    1.45685324e-01  -1.71494574e+00  -5.97962154e-02   1.84829694e+00
   -1.63700681e+00   8.03399181e-01   9.63965853e-02  -1.86640983e-01
   -1.34147003e+00   2.59909655e-01  -1.18860757e-02  -6.55169570e-01
    3.12967728e-01   1.61288253e+00  -6.97059093e-01   7.98411261e-02
    5.97507426e-01 
    1.04106090e+00  -7.60712789e-01   3.03165571e-02   6.92701615e-02
    2.18655106e-02   5.16303825e-01   2.26155823e+00  -2.05792121e+00
   -1.17283068e+00  -8.25671647e-02  -3.21151782e-01  -6.44566319e-01
    1.37616291e+00  -1.18810926e+00   3.06162179e-01  -6.58300184e-02
    3.79975579e-01 
    1.10760307e+00   3.79806539e-01  -2.00719962e+00  -2.47218373e+00
    1.21720840e-02   5.47869430e-01   6.69493197e-01   1.28805271e+00
    4.94967992e-01  -4.24265045e-01  -6.43993482e-01   1.03527092e-01
   -1.28715335e-01   1.68228235e+00  -3.66351930e-01   4.53069819e-01
    1.66992679e-02 
   -8.81513557e-01   1.03605033e-02   1.26765402e-01  -1.89570819e-02
    8.85671483e-01  -6.80674653e-01  -3.13345993e-01  -8.23893088e-02
    1.20001608e+00  -3.45323965e-01   6.64044572e-01  -1.69216472e-01
    3.82897517e-01  -3.96139248e-01  -1.82210701e-01   1.40074036e-01
   -3.89548404e-01 
    1.97014395e-01  -1.30287738e+00   9.55875770e-01  -7.26559735e-01
   -1.84492120e+00   6.85402887e-01   4.67559344e-01   1.18586858e+00
    5.92851314e-01   1.43431717e+00  -1.27681075e+00  -4.96101065e-01
    1.50095439e-01  -7.28077063e-01   5.13036967e-01   2.66754427e-01
    1.73959883e-01 
   -1.00554382e+00   4.84571109e-01  -9.28084346e-01   1.36369549e+00
   -2.05804873e-01   1.61437943e+00  -4.30449594e-01  -6.35845954e-01
   -2.81891174e-01  -1.44702864e+00  -6.97450788e-01   3.30945661e-01
    9.13065805e-01   4.63641505e-01  -1.13391495e-01  -4.61259682e-01
    3.68407912e-01 
    3.51131184e-01   1.93895186e+00   7.31447864e-01   2.08642378e-01
   -8.35106579e-01  -2.60096232e+00   7.13499977e-01   2.21774323e+00
    1.06012836e+00  -7.30647488e-01   5.04605376e-01  -7.19464732e-01
   -6.91478897e-01  -1.97853183e-01   4.19973397e-01  -2.10202805e-01
   -1.34672274e-01 
   -2.01620729e+00   3.43677161e-01   1.10400140e+00  -7.01733050e-01
    1.01471839e+00  -6.83627254e-01  -2.50608378e-01  -3.89736915e-01
    1.17322345e+00  -1.02168601e+00   3.16058515e-01  -1.39377522e+00
    1.51315309e-01   5.26415521e-01  -5.33788380e-01   8.48216584e-03
    5.29582525e-01 
   -6.02355578e-01  -2.86899287e-01   4.21453543e-01  -9.15764079e-01
    1.55949833e+00  -1.18275299e+00   2.19046841e-01   1.45025132e+00
   -1.57394432e+00  -7.66407715e-01   8.14042866e-01   2.73059025e-01
    5.62700470e-01  -5.17247859e-01  -3.56636061e-01  -1.29111632e-01
   -3.96942291e-01 
   -1.39017824e+00  -4.25700890e-02  -9.00657211e-01   1.77466863e+00
   -9.38291514e-01   4.27940958e-01   2.17361449e-01  -6.88806691e-01
    1.62231984e+00   1.47466961e+00   8.99945932e-01  -1.30292836e+00
    2.10307937e-02  -7.64088953e-01   3.13173573e-01  -4.88892631e-01
   -4.05678137e-01 
    1.60674923e+00   1.16964383e+00  -1.06529445e+00  -2.16746069e-01
   -1.60202794e+00  -1.24638084e-01   9.21853178e-01   3.73087328e-01
    7.90167346e-01  -1.81220943e+00   1.63557781e+00  -4.66734380e-01
   -3.62516296e-02  -5.08552262e-02  -7.96882973e-02  -1.60392513e-01
   -1.18145786e-01 
    1.05759078e+00  -1.03042183e-01  -1.20419337e+00  -1.33044696e-01
   -1.07191308e+00  -2.78225560e-01   1.39447983e+00  -1.96378798e+00
    3.04815597e-01  -5.81406458e-02   1.04009639e+00   1.23328265e+00
    2.68939474e-01   1.08348861e+00   6.27297752e-01  -1.51333858e-02
   -3.58741684e-01 
   -5.42400826e-01  -8.52972861e-01   1.58920513e+00  -3.61912012e-01
    1.10874346e+00   9.47768649e-01  -1.29004765e+00  -6.97145181e-01
    4.23246780e-02  -6.99025230e-01  -1.87391444e+00   7.70461363e-01
    1.07752283e+00  -6.42727244e-01   1.04452879e-01   9.74295964e-01
   -1.52233402e-01 
   -3.42311717e-01   1.86080737e+00   1.04985409e+00   8.39732590e-02
    6.72231665e-02   1.38898449e+00  -8.37145025e-01  -4.62344113e-01
   -8.58958326e-01  -2.71390964e-01  -5.12548917e-01  -3.87175398e-01
   -6.47088324e-01   4.45421921e-01  -1.59619137e-01   2.56103284e-01
   -3.40157604e-01 
    1.13902279e-01  -1.30716511e+00  -6.07976107e-01   1.67408503e-01
    7.39578661e-01   2.13739751e+00  -4.88505469e-01   6.77019926e-01
    6.18703803e-01  -1.19076673e+00   7.97828515e-01  -3.34236433e-01
   -8.81769751e-01   1.79011437e-01   7.72725142e-01  -8.19144750e-01
    6.36635941e-02 
   -5.08788301e-02   1.14311007e+00   4.77309134e-01  -5.18531253e-01
    3.17462905e-01  -8.24993440e-01  -1.88810322e+00  -1.50405721e+00
    2.30794551e-01  -3.69659177e-01   1.51784171e-01   5.09068433e-01
    6.44933815e-01   3.69347314e-01  -1.39472808e-01   4.80887594e-01
    3.24220209e-01 
   -1.13576192e+00  -2.16326898e-02   2.17671656e+00   1.15784685e+00
    5.57942550e-01   4.06243512e-01  -6.59961469e-01  -8.55113404e-01
   -3.10734334e-01   3.79067855e-01  -1.09491748e+00  -5.42427804e-01
   -8.35919780e-01   5.95376656e-01   4.08256596e-01   2.92194571e-01
    1.91788436e-01 
    1.15360016e+00   9.73263239e-01  -6.92397758e-01  -3.25089872e-01
   -5.33119446e-01   1.22240374e-01  -7.50658555e-01  -4.92613740e-02
    1.10476183e+00   9.52546118e-01  -1.36627622e+00  -9.33591155e-01
   -3.47173902e-02  -8.70200193e-01   1.18892772e+00   2.76387038e-03
   -2.99194492e-01      2.47544406e+00  -3.46295123e-01  -7.94166028e-02  -1.82968195e+00
   -2.90021703e-01   2.36962850e-01  -2.06410888e-01  -6.72688188e-01
    2.63583820e-01   1.45750448e+00   2.74853292e-01  -2.00937590e+00
   -7.12111740e-01   2.76328937e-01   2.00516245e-01  -1.42596967e+00
   -6.39842057e-01   4.78720851e-01  -2.49895743e-01   8.54644304e-01
   -4.50310612e-01   2.46323988e+00   5.39582027e-01   1.54263646e+00
   -2.32502942e+00  -9.52149799e-01   4.82072436e-01   4.31617637e-02
   -3.92200062e-01  -2.64265860e-02   1.07820447e+00  -1.45908692e+00
   -1.98937850e-01 
    4.37633112e-01   1.47061379e-01  -2.50851482e-01   5.85307350e-01
    9.24420585e-01  -3.07233432e-01  -1.28025807e+00   7.53301401e-01
   -1.76130215e+00  -7.85311552e-01  -9.86840934e-01   5.43784020e-01
    1.74528319e+00   5.34700583e-01   1.85198712e+00   5.90707791e-01
   -3.69474407e-01  -6.05745003e-01   1.88062334e+00  -1.08220693e+00
   -1.79938421e+00   1.94740912e-01  -6.84053782e-02   5.47358173e-01
   -1.74734282e+00  -4.12811095e-02   1.01798961e+00  -2.48852728e+00
    1.28277611e+00  -1.23881234e+00  -1.79443361e-02  -1.06760119e+00
    7.18340816e-02 
    8.83310921e-01   4.04582229e-01   1.97276978e+00   1.83841200e-01
   -1.81218832e+00  -4.98258489e-01  -1.24777443e+00  -9.97532102e-01
    1.22983462e+00   1.19067380e+00  -1.13079794e-01  -6.21298959e-01
   -1.02597586e+00   7.23366371e-01   1.45090576e-01  -8.82184686e-01
    2.12904328e+00  -4.71901686e-01  -1.05561306e+00   8.89668973e-01
   -1.17061744e+00  -1.35314059e+00  -6.44288383e-01   1.20966158e+00
    1.05798032e+00   1.48188510e+00  -1.96646768e+00  -1.06807241e+00
    1.19020607e+00  -7.37629377e-01  -2.58509162e+00   6.43768578e-01
   -5.06933823e-01 
   -6.18798921e-01   8.65373450e-01  -1.06935337e+00  -7.84545699e-01
    7.05601741e-01   8.76514210e-01   1.06430198e+00   1.52886171e-01
    2.15820012e-01  -8.57333900e-01   1.70250357e+00  -1.97296264e+00
    8.68364599e-01  -5.84418285e-01  -2.46101029e+00   8.92395946e-02
    2.97911017e+00  -4.33648670e-01   1.23606855e+00  -1.59069076e+00
   -1.20017392e+00   7.29641792e-01   9.77058507e-01  -2.28385365e+00
   -1.46005846e-02   4.19580840e-01   5.14460908e-01  -1.52565306e-01
   -3.42970241e-01   4.33301431e-01  -1.61546018e+00  -1.31701078e-01
   -8.58004885e-02 
   -6.61330802e-01  -7.86711636e-01  -1.46465755e+00   1.05979845e-01
    9.20980676e-02   4.13166433e-02   5.60272714e-01  -5.45720796e-01
   -4.86419908e-01  -2.08787921e+00   1.28393716e+00  -3.80735854e-01
   -4.30963211e-01  -2.12146085e+00   2.13810807e+00  -4.31361984e-01
    3.10271620e-01  -1.35487986e+00   2.51139371e+00   8.44525001e-02
    1.73616241e+00  -8.63878594e-01  -2.30960223e+00   1.70364027e+00
    1.40288236e+00   1.39555844e+00  -1.25025178e+00  -3.14192567e-01
   -1.07362308e+00  -6.32245278e-01  -4.21566566e-01   5.62213239e-01
    8.45744911e-02 
    9.11290355e-02   1.10188616e-01   6.43250173e-01   9.46868453e-01
    7.43492364e-01  -3.50075655e-01  -2.17600267e-01  -2.68043023e+00
    6.30226211e-01  -3.10831081e-02   5.82233242e-02  -2.44001058e-01
   -2.94228759e-01   1.75891137e+00  -9.58800817e-01  -1.11692532e+00
   -6.18039401e-01   5.76823438e-02  -5.60173248e-01  -2.17657920e+00
    3.60279518e+00   4.37836851e-01   8.69015616e-01  -1.55155737e-01
   -2.87395564e-01   1.92022581e-01  -1.39468668e+00  -1.28183246e+00
   -2.61627753e+00   7.52084883e-01  -6.05010766e-01  -1.33152795e-01
    8.57861908e-02 
    3.38630142e-01  -1.46296514e-01   8.40925718e-01  -1.31666908e+00
   -5.39556118e-01  -6.81994004e-01   1.38764903e+00   7.02131986e-01
   -2.44982150e-01  -2.24104159e+00  -1.86136331e-01   1.23124754e+00
    3.01702876e+00  -1.15494287e+00  -5.04422231e-01  -3.12095710e+00
   -6.51321362e-01  -1.38935338e-01  -6.53753569e-01   5.80547042e-01
   -9.03826519e-01  -1.37595403e-02  -2.94474509e-01  -5.73301891e-01
   -1.43791178e+00  -1.56260075e+00   8.60350941e-01   7.03622651e-01
   -2.18848334e-01   2.27032662e+00  -3.14876436e-02   5.55213006e-01
   -2.12053267e-01 
    1.60037860e-03  -6.48272652e-01   1.83881103e+00  -3.61355467e-01
    9.38842033e-01   8.58084100e-02  -7.63562279e-01   2.86993774e-01
    2.32553778e-01   3.23968619e-02  -3.19850939e+00  -2.09540105e-01
   -4.86322060e-01  -3.30851356e-01  -4.22779589e-01   2.07797318e+00
   -1.50471494e+00  -5.92911336e-01  -1.69320142e+00   3.52152223e-01
   -2.31598421e+00   7.62955166e-03  -2.20948072e+00   1.87272383e-01
   -2.88044737e-01   1.93955230e+00   8.58566463e-01   6.00202357e-01
   -1.38335381e+00   1.56997530e+00   4.41507411e-01  -2.70245614e-01
   -1.80209373e-01 
   -1.22633616e+00   1.56909731e+00   7.66586077e-01   6.89845067e-01
   -1.62923848e+00  -4.08255894e-02   7.79194894e-01  -1.97288646e+00
    1.23147764e+00   1.41145681e-02   1.46731456e-01  -1.19738865e+00
    6.59692863e-01  -1.16120027e+00   1.68018338e+00   1.52356464e+00
   -8.65231436e-01  -1.38120073e+00  -5.09177491e-01   5.05745257e-01
   -1.12399051e+00  -1.18418157e+00   1.62381248e+00  -1.75675588e+00
   -6.80204041e-01  -5.05568810e-01  -7.10204194e-03   6.39628034e-01
   -7.33295388e-01  -2.70816296e-01   7.53565030e-01  -1.38576098e+00
   -4.83100480e-01 
    6.93821392e-01  -3.13426503e-01  -3.48368666e-01  -9.02884870e-01
   -1.75207356e-01  -1.09036930e-01  -6.09172979e-01  -1.94017868e+00
   -1.73891647e+00  -1.52784135e+00  -1.47617177e+00   8.53576990e-01
   -1.32688013e+00  -1.30463559e+00   6.10265184e-02  -2.02210566e-01
    7.38724767e-01   9.61515209e-02  -1.65681168e+00   1.50858837e+00
    8.04468237e-01   1.01466940e+00   8.67237252e-01  -2.06661058e+00
    2.09067342e+00  -8.11238054e-02   8.79661800e-01  -2.79094649e-01
    1.64917092e+00   7.91911630e-02  -3.59513083e-02  -1.23971287e+00
    9.85418624e-02 
   -6.99389620e-01  -1.47681024e+00   2.70684893e-01   5.58594290e-01
   -5.15260319e-01   5.72547584e-01  -7.16331554e-01  -1.92072364e+00
   -7.85895154e-01  -4.26153485e-02   7.97015720e-01   7.57540933e-01
   -2.26797131e+00   1.64482038e+00  -2.28235685e-01   2.41863809e-01
    7.97955085e-01  -8.07095019e-01   4.81417598e-01   1.32948597e+00
   -4.59758637e-01  -6.70344980e-01  -8.50198218e-01  -1.96097774e+00
   -1.54514276e+00  -1.41244365e+00   2.30578971e+00   5.90466351e-01
   -6.21000747e-01  -4.79725337e-01   9.48412899e-01   1.67733681e+00
   -2.42552947e-02 
   -1.36324538e+00   2.72034683e+00  -7.56936008e-01  -2.02661091e+00
   -1.56087219e+00  -5.37280923e-01  -7.80141685e-01   3.40546298e-01
    8.72349548e-01  -1.76103074e+00  -1.89180670e+00  -1.46656492e-01
   -8.64063223e-01   1.32495161e+00   2.73087401e-01   1.08814684e+00
   -6.13179389e-01  -4.96018195e-01  -5.18212779e-02  -4.73081132e-01
    6.83482424e-01   1.46652038e+00  -3.15810290e-01   4.83159885e-01
    8.91845650e-01  -1.79632427e+00  -8.65862416e-01   7.92657039e-02
    4.33173821e-01  -5.50209824e-01   6.18926804e-01   9.06936653e-01
   -3.00813471e-01 
   -3.43112823e-01  -3.50855247e-01  -1.88899534e+00  -1.29394193e+00
   -1.60347234e+00   4.78539172e-01   3.15551393e-01  -1.72274841e-01
   -5.04937420e-02   1.70902938e+00  -3.03110948e-02   1.40352439e+00
   -9.85620465e-01  -1.15917473e-03  -1.33036512e-02  -1.08722825e+00
   -2.04173237e-01  -7.67400174e-01  -9.04676458e-02  -5.94352172e-01
    5.65063399e-01  -5.00288001e-01  -4.39637063e-01  -4.72003649e-01
   -1.13616924e-01  -7.22673840e-01  -9.49863127e-01   2.92152584e-01
    1.07614027e+00  -9.55147783e-01   1.24858686e+00  -3.76166497e-01
   -1.14631397e-01 
   -2.74411443e-01  -6.29696191e-01   4.85302345e-01   1.26597600e+00
   -1.52894793e+00   7.89684342e-01  -2.57245728e-01   4.27144597e-01
    6.08396589e-01  -4.75286030e-01  -9.04969998e-01   9.30792876e-02
   -1.42478223e+00  -2.76385138e-01  -1.82179073e+00   1.35866110e+00
   -1.97420634e+00   6.64480245e-02   5.79775494e-01  -5.07377384e-01
    5.18145749e-01  -5.41698891e-01   8.18185579e-01   6.55311707e-02
    2.97820418e-01  -1.54554786e+00   7.69386430e-01  -9.36347743e-01
    2.41194986e-01  -6.19087663e-01  -4.59451832e-01   4.37588457e-01
   -2.57055228e-01 
   -6.53007411e-01   9.19411140e-01  -7.59167679e-02  -7.35770036e-01
   -9.33092411e-01  -2.24662344e-01   3.34061685e-01   5.16477649e-01
   -1.87210758e-01  -9.87382610e-03  -6.75602834e-01  -4.70427944e-01
    7.90379815e-02   2.15617723e-01   6.03958225e-01  -6.24946146e-01
    2.57082032e-01  -2.52329169e-02  -5.97490465e-01   3.30024429e-01
   -9.59302656e-02   5.28709530e-01  -9.41593458e-02  -1.01723427e-01
    3.88671001e-01  -9.98075095e-01  -3.29088027e-01  -7.46591598e-02
   -4.68398513e-01  -6.64091618e-02  -9.35539918e-01  -1.13268846e+00
   -7.41220636e-01 
   -4.23060288e-01  -5.33221482e-01  -8.90110473e-01   1.66210498e-01
    2.18726616e-01   5.09011248e-01  -1.40339842e-01  -3.23931409e-01
    5.32905034e-01   4.23413123e-01  -2.64978222e-01  -1.85487169e-03
   -6.10748456e-01   9.27579171e-02  -4.59301382e-01   1.67899065e-01
    1.28522922e-02  -8.27094222e-01  -3.52283643e-01   4.88942120e-01
   -5.61172819e-01   8.98515857e-02  -1.89249753e-01  -9.62139420e-01
   -2.36216211e-01  -8.89131964e-01  -7.71946157e-01  -2.98430018e-01
    2.90262434e-01  -2.26400452e-01  -6.38979208e-01  -1.29317389e-01
   -8.04287076e-02  