NN 16 32 16  -4.11462159 -1.07495168  0.34455828  0.56849668  2.8337201  -1.02384768
  -2.17445068 -2.32473174  3.6304123  -1.21999734 -0.21347629  0.24483862
   1.0280849  -0.09884054  0.4049931  -0.55692444 -0.83226798 
   0.64721049 -0.52003419 -0.27252361  0.09094808  0.88250003 -0.22473001
   0.26991386  0.44169289 -2.94317777  0.8211526   2.32261183 -4.30049102
   0.91271995  0.70638073 -2.37147478  1.42412472  0.68722885 
  -1.25993075  0.21188525 -2.44416771  0.98702328  2.95892268 -1.90588111
  -0.818817   -0.84975855 -0.90552296  0.74639688 -0.57265976  0.19914923
   1.50967762 -0.63974284 -0.22686661  2.27039878  0.23328971 
   1.83453613 -0.72509829 -1.44831359  1.09101734  0.28756105 -1.09798495
   0.71307592 -0.43554131 -1.66142984  0.9771326  -1.6579533   1.85091454
   1.85711249 -1.70138972  1.32620462 -2.02464587 -0.12525518 
  -0.15346972 -1.71809513  1.63188699 -1.47716053 -0.05933178 -0.68225041
  -0.06450016 -2.25320699  1.2478905  -0.5527738   0.1487648   2.19976735
   1.5718569   2.3458829  -0.16311339 -1.49185407 -0.67694606 
  -0.34457385  1.17464325  1.99770275 -1.23821088  0.819039    1.25055387
   2.23309465 -0.54735129  0.0354444  -0.18416459 -2.30061186  0.52010585
  -0.84656381 -1.42833258 -0.42386815  0.06016341  0.17295103 
   1.19925059  1.63219372  1.58360849 -2.02393287 -0.1419571   0.32610118
  -2.22168435  1.64499571 -0.55177996  0.5381826   0.88466185  0.12886723
  -0.13048274 -0.46647409 -1.48221384  0.80249113 -0.77497102 
   0.88428983 -1.49993093  1.29161743 -0.40981918  0.65538153  4.41890209
  -2.39906143 -0.19245296  2.72027312  2.50091697  0.32576605 -0.20421591
  -0.65356997 -2.85493798 -1.46925788 -0.15026577 -0.68055832 
   0.11253607  2.90368877 -0.69000381 -1.12155746  0.74691768 -1.33179698
  -1.45390317 -0.32818527 -1.73413966  2.40264823  1.46361686 -1.25141149
   1.03138773 -1.94733988  1.47891389 -1.83726258 -0.1831466  
  -1.2532468  -0.35780611 -0.78987607  1.30020819  1.80831308 -0.83203851
   1.25110551 -0.66491114 -1.10229484  0.76262342  0.99154718  2.2768705
  -3.1210959   0.424617   -0.84902615 -1.38348237  0.41758617 
  -0.73153789  0.48077148  0.21672864 -2.83471877 -2.66760764 -1.43486742
   0.15481878  4.61567839 -1.4720446   0.53978553 -0.35489234  3.22964617
  -1.21135056 -0.3784436  -0.05237746  0.10027906 -0.57049771 
   3.29924528 -0.74570714  0.31832372  2.0651588   1.68061134 -0.73999886
  -1.31793693  0.72074403  0.25186937 -1.28313503  0.69729075 -0.53448002
  -3.02907694  0.56258     1.20471978 -1.13708412 -0.2827833  
  -0.12659068 -2.68576657  1.59548163  0.12793103 -0.05237843  0.32087623
  -3.59898814 -0.4590615  -1.83774714  1.0691624   3.25527455  0.06058488
  -0.49176148  1.32335056 -0.51194177 -0.78086534 -1.34552351 
  -0.65275799  0.43978768 -0.4890027   0.04159575  2.47600005 -2.11880512
   1.15018554  1.07888076  1.11068549  1.45527268 -2.37633023 -1.7733017
  -1.28785026  0.15111146 -0.47042674 -0.16717365 -0.1932926  
   1.89732057 -1.90917893  0.79854348  3.23614455 -2.33174129  0.68547283
   0.5953023  -0.9939939  -1.50424371 -0.00665357 -0.49027229 -0.32845956
   0.74547594  2.51605361 -2.21120803 -0.1253414   0.66652248 
   1.67537114 -1.14257193 -0.30085047  0.0724694  -0.24258728 -0.36763891
   3.28026149 -3.07418504 -1.00891848 -0.97575839 -0.5475574  -0.93157139
   1.28662689 -2.0289651   1.00002555  0.77517609  0.61100158 
   1.58222642  0.7152097  -3.02803224 -4.69220339  1.32186339  0.22546432
   0.34805574  1.63444761  0.70917716  0.40805341 -0.73439232 -1.26402409
  -0.36266268  1.6577755  -0.53902535  1.28658614  0.33744408 
  -1.69957694  0.5905565  -0.20679143  0.40411188  0.60902037 -1.98643845
   0.36060391  0.28881198  1.5708405  -0.93566106  1.46385011  0.4551169
   0.90539039 -1.13601534 -0.78431795  1.28546485 -0.73593815 
  -0.15524613 -2.58938675  2.25942808 -0.16375763 -2.51899025  0.22267623
  -0.34258145  1.72429828 -0.0109536   1.54838752 -1.73546571 -0.42570448
   0.48947721 -1.09995838  0.63078006  0.65860248  0.10130253 
  -1.33572244  0.54561592 -0.71969462  2.3949337  -0.85351051  1.96644339
   1.32740882 -1.74672408  0.03740112 -1.72998258 -0.41538656  0.5830164
   1.80226499 -0.1963712  -0.30823775 -2.52342751  0.35852805 
  -0.27730939  2.83781065  1.331148   -0.64179188 -0.24314772 -4.96648515
   1.33063412  3.65695309  1.41205671 -2.67899447  0.79070319  0.03140245
  -0.38920949 -0.86525476  0.84607565 -0.39004436 -0.27978418 
  -2.88590576  0.86109585  2.17364765 -0.04509027  1.66824922 -0.90229018
  -1.68838785 -0.15473385  2.38657199 -1.08753754  0.30029587 -1.80882087
   0.37601764  0.45516051 -1.2593363  -0.52867479  0.62268899 
  -0.1061166  -0.87559935  0.42675586 -0.62212502  2.51418089 -1.12343222
   0.22573198  2.49599269 -2.77593659 -1.00272386  1.35595764  0.90878991
   0.24105027 -0.95796545 -0.59792559 -1.43580038 -0.4702642  
  -2.05631182  0.20755181 -1.45686547  2.05548645 -1.01639617  1.06444434
   0.97036106 -0.79428572  1.14801979  1.40438594  1.99482176 -1.61818407
   0.89329358 -1.48467764  0.59910522 -0.3870793  -0.66283989 
   2.29184041  1.76112768 -2.20979452 -1.42186988 -3.81051102 -1.60867674
   0.96589128  0.69544496  1.37055452 -2.40550246  1.88229555 -0.07068091
   0.85766803 -0.35476702 -0.72307287  0.23645592 -0.07446846 
   2.07682596  0.36208916 -2.22205217  0.23499248 -1.13214483 -0.60194317
   3.03242881 -3.07008266 -0.26847315 -0.27177015  0.27489011  0.82859255
  -0.1344867   1.37443346  0.77708646  1.44537931 -0.42979314 
  -0.64375879 -0.20280556  2.09622764 -0.28985639  1.92254746  1.94656066
  -3.54095897  0.25953471  0.35089092 -0.8580987  -3.56196269  0.09977289
   2.2067348  -1.4767864  -0.13991722  3.41567693 -0.28267677 
  -0.61145354  3.16725347  1.17697986  0.06884447 -1.5334447   1.79647043
  -0.67505253  0.00645456 -0.94024881 -2.48667515 -0.1430697   0.0544932
  -0.93007812  0.68478404 -0.16339852  0.75877542 -0.67896533 
  -0.18145624 -1.0607054  -1.36075515  0.01477174 -0.26229935  2.75223956
  -0.63316961  0.76620978  0.16999432 -3.07163074  1.07521909 -0.31415494
  -1.66895877 -0.03580735  3.3578564  -1.7017853   0.67480256 
  -0.18476188  2.74278326  0.10688781 -1.07016792  0.96289929 -1.82479856
  -2.65241377 -1.25831077 -0.66613915 -1.08471582 -0.28573673  0.84703705
   0.77094884  0.43838319  0.20667775  0.92023029 -0.24521696 
  -0.81756871  0.0975391   3.22344149  1.8166339   0.84127719  0.49884892
  -2.35329618 -1.46780941 -0.81778337  0.66497706 -2.22240219 -1.54032963
  -1.88681557  1.84497917  1.90126992  1.25050631  0.24690756 
   1.77695069  0.84540896 -1.26728454 -0.17474876 -0.92262399 -0.14384938
  -0.38009444 -0.55691118  1.89001465  1.77381263 -2.55851056 -2.14841667
  -0.54192622 -1.82404316  2.53403312  0.90604354 -0.56111302      3.73729968e+00  -1.14882134e+00   4.65810347e-01  -2.10046099e+00
   -9.45518846e-01   1.49634995e+00  -9.11769041e-01  -1.03524062e+00
    4.19064091e-01   5.83209049e-01  -1.96988584e-01  -3.29751226e+00
   -8.31186466e-01   6.18816071e-01   1.05830951e+00  -1.44263020e+00
   -8.79639127e-02   1.14102647e-01   2.16021014e-01  -1.11208677e-01
   -1.81273125e-01   1.71270704e+00   7.21681847e-01   2.17914184e+00
   -1.22534854e+00  -8.69396588e-01   3.14366229e-01  -8.10320473e-02
    2.81448437e-02  -1.74619152e-01   9.06177236e-02  -1.05883464e+00
    7.70729552e-03 
    5.92445714e-01   5.49242212e-01  -2.99409156e-01  -3.34887244e-01
    1.20890883e+00  -2.46240772e-01  -1.20535279e+00   8.56094082e-01
   -1.98751797e+00  -1.51136022e-01  -8.36412984e-01  -2.58057699e-02
    1.18177091e+00  -1.29025086e-01   1.42007219e+00   6.25444561e-02
   -1.31485301e-01  -1.18776819e+00   2.05771602e+00  -2.04897668e+00
   -1.42055411e+00   3.83067300e-01   4.66848363e-01   1.45096517e-01
   -1.36723604e+00   7.65354276e-01   7.28693773e-01  -4.64862433e+00
    1.49315269e+00  -1.66570211e+00   2.40835663e-01  -1.22915417e+00
    4.33905082e-01 
    5.77869133e-01  -1.37100180e-01   2.79050340e+00   1.29314650e+00
   -1.72443719e+00  -2.10483689e+00  -1.23341431e+00  -7.99334592e-01
    1.20909159e+00   1.06081574e+00   3.22659864e-01   7.24362803e-01
   -1.89218447e+00   4.86782399e-02  -4.41280641e-01  -1.30991651e+00
    2.15273626e+00   6.60557466e-02  -1.36193898e+00   1.46814252e+00
   -1.31267688e+00  -2.51751032e+00  -8.98147788e-01   1.20569647e+00
    1.35686471e+00   6.90673306e-01  -2.51561624e+00  -4.63364589e-01
    2.28617803e+00  -8.74803788e-03  -2.11994843e+00   9.44155483e-01
   -2.55481013e-01 
   -1.51595407e+00   1.00646491e-01  -1.58169566e+00  -1.03934789e+00
    1.99101373e+00   1.22100407e+00   1.22613965e+00   1.68301620e-01
    5.16909412e-01  -9.02404345e-01   2.96360292e+00  -1.96704867e+00
    3.07474572e-01  -9.40076866e-01  -3.22571575e+00   1.73620631e-01
    3.85169932e+00  -2.29714545e-01  -4.06388237e-02  -2.22021117e+00
   -1.22088365e+00   4.18226587e-01   6.98240819e-01  -2.93963979e+00
    5.74504625e-01   4.58257464e-01   1.02439717e-01   1.37885082e-01
   -2.46292856e-01   3.11940213e-01  -1.66235052e+00  -5.36434982e-01
   -2.44752101e-01 
   -2.05446513e+00  -1.23202389e+00  -2.35999518e+00  -5.93083963e-01
   -7.17444880e-02  -3.55296921e-01  -2.33378835e-01  -1.38642472e+00
   -3.10530394e-01  -3.11385936e+00   1.56145261e+00  -6.69430279e-01
   -1.45226563e-01  -2.62944453e+00   3.02873479e+00  -1.74514747e+00
   -8.27773156e-02  -1.68171902e+00   2.49075764e+00  -4.11810538e-01
    1.24441298e+00  -1.14627922e+00  -3.46885638e+00   2.13366701e+00
    1.74466281e+00   1.18352618e+00  -1.56460487e+00  -8.24944602e-02
   -9.51058122e-02  -8.46514773e-02  -1.04070717e+00   1.92206252e+00
   -2.04089409e-01 
   -1.68074502e+00  -3.61204504e-01   6.10800777e-01   2.17088967e-01
    1.16642331e+00  -7.25580804e-01  -4.87953443e-01  -3.51575586e+00
    1.19228611e+00   1.23513639e-01  -2.30256335e-01   4.28022771e-01
   -9.73865989e-01   1.92235137e+00  -8.29891488e-01  -2.28615858e+00
   -1.39466025e+00   7.02863798e-01  -2.55643074e-01  -2.46264797e+00
    4.27327644e+00   5.71957088e-01  -2.12901146e-01  -2.45966806e-01
    5.71718346e-01   5.32315439e-01  -1.14129136e+00  -1.78051175e+00
   -3.83893258e+00   7.86257096e-01  -2.31757655e-01   3.95146039e-01
   -7.87077649e-03 
    8.92310096e-01  -1.53537379e+00  -7.26901565e-02  -8.29783318e-01
   -1.90999103e-01  -2.71926251e+00   9.23660658e-01   9.19600979e-01
    6.23458581e-01  -2.07486178e+00  -5.87976248e-01   2.76109993e+00
    2.99032600e+00  -1.64443869e+00  -1.10785633e+00  -3.98427856e+00
   -9.68944794e-01   2.35601520e-02  -2.14075702e-03  -7.13349979e-01
   -8.09244263e-01  -1.05473663e-01  -3.13904785e-01  -8.09177876e-01
   -1.33001030e+00  -2.10725941e+00   8.27791788e-01   4.31587050e-01
    4.61745998e-01   2.78637097e+00   1.03971532e+00   9.21051694e-02
   -5.17385386e-01 
    1.16117363e-01  -5.21932924e-01   2.27451591e+00  -6.38694433e-01
    1.89881480e+00  -5.38581411e-02  -9.19229834e-01  -3.02766471e-01
   -1.08713918e-01   5.41938101e-01  -4.45808044e+00   2.39612836e-01
    3.39287966e-01  -1.93027260e+00  -4.66944955e-01   2.34931199e+00
   -2.50323661e+00  -4.37257434e-01  -2.28071876e+00  -2.03212406e-01
   -2.58134695e+00   1.74304377e-02  -3.01819128e+00   2.79764193e-01
   -2.72931565e-01   3.60234500e+00   3.03049753e-01   7.36219800e-01
   -1.49797890e+00   8.44908662e-01   1.27084196e+00  -1.47861884e-01
   -1.14303474e+00 
   -2.16391003e+00   2.52621290e+00   1.26605581e+00   1.65291844e+00
   -2.08824064e+00  -2.68130729e-01   1.25769347e+00  -2.42963912e+00
    2.46398334e+00   3.64437447e-01   7.74922557e-01  -1.60613516e+00
    1.04893585e+00  -1.69693146e+00   1.80344465e+00   1.21818439e+00
   -6.40424122e-01  -2.58038076e+00  -4.21514753e-01   5.23382620e-01
   -1.51753101e+00  -1.85271350e+00   2.28619334e+00  -1.24125367e+00
   -1.99564983e+00  -3.40809054e-01  -1.08023377e-02   2.79028838e-01
   -1.44796596e+00   3.60792648e-02   1.45743221e+00  -2.02976086e+00
   -5.84089436e-01 
    1.20122744e+00  -9.64298035e-01  -9.31634630e-01  -1.60695852e+00
   -8.14667927e-02   1.00955521e-01  -1.09924580e+00  -2.65502620e+00
   -2.66893336e+00  -2.63500931e+00  -1.96942452e+00   1.99644710e+00
   -2.59403569e+00  -1.49066017e+00   3.77441255e-01   3.45055847e-01
    4.72985871e-01  -5.80424960e-02  -2.30951935e+00   1.74521411e+00
    1.33741162e+00   1.25194987e+00   5.64336771e-01  -2.47652600e+00
    2.68766567e+00  -9.77005112e-01   2.17441415e+00   6.58262507e-01
    2.79517209e+00   4.80017645e-01   2.19369993e-02  -2.07293791e+00
   -4.91066462e-01 
    5.45377033e-03  -3.03133174e+00   4.89120834e-01   1.03442869e+00
   -5.94909595e-01   1.38420862e+00  -1.24893337e+00  -2.27051644e+00
   -1.95387509e+00  -2.04805154e-01   1.17574776e+00  -5.20974585e-02
   -2.60313358e+00   1.87008816e+00  -3.57995915e-01   2.91655532e-01
    3.35286876e-01  -1.40726418e+00   1.12319328e+00   1.59781601e+00
   -8.18340904e-01  -1.35515191e+00  -1.41872227e+00  -2.97735305e+00
   -1.62285370e+00  -1.71802444e+00   3.66542588e+00   9.48261527e-01
   -1.19518819e+00  -3.72425435e-01   1.59113467e+00   2.64770008e+00
   -5.83030045e-01 
   -1.11858625e+00   4.69243184e+00  -1.44616425e+00  -2.63683418e+00
   -2.24075168e+00  -1.19528117e+00  -1.19777113e+00  -1.32696278e-01
    1.09542613e+00  -2.40968841e+00  -2.72107146e+00   3.30641887e-01
   -6.68844165e-01   1.37234409e+00  -3.89758999e-01   1.61225668e+00
   -6.34262634e-01  -5.73677077e-01  -5.20709619e-02  -8.97118262e-01
    7.47174413e-01   1.83144261e+00  -6.49478142e-01   1.02268969e+00
    4.03486961e-01  -1.69910199e+00  -1.52650044e+00   1.86634129e-02
    1.12471334e+00  -9.63936757e-01   1.84193168e+00   1.26185753e+00
   -7.13124005e-01 
   -4.29273048e-01  -9.76070770e-01  -2.53496133e+00  -2.12625732e+00
   -2.16495539e+00   9.90250089e-01  -8.09359201e-02  -1.79790043e-01
   -7.01821192e-01   3.70463874e+00   1.13381506e-01   2.22472453e+00
   -9.82274301e-01   4.17801636e-01  -5.63061910e-01  -1.34386104e+00
   -1.09525631e-01  -1.12225845e+00  -4.69296667e-01  -1.52611945e+00
    2.88863119e-01  -3.53994714e-01  -8.97639812e-01  -7.11536793e-01
   -1.24443130e-01  -2.10101674e-01  -1.97263433e+00   5.04601056e-01
    1.58842082e+00  -1.26144928e+00   2.10246526e+00  -4.41179665e-01
   -2.23114580e-01 
   -2.50166856e-01  -7.96385789e-01   4.69501178e-01   1.96741201e+00
   -2.45599734e+00   1.35359287e+00  -2.46409991e-01   1.13502846e+00
    9.65268412e-01  -7.67696160e-01  -9.46098820e-01   1.30553102e-01
   -1.72722949e+00  -7.56747317e-01  -2.75847357e+00   2.19971353e+00
   -3.13012928e+00   4.79420553e-01   1.02483910e+00  -8.56972142e-01
    8.83994662e-01  -5.76276569e-01   1.49453934e+00   3.61553205e-01
    2.36236060e-01  -2.14356940e+00   9.44855006e-01  -1.35929459e+00
   -1.32687995e-02  -1.19821170e+00  -9.45180319e-01   7.44478764e-01
   -6.05368121e-01 
   -5.87205611e-01   2.27855612e+00   3.25639511e-01  -1.12457218e+00
   -9.85837876e-01  -2.19404566e-01   9.68028514e-01   1.58140654e+00
   -1.12005119e+00   2.53552006e-01  -1.02703994e+00  -6.41016073e-01
    2.28694172e-01   3.71447308e-01   2.01629982e+00  -1.21526366e+00
    4.79071267e-01   2.41507532e-01  -1.46654894e+00   4.29935962e-01
   -8.29961212e-01   9.80704187e-01  -3.84514966e-01  -4.04611562e-01
    1.00161060e+00  -1.24479644e+00  -3.90003237e-01  -4.18995472e-01
   -2.67786824e+00  -1.60134682e-01  -1.97516693e+00  -2.98324043e+00
   -9.94616280e-01 
   -1.48219120e-01  -1.81385051e+00  -2.41505712e+00   2.13143679e+00
    1.43611217e+00   9.07118848e-01  -3.87745193e-01  -4.84705942e-01
    2.16488782e+00   1.29867758e+00   2.17029886e-01   5.70950277e-01
   -2.35387077e-02   2.80858288e-01  -1.04509533e+00  -6.18794475e-01
   -2.23566460e-01  -1.93128612e+00  -9.20667669e-01   1.71419403e+00
   -4.01221744e-01   7.74423862e-01   4.80121209e-01  -1.57746896e+00
   -4.67165351e-01  -1.59443350e+00  -1.63820906e+00  -6.62870871e-01
    1.16763599e+00  -4.81007218e-01  -8.82489233e-01  -6.65480197e-01
   -1.54086672e-01  