NN 16 32 16   -3.86430068e+00  -1.29701542e+00  -2.42913570e-02   6.87270366e-01
    2.63440199e+00  -9.45756282e-01  -1.99748380e+00  -2.29477661e+00
    3.56396415e+00  -1.25191173e+00  -2.71058887e-01   2.64594899e-01
    8.92609645e-01  -2.33034110e-01   2.94525982e-01  -5.88829801e-01
   -8.87873391e-01 
    5.79524943e-01  -5.01833932e-01  -4.05832546e-01  -8.67636436e-02
    1.10379753e+00  -3.42281940e-01   3.16521167e-01   4.54265479e-01
   -2.76227487e+00   7.43404594e-01   2.19832908e+00  -4.10038318e+00
    7.96898289e-01   7.49467180e-01  -2.28193536e+00   1.31639281e+00
    5.99027475e-01 
   -1.01590647e+00   1.14779908e-01  -2.54302490e+00   1.00383423e+00
    2.89073045e+00  -1.81830704e+00  -6.40100259e-01  -7.65276972e-01
   -9.83979020e-01   6.04184686e-01  -4.30847392e-01   2.97945417e-01
    1.47776862e+00  -6.18570803e-01  -2.11972988e-01   2.15279380e+00
    2.33712916e-01 
    1.65755907e+00  -8.61441021e-01  -1.43674505e+00   1.12659318e+00
    2.86732091e-01  -1.14945866e+00   7.83810275e-01  -4.01968350e-01
   -1.59031210e+00   8.73711721e-01  -1.56584767e+00   1.66169517e+00
    1.79206623e+00  -1.57843849e+00   1.26869386e+00  -1.93083364e+00
   -1.59545114e-01 
   -1.45145763e-01  -1.70721892e+00   1.51692506e+00  -1.41479086e+00
   -5.10480322e-02  -7.14327241e-01  -1.01788826e-01  -2.10099297e+00
    1.21968422e+00  -5.20208889e-01   1.48654875e-01   2.15482535e+00
    1.56987354e+00   2.23870157e+00  -2.01276838e-01  -1.49348459e+00
   -6.99361989e-01 
   -3.35055556e-01   1.22678612e+00   1.95475855e+00  -1.32880861e+00
    7.05477631e-01   1.30628362e+00   2.00699993e+00  -5.19457775e-01
   -3.90319307e-02  -2.83923997e-01  -2.01065699e+00   5.94597069e-01
   -8.57140138e-01  -1.44416463e+00  -5.06341296e-01  -3.75753476e-02
    8.43873702e-02 
    9.41695520e-01   1.53371310e+00   1.66850370e+00  -1.93380786e+00
    5.71346723e-04   1.81548116e-01  -2.04592240e+00   1.50392858e+00
   -6.72134985e-01   4.77165578e-01   9.03165230e-01   1.90264469e-01
   -2.05841902e-01  -5.07307355e-01  -1.50140470e+00   7.54938765e-01
   -7.75770529e-01 
    8.39887582e-01  -1.25669365e+00   1.24689696e+00  -4.33732864e-01
    7.05107001e-01   4.22053734e+00  -2.31911750e+00  -1.97452409e-02
    2.50515179e+00   2.42747516e+00   1.90316398e-01  -2.48244384e-01
   -6.47946697e-01  -2.76146216e+00  -1.43210873e+00  -1.37700640e-01
   -6.81937848e-01 
    1.34141925e-01   2.76766096e+00  -7.58842322e-01  -1.08075636e+00
    6.34617966e-01  -1.29561358e+00  -1.21891684e+00  -1.49767311e-01
   -1.71254164e+00   2.40967984e+00   1.38634843e+00  -1.33889328e+00
    9.80163150e-01  -1.83001377e+00   1.49309340e+00  -1.67894629e+00
   -1.22079355e-01 
   -1.34984154e+00  -1.28609990e-01  -5.38804754e-01   1.25720118e+00
    1.77907982e+00  -9.07612206e-01   1.37662719e+00  -8.54999102e-01
   -1.09711866e+00   7.88093670e-01   7.84400454e-01   2.13203780e+00
   -2.87108398e+00   5.42580897e-01  -7.73673382e-01  -1.33533624e+00
    3.80503509e-01 
   -7.24756975e-01   5.69355179e-01  -8.13597682e-02  -2.83976391e+00
   -2.46217255e+00  -1.34245755e+00  -2.50342385e-02   4.26469116e+00
   -1.33990009e+00   4.24218777e-01  -1.86948496e-01   3.19921610e+00
   -1.07683224e+00  -3.31145708e-01  -1.00002601e-01   7.84694345e-02
   -5.89407999e-01 
    3.05891098e+00  -8.95904807e-01   2.80598491e-01   2.01061144e+00
    1.53481111e+00  -6.59630820e-01  -1.29445934e+00   7.07669457e-01
    2.82904137e-01  -1.22751259e+00   4.59877249e-01  -6.05422397e-01
   -3.15103570e+00   4.00127757e-01   1.08064553e+00  -1.03658985e+00
   -2.85157525e-01 
   -3.08165549e-01  -2.48609891e+00   1.55627767e+00   2.44833289e-01
   -2.26569616e-01   3.06422982e-01  -3.51724262e+00  -1.65798715e-01
   -1.99092805e+00   1.04002711e+00   2.97442779e+00   1.83051553e-01
   -5.60088026e-01   1.19118761e+00  -6.21870895e-01  -8.02045309e-01
   -1.37786068e+00 
   -6.74368353e-01   4.13178854e-01  -5.61404305e-01   1.28983292e-01
    2.26483633e+00  -2.07048967e+00   1.14726053e+00   9.69067205e-01
    1.16545116e+00   1.57736424e+00  -2.29467844e+00  -1.83428290e+00
   -1.14547428e+00   3.06775258e-01  -4.32655292e-01  -8.59689172e-02
   -1.65050888e-01 
    1.65915850e+00  -1.76617978e+00   6.00749990e-01   3.15060490e+00
   -2.28355583e+00   7.39361142e-01   3.65428126e-01  -8.55598115e-01
   -1.55567374e+00  -1.80570900e-01  -5.19984910e-01  -1.20775407e-01
    8.40371482e-01   2.40176742e+00  -2.19981169e+00  -1.27202763e-01
    6.31064995e-01 
    1.68906159e+00  -1.16516435e+00  -2.04473749e-01   1.07646449e-01
   -2.21260342e-01  -2.95615041e-01   3.17025181e+00  -3.04949177e+00
   -1.12303379e+00  -1.06205415e+00  -5.16874157e-01  -9.36142790e-01
    1.17906941e+00  -1.86501672e+00   9.60282794e-01   5.92553634e-01
    5.41695133e-01 
    1.54091712e+00   6.78453110e-01  -3.04708682e+00  -4.41701030e+00
    1.13947036e+00   1.39151297e-01   4.79132676e-01   1.57332977e+00
    7.70476030e-01   2.63243202e-01  -7.95118914e-01  -1.27027947e+00
   -2.85703934e-01   1.65565060e+00  -5.33438439e-01   1.22023490e+00
    3.13003137e-01 
   -1.57292927e+00   6.10095835e-01  -2.07062879e-01   2.88971492e-01
    7.19314440e-01  -1.80959999e+00   3.21857844e-01   2.45129213e-01
    1.44938220e+00  -8.97991534e-01   1.31934301e+00   2.30223249e-01
    8.65292064e-01  -1.13721441e+00  -7.30239862e-01   1.21884975e+00
   -6.98355683e-01 
   -9.64003987e-02  -2.48756146e+00   2.29056135e+00  -4.79147234e-02
   -2.47300958e+00   3.16945057e-01  -2.87712206e-01   1.55007605e+00
    1.94095343e-01   1.63684606e+00  -1.60160942e+00  -4.85340752e-01
    5.44966487e-01  -1.07897788e+00   6.48382683e-01   6.95001889e-01
    1.49194075e-01 
   -1.38821332e+00   5.24612608e-01  -8.09827661e-01   2.14997406e+00
   -7.76696013e-01   1.88116966e+00   1.25702132e+00  -1.65543346e+00
   -1.39043611e-01  -1.82746849e+00  -5.64089396e-01   5.99610800e-01
    1.73322929e+00  -8.70315382e-02  -3.29864557e-01  -2.38714498e+00
    3.06807722e-01 
   -3.15710469e-01   2.68953780e+00   1.28762711e+00  -7.69930258e-01
   -1.44586314e-01  -4.82004926e+00   1.34170768e+00   3.43915434e+00
    1.53737657e+00  -2.38060945e+00   7.92364809e-01  -3.09013833e-01
   -4.39851613e-01  -8.60851855e-01   7.72958452e-01  -3.74057395e-01
   -3.13801603e-01 
   -2.73073341e+00   8.81708439e-01   2.17280429e+00  -1.29673459e-01
    1.58623606e+00  -9.40535515e-01  -1.44024381e+00  -3.89730024e-01
    2.35373896e+00  -1.10717567e+00   3.17327190e-01  -1.70323841e+00
    4.58432131e-01   4.48117180e-01  -1.18155841e+00  -4.74817972e-01
    6.34313903e-01 
   -2.40432484e-01  -7.54641413e-01   5.28343050e-01  -7.14041875e-01
    2.44616585e+00  -1.08492824e+00   2.32684047e-01   2.52903552e+00
   -2.69604557e+00  -8.28851409e-01   1.31769244e+00   9.26101558e-01
    3.61463330e-01  -8.21719516e-01  -5.22619292e-01  -1.21276220e+00
   -3.96279117e-01 
   -2.05945723e+00   1.78177051e-01  -1.36829801e+00   2.06239927e+00
   -1.07622756e+00   1.24347497e+00   8.73885859e-01  -7.16595094e-01
    1.09474596e+00   1.50903756e+00   1.75829813e+00  -1.61258682e+00
    9.24399239e-01  -1.25869784e+00   7.04881175e-01  -2.58831648e-01
   -5.60265543e-01 
    2.14782751e+00   1.80036151e+00  -2.08006982e+00  -1.28860426e+00
   -3.81039024e+00  -1.44473301e+00   1.04472626e+00   5.87924842e-01
    1.37707726e+00  -2.35363744e+00   1.96484260e+00  -1.06515225e-01
    8.65906218e-01  -2.37500489e-01  -6.67993909e-01   2.48785927e-01
   -3.52969332e-02 
    1.87123454e+00   3.46825712e-01  -2.03775048e+00  -4.39612564e-02
   -1.10424771e+00  -4.92669396e-01   2.90824038e+00  -3.00964225e+00
   -6.65492135e-03  -2.46342245e-01   3.42761197e-01   8.71399525e-01
   -1.13388030e-01   1.50724303e+00   7.97520422e-01   1.35282707e+00
   -4.24596227e-01 
   -6.90193075e-01  -4.45935955e-01   1.99095753e+00  -1.31917800e-01
    1.61875998e+00   2.09425438e+00  -3.50903316e+00   1.99899653e-01
    1.12001916e-01  -9.49958664e-01  -3.37198114e+00   2.63590364e-01
    1.93987696e+00  -1.59444644e+00  -2.31841024e-01   3.16247178e+00
   -3.71569144e-01 
   -6.09278581e-01   2.93556945e+00   1.25822562e+00   6.89493286e-02
   -1.43742399e+00   1.86030572e+00  -6.30301274e-01  -2.79679064e-02
   -9.35439661e-01  -2.35445978e+00  -1.72117696e-01   2.65258862e-02
   -9.43001949e-01   5.79745480e-01  -1.16885443e-01   7.66434742e-01
   -6.12654447e-01 
   -1.97965886e-01  -1.02995173e+00  -1.30694480e+00   1.03108803e-02
   -1.63004161e-01   2.60220581e+00  -7.24401588e-01   7.80594266e-01
    1.86261585e-01  -2.94737829e+00   1.09655255e+00  -3.01078751e-01
   -1.55550892e+00  -5.20411296e-02   3.21881571e+00  -1.62725858e+00
    6.21420811e-01 
   -1.31366639e-01   2.56085853e+00   2.80075010e-01  -1.03821806e+00
    9.59395356e-01  -1.74240895e+00  -2.52803097e+00  -1.33562337e+00
   -6.68477563e-01  -9.86658115e-01  -1.88821373e-01   9.38926646e-01
    7.09602865e-01   4.58445941e-01   1.80235851e-01   9.59224887e-01
   -1.49327037e-01 
   -8.60556589e-01   7.53754469e-02   2.92446201e+00   1.68650089e+00
    9.08506837e-01   3.79616985e-01  -2.20368031e+00  -1.34077600e+00
   -8.25040149e-01   7.62362641e-01  -2.21346930e+00  -1.48760560e+00
   -1.92866581e+00   1.64095595e+00   1.73067715e+00   1.12643212e+00
    1.73791186e-01 
    1.55094982e+00   9.03451851e-01  -1.07967042e+00  -3.17000202e-01
   -9.78808656e-01  -2.60685582e-01  -4.96861385e-01  -4.72238939e-01
    1.85689596e+00   1.74875033e+00  -2.38921371e+00  -2.14621659e+00
   -5.25233600e-01  -1.79212405e+00   2.49002696e+00   8.55214541e-01
   -5.56097846e-01      3.66604643e+00  -1.18999536e+00   3.14940216e-01  -1.96900336e+00
   -1.06855917e+00   1.50205093e+00  -7.97188517e-01  -1.18177660e+00
    4.68456185e-01   7.29253697e-01  -1.26137840e-01  -3.21498426e+00
   -8.07186089e-01   5.91568421e-01   1.06025062e+00  -1.50786631e+00
   -2.85991476e-01  -1.54377793e-02   2.67201839e-02   9.22997197e-02
   -2.89090900e-01   1.70855456e+00   6.54316176e-01   2.12267908e+00
   -1.57513775e+00  -8.29532044e-01   3.02697558e-01  -5.06592489e-03
    3.55908771e-03  -2.19921300e-01   1.68094892e-01  -1.30399020e+00
   -1.32550235e-01 
    6.10095412e-01   3.66107500e-01  -3.21713037e-01  -2.62325377e-01
    1.26617780e+00  -3.04555618e-01  -1.23521696e+00   9.33428287e-01
   -2.10531610e+00  -2.33401822e-01  -7.31605901e-01   5.30692622e-02
    1.11783293e+00  -2.65299986e-01   1.47919501e+00   4.81077438e-02
   -5.19021837e-02  -1.05213140e+00   2.10516040e+00  -2.00433871e+00
   -1.35130429e+00   2.99238852e-01   4.35523359e-01   4.26764364e-02
   -1.24277448e+00   8.70967869e-01   7.28027151e-01  -4.42317264e+00
    1.41136382e+00  -1.63383550e+00   1.44196662e-01  -1.19418734e+00
    3.64544986e-01 
    6.61687975e-01  -7.76353235e-02   2.70457579e+00   1.05950179e+00
   -1.85430399e+00  -2.00429311e+00  -1.20187676e+00  -8.89424211e-01
    1.25647891e+00   9.84918142e-01   3.49120470e-01   6.08933316e-01
   -2.10608494e+00   1.21298004e-02  -4.53866723e-01  -1.24399509e+00
    2.19469057e+00   4.68128908e-02  -1.30341187e+00   1.37734869e+00
   -1.28703626e+00  -2.42256505e+00  -1.18265655e+00   1.29358899e+00
    1.33110709e+00   7.12222345e-01  -2.50295035e+00  -4.57982165e-01
    2.25810876e+00  -2.33491554e-01  -2.25998183e+00   9.88387883e-01
   -3.58918582e-01 
   -1.59095896e+00   3.80758423e-01  -1.50005892e+00  -1.00819572e+00
    1.92668636e+00   1.16309711e+00   1.30967670e+00   1.58329907e-01
    6.89951330e-01  -9.05119983e-01   2.81463445e+00  -1.93016200e+00
    4.19595614e-01  -8.32786822e-01  -3.20956312e+00   2.67609240e-01
    3.89060361e+00  -1.75204066e-01   7.24738671e-02  -2.29470660e+00
   -9.57217085e-01   5.68793845e-01   7.85121162e-01  -2.91781562e+00
    6.74918829e-01   5.51594704e-01  -7.32015727e-02   5.32972827e-02
   -3.01265401e-01   3.12669604e-01  -1.68145865e+00  -4.13556083e-01
   -1.49618133e-01 
   -2.02344674e+00  -1.19970802e+00  -2.36097207e+00  -5.86729876e-01
    1.02665732e-01  -4.57902604e-01   2.86253312e-02  -1.18400220e+00
   -2.15865142e-01  -3.07377213e+00   1.54032635e+00  -7.31894251e-01
   -1.80625481e-01  -2.53044241e+00   2.77986507e+00  -1.78994537e+00
   -4.76757032e-02  -1.58347557e+00   2.56073464e+00  -3.47227574e-01
    1.27032361e+00  -1.19300232e+00  -3.31687863e+00   2.00312387e+00
    2.05054774e+00   1.11477148e+00  -1.47088925e+00  -6.84460025e-02
   -2.85765345e-01  -9.47495251e-02  -1.29299304e+00   1.82909842e+00
   -2.17593135e-01 
   -1.46083233e+00  -2.30013268e-01   6.77647181e-01   1.95848334e-01
    1.03537065e+00  -6.78821663e-01  -5.58863567e-01  -3.52295268e+00
    1.11609449e+00   1.47836100e-01  -3.32516376e-01   2.80873095e-01
   -9.69071335e-01   1.97662727e+00  -9.43315182e-01  -1.97637163e+00
   -1.47918627e+00   7.32649465e-01  -1.51032674e-01  -2.42519547e+00
    4.43427983e+00   6.47246029e-01  -1.99250723e-01  -7.46323236e-02
    3.79931117e-01   5.41014257e-01  -1.36620250e+00  -1.71417835e+00
   -3.83948468e+00   7.93990649e-01  -5.58933370e-02   3.82257165e-01
   -4.31198232e-02 
    7.56037704e-01  -1.42108129e+00  -5.04518049e-02  -8.22434866e-01
   -1.94767290e-01  -2.40280919e+00   1.14957394e+00   9.28393794e-01
    5.67330442e-01  -2.12005145e+00  -6.16468680e-01   2.80596794e+00
    3.00326418e+00  -1.70202483e+00  -9.98988076e-01  -3.96195896e+00
   -1.05823998e+00  -8.41017785e-02  -6.94060096e-02  -6.40112737e-01
   -8.00087661e-01  -3.12246334e-01  -2.50679700e-01  -8.27345794e-01
   -1.39616264e+00  -2.02558972e+00   1.01578936e+00   4.27987852e-01
    3.89203431e-01   2.81040152e+00   8.07484648e-01   2.52441017e-01
   -4.56599556e-01 
    1.79083674e-01  -7.31867415e-01   2.17521764e+00  -5.24962121e-01
    1.79920158e+00  -1.16081213e-02  -9.68130388e-01  -2.03330309e-01
   -3.07938578e-01   5.43544058e-01  -4.39772776e+00   1.79121561e-01
    8.84774155e-02  -1.93415231e+00  -5.40937663e-01   2.32823142e+00
   -2.40309444e+00  -5.33404133e-01  -2.34613364e+00  -2.86006265e-01
   -2.58453838e+00  -1.08241697e-01  -2.97985273e+00   2.63545250e-01
   -4.79606627e-01   3.51147086e+00   4.72726330e-01   6.11421341e-01
   -1.37603404e+00   7.60191094e-01   1.19351813e+00  -1.16368716e-01
   -1.03916946e+00 
   -2.07799007e+00   2.43495150e+00   1.21494983e+00   1.42931552e+00
   -2.01907647e+00  -3.02544953e-01   1.20693371e+00  -2.37573540e+00
    2.25907413e+00   3.34179969e-01   7.16907332e-01  -1.53757388e+00
    1.12381284e+00  -1.68717745e+00   1.95718435e+00   1.24369037e+00
   -7.71540688e-01  -2.48852413e+00  -4.01433637e-01   5.36782784e-01
   -1.57145966e+00  -1.75780218e+00   2.18737358e+00  -1.32676299e+00
   -1.97291178e+00  -3.94311201e-01   2.77792204e-02   4.17682416e-01
   -1.36956115e+00  -4.04817594e-02   1.55334439e+00  -1.93979406e+00
   -5.81941287e-01 
    1.12812430e+00  -9.97410744e-01  -9.73059914e-01  -1.49583614e+00
   -5.63912704e-02   2.43430042e-01  -9.67170319e-01  -2.54763930e+00
   -2.54748862e+00  -2.63082876e+00  -1.85613852e+00   1.80685498e+00
   -2.59401599e+00  -1.44669913e+00   2.27772682e-01   2.89889984e-01
    5.42529843e-01  -1.84591408e-02  -2.19386528e+00   1.73457152e+00
    1.35328278e+00   1.24827763e+00   5.58059257e-01  -2.52754166e+00
    2.75301970e+00  -8.31224988e-01   2.06479461e+00   5.57226108e-01
    2.60167086e+00   4.52122734e-01  -3.86228836e-02  -1.94564547e+00
   -3.90745116e-01 
   -8.45162600e-02  -2.89146291e+00   4.07533893e-01   9.26775991e-01
   -5.82840015e-01   1.32476013e+00  -1.15881181e+00  -2.25378151e+00
   -1.83220497e+00  -1.72966999e-01   1.19315398e+00   7.35114753e-02
   -2.66185100e+00   1.83251998e+00  -3.33537451e-01   2.94564457e-01
    5.02532772e-01  -1.30799218e+00   1.08309451e+00   1.61327240e+00
   -7.71810515e-01  -1.34127824e+00  -1.43120915e+00  -2.81541931e+00
   -1.64971568e+00  -1.59474038e+00   3.59635227e+00   1.03650535e+00
   -1.15520245e+00  -3.41844374e-01   1.61522496e+00   2.64740559e+00
   -5.10554813e-01 
   -1.16668180e+00   4.46673457e+00  -1.39092444e+00  -2.58473049e+00
   -2.19184375e+00  -1.20866826e+00  -1.17969665e+00  -6.15778766e-02
    1.08941774e+00  -2.37032641e+00  -2.66921231e+00   3.10308177e-01
   -6.76628264e-01   1.34070343e+00  -2.81697171e-01   1.60836754e+00
   -7.39046542e-01  -6.13249749e-01  -2.49505257e-03  -8.83571648e-01
    7.52634922e-01   1.78425273e+00  -7.20396543e-01   9.73316338e-01
    5.46315178e-01  -1.65991076e+00  -1.51831949e+00  -9.21687061e-03
    1.09410285e+00  -9.11779532e-01   1.72324613e+00   1.29199235e+00
   -6.67938322e-01 
   -4.30196717e-01  -9.52065119e-01  -2.53798279e+00  -2.09805499e+00
   -2.10839433e+00   9.56215943e-01  -3.56888693e-02  -1.52329511e-01
   -6.94462584e-01   3.55318310e+00   6.89725596e-02   2.22635130e+00
   -9.79151103e-01   3.49322322e-01  -5.04257346e-01  -1.31171850e+00
   -1.00235914e-01  -1.11131974e+00  -4.26277919e-01  -1.47481555e+00
    3.35676163e-01  -3.45283419e-01  -8.94126914e-01  -6.93647409e-01
   -9.31245010e-02  -1.92010427e-01  -1.87383649e+00   5.00639334e-01
    1.61646504e+00  -1.24417093e+00   2.07613421e+00  -4.33080263e-01
   -1.99830827e-01 
   -2.74347898e-01  -8.14469325e-01   4.81250205e-01   1.92018346e+00
   -2.36832033e+00   1.29914891e+00  -2.56770377e-01   1.06293557e+00
    9.28806533e-01  -7.69537601e-01  -9.41994235e-01   6.13953585e-02
   -1.70587373e+00  -7.58284993e-01  -2.68340913e+00   2.10859880e+00
   -3.03862852e+00   4.00292825e-01   9.92675167e-01  -8.42780144e-01
    7.70085696e-01  -6.13627235e-01   1.41699954e+00   3.29813270e-01
    2.54744581e-01  -2.11094443e+00   9.08915652e-01  -1.34918215e+00
    1.45125064e-02  -1.16138946e+00  -9.34016088e-01   7.03623957e-01
   -5.85962016e-01 
   -5.71797633e-01   2.21301698e+00   3.32882997e-01  -1.10731651e+00
   -9.75749855e-01  -1.86357028e-01   9.73435634e-01   1.57560380e+00
   -1.05226017e+00   2.39675778e-01  -1.02061960e+00  -6.48959280e-01
    2.37889587e-01   3.99007906e-01   1.97350287e+00  -1.17675042e+00
    4.83001443e-01   2.74101007e-01  -1.37332472e+00   4.43703620e-01
   -7.61812778e-01   1.02870566e+00  -3.41970485e-01  -3.40726575e-01
    9.60038099e-01  -1.25285797e+00  -3.70277001e-01  -3.69019398e-01
   -2.54509518e+00  -1.35555477e-01  -1.86292179e+00  -2.91134622e+00
   -9.29815216e-01 
   -1.85994506e-01  -1.76686661e+00  -2.38462855e+00   1.95326287e+00
    1.35232065e+00   9.06493909e-01  -4.23958731e-01  -5.22798657e-01
    2.01506895e+00   1.25019113e+00   2.08165743e-01   4.40967424e-01
   -1.02668444e-01   2.66408644e-01  -1.05668836e+00  -5.80041649e-01
   -2.58723791e-01  -1.85246669e+00  -9.20211971e-01   1.66648462e+00
   -4.61529168e-01   7.68446953e-01   4.18190744e-01  -1.53063121e+00
   -5.17129466e-01  -1.57960236e+00  -1.64670771e+00  -6.13909990e-01
    1.11422697e+00  -5.14031984e-01  -8.96765606e-01  -6.64188621e-01
   -2.05266403e-01  