NN 16 32 16   -4.29198979e+00  -1.36395384e+00   3.98041948e-02   7.60302634e-01
    2.73870871e+00  -8.75944617e-01  -2.32143888e+00  -2.38155123e+00
    3.71001205e+00  -1.15205895e+00  -3.48556910e-01   9.44374756e-02
    8.53564241e-01  -1.61384700e-01   2.94096737e-01  -6.92737103e-01
   -9.58410117e-01 
    5.23057014e-01  -5.26368408e-01  -2.41339386e-01   1.31739383e-01
    7.81179653e-01  -1.97869599e-01   1.72078954e-01   6.03656724e-01
   -2.97898787e+00   7.42285319e-01   2.33590564e+00  -4.60637805e+00
    9.14958971e-01   6.40755335e-01  -2.47493073e+00   1.42708763e+00
    6.85353402e-01 
   -1.49965627e+00   9.87896012e-02  -2.48929034e+00   9.85517101e-01
    3.05160782e+00  -1.83024808e+00  -8.70186899e-01  -8.96378843e-01
   -9.38205478e-01   7.78981807e-01  -7.09048812e-01   2.71960466e-01
    1.47726221e+00  -6.25355501e-01  -2.68633057e-01   2.31024982e+00
    2.12963032e-01 
    1.73629042e+00  -5.58129574e-01  -1.46305693e+00   1.21321387e+00
    2.88896313e-01  -1.07594158e+00   7.52248765e-01  -4.74601115e-01
   -1.63279745e+00   9.57642301e-01  -1.74697620e+00   1.78373082e+00
    1.81894557e+00  -1.80244072e+00   1.34313310e+00  -2.11632722e+00
   -1.42394722e-01 
   -5.19972581e-02  -1.84439504e+00   1.71916485e+00  -1.37430270e+00
    1.01750211e-01  -8.04648044e-01  -2.20363027e-01  -2.20023650e+00
    1.29748330e+00  -6.99071563e-01   2.94339713e-02   2.21687834e+00
    1.55747433e+00   2.35063384e+00  -2.26823278e-01  -1.55048939e+00
   -7.23117784e-01 
   -3.90658098e-01   1.20761024e+00   2.17624166e+00  -1.37927215e+00
    8.51062621e-01   1.16602836e+00   2.38743152e+00  -5.56136585e-01
    9.61918593e-02  -2.18487318e-01  -2.40846079e+00   3.86483896e-01
   -8.77982186e-01  -1.45584034e+00  -4.17803700e-01   4.46057609e-02
    1.87315763e-01 
    1.41927960e+00   1.54162281e+00   1.70100890e+00  -2.11489287e+00
    1.10980876e-03   3.76024282e-01  -2.26862725e+00   1.66837017e+00
   -4.85655039e-01   6.51452826e-01   9.45246033e-01  -1.03600835e-03
   -1.25421038e-02  -3.82708535e-01  -1.44501104e+00   8.78988296e-01
   -7.33644220e-01 
    8.94944217e-01  -1.60006026e+00   1.18587830e+00  -3.51842600e-01
    7.22433174e-01   4.56918034e+00  -2.62582336e+00   5.33798028e-02
    2.85220287e+00   2.53975573e+00   3.67872200e-01  -2.23854981e-01
   -5.86223573e-01  -3.04973867e+00  -1.54162060e+00  -1.60271714e-01
   -7.09272131e-01 
    1.52507899e-01   2.92382528e+00  -6.35229281e-01  -1.19163564e+00
    6.82932937e-01  -1.25810407e+00  -1.40047273e+00  -3.54805631e-01
   -1.81927263e+00   2.48443745e+00   1.47041949e+00  -1.49168798e+00
    1.13969249e+00  -2.03252403e+00   1.55045977e+00  -1.91972984e+00
   -1.77235255e-01 
   -1.30206895e+00  -4.02776812e-01  -7.99194059e-01   1.19834475e+00
    1.77314447e+00  -5.12607660e-01   1.22640462e+00  -8.69359376e-01
   -1.19733038e+00   6.94090478e-01   1.09577438e+00   2.31968389e+00
   -3.32060831e+00   3.48673715e-01  -9.09081377e-01  -1.44270247e+00
    4.20085672e-01 
   -9.71956742e-01   4.81756616e-01   1.85783042e-01  -2.84491592e+00
   -2.71774169e+00  -1.46898303e+00   3.91891903e-01   4.81816111e+00
   -1.59158224e+00   5.96721278e-01  -4.71247349e-01   3.17212137e+00
   -1.29410603e+00  -4.45303413e-01  -1.19597328e-01   6.30129453e-02
   -6.28942177e-01 
    3.46228614e+00  -7.72144146e-01   2.34271945e-01   2.04670064e+00
    1.61005036e+00  -9.39494615e-01  -1.13356459e+00   6.48943358e-01
    2.72137367e-01  -1.42596760e+00   7.08786936e-01  -6.10021901e-01
   -3.11990218e+00   5.38487116e-01   1.14086549e+00  -1.30617324e+00
   -4.14269395e-01 
   -3.00873020e-01  -2.77121282e+00   1.65834209e+00   2.25363605e-01
   -1.20330101e-02   3.10639487e-01  -3.68732090e+00  -6.80681411e-01
   -1.72266928e+00   1.22824480e+00   3.40165529e+00   7.12803225e-02
   -4.69624007e-01   1.34359758e+00  -5.36621750e-01  -8.13515450e-01
   -1.36393703e+00 
   -6.62715820e-01   5.04883767e-01  -4.92489772e-01   5.59568717e-02
    2.65605865e+00  -2.19647731e+00   1.22482393e+00   9.49451128e-01
    1.00878430e+00   1.39198708e+00  -2.43316141e+00  -1.82612911e+00
   -1.40910656e+00   8.54108049e-02  -4.57048715e-01  -1.87291449e-01
   -2.06099554e-01 
    2.06796181e+00  -1.85357360e+00   8.24645571e-01   3.28471151e+00
   -2.51825780e+00   6.96721498e-01   4.20251009e-01  -1.00569581e+00
   -1.52549431e+00  -1.44389719e-02  -5.55975684e-01  -2.50337928e-01
    6.87181943e-01   2.46497513e+00  -2.36185082e+00  -2.20135620e-01
    5.77850969e-01 
    1.72390077e+00  -1.13422082e+00  -4.43750951e-01   6.85748231e-02
   -1.49093964e-01  -2.83802133e-01   3.20637553e+00  -3.11113115e+00
   -1.19951527e+00  -1.03973883e+00  -6.69850756e-01  -1.02509373e+00
    1.21998466e+00  -2.14549278e+00   9.91321436e-01   7.83979038e-01
    5.80204914e-01 
    1.75548349e+00   5.28305874e-01  -3.00888665e+00  -4.86211896e+00
    1.28431213e+00   3.83024602e-01   6.18844779e-01   1.58537795e+00
    6.79246915e-01   4.77259639e-01  -8.09891275e-01  -1.28610064e+00
   -3.92569736e-01   1.65538209e+00  -5.49691219e-01   1.34549911e+00
    3.41809643e-01 
   -1.71681319e+00   6.21781342e-01  -2.93741910e-01   3.92437933e-01
    5.89331852e-01  -2.24554441e+00   5.35608670e-01   1.18647238e-01
    1.59259632e+00  -8.79970225e-01   1.51118737e+00   3.12063270e-01
    8.18278615e-01  -1.27164880e+00  -8.60515964e-01   1.33233181e+00
   -8.18540341e-01 
   -4.59396787e-02  -2.64152260e+00   2.34778611e+00   1.56584896e-01
   -2.53077092e+00   1.75466567e-01  -4.52089478e-01   1.83010423e+00
    5.49390280e-04   1.54407984e+00  -1.60485647e+00  -2.52433147e-01
    5.16366868e-01  -1.03876067e+00   6.81251441e-01   7.07332977e-01
    1.40789952e-01 
   -1.33962049e+00   6.10337759e-01  -8.17123100e-01   2.40182873e+00
   -9.22942709e-01   2.04003417e+00   1.60312833e+00  -1.85568814e+00
    6.91885920e-02  -1.78142228e+00  -4.47911319e-01   5.97280805e-01
    1.78822213e+00  -3.82373229e-01  -3.02060737e-01  -2.59262952e+00
    3.78679155e-01 
   -3.75639904e-01   3.01486651e+00   1.46652865e+00  -8.85093208e-01
   -2.53748112e-01  -5.11590138e+00   1.41130127e+00   3.67237599e+00
    1.37890990e+00  -2.59388666e+00   8.45707189e-01   1.38048398e-01
   -3.76071807e-01  -9.31904184e-01   9.09143225e-01  -4.06041482e-01
   -2.69075694e-01 
   -3.01666893e+00   9.57485781e-01   2.05430198e+00  -9.87415736e-02
    1.74139488e+00  -1.05623489e+00  -1.84761785e+00  -1.68690915e-02
    2.57595325e+00  -9.69240116e-01   3.74910333e-01  -1.80329756e+00
    3.63520018e-01   4.66767550e-01  -1.29147081e+00  -5.46278134e-01
    6.45042482e-01 
    1.35606846e-02  -1.02254143e+00   5.88108315e-01  -6.16308035e-01
    2.57111062e+00  -1.12840335e+00   2.25963659e-01   2.66921197e+00
   -2.67347565e+00  -1.01883562e+00   1.49625691e+00   9.96314860e-01
    3.51321452e-01  -8.90889976e-01  -5.08993334e-01  -1.43908195e+00
   -3.98030058e-01 
   -2.12976883e+00   2.01908300e-01  -1.53797466e+00   2.13350859e+00
   -9.79156491e-01   1.06158127e+00   9.09342123e-01  -8.39201491e-01
    1.15408062e+00   1.43101013e+00   2.06518186e+00  -1.50179569e+00
    7.96913277e-01  -1.53834544e+00   6.27993681e-01  -3.89096276e-01
   -6.65712459e-01 
    2.44068613e+00   1.80229771e+00  -2.25154911e+00  -1.56956712e+00
   -3.82799387e+00  -1.75302023e+00   8.93998809e-01   5.92823870e-01
    1.47625991e+00  -2.45402405e+00   1.86391144e+00   1.25961610e-01
    9.58365150e-01  -3.38786781e-01  -7.47320892e-01   2.82174951e-01
   -5.57014329e-02 
    2.05312591e+00   5.63497872e-01  -2.24359899e+00   2.00977190e-01
   -1.18131860e+00  -5.30657687e-01   3.07641555e+00  -3.36808438e+00
   -1.91504261e-01  -2.46970932e-01   3.14622403e-01   8.73703266e-01
   -1.35441420e-01   1.34412218e+00   8.14371041e-01   1.53593650e+00
   -4.00517268e-01 
   -6.86742590e-01  -7.94044112e-02   2.11838904e+00  -2.65467100e-01
    1.94972164e+00   1.93620468e+00  -3.69726447e+00   4.09743372e-01
    3.33699671e-01  -1.03127654e+00  -3.68521026e+00  -8.97806894e-02
    2.24647031e+00  -1.55997212e+00  -2.17743318e-01   3.46781007e+00
   -3.33216426e-01 
   -6.07346542e-01   3.27676864e+00   1.20244073e+00   1.86672917e-02
   -1.34470759e+00   1.73815466e+00  -7.51283132e-01   1.22683082e-01
   -8.96584944e-01  -2.55570582e+00  -1.27772746e-01   1.17283701e-01
   -9.55672043e-01   7.42257894e-01  -1.69476939e-01   7.95310335e-01
   -6.94920088e-01 
   -2.32983567e-02  -8.40223072e-01  -1.42247672e+00  -6.90805900e-02
   -2.59437765e-01   2.85257926e+00  -5.11245788e-01   9.19010847e-01
    2.76363284e-01  -3.13507218e+00   1.10270336e+00  -1.77970049e-01
   -1.61366430e+00   9.55587742e-02   3.53699364e+00  -1.62579483e+00
    8.13401066e-01 
   -4.10120352e-02   2.90394875e+00   2.40437390e-02  -1.10650796e+00
    9.97078775e-01  -1.90724425e+00  -2.66345774e+00  -1.25579321e+00
   -6.43431220e-01  -1.00404398e+00  -2.93037704e-01   6.87341675e-01
    8.39471091e-01   5.33723927e-01   2.09737635e-01   9.26631398e-01
   -2.54595522e-01 
   -7.52721449e-01  -7.35510684e-02   3.32862645e+00   1.94429316e+00
    7.97818211e-01   5.13744304e-01  -2.62124010e+00  -1.63956272e+00
   -8.16288026e-01   5.83968022e-01  -2.31268637e+00  -1.66764596e+00
   -2.00975302e+00   1.90986972e+00   1.91036275e+00   1.20835739e+00
    1.66655746e-01 
    1.77859704e+00   9.19403669e-01  -1.27352003e+00  -3.69135036e-01
   -8.40743883e-01  -1.91839981e-01  -5.11064112e-01  -4.95028921e-01
    1.95386972e+00   1.79932092e+00  -2.56948154e+00  -2.19619486e+00
   -5.27726667e-01  -1.90995324e+00   2.59061203e+00   9.63042342e-01
   -5.52107524e-01      3.92286850e+00  -1.13895918e+00   6.66985877e-01  -1.95793604e+00
   -9.48776471e-01   1.58285186e+00  -8.42965872e-01  -1.13511851e+00
    4.59748142e-01   5.96460313e-01  -2.99391964e-01  -3.37657188e+00
   -8.59596719e-01   7.13763391e-01   1.03910249e+00  -1.30163853e+00
   -4.07105149e-02   2.39845908e-02   9.39251451e-02  -1.47609952e-01
   -2.01586373e-01   1.69316617e+00   8.36298386e-01   2.08577240e+00
   -1.22728835e+00  -9.70351568e-01   2.20721420e-01  -1.96448403e-01
    6.64493727e-02  -1.38015623e-01   9.95864875e-02  -9.99960369e-01
    6.42116233e-02 
    5.66291645e-01   2.83563304e-01  -2.54022299e-01  -3.10302334e-01
    1.28525456e+00  -5.03706136e-01  -1.21280715e+00   9.24949581e-01
   -2.04986707e+00  -1.42359662e-01  -8.05179706e-01   7.52618932e-02
    1.19594247e+00  -9.36807685e-02   1.41803689e+00  -1.85272279e-02
   -3.82783264e-01  -1.18296110e+00   1.93484235e+00  -1.97057581e+00
   -1.37706172e+00   2.92363622e-01   5.81008402e-01   1.80685177e-01
   -1.32761107e+00   7.79961000e-01   5.15560746e-01  -4.68882906e+00
    1.49663126e+00  -1.75591121e+00   1.66327770e-01  -1.19137473e+00
    4.98533754e-01 
    5.21543317e-01  -3.09790168e-01   2.72883841e+00   1.24921720e+00
   -1.73257225e+00  -2.18654542e+00  -1.36385190e+00  -9.46624490e-01
    1.16457116e+00   1.09776786e+00   2.69504409e-01   6.11273852e-01
   -1.80900159e+00   1.68223795e-01  -6.16928719e-01  -1.20592743e+00
    2.15281082e+00   3.87716324e-02  -1.45492582e+00   1.49256638e+00
   -1.28904304e+00  -2.54967589e+00  -8.95836600e-01   1.16420592e+00
    1.29613300e+00   5.56874749e-01  -2.59074650e+00  -5.17260130e-01
    2.19754427e+00   1.53861556e-02  -2.17341400e+00   1.00704499e+00
   -3.03494976e-01 
   -1.58479809e+00   9.01713605e-02  -1.58291615e+00  -1.00222326e+00
    1.99934646e+00   1.26529801e+00   1.04779350e+00  -1.95124681e-02
    4.82571376e-01  -9.21034327e-01   2.98361827e+00  -1.83766318e+00
    5.17850667e-02  -5.10087631e-01  -3.32817860e+00   2.01584135e-01
    3.92658486e+00  -1.22018908e-01  -7.71336253e-03  -2.26064040e+00
   -9.50096733e-01   4.03715499e-01   7.29026858e-01  -2.81378122e+00
    6.79277551e-01   5.48716465e-01   2.28631726e-02   8.15887554e-02
   -2.66698267e-01   2.81163782e-01  -1.91124004e+00  -5.05189481e-01
   -2.38051559e-01 
   -2.10913104e+00  -1.30478128e+00  -2.36542253e+00  -5.34990110e-01
   -1.33745985e-01  -3.61383127e-01  -2.38097629e-01  -1.35569676e+00
   -3.30995032e-01  -3.13302322e+00   1.69830322e+00  -6.91623389e-01
   -2.29335547e-01  -2.73198783e+00   3.07122722e+00  -1.77494006e+00
    2.55601336e-02  -1.72153030e+00   2.50473581e+00  -4.53337946e-01
    1.26401985e+00  -1.16202615e+00  -3.59389136e+00   2.12999828e+00
    1.77784766e+00   1.29802468e+00  -1.62768013e+00   5.35874610e-02
    7.51544816e-02   8.09679011e-02  -9.80722820e-01   1.91755240e+00
   -1.70677428e-01 
   -1.90750950e+00  -2.37097570e-01   4.99226019e-01   1.72599425e-01
    1.23794961e+00  -6.02696908e-01  -5.26099209e-01  -3.59903461e+00
    1.23804794e+00   1.48785893e-01  -3.10277008e-01   5.20453958e-01
   -9.60831106e-01   1.95133818e+00  -6.32692018e-01  -2.15302997e+00
   -1.42088334e+00   7.88223313e-01  -3.36270879e-01  -2.53088852e+00
    4.13615173e+00   5.69147825e-01  -3.79280360e-01  -1.08398255e-01
    7.24527416e-01   5.93870608e-01  -1.22197748e+00  -1.86375389e+00
   -3.93214343e+00   7.54297358e-01  -2.60738626e-01   3.10265032e-01
    2.85707677e-02 
    7.70776450e-01  -1.55063910e+00   1.92300852e-02  -7.38490205e-01
   -1.40456513e-01  -2.95286864e+00   9.82964912e-01   1.19748237e+00
    6.48024735e-01  -2.03808204e+00  -5.52608470e-01   2.81079525e+00
    2.99336257e+00  -1.51047216e+00  -9.34568008e-01  -4.03575508e+00
   -7.01666580e-01   9.11982237e-02   1.87341994e-01  -7.45613196e-01
   -7.98819311e-01  -3.06690973e-03  -3.11745991e-01  -8.43300113e-01
   -1.21444255e+00  -2.12802712e+00   9.66125493e-01   5.31887076e-01
    4.25749478e-01   2.68128216e+00   1.22580682e+00   1.19245672e-01
   -3.97525676e-01 
   -5.41512867e-03  -5.90329200e-01   2.11634569e+00  -6.60566132e-01
    1.97580380e+00  -2.19427926e-02  -8.11918200e-01  -1.81851610e-01
   -1.35171614e-01   4.78248716e-01  -4.46056749e+00   7.15523057e-02
    4.56179391e-01  -2.09867572e+00  -5.12962002e-01   2.29454084e+00
   -2.62020593e+00  -5.64029292e-01  -2.13471203e+00  -2.55722600e-01
   -2.78123634e+00   2.02054671e-03  -3.08429463e+00   1.69689021e-01
   -2.50660367e-01   3.41676163e+00   2.73083783e-01   7.69998917e-01
   -1.48870406e+00   7.80583184e-01   1.26647045e+00  -2.46416946e-01
   -1.34795819e+00 
   -2.12917694e+00   2.54414876e+00   1.33256178e+00   1.62366952e+00
   -2.07310399e+00  -2.39629285e-01   1.33202261e+00  -2.41093408e+00
    2.52641221e+00   4.12689193e-01   8.39896405e-01  -1.70695424e+00
    1.09930535e+00  -1.83038288e+00   1.74230862e+00   1.08270009e+00
   -6.54122419e-01  -2.61881954e+00  -3.79202049e-01   5.00030744e-01
   -1.50618763e+00  -1.76574787e+00   2.40113680e+00  -1.23285505e+00
   -2.16361096e+00  -3.91928728e-01   6.80785720e-02   2.48556260e-01
   -1.49572422e+00   1.23247215e-01   1.52860842e+00  -2.07824143e+00
   -5.82234227e-01 
    1.26994114e+00  -1.12050217e+00  -9.77431349e-01  -1.59826405e+00
   -9.11700597e-02   1.32364405e-01  -1.17882573e+00  -2.68290893e+00
   -2.73421914e+00  -2.66397799e+00  -1.86968601e+00   2.13239930e+00
   -2.74511527e+00  -1.48238188e+00   3.99250260e-01   3.89505264e-01
    5.95917316e-01  -9.32205814e-02  -2.36039533e+00   1.64096793e+00
    1.42269305e+00   1.19239356e+00   4.90572968e-01  -2.54782467e+00
    2.71293183e+00  -1.00432567e+00   2.24750807e+00   6.67193021e-01
    2.90689457e+00   4.61096886e-01  -1.58531832e-02  -2.10391303e+00
   -5.46045910e-01 
    2.26364852e-02  -3.09642242e+00   5.66175560e-01   1.14694395e+00
   -5.23402606e-01   1.50920636e+00  -1.26071762e+00  -2.21246202e+00
   -2.04958512e+00  -2.57726075e-01   1.24778826e+00  -1.25687314e-01
   -2.56105064e+00   1.83816380e+00  -3.15497721e-01   3.29715052e-01
    1.57465848e-01  -1.52159799e+00   1.13596801e+00   1.66083112e+00
   -8.95091624e-01  -1.42516552e+00  -1.39802239e+00  -3.16143386e+00
   -1.55997142e+00  -1.67685014e+00   3.78546149e+00   1.02674384e+00
   -1.17109122e+00  -3.19045011e-01   1.56421067e+00   2.65688868e+00
   -6.03978538e-01 
   -1.12033561e+00   4.87601329e+00  -1.55413126e+00  -2.68206281e+00
   -2.27308578e+00  -1.25701722e+00  -1.16464695e+00  -2.15829268e-01
    1.12962928e+00  -2.44478941e+00  -2.71657255e+00   3.59657755e-01
   -6.46319660e-01   1.33903195e+00  -4.77431263e-01   1.61496297e+00
   -4.72147418e-01  -5.76555973e-01  -4.84294071e-03  -9.75436991e-01
    7.96668014e-01   1.76582289e+00  -6.39232917e-01   1.02407801e+00
    3.84613070e-01  -1.66527768e+00  -1.58475103e+00  -4.13828144e-02
    1.19126348e+00  -1.03101741e+00   1.86621658e+00   1.28102145e+00
   -7.48282673e-01 
   -4.27037769e-01  -1.02612377e+00  -2.54460401e+00  -2.15198681e+00
   -2.20266413e+00   1.01685725e+00  -1.35243899e-01  -1.98646362e-01
   -7.20233030e-01   3.81334342e+00   1.48041410e-01   2.21006185e+00
   -9.85227835e-01   4.58035625e-01  -6.11789804e-01  -1.37368157e+00
   -1.62164969e-01  -1.11913816e+00  -5.04595731e-01  -1.55904566e+00
    2.66865113e-01  -3.45202578e-01  -9.06148097e-01  -7.23694213e-01
   -1.81122860e-01  -2.22049714e-01  -2.04625508e+00   5.05760408e-01
    1.56716122e+00  -1.28166785e+00   2.11287669e+00  -4.60729409e-01
   -2.48661821e-01 
   -2.31433748e-01  -8.20812597e-01   4.00286731e-01   1.95936589e+00
   -2.50178873e+00   1.40576820e+00  -2.71488496e-01   1.22397693e+00
    9.36745782e-01  -7.80886147e-01  -9.63789876e-01   1.34933891e-01
   -1.74742571e+00  -8.00552568e-01  -2.82563115e+00   2.28352860e+00
   -3.20469297e+00   5.22084258e-01   1.05222383e+00  -8.57585061e-01
    9.18851586e-01  -5.63947843e-01   1.51907747e+00   3.90060087e-01
    2.28716758e-01  -2.18457315e+00   9.21904151e-01  -1.38957957e+00
   -2.25084141e-02  -1.29351780e+00  -1.00492153e+00   7.56390438e-01
   -6.59044143e-01 
   -6.23742297e-01   2.36210518e+00   3.08718622e-01  -1.16377058e+00
   -1.01409038e+00  -1.98573772e-01   1.00848096e+00   1.56143541e+00
   -1.11575049e+00   2.67212071e-01  -9.93223271e-01  -6.79072338e-01
    1.95793059e-01   3.92605493e-01   2.00438138e+00  -1.24761186e+00
    4.90604051e-01   2.31938429e-01  -1.53137341e+00   4.11126207e-01
   -8.36615532e-01   9.89243112e-01  -3.79447285e-01  -4.57160419e-01
    1.07101334e+00  -1.24383605e+00  -4.19268457e-01  -4.03567786e-01
   -2.78665900e+00  -1.39721226e-01  -2.04388132e+00  -3.04326288e+00
   -1.03214154e+00 
   -1.43017310e-01  -1.85919583e+00  -2.49095679e+00   2.21689552e+00
    1.43731510e+00   8.36818707e-01  -3.48146089e-01  -5.47115855e-01
    2.26293269e+00   1.25270888e+00   2.72020326e-01   5.87530829e-01
    9.73605143e-03   2.65831937e-01  -1.03592757e+00  -6.97161676e-01
   -2.72694736e-01  -1.99295170e+00  -9.06111231e-01   1.70227012e+00
   -3.42947540e-01   7.63337313e-01   5.03242722e-01  -1.62136429e+00
   -3.91949558e-01  -1.65671992e+00  -1.72373478e+00  -7.39157542e-01
    1.08964916e+00  -4.69402454e-01  -9.64602983e-01  -7.03676955e-01
   -1.95182958e-01  