NN 16 32 16   -3.10628711e+00  -6.82599231e-01  -2.84724332e-01   5.36219125e-01
    1.83394150e+00  -8.98314483e-01  -1.45059439e+00  -1.53564580e+00
    2.50043534e+00  -1.34352064e+00  -8.34558068e-02   5.49007168e-01
    7.49907197e-01  -1.89054158e-01   2.82258958e-01  -3.27423611e-01
   -7.17354735e-01 
    4.98247497e-01  -3.77838348e-01  -3.41583466e-01  -4.40967459e-01
    9.46803285e-01  -3.49260453e-01   8.23239693e-02   4.87692327e-01
   -2.08287922e+00   7.60095004e-01   1.63700398e+00  -3.31771281e+00
    5.55872398e-01   6.55583939e-01  -1.68846499e+00   1.18892644e+00
    4.85312483e-01 
   -5.72289613e-01   1.23677198e-01  -2.46151085e+00   1.00794758e+00
    2.22754518e+00  -1.67507845e+00  -3.50481842e-01  -5.72391029e-01
   -1.01655028e+00   3.31726356e-01   1.96357136e-01   1.23993763e-01
    1.47425315e+00  -8.36972677e-01  -9.65467988e-02   1.64758048e+00
    1.72000095e-01 
    1.51018107e+00  -7.84642409e-01  -8.51892241e-01   6.18911878e-01
   -4.15348382e-02  -1.03710331e+00   9.59663885e-01  -2.40770685e-01
   -1.21917530e+00   8.09242530e-01  -1.27668648e+00   1.58356514e+00
    1.57630263e+00  -1.59268185e+00   9.49116511e-01  -1.79878630e+00
   -3.62330197e-01 
   -2.40820990e-01  -1.33458367e+00   1.23648868e+00  -9.93101288e-01
   -3.74856153e-01  -6.82563599e-01  -1.30548082e-01  -1.65201274e+00
    1.32609843e+00  -2.57378617e-01  -1.14159966e-01   1.71043664e+00
    1.54253874e+00   1.95621667e+00   6.19849302e-02  -1.38888734e+00
   -7.36178264e-01 
   -3.36095925e-01   1.09065433e+00   1.43625068e+00  -1.15545779e+00
    5.65331616e-01   1.06830853e+00   1.36763309e+00  -1.14846962e-02
    2.48593548e-02  -3.17258118e-01  -1.44076939e+00   6.66975902e-01
   -7.06980132e-01  -1.23739536e+00  -2.20146202e-01  -1.67267104e-01
   -9.07717638e-03 
    5.86062112e-01   1.41411764e+00   1.26049216e+00  -1.65149989e+00
   -4.79537452e-02  -4.02267352e-02  -1.65159871e+00   1.02386289e+00
   -4.91315079e-01   5.84946760e-01   7.76895497e-01   3.18722319e-01
   -2.04779792e-01  -3.95921528e-01  -1.18625870e+00   8.22595699e-01
   -5.75451115e-01 
    4.93074042e-01  -1.31146638e+00   9.94890370e-01  -5.74738361e-01
    5.72916208e-01   3.39581074e+00  -1.64414685e+00  -7.02924622e-02
    2.03382095e+00   1.97799339e+00   5.42484597e-01  -6.90143971e-01
   -7.40712519e-01  -2.37325832e+00  -1.27393719e+00  -9.36479595e-02
   -7.60086680e-01 
    3.41251058e-01   2.35051571e+00  -9.11246595e-01  -5.98251172e-01
    9.43194889e-01  -1.16506319e+00  -8.78863065e-01  -1.00265055e-01
   -1.54466595e+00   2.15805123e+00   1.11008116e+00  -1.12913307e+00
    6.07679245e-01  -1.69232981e+00   1.11912886e+00  -1.30370363e+00
   -1.19092709e-01 
   -1.34721162e+00  -1.58084180e-01  -8.14476279e-01   1.30405444e+00
    1.70456536e+00  -8.21259813e-01   1.17771936e+00  -5.46047367e-01
   -8.55752117e-01   1.19305130e+00   2.79993607e-01   1.88318575e+00
   -2.32402600e+00   5.30770324e-01  -2.99383068e-01  -1.19002090e+00
    2.80037553e-01 
   -5.70591874e-01   4.80069150e-01  -7.16655746e-02  -2.63289332e+00
   -1.82495224e+00  -1.06938733e+00   3.14562196e-01   3.54644266e+00
   -9.95612046e-01   5.88448916e-01  -7.62352220e-01   2.42066954e+00
   -7.50161979e-01  -2.51225273e-01  -1.48222193e-04  -9.84397977e-03
   -6.30753956e-01 
    2.45415992e+00  -8.03129185e-01   4.33746010e-01   1.71704921e+00
    1.30103219e+00  -3.83449512e-01  -1.51135836e+00   5.36878883e-01
    3.02527080e-01  -9.14692756e-01   9.50744972e-02  -7.03807016e-01
   -2.56194724e+00   3.26732257e-01   8.28549921e-01  -6.36091530e-01
   -6.18620520e-02 
   -1.36509083e-01  -1.38980646e+00   1.02527847e+00  -2.54480057e-01
   -5.38002853e-02   2.09745542e-01  -3.01924313e+00   1.25708030e-01
   -1.83048270e+00   8.80366965e-01   2.70420613e+00   1.95964050e-01
   -3.88318271e-01   1.09510479e+00  -5.67226150e-01  -5.48676305e-01
   -1.12466444e+00 
   -2.86913148e-01  -6.83723712e-02  -6.83490605e-01   2.57636839e-01
    2.05036437e+00  -1.88444596e+00   7.62813307e-01   6.09478531e-01
    8.95282269e-01   1.53812774e+00  -2.06147197e+00  -1.67200835e+00
   -6.89892328e-01   5.77667448e-01  -4.28456798e-01  -1.54219581e-01
   -1.00868039e-01 
    1.04812294e+00  -1.89110783e+00   4.26629281e-01   2.44173785e+00
   -1.97299551e+00   1.06635799e+00   4.33187757e-01  -5.21441398e-01
   -1.60478816e+00  -1.28408939e-01  -4.34631444e-01  -4.54078187e-01
    7.16789560e-01   2.23239680e+00  -1.70850553e+00  -8.00040869e-02
    5.81725976e-01 
    1.25448443e+00  -1.01830967e+00  -8.12213971e-02   1.20759931e-01
   -2.79543206e-01   8.41136205e-02   2.95637667e+00  -2.66567864e+00
   -1.32743591e+00  -7.93700409e-01  -3.41985511e-01  -8.61593461e-01
    1.34435562e+00  -1.74370809e+00   5.66215240e-01   2.01387039e-01
    4.14088968e-01 
    1.47920600e+00   5.39793715e-01  -2.76066108e+00  -3.61581435e+00
    6.04316388e-01   8.82133301e-02   1.09166157e+00   1.62187230e+00
    5.46307827e-01   5.45985728e-02  -8.96778126e-01  -6.71641807e-01
   -2.31312253e-01   1.85650049e+00  -4.76470101e-01   9.39898136e-01
    1.70249636e-01 
   -1.33604991e+00   3.17421998e-01  -1.41538390e-01   2.15094071e-01
    7.17068328e-01  -1.08879833e+00  -7.80461195e-02   1.51060690e-01
    1.30877462e+00  -8.53156058e-01   8.90456856e-01  -2.04543981e-01
    7.52214726e-01  -8.03801050e-01  -4.98170620e-01   1.07304552e+00
   -5.49736554e-01 
   -2.91884690e-01  -1.95054157e+00   1.86040337e+00  -1.16269723e-01
   -2.15672464e+00   5.95984572e-01  -2.20224949e-02   1.31845648e+00
    3.22516108e-01   1.73581304e+00  -1.81307842e+00  -6.06820641e-01
    4.91957636e-01  -1.12723776e+00   4.94443106e-01   4.76502572e-01
    5.40594839e-02 
   -1.23200365e+00   4.94366851e-01  -9.75910532e-01   1.87623719e+00
   -7.38852882e-01   1.75338404e+00   7.79051249e-01  -1.30131106e+00
   -2.57483616e-01  -1.66377821e+00  -8.06289304e-01   7.07291633e-01
    1.70146811e+00   2.91553862e-01  -1.54731606e-01  -1.74075053e+00
    4.07117325e-01 
    5.52310269e-02   2.32943225e+00   1.01461782e+00  -3.11704789e-01
   -3.86151114e-01  -3.94130836e+00   9.49263305e-01   3.26858492e+00
    1.37209952e+00  -1.75274611e+00   5.79163195e-01  -6.78592163e-01
   -5.26490460e-01  -4.81239575e-01   5.55191488e-01  -1.70638192e-02
   -1.84592826e-01 
   -2.37484154e+00   8.62159163e-01   1.60810152e+00  -4.54547924e-01
    1.59631377e+00  -1.00321566e+00  -6.69349514e-01  -5.02979207e-01
    1.98306240e+00  -1.31075291e+00   1.76086999e-01  -1.80590772e+00
    4.77839839e-01   5.73887271e-01  -1.11487450e+00  -3.35967439e-01
    5.86098747e-01 
   -4.97689847e-01  -3.94680424e-01   5.10709334e-01  -8.58318131e-01
    2.07966371e+00  -1.55653113e+00   3.04182356e-02   2.08614759e+00
   -2.26542384e+00  -6.57019311e-01   8.90194280e-01   6.00746356e-01
    5.10520855e-01  -7.48566971e-01  -3.71972848e-01  -6.67775476e-01
   -3.50128670e-01 
   -1.74961296e+00   2.74150561e-01  -1.48481581e+00   1.93954477e+00
   -9.71129178e-01   9.81646255e-01   5.75246860e-01  -6.88926542e-01
    1.20846400e+00   1.44907623e+00   1.48536192e+00  -1.69501131e+00
    7.00998629e-01  -1.24439336e+00   4.14912130e-01  -1.11603936e-01
   -6.13746713e-01 
    1.62695845e+00   1.37961159e+00  -1.86696794e+00  -5.81276081e-01
   -3.09307489e+00  -9.39426617e-01   9.57873419e-01   6.30817498e-01
    1.20997090e+00  -2.42116164e+00   2.01812328e+00  -2.13821823e-01
    2.23937015e-01  -2.41762618e-01  -7.47389334e-01   7.94403840e-02
   -1.78011223e-01 
    1.50770208e+00   3.45637891e-02  -1.53233086e+00  -2.63084189e-01
   -1.13842320e+00  -4.35575554e-01   2.28620556e+00  -2.84432177e+00
    6.04967132e-02  -3.97766923e-01   3.80611975e-01   1.06213611e+00
   -1.54114282e-01   1.26641363e+00   9.14800846e-01   7.66896123e-01
   -6.43392426e-01 
   -8.05331699e-01  -5.48713666e-01   1.86619285e+00  -2.56978661e-01
    1.22151550e+00   1.58925974e+00  -2.46931631e+00  -1.04244140e-01
    2.09445038e-01  -7.80856684e-01  -2.72199561e+00   3.56258250e-01
    1.55347717e+00  -1.14645131e+00   1.44906998e-01   2.48866233e+00
   -1.72396730e-01 
   -6.60672397e-01   2.35648224e+00   1.26271124e+00   4.81313319e-02
   -9.29205706e-01   2.12034608e+00  -3.76290137e-01  -1.02294242e-01
   -9.70113309e-01  -1.76366585e+00  -3.24015425e-01  -1.96372898e-01
   -8.10668924e-01   5.66486828e-01  -1.92195420e-03   7.01587539e-01
   -3.61340699e-01 
   -3.65536842e-01  -1.27501578e+00  -7.96246788e-01   1.36515788e-01
    4.11322276e-01   2.25323560e+00  -8.09641718e-01   8.08169902e-01
    5.07604662e-01  -2.15683207e+00   1.23813565e+00  -1.20518841e-01
   -1.26157705e+00   1.00652697e-01   2.47328822e+00  -1.19893275e+00
    5.23033954e-01 
   -3.64378301e-01   1.86413277e+00   3.94495072e-01  -6.90144476e-01
    6.41386144e-01  -1.42335049e+00  -2.07730626e+00  -1.45287968e+00
   -1.69479449e-01  -6.28596553e-01  -7.31742486e-02   6.41967595e-01
    5.59631016e-01   4.09988936e-01   7.39679178e-02   9.78575663e-01
    3.91895744e-02 
   -1.29864069e+00   2.65200441e-01   2.41249180e+00   1.31762433e+00
    1.13937615e+00   2.96166032e-01  -1.45206129e+00  -1.12274040e+00
   -6.05310546e-01   7.26156850e-01  -1.80124816e+00  -1.30263245e+00
   -1.44559478e+00   1.26459003e+00   1.25544588e+00   9.79221623e-01
    3.06453895e-01 
    1.19108494e+00   9.52880838e-01  -9.26574312e-01  -3.74246204e-01
   -7.43170636e-01  -2.64964534e-01  -7.10525714e-01  -2.38060564e-01
    1.50650996e+00   1.41767947e+00  -1.92108496e+00  -1.52572908e+00
   -3.22278613e-01  -1.47706980e+00   2.29262835e+00   6.23345009e-01
   -4.67677232e-01      3.05239122e+00  -7.05749505e-01   2.14545507e-01  -1.76357733e+00
   -7.69736718e-01   8.19607426e-01  -4.07833165e-01  -9.01798179e-01
    6.60060696e-01   1.12052305e+00   5.22103395e-01  -2.70260809e+00
   -7.99776377e-01   2.72059757e-01   6.55974550e-01  -1.56699903e+00
   -4.42776249e-01   3.00877242e-01   1.61767180e-01   6.42221256e-01
   -2.84267143e-01   2.31835302e+00   4.40374848e-01   1.97692185e+00
   -1.90120013e+00  -1.00187431e+00   6.18738471e-01  -1.29425018e-01
   -8.59646613e-02  -3.68324316e-01   5.79347627e-01  -1.60929140e+00
   -2.15401850e-01 
    4.83779037e-01   3.00205929e-01  -4.49827417e-01   1.32012368e-01
    1.05557039e+00  -3.87852050e-01  -1.34488490e+00   1.12324196e+00
   -2.33182234e+00  -2.45718705e-01  -8.81102689e-01   2.08480030e-01
    1.33795760e+00  -2.70305608e-01   1.83165405e+00   2.20122388e-01
    1.01240348e-01  -7.59979572e-01   1.93077430e+00  -1.99003124e+00
   -1.59695326e+00   1.36148256e-01   1.95392289e-01   2.12699494e-01
   -1.52197199e+00   5.81821959e-01   5.88656675e-01  -3.71732909e+00
    1.24224982e+00  -1.62386071e+00  -4.03865878e-02  -1.30674614e+00
    1.29679986e-01 
    6.99611581e-01   1.33220883e-01   2.74226211e+00   7.71602811e-01
   -1.97928079e+00  -1.27748927e+00  -9.79455947e-01  -9.17106650e-01
    1.51394561e+00   1.12645871e+00   2.78533633e-01   9.11579493e-02
   -2.20020020e+00   1.53185805e-01  -4.10528492e-01  -1.25238968e+00
    2.19437351e+00  -1.39402669e-01  -1.42630606e+00   1.12347062e+00
   -1.27984042e+00  -2.37291733e+00  -1.07888737e+00   1.16859351e+00
    1.23584926e+00   9.67691236e-01  -2.14832773e+00  -6.38201910e-01
    1.68472118e+00  -4.20662822e-01  -2.55128149e+00   8.01307004e-01
   -3.81026831e-01 
   -1.22405747e+00   6.85973898e-01  -1.35653781e+00  -9.94859908e-01
    1.58790686e+00   1.24855951e+00   1.35281770e+00   4.64011838e-01
    3.87458121e-01  -8.46825310e-01   2.32131853e+00  -2.30959901e+00
    6.50990301e-01  -1.01191795e+00  -3.06803223e+00   7.71861943e-02
    3.65870269e+00  -2.85877994e-01   6.34031503e-01  -1.95322002e+00
   -1.18652650e+00   6.66225392e-01   8.38795344e-01  -2.71054915e+00
    3.07404463e-01   4.95063795e-01   1.14409511e-01   1.62512192e-01
   -2.80611099e-01   2.84843591e-01  -1.68953395e+00  -4.07603660e-01
   -8.52538629e-02 
   -1.51791799e+00  -1.07835533e+00  -2.08339597e+00  -2.66008570e-01
    2.46247460e-01  -2.90237601e-01   2.43908485e-01  -1.15182833e+00
   -3.05096852e-01  -2.69087207e+00   1.23856246e+00  -3.67105114e-01
   -2.88467359e-01  -2.29318308e+00   2.50609668e+00  -1.44944713e+00
   -5.65114664e-03  -1.47300084e+00   2.71076175e+00   1.11861762e-01
    1.16856471e+00  -1.39230543e+00  -2.91135254e+00   2.06646512e+00
    1.95658381e+00   1.51212298e+00  -1.46550342e+00  -3.15637292e-01
   -1.05810438e+00  -5.80201857e-01  -9.87754112e-01   1.35261862e+00
   -1.39787859e-01 
   -6.45646155e-01  -6.53399352e-02   6.79017400e-01   7.64209889e-01
    8.80082382e-01  -6.73478031e-01  -4.08205462e-01  -3.41041355e+00
    9.40589589e-01   2.95097112e-02  -8.80382550e-02   1.24030255e-01
   -5.99274111e-01   1.97669212e+00  -9.33784965e-01  -2.02366003e+00
   -1.21355202e+00   3.49133681e-01  -2.29662171e-01  -2.74573209e+00
    4.43111963e+00   3.63872254e-01   2.68848008e-01   6.84280842e-02
   -1.78454904e-01   4.87901617e-01  -1.54873340e+00  -1.51060551e+00
   -3.40434067e+00   6.55373954e-01  -2.09318943e-01   7.34492155e-02
    9.79084268e-03 
    6.56556611e-01  -5.80372956e-01   3.52850219e-01  -1.22658007e+00
   -5.91230742e-01  -1.67261498e+00   1.35146986e+00   8.43947323e-01
    3.16249162e-01  -2.13712115e+00  -6.05599134e-01   2.20380647e+00
    3.11072969e+00  -1.52350787e+00  -1.24259075e+00  -3.73980507e+00
   -8.82170471e-01   1.40791996e-01  -4.45669460e-01   1.76813213e-03
   -8.42383002e-01  -3.82178784e-01  -3.89428066e-01  -5.85041831e-01
   -1.66690837e+00  -1.62314259e+00   1.09972323e+00   1.67948002e-01
    2.77037369e-01   2.67835846e+00   6.53763033e-01   7.55561392e-01
   -2.88537116e-01 
   -5.93894699e-03  -8.67994313e-01   1.90118532e+00  -5.37902805e-01
    1.39622383e+00  -1.90666425e-01  -9.65903227e-01   8.13149254e-02
   -1.41651848e-01   3.88179984e-01  -3.94325976e+00   2.44054798e-02
   -2.34347485e-01  -1.42060704e+00  -3.88438556e-01   2.14329863e+00
   -2.08203242e+00  -5.93907317e-01  -2.30734116e+00  -2.69890277e-01
   -2.37302916e+00  -3.27313037e-01  -2.64011012e+00   2.17053660e-01
   -1.62681369e-01   3.08557571e+00   6.07379796e-01   5.97613777e-01
   -1.53663229e+00   1.04399035e+00   8.93734278e-01  -3.17360103e-01
   -6.34558340e-01 
   -1.81900921e+00   2.16094439e+00   1.07654014e+00   1.16840356e+00
   -1.93143789e+00  -2.17359661e-01   1.17385598e+00  -2.00442748e+00
    2.00711882e+00   2.15582141e-01   4.60192087e-01  -1.36318088e+00
    1.05969829e+00  -1.39550666e+00   1.90117878e+00   1.39220472e+00
   -8.54573287e-01  -1.95245811e+00  -3.76602922e-01   4.45107410e-01
   -1.41670586e+00  -1.53395472e+00   2.03993419e+00  -1.38805099e+00
   -1.64864208e+00  -6.99693279e-01   6.67762839e-02   6.89583452e-01
   -1.21233254e+00  -2.03137390e-01   1.40460528e+00  -1.54458509e+00
   -5.12205586e-01 
    6.73497842e-01  -6.32681421e-01  -6.57995115e-01  -1.15151102e+00
   -2.81357877e-01   1.38338026e-01  -8.60321542e-01  -2.27183321e+00
   -2.21393497e+00  -2.28469275e+00  -1.78980613e+00   1.63710425e+00
   -2.14361404e+00  -1.31589914e+00  -8.39266967e-02  -6.70434904e-02
    7.54003600e-01   3.81647259e-02  -1.99811536e+00   1.76685410e+00
    1.22848576e+00   1.24773042e+00   6.72178717e-01  -2.50435413e+00
    2.60218728e+00  -4.63207495e-01   1.46878988e+00   1.59020864e-01
    2.10897367e+00   3.06552452e-01   1.19086943e-01  -1.45093841e+00
   -1.07930595e-01 
   -3.65965051e-01  -2.42432982e+00   2.03268598e-01   7.72108423e-01
   -4.05464525e-01   1.02731432e+00  -9.21951094e-01  -2.28098459e+00
   -1.34825190e+00  -1.25534148e-02   1.10375199e+00   4.34262566e-01
   -2.56617490e+00   1.81572531e+00  -4.09893889e-01   2.34120054e-01
    6.81722953e-01  -1.13635080e+00   8.71687570e-01   1.41974583e+00
   -6.13832981e-01  -1.02682785e+00  -1.13179711e+00  -2.60318013e+00
   -1.82618457e+00  -1.56523522e+00   2.98713475e+00   8.02999292e-01
   -1.10175188e+00  -4.27350927e-01   1.38393313e+00   2.10063118e+00
   -3.38320235e-01 
   -1.38309011e+00   3.77563264e+00  -1.05073688e+00  -2.46460295e+00
   -1.93957639e+00  -9.71754851e-01  -1.05489629e+00   2.77314352e-01
    9.78188022e-01  -2.11924259e+00  -2.52172294e+00   6.05294104e-02
   -8.32118490e-01   1.32008621e+00   1.98637142e-01   1.48738067e+00
   -8.00475862e-01  -4.13933601e-01  -5.17612311e-02  -7.07632346e-01
    7.90092817e-01   1.86312995e+00  -4.31442296e-01   8.93045888e-01
    8.14662611e-01  -1.80447791e+00  -1.22522881e+00   3.30492255e-02
    8.02483801e-01  -8.01162591e-01   1.23185431e+00   9.73030416e-01
   -4.75018014e-01 
   -4.47253224e-01  -8.07552016e-01  -2.45336682e+00  -1.91886379e+00
   -1.89706909e+00   7.84038693e-01   1.36649754e-01  -2.20011144e-01
   -5.34365854e-01   2.90639923e+00  -5.50417110e-03   2.02973974e+00
   -1.00818435e+00   9.59182162e-02  -2.76784019e-01  -1.20141534e+00
   -1.00556648e-01  -1.05117435e+00  -2.99712079e-01  -1.20979474e+00
    4.31187892e-01  -4.45593641e-01  -8.45117149e-01  -6.55426797e-01
    8.50028360e-02  -2.08934052e-01  -1.62425998e+00   4.49929726e-01
    1.45072397e+00  -1.13611222e+00   1.76992536e+00  -4.59172957e-01
   -1.82926404e-01 
   -3.13970992e-01  -7.96068169e-01   6.08108095e-01   1.80838999e+00
   -2.09658293e+00   1.09237504e+00  -2.03134832e-01   8.57846720e-01
    8.93829375e-01  -6.56108483e-01  -8.27173215e-01   1.39229997e-02
   -1.59749054e+00  -6.52559954e-01  -2.33990126e+00   1.80625167e+00
   -2.65751172e+00   2.97259583e-01   9.25253753e-01  -7.18363908e-01
    6.43576185e-01  -6.82218065e-01   1.25188808e+00   3.42504438e-01
    3.78698920e-01  -1.92686466e+00   8.82269421e-01  -1.20692217e+00
    1.77622907e-01  -9.46976451e-01  -8.14585536e-01   6.57489669e-01
   -3.81688840e-01 
   -6.39233259e-01   1.77891898e+00   2.83225825e-01  -9.97289907e-01
   -8.99626585e-01  -2.02713758e-01   8.61462949e-01   1.28805630e+00
   -7.78855613e-01   1.69513186e-01  -7.63195812e-01  -6.35731212e-01
    2.30742007e-01   4.56367934e-01   1.60197321e+00  -9.85231580e-01
    4.72627367e-01   2.61374504e-01  -1.04852913e+00   4.13314921e-01
   -5.22831947e-01   8.62230539e-01  -2.30539855e-01  -2.18197919e-01
    9.21161160e-01  -1.14705992e+00  -5.09690810e-01  -3.39914167e-01
   -1.86989330e+00  -6.98511284e-02  -1.61760124e+00  -2.51950302e+00
   -7.60303316e-01 
   -2.99855702e-01  -1.52522597e+00  -2.11035386e+00   1.58085521e+00
    1.30226241e+00   8.25070654e-01  -4.82516433e-01  -4.18943514e-01
    1.48181777e+00   1.10808525e+00   1.54610364e-01   3.84324075e-01
   -2.45152981e-01   1.99139694e-01  -8.74661795e-01  -2.22800073e-01
   -1.87062652e-01  -1.52485588e+00  -7.02849759e-01   1.44092340e+00
   -5.32497208e-01   6.27580029e-01   2.29615317e-01  -1.39281646e+00
   -5.05502249e-01  -1.24703935e+00  -1.48986891e+00  -4.78078962e-01
    9.95185527e-01  -5.25545334e-01  -8.04262624e-01  -5.24787001e-01
   -1.31334105e-01  