NN 16 32 16   -4.27897758e+00  -1.33191578e+00   4.19507185e-02   7.34722098e-01
    2.73706649e+00  -8.90491970e-01  -2.25134257e+00  -2.43949766e+00
    3.69563079e+00  -1.15687268e+00  -3.42875413e-01   3.79903737e-02
    8.56958473e-01  -1.91294902e-01   2.81970517e-01  -7.04879457e-01
   -9.70533788e-01 
    6.00956059e-01  -5.20232610e-01  -1.74090933e-01   2.37921948e-01
    9.05618520e-01  -1.74030765e-01   1.57018844e-01   6.37034789e-01
   -2.93194099e+00   7.78835468e-01   2.32845132e+00  -4.53233669e+00
    9.95314988e-01   7.22732772e-01  -2.39497094e+00   1.50548301e+00
    7.65302291e-01 
   -1.52371596e+00   9.47177696e-02  -2.40150174e+00   1.04441190e+00
    3.07246694e+00  -2.01205907e+00  -8.69482164e-01  -8.48500786e-01
   -8.97247107e-01   7.25532948e-01  -6.45699373e-01   2.52341080e-01
    1.46957814e+00  -6.27011275e-01  -2.69933047e-01   2.31004448e+00
    2.13104691e-01 
    1.71805591e+00  -4.82985478e-01  -1.46329497e+00   1.17421608e+00
    2.99014571e-01  -1.20050286e+00   7.99299659e-01  -4.59440982e-01
   -1.71426212e+00   9.19300595e-01  -1.73797516e+00   1.80437173e+00
    1.80760867e+00  -1.80413055e+00   1.32975455e+00  -2.11969672e+00
   -1.55488934e-01 
   -9.01215169e-02  -1.84801949e+00   1.70775596e+00  -1.38503913e+00
    9.42734087e-02  -7.71512896e-01  -1.59190544e-01  -2.17011426e+00
    1.22861710e+00  -6.90673310e-01   1.94655068e-02   2.25269101e+00
    1.54088340e+00   2.33400220e+00  -2.26424586e-01  -1.54921849e+00
   -7.22146785e-01 
   -4.19086856e-01   1.28721290e+00   2.20449043e+00  -1.35146327e+00
    7.58852698e-01   1.15702163e+00   2.39459179e+00  -5.43579332e-01
    9.47146453e-02  -2.35118696e-01  -2.40642285e+00   4.17407944e-01
   -8.59330637e-01  -1.44830936e+00  -4.11708612e-01   5.60172529e-02
    1.94414198e-01 
    1.40012306e+00   1.49405935e+00   1.65143120e+00  -2.16408528e+00
    3.65918009e-03   3.92108973e-01  -2.28438830e+00   1.63402420e+00
   -5.40629240e-01   6.68692621e-01   9.15075989e-01   5.74154458e-02
   -2.09840982e-02  -3.90738155e-01  -1.45425590e+00   8.64171530e-01
   -7.43881582e-01 
    9.70064102e-01  -1.60338344e+00   1.24167746e+00  -3.21961518e-01
    6.59599540e-01   4.54247512e+00  -2.60187535e+00   5.74639688e-02
    2.75062104e+00   2.55669735e+00   2.57289297e-01  -2.58412805e-01
   -6.00707425e-01  -2.97898024e+00  -1.52219725e+00  -1.48715089e-01
   -6.92273608e-01 
    1.73445976e-01   2.96458880e+00  -5.33693135e-01  -1.21025418e+00
    7.47812545e-01  -1.26248514e+00  -1.39211006e+00  -2.22250877e-01
   -1.70004583e+00   2.53043118e+00   1.60414300e+00  -1.32387110e+00
    1.22481024e+00  -1.95392952e+00   1.63565791e+00  -1.82239099e+00
   -8.85322369e-02 
   -1.27075800e+00  -4.82041036e-01  -7.67976826e-01   1.32289316e+00
    1.83973614e+00  -6.61454842e-01   1.23242781e+00  -7.74937266e-01
   -1.07721907e+00   6.86345985e-01   1.15265096e+00   2.35308396e+00
   -3.27604939e+00   3.84412970e-01  -8.69304757e-01  -1.39721280e+00
    4.61537576e-01 
   -9.62497467e-01   4.93928538e-01   1.99172364e-01  -2.82513573e+00
   -2.75555814e+00  -1.34717766e+00   3.37646735e-01   4.80599029e+00
   -1.59000634e+00   6.41868824e-01  -4.44835788e-01   3.17534503e+00
   -1.26908582e+00  -4.18393230e-01  -1.00663945e-01   8.31223773e-02
   -6.08757803e-01 
    3.48091114e+00  -7.65147654e-01   2.17802709e-01   2.03779630e+00
    1.71231700e+00  -8.80375082e-01  -1.16270963e+00   6.67838304e-01
    2.60857210e-01  -1.33061505e+00   7.24664234e-01  -5.71674756e-01
   -3.09623842e+00   5.65452115e-01   1.17980470e+00  -1.26298886e+00
   -3.75223750e-01 
   -2.28292023e-01  -2.80914838e+00   1.64807383e+00   1.28148208e-01
   -7.50296973e-02   4.01246144e-01  -3.69636843e+00  -6.85131057e-01
   -1.83322678e+00   1.23544747e+00   3.29074523e+00   1.47070626e-02
   -4.92106345e-01   1.32857292e+00  -5.51855735e-01  -8.26057408e-01
   -1.37915666e+00 
   -6.45857547e-01   5.30903385e-01  -4.61578077e-01   3.56259244e-02
    2.63601401e+00  -2.17120879e+00   1.21019635e+00   1.01332621e+00
    1.15392758e+00   1.48343252e+00  -2.32381685e+00  -1.74986772e+00
   -1.37395022e+00   1.26143912e-01  -4.11101636e-01  -1.38607083e-01
   -1.59375186e-01 
    2.08295767e+00  -1.84471682e+00   7.50529192e-01   3.29653485e+00
   -2.44882832e+00   7.48645022e-01   4.54483752e-01  -9.75315830e-01
   -1.50647155e+00  -5.26089222e-02  -5.28670809e-01  -3.05934902e-01
    7.12171767e-01   2.48129661e+00  -2.34259285e+00  -2.03320925e-01
    5.96913678e-01 
    1.66626128e+00  -1.10504760e+00  -4.68725050e-01   9.21215847e-02
   -1.04756750e-01  -4.00218992e-01   3.27948335e+00  -3.02933010e+00
   -1.15570043e+00  -1.08210696e+00  -6.37580322e-01  -9.89649081e-01
    1.25541032e+00  -2.09823006e+00   1.02324193e+00   8.12116116e-01
    6.13233598e-01 
    1.65241840e+00   6.63299692e-01  -3.03714165e+00  -4.82167727e+00
    1.35781657e+00   3.05389195e-01   6.21258991e-01   1.58788284e+00
    7.30154913e-01   5.70615740e-01  -7.28181049e-01  -1.21980357e+00
   -3.47888743e-01   1.68507754e+00  -5.08312441e-01   1.38084984e+00
    3.82348910e-01 
   -1.75043761e+00   5.76350175e-01  -2.91322824e-01   3.32790290e-01
    6.26759952e-01  -2.25086687e+00   4.73196354e-01   1.26932602e-01
    1.57558242e+00  -8.88886547e-01   1.44899386e+00   3.08762809e-01
    7.91333180e-01  -1.29792156e+00  -8.91021295e-01   1.29100809e+00
   -8.47015577e-01 
   -2.27614717e-02  -2.58706295e+00   2.25735120e+00   1.21256635e-01
   -2.59758955e+00   3.25766474e-01  -3.68630275e-01   1.72009685e+00
   -2.93056935e-02   1.65456777e+00  -1.59167715e+00  -2.78111243e-01
    5.21031414e-01  -1.01607951e+00   6.92842937e-01   7.19749358e-01
    1.53268103e-01 
   -1.31473035e+00   6.26345665e-01  -8.98099091e-01   2.42198046e+00
   -8.32449740e-01   1.93749532e+00   1.58670250e+00  -1.81848489e+00
    1.72708954e-01  -1.82854969e+00  -4.17584175e-01   5.84595205e-01
    1.81986128e+00  -3.51820219e-01  -2.90917165e-01  -2.58175654e+00
    3.89336101e-01 
   -4.44453178e-01   2.99353729e+00   1.48421618e+00  -9.81216621e-01
   -3.05984395e-01  -5.09665145e+00   1.36997575e+00   3.60723371e+00
    1.32782510e+00  -2.71571933e+00   7.89996455e-01   9.71526111e-02
   -4.68833542e-01  -1.04187842e+00   8.00540190e-01  -5.13695221e-01
   -3.76779870e-01 
   -2.99086510e+00   8.88627091e-01   2.20329859e+00  -1.61554421e-01
    1.72923579e+00  -1.03245872e+00  -1.71802942e+00  -4.28931979e-02
    2.62312642e+00  -9.22756139e-01   3.58536690e-01  -1.81859053e+00
    4.02898722e-01   4.83552493e-01  -1.26627597e+00  -5.20728861e-01
    6.68138960e-01 
   -4.82332226e-02  -9.47419031e-01   5.27945170e-01  -5.83819132e-01
    2.51097205e+00  -1.21502577e+00   1.52638862e-01   2.65893385e+00
   -2.70767612e+00  -1.03532536e+00   1.45464600e+00   9.54907108e-01
    3.20014046e-01  -9.28337193e-01  -5.54192511e-01  -1.47415180e+00
   -4.37852798e-01 
   -2.06215956e+00   1.88388993e-01  -1.52645649e+00   2.16797275e+00
   -9.44119581e-01   1.05758455e+00   9.39546195e-01  -8.23588178e-01
    1.20063411e+00   1.43867901e+00   2.01655044e+00  -1.58391389e+00
    7.90756052e-01  -1.53596687e+00   6.25433062e-01  -3.99826252e-01
   -6.68507092e-01 
    2.37246278e+00   1.80549455e+00  -2.27303125e+00  -1.54848262e+00
   -3.83290577e+00  -1.73311852e+00   8.44528705e-01   6.15837064e-01
    1.39441347e+00  -2.48535935e+00   1.80463379e+00   8.46635619e-02
    9.17449857e-01  -3.91688348e-01  -7.83808566e-01   2.41142645e-01
   -9.43165957e-02 
    2.10064396e+00   4.79766813e-01  -2.23875353e+00   1.95958686e-01
   -1.18172879e+00  -4.85142681e-01   3.10122691e+00  -3.30202522e+00
   -1.72103445e-01  -2.91152971e-01   2.90663986e-01   8.83412232e-01
   -1.35215137e-01   1.36009042e+00   8.20006056e-01   1.54015276e+00
   -3.92060812e-01 
   -6.29581177e-01  -1.10717742e-01   2.18022674e+00  -2.77920659e-01
    1.91162455e+00   1.94778196e+00  -3.65283557e+00   4.08137728e-01
    3.83435545e-01  -9.70368643e-01  -3.64083477e+00  -7.27026968e-02
    2.29474516e+00  -1.51135451e+00  -1.78974535e-01   3.51052154e+00
   -2.90382201e-01 
   -5.64996980e-01   3.24493402e+00   1.14412901e+00   3.58261381e-02
   -1.38867667e+00   1.71507604e+00  -7.49959150e-01   1.33901790e-01
   -8.33075830e-01  -2.60432539e+00  -8.74349435e-02   1.45712298e-01
   -9.02303948e-01   7.64619570e-01  -1.47606347e-01   8.16881623e-01
   -6.72739403e-01 
   -1.10989550e-01  -9.32867898e-01  -1.46727157e+00  -5.80804798e-02
   -2.31718614e-01   2.87117099e+00  -5.78877379e-01   7.56364733e-01
    2.95191844e-01  -3.12922337e+00   1.03355742e+00  -2.89009928e-01
   -1.69118912e+00   6.31702334e-02   3.45952769e+00  -1.70032821e+00
    7.36612771e-01 
   -4.89214307e-02   2.89813599e+00   1.19340559e-01  -1.12351549e+00
    1.04130899e+00  -1.84720714e+00  -2.63255542e+00  -1.24940664e+00
   -5.79274016e-01  -9.37737417e-01  -2.29461774e-01   7.89151749e-01
    9.11547086e-01   5.97779490e-01   2.81800399e-01   9.98105769e-01
   -1.82411497e-01 
   -6.81098484e-01  -4.85098853e-02   3.34219286e+00   1.92650712e+00
    7.89026954e-01   5.42099065e-01  -2.49475853e+00  -1.61909786e+00
   -7.67303275e-01   5.99839387e-01  -2.24651955e+00  -1.61603206e+00
   -1.92891843e+00   1.98735711e+00   1.98738800e+00   1.28923670e+00
    2.48178889e-01 
    1.75467197e+00   9.34572194e-01  -1.29366104e+00  -3.46480611e-01
   -8.66260209e-01  -1.89271937e-01  -5.15554459e-01  -5.63757116e-01
    1.92158035e+00   1.79895432e+00  -2.56302619e+00  -2.17521464e+00
   -5.53329357e-01  -1.91285906e+00   2.57156693e+00   9.41344775e-01
   -5.70899184e-01      3.90249376e+00  -1.10625906e+00   5.89510038e-01  -2.04032659e+00
   -9.28988670e-01   1.64415659e+00  -7.82562151e-01  -1.10000270e+00
    4.48872965e-01   5.38533353e-01  -2.25770379e-01  -3.33694501e+00
   -8.84255430e-01   6.84020457e-01   1.00486845e+00  -1.31261533e+00
   -2.66104242e-02   6.67460746e-02   1.51659991e-01  -1.65821697e-01
   -1.70543719e-01   1.78260012e+00   7.68307479e-01   2.17100238e+00
   -1.15771921e+00  -9.06669158e-01   2.61356480e-01  -1.39673378e-01
    6.35212492e-02  -2.07064289e-01   8.72666406e-02  -9.67107797e-01
    7.07335857e-02 
    5.23576206e-01   3.98298070e-01  -3.61333372e-01  -3.10538663e-01
    1.23861954e+00  -4.93006702e-01  -1.19993425e+00   8.19737270e-01
   -2.06822923e+00  -1.00105741e-01  -8.61808729e-01   1.29226422e-01
    1.13041065e+00  -4.15207409e-02   1.41718224e+00  -2.05664520e-02
   -3.73865526e-01  -1.20622671e+00   1.86202583e+00  -1.99562251e+00
   -1.44364077e+00   2.51893582e-01   6.09347709e-01   2.21011378e-01
   -1.36391198e+00   8.13394044e-01   3.88129638e-01  -4.65914910e+00
    1.44079764e+00  -1.81683652e+00   9.77741802e-02  -1.20219763e+00
    4.68406778e-01 
    5.40853111e-01  -2.69280555e-01   2.77167311e+00   1.25021461e+00
   -1.76076882e+00  -2.22110161e+00  -1.34142125e+00  -9.01069527e-01
    1.18852816e+00   1.15201035e+00   2.83469963e-01   6.58413009e-01
   -1.81848562e+00   1.33826704e-01  -6.37467778e-01  -1.24313386e+00
    2.07318776e+00   1.30497395e-01  -1.47779932e+00   1.49582919e+00
   -1.23015517e+00  -2.52810636e+00  -8.70563387e-01   1.20938129e+00
    1.28179362e+00   5.54239201e-01  -2.56526528e+00  -4.87995628e-01
    2.18604636e+00   6.61961025e-02  -2.11384489e+00   9.86576244e-01
   -2.81427144e-01 
   -1.56062784e+00   6.26726234e-02  -1.64270400e+00  -1.00699327e+00
    2.05441300e+00   1.25216980e+00   1.10607747e+00   7.15147990e-02
    4.63869608e-01  -9.58456118e-01   2.98817873e+00  -1.85685775e+00
    6.63335530e-02  -6.01454883e-01  -3.23082344e+00   2.12883679e-01
    3.92347770e+00  -1.39391060e-01   6.06462638e-02  -2.25292479e+00
   -9.84820348e-01   4.28592495e-01   7.05393993e-01  -2.79798582e+00
    6.55689952e-01   5.89069506e-01   6.92978019e-02   1.02330711e-01
   -2.45943112e-01   2.75090087e-01  -1.81707990e+00  -5.29461432e-01
   -1.92721798e-01 
   -2.15923711e+00  -1.28001509e+00  -2.37663445e+00  -5.60187204e-01
   -1.53126357e-01  -3.26000797e-01  -2.23611323e-01  -1.28781098e+00
   -2.86441584e-01  -3.14031752e+00   1.63328384e+00  -7.29127187e-01
   -2.55744189e-01  -2.73835611e+00   3.06699727e+00  -1.76931072e+00
    4.13190878e-02  -1.79475881e+00   2.43546875e+00  -3.72023940e-01
    1.13860434e+00  -1.20675181e+00  -3.60148723e+00   2.15271474e+00
    1.77197251e+00   1.29817565e+00  -1.57590703e+00   9.11388236e-02
    1.30946875e-01   1.16950483e-01  -9.98661527e-01   1.91866337e+00
   -1.75768307e-01 
   -1.87576640e+00  -2.75201487e-01   5.06400084e-01   1.25509889e-01
    1.17563315e+00  -6.24983808e-01  -4.85075181e-01  -3.50337383e+00
    1.24782166e+00   1.46326463e-01  -2.49357063e-01   4.57024787e-01
   -8.88889841e-01   1.89629733e+00  -7.26655760e-01  -2.19543229e+00
   -1.45923056e+00   8.37804874e-01  -2.69537973e-01  -2.53726102e+00
    4.20361689e+00   6.18209255e-01  -3.13968458e-01  -1.77784152e-01
    6.23602396e-01   5.61959967e-01  -1.22761240e+00  -1.85560743e+00
   -3.96923393e+00   7.90411960e-01  -2.00011626e-01   2.42288073e-01
    8.50951683e-03 
    6.92232779e-01  -1.49337004e+00   1.66692309e-02  -7.45846167e-01
   -1.64362152e-01  -2.97784742e+00   9.79176688e-01   1.19785805e+00
    6.67836320e-01  -2.07773958e+00  -5.76829713e-01   2.83602326e+00
    3.04493206e+00  -1.55062223e+00  -9.20869398e-01  -3.99679657e+00
   -7.51252562e-01   1.99992684e-02   1.34474446e-01  -7.41963428e-01
   -9.34497963e-01  -7.08712248e-02  -3.24130250e-01  -7.66528373e-01
   -1.21983628e+00  -2.12508566e+00   8.95830206e-01   4.66614845e-01
    4.29952327e-01   2.64625590e+00   1.16537318e+00   1.49119425e-01
   -4.32094654e-01 
    4.83569711e-02  -5.54030297e-01   2.18557361e+00  -6.65870202e-01
    1.99036758e+00   1.30509344e-02  -8.88199088e-01  -3.50400760e-01
   -1.49962894e-01   5.71473340e-01  -4.45420966e+00   1.65358310e-01
    4.68251143e-01  -1.99970926e+00  -5.17327374e-01   2.33278486e+00
   -2.63865592e+00  -4.22610189e-01  -2.13025083e+00  -2.22634816e-01
   -2.62379297e+00   7.49109366e-02  -3.01417984e+00   1.82111679e-01
   -2.59399751e-01   3.46156244e+00   2.82527084e-01   7.83138910e-01
   -1.50380266e+00   8.12505565e-01   1.29588148e+00  -3.02238654e-01
   -1.29415445e+00 
   -2.12843979e+00   2.55472679e+00   1.32645320e+00   1.64609409e+00
   -2.05268721e+00  -2.87562421e-01   1.31630558e+00  -2.42720779e+00
    2.50903521e+00   3.97429547e-01   8.41093187e-01  -1.67091036e+00
    1.10779584e+00  -1.83034688e+00   1.76535532e+00   1.11977019e+00
   -6.49133086e-01  -2.57822973e+00  -4.23562927e-01   4.83500733e-01
   -1.49213168e+00  -1.76270250e+00   2.43347012e+00  -1.27338389e+00
   -2.10372460e+00  -3.86495063e-01   1.85232928e-02   2.52540376e-01
   -1.49926245e+00   1.45601100e-01   1.48260655e+00  -2.08761536e+00
   -5.89386603e-01 
    1.25487915e+00  -1.09137807e+00  -9.67054912e-01  -1.59722900e+00
   -8.07267230e-02   1.52048036e-01  -1.15748351e+00  -2.64583778e+00
   -2.72342809e+00  -2.67610283e+00  -1.88085342e+00   2.12572130e+00
   -2.71886211e+00  -1.49871408e+00   4.21490277e-01   4.11444563e-01
    5.84319225e-01  -8.92761097e-02  -2.32734182e+00   1.64761934e+00
    1.41809870e+00   1.20221599e+00   5.04236025e-01  -2.52398469e+00
    2.68573066e+00  -1.01924015e+00   2.31130199e+00   6.59595654e-01
    2.91009948e+00   4.66161117e-01   2.35118837e-02  -2.09344607e+00
   -5.27819448e-01 
   -1.15001797e-03  -3.11327233e+00   5.06299123e-01   1.11540479e+00
   -5.47372327e-01   1.49127471e+00  -1.26763266e+00  -2.25420360e+00
   -2.03645824e+00  -2.61376064e-01   1.21921499e+00  -1.31168517e-01
   -2.59889713e+00   1.80076379e+00  -3.49175597e-01   3.44071399e-01
    1.73032315e-01  -1.50287320e+00   1.09668875e+00   1.65798047e+00
   -8.94002337e-01  -1.45910285e+00  -1.43403523e+00  -3.14767281e+00
   -1.55390740e+00  -1.65399750e+00   3.72722994e+00   1.02850604e+00
   -1.18289616e+00  -3.36314069e-01   1.53832334e+00   2.64159031e+00
   -6.32675090e-01 
   -1.08618687e+00   4.85972718e+00  -1.53510387e+00  -2.67949642e+00
   -2.23837271e+00  -1.24418105e+00  -1.17309069e+00  -1.62285282e-01
    1.11822124e+00  -2.44356056e+00  -2.72504212e+00   3.75192795e-01
   -6.49287687e-01   1.34764877e+00  -4.56257329e-01   1.63111110e+00
   -4.90399440e-01  -5.89330626e-01   9.33107129e-03  -9.67602460e-01
    7.58660289e-01   1.80651747e+00  -6.64060175e-01   1.03492187e+00
    3.83537100e-01  -1.65504008e+00  -1.55945449e+00  -4.48275159e-02
    1.18626447e+00  -1.02004344e+00   1.87936239e+00   1.32159756e+00
   -7.31656370e-01 
   -4.26073083e-01  -1.00822440e+00  -2.53937349e+00  -2.14785008e+00
   -2.19024944e+00   1.03454498e+00  -1.07934758e-01  -1.78184866e-01
   -7.14513391e-01   3.80961804e+00   1.55660102e-01   2.23228160e+00
   -9.84919143e-01   4.62978229e-01  -5.84498217e-01  -1.36313559e+00
   -1.41511312e-01  -1.11328669e+00  -4.79561467e-01  -1.54609317e+00
    2.92671916e-01  -3.31434301e-01  -9.01390545e-01  -7.07676885e-01
   -1.64947403e-01  -2.03001376e-01  -2.02113109e+00   5.31548855e-01
    1.59153950e+00  -1.26629430e+00   2.14021640e+00  -4.44818913e-01
   -2.15028213e-01 
   -2.33201463e-01  -8.13187152e-01   4.22216683e-01   1.98052457e+00
   -2.49149919e+00   1.41088693e+00  -2.54303692e-01   1.21025722e+00
    9.55423179e-01  -7.70757166e-01  -9.59965790e-01   1.40216490e-01
   -1.74298028e+00  -7.85928098e-01  -2.80992557e+00   2.27816888e+00
   -3.20689458e+00   5.21861465e-01   1.05478411e+00  -8.49384417e-01
    9.27970906e-01  -5.49878662e-01   1.52752317e+00   3.82186484e-01
    2.24633654e-01  -2.17671563e+00   9.46304896e-01  -1.36867008e+00
   -2.15402609e-02  -1.25869712e+00  -9.64983439e-01   7.56778731e-01
   -6.36800501e-01 
   -6.19053906e-01   2.35525805e+00   3.20325506e-01  -1.15765550e+00
   -1.00139346e+00  -2.02221093e-01   1.00773120e+00   1.56591773e+00
   -1.11283125e+00   2.71557982e-01  -9.86503653e-01  -6.74126839e-01
    1.99016443e-01   3.98401975e-01   2.00165052e+00  -1.24469273e+00
    5.01387606e-01   2.40242667e-01  -1.53097420e+00   4.06890981e-01
   -8.29580940e-01   9.90015420e-01  -3.76687161e-01  -4.56222440e-01
    1.07731355e+00  -1.23732740e+00  -4.15465448e-01  -4.11622250e-01
   -2.78075702e+00  -1.31668903e-01  -2.04613863e+00  -3.03858428e+00
   -1.02478465e+00 
   -1.36663359e-01  -1.85075515e+00  -2.47055985e+00   2.21513454e+00
    1.45056727e+00   8.51810161e-01  -3.44037299e-01  -5.36145034e-01
    2.27113750e+00   1.26153765e+00   2.60994053e-01   5.83201267e-01
    9.70265841e-03   2.73986154e-01  -1.03364068e+00  -6.76613120e-01
   -2.60107206e-01  -1.98067475e+00  -9.09340449e-01   1.71965523e+00
   -3.51280670e-01   7.73141268e-01   4.95146989e-01  -1.59866382e+00
   -3.95856394e-01  -1.63872816e+00  -1.70572921e+00  -7.22126553e-01
    1.10348918e+00  -4.52280495e-01  -9.45058675e-01  -6.93780804e-01
   -1.74415477e-01  