NN 16 32 16  -3.90715294 -1.12992372  0.05570007  0.65814616  2.70329533 -0.96977067
  -2.08807906 -2.15240979  3.59106489 -1.19448975 -0.20175503  0.3255425
   0.96577526 -0.14034337  0.37182973 -0.51152231 -0.81056965 
   0.65012058 -0.49690307 -0.35249433 -0.12173006  1.04589802 -0.28236869
   0.39089925  0.48034857 -2.7748465   0.78078225  2.25931575 -4.0540985
   0.88420986  0.78556611 -2.22522891  1.37425665  0.65573393 
  -1.07218695  0.16042616 -2.52194031  0.8608049   2.87491022 -1.95530208
  -0.70563672 -0.77682314 -1.07733587  0.58744755 -0.44219233  0.24929006
   1.44332394 -0.65914631 -0.26882173  2.09766265  0.17686417 
   1.65526631 -0.9365247  -1.43932632  1.05432033  0.16355965 -1.14440417
   0.82250067 -0.40683301 -1.67845685  0.82852482 -1.57988419  1.64654611
   1.77154761 -1.62489808  1.22371981 -1.97627506 -0.20451916 
  -0.15475323 -1.74878459  1.48964369 -1.3459879  -0.10394406 -0.75378445
  -0.067815   -2.10126132  1.21105296 -0.52437066  0.1386177   2.15903849
   1.5765639   2.25696939 -0.19818004 -1.49291455 -0.69626519 
  -0.31287859  1.17432538  2.00050866 -1.34090678  0.65763032  1.25788046
   2.04482281 -0.44437749  0.00878233 -0.27657186 -2.01455529  0.60032835
  -0.86079594 -1.4543544  -0.49505392 -0.02718288  0.09567475 
   0.88938899  1.52873568  1.6856719  -1.93811338 -0.01919176  0.23357921
  -2.01538262  1.59143832 -0.59088608  0.50733342  0.92319539  0.23302582
  -0.14674261 -0.47931993 -1.46502386  0.79207187 -0.73938969 
   0.7599452  -1.23265383  1.30999197 -0.48824008  0.67545168  4.23489043
  -2.26808879 -0.10969777  2.51571841  2.45530957  0.18854221 -0.24420186
  -0.64684119 -2.78062501 -1.43388195 -0.13514717 -0.68371106 
   0.13793883  2.76789831 -0.76696629 -1.1135331   0.64440773 -1.25691896
  -1.22356942 -0.08570738 -1.69967133  2.45339287  1.38881395 -1.34180851
   1.00845994 -1.83222097  1.50723335 -1.6703565  -0.1079394  
  -1.2785418  -0.21259289 -0.60091422  1.10945189  1.71366243 -0.90213758
   1.33041712 -0.85693816 -1.22646953  0.69494779  0.73157256  2.04945226
  -2.96029139  0.40450668 -0.87117493 -1.43324759  0.28300196 
  -0.7233479   0.56444009 -0.04114188 -2.85118267 -2.42720487 -1.38259884
   0.00915521  4.28695818 -1.27190303  0.47790409 -0.1757913   3.19279206
  -1.06225498 -0.34584342 -0.0902755   0.08764375 -0.5796809  
   3.05645315 -0.87805065  0.23294978  2.05599224  1.58810675 -0.6847816
  -1.33248287  0.68832557  0.30380935 -1.2037703   0.48302653 -0.6205804
  -3.10552478  0.449633    1.08955106 -1.02863117 -0.27625199 
  -0.24484914 -2.56100355  1.59648388  0.18187971 -0.25687501  0.40456255
  -3.44145423 -0.34640783 -1.99249412  1.01670014  3.04001857  0.1991135
  -0.53542078  1.23549474 -0.59958889 -0.77955735 -1.35557868 
  -0.6405402   0.46493923 -0.55936475  0.0892467   2.26234128 -2.05011253
   1.05708648  1.06332401  1.12146714  1.59015382 -2.34379043 -1.78425811
  -1.14228683  0.3006238  -0.43396059 -0.08715451 -0.16635619 
   1.66398726 -1.80583808  0.62033446  3.17429824 -2.28873804  0.66951844
   0.45798456 -0.96494457 -1.55373395 -0.18822849 -0.50109363 -0.21082131
   0.80393032  2.3700194  -2.22660675 -0.15399084  0.60426993 
   1.7188206  -1.17372723 -0.22513298  0.0424739  -0.18722161 -0.33319181
   3.12740558 -2.99209707 -1.14180401 -1.06650877 -0.53741645 -0.912693
   1.19141921 -1.94123417  0.95639838  0.58985849  0.53781072 
   1.46273961  0.66567264 -3.01710746 -4.49350326  1.22411517  0.08818327
   0.57562651  1.63846074  0.79562587  0.31333154 -0.80150703 -1.27577267
  -0.29522979  1.60348461 -0.54341803  1.21028218  0.30302355 
  -1.55387551  0.59436862 -0.28476612  0.30017027  0.6920137  -1.81185485
   0.2693885   0.31411106  1.49029438 -0.91659985  1.29768572  0.24699412
   0.86474227 -1.15493422 -0.74333957  1.20598238 -0.71145539 
  -0.1358485  -2.48937314  2.29108595 -0.02161726 -2.49174358  0.41904932
  -0.24333753  1.48915225  0.21842575  1.66223652 -1.57208622 -0.44941477
   0.54512711 -1.04587754  0.6667735   0.7133659   0.1675849  
  -1.44868819  0.53458389 -0.84755082  2.10999046 -0.76369999  1.87099333
   1.19493997 -1.6601791  -0.14508602 -1.88470179 -0.57222338  0.57234515
   1.69002213 -0.15777731 -0.37696665 -2.43469244  0.25970563 
  -0.22322961  2.7172137   1.20426907 -0.54020958 -0.25492506 -4.78094817
   1.28228194  3.57060633  1.55537697 -2.37968998  0.74423244 -0.23557176
  -0.42307914 -0.82332296  0.80451326 -0.34243088 -0.2822468  
  -2.73520253  0.8601636   2.15628076 -0.06335712  1.54710789 -0.97817242
  -1.50804098 -0.29088857  2.3396056  -1.17546897  0.30176641 -1.73475953
   0.43060124  0.42232499 -1.19728486 -0.49053585  0.61858746 
  -0.3049653  -0.72216448  0.58794828 -0.78627991  2.38745924 -1.08400885
   0.23525121  2.53180968 -2.65008605 -0.86138605  1.36752495  0.93814196
   0.38994781 -0.82983366 -0.51414296 -1.203795   -0.38780278 
  -2.04239594  0.19231667 -1.37805109  2.10656906 -1.04453136  1.22540119
   0.82184359 -0.72519941  1.06691352  1.51430013  1.75505371 -1.68939544
   0.88913642 -1.27534821  0.6925929  -0.26649586 -0.57255382 
   2.11875996  1.77911564 -2.24692101 -1.19677645 -3.74840215 -1.55846642
   0.99341054  0.62595466  1.35995817 -2.38630348  1.86466896 -0.21238765
   0.77637671 -0.36778355 -0.75850126  0.15829026 -0.12580429 
   1.92941697  0.21666267 -2.17130625 -0.05288462 -1.1895597  -0.55629068
   2.88008652 -3.07662184 -0.19481243 -0.33075055  0.21963955  0.76197473
  -0.24319621  1.34118697  0.66332343  1.21884138 -0.55879322 
  -0.73300942 -0.33391777  2.05075338 -0.11879132  1.68303864  2.13063814
  -3.4718262   0.19776957  0.28931601 -0.8895542  -3.28199915  0.34234098
   2.0382258  -1.49697633 -0.13331789  3.26379935 -0.27304601 
  -0.56523894  2.9444023   1.28613486  0.13683525 -1.42554489  1.90259386
  -0.64157682  0.11643284 -0.8412038  -2.36456336 -0.11970785  0.09871583
  -0.87694953  0.64287517 -0.04890554  0.83485447 -0.54467454 
  -0.30520449 -0.97437162 -1.30944966  0.05268588 -0.04044456  2.63009479
  -0.64773364  0.88579013  0.2573267  -2.88457072  1.1408582  -0.24517969
  -1.50333282 -0.0058057   3.28560984 -1.56153224  0.68821495 
  -0.13534677  2.56796444  0.24272851 -1.04010647  0.96069483 -1.73229091
  -2.54120255 -1.30897435 -0.63149015 -0.99702399 -0.21268263  0.93904752
   0.71158666  0.48649029  0.18086833  0.96088599 -0.14869456 
  -0.79962775  0.1161702   3.02410194  1.70379626  0.84790133  0.44850061
  -2.16633152 -1.40284213 -0.80962478  0.74142546 -2.17053396 -1.42130496
  -1.86947025  1.73451323  1.79229094  1.18838904  0.23540498 
   1.56823622  0.88507943 -1.13094823 -0.25174491 -0.95376469 -0.23832844
  -0.46077796 -0.54251956  1.80924841  1.75417117 -2.42653672 -2.13020785
  -0.53813418 -1.79940253  2.48003453  0.84331979 -0.56609028      3.69567894e+00  -1.15239168e+00   3.32402081e-01  -2.00736277e+00
   -1.05132372e+00   1.48510597e+00  -7.80911602e-01  -1.14496761e+00
    4.95489662e-01   7.59213158e-01  -1.24483447e-01  -3.17233306e+00
   -7.97352508e-01   6.45895583e-01   1.00844945e+00  -1.51179159e+00
   -2.09850508e-01   6.45341617e-02   5.30846782e-02   6.98050432e-02
   -2.05289924e-01   1.82262947e+00   6.96481311e-01   2.17654713e+00
   -1.53905002e+00  -8.41598004e-01   3.45651123e-01  -4.38448361e-03
    1.09369919e-02  -1.79674125e-01   2.14592744e-01  -1.24885366e+00
   -5.69920807e-02 
    6.66231589e-01   4.15982487e-01  -2.74322174e-01  -2.73606406e-01
    1.24339325e+00  -3.15221952e-01  -1.29961433e+00   8.79468639e-01
   -2.07945992e+00  -1.73354392e-01  -7.97125884e-01  -9.26030458e-03
    1.15568808e+00  -2.25995373e-01   1.47904734e+00   7.47329458e-02
   -7.83499817e-02  -1.08932802e+00   2.02234104e+00  -2.00011002e+00
   -1.37172548e+00   2.89567722e-01   3.70183407e-01  -2.52674030e-02
   -1.34157772e+00   9.05181545e-01   6.65160041e-01  -4.45248674e+00
    1.38297645e+00  -1.56697522e+00   2.18538870e-01  -1.25220922e+00
    3.31640145e-01 
    7.19380807e-01  -6.46411088e-03   2.78300613e+00   1.09062941e+00
   -1.85794868e+00  -2.00733343e+00  -1.13284113e+00  -8.72128181e-01
    1.35142113e+00   1.00297194e+00   3.50825617e-01   5.88168642e-01
   -2.09733851e+00   4.09966435e-02  -5.12401435e-01  -1.25254206e+00
    2.26494169e+00   1.02717792e-01  -1.37158448e+00   1.32729124e+00
   -1.27823787e+00  -2.38038734e+00  -1.11709517e+00   1.29197887e+00
    1.25495556e+00   6.74438910e-01  -2.52500114e+00  -4.65494937e-01
    2.21314048e+00  -1.67807428e-01  -2.26350626e+00   9.21475442e-01
   -3.57309466e-01 
   -1.57905137e+00   3.74083395e-01  -1.47885798e+00  -9.61991687e-01
    1.95361532e+00   1.18888358e+00   1.29914329e+00   1.81189754e-01
    6.43282493e-01  -8.96618688e-01   2.84571308e+00  -1.94258547e+00
    3.94046776e-01  -8.13363029e-01  -3.18242399e+00   2.97176627e-01
    3.94264221e+00  -1.49779323e-01   1.21662523e-01  -2.31292791e+00
   -9.16140404e-01   5.60584381e-01   8.49081541e-01  -2.90382086e+00
    6.51299363e-01   5.43930919e-01  -7.73822231e-02  -8.75759481e-03
   -2.98149611e-01   2.63590246e-01  -1.69021241e+00  -4.25651525e-01
   -1.17241329e-01 
   -1.99303635e+00  -1.20937723e+00  -2.34055219e+00  -5.73247951e-01
    3.16030655e-02  -4.68308496e-01  -9.88324953e-02  -1.18088244e+00
   -2.87829251e-01  -3.01858023e+00   1.41142474e+00  -6.92693585e-01
   -1.96086861e-01  -2.53061135e+00   2.88082682e+00  -1.79154800e+00
   -1.40045210e-01  -1.61542178e+00   2.48312913e+00  -3.06858396e-01
    1.21738696e+00  -1.25334359e+00  -3.35383519e+00   2.03404493e+00
    1.95997794e+00   1.17170716e+00  -1.55717240e+00  -1.26742492e-01
   -2.93298013e-01  -1.65901353e-01  -1.28210509e+00   1.82429286e+00
   -2.67681882e-01 
   -1.57918741e+00  -1.90990024e-01   7.22829132e-01   3.06322380e-01
    1.11135485e+00  -6.71130280e-01  -5.27899235e-01  -3.52479254e+00
    1.11960394e+00   1.29445799e-01  -3.45550296e-01   4.41070553e-01
   -9.36619869e-01   1.98433660e+00  -8.28332841e-01  -1.95777203e+00
   -1.42183566e+00   6.73348379e-01  -8.96483871e-02  -2.43125046e+00
    4.39789404e+00   5.52806756e-01  -1.64863026e-01  -1.09893919e-01
    4.66734854e-01   6.02928710e-01  -1.30360621e+00  -1.73226662e+00
   -3.83144546e+00   8.36532868e-01  -4.78645058e-02   4.44637697e-01
    1.80143791e-02 
    9.00103479e-01  -1.42811986e+00   2.17875050e-02  -8.40048092e-01
   -1.27373463e-01  -2.41154709e+00   1.08931877e+00   9.21116491e-01
    5.99408248e-01  -2.02937347e+00  -6.32496676e-01   2.77035060e+00
    3.01511193e+00  -1.62056919e+00  -1.03132230e+00  -3.94844268e+00
   -1.04158047e+00  -2.20838334e-02  -5.03858428e-02  -6.32607977e-01
   -7.84271412e-01  -1.64820650e-01  -2.83582372e-01  -7.44254316e-01
   -1.42647814e+00  -1.99750799e+00   1.03383389e+00   4.17128831e-01
    3.87669621e-01   2.87632028e+00   9.24894052e-01   2.29804374e-01
   -4.13992172e-01 
    1.11521129e-01  -6.57773911e-01   2.18740111e+00  -5.28352206e-01
    1.77310706e+00  -6.46741850e-03  -9.34231758e-01  -2.79853839e-01
   -3.13490434e-01   5.31193229e-01  -4.40342971e+00   2.49979168e-01
    1.32535310e-01  -1.92080255e+00  -5.33156101e-01   2.35972659e+00
   -2.44337778e+00  -5.56209154e-01  -2.32854101e+00  -2.82514692e-01
   -2.58330379e+00  -1.49067224e-01  -2.95278840e+00   1.52446689e-01
   -4.97268431e-01   3.53713464e+00   4.66103380e-01   6.44111937e-01
   -1.39416378e+00   7.80947209e-01   1.24888309e+00  -1.16313084e-01
   -1.05374418e+00 
   -2.09184824e+00   2.46084736e+00   1.19907962e+00   1.45189118e+00
   -1.94873909e+00  -2.71327501e-01   1.23775822e+00  -2.38437839e+00
    2.28288803e+00   3.08257260e-01   7.26811430e-01  -1.56842027e+00
    1.14310166e+00  -1.70452560e+00   1.98358112e+00   1.29951202e+00
   -7.49906862e-01  -2.48691746e+00  -3.59678536e-01   5.57350140e-01
   -1.56284368e+00  -1.76311619e+00   2.19050088e+00  -1.32432139e+00
   -1.92497998e+00  -3.37140020e-01   1.28208126e-02   4.26155522e-01
   -1.35810096e+00  -2.48568869e-02   1.54879821e+00  -1.94865285e+00
   -5.49497337e-01 
    1.13779229e+00  -9.84875896e-01  -9.34821359e-01  -1.50386744e+00
   -1.02243173e-01   2.26228320e-01  -9.56286379e-01  -2.51383123e+00
   -2.52604442e+00  -2.62181947e+00  -1.84449286e+00   1.88009063e+00
   -2.61879782e+00  -1.41550890e+00   2.01150405e-01   2.63575975e-01
    5.81832948e-01   2.40453004e-02  -2.21053270e+00   1.70901070e+00
    1.42205173e+00   1.29122390e+00   5.78654593e-01  -2.49564632e+00
    2.75170144e+00  -8.54776213e-01   2.09005223e+00   5.45142354e-01
    2.61131352e+00   4.67340463e-01  -2.29849991e-02  -1.90426324e+00
   -3.82793858e-01 
   -9.65768242e-02  -2.92415874e+00   4.04655054e-01   9.48413803e-01
   -5.71628039e-01   1.33841724e+00  -1.17659583e+00  -2.27028384e+00
   -1.85367412e+00  -1.50261555e-01   1.21421490e+00   3.27393084e-02
   -2.66229365e+00   1.80457506e+00  -3.33303541e-01   3.03709253e-01
    4.68040596e-01  -1.32410482e+00   1.07501302e+00   1.63673895e+00
   -7.96945074e-01  -1.38078161e+00  -1.41335798e+00  -2.83072662e+00
   -1.64983872e+00  -1.58363531e+00   3.57600138e+00   1.04323071e+00
   -1.15607763e+00  -3.60610050e-01   1.59881543e+00   2.60642670e+00
   -5.24976127e-01 
   -1.16007212e+00   4.48658180e+00  -1.38270456e+00  -2.58685989e+00
   -2.19156236e+00  -1.20534373e+00  -1.17075592e+00  -5.57956261e-02
    1.09739285e+00  -2.37117430e+00  -2.67188060e+00   3.19734297e-01
   -6.71264453e-01   1.35146395e+00  -2.83811896e-01   1.60919034e+00
   -7.26310074e-01  -6.09030346e-01   2.39125581e-03  -8.88221701e-01
    7.56950709e-01   1.79590225e+00  -7.11681587e-01   9.77278008e-01
    5.37769599e-01  -1.65885886e+00  -1.50883076e+00  -1.10156941e-02
    1.09751844e+00  -9.10925741e-01   1.73511711e+00   1.29603932e+00
   -6.60317889e-01 
   -4.30592507e-01  -9.46951099e-01  -2.53465101e+00  -2.09874851e+00
   -2.11523552e+00   9.60071794e-01  -3.95820189e-02  -1.53559837e-01
   -6.94064711e-01   3.56201833e+00   6.51976469e-02   2.23151925e+00
   -9.81133914e-01   3.54097297e-01  -5.01039987e-01  -1.30744353e+00
   -1.00173016e-01  -1.11180691e+00  -4.31174909e-01  -1.47148652e+00
    3.33717506e-01  -3.45473338e-01  -8.93256800e-01  -6.90023312e-01
   -9.34543365e-02  -1.87143992e-01  -1.87860369e+00   5.06731257e-01
    1.61890185e+00  -1.24470906e+00   2.08197474e+00  -4.28872375e-01
   -1.97440822e-01 
   -2.75940880e-01  -8.04180303e-01   4.91881173e-01   1.93185105e+00
   -2.38178142e+00   1.29730477e+00  -2.43563854e-01   1.06912924e+00
    9.45500223e-01  -7.69936560e-01  -9.29641819e-01   7.39568564e-02
   -1.70631153e+00  -7.56905938e-01  -2.68962348e+00   2.11138466e+00
   -3.03587614e+00   4.17575431e-01   9.94208585e-01  -8.46512595e-01
    7.91964358e-01  -6.12589502e-01   1.43271147e+00   3.42961709e-01
    2.64359739e-01  -2.10943985e+00   9.15377440e-01  -1.35038536e+00
    1.59114466e-02  -1.15291760e+00  -9.40532028e-01   7.15937745e-01
   -5.76282158e-01 
   -5.77778092e-01   2.20567467e+00   3.19328096e-01  -1.11253628e+00
   -9.87470161e-01  -1.90439966e-01   9.64400515e-01   1.56499631e+00
   -1.05973661e+00   2.34498792e-01  -1.02760504e+00  -6.54296935e-01
    2.33774713e-01   3.91769534e-01   1.96428769e+00  -1.18130542e+00
    4.71148376e-01   2.61207507e-01  -1.38371990e+00   4.39007600e-01
   -7.72305564e-01   1.02021346e+00  -3.48786827e-01  -3.56243646e-01
    9.54527604e-01  -1.26502214e+00  -3.79389205e-01  -3.74229483e-01
   -2.55210205e+00  -1.42480842e-01  -1.87240401e+00  -2.91663605e+00
   -9.49102039e-01 
   -1.87839169e-01  -1.76806027e+00  -2.38804345e+00   1.96398692e+00
    1.35723061e+00   9.15863488e-01  -4.24890287e-01  -5.20409605e-01
    2.02032089e+00   1.25255711e+00   2.06400082e-01   4.42787196e-01
   -1.03172980e-01   2.64478924e-01  -1.04679034e+00  -5.71686434e-01
   -2.63113674e-01  -1.85640701e+00  -9.13147189e-01   1.67740079e+00
   -4.64493671e-01   7.66252377e-01   4.16989057e-01  -1.52629924e+00
   -5.20041613e-01  -1.57277112e+00  -1.64684427e+00  -6.05218020e-01
    1.11349661e+00  -5.14806032e-01  -8.86363779e-01  -6.59546763e-01
   -1.99024759e-01  