NN 16 32 16  -2.40760316 -0.27531627 -0.50111302  0.71586873  0.69869544 -0.23196573
  -0.49447961 -0.48418898  1.25010892 -0.91340607  0.21253419  0.88024052
   0.48686138  0.00578136 -0.05032954 -0.06113817 -0.49012352 
   0.33114507  0.06893306 -0.38867474 -0.85998605  0.53212074 -0.20849777
  -0.04140551  0.53234843 -1.46234502  0.35682553  1.28874811 -2.23859008
   0.35208566  0.58918182 -0.48566797  0.52960949  0.5121701  
  -0.06904428  0.35403737 -1.56315532  1.08877509  1.35252207 -0.87968528
  -0.66152988 -1.3465216  -0.62413885  0.21407218 -0.03294963  0.16023925
   1.47228319 -0.70808613 -0.06458162  0.52519259  0.36683164 
   1.23857938 -0.60644375 -0.37184559  0.49906395 -0.40269282 -0.88109735
   1.12318018  0.06858537 -0.62692422  0.85818726 -0.61006372  1.39944694
   1.05015772 -1.36186875  0.55814665 -0.71489735 -0.37572757 
  -0.17650972 -0.82524369  1.16869428 -0.75651488 -0.45189635 -0.78398721
  -0.05671276 -1.18093209  1.39998486  0.26303251 -0.15153409  1.21921663
   1.12821424  1.29585205  0.12945193 -0.81596191 -0.57761749 
  -0.1206046   0.32737203  0.58165759 -0.58488497 -0.01584718  0.76163998
   0.5938364   0.18816345 -0.10400694 -0.28679667 -0.50324458  0.70023329
  -0.48327256 -0.87197792 -0.22055328  0.10648017 -0.27706016 
   0.26118123  1.10707103  0.97732198 -1.13384566 -0.3887399  -0.05095479
  -1.30353089  0.68920667 -0.57817498  0.27102185  0.63043358  0.64347433
  -0.23460553 -0.11275861 -0.5947694   0.51516905 -0.39499257 
   0.35999988 -0.95393958  0.73324822 -0.23076727  0.33528346  2.33080483
  -0.9506963  -0.23640389  1.5120631   1.5869946   1.02834378 -0.89947615
  -0.34759831 -1.19453405 -0.76338195 -0.20595013 -0.68893285 
   0.07136487  1.69111269 -1.0161902  -0.16742171  0.61577794 -0.76706121
   0.20607234 -0.15012343 -1.08844088  1.62524903  0.78546338 -0.65518859
   0.17427252 -1.04056751  0.29955846 -0.31621354 -0.0694536  
  -1.45548041  0.54525185 -0.78797048  0.66514966  1.64735205 -0.22513981
   1.35924388 -0.46374515 -0.40493974  1.2729807  -0.00556308  1.12496502
  -1.62949649  0.0120897  -0.10340969 -0.73352253 -0.09175946 
  -0.27106346  0.70226832 -0.28818303 -2.00433456 -1.39322504 -0.67727724
   0.28972523  2.44667214 -0.3634125   1.07552139 -0.77510207  1.30549213
  -0.42223184  0.11691164  0.07182856  0.04751815 -0.53509485 
   1.52442449 -1.04932004  0.71530139  1.62164478  0.8591493   0.19980908
  -1.21624288  0.10686534  0.71282747 -0.42326011 -0.54016818 -0.12311393
  -1.56107069  0.11771639  0.27070151 -0.37010169 -0.01537613 
   0.33592163 -1.30874235  0.77822043 -0.63268521  0.33333735 -0.07187114
  -2.52785001  0.33387482 -1.20498     0.6949441   1.92080593  0.40973167
  -0.07120287  0.78627526 -0.33752069 -0.33133436 -0.69298945 
  -0.03979694 -0.2373379  -0.77256205  0.34280863  1.72132483 -1.41739125
   0.73477221  0.04313842  0.75458039  1.2552704  -1.75126687 -1.52963958
  -0.16387029  0.38253739 -0.14852576 -0.17276283 -0.15938101 
   0.31318967 -1.85311938  0.00316428  1.75620427 -1.66245991  0.86262751
   0.06166994 -0.13343316 -1.34391471  0.28485993  0.00725895 -0.61562213
   0.36615107  1.63169629 -0.66838683  0.11144145  0.62617969 
   0.95278078 -0.71937911  0.06850984 -0.02715179 -0.07481317  0.57285311
   2.2505693  -2.09140341 -1.20057347 -0.18812043 -0.38306489 -0.75079234
   1.34240866 -1.25233093  0.24070587 -0.18015308  0.31451927 
   1.09852371  0.32960157 -2.05561165 -2.60875705  0.07429874  0.24302709
   0.64701643  1.26903507  0.38419987 -0.52942127 -0.72018858  0.01094599
  -0.26430315  1.60195402 -0.48201369  0.345391   -0.09896249 
  -0.96328141  0.02403109  0.14532704  0.01512426  0.85401677 -0.72078197
  -0.37406265 -0.06488322  1.19923533 -0.33570194  0.64334731 -0.1740483
   0.42399533 -0.43193292 -0.21568811  0.1886179  -0.42302581 
   0.31304932 -1.49500443  0.80650362 -0.6659145  -1.86729846  0.57942158
   0.48022765  1.25188613  0.61783034  1.36064661 -1.24866441 -0.58062088
   0.0215469  -0.79298972  0.47542232  0.28612232  0.13634524 
  -0.95862674  0.54789845 -0.86772325  1.3544441  -0.16856385  1.71802147
  -0.25567723 -0.69550206 -0.27194174 -1.37337736 -0.65621707  0.45476152
   1.0853199   0.56749473 -0.02013936 -0.48459259  0.46166005 
   0.27949967  1.80700531  0.73998458  0.09969661 -0.7264023  -2.88662663
   0.66182145  2.06100712  1.02744864 -0.75216755  0.46446334 -0.81658483
  -0.77576427 -0.28269583  0.31264082 -0.20515188 -0.24200485 
  -1.99580194  0.39527269  1.23169909 -0.64590394  1.13103919 -0.60721039
  -0.19500432 -0.3678256   1.18958698 -0.99616862  0.34953055 -1.40484671
   0.23180648  0.60261755 -0.46550966  0.04224255  0.59786124 
  -0.54979346 -0.28892113  0.50562193 -0.82794488  1.6565246  -1.20623642
   0.22560951  1.49872537 -1.52863401 -0.68044746  0.84356204  0.43856532
   0.72318984 -0.48674979 -0.27531414 -0.05462513 -0.31562036 
  -1.37332116 -0.11062113 -0.85668544  1.70969131 -0.94962522  0.53873674
   0.24245064 -0.72068845  1.60886271  1.53489714  0.89100299 -1.28645472
   0.05048482 -0.7431279   0.33425803 -0.41312529 -0.38459368 
   1.4970407   1.27469911 -1.13592789 -0.25336718 -1.72819131 -0.31410842
   0.89426549  0.25637216  0.69253997 -1.84207671  1.59206283 -0.49551546
  -0.06380001 -0.1224846  -0.16564279 -0.23402737 -0.20410028 
   0.98836559 -0.02830652 -1.20470938 -0.31980746 -1.1671156  -0.37939346
   1.41206957 -2.11245279  0.19943979 -0.19103521  0.89102225  1.09969779
   0.1095808   0.97486971  0.48721896 -0.11362143 -0.49882047 
  -0.60261349 -0.80157534  1.625817   -0.18195774  1.03746718  0.98203348
  -1.34991786 -0.52855336  0.0732597  -0.73360648 -1.84272423  0.73825198
   1.14517459 -0.64098244  0.12713614  1.0356286  -0.12955014 
  -0.42723301  1.87469405  1.07234928  0.12409358  0.03172084  1.38598631
  -0.81227833 -0.50635431 -0.88004608 -0.31251116 -0.51188107 -0.43352921
  -0.66492998  0.43295274 -0.18842118  0.23576737 -0.36895965 
   0.17606577 -1.24748811 -0.63690729  0.06980243  0.72400439  2.19573968
  -0.52837124  0.79250258  0.5967137  -1.22124483  0.82952137 -0.26659594
  -0.88833737  0.16118659  0.7981966  -0.80922261  0.08913505 
  -0.15146306  1.213339    0.49690246 -0.38663905  0.39683495 -0.901421
  -1.9477123  -1.49785692  0.21996687 -0.39053514  0.18091802  0.44470554
   0.64318205  0.36127144 -0.16165368  0.47754205  0.30203934 
  -1.13005355 -0.11419429  2.19700113  1.2806105   0.5084606   0.49924723
  -0.66298882 -0.85336869 -0.2583791   0.32392659 -1.04308303 -0.63884751
  -0.88286517  0.64826527  0.42832191  0.33859346  0.21185375 
   1.18749152  0.96704974 -0.72199261 -0.27716655 -0.56911542  0.08112688
  -0.78504716 -0.05366963  1.12361085  1.00174385 -1.35426106 -0.93214488
  -0.05994076 -0.85923058  1.18542993  0.05671672 -0.30269228     2.42312419 -0.3442048  -0.16427443 -1.82834684 -0.27480111  0.27453123
  -0.23756278 -0.64928007  0.21441871  1.44044941  0.21546896 -2.0454832
  -0.73415655  0.2720709   0.19924172 -1.34036354 -0.66900673  0.43488992
  -0.23897586  0.83993829 -0.58846999  2.49849469  0.5401078   1.49441891
  -2.39694237 -0.9629978   0.55435173  0.04043211 -0.39867543 -0.05572141
   1.1172498  -1.53747944 -0.23482539 
   0.41547603  0.19067976 -0.31819987  0.58951226  0.88164724 -0.25171184
  -1.23279435  0.83376334 -1.7854826  -0.82774599 -0.91070664  0.61438037
   1.81267273  0.47719992  1.85931862  0.51545317 -0.25440911 -0.61267593
   1.9522781  -1.07904035 -1.7209596   0.15277634 -0.02045672  0.52229947
  -1.66290836 -0.07915341  1.0104358  -2.50363389  1.43261023 -1.31069827
  -0.08056428 -1.02784784  0.11147974 
   0.86084038  0.38836819  2.06091276  0.25886174 -1.7643017  -0.43466382
  -1.16180419 -0.99803764  1.32826069  1.27392795 -0.01799317 -0.67708489
  -1.05151343  0.72263001  0.05532214 -0.82062419  2.22406245 -0.47837077
  -1.09730357  0.92563446 -1.21773555 -1.37211088 -0.61948718  1.09828811
   1.07638359  1.52292376 -1.87374773 -0.99107408  1.17251555 -0.63263405
  -2.61067549  0.69868958 -0.45181218 
  -0.59392227  0.88498495 -1.02778328 -0.79565257  0.72061399  0.86210932
   1.09511202  0.12698878  0.28118017 -0.83684367  1.73411825 -2.00462624
   0.84310965 -0.63228722 -2.53753007  0.02827732  3.01150355 -0.37266931
   1.15436634 -1.62367969 -1.0559312   0.78648803  1.03610551 -2.30653966
   0.06793349  0.40078435  0.45923542 -0.14858862 -0.34969305  0.43214897
  -1.62750275 -0.14299592 -0.07178145 
  -0.76996177 -0.792344   -1.47482974  0.16607647  0.08427167 -0.03970296
   0.4533381  -0.60064992 -0.52357433 -2.14715118  1.20950619 -0.40230006
  -0.44523551 -2.13650835  2.1589101  -0.42779865  0.23209761 -1.41396028
   2.47334743 -0.04401168  1.65827376 -0.95889457 -2.32305416  1.65896246
   1.38541798  1.35299193 -1.35179974 -0.46491253 -1.12572888 -0.73580716
  -0.54124803  0.525213   -0.00609214 
   0.11695868  0.09020199  0.65481301  0.95009528  0.72859547 -0.37418892
  -0.21866455 -2.69381317  0.65031842 -0.00538873  0.03826241 -0.24162656
  -0.30838374  1.80034307 -1.01411395 -1.16120277 -0.71238456  0.1002081
  -0.56780931 -2.20882279  3.6154829   0.47924299  0.88013254 -0.14949831
  -0.39646553  0.20963029 -1.36538151 -1.28505678 -2.67172312  0.74969486
  -0.52251391 -0.13645374  0.06869609 
   0.37967657 -0.11393148  0.95762905 -1.21511028 -0.55014808 -0.72345367
   1.35544074  0.73480351 -0.17902626 -2.17486715 -0.32927001  1.39772347
   3.0841858  -1.08833611 -0.43950004 -3.12490254 -0.73035887 -0.07632966
  -0.6845658   0.62866132 -0.87189799 -0.05329535 -0.26155142 -0.48356384
  -1.42496508 -1.47592398  0.84878737  0.69233439 -0.15017631  2.31216782
   0.01170836  0.55694148 -0.15069524 
   0.01394067 -0.61402629  1.74911562 -0.55252547  0.88649844  0.09187395
  -0.77859738  0.27366338  0.22692739  0.02052736 -3.26955758 -0.21542402
  -0.55521194 -0.32986411 -0.47382435  2.05628937 -1.58134312 -0.58290774
  -1.77996492  0.39286042 -2.28956801  0.11976646 -2.28412317  0.23906757
  -0.25894274  1.95141798  0.82301882  0.72986035 -1.39897405  1.59834588
   0.52772671 -0.27477068 -0.22242522 
  -1.21889956  1.53462272  0.84049708  0.77158019 -1.59177951 -0.0103039
   0.80542403 -1.99331411  1.26319938  0.04937296  0.20524861 -1.2245404
   0.66665277 -1.16000105  1.66927713  1.55533067 -0.81357675 -1.3821845
  -0.50097496  0.57363333 -1.16152303 -1.18710777  1.67868221 -1.77400832
  -0.68484072 -0.47384836  0.07001819  0.64849923 -0.73279039 -0.23627649
   0.75711399 -1.38105695 -0.44825317 
   0.68924893 -0.31739368 -0.29396888 -0.89435875 -0.17918445 -0.12359836
  -0.59721932 -2.01009558 -1.68345592 -1.53590317 -1.47221778  0.83430851
  -1.37841488 -1.30883336  0.02024339 -0.16107525  0.70086154  0.10946713
  -1.74308626  1.55151193  0.85127803  1.02882513  0.89158278 -2.04792786
   2.12583407 -0.07645145  0.87049935 -0.22405466  1.58782238  0.14000383
  -0.02860973 -1.23040939  0.09128113 
  -0.70343872 -1.49055008  0.26874749  0.56807573 -0.51082076  0.58444169
  -0.70721    -1.92683118 -0.79378542 -0.04529684  0.82241964  0.77277656
  -2.27356643  1.6562847  -0.215286    0.23480235  0.81305826 -0.82193561
   0.50595819  1.34581911 -0.46301269 -0.6784992  -0.85676154 -1.97167655
  -1.56067253 -1.42894151  2.33692621  0.60576203 -0.62163654 -0.48073961
   0.96898707  1.70809531 -0.01749371 
  -1.34005946  2.79839863 -0.7175449  -2.0248725  -1.52465154 -0.50242056
  -0.74123981  0.41382362  0.91966982 -1.71297783 -1.88315268 -0.07787347
  -0.84453736  1.371348    0.31949565  1.14907708 -0.54212354 -0.44203736
  -0.01615689 -0.42175456  0.75825192  1.54594662 -0.28996391  0.5416523
   0.96957954 -1.72842613 -0.83600102  0.15446227  0.51814885 -0.50612632
   0.69806287  0.95482883 -0.19881105 
  -0.33778864 -0.3347295  -1.88144327 -1.36239676 -1.61600611  0.50786061
   0.2815064  -0.11304313 -0.08941116  1.79649065 -0.05054582  1.50594951
  -0.97718412  0.01233548  0.02592106 -1.05495101 -0.11686371 -0.75687094
  -0.09976099 -0.58781865  0.59538204 -0.46456241 -0.49340341 -0.43121102
  -0.02071188 -0.59330511 -1.0039417   0.30824889  1.1884753  -0.96807937
   1.28105156 -0.36765893 -0.06317809 
  -0.26617564 -0.64833839  0.51838766  1.27734484 -1.58511883  0.78928287
  -0.27471421  0.41981067  0.62978463 -0.4724918  -0.91332068  0.08403096
  -1.44105514 -0.27731404 -1.84556743  1.35316048 -2.01126791  0.06810321
   0.57434264 -0.50636026  0.49439169 -0.56325872  0.82860083  0.07365292
   0.2756345  -1.58275878  0.77287373 -0.95458661  0.2400348  -0.63917489
  -0.49154334  0.44746235 -0.27608379 
  -0.67104192  0.88784931 -0.097829   -0.75069271 -0.95876786 -0.24412714
   0.30534102  0.48142934 -0.21361541 -0.03739787 -0.69172063 -0.49945812
   0.0598806   0.19507075  0.5813175  -0.64222988  0.22182824 -0.05143137
  -0.62126946  0.30692692 -0.13124966  0.49709137 -0.11770055 -0.12819662
   0.36346779 -1.02394494 -0.34665292 -0.1013008  -0.50622561 -0.08947258
  -0.96788378 -1.1537685  -0.79402106 
  -0.46588206 -0.53180257 -0.9418294   0.29834166  0.36947591  0.57575656
  -0.13269215 -0.27808824  0.57868886  0.53667473 -0.13938687 -0.03912228
  -0.55133562  0.12414825 -0.48819742  0.27356042  0.16441422 -0.86839864
  -0.31860547  0.54923071 -0.62307281  0.09113878 -0.09726528 -1.01306262
  -0.23303534 -0.86945955 -0.73404862 -0.27286444  0.40874223 -0.28448343
  -0.6444726  -0.15665401 -0.02049377  