NN 16 32 16   -4.06209892e+00  -1.12921649e+00   2.46661007e-01   5.81223438e-01
    2.95433117e+00  -9.98616586e-01  -2.31836284e+00  -2.15147311e+00
    3.51000047e+00  -1.28326714e+00  -2.43273017e-01   3.01211143e-01
    1.00221815e+00  -1.20710391e-01   3.93967430e-01  -5.65283818e-01
   -8.45034569e-01 
    8.33272152e-01  -6.29182101e-01  -2.24583275e-01   9.58041453e-02
    8.81711012e-01  -1.16910348e-01   2.86232825e-01   3.65826877e-01
   -2.83292215e+00   8.18325485e-01   2.42606973e+00  -4.21535383e+00
    9.38832172e-01   7.60283017e-01  -2.33167735e+00   1.45391648e+00
    7.23907274e-01 
   -1.19705520e+00   2.84608675e-01  -2.41465369e+00   8.29204655e-01
    3.02374713e+00  -1.86833091e+00  -7.59424456e-01  -8.14203283e-01
   -9.19302831e-01   7.87520674e-01  -4.64278546e-01   2.36897654e-01
    1.55553080e+00  -5.97328709e-01  -1.78652940e-01   2.25763675e+00
    2.78257352e-01 
    1.75674339e+00  -8.53235838e-01  -1.50219326e+00   1.00106240e+00
    1.56101204e-01  -1.13940266e+00   8.57031283e-01  -4.74419213e-01
   -1.67915715e+00   9.28635246e-01  -1.55891292e+00   1.80392640e+00
    1.80308894e+00  -1.75228057e+00   1.26784990e+00  -2.03829384e+00
   -1.78434073e-01 
   -1.61412790e-01  -1.77557632e+00   1.55491467e+00  -1.38743739e+00
   -1.94725748e-01  -8.19175877e-01  -4.97309994e-02  -2.21267420e+00
    1.20641186e+00  -6.06598623e-01   1.52489340e-01   2.17664260e+00
    1.54814645e+00   2.30179571e+00  -2.01693117e-01  -1.52769494e+00
   -7.19740269e-01 
   -4.21574236e-01   1.22544787e+00   1.91252070e+00  -1.22348643e+00
    7.49712509e-01   1.10113903e+00   2.18916927e+00  -5.41274325e-01
   -4.19753152e-02  -2.18784425e-01  -2.34355388e+00   4.50835843e-01
   -9.19657903e-01  -1.52496252e+00  -5.13206319e-01  -3.48994751e-02
    7.66227437e-02 
    1.15739582e+00   1.57383099e+00   1.64099817e+00  -2.03826372e+00
   -1.93331472e-01   3.39392903e-01  -2.12790728e+00   1.67842177e+00
   -5.34686130e-01   5.67487685e-01   8.47656689e-01   9.37467678e-02
   -1.52791420e-01  -4.95921080e-01  -1.48001381e+00   7.86638176e-01
   -7.76825136e-01 
    8.21471151e-01  -1.43827307e+00   1.24727774e+00  -3.71205451e-01
    6.15847590e-01   4.43334662e+00  -2.44721500e+00  -9.44393278e-02
    2.63028513e+00   2.44283841e+00   3.53921080e-01  -3.24597856e-01
   -6.28873260e-01  -2.89303738e+00  -1.47916090e+00  -1.56522633e-01
   -6.91141348e-01 
    1.54820420e-01   2.84974353e+00  -6.84011514e-01  -1.09583754e+00
    6.70629345e-01  -1.22557362e+00  -1.33393811e+00  -2.95050040e-01
   -1.78790265e+00   2.38569360e+00   1.50332213e+00  -1.19259686e+00
    1.00271617e+00  -1.94307049e+00   1.49684242e+00  -1.79750776e+00
   -1.63306785e-01 
   -1.24639666e+00  -3.46450975e-01  -7.03801475e-01   1.07847522e+00
    1.84578653e+00  -9.05562410e-01   1.20972693e+00  -6.79992339e-01
   -1.13101616e+00   7.92175367e-01   9.59702093e-01   2.24797683e+00
   -3.05735920e+00   4.01460389e-01  -8.78415659e-01  -1.37678739e+00
    3.86858927e-01 
   -5.83670680e-01   4.94822295e-01   6.56840572e-02  -2.87159704e+00
   -2.56295343e+00  -1.51981730e+00   1.31325924e-01   4.54919139e+00
   -1.41798889e+00   5.26703391e-01  -3.75323631e-01   3.14719924e+00
   -1.17223800e+00  -4.03931625e-01  -6.71583544e-02   8.85269262e-02
   -5.86242024e-01 
    3.20755196e+00  -8.02244235e-01   2.38814886e-01   2.09778773e+00
    1.58332330e+00  -7.52345123e-01  -1.27846266e+00   6.48829369e-01
    2.50276529e-01  -1.38004965e+00   6.66521072e-01  -5.46146200e-01
   -3.12027387e+00   5.23525411e-01   1.16638782e+00  -1.13754379e+00
   -3.18629102e-01 
    1.19520720e-02  -2.65530633e+00   1.67364525e+00   1.88847761e-01
    1.06720232e-02   4.81414787e-01  -3.55970373e+00  -4.03689226e-01
   -1.83783582e+00   1.14978070e+00   3.26403477e+00   1.25107019e-01
   -3.78685677e-01   1.42542193e+00  -3.88467082e-01  -6.53396612e-01
   -1.22318461e+00 
   -7.10688183e-01   4.93854479e-01  -5.12479749e-01   4.19526034e-02
    2.42471400e+00  -2.09956489e+00   1.18658249e+00   1.04623426e+00
    1.11184852e+00   1.54383028e+00  -2.39001051e+00  -1.72087822e+00
   -1.23095174e+00   1.84891907e-01  -4.60008470e-01  -1.21857865e-01
   -1.76160685e-01 
    1.82654749e+00  -1.86486988e+00   7.47723059e-01   3.13989664e+00
   -2.33325296e+00   7.47784031e-01   5.15790617e-01  -1.00908373e+00
   -1.53932346e+00  -1.31819475e-01  -4.69828022e-01  -3.23325271e-01
    7.06015251e-01   2.45594939e+00  -2.25628954e+00  -1.73614742e-01
    6.16858811e-01 
    1.71286398e+00  -1.19731902e+00  -3.14853964e-01   1.60796270e-01
   -3.33023104e-01  -3.42786261e-01   3.17880496e+00  -3.07259265e+00
   -1.07406082e+00  -1.06161202e+00  -5.46775935e-01  -9.14579027e-01
    1.19189078e+00  -2.04930029e+00   9.42432191e-01   6.97325571e-01
    5.67645934e-01 
    1.58018413e+00   7.48465644e-01  -3.02588797e+00  -4.63422680e+00
    1.19099733e+00   1.60236492e-01   5.59762270e-01   1.66977725e+00
    8.43821455e-01   4.37386766e-01  -7.29430792e-01  -1.36970111e+00
   -3.38362303e-01   1.64186836e+00  -5.32856555e-01   1.27840114e+00
    3.42435286e-01 
   -1.66291354e+00   5.23826405e-01  -2.29752930e-01   3.64776382e-01
    6.85522786e-01  -2.00920685e+00   3.64354988e-01   2.68554363e-01
    1.50094915e+00  -9.79501727e-01   1.36137420e+00   4.52720201e-01
    8.43903448e-01  -1.18142146e+00  -8.13402490e-01   1.20228622e+00
   -7.68409298e-01 
   -1.68234635e-01  -2.43930318e+00   2.25065869e+00  -3.68010509e-04
   -2.53259243e+00   1.98000440e-01  -2.82212106e-01   1.80926129e+00
    8.96413896e-02   1.57361623e+00  -1.69446848e+00  -5.18899678e-01
    5.81628800e-01  -1.09203712e+00   6.61968416e-01   6.91157827e-01
    1.39147253e-01 
   -1.42753637e+00   5.93876483e-01  -7.64769875e-01   2.31470271e+00
   -7.59229794e-01   2.00157109e+00   1.30306497e+00  -1.83455947e+00
   -3.94463013e-02  -1.70145615e+00  -4.45589047e-01   6.47979513e-01
    1.76216078e+00  -1.87321298e-01  -3.26743219e-01  -2.48859250e+00
    3.36914716e-01 
   -2.17337306e-01   2.71485426e+00   1.32967982e+00  -6.31454977e-01
   -1.19020818e-01  -4.89855158e+00   1.40750733e+00   3.68416378e+00
    1.53227354e+00  -2.62272017e+00   7.61627737e-01   1.37234080e-01
   -3.28521622e-01  -7.84421332e-01   9.26827064e-01  -2.82116561e-01
   -1.93630208e-01 
   -2.79933139e+00   8.92249580e-01   2.18199557e+00   8.04341783e-02
    1.73657096e+00  -9.38336537e-01  -1.64547395e+00  -2.31826122e-01
    2.39607846e+00  -1.01239586e+00   2.80215572e-01  -1.73692388e+00
    4.53253184e-01   5.42022671e-01  -1.19424826e+00  -4.50509777e-01
    6.86487614e-01 
   -1.25539533e-01  -8.34954892e-01   4.96131527e-01  -7.18890813e-01
    2.48806782e+00  -1.01598644e+00   1.28759823e-01   2.55219878e+00
   -2.77753579e+00  -9.53345666e-01   1.37656945e+00   9.44424337e-01
    2.59925565e-01  -9.03180323e-01  -5.52350146e-01  -1.34423407e+00
   -4.28857395e-01 
   -2.13709606e+00   1.92582745e-01  -1.39112599e+00   2.08630071e+00
   -8.90005217e-01   1.13557705e+00   8.56966729e-01  -8.71141281e-01
    1.14371820e+00   1.39984682e+00   1.98763233e+00  -1.62546577e+00
    9.01764081e-01  -1.47102492e+00   6.02270745e-01  -3.80633408e-01
   -6.54463920e-01 
    2.01924423e+00   1.80106069e+00  -2.21886336e+00  -1.46313322e+00
   -3.88145248e+00  -1.67654394e+00   8.60052670e-01   6.96838793e-01
    1.50809441e+00  -2.25913562e+00   1.83133471e+00  -2.03262641e-01
    7.81376962e-01  -4.01138864e-01  -7.97774840e-01   1.51409954e-01
   -1.50349485e-01 
    1.92193534e+00   4.89522975e-01  -2.23417763e+00   1.00856326e-01
   -1.14162230e+00  -6.81164453e-01   2.98215129e+00  -3.04793002e+00
   -2.57995034e-01  -2.42055733e-01   3.41649462e-01   8.68325766e-01
   -1.37394999e-01   1.35886788e+00   7.64811142e-01   1.38772006e+00
   -4.50298996e-01 
   -5.57567995e-01  -2.43865402e-01   2.08530191e+00  -2.89715314e-01
    1.98674078e+00   1.99329408e+00  -3.48091702e+00   2.91610919e-01
    3.90380330e-01  -9.38242881e-01  -3.54404430e+00   5.99077804e-02
    2.14683371e+00  -1.46310642e+00  -1.22639126e-01   3.38762984e+00
   -2.68709908e-01 
   -6.93391859e-01   3.13939626e+00   1.22796602e+00   1.79177197e-01
   -1.46091224e+00   1.84412584e+00  -7.20936997e-01   8.36916509e-02
   -9.26342155e-01  -2.43463461e+00  -1.80471402e-01   4.66379788e-02
   -9.49242393e-01   6.73266451e-01  -1.43587175e-01   7.57937808e-01
   -6.55757358e-01 
   -1.29279976e-01  -1.02395293e+00  -1.24477842e+00   5.04898283e-02
   -6.00863542e-02   2.71218488e+00  -5.65374002e-01   8.54259032e-01
    3.50676660e-01  -2.97509639e+00   1.24616374e+00  -1.36148415e-01
   -1.47958134e+00   1.26767592e-01   3.49732101e+00  -1.51542545e+00
    8.24830258e-01 
   -1.77860709e-01   2.73655041e+00   1.32266464e-01  -9.42952459e-01
    9.67288061e-01  -1.76763979e+00  -2.59689852e+00  -1.21856910e+00
   -6.18824368e-01  -9.65413370e-01  -2.91719557e-01   9.00427694e-01
    7.99119776e-01   5.02865239e-01   2.77441230e-01   9.76536072e-01
   -1.74520213e-01 
   -7.35679881e-01   6.09530114e-02   3.19665099e+00   1.76040863e+00
    8.64019776e-01   4.86254673e-01  -2.32441429e+00  -1.52714938e+00
   -8.69087953e-01   6.15785697e-01  -2.17497300e+00  -1.52740643e+00
   -1.90951389e+00   1.82589727e+00   1.87920429e+00   1.22817126e+00
    2.36946999e-01 
    1.63196945e+00   9.20769525e-01  -1.18484512e+00  -2.06794545e-01
   -9.23600823e-01  -1.31314635e-01  -3.42771019e-01  -6.43739675e-01
    1.85025993e+00   1.79073109e+00  -2.51328706e+00  -2.20511885e+00
   -4.91790683e-01  -1.85771085e+00   2.52767261e+00   8.82999137e-01
   -5.65115563e-01      3.74975168e+00  -1.20072860e+00   4.69304863e-01  -2.09066822e+00
   -1.06095701e+00   1.48011407e+00  -8.89197430e-01  -1.08709106e+00
    3.77480207e-01   5.79810296e-01  -2.10046226e-01  -3.22696386e+00
   -8.10638942e-01   6.57571988e-01   9.73636801e-01  -1.54092659e+00
   -2.10750084e-01   9.91421621e-03   9.09501322e-02  -9.00538038e-02
   -3.15742979e-01   1.71490369e+00   7.76500729e-01   2.07704544e+00
   -1.39760619e+00  -9.31395553e-01   3.58829220e-01  -6.02305969e-02
   -8.27051237e-02  -1.55898624e-01   1.58930910e-01  -1.14896812e+00
   -7.60941496e-02 
    6.19981842e-01   5.10550773e-01  -2.23709849e-01  -3.67638605e-01
    1.17964830e+00  -3.44549121e-01  -1.28809053e+00   8.57950424e-01
   -2.01363811e+00  -2.31285252e-01  -8.12257256e-01   7.70690146e-02
    1.20117488e+00  -2.31683792e-01   1.47098936e+00   9.08348597e-02
   -6.76107383e-02  -1.17121826e+00   1.99855642e+00  -2.08743595e+00
   -1.33700916e+00   3.11456157e-01   4.95676131e-01   4.13064569e-02
   -1.18809687e+00   8.13198566e-01   7.08180570e-01  -4.62188393e+00
    1.55388961e+00  -1.58610194e+00   1.40016044e-01  -1.24084486e+00
    3.74249462e-01 
    6.43107052e-01  -1.80748966e-01   2.85979217e+00   1.26849812e+00
   -1.68783715e+00  -2.05669945e+00  -1.23479842e+00  -8.52178448e-01
    1.24711593e+00   1.11998193e+00   4.02272616e-01   6.65143345e-01
   -2.04417108e+00   3.45367566e-02  -3.75903641e-01  -1.27463351e+00
    2.19864261e+00   1.68971851e-01  -1.36089255e+00   1.40379624e+00
   -1.25880940e+00  -2.44451616e+00  -9.39898302e-01   1.25553671e+00
    1.34539090e+00   7.22668064e-01  -2.53554314e+00  -4.59801689e-01
    2.27555339e+00  -1.01617512e-02  -2.17291029e+00   9.24279902e-01
   -2.45220844e-01 
   -1.54234199e+00   1.40255353e-01  -1.59986300e+00  -9.77830464e-01
    1.99445478e+00   1.26861841e+00   1.23126376e+00   1.45311579e-01
    5.40813358e-01  -8.76676850e-01   2.96494416e+00  -2.00651519e+00
    3.17367774e-01  -7.98011936e-01  -3.18059831e+00   2.31519896e-01
    3.90077194e+00  -1.61078261e-01   1.30858601e-01  -2.24993693e+00
   -9.59842243e-01   5.05369695e-01   7.12312185e-01  -2.92537603e+00
    6.68056277e-01   5.08137038e-01   1.12199742e-01   1.18266556e-01
   -3.17377959e-01   2.62503024e-01  -1.62171138e+00  -4.60898581e-01
   -1.80911342e-01 
   -2.01807807e+00  -1.20632575e+00  -2.33469144e+00  -6.00802666e-01
   -6.58186820e-03  -3.51744772e-01  -7.85253275e-02  -1.19202894e+00
   -2.08037086e-01  -3.08170831e+00   1.64348347e+00  -7.31019842e-01
   -1.78365214e-01  -2.62396176e+00   2.96117442e+00  -1.72860546e+00
   -7.83886016e-03  -1.57880266e+00   2.57702570e+00  -4.07205951e-01
    1.28104825e+00  -1.04471219e+00  -3.46661026e+00   2.25834462e+00
    1.79030776e+00   1.12653505e+00  -1.52553874e+00   3.01312392e-03
   -7.51471863e-02  -5.59356685e-02  -1.07904946e+00   1.91751468e+00
   -1.34274059e-01 
   -1.68603770e+00  -3.62984914e-01   6.28212770e-01   3.44419855e-01
    1.25445668e+00  -6.88194141e-01  -5.18241991e-01  -3.59851198e+00
    1.13026027e+00   1.52146456e-01  -3.02342743e-01   3.81286929e-01
   -1.01115950e+00   1.96260402e+00  -6.60050878e-01  -2.14799267e+00
   -1.36045366e+00   7.05176207e-01  -1.72562732e-01  -2.45175918e+00
    4.26574502e+00   4.51196971e-01  -3.55053636e-01  -2.13465814e-01
    6.41117104e-01   6.42226647e-01  -1.20307288e+00  -1.77536919e+00
   -3.81731163e+00   7.48547781e-01  -1.94476758e-01   4.21995989e-01
    4.36668872e-02 
    8.73660412e-01  -1.55041300e+00  -8.55910563e-02  -8.42447738e-01
   -2.24079761e-01  -2.65413758e+00   8.70697916e-01   9.77686451e-01
    5.61108246e-01  -2.08918243e+00  -5.72302008e-01   2.78743816e+00
    2.97089377e+00  -1.65199617e+00  -1.06236257e+00  -3.98460081e+00
   -9.98762259e-01  -4.89732260e-02  -2.80286775e-02  -6.66911186e-01
   -9.15734256e-01  -1.38315917e-01  -3.58667492e-01  -7.40515416e-01
   -1.39413301e+00  -2.10568328e+00   7.98146323e-01   4.52510204e-01
    4.86387204e-01   2.71327836e+00   1.06811243e+00   1.85855719e-01
   -5.26174611e-01 
    6.36773599e-02  -5.79532245e-01   2.21020742e+00  -6.00989612e-01
    1.87814271e+00  -1.08513624e-01  -9.28963882e-01  -2.90674703e-01
   -1.74290585e-01   4.95912727e-01  -4.43939790e+00   3.21526970e-01
    3.30443593e-01  -1.99391476e+00  -4.92348012e-01   2.35826177e+00
   -2.56003037e+00  -4.75146960e-01  -2.30896074e+00  -1.88755677e-01
   -2.62213124e+00  -4.70583691e-02  -2.97642832e+00   2.62307148e-01
   -2.96487022e-01   3.54389948e+00   2.68332581e-01   6.89487160e-01
   -1.47888838e+00   8.66916821e-01   1.20424763e+00  -1.96766854e-01
   -1.14184157e+00 
   -2.17890081e+00   2.54576915e+00   1.22548467e+00   1.60998163e+00
   -2.06209701e+00  -2.32096468e-01   1.27299866e+00  -2.39090330e+00
    2.41847809e+00   3.23077262e-01   7.44396370e-01  -1.58945869e+00
    1.09598530e+00  -1.69026295e+00   1.89217809e+00   1.27724484e+00
   -6.24174911e-01  -2.60499329e+00  -3.56153649e-01   5.47840362e-01
   -1.50321647e+00  -1.86092298e+00   2.21665983e+00  -1.24817631e+00
   -1.94797782e+00  -3.23870527e-01   2.83758124e-02   3.43182877e-01
   -1.38335939e+00   2.40951196e-03   1.51187895e+00  -1.96835189e+00
   -5.40218464e-01 
    1.19712110e+00  -1.02840263e+00  -9.46901056e-01  -1.59528172e+00
   -1.24340508e-01   1.00357557e-01  -1.14353287e+00  -2.62266879e+00
   -2.66833595e+00  -2.60383047e+00  -1.99241508e+00   1.99468965e+00
   -2.62291380e+00  -1.45306668e+00   2.94036562e-01   2.52287118e-01
    5.23688810e-01  -8.51757423e-02  -2.32962326e+00   1.70054384e+00
    1.32032731e+00   1.25609518e+00   5.18370957e-01  -2.54583211e+00
    2.63500649e+00  -9.97737551e-01   2.13150618e+00   5.75031824e-01
    2.71287697e+00   4.56406167e-01   7.14783150e-03  -2.04606727e+00
   -5.30838080e-01 
   -5.33387120e-03  -2.96593820e+00   5.06238981e-01   1.00853600e+00
   -6.43991193e-01   1.43175658e+00  -1.19746432e+00  -2.28628245e+00
   -1.85804942e+00  -2.02509450e-01   1.18283362e+00  -7.41298852e-02
   -2.62795685e+00   1.94813660e+00  -3.65560580e-01   2.76809859e-01
    3.87939835e-01  -1.36959150e+00   1.12529179e+00   1.60367097e+00
   -7.55248111e-01  -1.34249621e+00  -1.40834128e+00  -2.91516134e+00
   -1.59970651e+00  -1.71065239e+00   3.66572043e+00   1.01074911e+00
   -1.25402156e+00  -3.20296597e-01   1.58971122e+00   2.69615423e+00
   -5.42829303e-01 
   -1.12656557e+00   4.67237559e+00  -1.44649821e+00  -2.62885206e+00
   -2.14866375e+00  -1.22690273e+00  -1.17528797e+00  -3.65440458e-02
    1.04029585e+00  -2.41666914e+00  -2.74886785e+00   4.31813427e-01
   -6.09854880e-01   1.31956783e+00  -2.81499404e-01   1.64901347e+00
   -6.79243490e-01  -5.94837946e-01  -1.60834334e-02  -9.07304033e-01
    7.16052216e-01   1.88036470e+00  -6.67381959e-01   1.00495912e+00
    3.80886669e-01  -1.69002607e+00  -1.46229430e+00  -1.78677106e-02
    1.15793129e+00  -9.70135501e-01   1.87958321e+00   1.25701286e+00
   -6.83738712e-01 
   -4.29438441e-01  -1.02306571e+00  -2.54785685e+00  -2.12282254e+00
   -2.15748327e+00   9.54289068e-01  -8.92611693e-02  -1.99455027e-01
   -7.09797117e-01   3.67180144e+00   1.24692253e-01   2.18107671e+00
   -9.80826924e-01   3.80204796e-01  -5.86213255e-01  -1.36832114e+00
   -1.48695103e-01  -1.13091814e+00  -4.69390041e-01  -1.53350564e+00
    2.69814506e-01  -3.70787981e-01  -9.04923332e-01  -7.29818323e-01
   -1.32784668e-01  -2.50159544e-01  -1.97223848e+00   4.67651678e-01
    1.55962658e+00  -1.25930161e+00   2.05934362e+00  -4.73797793e-01
   -2.60765134e-01 
   -2.47314279e-01  -8.01053028e-01   4.80712225e-01   1.96830335e+00
   -2.43085298e+00   1.34440140e+00  -2.49903322e-01   1.13288406e+00
    9.63771508e-01  -7.66534964e-01  -9.41403300e-01   1.19827695e-01
   -1.72328478e+00  -7.56152493e-01  -2.74143870e+00   2.19171527e+00
   -3.11466378e+00   4.75337135e-01   1.02602610e+00  -8.52892416e-01
    8.66364410e-01  -5.80224116e-01   1.48014528e+00   3.66013266e-01
    2.44886742e-01  -2.12996493e+00   9.35690080e-01  -1.36168388e+00
   -1.36760711e-02  -1.18891235e+00  -9.41790663e-01   7.47172056e-01
   -5.94598689e-01 
   -5.77012097e-01   2.28388168e+00   3.44340870e-01  -1.11553774e+00
   -9.68874126e-01  -2.17758023e-01   9.82821486e-01   1.59718193e+00
   -1.10178550e+00   2.59565948e-01  -1.01615050e+00  -6.31778655e-01
    2.44288418e-01   3.78148112e-01   2.01891633e+00  -1.21170992e+00
    4.95027220e-01   2.56120183e-01  -1.45144406e+00   4.33659015e-01
   -8.19713573e-01   9.91978763e-01  -3.74768630e-01  -3.84349266e-01
    9.99551798e-01  -1.23286181e+00  -3.72435555e-01  -4.11168650e-01
   -2.66030886e+00  -1.43649615e-01  -1.95210170e+00  -2.97361558e+00
   -9.67637667e-01 
   -1.75004487e-01  -1.80237025e+00  -2.41704662e+00   2.07661384e+00
    1.38157176e+00   8.93132880e-01  -4.23123546e-01  -4.99250093e-01
    2.11321961e+00   1.27130119e+00   1.91521749e-01   5.26496417e-01
   -5.09793061e-02   2.69420208e-01  -1.05776346e+00  -6.06093880e-01
   -2.49577581e-01  -1.93544009e+00  -9.33281658e-01   1.69435051e+00
   -4.61921536e-01   7.48805198e-01   4.51593132e-01  -1.57941431e+00
   -4.97106027e-01  -1.59792771e+00  -1.64576700e+00  -6.60015499e-01
    1.14297444e+00  -5.08459669e-01  -8.88614799e-01  -6.57966565e-01
   -1.95950533e-01  