NN 16 32 16   -2.65382376e+00  -4.80500976e-01  -5.12715488e-01   7.75987102e-01
    1.24608965e+00  -4.76190916e-01  -7.73035635e-01  -1.02709838e+00
    1.75563687e+00  -1.24505611e+00   6.38508120e-02   8.97214052e-01
    6.43432912e-01  -9.22215183e-02   1.50408023e-01  -1.88346133e-01
   -5.95979592e-01 
    4.02640970e-01  -9.66224914e-02  -4.77429518e-01  -8.04209089e-01
    7.72346276e-01  -1.75542216e-01  -1.24998842e-01   5.35265938e-01
   -1.63724472e+00   6.30332600e-01   1.40232022e+00  -2.87186748e+00
    3.55264934e-01   5.88024083e-01  -1.15838486e+00   8.93239942e-01
    4.36736185e-01 
   -2.63871300e-01  -1.09454434e-02  -2.02532243e+00   9.72644166e-01
    1.79931420e+00  -1.29848191e+00  -5.89944354e-01  -1.11080601e+00
   -8.76790465e-01   2.88857074e-01   1.75066570e-01   3.59097898e-02
    1.48088072e+00  -9.23689273e-01  -4.93793866e-02   1.09790588e+00
    1.91166368e-01 
    1.24742373e+00  -7.02128647e-01  -6.67148977e-01   6.41770100e-01
   -3.58186265e-01  -8.74990673e-01   1.05495873e+00  -1.12743346e-01
   -1.14003951e+00   8.38458292e-01  -9.96237955e-01   1.28868963e+00
    1.31581420e+00  -1.59501071e+00   7.56276042e-01  -1.29819232e+00
   -4.34257074e-01 
   -3.49076559e-01  -1.04163863e+00   1.07749075e+00  -9.04948624e-01
   -4.80822971e-01  -6.96404166e-01  -8.85067833e-02  -1.42750318e+00
    1.27265964e+00  -1.02468257e-01  -3.16883128e-01   1.50517695e+00
    1.29113670e+00   1.62164839e+00   1.27884387e-01  -1.24827492e+00
   -7.40220912e-01 
   -2.29848020e-01   7.65635591e-01   8.67302386e-01  -8.40947028e-01
    1.70510547e-01   1.00331634e+00   9.93459907e-01   1.21339672e-01
   -5.41911733e-02  -3.23535397e-01  -7.75548714e-01   7.32563299e-01
   -6.05328939e-01  -1.04463723e+00  -1.83935409e-01  -1.29398136e-01
   -1.57089631e-01 
    3.78354245e-01   1.16956741e+00   1.11824879e+00  -1.34127349e+00
   -2.02415559e-01   4.34006162e-03  -1.49689829e+00   8.59889974e-01
   -5.58396188e-01   4.64185738e-01   6.74121623e-01   5.23738252e-01
   -2.66226907e-01  -3.14137654e-01  -9.97590348e-01   6.43255784e-01
   -5.36919099e-01 
    3.42267072e-01  -1.10912334e+00   7.82742808e-01  -3.86613208e-01
    6.60930911e-01   2.86751824e+00  -1.41012338e+00   4.69146076e-04
    1.76130776e+00   1.92981190e+00   9.22862313e-01  -8.69047207e-01
   -6.30986234e-01  -1.79482496e+00  -9.72350371e-01  -1.90121771e-02
   -6.90244003e-01 
    2.98483762e-01   1.86565620e+00  -1.04459145e+00  -3.71130008e-01
    6.72216295e-01  -1.03345293e+00  -4.28352148e-01  -1.16672668e-01
   -1.29282238e+00   1.99112064e+00   1.04928813e+00  -8.25672801e-01
    3.25115302e-01  -1.40628402e+00   7.74323335e-01  -9.26608091e-01
   -1.50068091e-01 
   -1.39518684e+00   3.44820781e-01  -8.00440075e-01   8.80991445e-01
    1.61774073e+00  -5.68096596e-01   1.26676225e+00  -4.85346948e-01
   -6.17039038e-01   1.34632992e+00   2.96837613e-01   1.43162250e+00
   -2.02114178e+00   3.12988502e-01  -1.35984801e-01  -1.01078025e+00
    1.00709213e-01 
   -6.39192129e-01   7.69187693e-01  -8.17201815e-02  -2.26339024e+00
   -1.86038493e+00  -7.29437754e-01   2.26694025e-01   3.04686293e+00
   -6.42796661e-01   9.40694313e-01  -7.81578716e-01   1.78184048e+00
   -5.60698440e-01   2.08364001e-02   1.78049144e-02   3.81823613e-02
   -5.92558921e-01 
    1.92192919e+00  -1.08502622e+00   6.76990376e-01   1.55499562e+00
    1.00318601e+00  -4.66274247e-03  -1.26533343e+00   3.87232658e-01
    4.12757901e-01  -6.42720222e-01  -4.49151565e-01  -4.54155236e-01
   -2.15085533e+00   1.87777174e-01   5.75562269e-01  -4.39503318e-01
   -7.74200711e-03 
    1.54840324e-01  -1.34553949e+00   8.83115156e-01  -3.73942344e-01
    3.27038929e-01  -2.19065305e-01  -2.64396872e+00   4.04231831e-01
   -1.57510558e+00   9.58411761e-01   2.39106008e+00   2.94981147e-01
   -2.52795025e-01   9.57698745e-01  -5.07667398e-01  -3.55303276e-01
   -9.03688127e-01 
   -1.05049479e-01  -3.13554299e-01  -7.39412675e-01   3.24743164e-01
    1.67120055e+00  -1.61484488e+00   7.76331160e-01   3.00539220e-01
    9.12151142e-01   1.32406071e+00  -1.92055904e+00  -1.59024455e+00
   -5.22943906e-01   5.54441090e-01  -2.36653371e-01  -2.06134229e-01
   -1.00776942e-01 
    6.92048375e-01  -1.86965947e+00   1.74680263e-01   2.17708519e+00
   -1.84324295e+00   9.21918808e-01   1.89811043e-01  -4.02088276e-01
   -1.51297998e+00   5.29693761e-03  -1.37416337e-01  -6.88604609e-01
    6.29797195e-01   1.97562869e+00  -1.30496878e+00   4.46449814e-02
    6.16054462e-01 
    1.17183705e+00  -9.69721805e-01  -1.37509880e-02   6.65196661e-02
   -2.01044352e-01   4.57167856e-01   2.61671560e+00  -2.38814085e+00
   -1.36233576e+00  -5.05978412e-01  -2.80810380e-01  -7.67180803e-01
    1.41615619e+00  -1.44877146e+00   5.59985993e-01  -4.11764839e-02
    3.86050829e-01 
    1.43197051e+00   5.91076821e-01  -2.27136343e+00  -3.16569580e+00
    2.44228883e-01   2.41539120e-01   9.37634536e-01   1.51127085e+00
    6.94265216e-01  -2.25664903e-01  -9.30349618e-01  -4.64150134e-01
   -1.78367784e-01   1.97146828e+00  -4.36616091e-01   7.00069718e-01
    1.05566744e-01 
   -1.22111839e+00   2.15485683e-01   9.19238537e-02   1.05080016e-01
    7.95470438e-01  -7.29312954e-01  -2.74219489e-01   1.04545084e-01
    1.22138125e+00  -6.40741056e-01   6.74383256e-01  -2.29775114e-01
    4.79570031e-01  -6.36077622e-01  -3.72387812e-01   6.78628721e-01
   -4.80337189e-01 
    8.12706842e-02  -1.51144458e+00   1.28784520e+00  -4.08467709e-01
   -2.07662641e+00   5.41999138e-01   2.55863999e-01   1.26403763e+00
    3.75839149e-01   1.56948962e+00  -1.61151570e+00  -6.84377518e-01
    3.06838996e-01  -1.02123044e+00   4.58258733e-01   4.67041585e-01
    7.20869873e-02 
   -1.19940204e+00   6.56402786e-01  -8.62709125e-01   1.47477614e+00
   -4.78452707e-01   1.80047863e+00   1.55784378e-01  -9.23248748e-01
   -3.80741900e-01  -1.58883628e+00  -4.72883793e-01   5.65972322e-01
    1.49527334e+00   6.15479716e-01  -1.15468273e-01  -1.19548462e+00
    4.68295890e-01 
    1.05420436e-01   2.14989561e+00   1.03356687e+00   8.11646428e-02
   -3.90308423e-01  -3.38360216e+00   8.31983052e-01   2.57781117e+00
    1.25392273e+00  -1.26187757e+00   5.03280655e-01  -8.41569795e-01
   -7.13870620e-01  -3.20426150e-01   3.91709778e-01   3.79438446e-02
   -1.83133977e-01 
   -2.21809239e+00   5.08617529e-01   1.41035810e+00  -5.86683544e-01
    1.26751272e+00  -7.77506527e-01  -2.80752848e-01  -5.64308641e-01
    1.70066519e+00  -1.12180241e+00   1.62054410e-01  -1.47060831e+00
    4.25925495e-01   6.87021044e-01  -8.76176221e-01  -1.57679129e-01
    5.71130625e-01 
   -5.51859727e-01  -6.62430593e-01   7.45188764e-01  -1.16367314e+00
    1.76425857e+00  -1.32024445e+00   1.59170256e-01   1.73168268e+00
   -1.82452186e+00  -6.92156233e-01   9.08464526e-01   4.76291372e-01
    6.05313547e-01  -6.61842003e-01  -3.45428644e-01  -4.15407867e-01
   -3.57348901e-01 
   -1.46527273e+00   1.59494345e-02  -1.29051365e+00   1.81196848e+00
   -1.05629940e+00   7.58585774e-01   3.17175752e-01  -7.77962925e-01
    1.42491384e+00   1.51110272e+00   1.09804438e+00  -1.61695823e+00
    5.13800049e-01  -1.17945766e+00   3.26664491e-01  -1.80572255e-01
   -5.65883959e-01 
    1.40815297e+00   1.19440289e+00  -1.34777307e+00  -5.32149846e-01
   -2.54087089e+00  -5.30272108e-01   7.44246703e-01   2.31118257e-01
    9.15403307e-01  -2.28049327e+00   1.93773398e+00  -3.12697947e-01
   -7.63527420e-02  -1.89051226e-01  -5.92084715e-01  -9.30990261e-02
   -2.36836621e-01 
    1.04553697e+00  -1.12233375e-01  -1.24877744e+00  -4.24402904e-01
   -1.00870411e+00  -4.81951478e-01   1.94549780e+00  -2.64690109e+00
   -1.11645729e-02  -5.27749611e-01   7.03238453e-01   1.13595424e+00
   -7.65451866e-02   1.09934594e+00   8.50234116e-01   3.11252513e-01
   -6.31883090e-01 
   -8.90225601e-01  -7.14210959e-01   1.69262179e+00  -9.69252049e-02
    1.15937058e+00   1.25349938e+00  -2.00729354e+00  -3.60666234e-01
    2.05591350e-01  -6.24896902e-01  -2.20315720e+00   7.20547358e-01
    1.37783112e+00  -7.92117287e-01   2.22618514e-01   1.86614697e+00
   -8.49449756e-02 
   -6.82104274e-01   2.12777929e+00   1.24687588e+00   1.13623541e-01
   -6.03454165e-01   1.96588241e+00  -4.45319070e-01  -2.58323352e-01
   -1.02742073e+00  -1.03569830e+00  -5.29835389e-01  -2.88792401e-01
   -8.02157448e-01   5.97209731e-01  -5.12872235e-02   4.48860456e-01
   -3.59644633e-01 
   -2.75647650e-01  -1.40087169e+00  -5.39101445e-01   3.29441074e-01
    6.39484500e-01   2.08816380e+00  -7.38392902e-01   6.02894721e-01
    4.77035903e-01  -1.65007751e+00   1.14178639e+00  -7.31722756e-02
   -1.07860689e+00   8.82757394e-02   1.64531828e+00  -1.01753172e+00
    3.10794200e-01 
   -1.90090587e-01   1.37580436e+00   5.84389706e-01  -5.09250026e-01
    4.74535169e-01  -9.11162504e-01  -2.08328171e+00  -1.49844125e+00
    1.20285419e-01  -4.69611093e-01   3.40782874e-02   5.88174700e-01
    5.28108520e-01   3.25290790e-01  -1.19729316e-01   7.37758779e-01
    1.32957211e-01 
   -1.28468898e+00   1.48673580e-01   2.20221489e+00   1.32053817e+00
    9.00580520e-01   2.65941100e-01  -1.16444159e+00  -8.30561203e-01
   -3.78177828e-01   5.30161590e-01  -1.47475084e+00  -1.07001242e+00
   -1.17494000e+00   9.72405896e-01   8.95899222e-01   6.34371163e-01
    2.45839517e-01 
    1.14445326e+00   8.18873873e-01  -7.00568162e-01  -2.92219384e-01
   -6.31585640e-01  -1.40886054e-01  -8.08003245e-01  -2.69701253e-01
    1.27337270e+00   1.08536550e+00  -1.52111381e+00  -1.19455151e+00
   -2.57316335e-01  -1.23956736e+00   1.96494139e+00   3.75597706e-01
   -3.96507319e-01      2.64269232e+00  -6.38131957e-01  -1.80673383e-01  -1.77669116e+00
   -3.93531742e-01   4.62784804e-01  -2.58994294e-01  -7.87049814e-01
    4.21010393e-01   1.14696632e+00   5.35557049e-01  -2.33608280e+00
   -1.01487109e+00   1.36061628e-01   2.92988697e-01  -1.51220984e+00
   -5.58209251e-01   3.76044991e-01  -4.92531282e-02   8.61835269e-01
   -4.07828238e-01   2.43925766e+00   3.85838181e-01   1.78413016e+00
   -2.32746502e+00  -1.06777399e+00   5.78981467e-01  -1.04663202e-01
   -3.11189748e-01  -2.59088267e-01   7.65525139e-01  -1.63593134e+00
   -3.17894756e-01 
    4.23519716e-01   1.93447896e-01  -3.99670494e-01   4.17985234e-01
    9.05855370e-01  -2.88644671e-01  -1.30123185e+00   9.46074058e-01
   -2.11168224e+00  -5.89253773e-01  -8.60111955e-01   4.29668379e-01
    1.61641779e+00   1.98401913e-01   1.90380661e+00   5.55858859e-01
   -3.93947114e-02  -6.48114286e-01   1.89335475e+00  -1.70756478e+00
   -1.76012723e+00   2.53269612e-01   3.09917671e-02   2.98152361e-01
   -1.55409849e+00   1.09408851e-01   8.83070923e-01  -3.23874875e+00
    1.19356079e+00  -1.41025457e+00  -4.96224559e-02  -1.04047027e+00
    6.73277772e-02 
    8.72205396e-01   3.02126022e-01   2.41065507e+00   4.88554122e-01
   -1.90330024e+00  -7.60564420e-01  -1.11476657e+00  -8.93756285e-01
    1.50282468e+00   1.11018228e+00   1.41505670e-01  -2.99892240e-01
   -1.51759048e+00   4.01602825e-01  -2.43260630e-01  -1.20171184e+00
    2.14619830e+00  -3.16814045e-01  -1.18654110e+00   9.58253299e-01
   -1.31942818e+00  -1.79902526e+00  -8.54008914e-01   1.15463820e+00
    1.15019416e+00   1.23382703e+00  -1.89463504e+00  -9.64344666e-01
    1.49297191e+00  -5.64371865e-01  -2.72494285e+00   7.64349718e-01
   -4.77751399e-01 
   -8.80708572e-01   8.02500009e-01  -1.25909239e+00  -8.29424914e-01
    1.34385255e+00   1.12096833e+00   1.28915142e+00   3.11954821e-01
    2.14177624e-01  -9.23574752e-01   2.05220270e+00  -2.23119817e+00
    7.68546099e-01  -9.42346613e-01  -2.91305444e+00   3.59918967e-03
    3.61278927e+00  -3.41067510e-01   1.06741941e+00  -1.63069844e+00
   -1.21383544e+00   7.14285259e-01   9.02349039e-01  -2.52582556e+00
    1.35852590e-01   4.59540905e-01   4.57148886e-01  -1.21131969e-02
   -3.01924891e-01   4.09430327e-01  -1.71043444e+00  -2.01016214e-01
   -5.81803646e-02 
   -1.08558167e+00  -8.90893721e-01  -1.66631530e+00   1.49838622e-01
    1.86104808e-01  -1.81365592e-01   4.06572558e-01  -8.61514355e-01
   -4.09707661e-01  -2.42431112e+00   1.29621024e+00  -3.43784205e-01
   -3.88028914e-01  -2.24605420e+00   2.39494766e+00  -8.65851730e-01
    2.73352677e-02  -1.39661696e+00   2.58061358e+00   2.20424000e-01
    1.53551465e+00  -1.18697190e+00  -2.56605452e+00   2.02992529e+00
    1.65102616e+00   1.51523863e+00  -1.40074821e+00  -4.02547614e-01
   -1.10569997e+00  -7.07699556e-01  -8.39641153e-01   8.80533271e-01
   -5.16010082e-02 
   -1.39447497e-01  -3.33643410e-02   5.90444763e-01   9.25180598e-01
    8.45205270e-01  -5.49814055e-01  -3.08510119e-01  -3.27493237e+00
    8.49781821e-01   3.76802025e-02   5.13757104e-02  -2.27131993e-01
   -5.52544342e-01   1.92240276e+00  -9.80665102e-01  -1.63182788e+00
   -7.26323897e-01   2.42538953e-01  -3.90983876e-01  -2.64819558e+00
    4.09151919e+00   4.37273564e-01   5.43863768e-01  -2.17889990e-02
   -2.94284043e-01   4.65468561e-01  -1.62224611e+00  -1.43101018e+00
   -3.10705397e+00   6.33718413e-01  -3.52423350e-01   3.24733245e-02
    3.35702087e-02 
    4.39847508e-01  -2.99590988e-01   5.76669735e-01  -1.25985638e+00
   -4.93723208e-01  -1.01792718e+00   1.41718791e+00   9.94968768e-01
   -5.17376589e-02  -2.21820853e+00  -5.03570365e-01   1.83601066e+00
    3.32113669e+00  -1.26719514e+00  -9.48268936e-01  -3.50545883e+00
   -1.02308505e+00   1.53395448e-01  -4.95951079e-01   4.05690833e-01
   -9.07312117e-01  -2.15645151e-01  -4.14153188e-01  -5.51022035e-01
   -1.82571500e+00  -1.53181210e+00   1.16160855e+00   4.54645247e-01
   -5.32856639e-02   2.61015673e+00   3.49378623e-01   7.01387925e-01
   -2.16609842e-01 
    9.81070176e-02  -9.12549149e-01   1.81963159e+00  -5.53145359e-01
    1.26118424e+00   3.26696177e-02  -8.85950376e-01   2.66307185e-01
    8.84005012e-02   3.42503868e-01  -3.68259710e+00  -1.90417522e-01
   -5.31636957e-01  -7.99118366e-01  -4.51585349e-01   2.03016262e+00
   -1.77694573e+00  -5.67779772e-01  -2.24433918e+00   2.13894900e-02
   -2.24516100e+00   2.17782556e-02  -2.45340196e+00   2.31910507e-01
   -1.66167416e-01   2.55407719e+00   7.03016921e-01   5.95762988e-01
   -1.54415120e+00   1.28106481e+00   6.80612948e-01  -3.46348217e-01
   -3.89387284e-01 
   -1.52762417e+00   1.91837131e+00   9.29711005e-01   9.18777151e-01
   -1.80030522e+00  -2.32161276e-01   1.02447461e+00  -1.94618990e+00
    1.70765839e+00   2.09896778e-02   2.96946237e-01  -1.33418389e+00
    9.53528531e-01  -1.31385427e+00   1.80295462e+00   1.41877288e+00
   -9.18166671e-01  -1.63834087e+00  -4.17742402e-01   3.82906842e-01
   -1.31899111e+00  -1.38298551e+00   1.85005718e+00  -1.56498720e+00
   -1.16148316e+00  -7.18031264e-01  -9.17818076e-02   7.16394462e-01
   -1.00071486e+00  -2.29444629e-01   1.03558922e+00  -1.37976165e+00
   -5.20348377e-01 
    6.92947177e-01  -5.68375325e-01  -4.47320143e-01  -1.01464233e+00
   -2.08792219e-01  -3.90942992e-02  -8.20462440e-01  -2.21022037e+00
   -2.06819538e+00  -1.86645130e+00  -1.75147981e+00   1.19688855e+00
   -1.71134216e+00  -1.38697060e+00  -4.21423274e-02  -9.14928066e-02
    6.12267573e-01   5.39763014e-02  -1.92649132e+00   1.81319762e+00
    9.04774194e-01   1.13788369e+00   8.27300532e-01  -2.39050782e+00
    2.30255478e+00  -2.66374301e-01   1.20956429e+00  -8.64525420e-02
    1.81302706e+00   1.84830833e-01   4.67201922e-02  -1.36518093e+00
   -4.76161908e-02 
   -6.33580959e-01  -1.96154085e+00   1.01266989e-01   6.26389272e-01
   -4.95418019e-01   6.66928594e-01  -8.64594346e-01  -2.12127510e+00
   -1.07877744e+00  -1.40349282e-01   8.56754662e-01   6.78795646e-01
   -2.48157122e+00   1.71993502e+00  -3.37920585e-01   1.80813666e-01
    7.39197737e-01  -1.06045453e+00   6.80072283e-01   1.25445857e+00
   -6.04774472e-01  -8.96461315e-01  -1.10176757e+00  -2.22385359e+00
   -1.78636130e+00  -1.53345592e+00   2.62132419e+00   6.06477267e-01
   -9.59183866e-01  -5.17483843e-01   1.14098991e+00   1.91777338e+00
   -2.72247797e-01 
   -1.39257268e+00   3.16382812e+00  -8.32644627e-01  -2.26218305e+00
   -1.68777054e+00  -8.42167436e-01  -1.02399607e+00   3.85997526e-01
    8.72465982e-01  -1.97149177e+00  -2.27613949e+00   4.66109545e-02
   -9.67733612e-01   1.42705075e+00   3.01410864e-01   1.24509908e+00
   -7.57027646e-01  -4.29632713e-01  -2.66893240e-02  -5.92414629e-01
    7.41969475e-01   1.68661391e+00  -5.10452264e-01   7.20238394e-01
    1.01757750e+00  -1.80142228e+00  -1.10778325e+00  -2.96428343e-02
    6.18733661e-01  -6.46376215e-01   7.74559129e-01   1.08236169e+00
   -3.79905276e-01 
   -5.04499359e-01  -5.76592773e-01  -2.33751382e+00  -1.71170415e+00
   -1.76869006e+00   6.88036534e-01   2.96353097e-01  -2.33192283e-01
   -3.12004174e-01   2.28816413e+00  -7.41097476e-02   1.85570958e+00
   -1.07949215e+00  -1.95463442e-04  -1.84669529e-01  -1.17143961e+00
   -8.45750966e-02  -9.47641566e-01  -2.02734497e-01  -1.04000362e+00
    6.13423750e-01  -4.09948175e-01  -7.32342777e-01  -6.72495363e-01
    1.25071237e-01  -3.64347095e-01  -1.38793762e+00   4.18904809e-01
    1.22031047e+00  -1.00227902e+00   1.51618654e+00  -3.73752704e-01
   -1.65700940e-01 
   -2.92372681e-01  -6.73659059e-01   6.06877686e-01   1.57497026e+00
   -1.86344201e+00   9.74571228e-01  -1.48711969e-01   7.04048135e-01
    8.30246418e-01  -5.68576382e-01  -8.23778764e-01   5.87031270e-02
   -1.44850478e+00  -4.92148143e-01  -2.13036197e+00   1.55318566e+00
   -2.32874989e+00   2.06886171e-01   8.14580858e-01  -6.17164801e-01
    5.79793806e-01  -6.28936456e-01   1.13486633e+00   2.35357518e-01
    3.66079686e-01  -1.80628532e+00   8.70338418e-01  -1.09553053e+00
    2.76580725e-01  -7.58537758e-01  -6.51252827e-01   6.09463700e-01
   -2.68893889e-01 
   -7.27346206e-01   1.43297344e+00   1.85105281e-02  -9.89319422e-01
   -1.03519184e+00  -1.62137758e-01   8.10246030e-01   9.77095425e-01
   -3.94826564e-01  -8.36882063e-02  -5.55229106e-01  -6.77662419e-01
    2.52122928e-01   3.52577253e-01   1.04648033e+00  -9.67684945e-01
    5.07117923e-01   1.18391040e-01  -8.01846511e-01   2.79955964e-01
   -3.23726576e-01   7.27384599e-01  -3.32419375e-02  -3.13545854e-01
    7.88268363e-01  -1.27933983e+00  -5.26378855e-01  -1.57782599e-01
   -1.26873378e+00  -3.57386249e-02  -1.37600292e+00  -1.96984100e+00
   -7.69445693e-01 
   -3.28847367e-01  -1.11415377e+00  -1.47868107e+00   1.03940834e+00
    1.00295152e+00   6.80976937e-01  -4.67001123e-01  -3.42772484e-01
    1.01328939e+00   1.00349608e+00  -1.07018108e-01   8.39186186e-02
   -4.61710854e-01   2.19659406e-01  -6.77941115e-01   2.12913096e-01
   -4.41486631e-02  -1.14685803e+00  -5.80392158e-01   1.21847740e+00
   -7.56629994e-01   3.30088555e-01   2.73294057e-02  -1.07215414e+00
   -4.83330230e-01  -1.05493567e+00  -1.17393075e+00  -2.93668712e-01
    7.82043328e-01  -4.18216836e-01  -6.88687970e-01  -3.30888599e-01
   -6.82809957e-02  