NN 16 32 16   -3.65209923e+00  -9.73686854e-01  -1.09000419e-01   5.73041155e-01
    2.51747555e+00  -1.02196561e+00  -1.94509155e+00  -2.22248236e+00
    3.16106790e+00  -1.21621748e+00  -2.10275160e-01   1.87518974e-01
    8.96716791e-01  -2.37837998e-01   2.35719619e-01  -5.46781139e-01
   -8.73829653e-01 
    6.64444374e-01  -6.44990073e-01  -4.06943776e-01  -1.82348589e-01
    1.14382059e+00  -3.26450110e-01   8.49466464e-02   5.19839526e-01
   -2.58047285e+00   7.71133808e-01   2.11940555e+00  -3.71406140e+00
    7.73734915e-01   7.71115406e-01  -2.00371774e+00   1.34651029e+00
    6.27711842e-01 
   -8.49824557e-01   1.28112050e-01  -2.56339277e+00   7.84076824e-01
    2.59545245e+00  -1.82704729e+00  -6.45120169e-01  -7.92284446e-01
   -1.05094298e+00   5.89737677e-01  -3.03184702e-01   1.98880031e-01
    1.45093436e+00  -7.72467048e-01  -2.53065697e-01   1.98849917e+00
    1.40738247e-01 
    1.59668593e+00  -8.54476790e-01  -1.32344640e+00   1.02346867e+00
    7.52510506e-02  -1.08098674e+00   8.51864320e-01  -4.15582729e-01
   -1.54633884e+00   8.12076811e-01  -1.55847841e+00   1.74198805e+00
    1.70666263e+00  -1.60651987e+00   1.15107143e+00  -1.89182881e+00
   -2.24635864e-01 
   -2.28074266e-01  -1.46491501e+00   1.52213296e+00  -1.06487113e+00
   -1.68713047e-01  -6.14407913e-01   9.52893541e-02  -2.06469041e+00
    1.15333502e+00  -5.58726270e-01   3.94760720e-02   2.02900573e+00
    1.57088369e+00   2.20465068e+00  -1.20191470e-01  -1.44990453e+00
   -6.95261417e-01 
   -3.56380525e-01   1.20175962e+00   1.80691017e+00  -1.26937950e+00
    7.27584369e-01   1.21929014e+00   1.99434590e+00  -3.86107774e-01
   -3.29545724e-02  -2.39040634e-01  -1.96173255e+00   4.31870495e-01
   -8.11451910e-01  -1.42105049e+00  -4.58521431e-01  -9.84198043e-02
    4.45014340e-02 
    7.45123750e-01   1.55172573e+00   1.61191384e+00  -1.85255170e+00
   -3.02235153e-02   3.92961957e-02  -1.83595807e+00   1.21193574e+00
   -5.93660320e-01   5.28940693e-01   7.88976528e-01   1.89935654e-01
   -2.28204325e-01  -4.85509331e-01  -1.45751067e+00   7.60041208e-01
   -7.31964125e-01 
    7.18951270e-01  -1.33417246e+00   1.07963370e+00  -4.36379917e-01
    5.56935462e-01   4.06256564e+00  -2.05098825e+00  -1.46008697e-01
    2.30352715e+00   2.23667086e+00   4.49354920e-01  -4.60490315e-01
   -6.44448511e-01  -2.64699126e+00  -1.33996033e+00  -9.82445677e-02
   -6.73153856e-01 
    1.53846668e-01   2.55734429e+00  -7.71844554e-01  -1.00964097e+00
    7.58821447e-01  -1.25902976e+00  -1.13146212e+00  -1.74258772e-01
   -1.58176974e+00   2.46867503e+00   1.38126719e+00  -1.22044629e+00
    8.33367825e-01  -1.79118044e+00   1.39747712e+00  -1.57301686e+00
   -1.24289612e-01 
   -1.33358796e+00  -1.06217726e-01  -6.45028088e-01   1.20461234e+00
    1.82204528e+00  -9.75883261e-01   1.17498041e+00  -9.19689881e-01
   -1.04970649e+00   1.10598241e+00   4.66738461e-01   1.94440931e+00
   -2.74060717e+00   5.18319114e-01  -6.62923142e-01  -1.32644494e+00
    3.19149987e-01 
   -4.31142796e-01   3.64284874e-01  -3.64789209e-02  -2.81816202e+00
   -2.05882249e+00  -1.47304176e+00   4.34906959e-02   4.10614095e+00
   -1.12575894e+00   5.32533790e-01  -5.44475241e-01   2.93348009e+00
   -1.03924570e+00  -3.74314991e-01  -1.42091903e-01  -3.01730810e-03
   -6.33022843e-01 
    2.89804155e+00  -8.58486526e-01   2.98772143e-01   1.96019520e+00
    1.48476214e+00  -6.03398281e-01  -1.35799535e+00   5.96874684e-01
    2.36149826e-01  -1.20032679e+00   3.88836353e-01  -4.05367483e-01
   -2.95565348e+00   3.99758234e-01   9.98569045e-01  -9.07662689e-01
   -1.95470579e-01 
   -2.91762099e-01  -2.08297963e+00   1.41543645e+00   2.01208355e-01
   -2.80123479e-02   1.74187091e-01  -3.43087126e+00  -2.58172138e-02
   -1.81674960e+00   9.21641555e-01   2.85020858e+00  -2.00375850e-02
   -4.59819335e-01   1.23979786e+00  -6.17093722e-01  -7.20983462e-01
   -1.29887544e+00 
   -4.90095101e-01   2.85586385e-01  -5.20678874e-01   1.41754877e-01
    2.13158785e+00  -1.92669315e+00   8.91958304e-01   8.71195762e-01
    1.09138878e+00   1.58062830e+00  -2.29735660e+00  -1.77886861e+00
   -9.81325864e-01   3.70118493e-01  -4.15833391e-01  -1.13917193e-01
   -1.31640401e-01 
    1.56413981e+00  -1.82962130e+00   4.36157334e-01   2.87830270e+00
   -2.20696076e+00   7.41050913e-01   4.50220888e-01  -8.81445369e-01
   -1.65791564e+00  -1.95734839e-01  -4.25171225e-01  -2.01179964e-01
    7.10280127e-01   2.34976636e+00  -2.15439964e+00  -1.68864955e-01
    5.64405845e-01 
    1.43021591e+00  -1.08370688e+00  -2.84064774e-01   5.53200853e-02
   -1.95681077e-01  -3.52888093e-01   3.13430011e+00  -2.90803343e+00
   -1.33133764e+00  -8.95988256e-01  -4.55337068e-01  -8.42614190e-01
    1.22279857e+00  -1.88699047e+00   8.65076567e-01   5.05114679e-01
    4.99568978e-01 
    1.47340182e+00   6.80817879e-01  -3.02603136e+00  -4.18450691e+00
    9.78505985e-01   1.57022932e-01   8.26340677e-01   1.40986107e+00
    8.38450986e-01   1.69052074e-01  -8.15485502e-01  -1.15604493e+00
   -3.10007031e-01   1.72960669e+00  -5.51032428e-01   1.09922987e+00
    2.44491995e-01 
   -1.36028542e+00   4.11667632e-01  -2.47894405e-01   2.93307642e-01
    6.77860284e-01  -1.55955961e+00   2.59700115e-02   3.11615558e-01
    1.51365972e+00  -8.64471041e-01   1.14229209e+00   1.85689430e-01
    9.17182034e-01  -1.01857004e+00  -6.39684270e-01   1.20019019e+00
   -6.30834546e-01 
   -1.85465174e-01  -2.28474153e+00   2.23399758e+00  -1.35836278e-01
   -2.39512593e+00   4.03296042e-01  -2.05896819e-01   1.62470388e+00
    2.10224653e-01   1.56635128e+00  -1.62223612e+00  -4.73394448e-01
    6.00949631e-01  -1.10407312e+00   6.54114531e-01   6.60166754e-01
    1.48667002e-01 
   -1.33196813e+00   4.92986840e-01  -8.16057902e-01   2.13326960e+00
   -8.15289303e-01   1.72025868e+00   9.95161130e-01  -1.53153763e+00
   -3.46791087e-01  -1.84239007e+00  -6.52836217e-01   6.17208905e-01
    1.76609484e+00   9.45050163e-02  -3.02803204e-01  -2.24083466e+00
    3.21513084e-01 
   -1.96318217e-02   2.53473274e+00   1.06277399e+00  -4.02788095e-01
   -2.04103523e-01  -4.61904072e+00   1.32795765e+00   3.40953221e+00
    1.49808957e+00  -2.23077238e+00   8.24816980e-01  -2.14304885e-01
   -3.70636320e-01  -6.62862144e-01   8.08515502e-01  -2.02597213e-01
   -1.85990630e-01 
   -2.61877520e+00   9.37184469e-01   1.87648545e+00   9.51979120e-03
    1.55139924e+00  -9.15462284e-01  -1.25912460e+00  -3.82373122e-01
    2.36765055e+00  -1.17880450e+00   2.87888192e-01  -1.80337605e+00
    5.82627930e-01   4.82035961e-01  -1.13333320e+00  -4.26528119e-01
    6.38730620e-01 
   -2.11675815e-01  -8.34899039e-01   6.34777212e-01  -8.44364880e-01
    2.31741502e+00  -1.22826425e+00   1.20807437e-01   2.34601450e+00
   -2.60069992e+00  -6.91606231e-01   1.25920032e+00   7.26864020e-01
    3.88543470e-01  -7.96881426e-01  -4.83297216e-01  -1.08300788e+00
   -3.77427732e-01 
   -2.05475498e+00   2.15543684e-01  -1.47647743e+00   2.01827032e+00
   -9.00392289e-01   1.14691398e+00   7.71822549e-01  -6.88439947e-01
    1.06325408e+00   1.44519733e+00   1.61274725e+00  -1.80393276e+00
    8.21155218e-01  -1.36148797e+00   5.62541513e-01  -2.76883244e-01
   -6.44471894e-01 
    1.82542595e+00   1.65493755e+00  -1.84589364e+00  -1.18137841e+00
   -3.69560489e+00  -1.19948411e+00   1.02566792e+00   4.53900056e-01
    1.34803829e+00  -2.46235760e+00   1.98195513e+00  -7.37851189e-02
    6.51655255e-01  -2.81185369e-01  -7.10466225e-01   1.82168587e-01
   -9.40657406e-02 
    1.73891763e+00   2.14095240e-01  -1.85156790e+00  -2.52177276e-01
   -1.01730295e+00  -5.34465570e-01   2.72923007e+00  -3.05671706e+00
   -1.87318141e-01  -3.12204428e-01   1.54382008e-01   9.26928445e-01
   -2.77533923e-01   1.27734960e+00   7.35602369e-01   1.06744777e+00
   -6.00577593e-01 
   -5.04951579e-01  -5.22532932e-01   1.91567454e+00  -2.28086350e-01
    1.58987834e+00   1.84646087e+00  -3.23753917e+00   3.92243083e-01
    2.27919075e-01  -8.48389351e-01  -3.27129975e+00   1.43038959e-01
    1.92734217e+00  -1.39609948e+00  -6.59441515e-02   3.03318400e+00
   -2.59511957e-01 
   -7.50750054e-01   2.69326327e+00   1.22203384e+00   8.56177486e-02
   -1.36087581e+00   2.02825649e+00  -5.25128839e-01  -1.29519331e-01
   -9.40023488e-01  -2.14687778e+00  -2.02111236e-01  -1.58729623e-01
   -9.06185078e-01   5.87855244e-01  -8.18283646e-02   7.62969374e-01
   -5.28798949e-01 
   -2.43789573e-01  -1.07181414e+00  -1.25199720e+00   1.71442792e-01
   -3.94741007e-02   2.59711913e+00  -7.96805843e-01   8.42324267e-01
    2.33629991e-01  -2.65070043e+00   1.26056430e+00  -2.78933950e-01
   -1.40027729e+00   2.98088242e-03   3.05818138e+00  -1.48660584e+00
    6.28994118e-01 
   -2.62697323e-01   2.27323451e+00   3.10066828e-01  -8.16730475e-01
    8.60344076e-01  -1.60313462e+00  -2.47736835e+00  -1.31148132e+00
   -4.56166851e-01  -8.24511015e-01  -1.46660319e-01   9.64547175e-01
    7.75174297e-01   4.47740415e-01   1.33862053e-01   1.00257238e+00
   -6.94767505e-02 
   -9.88572138e-01   1.58961461e-01   2.73945424e+00   1.58354409e+00
    9.97407490e-01   2.33866055e-01  -1.99194605e+00  -1.17273488e+00
   -7.70733390e-01   7.54772978e-01  -2.01893375e+00  -1.52225373e+00
   -1.73686028e+00   1.50772509e+00   1.63220022e+00   1.09246749e+00
    2.22671605e-01 
    1.48299808e+00   8.97598410e-01  -9.56684183e-01  -3.55925700e-01
   -8.57682559e-01  -2.71564777e-01  -5.01119777e-01  -4.69367416e-01
    1.85555662e+00   1.57677811e+00  -2.23034508e+00  -1.95175576e+00
   -4.46659012e-01  -1.65963964e+00   2.47250575e+00   8.30477298e-01
   -4.91362393e-01      3.43336213e+00  -9.16395222e-01   3.09060492e-01  -2.01928185e+00
   -9.74655448e-01   1.34685108e+00  -7.01001502e-01  -9.77766013e-01
    6.18666374e-01   7.38712685e-01   1.36342674e-01  -3.16737009e+00
   -8.75311152e-01   4.16115686e-01   9.09644475e-01  -1.61630018e+00
   -1.08526475e-01   1.10051509e-01   1.53063382e-01   1.62879187e-01
   -2.67719135e-01   1.83943709e+00   5.74509553e-01   2.18013794e+00
   -1.62294516e+00  -8.10448036e-01   4.00222374e-01  -1.93332542e-01
   -2.25405456e-01  -4.29434821e-01   1.83946560e-01  -1.26860180e+00
   -1.65278540e-01 
    7.15606743e-01   4.12094200e-01  -3.08948297e-01  -1.84984380e-01
    9.76041779e-01  -2.22074724e-01  -1.46024891e+00   8.84695487e-01
   -2.20150574e+00  -2.02286804e-01  -8.07068580e-01  -7.05971395e-02
    1.14053058e+00  -2.54906692e-01   1.64944999e+00   2.95520583e-02
    6.20605222e-02  -9.00958330e-01   2.06729231e+00  -2.05775287e+00
   -1.45304909e+00   2.99631427e-01   3.91314743e-01   2.63194811e-02
   -1.37004635e+00   7.26046527e-01   7.48168969e-01  -4.21304211e+00
    1.39769358e+00  -1.76417966e+00   5.02868998e-02  -1.34881714e+00
    1.84382165e-01 
    6.71065894e-01  -4.43629243e-02   2.77637425e+00   1.05214094e+00
   -1.78648299e+00  -1.80466505e+00  -8.98618648e-01  -8.36743972e-01
    1.48514082e+00   1.09459408e+00   4.19196871e-01   5.25787990e-01
   -2.07096804e+00  -1.91184421e-02  -4.63901291e-01  -1.29580345e+00
    2.32800413e+00  -2.01931808e-02  -1.43727181e+00   1.14188249e+00
   -1.36442001e+00  -2.55255504e+00  -1.21225152e+00   1.25516535e+00
    1.17460012e+00   7.94134059e-01  -2.29473142e+00  -6.01527053e-01
    2.09018597e+00  -1.84223803e-01  -2.28205391e+00   9.15071113e-01
   -3.54420043e-01 
   -1.50553105e+00   4.01233967e-01  -1.45199193e+00  -1.00989003e+00
    1.81374743e+00   1.35418914e+00   1.29989666e+00   2.43616148e-01
    5.46848284e-01  -8.97814605e-01   2.68995729e+00  -2.01832137e+00
    4.95207604e-01  -9.31368295e-01  -3.21152451e+00   1.59813999e-01
    3.76313531e+00  -1.61039073e-01   1.79595090e-01  -2.17479114e+00
   -9.88555183e-01   6.63255645e-01   8.32506156e-01  -2.90048158e+00
    5.61976435e-01   6.07285629e-01  -7.14027101e-02   2.01399812e-01
   -3.67621699e-01   2.70160956e-01  -1.65211925e+00  -6.03600266e-01
   -1.32449083e-01 
   -1.83605793e+00  -1.24349075e+00  -2.21393962e+00  -6.20082259e-01
    1.97534155e-01  -2.89227549e-01   5.17258679e-02  -1.21821646e+00
   -2.87460296e-01  -2.76530852e+00   1.50519372e+00  -6.02716787e-01
   -1.61759922e-01  -2.43561239e+00   2.68978571e+00  -1.69139393e+00
   -1.04188662e-01  -1.36439094e+00   2.38728745e+00  -1.49668202e-01
    1.30601104e+00  -1.25390120e+00  -3.16075190e+00   2.13373824e+00
    2.16386976e+00   1.39380789e+00  -1.59956099e+00  -1.00833255e-01
   -4.26372715e-01  -2.28584511e-01  -1.27251318e+00   1.55158974e+00
   -1.86454529e-01 
   -1.34367473e+00  -2.53626889e-01   6.19775865e-01   4.85542332e-01
    1.05509965e+00  -6.70612407e-01  -3.94031978e-01  -3.55321518e+00
    1.11785079e+00   5.01936603e-02  -1.93227847e-01   3.27564128e-01
   -9.57872959e-01   1.99572835e+00  -8.70578113e-01  -2.08553868e+00
   -1.41682886e+00   5.54899091e-01  -9.47929735e-02  -2.57718810e+00
    4.46416473e+00   4.41479725e-01  -8.64417675e-02  -9.91038356e-03
    2.61716067e-01   4.99088024e-01  -1.37189876e+00  -1.65060352e+00
   -3.75622659e+00   7.27574086e-01  -2.07046945e-01   4.43101575e-01
   -4.38350902e-02 
    6.16336314e-01  -1.15224548e+00   1.12096493e-01  -1.01263306e+00
   -2.33082229e-01  -2.22066830e+00   1.07778270e+00   7.68984185e-01
    5.17427853e-01  -2.17481654e+00  -7.70817511e-01   2.58977543e+00
    2.95426570e+00  -1.65157176e+00  -1.15856000e+00  -3.87498419e+00
   -1.14392398e+00   7.51914118e-02  -2.56890546e-01  -4.65399718e-01
   -7.94672128e-01  -3.49568297e-01  -3.66957782e-01  -6.81089641e-01
   -1.46107764e+00  -1.76681555e+00   9.92469630e-01   2.28260107e-01
    2.93232358e-01   2.77259005e+00   7.54681410e-01   3.93288499e-01
   -4.45256208e-01 
    2.01377165e-01  -7.11259749e-01   2.11699689e+00  -6.42559191e-01
    1.64861708e+00  -1.10909689e-01  -8.73809972e-01  -1.97304891e-01
   -1.89032919e-01   5.11709490e-01  -4.24050259e+00   8.86023031e-02
    4.30047734e-02  -1.73576350e+00  -4.50617209e-01   2.24558045e+00
   -2.31223814e+00  -5.40672291e-01  -2.35188436e+00  -4.70000615e-01
   -2.37177705e+00  -1.48576738e-01  -2.81636488e+00   1.92729838e-01
   -5.24901663e-01   3.39558840e+00   4.61771225e-01   5.68442945e-01
   -1.52553444e+00   8.68826026e-01   1.10665780e+00  -1.67089249e-01
   -9.31490502e-01 
   -2.05101822e+00   2.38435830e+00   1.15253588e+00   1.33997247e+00
   -2.00360529e+00  -2.54857927e-01   1.22199118e+00  -2.27491491e+00
    2.20255184e+00   4.03035128e-01   6.23446557e-01  -1.46028101e+00
    1.17235303e+00  -1.49103428e+00   1.95869278e+00   1.23803277e+00
   -8.23735743e-01  -2.33609250e+00  -3.19923753e-01   5.11909260e-01
   -1.50679645e+00  -1.69891430e+00   2.09910356e+00  -1.31252175e+00
   -1.91077648e+00  -4.60962562e-01   5.72433182e-02   5.01921602e-01
   -1.34578068e+00  -1.48188258e-01   1.58150436e+00  -1.82272222e+00
   -5.20634166e-01 
    1.00130778e+00  -9.05890487e-01  -8.54399969e-01  -1.32572634e+00
   -1.47156127e-01   1.74825407e-01  -9.32112085e-01  -2.43945029e+00
   -2.41158510e+00  -2.64794322e+00  -1.83359488e+00   1.69727408e+00
   -2.48005834e+00  -1.43045260e+00   1.55379129e-01   1.68157892e-01
    5.47980275e-01  -8.04430404e-03  -2.16209975e+00   1.72197654e+00
    1.26351505e+00   1.23180405e+00   5.71657394e-01  -2.60808856e+00
    2.70495633e+00  -7.41216678e-01   1.91027384e+00   4.20703731e-01
    2.34012853e+00   3.86649411e-01  -1.48003218e-02  -1.81526871e+00
   -3.51439635e-01 
   -1.64756831e-01  -2.76613766e+00   3.39515880e-01   8.57074907e-01
   -6.18570211e-01   1.24886250e+00  -1.13645703e+00  -2.25089121e+00
   -1.63280650e+00  -8.40812967e-02   1.14290564e+00   9.53051626e-02
   -2.66532345e+00   1.86870103e+00  -3.60515744e-01   2.43411692e-01
    5.35494017e-01  -1.25617271e+00   1.00415238e+00   1.63998897e+00
   -7.53162476e-01  -1.30486021e+00  -1.39157097e+00  -2.68822241e+00
   -1.64873481e+00  -1.56528506e+00   3.37329755e+00   1.03193473e+00
   -1.18422707e+00  -3.88133988e-01   1.52199302e+00   2.53332473e+00
   -4.63277327e-01 
   -1.26659750e+00   4.31863233e+00  -1.30987990e+00  -2.54762980e+00
   -2.02920549e+00  -1.23028533e+00  -1.11847157e+00   1.17763643e-02
    1.04021264e+00  -2.31170885e+00  -2.61620016e+00   3.38143371e-01
   -6.72930107e-01   1.26976563e+00  -1.27908627e-01   1.63421029e+00
   -7.26064004e-01  -5.20543236e-01  -3.22675849e-02  -8.95394912e-01
    8.01637439e-01   1.82244427e+00  -5.68300819e-01   8.94109046e-01
    6.30079978e-01  -1.66514395e+00  -1.47522862e+00  -3.45766421e-02
    1.11701499e+00  -8.66233860e-01   1.58162262e+00   1.09868099e+00
   -5.96689346e-01 
   -4.35930468e-01  -9.55838384e-01  -2.53606681e+00  -2.04935395e+00
   -2.03174386e+00   9.16948793e-01   1.23202592e-03  -1.76705818e-01
   -6.58480915e-01   3.38083750e+00   5.25024102e-02   2.14680968e+00
   -1.00576144e+00   2.74955241e-01  -4.60393061e-01  -1.30073201e+00
   -8.09074298e-02  -1.11201533e+00  -4.01026963e-01  -1.42402261e+00
    3.34689770e-01  -3.91859063e-01  -8.94072975e-01  -7.07987820e-01
   -2.87738822e-02  -1.82491343e-01  -1.80417896e+00   4.65633578e-01
    1.55409012e+00  -1.21219123e+00   1.97680919e+00  -4.45031469e-01
   -2.12182819e-01 
   -2.76096571e-01  -7.98849639e-01   5.56777449e-01   1.93350889e+00
   -2.24591163e+00   1.25737140e+00  -2.13388647e-01   1.02594496e+00
    9.42110699e-01  -7.27118462e-01  -8.82399300e-01   7.38200882e-02
   -1.67055634e+00  -7.11577133e-01  -2.56084997e+00   2.05600013e+00
   -2.93037516e+00   4.17619720e-01   1.02209391e+00  -8.30515290e-01
    7.90656518e-01  -5.97877152e-01   1.40295111e+00   3.63885052e-01
    3.09493947e-01  -2.02959668e+00   9.33619136e-01  -1.31321975e+00
    4.79460717e-02  -1.07343626e+00  -8.70964961e-01   7.20898521e-01
   -4.73864366e-01 
   -5.56553880e-01   2.07282181e+00   3.19077513e-01  -1.09874321e+00
   -9.56818527e-01  -1.67133062e-01   9.81833059e-01   1.50678371e+00
   -9.51549017e-01   2.44300673e-01  -9.58648050e-01  -6.76441634e-01
    2.31383759e-01   4.29075081e-01   1.86378455e+00  -1.12188587e+00
    4.82209525e-01   3.00772677e-01  -1.28503498e+00   4.45194907e-01
   -6.81966074e-01   1.03740652e+00  -2.88746664e-01  -2.94066188e-01
    9.23054357e-01  -1.25024599e+00  -3.86390447e-01  -3.26077485e-01
   -2.37625478e+00  -8.79163360e-02  -1.76328882e+00  -2.81579522e+00
   -8.73613404e-01 
   -2.03450635e-01  -1.71775850e+00  -2.33136806e+00   1.83688134e+00
    1.32653255e+00   8.89543148e-01  -4.59179863e-01  -4.91765661e-01
    1.87893841e+00   1.22707280e+00   1.65351002e-01   4.09492990e-01
   -1.55341438e-01   2.34215942e-01  -1.04599811e+00  -4.91675955e-01
   -2.43373694e-01  -1.78586949e+00  -9.12960902e-01   1.59907568e+00
   -5.00707029e-01   7.36678711e-01   3.39484495e-01  -1.49769092e+00
   -5.21731627e-01  -1.52193500e+00  -1.63241485e+00  -5.58592033e-01
    1.08247932e+00  -5.16237283e-01  -8.81036397e-01  -6.25575587e-01
   -2.17376807e-01  