NN 16 32 16   -2.86107305e+00  -4.61489681e-01  -5.66634747e-01   7.55123483e-01
    1.41297331e+00  -5.68611098e-01  -1.00180516e+00  -1.32395250e+00
    1.92205689e+00  -1.33477764e+00   4.82242525e-02   7.42860890e-01
    6.73200621e-01  -1.44876876e-01   2.43995589e-01  -2.57453852e-01
   -6.59155311e-01 
    3.73467776e-01  -1.04217141e-01  -3.94506845e-01  -6.96416881e-01
    9.13028139e-01  -1.31540751e-01  -7.53520904e-02   4.60070495e-01
   -1.90411088e+00   5.95735825e-01   1.55832421e+00  -2.81857209e+00
    4.69427249e-01   6.39502776e-01  -1.34463410e+00   1.05611143e+00
    4.68045503e-01 
   -2.04223004e-01  -1.95612783e-02  -2.24137072e+00   1.11412526e+00
    1.98554193e+00  -1.21649028e+00  -4.94541307e-01  -9.12234851e-01
   -9.22221187e-01   2.36952219e-01   2.26722013e-01   6.86264325e-02
    1.46476242e+00  -8.73581783e-01   2.75396358e-02   1.34424931e+00
    2.15630454e-01 
    1.43636808e+00  -7.65570332e-01  -6.61123909e-01   6.78379034e-01
   -2.55543694e-01  -8.16599578e-01   1.07221541e+00  -5.36687988e-02
   -1.04776551e+00   8.62898288e-01  -1.04551502e+00   1.46046444e+00
    1.46034760e+00  -1.49765146e+00   8.79616958e-01  -1.43424062e+00
   -3.33909463e-01 
   -3.51630237e-01  -1.23810531e+00   1.17819205e+00  -9.21114877e-01
   -3.74558588e-01  -7.90411926e-01  -5.99772737e-02  -1.48047860e+00
    1.30299368e+00  -3.78527099e-02  -2.97343620e-01   1.49609274e+00
    1.38272610e+00   1.71415080e+00   1.05105823e-01  -1.33190768e+00
   -7.50767481e-01 
   -3.16708130e-01   8.23965644e-01   9.73068891e-01  -9.97528279e-01
    3.01310743e-01   9.21695389e-01   1.12114039e+00  -7.57097750e-03
   -6.23792473e-02  -3.42329505e-01  -9.83420270e-01   6.04034809e-01
   -6.44018834e-01  -1.17635279e+00  -2.31612926e-01  -2.09741611e-01
   -1.55556494e-01 
    3.30148736e-01   1.32497812e+00   1.17061568e+00  -1.32441755e+00
   -2.04717184e-01  -1.10481082e-01  -1.57143056e+00   7.88250793e-01
   -5.74618398e-01   4.79949016e-01   7.71115550e-01   5.64860258e-01
   -2.13446961e-01  -3.34023687e-01  -1.04857210e+00   7.31461139e-01
   -5.45011513e-01 
    5.69607784e-01  -1.24654787e+00   7.53419931e-01  -2.98771228e-01
    7.26860113e-01   3.16080063e+00  -1.52467251e+00  -6.66980352e-02
    1.86770948e+00   2.03657673e+00   6.96709700e-01  -7.91811191e-01
   -6.43005291e-01  -1.97339575e+00  -1.02745541e+00  -3.68073075e-02
   -7.13307397e-01 
    2.97260702e-01   2.00202076e+00  -9.22855699e-01  -5.50560902e-01
    8.01699784e-01  -1.22686373e+00  -5.80757370e-01  -2.26206796e-01
   -1.46080974e+00   1.95755697e+00   1.00669080e+00  -8.23093398e-01
    3.90908962e-01  -1.60352348e+00   8.53885933e-01  -1.10170565e+00
   -1.73373586e-01 
   -1.22442603e+00   1.58609300e-01  -7.47828894e-01   1.02310351e+00
    1.70216062e+00  -6.49467177e-01   1.27927442e+00  -6.91623169e-01
   -6.63199316e-01   1.30581871e+00   1.82339809e-01   1.68999502e+00
   -2.05214863e+00   4.39842921e-01  -1.01738422e-01  -1.04207626e+00
    2.22104556e-01 
   -5.90446978e-01   7.31756556e-01  -1.13239954e-01  -2.39389382e+00
   -1.79509455e+00  -1.10950491e+00   2.36207255e-01   3.17317923e+00
   -7.50229167e-01   7.46186005e-01  -7.81026162e-01   1.94189001e+00
   -5.63116461e-01  -5.27676261e-02   4.38209549e-02   4.50762250e-02
   -5.82055593e-01 
    2.16581530e+00  -1.01602213e+00   4.59047922e-01   1.66940505e+00
    1.14641041e+00  -1.16960973e-01  -1.31869849e+00   5.26454517e-01
    3.32903436e-01  -7.23825670e-01  -3.28616808e-01  -4.38164314e-01
   -2.20940104e+00   2.53588401e-01   7.03630851e-01  -4.76044873e-01
   -1.87896944e-03 
    1.86431566e-01  -1.23431710e+00   8.65183961e-01  -2.54316234e-01
    2.43246110e-01  -4.69487534e-02  -2.87698881e+00   2.88109611e-01
   -1.74517001e+00   8.98227935e-01   2.38108235e+00   3.64891806e-01
   -3.11831601e-01   9.51910916e-01  -4.82128748e-01  -4.35260017e-01
   -1.01990099e+00 
   -3.59536656e-01  -1.91192720e-01  -7.51168996e-01   3.00602819e-01
    1.75848668e+00  -1.63647748e+00   7.16125554e-01   3.67140527e-01
    8.13331477e-01   1.48388768e+00  -1.92044209e+00  -1.69961849e+00
   -5.10588258e-01   5.60858780e-01  -3.56001732e-01  -1.93890763e-01
   -1.01863377e-01 
    7.75900620e-01  -2.00644802e+00   1.08255049e-01   2.31097478e+00
   -1.77465069e+00   1.01872070e+00   2.97012431e-01  -4.26923713e-01
   -1.55583796e+00  -3.48246531e-02  -3.11675398e-01  -5.34778982e-01
    5.91904500e-01   2.09102775e+00  -1.49687643e+00  -4.10822543e-02
    5.70633346e-01 
    1.16398019e+00  -9.41915436e-01  -9.03895212e-03   1.82423954e-01
   -1.22620981e-01   5.17895683e-01   2.74207517e+00  -2.52401825e+00
   -1.37980626e+00  -5.86820120e-01  -3.31361256e-01  -9.04211274e-01
    1.38979602e+00  -1.49712836e+00   4.00088580e-01   1.39782518e-02
    3.76260075e-01 
    1.41650805e+00   5.62192370e-01  -2.54563522e+00  -3.44692521e+00
    2.83697381e-01   3.30523445e-02   1.09989313e+00   1.47522041e+00
    5.42448951e-01  -3.09719080e-01  -1.09803297e+00  -6.92505388e-01
   -2.98090936e-01   1.83111862e+00  -5.48652143e-01   6.95999145e-01
    2.62749852e-02 
   -1.34677365e+00   2.21190691e-01   2.18578019e-02   1.68017333e-01
    7.15847317e-01  -7.71408136e-01  -1.68512918e-01   2.96985803e-02
    1.20117533e+00  -6.32610419e-01   7.94339218e-01  -2.24069647e-01
    6.44230451e-01  -7.10109782e-01  -4.07654316e-01   8.40410080e-01
   -4.90640019e-01 
   -2.10052057e-01  -1.57145149e+00   1.62363911e+00  -4.21643269e-01
   -2.00265698e+00   2.76759858e-01  -2.41648692e-03   1.41611399e+00
    4.51939016e-01   1.74097136e+00  -1.68869357e+00  -6.60339173e-01
    3.67206662e-01  -9.72885675e-01   4.68603872e-01   5.06155953e-01
    8.23310895e-02 
   -1.03730553e+00   6.37012562e-01  -1.11678821e+00   1.62216725e+00
   -7.38316317e-01   1.83839340e+00   2.84008276e-01  -1.11371970e+00
   -2.03087803e-01  -1.65333617e+00  -6.24600142e-01   6.32428664e-01
    1.54107690e+00   4.74286724e-01  -1.05687451e-01  -1.44337960e+00
    4.35683136e-01 
    1.82186437e-01   2.09488278e+00   1.27164377e+00  -2.86301113e-01
   -4.01425565e-01  -3.68830089e+00   9.60997126e-01   2.63812667e+00
    1.18249570e+00  -1.40166899e+00   5.88771526e-01  -9.47966606e-01
   -6.46746047e-01  -3.86685038e-01   3.47033942e-01   2.61766825e-02
   -2.04799217e-01 
   -2.32136294e+00   5.76454497e-01   1.42526070e+00  -5.16758259e-01
    1.45864955e+00  -9.50756354e-01  -3.15210144e-01  -6.17685845e-01
    1.65871620e+00  -1.19369506e+00   2.12153354e-01  -1.69828972e+00
    4.45222042e-01   6.14708603e-01  -1.02197397e+00  -2.18239966e-01
    5.60938417e-01 
   -4.69422465e-01  -5.92657968e-01   6.78224283e-01  -1.12250995e+00
    1.91084488e+00  -1.39585714e+00   2.84139719e-01   1.77576143e+00
   -2.02598053e+00  -6.82101202e-01   9.08056601e-01   5.80808436e-01
    6.39134919e-01  -6.00390551e-01  -3.06864880e-01  -4.17994592e-01
   -3.02824048e-01 
   -1.62797965e+00  -3.42597301e-03  -1.21019617e+00   1.70253171e+00
   -9.17887895e-01   7.36555798e-01   5.09534156e-01  -6.63875263e-01
    1.45312556e+00   1.58823416e+00   1.34579056e+00  -1.54192557e+00
    5.41178531e-01  -1.19773046e+00   3.95489993e-01  -8.76536402e-02
   -5.38660481e-01 
    1.45202785e+00   1.30643844e+00  -1.38867713e+00  -6.47142593e-01
   -2.72059166e+00  -6.27370912e-01   7.74318650e-01   4.58018889e-01
    1.21006247e+00  -2.28410585e+00   2.00226544e+00  -1.59679941e-01
    9.14091416e-02  -9.36614865e-02  -6.01117872e-01   6.83255428e-02
   -1.18620705e-01 
    1.25159694e+00  -7.38262650e-02  -1.36551161e+00  -3.72454630e-01
   -9.54490702e-01  -4.95528548e-01   2.09944712e+00  -2.78205087e+00
    3.95483653e-03  -4.48631398e-01   5.70933222e-01   1.07015126e+00
   -1.38930408e-01   1.15470706e+00   9.26109265e-01   4.89598925e-01
   -6.35748057e-01 
   -9.21400702e-01  -6.43276725e-01   1.59206466e+00  -1.61968364e-02
    1.11739429e+00   1.47075083e+00  -2.15658156e+00  -3.97900235e-01
    1.64174865e-01  -5.59787331e-01  -2.42114193e+00   4.30022673e-01
    1.34426998e+00  -1.00043714e+00   1.56023251e-01   1.99382671e+00
   -2.00946737e-01 
   -7.88088502e-01   2.18282796e+00   1.23306442e+00   9.84993399e-02
   -7.75578003e-01   2.05551979e+00  -3.43894580e-01  -2.62147662e-01
   -1.12117836e+00  -1.36475326e+00  -4.71830177e-01  -3.50359701e-01
   -8.41959446e-01   5.28049030e-01  -1.02781496e-01   4.66519549e-01
   -4.14017479e-01 
   -3.84975575e-01  -1.26374046e+00  -7.66054973e-01   2.82660935e-01
    6.24625864e-01   2.13532306e+00  -8.23575144e-01   7.05243806e-01
    5.12780118e-01  -1.93687744e+00   1.00028165e+00  -1.08523209e-01
   -1.14852528e+00   1.35377533e-01   1.93306972e+00  -1.10750379e+00
    3.41139646e-01 
   -4.47933496e-01   1.54074360e+00   6.52740486e-01  -4.84676515e-01
    5.12758937e-01  -1.08834735e+00  -2.07182928e+00  -1.45580398e+00
   -2.39734324e-02  -5.57590255e-01   2.44257666e-03   6.09757548e-01
    5.11195588e-01   2.87874100e-01  -2.29199561e-02   8.18129810e-01
    8.00184323e-02 
   -1.27073936e+00   8.80903325e-02   2.20868814e+00   1.45001635e+00
    1.04878480e+00   3.34380363e-01  -1.22227330e+00  -8.86172957e-01
   -5.11330533e-01   7.16368279e-01  -1.59493837e+00  -1.16710572e+00
   -1.19421320e+00   1.05885276e+00   9.87210276e-01   7.71485925e-01
    2.84482373e-01 
    1.16162568e+00   8.32317219e-01  -7.44620303e-01  -3.99613015e-01
   -7.04296789e-01  -2.16021568e-01  -8.41637248e-01  -1.56050724e-01
    1.35158229e+00   1.19298838e+00  -1.66565178e+00  -1.30904451e+00
   -3.45401795e-01  -1.41208944e+00   2.06755315e+00   4.22370413e-01
   -4.51386001e-01      2.74522296e+00  -5.05819742e-01  -1.40530898e-02  -1.73962271e+00
   -6.08684099e-01   4.51577619e-01  -2.61012774e-01  -8.72421451e-01
    6.56990317e-01   1.15836072e+00   5.00247800e-01  -2.48706313e+00
   -9.22041585e-01   1.35245791e-01   3.08294995e-01  -1.51051702e+00
   -5.23037923e-01   4.23844030e-01   9.24479251e-03   6.98984893e-01
   -2.98610191e-01   2.48951666e+00   5.45026437e-01   1.84601471e+00
   -2.16045981e+00  -1.08901839e+00   3.98776724e-01  -2.06586091e-01
   -2.77753887e-01  -3.09374147e-01   6.27532681e-01  -1.62149744e+00
   -2.68262134e-01 
    6.06388564e-01   2.56611837e-01  -3.23221100e-01   2.69117855e-01
    1.08169054e+00  -3.21232220e-01  -1.28659087e+00   9.74195790e-01
   -2.20065207e+00  -4.75331878e-01  -8.02518218e-01   2.93082642e-01
    1.44038756e+00   1.58765835e-01   1.85477833e+00   3.67747403e-01
    1.19967630e-01  -6.53974351e-01   1.85426244e+00  -1.79873801e+00
   -1.71482783e+00   2.74006504e-01   1.64580614e-01   2.79475970e-01
   -1.60210645e+00   2.51407304e-01   8.43033876e-01  -3.42672925e+00
    1.28212093e+00  -1.46527620e+00   2.06289535e-02  -1.16272296e+00
    1.14046291e-01 
    9.38440535e-01   1.84768110e-01   2.55338876e+00   4.98700042e-01
   -1.87670076e+00  -8.97788579e-01  -1.02976410e+00  -9.41458724e-01
    1.51525648e+00   1.10153641e+00   3.16725282e-01  -1.58381548e-01
   -1.67222426e+00   3.60369829e-01  -4.09643449e-01  -1.28977453e+00
    2.24717069e+00  -1.98571857e-01  -1.25445732e+00   1.09936327e+00
   -1.17247105e+00  -1.90098536e+00  -9.21516532e-01   1.21144557e+00
    1.25394027e+00   1.20310288e+00  -1.84899157e+00  -8.54248985e-01
    1.73390989e+00  -3.85983920e-01  -2.59210756e+00   8.11787393e-01
   -3.46163660e-01 
   -9.74921529e-01   9.14169420e-01  -1.24514807e+00  -8.96090258e-01
    1.30990770e+00   1.10419495e+00   1.29121139e+00   2.52308268e-01
    3.32666105e-01  -9.03709799e-01   2.06538133e+00  -2.30580507e+00
    6.41484819e-01  -9.08723677e-01  -3.00882803e+00   6.31276702e-02
    3.71074604e+00  -2.77774723e-01   8.58218405e-01  -1.79053653e+00
   -1.09744703e+00   7.60226697e-01   9.97012725e-01  -2.56787156e+00
    2.27041944e-01   4.45755641e-01   2.94397920e-01   8.05296679e-02
   -3.07081337e-01   4.08087780e-01  -1.69665696e+00  -2.93823588e-01
   -9.55070616e-02 
   -1.26946469e+00  -1.00530392e+00  -1.94346432e+00  -1.10287373e-01
    2.76069067e-01  -2.38504485e-01   3.64123541e-01  -1.02906532e+00
   -3.85163116e-01  -2.51934144e+00   1.34970459e+00  -2.93788292e-01
   -2.95622359e-01  -2.27907836e+00   2.33575075e+00  -1.19573471e+00
    2.72610305e-02  -1.35096582e+00   2.66352038e+00  -1.11825069e-02
    1.48528857e+00  -1.17581095e+00  -2.63555238e+00   1.99962690e+00
    1.71546038e+00   1.47038311e+00  -1.46861973e+00  -5.17105668e-01
   -1.15487759e+00  -6.72818396e-01  -9.08465313e-01   9.80989085e-01
   -1.43783290e-01 
   -2.78391307e-01  -2.57576154e-02   5.23104678e-01   8.45029377e-01
    8.30045938e-01  -6.07577131e-01  -2.95546833e-01  -3.37314206e+00
    8.79259111e-01  -1.15471832e-02   4.06773421e-02  -2.60011279e-01
   -5.44197998e-01   1.80753791e+00  -9.90819545e-01  -1.77439436e+00
   -9.41578244e-01   3.19816571e-01  -2.49929142e-01  -2.79600599e+00
    4.29861683e+00   4.64663910e-01   5.92720951e-01  -5.57277583e-02
   -1.49023461e-01   5.45227994e-01  -1.64566032e+00  -1.45277847e+00
   -3.20202749e+00   6.39951888e-01  -3.39787638e-01  -7.67423335e-02
    3.54878716e-02 
    4.28596277e-01  -4.65224733e-01   4.02242917e-01  -1.21749259e+00
   -5.46535168e-01  -1.15837621e+00   1.42333849e+00   9.67593470e-01
    2.82529534e-02  -2.26604363e+00  -5.21217646e-01   1.88444993e+00
    3.22753986e+00  -1.47806397e+00  -1.16086033e+00  -3.60619512e+00
   -9.80068772e-01   1.14127875e-01  -5.33678891e-01   3.74905688e-01
   -9.12918466e-01  -4.48708999e-01  -4.26072563e-01  -6.45499345e-01
   -1.74190777e+00  -1.53138155e+00   1.10279655e+00   5.38694282e-01
    1.07928730e-01   2.64323142e+00   4.20176155e-01   7.84823741e-01
   -2.69936626e-01 
    2.69450787e-02  -8.83876951e-01   1.79499370e+00  -6.15486957e-01
    1.19916451e+00  -6.98318345e-02  -9.71318433e-01   3.01555573e-01
   -1.47700699e-04   2.70091884e-01  -3.82235169e+00  -5.48493793e-02
   -4.91882163e-01  -1.00848307e+00  -4.57265420e-01   2.09794860e+00
   -1.98549353e+00  -6.00624724e-01  -2.31320306e+00  -8.54127223e-02
   -2.34869947e+00  -5.46629803e-02  -2.55181507e+00   2.21326838e-01
   -1.84127755e-01   2.65317329e+00   6.32918766e-01   5.04521462e-01
   -1.45772360e+00   1.08426861e+00   7.68478086e-01  -3.66211632e-01
   -5.23316979e-01 
   -1.68531433e+00   1.96437394e+00   9.49604933e-01   1.09696995e+00
   -1.74872844e+00  -1.96123304e-01   1.12697339e+00  -1.99101006e+00
    1.74251580e+00   8.99167838e-02   3.90716938e-01  -1.27729117e+00
    1.02605748e+00  -1.34504620e+00   1.85960600e+00   1.40527334e+00
   -8.53495365e-01  -1.73608274e+00  -4.23918610e-01   4.52289843e-01
   -1.30369070e+00  -1.47312590e+00   1.93311751e+00  -1.57722967e+00
   -1.26558551e+00  -6.45225463e-01   7.98192157e-03   7.40721391e-01
   -1.03926276e+00  -1.73968168e-01   1.15557975e+00  -1.46751885e+00
   -4.47292674e-01 
    6.98803400e-01  -5.81385507e-01  -5.00087729e-01  -1.09311238e+00
   -2.57057007e-01  -1.63027063e-02  -8.70784425e-01  -2.21218641e+00
   -2.12423872e+00  -1.99118710e+00  -1.75061537e+00   1.35632784e+00
   -1.84058605e+00  -1.32311392e+00  -3.76785101e-03  -1.21956774e-01
    7.80400832e-01   8.57867443e-02  -1.90302554e+00   1.91466556e+00
    1.00911767e+00   1.19667282e+00   7.13650416e-01  -2.36359628e+00
    2.52789228e+00  -2.91989694e-01   1.25085234e+00   3.20716535e-02
    1.98967136e+00   1.97140998e-01   5.67410371e-02  -1.30777307e+00
   -3.33896608e-03 
   -5.76491789e-01  -1.99387812e+00   1.45074538e-01   6.80436996e-01
   -4.56477787e-01   7.89669928e-01  -8.02438601e-01  -2.12083995e+00
   -1.08137588e+00  -1.20541361e-01   9.85009678e-01   7.07936339e-01
   -2.52436831e+00   1.85807664e+00  -3.65026694e-01   1.90336935e-01
    8.91807945e-01  -1.02774915e+00   8.73250928e-01   1.26453218e+00
   -4.97311467e-01  -8.70368508e-01  -1.08577060e+00  -2.22777368e+00
   -1.81347740e+00  -1.52646583e+00   2.83815697e+00   6.73102376e-01
   -9.60941657e-01  -4.32230709e-01   1.34361314e+00   2.09626346e+00
   -1.65927635e-01 
   -1.42509405e+00   3.39917334e+00  -8.79438350e-01  -2.34987076e+00
   -1.82715421e+00  -8.34821107e-01  -9.86523280e-01   3.86642911e-01
    9.37766929e-01  -1.98094472e+00  -2.36222037e+00   3.49908937e-02
   -9.20731568e-01   1.37576070e+00   3.07113231e-01   1.34843959e+00
   -7.85813496e-01  -3.87563074e-01  -1.20249255e-01  -6.01165174e-01
    7.73530763e-01   1.82302789e+00  -4.05953902e-01   7.39867301e-01
    9.75961958e-01  -1.84822929e+00  -1.14592651e+00   5.59817889e-02
    6.56372358e-01  -7.16067618e-01   9.17181271e-01   9.57026526e-01
   -4.03154306e-01 
   -4.93835008e-01  -6.64686733e-01  -2.36731075e+00  -1.78158315e+00
   -1.89093402e+00   6.87862746e-01   2.13492257e-01  -2.74914617e-01
   -4.10093935e-01   2.41625616e+00  -1.23780254e-01   1.95168206e+00
   -1.08396572e+00   4.03702494e-02  -2.26823634e-01  -1.19003619e+00
   -8.67129746e-02  -1.03784575e+00  -3.27167875e-01  -1.10442882e+00
    5.05247683e-01  -4.64465673e-01  -8.00912588e-01  -7.45186235e-01
    1.04356955e-01  -3.63746278e-01  -1.44988715e+00   4.09728282e-01
    1.28963027e+00  -1.06062139e+00   1.56779651e+00  -4.02378011e-01
   -2.45234381e-01 
   -2.73141554e-01  -7.39808983e-01   5.83821788e-01   1.61170197e+00
   -1.95095148e+00   9.96280345e-01  -1.95392990e-01   7.50111770e-01
    8.23607155e-01  -6.16858153e-01  -8.80678770e-01   1.38284490e-02
   -1.51059839e+00  -5.55204012e-01  -2.24405521e+00   1.62436416e+00
   -2.49376836e+00   2.24246237e-01   8.15947970e-01  -6.73740625e-01
    5.53278361e-01  -6.25662371e-01   1.14143917e+00   2.57882396e-01
    3.23313328e-01  -1.88130172e+00   8.82167288e-01  -1.15186071e+00
    2.09034064e-01  -8.25671810e-01  -6.88040920e-01   5.90371267e-01
   -3.63256704e-01 
   -6.35326898e-01   1.45417338e+00   1.33765461e-01  -1.04892051e+00
   -1.01835846e+00  -2.46767602e-01   7.63284305e-01   1.09762970e+00
   -5.50159649e-01  -4.69863594e-03  -7.57300108e-01  -6.25386126e-01
    2.77589247e-01   3.22574788e-01   1.20476505e+00  -9.97455953e-01
    3.34286966e-01   1.27481657e-01  -1.00495922e+00   4.07988817e-01
   -6.03927363e-01   7.12529719e-01  -1.83474114e-01  -2.98011839e-01
    7.31281318e-01  -1.25986961e+00  -4.78188037e-01  -2.43620997e-01
   -1.45912534e+00   2.44547113e-02  -1.45162097e+00  -2.17621185e+00
   -8.39204661e-01 
   -3.50063249e-01  -1.29970585e+00  -1.77896641e+00   1.22526524e+00
    1.07901895e+00   7.00265916e-01  -5.09184400e-01  -4.15336395e-01
    1.14308825e+00   9.73575403e-01  -1.39156210e-02   1.93283219e-01
   -4.23288924e-01   2.21344756e-01  -8.09726226e-01   1.65593246e-02
   -9.95818738e-02  -1.32579727e+00  -6.82115853e-01   1.26616285e+00
   -6.97557711e-01   4.27888877e-01   1.04227063e-01  -1.27051742e+00
   -5.09059295e-01  -1.21217892e+00  -1.34203625e+00  -4.05323101e-01
    8.21991857e-01  -5.10067673e-01  -8.00698555e-01  -4.06146300e-01
   -1.88116290e-01  