NN 16 32 16   -3.27150245e+00  -8.68577106e-01  -1.65816425e-01   5.12306664e-01
    2.01547259e+00  -8.73982136e-01  -1.57749076e+00  -1.78538138e+00
    2.86613624e+00  -1.37570135e+00  -2.15893403e-01   3.53987986e-01
    7.08446156e-01  -2.28517681e-01   2.53087886e-01  -4.26583935e-01
   -7.79588623e-01 
    5.78612596e-01  -5.85307326e-01  -4.29244801e-01  -2.80398881e-01
    9.30934003e-01  -2.83480058e-01   5.61185261e-02   4.39518383e-01
   -2.34901187e+00   6.19391470e-01   1.93783598e+00  -3.37101743e+00
    6.22589280e-01   6.86248765e-01  -1.79004374e+00   1.19802302e+00
    5.06744211e-01 
   -7.59997751e-01   6.54170672e-02  -2.55801079e+00   1.02745799e+00
    2.41734385e+00  -1.66596972e+00  -3.85969263e-01  -7.88697460e-01
   -1.06267382e+00   5.29829924e-01   9.88034604e-02   1.22733557e-01
    1.43739965e+00  -8.39363722e-01  -1.67631178e-01   1.77721532e+00
    1.25722181e-01 
    1.49103763e+00  -7.37556215e-01  -1.13624243e+00   8.41529430e-01
    1.36089618e-01  -1.05182399e+00   9.61651068e-01  -2.83548154e-01
   -1.38726355e+00   8.22020983e-01  -1.27881437e+00   1.68447881e+00
    1.73009155e+00  -1.49801652e+00   1.10518741e+00  -1.74571058e+00
   -2.42153624e-01 
   -3.40716605e-01  -1.49099519e+00   1.35260565e+00  -1.08445645e+00
   -3.15992625e-01  -6.80548292e-01  -1.03615426e-01  -1.73811340e+00
    1.24004094e+00  -3.64764861e-01  -1.54376690e-01   1.80195330e+00
    1.54990234e+00   1.98228920e+00  -1.63665919e-02  -1.46214619e+00
   -7.51060546e-01 
   -4.19106620e-01   1.31929198e+00   1.50060309e+00  -1.21912308e+00
    6.72734902e-01   1.09853290e+00   1.56412779e+00  -9.68981151e-02
    8.36501748e-03  -2.28799988e-01  -1.73913597e+00   5.82767128e-01
   -7.69416491e-01  -1.27063302e+00  -2.52662536e-01  -1.14587758e-01
    2.25379007e-02 
    8.20309518e-01   1.52130421e+00   1.33980268e+00  -1.72160052e+00
   -6.83825243e-02  -1.92564696e-02  -1.77426946e+00   1.06691844e+00
   -4.84888299e-01   5.44922361e-01   8.26470404e-01   4.11079193e-01
   -1.83214708e-01  -3.73961300e-01  -1.24822260e+00   8.29741126e-01
   -5.90322014e-01 
    7.92068130e-01  -1.38093405e+00   1.01900217e+00  -2.90836229e-01
    6.91959645e-01   3.68426464e+00  -1.89014955e+00   1.07699563e-01
    2.16544425e+00   2.15090637e+00   5.94836364e-01  -5.49446580e-01
   -5.62447169e-01  -2.38481192e+00  -1.16144592e+00   1.71587814e-02
   -5.75625574e-01 
    2.55528647e-01   2.48501872e+00  -8.86991128e-01  -7.21197780e-01
    8.84650302e-01  -1.16231559e+00  -9.87517809e-01  -7.63744118e-02
   -1.56333524e+00   2.22720182e+00   1.31606255e+00  -1.08385571e+00
    7.02151669e-01  -1.68550653e+00   1.20008697e+00  -1.41234495e+00
   -1.23535690e-01 
   -1.54587031e+00  -2.34785931e-02  -8.38521006e-01   1.37099543e+00
    1.62214051e+00  -7.88129757e-01   1.23888154e+00  -6.60486235e-01
   -8.84694184e-01   1.12206361e+00   3.37565004e-01   1.92515052e+00
   -2.47184877e+00   5.74265273e-01  -3.65426396e-01  -1.23322601e+00
    3.01266622e-01 
   -5.67111039e-01   6.62954409e-01   1.51411124e-01  -2.55868877e+00
   -1.92433250e+00  -1.28809132e+00   2.65304570e-01   3.84646676e+00
   -9.50455108e-01   6.93861789e-01  -6.69667343e-01   2.70936646e+00
   -7.34905658e-01  -1.79065663e-01   9.34707018e-02   1.37336509e-01
   -5.05756434e-01 
    2.62871234e+00  -6.45501278e-01   3.15954615e-01   1.84469228e+00
    1.38589030e+00  -5.31830044e-01  -1.47179616e+00   6.19615667e-01
    2.59675915e-01  -9.82269517e-01   2.70634148e-01  -6.73437448e-01
   -2.65805461e+00   3.08871823e-01   8.58207600e-01  -7.25102479e-01
   -9.99738561e-02 
   -1.01687554e-01  -1.66939080e+00   1.22900428e+00  -1.85638076e-01
   -1.61997545e-01   4.57462257e-01  -3.22779754e+00   5.39091518e-02
   -1.89882715e+00   9.01023238e-01   2.81888445e+00   3.61434207e-01
   -3.55797765e-01   1.11467739e+00  -6.15544516e-01  -5.57799266e-01
   -1.13654935e+00 
   -3.81862719e-01   1.71838381e-01  -5.52613597e-01   9.76373042e-02
    2.13230673e+00  -1.87864815e+00   8.60790347e-01   7.40953392e-01
    8.94964341e-01   1.64741136e+00  -2.06924814e+00  -1.62343904e+00
   -8.44482982e-01   5.01458789e-01  -3.87601267e-01  -2.71035343e-02
   -7.88171564e-02 
    1.22290157e+00  -1.90768386e+00   5.12563350e-01   2.71221891e+00
   -2.14327210e+00   9.39015276e-01   4.36851075e-01  -7.31731108e-01
   -1.58159800e+00  -1.61502552e-01  -4.73874384e-01  -4.18685172e-01
    7.83818653e-01   2.31623923e+00  -1.79330134e+00  -9.18873724e-02
    6.03802059e-01 
    1.27104993e+00  -1.06212532e+00   1.96873246e-03  -1.16451908e-02
   -3.75977987e-01  -1.55617983e-03   3.04688785e+00  -2.74580966e+00
   -1.41893894e+00  -8.57644069e-01  -3.97839744e-01  -9.45647437e-01
    1.38453007e+00  -1.73317971e+00   6.63179902e-01   3.17890824e-01
    4.45257172e-01 
    1.39261962e+00   7.31802296e-01  -2.88590480e+00  -3.82567464e+00
    8.03333142e-01   4.38300232e-02   1.08925600e+00   1.52929026e+00
    7.01805773e-01   2.40738736e-01  -8.23448054e-01  -8.76129867e-01
   -2.04530789e-01   1.84819063e+00  -4.39056236e-01   1.04411587e+00
    2.27424644e-01 
   -1.33448292e+00   3.74281117e-01  -1.85240962e-01   1.00817082e-01
    6.54976591e-01  -1.26504710e+00   1.06543658e-01   9.33512356e-02
    1.40246503e+00  -8.23590603e-01   9.85664334e-01  -8.35672908e-02
    7.26985629e-01  -9.56195240e-01  -5.83582203e-01   1.04465342e+00
   -6.16022325e-01 
   -2.53439084e-01  -2.05480174e+00   1.95766607e+00  -1.13883957e-01
   -2.24514146e+00   4.71348599e-01  -1.24329401e-01   1.39469350e+00
    2.91610390e-01   1.60029256e+00  -1.90940795e+00  -5.34813398e-01
    6.16655026e-01  -1.15552390e+00   5.64008007e-01   6.10597657e-01
    9.97542265e-02 
   -1.23071938e+00   4.11738344e-01  -8.50496447e-01   1.86751975e+00
   -8.85476922e-01   1.72300906e+00   9.80175856e-01  -1.55351144e+00
   -2.31636117e-01  -1.73271536e+00  -8.32969270e-01   7.03442071e-01
    1.67634077e+00   2.64920258e-01  -2.03498185e-01  -1.94668211e+00
    3.56488382e-01 
    1.41945358e-01   2.47237883e+00   1.00256404e+00  -4.58080248e-01
   -4.32277787e-01  -4.32704962e+00   1.21624308e+00   3.19440665e+00
    1.24975505e+00  -1.79820247e+00   6.97632062e-01  -4.03432279e-01
   -5.06331400e-01  -5.81002508e-01   6.00719447e-01  -1.50689633e-01
   -2.23377173e-01 
   -2.38193269e+00   7.72336482e-01   1.77284742e+00  -4.28673855e-01
    1.59998653e+00  -9.13576893e-01  -6.67977743e-01  -5.27487935e-01
    2.11179469e+00  -1.20394766e+00   5.72731846e-02  -1.76839599e+00
    4.44993270e-01   5.14198397e-01  -1.13375933e+00  -4.10980858e-01
    5.86594326e-01 
   -2.70959210e-01  -4.76433991e-01   4.33877449e-01  -8.33908600e-01
    2.19206334e+00  -1.33506282e+00   1.11851449e-01   2.11889857e+00
   -2.43345084e+00  -8.34680112e-01   1.06281250e+00   7.63813055e-01
    5.17944579e-01  -6.74887538e-01  -3.36111175e-01  -7.95594532e-01
   -3.03422381e-01 
   -1.87797195e+00   2.32409333e-01  -1.39699151e+00   1.90764386e+00
   -1.00307875e+00   9.23955866e-01   8.24390793e-01  -6.80923573e-01
    1.18923169e+00   1.50364227e+00   1.54164536e+00  -1.73127590e+00
    7.30123546e-01  -1.30210940e+00   4.46134948e-01  -2.33331903e-01
   -6.36669371e-01 
    1.45012944e+00   1.48085948e+00  -1.99656102e+00  -8.17218789e-01
   -3.29454430e+00  -1.10516145e+00   9.57543961e-01   5.12136885e-01
    1.24846098e+00  -2.33285215e+00   1.84291726e+00  -3.96380359e-01
    2.52550011e-01  -3.36237625e-01  -8.81662840e-01  -7.28508947e-02
   -2.98776446e-01 
    1.57647929e+00   5.00231026e-02  -1.58143847e+00  -2.43982541e-01
   -1.05629950e+00  -5.08477159e-01   2.53900232e+00  -2.85394092e+00
    2.38466523e-02  -2.56496671e-01   3.71550643e-01   9.41638528e-01
   -9.55236021e-02   1.34442316e+00   9.50613338e-01   9.48814955e-01
   -5.70122829e-01 
   -6.15054273e-01  -6.63332712e-01   1.88238894e+00  -2.01283913e-01
    1.27821952e+00   1.65195830e+00  -2.76679236e+00  -8.08362646e-02
    3.81890777e-01  -8.36871429e-01  -2.94580663e+00   2.47889020e-01
    1.60596896e+00  -1.31743685e+00   4.06693223e-02   2.76688876e+00
   -2.27139665e-01 
   -6.64471565e-01   2.44607268e+00   1.27995161e+00  -1.33825231e-02
   -1.24459170e+00   2.08294864e+00  -3.94383314e-01  -2.12607168e-01
   -9.59242792e-01  -1.93892055e+00  -3.53531232e-01  -1.78282309e-01
   -8.94309461e-01   5.66256751e-01  -6.10335187e-02   7.14458883e-01
   -4.53945588e-01 
   -3.97368515e-01  -1.29964412e+00  -9.90783527e-01   1.27283767e-01
    2.31801078e-01   2.28712110e+00  -7.27028558e-01   8.48813575e-01
    4.82717751e-01  -2.41537848e+00   1.20416131e+00  -1.90349750e-01
   -1.36704331e+00   4.69584456e-02   2.65797427e+00  -1.31989799e+00
    5.50422464e-01 
   -1.96387455e-01   1.93899171e+00   4.10545038e-01  -7.06866739e-01
    7.23447973e-01  -1.38280451e+00  -2.18309791e+00  -1.50719339e+00
   -2.67366174e-01  -7.02820512e-01  -1.30356929e-01   8.93989647e-01
    5.89895742e-01   4.18483477e-01   7.52400908e-02   1.00564549e+00
    1.57232947e-02 
   -1.25502334e+00   2.09519032e-01   2.46817709e+00   1.49023786e+00
    1.00971135e+00   3.02669917e-01  -1.80857936e+00  -1.03671248e+00
   -6.56609960e-01   6.57203541e-01  -1.82713348e+00  -1.41935932e+00
   -1.63194358e+00   1.34326860e+00   1.31061236e+00   1.04628024e+00
    2.64895664e-01 
    1.28129333e+00   9.77116927e-01  -1.00797861e+00  -3.82189647e-01
   -9.19130490e-01  -4.37091996e-01  -6.30255224e-01  -4.74929626e-01
    1.49387420e+00   1.43687610e+00  -2.08092947e+00  -1.76476748e+00
   -4.04752115e-01  -1.66385991e+00   2.26232823e+00   6.59434099e-01
   -5.69347600e-01      3.23586969e+00  -9.02522623e-01   2.91413801e-01  -1.94516321e+00
   -7.75034781e-01   1.01752636e+00  -6.11247938e-01  -8.28190494e-01
    5.49428189e-01   9.52011589e-01   3.42100984e-01  -2.78580285e+00
   -7.49949478e-01   3.69214368e-01   8.19075182e-01  -1.65507317e+00
   -3.30809901e-01   2.05447078e-01   2.13687963e-01   4.47675335e-01
   -2.76058213e-01   2.17999204e+00   3.41106518e-01   2.02621259e+00
   -1.65890224e+00  -9.66164026e-01   5.10887070e-01  -1.69054013e-01
    8.92935612e-03  -4.86836278e-01   4.05110772e-01  -1.53332971e+00
   -2.04738477e-01 
    5.78346866e-01   4.80184480e-01  -3.30946515e-01  -5.39325583e-02
    9.72471631e-01  -2.96591378e-01  -1.39098262e+00   1.06067798e+00
   -2.31237945e+00  -1.32719656e-01  -9.00301977e-01   1.92480372e-01
    1.28566062e+00  -2.03221261e-01   1.75423187e+00   1.51452278e-01
    1.95528433e-01  -7.04465293e-01   2.04576670e+00  -1.97731339e+00
   -1.63692770e+00   2.79386955e-01   3.55308695e-01   2.29930422e-01
   -1.52159490e+00   5.18888893e-01   7.66610074e-01  -3.88769556e+00
    1.36293022e+00  -1.74030701e+00   8.23775860e-02  -1.31925359e+00
    1.68653215e-01 
    7.12503091e-01   7.10322342e-02   2.88098363e+00   8.01760694e-01
   -1.94670761e+00  -1.45232903e+00  -8.96585105e-01  -8.45028386e-01
    1.54287665e+00   1.09474848e+00   3.87546273e-01   2.28715024e-01
   -2.30256178e+00  -4.67183739e-02  -3.76196231e-01  -1.16949328e+00
    2.18919289e+00  -4.37215175e-02  -1.47338920e+00   1.15327503e+00
   -1.32046195e+00  -2.37812795e+00  -1.11402470e+00   1.20020379e+00
    1.18528508e+00   8.60728098e-01  -2.19934444e+00  -6.83167814e-01
    1.90410362e+00  -3.16551373e-01  -2.47132077e+00   8.23957672e-01
   -3.52498441e-01 
   -1.27378166e+00   5.25920102e-01  -1.32850396e+00  -9.73038690e-01
    1.58474146e+00   1.32348636e+00   1.43402074e+00   3.40387502e-01
    4.39847235e-01  -8.91861018e-01   2.47245769e+00  -2.21849613e+00
    6.06147963e-01  -1.09093634e+00  -3.28169672e+00  -1.73012774e-02
    3.69121629e+00  -2.43952706e-01   3.03471738e-01  -2.11446012e+00
   -1.08916110e+00   5.86970327e-01   8.10359327e-01  -2.87163147e+00
    4.02426720e-01   5.20112935e-01   7.68384933e-02   2.48638892e-01
   -3.71558462e-01   3.55261226e-01  -1.69090489e+00  -5.26336621e-01
   -1.46428002e-01 
   -1.58517785e+00  -1.05669245e+00  -2.06870921e+00  -3.62680686e-01
    2.91088872e-01  -3.29685988e-01   1.84057521e-01  -1.13484730e+00
   -2.12379715e-01  -2.76030614e+00   1.30742455e+00  -3.76653868e-01
   -2.47058554e-01  -2.28195545e+00   2.59505760e+00  -1.65690425e+00
   -5.29697236e-02  -1.42590913e+00   2.66085962e+00  -2.29832699e-02
    1.33935425e+00  -1.31421965e+00  -2.93978727e+00   2.14977086e+00
    2.03315607e+00   1.44606688e+00  -1.52853762e+00  -3.71861162e-01
   -1.01238158e+00  -3.95118410e-01  -1.06030089e+00   1.51728356e+00
   -1.41974039e-01 
   -8.74584452e-01  -5.90868912e-02   8.12707896e-01   7.22317347e-01
    8.89456052e-01  -7.08750127e-01  -4.03870808e-01  -3.57708243e+00
    1.04306272e+00   8.63094091e-02  -8.27717734e-02   2.78386509e-01
   -6.33377560e-01   1.87306160e+00  -9.71538029e-01  -2.06464622e+00
   -1.33947268e+00   4.09940590e-01  -1.23871647e-01  -2.70136840e+00
    4.44656058e+00   3.70279658e-01   1.98449586e-01   9.89474690e-02
   -9.67762545e-03   5.18954697e-01  -1.55380940e+00  -1.57997982e+00
   -3.45398698e+00   7.30175296e-01  -2.41790844e-01   1.36580757e-01
    4.73253628e-02 
    7.38813859e-01  -8.79952100e-01   2.25380090e-01  -1.08500877e+00
   -3.98125812e-01  -1.90589499e+00   1.21547936e+00   8.16144374e-01
    1.73658238e-01  -2.20826235e+00  -6.57286746e-01   2.53835694e+00
    3.05938818e+00  -1.57737135e+00  -1.15003848e+00  -3.79885705e+00
   -1.13268011e+00   1.15096997e-01  -2.88804346e-01  -5.92678369e-03
   -8.47051684e-01  -3.49823898e-01  -4.87508730e-01  -6.08249925e-01
   -1.54829588e+00  -1.67680861e+00   1.15306292e+00   1.22227696e-01
    3.69831655e-01   2.60984209e+00   6.04869191e-01   5.50566686e-01
   -3.29383005e-01 
    9.35727452e-02  -7.52779413e-01   1.94409205e+00  -6.40214484e-01
    1.56742962e+00  -2.36692036e-01  -9.17788979e-01   7.63476277e-03
   -2.05929655e-01   4.15348968e-01  -4.07035933e+00   5.91930806e-02
    2.07043264e-02  -1.41011352e+00  -3.14919684e-01   2.16641187e+00
   -2.19720159e+00  -5.22621186e-01  -2.22760807e+00  -3.97804879e-01
   -2.30658021e+00  -2.07303202e-01  -2.71698691e+00   2.76291104e-01
   -2.48608580e-01   3.21294654e+00   6.53022707e-01   5.45344825e-01
   -1.59072141e+00   9.16534712e-01   1.01262003e+00  -2.30947447e-01
   -6.94865761e-01 
   -1.84780273e+00   2.24583675e+00   1.15746087e+00   1.21905607e+00
   -1.93238642e+00  -3.27936816e-01   1.16963400e+00  -2.17945006e+00
    1.99357033e+00   3.30162806e-01   5.31092712e-01  -1.31206579e+00
    1.19452677e+00  -1.49489912e+00   2.06919443e+00   1.33437474e+00
   -8.77814212e-01  -2.02622434e+00  -4.43772878e-01   6.01788359e-01
   -1.43256150e+00  -1.56282102e+00   2.11114645e+00  -1.36450505e+00
   -1.69993853e+00  -5.58369269e-01   7.44477639e-02   7.17887007e-01
   -1.10357422e+00  -1.19622175e-01   1.53676138e+00  -1.70040936e+00
   -4.64760915e-01 
    7.77639151e-01  -7.61645054e-01  -8.30827354e-01  -1.25170256e+00
   -1.55624724e-01   1.78312754e-01  -8.92855926e-01  -2.24996967e+00
   -2.27964251e+00  -2.41984167e+00  -1.80223894e+00   1.60971201e+00
   -2.42329767e+00  -1.41043152e+00  -2.09121563e-02   5.72594142e-03
    7.60052126e-01   1.42138576e-03  -2.11402260e+00   1.71420857e+00
    1.29920548e+00   1.23060100e+00   6.03915644e-01  -2.54086935e+00
    2.58167466e+00  -5.01877241e-01   1.52387044e+00   2.21359904e-01
    2.15404653e+00   3.17019423e-01   5.82676358e-02  -1.63073212e+00
   -2.07016020e-01 
   -2.38067632e-01  -2.51774247e+00   2.95523965e-01   6.89894051e-01
   -5.31843456e-01   1.04962826e+00  -9.93238023e-01  -2.23415371e+00
   -1.42872274e+00  -5.79090607e-02   1.13046225e+00   2.20154987e-01
   -2.57765440e+00   1.84022932e+00  -4.33074383e-01   1.63070871e-01
    5.41051360e-01  -1.15377365e+00   9.64928616e-01   1.46827627e+00
   -7.01625980e-01  -1.07841430e+00  -1.25594681e+00  -2.57351019e+00
   -1.75363305e+00  -1.66278536e+00   3.18175593e+00   8.96858704e-01
   -1.19978732e+00  -3.71365220e-01   1.49690579e+00   2.32975150e+00
   -4.07031529e-01 
   -1.39038269e+00   3.94946487e+00  -1.15128065e+00  -2.50398984e+00
   -1.97077374e+00  -1.09876734e+00  -1.08598128e+00   2.35570793e-01
    9.81200029e-01  -2.18835963e+00  -2.57414932e+00   1.73891468e-01
   -7.95367544e-01   1.29713503e+00   1.85803923e-01   1.54155488e+00
   -8.40164291e-01  -4.75560484e-01  -1.73888343e-02  -7.43241896e-01
    7.12425705e-01   1.80887650e+00  -4.50052633e-01   9.22105022e-01
    7.67340332e-01  -1.79642198e+00  -1.30442855e+00  -1.43338448e-02
    8.43671312e-01  -8.53475204e-01   1.34302569e+00   1.00647688e+00
   -5.20462657e-01 
   -4.54674591e-01  -8.58733124e-01  -2.47004500e+00  -1.97099817e+00
   -1.97236440e+00   8.21574690e-01   1.00289075e-01  -2.70742780e-01
   -5.61126039e-01   3.07129648e+00   4.80529039e-02   2.04402447e+00
   -1.03666296e+00   1.70021722e-01  -3.87876549e-01  -1.25181762e+00
   -6.07936449e-02  -1.04947125e+00  -3.67609421e-01  -1.30828116e+00
    4.44204575e-01  -4.28198611e-01  -8.56750819e-01  -6.88917322e-01
    9.55777640e-02  -1.88496765e-01  -1.71906927e+00   4.41254777e-01
    1.43193813e+00  -1.15176301e+00   1.80884182e+00  -4.42924731e-01
   -2.03334955e-01 
   -3.28418885e-01  -8.07452176e-01   5.61218380e-01   1.84254310e+00
   -2.15070192e+00   1.15442081e+00  -1.98429799e-01   8.98172885e-01
    9.02888969e-01  -7.08227534e-01  -8.21616902e-01  -5.39234713e-04
   -1.64387111e+00  -6.84257102e-01  -2.41138821e+00   1.88298793e+00
   -2.73204203e+00   3.19337604e-01   9.56660711e-01  -7.61539597e-01
    6.87099049e-01  -6.75173283e-01   1.28519875e+00   3.28007569e-01
    3.78221999e-01  -1.95868356e+00   8.89776763e-01  -1.22805460e+00
    1.31459835e-01  -1.00012392e+00  -8.54452798e-01   6.78489028e-01
   -4.20194573e-01 
   -6.47496269e-01   1.87689997e+00   2.57797185e-01  -1.03065331e+00
   -9.52225324e-01  -1.77363717e-01   9.04952546e-01   1.34701305e+00
   -8.32129860e-01   1.73292295e-01  -8.29627042e-01  -6.82436351e-01
    2.30640335e-01   4.54792716e-01   1.68761664e+00  -1.04229625e+00
    4.62746301e-01   2.58239766e-01  -1.12068762e+00   4.02158869e-01
   -5.61827895e-01   9.07679518e-01  -2.49529927e-01  -2.45559559e-01
    9.11320792e-01  -1.21014480e+00  -5.12051784e-01  -3.26055021e-01
   -2.06722979e+00  -1.10700496e-01  -1.67222778e+00  -2.62795166e+00
   -8.17552726e-01 
   -2.50404532e-01  -1.60340131e+00  -2.15248269e+00   1.66258961e+00
    1.28765196e+00   8.82180168e-01  -4.82610785e-01  -4.53396098e-01
    1.65109774e+00   1.20133046e+00   1.40899495e-01   3.84757841e-01
   -2.23426359e-01   2.37683695e-01  -9.40694686e-01  -3.45385455e-01
   -2.00217594e-01  -1.60228971e+00  -8.24284198e-01   1.54423152e+00
   -5.54431632e-01   6.96953013e-01   2.67761698e-01  -1.38829571e+00
   -5.53084090e-01  -1.36902089e+00  -1.52128985e+00  -4.79787023e-01
    1.06291468e+00  -5.30528812e-01  -8.00873725e-01  -5.66562525e-01
   -1.52540985e-01  