NN 16 32 16  -3.95826165 -1.11174187  0.18334379  0.55008153  2.77373216 -0.90427746
  -2.03735002 -2.336706    3.64995165 -1.27266369 -0.18807757  0.3054558
   0.99768586 -0.10341471  0.39930767 -0.5231407  -0.80254032 
   0.69856245 -0.61362364 -0.31830616 -0.09354939  0.93726494 -0.32699789
   0.42235465  0.47148182 -2.88799191  0.76554992  2.35507121 -4.06907612
   0.86527549  0.69376058 -2.32085624  1.36523555  0.63406011 
  -1.14063426  0.21715525 -2.50566948  0.78464284  3.01870148 -1.82602462
  -0.67056512 -0.87072605 -0.92003559  0.69362685 -0.48111071  0.21582849
   1.51503497 -0.62773944 -0.20425341  2.20755425  0.24620252 
   1.76044998 -0.94484825 -1.4149726   1.03514252  0.1707554  -1.08839803
   0.78855555 -0.42853101 -1.70674868  0.86139847 -1.59729454  1.71460651
   1.75390278 -1.72344236  1.23902873 -2.05572674 -0.20872358 
  -0.13217621 -1.84442834  1.4526904  -1.34802308 -0.06981687 -0.79790105
  -0.2129814  -2.13326354  1.20744501 -0.50579484  0.05539086  2.13897634
   1.58117383  2.21067642 -0.21977159 -1.51986855 -0.72219495 
  -0.42381945  1.25579677  2.03346316 -1.19796471  0.70343568  1.24724288
   2.1409714  -0.51555992  0.02468934 -0.22236382 -2.15041665  0.54461236
  -0.85306178 -1.44087562 -0.4524603   0.01214937  0.13390352 
   1.06280023  1.52855543  1.66171915 -2.00726108 -0.17782912  0.29445568
  -2.08136771  1.56716548 -0.56854286  0.60347291  0.89190885  0.21298746
  -0.15001657 -0.47164759 -1.48572592  0.80471979 -0.76336863 
   0.89008063 -1.32943584  1.41332836 -0.42759735  0.70392604  4.29199145
  -2.31697915 -0.15008642  2.64412345  2.52876527  0.26754538 -0.40106157
  -0.58631662 -2.74683287 -1.42411815 -0.10167556 -0.65020763 
   0.09526649  2.82609006 -0.73829531 -1.2118901   0.6711649  -1.28340404
  -1.19867889 -0.24906409 -1.73306957  2.42600429  1.46711092 -1.20355147
   0.9679556  -1.92890567  1.46076281 -1.7622387  -0.15977062 
  -1.36941334 -0.20677677 -0.70455474  1.10717322  1.70796702 -0.78874573
   1.4374616  -0.82762457 -1.17599677  0.78852531  0.88338336  2.17051751
  -2.96074678  0.41733167 -0.81249608 -1.38733624  0.36652482 
  -0.70153868  0.54024231 -0.09154646 -2.78408362 -2.53537033 -1.41661923
   0.02946675  4.39728766 -1.34578759  0.46381256 -0.28637722  3.21439111
  -1.13854445 -0.40653072 -0.10157962  0.04744107 -0.62336268 
   3.12182448 -0.77427597  0.21604385  2.0344002   1.74765166 -0.87322751
  -1.23000793  0.67777249  0.30702844 -1.25496368  0.54479615 -0.54715422
  -3.03211017  0.51444416  1.13899317 -1.09565187 -0.27369828 
  -0.15445857 -2.62717308  1.64029099  0.12682826 -0.09191203  0.18535444
  -3.4664669  -0.30924819 -1.87778341  1.23654938  3.10657998  0.05508776
  -0.47636896  1.28763658 -0.55281788 -0.75439765 -1.32498772 
  -0.63980181  0.51571909 -0.52787348  0.01511484  2.30662675 -2.0781974
   1.11805724  1.02074105  1.0935285   1.54523776 -2.39037401 -1.74873238
  -1.19707931  0.21281986 -0.45761424 -0.15173183 -0.18790576 
   1.77601439 -1.83099091  0.73261737  3.16924879 -2.2711763   0.68145307
   0.43849888 -0.91082935 -1.52819465 -0.06715146 -0.52927434 -0.19899197
   0.79424429  2.44680301 -2.19486076 -0.16240779  0.63947267 
   1.59172849 -1.12355379 -0.28995329  0.15198035 -0.22057713 -0.22868687
   3.26447198 -3.02185099 -1.0311834  -1.07871266 -0.50794887 -0.93041761
   1.22803363 -1.98923253  0.97298688  0.68886784  0.57359559 
   1.47149112  0.76517207 -3.15054993 -4.53548786  1.22838763 -0.03265584
   0.48930947  1.5468794   0.67683068  0.36160403 -0.82467917 -1.32879856
  -0.36915196  1.55539868 -0.61994111  1.17606269  0.23362007 
  -1.62727405  0.59088675 -0.23213419  0.27611509  0.72874543 -1.846489
   0.3958923   0.25132606  1.46743277 -1.01053623  1.36454061  0.36992443
   0.90077819 -1.11832079 -0.74082716  1.26092703 -0.70949601 
  -0.16979639 -2.48136798  2.16387483  0.03082487 -2.50443126  0.18924956
  -0.4129511   1.69899118  0.17453845  1.70158696 -1.73377184 -0.62081094
   0.50870485 -1.16719257  0.5872452   0.62361399  0.0837609  
  -1.34394356  0.53539111 -0.81039664  2.36345866 -0.71822132  1.90594344
   1.19679002 -1.679769   -0.01131178 -1.78467127 -0.38163704  0.71750232
   1.821109   -0.01615446 -0.25811762 -2.43933364  0.38069684 
  -0.25726099  2.75226077  1.21005277 -0.6358728  -0.18314132 -4.86752474
   1.23560039  3.55880116  1.35512019 -2.65918684  0.67886248 -0.03025591
  -0.4559367  -0.91284172  0.7757006  -0.42327419 -0.33766671 
  -2.7537597   0.85227602  2.17135677 -0.02972241  1.6539055  -1.03721293
  -1.47897371 -0.23540752  2.33152057 -1.11137395  0.26918283 -1.7605691
   0.43306874  0.51519677 -1.1703641  -0.46356666  0.66370909 
  -0.27188124 -0.72421124  0.59071808 -0.8698649   2.41394517 -1.04266162
   0.1172268   2.50807441 -2.75349476 -0.80427168  1.34917953  0.94378444
   0.29023766 -0.85639388 -0.5437357  -1.30137557 -0.41803885 
  -2.10648613  0.16565084 -1.36583485  2.05608276 -1.0579251   1.17283706
   0.89585439 -0.71380141  0.86777709  1.33746051  1.80367774 -1.71330351
   0.80188664 -1.5115471   0.53485081 -0.45417942 -0.73454839 
   2.12817494  1.72768562 -2.36520812 -1.1909868  -3.78295959 -1.72073474
   0.85290077  0.72587692  1.4475143  -2.37373342  1.84316976 -0.16336884
   0.75526961 -0.40250967 -0.80306526  0.13147397 -0.17413273 
   1.88762899  0.43298244 -2.18852118  0.22372172 -1.13524252 -0.55095021
   2.90427646 -3.06872142 -0.19506918 -0.27415605  0.23064928  0.8864646
  -0.11192703  1.36268027  0.76869584  1.37346164 -0.45722541 
  -0.71556574 -0.32701343  2.06522783 -0.27586855  1.85219206  2.12327741
  -3.48403403  0.29545079  0.36883474 -0.93036587 -3.35416206  0.15121407
   2.06986537 -1.46232884 -0.1151423   3.34034754 -0.25336724 
  -0.59444614  3.04693705  1.21683593  0.27289033 -1.41520372  1.88579218
  -0.75779265  0.22051829 -0.86122504 -2.46111629 -0.09835747  0.05300016
  -0.87548421  0.71967974 -0.05578753  0.84472521 -0.55553498 
  -0.15465765 -1.02235425 -1.24182786  0.04551247 -0.13352441  2.64791425
  -0.72907668  0.81709226  0.19289753 -2.95173206  1.21356133 -0.20318267
  -1.5332461   0.08927752  3.32946325 -1.62761214  0.70148723 
  -0.15216206  2.62901216  0.12350755 -0.97443541  1.03463586 -1.7935682
  -2.56373743 -1.2114144  -0.60072344 -1.01068488 -0.14531594  0.97300642
   0.73319628  0.54135726  0.23534527  1.01307436 -0.13537486 
  -0.79286826  0.04855723  3.22719532  1.6737726   0.8377539   0.4930816
  -2.09197667 -1.44077755 -0.7644589   0.70642975 -2.12588634 -1.4570061
  -1.87660452  1.82919521  1.87152548  1.25850568  0.29098101 
   1.59972684  0.97484887 -1.13233934 -0.2389351  -0.95181531 -0.17595013
  -0.51548612 -0.58043646  1.79086678  1.74572473 -2.44294187 -2.17164434
  -0.51983524 -1.86672077  2.46506841  0.82859452 -0.59581324      3.71609750e+00  -1.11720108e+00   3.95761498e-01  -2.06625816e+00
   -9.59247241e-01   1.60261309e+00  -8.19769424e-01  -1.20159964e+00
    4.57049245e-01   7.38634721e-01  -1.40583402e-01  -3.21048615e+00
   -9.02416414e-01   6.48663732e-01   9.80247643e-01  -1.41703388e+00
   -1.47946880e-01   2.10765994e-02   4.95020714e-02  -3.99327904e-02
   -2.23502705e-01   1.82131603e+00   7.44879179e-01   2.14516339e+00
   -1.43215418e+00  -7.98647689e-01   2.51815913e-01  -4.35382692e-02
    8.35198314e-02  -2.20146700e-01   1.41315182e-01  -1.21281195e+00
   -4.57438130e-02 
    6.80072397e-01   4.81143647e-01  -3.12272776e-01  -2.99236196e-01
    1.12209157e+00  -3.10864394e-01  -1.23421572e+00   9.79048602e-01
   -1.91731871e+00  -3.53599140e-01  -7.40515795e-01  -7.40700856e-02
    1.18831786e+00  -1.07730346e-01   1.43640894e+00   4.51722192e-03
   -3.37354217e-02  -1.16475055e+00   2.15971304e+00  -2.10373582e+00
   -1.42081771e+00   2.83280299e-01   3.27144667e-01   3.35218557e-02
   -1.33339361e+00   7.22930750e-01   7.98532771e-01  -4.58078086e+00
    1.36216222e+00  -1.60916571e+00   2.51139694e-01  -1.10347524e+00
    3.38571103e-01 
    6.59288900e-01  -7.63163931e-02   2.83494327e+00   1.13204711e+00
   -1.82764177e+00  -2.01136652e+00  -1.25093035e+00  -9.17182710e-01
    1.29715289e+00   1.05554696e+00   2.63676880e-01   5.43094816e-01
   -2.07083645e+00  -7.42005323e-02  -5.66762119e-01  -1.24867909e+00
    2.11728165e+00   9.90619140e-02  -1.45767509e+00   1.40848678e+00
   -1.27331839e+00  -2.40289552e+00  -1.00400931e+00   1.19987362e+00
    1.29706314e+00   7.29053049e-01  -2.55052854e+00  -4.64268872e-01
    2.27883221e+00  -7.06217151e-02  -2.27470014e+00   8.13114082e-01
   -3.83505895e-01 
   -1.51142816e+00   2.93256714e-01  -1.53601409e+00  -1.06661705e+00
    1.92071660e+00   1.16602669e+00   1.19958687e+00   1.63694663e-01
    6.45358551e-01  -8.43297620e-01   2.85086186e+00  -2.02034993e+00
    3.18608098e-01  -8.49518681e-01  -3.17688344e+00   2.48524155e-01
    3.93264322e+00  -1.97697084e-01   7.55928945e-02  -2.33039251e+00
   -1.06776368e+00   4.62873465e-01   7.55292163e-01  -2.85434183e+00
    5.91949288e-01   5.24018281e-01  -4.45364751e-02   3.94857235e-03
   -3.57985395e-01   2.49508013e-01  -1.71601522e+00  -4.00492679e-01
   -2.04847427e-01 
   -1.99976593e+00  -1.23308055e+00  -2.27707528e+00  -5.77666335e-01
   -3.15801897e-02  -4.94534580e-01  -4.20974843e-02  -1.12418717e+00
   -2.27271582e-01  -3.06852647e+00   1.50758571e+00  -5.88246794e-01
   -1.73615089e-01  -2.56252195e+00   2.98309265e+00  -1.85655132e+00
   -9.71121165e-02  -1.59743748e+00   2.61664097e+00  -3.93203690e-01
    1.27228487e+00  -1.15629001e+00  -3.40992473e+00   2.13765618e+00
    1.90620922e+00   1.19910594e+00  -1.52026049e+00  -7.62517975e-02
   -2.99849655e-01  -4.45890821e-02  -1.15506850e+00   1.89451988e+00
   -1.92626069e-01 
   -1.51662442e+00  -3.23822526e-01   7.60528836e-01   3.59810046e-01
    1.15832616e+00  -6.65354055e-01  -5.27112023e-01  -3.57731916e+00
    1.13716765e+00   2.02838130e-01  -2.45465327e-01   3.78634544e-01
   -9.88963069e-01   1.94326942e+00  -8.15187420e-01  -2.08762104e+00
   -1.41349103e+00   7.45555436e-01  -1.57173338e-01  -2.49056640e+00
    4.35227878e+00   5.05470619e-01  -1.46998064e-01  -2.20971186e-01
    5.00980713e-01   6.11687622e-01  -1.19662518e+00  -1.77029869e+00
   -3.74153610e+00   8.36891875e-01  -1.69954274e-01   3.94631951e-01
    3.43346965e-02 
    9.17283066e-01  -1.39430765e+00   1.84370461e-02  -8.87018948e-01
   -1.23151229e-01  -2.54142679e+00   1.07111394e+00   9.45206332e-01
    6.65566986e-01  -2.01817608e+00  -6.88473900e-01   2.79184327e+00
    2.96179591e+00  -1.56681501e+00  -1.07478663e+00  -3.97264656e+00
   -7.74323752e-01   5.82814732e-02  -1.24438421e-01  -7.77380208e-01
   -7.63501617e-01  -1.48366430e-01  -2.62752873e-01  -8.01903680e-01
   -1.50361172e+00  -2.06716249e+00   8.79940664e-01   3.99525015e-01
    3.67676025e-01   2.86155276e+00   1.00264566e+00   2.27366167e-01
   -4.61680652e-01 
    1.92701549e-01  -6.36333174e-01   2.15704262e+00  -6.75276423e-01
    1.73124391e+00   1.34178637e-02  -1.03119989e+00  -3.19064871e-01
   -3.08355977e-01   5.04082941e-01  -4.39105656e+00   1.96376648e-01
    9.40730545e-02  -1.92837457e+00  -5.44535662e-01   2.36775698e+00
   -2.60630359e+00  -4.95908199e-01  -2.35054971e+00  -1.94000791e-01
   -2.64795602e+00  -2.70359656e-02  -3.01475013e+00   3.06146098e-01
   -3.11718856e-01   3.48699913e+00   3.54474085e-01   8.15935871e-01
   -1.39283235e+00   7.90331499e-01   1.12249175e+00  -1.80341201e-01
   -1.11742765e+00 
   -2.13325236e+00   2.46717747e+00   1.15825699e+00   1.50347787e+00
   -2.02585735e+00  -2.46455061e-01   1.25002215e+00  -2.38760613e+00
    2.33838271e+00   3.06482126e-01   7.70608771e-01  -1.61907020e+00
    1.10836936e+00  -1.69683605e+00   1.90887298e+00   1.24554739e+00
   -7.23936251e-01  -2.57172601e+00  -3.37670903e-01   5.30398676e-01
   -1.57328186e+00  -1.82430838e+00   2.14889496e+00  -1.30038032e+00
   -1.95833559e+00  -3.52586523e-01  -3.97887543e-03   3.83432091e-01
   -1.40064925e+00  -6.30653854e-02   1.51993164e+00  -1.94710851e+00
   -5.70211940e-01 
    1.20175620e+00  -1.00646016e+00  -9.33271537e-01  -1.53764272e+00
   -6.71445415e-02   1.25044111e-01  -1.03441486e+00  -2.55059019e+00
   -2.63170138e+00  -2.58964416e+00  -1.88098815e+00   1.96428189e+00
   -2.55636243e+00  -1.45621743e+00   2.68601418e-01   1.89417006e-01
    5.57137235e-01  -3.83337115e-02  -2.26793046e+00   1.70837326e+00
    1.35447502e+00   1.29369489e+00   5.74545631e-01  -2.52987711e+00
    2.69032449e+00  -9.05989727e-01   2.13217018e+00   5.58442239e-01
    2.68114743e+00   4.83280494e-01   2.62556032e-02  -2.00784144e+00
   -4.42945222e-01 
   -5.23849507e-02  -2.91536467e+00   4.08662957e-01   9.49781112e-01
   -6.29600052e-01   1.37321729e+00  -1.21437955e+00  -2.23586150e+00
   -1.87405942e+00  -1.94712884e-01   1.18542610e+00   2.86142838e-02
   -2.68165728e+00   1.87881836e+00  -3.01666243e-01   2.94224530e-01
    4.63970781e-01  -1.38686543e+00   1.11057997e+00   1.63450532e+00
   -8.23058826e-01  -1.37907776e+00  -1.45378602e+00  -2.81103264e+00
   -1.63561785e+00  -1.59980658e+00   3.64285738e+00   1.05724897e+00
   -1.15734786e+00  -3.75347501e-01   1.61760985e+00   2.71517897e+00
   -5.34779245e-01 
   -1.17865059e+00   4.59327491e+00  -1.39830624e+00  -2.58334108e+00
   -2.17255370e+00  -1.20738363e+00  -1.16009274e+00  -1.01773404e-01
    1.08531304e+00  -2.38562093e+00  -2.69947017e+00   3.73397253e-01
   -6.39597206e-01   1.34310149e+00  -3.10607022e-01   1.64553408e+00
   -6.90516544e-01  -5.51918722e-01  -5.48911670e-02  -8.84468215e-01
    8.09536870e-01   1.82814639e+00  -6.66287768e-01   9.61567527e-01
    4.95885125e-01  -1.65757462e+00  -1.50379615e+00  -1.78804584e-02
    1.12152388e+00  -9.14608172e-01   1.78042573e+00   1.24711966e+00
   -6.60612609e-01 
   -4.29839776e-01  -9.75294091e-01  -2.53276435e+00  -2.10778379e+00
   -2.14016340e+00   9.59731681e-01  -4.91390306e-02  -1.83948915e-01
   -6.98860094e-01   3.62304808e+00   1.15811628e-01   2.21475736e+00
   -9.81021516e-01   3.74838721e-01  -5.30968711e-01  -1.33025435e+00
   -1.16939332e-01  -1.10615100e+00  -4.25820365e-01  -1.49612080e+00
    3.24274290e-01  -3.54826011e-01  -8.97515189e-01  -6.88509148e-01
   -9.11327499e-02  -1.99606918e-01  -1.91668228e+00   5.03504148e-01
    1.60124280e+00  -1.25095265e+00   2.08030833e+00  -4.40403210e-01
   -2.05977486e-01 
   -2.57821426e-01  -7.91853078e-01   5.02283065e-01   1.96742776e+00
   -2.39391106e+00   1.33475433e+00  -2.43607939e-01   1.10740285e+00
    9.60774320e-01  -7.59581092e-01  -9.42494120e-01   1.04649862e-01
   -1.71515540e+00  -7.41247587e-01  -2.70777206e+00   2.16048876e+00
   -3.06746177e+00   4.47872080e-01   1.01143522e+00  -8.38209215e-01
    8.31409182e-01  -5.92568140e-01   1.46044213e+00   3.57916889e-01
    2.47008330e-01  -2.10173994e+00   9.44393715e-01  -1.35479163e+00
    7.85415634e-04  -1.16159659e+00  -9.21785024e-01   7.44532233e-01
   -5.68491830e-01 
   -5.85413572e-01   2.24005697e+00   3.29621462e-01  -1.09600062e+00
   -9.75988255e-01  -2.06740023e-01   9.52889142e-01   1.56680382e+00
   -1.09515822e+00   2.39338905e-01  -1.02299900e+00  -6.36204369e-01
    2.40361862e-01   3.79244454e-01   2.00769534e+00  -1.18745659e+00
    4.83878457e-01   2.65888115e-01  -1.39201745e+00   4.31677361e-01
   -7.81001641e-01   9.90985533e-01  -3.70768215e-01  -3.57769611e-01
    9.85170941e-01  -1.24641448e+00  -3.87904850e-01  -3.97187076e-01
   -2.60442350e+00  -1.65694401e-01  -1.91376249e+00  -2.94239985e+00
   -9.54459657e-01 
   -1.58365619e-01  -1.78417422e+00  -2.37813803e+00   2.06043316e+00
    1.42754974e+00   9.22755394e-01  -3.93598234e-01  -4.89094393e-01
    2.12796936e+00   1.29324173e+00   1.97340985e-01   5.23128898e-01
   -4.87407509e-02   2.82778589e-01  -1.05228929e+00  -5.67601295e-01
   -2.19694532e-01  -1.87556215e+00  -9.10869620e-01   1.69590260e+00
   -4.22394294e-01   7.79049611e-01   4.53551523e-01  -1.54224677e+00
   -4.78159697e-01  -1.54659999e+00  -1.62752971e+00  -6.30184130e-01
    1.14233162e+00  -4.68335642e-01  -8.65149863e-01  -6.42594085e-01
   -1.43197258e-01  