NN 16 32 16   -3.22517914e+00  -6.66830236e-01  -2.95434790e-01   6.03581362e-01
    2.03087207e+00  -1.03373074e+00  -1.57878596e+00  -1.70570020e+00
    2.72300302e+00  -1.38410727e+00  -1.39108819e-01   4.96339085e-01
    7.50040673e-01  -2.00471150e-01   2.74648039e-01  -3.82736843e-01
   -7.47409562e-01 
    6.21981607e-01  -6.25767490e-01  -3.59607120e-01  -3.77278466e-01
    9.25975622e-01  -3.01736085e-01   1.05038362e-01   4.24429711e-01
   -2.26685778e+00   6.84812680e-01   1.83841836e+00  -3.39916053e+00
    5.92064187e-01   6.66415984e-01  -1.75003393e+00   1.16922212e+00
    4.85924740e-01 
   -7.14752073e-01   1.20821971e-01  -2.51353180e+00   1.00386912e+00
    2.41512085e+00  -1.67450873e+00  -3.54818993e-01  -7.61659248e-01
   -1.02654901e+00   5.84618269e-01   1.06482098e-01   1.85322057e-01
    1.49011919e+00  -7.91391419e-01  -1.10197936e-01   1.80168888e+00
    1.80910206e-01 
    1.48936349e+00  -8.23148191e-01  -1.09490022e+00   7.35560530e-01
    8.35008405e-02  -9.72622995e-01   9.29850434e-01  -3.46286835e-01
   -1.29773511e+00   8.67442433e-01  -1.31454716e+00   1.65651240e+00
    1.68037905e+00  -1.53750918e+00   1.04421312e+00  -1.78071375e+00
   -2.91686382e-01 
   -3.79529389e-01  -1.43322100e+00   1.31653956e+00  -1.06973829e+00
   -3.25802114e-01  -5.83745323e-01  -1.13113970e-01  -1.70407988e+00
    1.25704621e+00  -3.24129621e-01  -1.40113202e-01   1.81816109e+00
    1.56332926e+00   2.04068441e+00   9.74948344e-04  -1.43210569e+00
   -7.25784465e-01 
   -4.04060492e-01   1.29074070e+00   1.41752971e+00  -1.26012109e+00
    6.72184886e-01   1.06638867e+00   1.54375580e+00  -1.89508585e-01
   -2.04428001e-02  -2.96017573e-01  -1.71095920e+00   4.97303370e-01
   -7.97401619e-01  -1.32701112e+00  -2.88751241e-01  -1.59811900e-01
   -2.92256557e-02 
    7.33383664e-01   1.41073217e+00   1.26210271e+00  -1.70386625e+00
   -4.08660798e-02  -7.18017449e-02  -1.77620233e+00   1.13052499e+00
   -5.35593188e-01   4.59367628e-01   7.40040458e-01   2.98843581e-01
   -2.99617621e-01  -5.02847551e-01  -1.34856325e+00   7.26333580e-01
   -6.81823684e-01 
    7.98984501e-01  -1.38709669e+00   8.75101387e-01  -2.93127212e-01
    7.43646972e-01   3.66638217e+00  -1.83084173e+00   9.05159712e-02
    2.10991626e+00   2.15200965e+00   5.60718001e-01  -6.25930474e-01
   -6.18615722e-01  -2.42931348e+00  -1.18850052e+00  -2.73473697e-02
   -6.25396167e-01 
    2.62715773e-01   2.40835569e+00  -8.78070887e-01  -7.99184204e-01
    8.84095977e-01  -1.10475710e+00  -9.92436981e-01  -1.08724636e-01
   -1.49173477e+00   2.22964360e+00   1.22914749e+00  -1.10976056e+00
    6.40888010e-01  -1.76996834e+00   1.13302796e+00  -1.44844101e+00
   -1.70633903e-01 
   -1.52233535e+00   1.48791351e-02  -6.97355479e-01   1.27674687e+00
    1.54168976e+00  -6.73159468e-01   1.31918556e+00  -8.01967801e-01
   -8.65978592e-01   1.18001112e+00   2.96884498e-01   1.94075384e+00
   -2.38597844e+00   5.71661014e-01  -3.29128775e-01  -1.20716535e+00
    3.13134728e-01 
   -4.99101090e-01   3.69328375e-01   3.03707226e-02  -2.57322423e+00
   -1.99701041e+00  -1.40768598e+00   1.64577411e-01   3.85094251e+00
   -9.42810588e-01   5.60106805e-01  -7.68819022e-01   2.49688479e+00
   -8.65227999e-01  -3.36139655e-01  -8.09155062e-02  -1.21519593e-02
   -6.59305509e-01 
    2.54070140e+00  -7.34400841e-01   4.24527909e-01   1.84155494e+00
    1.41592774e+00  -4.89636902e-01  -1.41979867e+00   6.66254504e-01
    1.36985340e-01  -1.00572225e+00   1.67892681e-01  -7.35442350e-01
   -2.71251753e+00   2.85188528e-01   8.15743250e-01  -7.24798570e-01
   -1.26040575e-01 
   -1.52392691e-01  -1.59936016e+00   1.20539846e+00  -5.29855277e-02
   -2.76737101e-02   4.33805515e-01  -3.15111887e+00   3.14775874e-01
   -1.89173929e+00   9.67263976e-01   2.85912026e+00   4.33365317e-01
   -3.45124532e-01   1.17070097e+00  -5.99148220e-01  -5.05519378e-01
   -1.08270721e+00 
   -3.76230432e-01   5.26955100e-02  -4.93228304e-01   1.31970259e-01
    2.03502205e+00  -1.93310695e+00   8.42012949e-01   6.19507127e-01
    9.42566279e-01   1.60156955e+00  -2.12935374e+00  -1.60048666e+00
   -8.27581546e-01   4.97369840e-01  -3.83039399e-01  -4.86000941e-02
   -1.06138883e-01 
    1.28336515e+00  -1.96402601e+00   5.40045154e-01   2.64390770e+00
   -2.11339666e+00   8.82159293e-01   3.25461355e-01  -6.67941599e-01
   -1.62534402e+00  -8.75367553e-02  -4.17873594e-01  -5.09466413e-01
    7.88244069e-01   2.31467039e+00  -1.75386066e+00  -8.80163542e-02
    6.03768337e-01 
    1.24786504e+00  -9.59052574e-01  -4.29635519e-02  -9.13114671e-03
   -3.04726201e-01  -3.02469127e-03   3.02640947e+00  -2.74575757e+00
   -1.43498994e+00  -7.67230343e-01  -4.20146247e-01  -9.38838856e-01
    1.39356936e+00  -1.72940947e+00   6.69893356e-01   3.03018390e-01
    4.60767305e-01 
    1.50527924e+00   5.39942658e-01  -3.02164333e+00  -3.80610751e+00
    7.00650032e-01  -6.56870113e-02   9.50732299e-01   1.51964509e+00
    6.25026308e-01   8.03622876e-02  -8.77413002e-01  -1.05444235e+00
   -3.09033556e-01   1.74105816e+00  -5.36035823e-01   9.20891549e-01
    1.10297264e-01 
   -1.35881413e+00   4.39027935e-01  -1.72712689e-01   9.35579133e-02
    6.55033780e-01  -1.26676647e+00   1.35476586e-01   8.56192703e-02
    1.38631745e+00  -8.25635463e-01   9.79847198e-01  -4.34955680e-03
    7.78911863e-01  -9.25687086e-01  -5.60335401e-01   1.04906113e+00
   -5.92187359e-01 
   -1.29089579e-01  -2.08933492e+00   1.90455192e+00   4.81192129e-02
   -2.18291010e+00   4.35082867e-01  -1.39415291e-01   1.38564834e+00
    3.17117279e-01   1.60898092e+00  -1.89726324e+00  -5.55995413e-01
    6.13626763e-01  -1.10818501e+00   5.88757524e-01   6.13034109e-01
    1.23969418e-01 
   -1.34111899e+00   4.79096221e-01  -8.61758541e-01   1.86340284e+00
   -8.32279508e-01   1.75619119e+00   8.69410581e-01  -1.46578774e+00
   -2.89398922e-01  -1.77162311e+00  -7.80369892e-01   7.22025312e-01
    1.69860961e+00   2.60953713e-01  -1.94138802e-01  -1.88606694e+00
    3.68389095e-01 
    7.05956292e-02   2.36256478e+00   1.08231552e+00  -4.61566618e-01
   -5.42609129e-01  -4.30506816e+00   1.14768966e+00   3.17993701e+00
    1.25889551e+00  -1.88156071e+00   6.23522591e-01  -3.70528323e-01
   -5.39913293e-01  -5.75431930e-01   5.51888688e-01  -1.63693669e-01
   -2.61255602e-01 
   -2.42025928e+00   9.77926678e-01   1.67628464e+00  -3.45756021e-01
    1.58787542e+00  -9.67561679e-01  -6.26556243e-01  -5.73915998e-01
    2.11661631e+00  -1.20109518e+00   1.53989707e-01  -1.64655798e+00
    5.23077715e-01   5.89054142e-01  -1.07104661e+00  -3.35681303e-01
    6.37770497e-01 
   -3.13182235e-01  -4.70228095e-01   4.26791656e-01  -8.56010332e-01
    2.17673886e+00  -1.39104568e+00   9.42184094e-02   2.06796181e+00
   -2.41629209e+00  -8.41425116e-01   1.01039108e+00   7.24216726e-01
    5.07163468e-01  -6.97241719e-01  -3.68945576e-01  -7.92469653e-01
   -3.35834668e-01 
   -1.79603794e+00   2.77404390e-01  -1.45137058e+00   1.85986338e+00
   -9.86566010e-01   9.27856510e-01   8.21154069e-01  -7.74372502e-01
    1.16237297e+00   1.52459461e+00   1.59568103e+00  -1.67103795e+00
    7.13989337e-01  -1.27764193e+00   4.69432100e-01  -2.05627885e-01
   -6.18079236e-01 
    1.55895569e+00   1.36302151e+00  -1.98332611e+00  -7.70382367e-01
   -3.26488639e+00  -1.02442135e+00   9.90647047e-01   5.85269481e-01
    1.25307609e+00  -2.38543145e+00   1.90452177e+00  -4.02898064e-01
    2.89532506e-01  -2.78501767e-01  -8.08635146e-01  -1.59973467e-02
   -2.33340249e-01 
    1.54231348e+00  -6.72624156e-02  -1.53059044e+00  -3.26952767e-01
   -1.21865565e+00  -5.14666123e-01   2.54280042e+00  -2.91197507e+00
   -1.32279120e-02  -3.43085966e-01   2.54122183e-01   8.54467154e-01
   -1.91516305e-01   1.27237572e+00   8.69051610e-01   8.48017051e-01
   -6.60101920e-01 
   -6.60115591e-01  -5.17462364e-01   1.89231448e+00  -1.30148877e-01
    1.34642580e+00   1.65124708e+00  -2.69172042e+00   1.59085835e-02
    3.51612557e-01  -7.67181798e-01  -2.84680997e+00   3.85751641e-01
    1.69688916e+00  -1.21810205e+00   1.26063104e-01   2.82960825e+00
   -1.33030192e-01 
   -7.10092994e-01   2.47020230e+00   1.22069335e+00  -4.54831603e-03
   -1.16298586e+00   2.13042705e+00  -4.06289920e-01  -1.68631538e-01
   -9.63874706e-01  -1.90918570e+00  -3.26387871e-01  -1.55008543e-01
   -8.55586794e-01   5.84692955e-01  -3.68858930e-02   7.37110281e-01
   -4.24055652e-01 
   -3.71898752e-01  -1.25993747e+00  -1.09686710e+00   1.12378544e-01
    3.30793617e-01   2.23722001e+00  -8.25218591e-01   8.34792092e-01
    3.20926467e-01  -2.38158379e+00   1.19386223e+00  -2.13217955e-01
   -1.39942738e+00  -5.67982315e-03   2.57325523e+00  -1.35086539e+00
    4.94802100e-01 
   -2.79558186e-01   1.94251544e+00   4.43947230e-01  -7.44029820e-01
    7.64912971e-01  -1.41332226e+00  -2.14090503e+00  -1.49067487e+00
   -2.65069964e-01  -7.35258983e-01  -1.74058670e-01   8.97994280e-01
    5.37408949e-01   3.76366466e-01   3.63442930e-02   9.57292589e-01
   -9.38778178e-03 
   -1.33060740e+00   3.55249875e-01   2.45560865e+00   1.53329733e+00
    1.03677060e+00   3.04234485e-01  -1.75612939e+00  -9.73146489e-01
   -6.51974789e-01   7.44227695e-01  -1.79038954e+00  -1.35766163e+00
   -1.57377779e+00   1.37195960e+00   1.32802086e+00   1.07790674e+00
    3.06375306e-01 
    1.30904232e+00   9.24800357e-01  -9.39757706e-01  -3.92535801e-01
   -7.81334684e-01  -4.01222021e-01  -5.98632740e-01  -4.12418474e-01
    1.50149711e+00   1.40582735e+00  -2.05938549e+00  -1.77641343e+00
   -4.13363741e-01  -1.65378272e+00   2.27221021e+00   6.65774565e-01
   -5.35862183e-01      3.19305096e+00  -9.28421355e-01   3.07699546e-01  -1.90906763e+00
   -8.28014946e-01   1.02545782e+00  -5.70370832e-01  -1.03484183e+00
    6.11144654e-01   9.96956592e-01   3.48707829e-01  -2.79939246e+00
   -8.54732035e-01   3.05132731e-01   7.06324902e-01  -1.61414579e+00
   -4.14046919e-01   2.26469606e-01   6.24690024e-02   5.24367485e-01
   -2.37270308e-01   2.14056431e+00   3.37661247e-01   2.03195298e+00
   -1.64522865e+00  -9.11039443e-01   4.40432076e-01  -6.41484942e-02
   -1.69587106e-01  -3.30017635e-01   3.94143023e-01  -1.55503888e+00
   -2.73228687e-01 
    5.28815860e-01   4.33190030e-01  -4.62082986e-01  -3.28607272e-02
    9.60128058e-01  -3.41054805e-01  -1.40583734e+00   1.00004925e+00
   -2.33584094e+00  -1.40848188e-01  -9.98446727e-01   2.08845697e-01
    1.30879920e+00  -2.36990453e-01   1.81807557e+00   1.51232864e-01
    1.58527757e-01  -8.13425881e-01   1.95570456e+00  -2.00376438e+00
   -1.71107698e+00   1.85238244e-01   2.60985820e-01   1.71288636e-01
   -1.56268387e+00   5.22751005e-01   6.38744448e-01  -3.86145367e+00
    1.30093165e+00  -1.75573949e+00   7.60859664e-02  -1.30632132e+00
    9.91499541e-02 
    7.53176441e-01   1.33500533e-01   2.93582236e+00   8.28542966e-01
   -1.83519481e+00  -1.42299757e+00  -8.41698369e-01  -7.95945827e-01
    1.58245359e+00   1.09439069e+00   3.93567827e-01   2.70551510e-01
   -2.27634516e+00   2.97945565e-02  -3.88606652e-01  -1.17522056e+00
    2.33917679e+00  -9.46539176e-03  -1.44501514e+00   1.10714501e+00
   -1.27917191e+00  -2.34148363e+00  -1.13254986e+00   1.21168408e+00
    1.19743834e+00   9.84836486e-01  -2.10584836e+00  -7.00633406e-01
    1.94239518e+00  -2.59498928e-01  -2.44589391e+00   8.79860282e-01
   -2.48855417e-01 
   -1.27167492e+00   5.92731030e-01  -1.30879210e+00  -9.62064372e-01
    1.55190491e+00   1.27373916e+00   1.37824968e+00   3.36481674e-01
    4.08389808e-01  -8.76407153e-01   2.45515562e+00  -2.25113661e+00
    5.65104664e-01  -1.02640997e+00  -3.23450983e+00   1.07439521e-02
    3.81105303e+00  -1.97001822e-01   3.47679070e-01  -2.10739234e+00
   -1.02529836e+00   6.09193891e-01   7.87694738e-01  -2.78517542e+00
    4.79624715e-01   5.09020886e-01   6.36364525e-02   1.68052981e-01
   -2.65035269e-01   3.06298386e-01  -1.76508124e+00  -4.62843548e-01
   -1.04256783e-01 
   -1.56245624e+00  -9.79907173e-01  -2.06196886e+00  -3.48250250e-01
    2.53780662e-01  -4.09549139e-01   2.04555303e-01  -1.07927071e+00
   -2.51701182e-01  -2.76735569e+00   1.27135312e+00  -3.12862917e-01
   -1.88044990e-01  -2.28282957e+00   2.65619702e+00  -1.64915019e+00
   -6.54261147e-02  -1.46189326e+00   2.65152606e+00  -3.82366265e-02
    1.30624828e+00  -1.33482249e+00  -2.92485923e+00   2.11547743e+00
    2.03735946e+00   1.39174432e+00  -1.53479610e+00  -3.98872512e-01
   -8.58582477e-01  -4.79645783e-01  -1.04729726e+00   1.48511839e+00
   -1.41309475e-01 
   -7.57147901e-01  -1.99023512e-01   7.44373625e-01   6.84454534e-01
    1.04005339e+00  -7.28225315e-01  -3.98958631e-01  -3.59588659e+00
    9.32974474e-01   8.16052605e-02  -2.92909386e-02   2.21087840e-01
   -5.81522674e-01   1.84731212e+00  -9.04086529e-01  -2.07056971e+00
   -1.31860143e+00   4.54818329e-01  -3.60224095e-02  -2.70224832e+00
    4.51151256e+00   4.37379395e-01   1.43137775e-01   9.56311131e-02
    3.88297550e-02   5.36809950e-01  -1.51054928e+00  -1.61867869e+00
   -3.43114259e+00   7.50055062e-01  -1.91386496e-01   8.76209004e-02
    9.67286170e-02 
    7.34792051e-01  -8.36469254e-01   2.34282709e-01  -1.08231360e+00
   -4.80071762e-01  -1.82779009e+00   1.26590727e+00   8.44757825e-01
    1.67772532e-01  -2.09401472e+00  -5.99664330e-01   2.54415598e+00
    3.07496893e+00  -1.54247217e+00  -1.12467959e+00  -3.80377434e+00
   -1.03762157e+00   1.57583303e-01  -3.29978694e-01  -4.73832411e-04
   -7.74029726e-01  -3.74075915e-01  -3.35418813e-01  -6.20017432e-01
   -1.66039722e+00  -1.78084718e+00   1.18789073e+00   1.79103639e-01
    3.81297136e-01   2.64046993e+00   6.74228295e-01   5.25354034e-01
   -3.00454707e-01 
    3.94577072e-02  -7.96840548e-01   1.96946829e+00  -6.30283449e-01
    1.54842668e+00  -1.74339627e-01  -9.11041805e-01  -1.79498345e-02
   -1.52399142e-01   4.39223822e-01  -4.00773973e+00   3.44959407e-02
   -7.94839043e-02  -1.38529968e+00  -3.91297694e-01   2.12680242e+00
   -2.21512376e+00  -5.51195739e-01  -2.28248472e+00  -3.57062251e-01
   -2.31630685e+00  -2.22405928e-01  -2.67607837e+00   2.73836900e-01
   -2.23406138e-01   3.16933302e+00   6.03800812e-01   6.15967091e-01
   -1.64592370e+00   9.75095837e-01   9.61586828e-01  -2.24422566e-01
   -7.05286695e-01 
   -1.86880689e+00   2.22543782e+00   1.09132857e+00   1.17245978e+00
   -1.97046944e+00  -3.44241790e-01   1.13700328e+00  -2.14614925e+00
    1.97067816e+00   2.64828618e-01   4.48890133e-01  -1.33498939e+00
    1.16271933e+00  -1.47061435e+00   2.02048285e+00   1.31084286e+00
   -9.04191388e-01  -2.06828328e+00  -4.57761975e-01   5.29647050e-01
   -1.49039917e+00  -1.58347396e+00   2.04725109e+00  -1.37121056e+00
   -1.73739031e+00  -6.48649879e-01   4.22708125e-02   6.53072441e-01
   -1.15191055e+00  -1.87739268e-01   1.49456518e+00  -1.68068018e+00
   -5.45559132e-01 
    7.76577142e-01  -7.26087094e-01  -7.98592318e-01  -1.27471300e+00
   -1.56021651e-01   1.67742170e-01  -8.36351103e-01  -2.24872071e+00
   -2.22473960e+00  -2.40698551e+00  -1.76459682e+00   1.60645825e+00
   -2.35105320e+00  -1.42173066e+00  -4.66269497e-02  -3.24522331e-02
    7.72585597e-01   3.26508021e-02  -2.10046423e+00   1.71051421e+00
    1.32201325e+00   1.26009665e+00   6.32319664e-01  -2.53072998e+00
    2.60310809e+00  -4.93077186e-01   1.54556994e+00   2.61440768e-01
    2.17450222e+00   3.61478319e-01   7.37784803e-02  -1.62292622e+00
   -1.73957828e-01 
   -2.25042799e-01  -2.48853487e+00   2.74973191e-01   6.81302541e-01
   -4.89467978e-01   1.03222925e+00  -9.92800134e-01  -2.20270601e+00
   -1.42420548e+00  -8.69758843e-02   1.08444415e+00   2.91492392e-01
   -2.59207314e+00   1.85621407e+00  -4.24672755e-01   1.86581979e-01
    5.41732945e-01  -1.14445769e+00   9.47506424e-01   1.44925233e+00
   -7.00280955e-01  -1.03047471e+00  -1.27604733e+00  -2.57496216e+00
   -1.76464344e+00  -1.63303400e+00   3.17731368e+00   8.71182783e-01
   -1.18695357e+00  -3.48004058e-01   1.48323634e+00   2.34957028e+00
   -3.93432875e-01 
   -1.37653022e+00   3.93883798e+00  -1.08682022e+00  -2.46680297e+00
   -1.92490802e+00  -1.06111148e+00  -1.08028145e+00   2.35867036e-01
    1.00900332e+00  -2.15745822e+00  -2.56883583e+00   2.09752525e-01
   -7.86100606e-01   1.35394582e+00   2.08925489e-01   1.58006035e+00
   -8.03055861e-01  -4.44361310e-01   6.38857957e-03  -7.22462512e-01
    7.74208110e-01   1.83797539e+00  -4.48445265e-01   9.41356395e-01
    7.77012119e-01  -1.73603583e+00  -1.25533398e+00  -6.99585424e-03
    8.50204001e-01  -8.00106304e-01   1.39274790e+00   1.05829099e+00
   -4.57444368e-01 
   -4.51313680e-01  -8.33514450e-01  -2.45318490e+00  -1.96115850e+00
   -1.95770542e+00   8.24684214e-01   1.05927490e-01  -2.42992564e-01
   -5.51339491e-01   3.06146200e+00   4.84658875e-02   2.06143466e+00
   -1.03252695e+00   1.75330214e-01  -3.57226010e-01  -1.23822314e+00
   -4.78208928e-02  -1.03606146e+00  -3.45766407e-01  -1.29117165e+00
    4.59873027e-01  -4.17619426e-01  -8.51366786e-01  -6.58221731e-01
    1.03452467e-01  -1.70512723e-01  -1.69492215e+00   4.51724985e-01
    1.45193999e+00  -1.15150367e+00   1.82157956e+00  -4.33873619e-01
   -1.73795807e-01 
   -3.29912189e-01  -8.07731574e-01   5.64922620e-01   1.83993563e+00
   -2.14370656e+00   1.14674095e+00  -1.92213412e-01   8.90368019e-01
    9.01424528e-01  -7.00579481e-01  -8.15029287e-01   1.68572963e-03
   -1.63518747e+00  -6.85439798e-01  -2.40338045e+00   1.86898658e+00
   -2.70934501e+00   3.15011900e-01   9.50447967e-01  -7.53588626e-01
    6.83703637e-01  -6.83025791e-01   1.28583521e+00   3.27410613e-01
    3.88931473e-01  -1.95317010e+00   8.85432085e-01  -1.22192775e+00
    1.46833350e-01  -9.92121570e-01  -8.56994736e-01   6.74535031e-01
   -4.10947510e-01 
   -6.77985503e-01   1.85694411e+00   2.25983722e-01  -1.03546527e+00
   -9.61555828e-01  -1.65912297e-01   9.03919031e-01   1.33169419e+00
   -8.17118067e-01   1.39035619e-01  -8.21141923e-01  -6.68082203e-01
    2.25530132e-01   4.53441194e-01   1.64504447e+00  -1.03000972e+00
    4.67852003e-01   2.32884391e-01  -1.10580280e+00   3.71759638e-01
   -5.50633447e-01   8.93881194e-01  -2.28202612e-01  -2.74054443e-01
    8.92676565e-01  -1.22296657e+00  -5.16334328e-01  -3.27904987e-01
   -2.02519949e+00  -1.30764232e-01  -1.67502626e+00  -2.60379101e+00
   -8.26017540e-01 
   -2.51620716e-01  -1.59855929e+00  -2.17237071e+00   1.61118645e+00
    1.24243620e+00   8.66489744e-01  -4.93594767e-01  -4.44000413e-01
    1.59940382e+00   1.16029658e+00   1.30459072e-01   3.58028240e-01
   -2.18867218e-01   2.11228981e-01  -9.40245738e-01  -3.64984792e-01
   -2.39609715e-01  -1.61421557e+00  -8.26447874e-01   1.52060181e+00
   -5.96760495e-01   6.72701504e-01   2.53753434e-01  -1.39832263e+00
   -5.84406004e-01  -1.40258016e+00  -1.51156926e+00  -4.72280111e-01
    1.05228822e+00  -5.46595240e-01  -7.88085959e-01  -5.82735538e-01
   -1.92429245e-01  