NN 16 32 16   -3.09267398e+00  -6.50497695e-01  -2.50271843e-01   5.32018114e-01
    1.85157109e+00  -8.17440647e-01  -1.39682755e+00  -1.61243728e+00
    2.50027085e+00  -1.37336925e+00  -6.60329716e-02   5.77534022e-01
    7.70593720e-01  -1.53394056e-01   3.09760322e-01  -3.00380353e-01
   -6.89853371e-01 
    5.40929249e-01  -3.55116992e-01  -3.13588914e-01  -4.35855534e-01
    9.71255886e-01  -3.16872565e-01   9.23093516e-02   5.09535224e-01
   -2.05522657e+00   8.24292735e-01   1.67302248e+00  -3.26903616e+00
    6.15915779e-01   7.12056241e-01  -1.63495187e+00   1.24386286e+00
    5.38825610e-01 
   -5.99632232e-01   1.03035706e-01  -2.43016778e+00   9.93964421e-01
    2.24172740e+00  -1.68838145e+00  -4.12891481e-01  -5.49870031e-01
   -1.04260344e+00   2.99855912e-01   1.96411561e-01   1.33114279e-01
    1.46845823e+00  -8.42666141e-01  -1.11847259e-01   1.63964247e+00
    1.56699635e-01 
    1.52092398e+00  -7.59231226e-01  -8.56479103e-01   6.29162918e-01
   -3.83114523e-02  -1.02854561e+00   9.71493349e-01  -2.22906918e-01
   -1.22082230e+00   8.53021621e-01  -1.28028988e+00   1.61078461e+00
    1.60773844e+00  -1.56492926e+00   9.73599743e-01  -1.78930078e+00
   -3.37846966e-01 
   -2.85085374e-01  -1.39469795e+00   1.22884538e+00  -9.99258560e-01
   -3.92030527e-01  -7.48006616e-01  -9.25904145e-02  -1.66313868e+00
    1.30791592e+00  -2.40755679e-01  -1.30801174e-01   1.69023147e+00
    1.52541002e+00   1.93987714e+00   3.88774863e-02  -1.40874117e+00
   -7.59285708e-01 
   -3.69061311e-01   1.07339297e+00   1.40980957e+00  -1.17166875e+00
    5.51579410e-01   1.04474646e+00   1.38648820e+00  -3.02583571e-02
    1.14468110e-02  -3.29172584e-01  -1.44250870e+00   6.50365310e-01
   -7.28053483e-01  -1.26819726e+00  -2.40421442e-01  -1.84113939e-01
   -2.93524163e-02 
    6.40114975e-01   1.37134833e+00   1.25478817e+00  -1.65070966e+00
   -3.31832809e-02  -3.88672042e-02  -1.64635663e+00   1.09822653e+00
   -4.58657935e-01   5.98093424e-01   7.89993497e-01   3.40276051e-01
   -1.83249660e-01  -4.01089326e-01  -1.16836610e+00   8.44983015e-01
   -5.57558513e-01 
    5.74506364e-01  -1.28893917e+00   9.65831753e-01  -5.16201814e-01
    6.78216376e-01   3.45389374e+00  -1.60086399e+00  -5.29957438e-02
    2.05763410e+00   2.02407809e+00   5.89654739e-01  -6.59842019e-01
   -6.86111198e-01  -2.33204161e+00  -1.21715639e+00  -3.05613532e-02
   -7.03305881e-01 
    3.20586746e-01   2.37742314e+00  -9.07248511e-01  -6.23606544e-01
    9.17044519e-01  -1.13186633e+00  -8.72921633e-01  -7.35276821e-02
   -1.50654507e+00   2.15372078e+00   1.12069206e+00  -1.12864795e+00
    6.16546236e-01  -1.72740520e+00   1.11997031e+00  -1.30801464e+00
   -1.18251260e-01 
   -1.38786841e+00  -1.57682200e-01  -8.09457826e-01   1.23973768e+00
    1.66632444e+00  -8.18710807e-01   1.18480935e+00  -6.07847141e-01
   -8.90613186e-01   1.15326450e+00   3.09839994e-01   1.85188926e+00
   -2.33350493e+00   4.94028371e-01  -3.35716197e-01  -1.23555311e+00
    2.43704425e-01 
   -4.57361812e-01   4.66913937e-01  -1.05996799e-01  -2.64045373e+00
   -1.82016767e+00  -1.08329819e+00   3.16601572e-01   3.56427216e+00
   -9.68142305e-01   5.93561552e-01  -7.70369929e-01   2.42472480e+00
   -7.59848397e-01  -2.58424209e-01   4.70813686e-03  -1.43892508e-02
   -6.25897596e-01 
    2.48442576e+00  -8.23515709e-01   4.66959935e-01   1.71029640e+00
    1.32878451e+00  -3.72276245e-01  -1.47958815e+00   5.78658299e-01
    3.04403559e-01  -8.79946448e-01   1.32759180e-01  -6.79027064e-01
   -2.52635474e+00   3.60442200e-01   8.55406570e-01  -6.13909676e-01
   -3.50054025e-02 
   -7.23479643e-02  -1.50040760e+00   1.02503903e+00  -2.68678864e-01
   -6.59292077e-02   1.54565024e-01  -3.03194761e+00   1.26360486e-01
   -1.86945976e+00   8.51755265e-01   2.66652814e+00   1.74972622e-01
   -4.17469745e-01   1.07038238e+00  -6.02783793e-01  -5.83558722e-01
   -1.16022208e+00 
   -3.39887071e-01  -6.75092561e-02  -7.25936337e-01   2.09565877e-01
    2.03911671e+00  -1.88517524e+00   7.31665757e-01   5.90765436e-01
    8.60250590e-01   1.49526634e+00  -2.06092298e+00  -1.72784742e+00
   -7.16702309e-01   5.22037760e-01  -4.71620745e-01  -1.99872259e-01
   -1.44031986e-01 
    1.09179571e+00  -1.81127313e+00   4.42535676e-01   2.48853214e+00
   -1.96333068e+00   1.09137483e+00   4.46080166e-01  -5.54654264e-01
   -1.59592036e+00  -7.58763947e-02  -4.36097438e-01  -4.21229599e-01
    7.21785257e-01   2.27277539e+00  -1.67814566e+00  -7.22017021e-02
    6.12085846e-01 
    1.19538965e+00  -1.02682141e+00  -2.66666981e-02   1.23204951e-01
   -2.55586459e-01   8.21729517e-02   2.95545923e+00  -2.67401062e+00
   -1.33438958e+00  -7.64766129e-01  -3.42980912e-01  -8.44864491e-01
    1.35523519e+00  -1.72304305e+00   5.73137730e-01   2.26995073e-01
    4.21011459e-01 
    1.45922301e+00   5.53237459e-01  -2.88602991e+00  -3.57293295e+00
    5.96728084e-01   6.16743375e-02   1.00956401e+00   1.63973025e+00
    5.29292989e-01   1.81543079e-02  -9.40271961e-01  -7.45989259e-01
   -2.71520753e-01   1.80020089e+00  -5.13995012e-01   9.04466025e-01
    1.32724725e-01 
   -1.33974457e+00   3.24346542e-01  -1.17767152e-01   2.02252173e-01
    7.26425893e-01  -1.04240396e+00  -1.68225571e-02   1.63573110e-01
    1.33395514e+00  -8.20167511e-01   9.69893677e-01  -1.86449630e-01
    7.95747279e-01  -7.92340534e-01  -4.62564220e-01   1.10946633e+00
   -5.14130154e-01 
   -2.47118944e-01  -1.93525741e+00   1.81556188e+00  -5.01182773e-02
   -2.15067183e+00   6.09233384e-01  -1.55983193e-03   1.35555202e+00
    3.51735698e-01   1.79628726e+00  -1.80959144e+00  -5.84969686e-01
    5.23930641e-01  -1.09055972e+00   5.37985358e-01   5.15760365e-01
    9.76017361e-02 
   -1.25238731e+00   5.17482493e-01  -9.07913531e-01   1.87832318e+00
   -7.44000417e-01   1.71668265e+00   7.57182346e-01  -1.35602098e+00
   -2.80197646e-01  -1.69788080e+00  -8.07720433e-01   6.88632155e-01
    1.66976986e+00   2.64027135e-01  -1.82675980e-01  -1.78307934e+00
    3.79172951e-01 
    3.66016058e-02   2.32700077e+00   9.35780830e-01  -3.31919020e-01
   -4.69752998e-01  -3.96579312e+00   9.51300337e-01   3.24829602e+00
    1.33636081e+00  -1.76981171e+00   5.45180352e-01  -7.45705323e-01
   -5.90522168e-01  -5.57891166e-01   5.02192307e-01  -8.51294303e-02
   -2.37592008e-01 
   -2.37548860e+00   8.24796528e-01   1.64192015e+00  -4.97979572e-01
    1.57751788e+00  -9.73055258e-01  -6.42972825e-01  -5.14965813e-01
    1.99310614e+00  -1.31882073e+00   2.10896976e-01  -1.82250321e+00
    4.73089626e-01   5.57416348e-01  -1.11231022e+00  -3.33412077e-01
    5.88663027e-01 
   -4.87545250e-01  -4.36132565e-01   5.15418243e-01  -8.57536039e-01
    2.05807895e+00  -1.56579404e+00   1.85456144e-03   2.09711289e+00
   -2.26146126e+00  -6.63569372e-01   8.79801782e-01   6.19343905e-01
    5.18895494e-01  -7.47153657e-01  -3.74251288e-01  -6.70479257e-01
   -3.52407109e-01 
   -1.78841043e+00   3.33841068e-01  -1.42739495e+00   1.91813112e+00
   -9.69839220e-01   1.01638399e+00   5.89947941e-01  -6.68361525e-01
    1.25928965e+00   1.46012486e+00   1.48865455e+00  -1.70609355e+00
    6.74261012e-01  -1.24374536e+00   4.26125046e-01  -1.06164473e-01
   -6.02533798e-01 
    1.59865384e+00   1.41954147e+00  -1.93461589e+00  -5.18276329e-01
   -3.09396925e+00  -9.38147205e-01   9.44214880e-01   6.77867785e-01
    1.24040429e+00  -2.37322299e+00   2.04772942e+00  -1.76693745e-01
    2.45451692e-01  -2.14174097e-01  -7.23404239e-01   1.04435744e-01
   -1.54026128e-01 
    1.46803933e+00   1.08363177e-01  -1.54045314e+00  -2.45251060e-01
   -1.15010867e+00  -4.34637094e-01   2.30097763e+00  -2.83054191e+00
    6.96648915e-02  -3.61954884e-01   4.01067105e-01   1.09087709e+00
   -1.39350088e-01   1.28686038e+00   9.33464105e-01   7.85972092e-01
   -6.24729167e-01 
   -7.55911929e-01  -6.32744775e-01   1.89352849e+00  -2.76928680e-01
    1.26289291e+00   1.58188304e+00  -2.45040487e+00  -8.63998122e-02
    1.85158416e-01  -7.99033842e-01  -2.71524387e+00   3.61209536e-01
    1.55476524e+00  -1.14387715e+00   1.42016764e-01   2.48636127e+00
   -1.75286964e-01 
   -7.44002388e-01   2.33319184e+00   1.29919171e+00   4.65045497e-03
   -9.13112618e-01   2.06937893e+00  -3.63538887e-01  -1.15032089e-01
   -1.00893657e+00  -1.77254231e+00  -3.11450654e-01  -2.23255872e-01
   -8.41191344e-01   5.10249537e-01  -3.32666704e-02   6.77969786e-01
   -3.92685415e-01 
   -3.49118423e-01  -1.23240049e+00  -8.59735850e-01   1.02565772e-01
    3.90266831e-01   2.32261011e+00  -8.28052082e-01   7.22098479e-01
    4.41762079e-01  -2.19838758e+00   1.23125218e+00  -1.76768551e-01
   -1.29554318e+00   7.03348134e-02   2.43707048e+00  -1.25302844e+00
    4.86816222e-01 
   -3.89957274e-01   1.81374683e+00   4.28716078e-01  -7.11429632e-01
    6.64383876e-01  -1.47934529e+00  -2.07919105e+00  -1.41588038e+00
   -1.87755156e-01  -6.59274481e-01  -8.94058355e-02   6.61132125e-01
    5.42351021e-01   3.88789111e-01   5.62856502e-02   9.69914264e-01
    2.15073068e-02 
   -1.27380753e+00   2.05098840e-01   2.45723192e+00   1.30620255e+00
    1.16312188e+00   2.66541756e-01  -1.38903987e+00  -1.14527819e+00
   -6.25751665e-01   7.34511056e-01  -1.79437720e+00  -1.27912942e+00
   -1.44182854e+00   1.28627542e+00   1.25862446e+00   9.82280478e-01
    3.09632476e-01 
    1.18528985e+00   1.01108496e+00  -9.38321476e-01  -3.26505398e-01
   -7.29332280e-01  -2.39725610e-01  -6.80463736e-01  -1.71799754e-01
    1.50001288e+00   1.45944482e+00  -1.91459520e+00  -1.51714819e+00
   -3.06608615e-01  -1.48254191e+00   2.31931122e+00   6.47217378e-01
   -4.40994365e-01      3.04823329e+00  -7.30158273e-01   1.34077114e-01  -1.82951793e+00
   -7.69674999e-01   8.30009310e-01  -4.16080693e-01  -8.84126264e-01
    6.20089940e-01   1.08385927e+00   4.82952856e-01  -2.69012966e+00
   -8.12985084e-01   2.28068206e-01   6.27082380e-01  -1.52622960e+00
   -4.86709464e-01   2.91424089e-01   1.21854939e-01   6.33926091e-01
   -3.18187436e-01   2.33958403e+00   3.95898631e-01   1.97614176e+00
   -1.87392854e+00  -9.96902737e-01   5.86057066e-01  -1.25983289e-01
   -8.05368494e-02  -3.74578569e-01   5.56778412e-01  -1.62006573e+00
   -2.36273001e-01 
    4.80949659e-01   2.96514067e-01  -4.44997080e-01   1.21283347e-01
    1.05507882e+00  -4.09176026e-01  -1.38316640e+00   1.11704436e+00
   -2.32339240e+00  -2.29913076e-01  -9.01250062e-01   1.99158337e-01
    1.34011008e+00  -2.50909106e-01   1.87997188e+00   2.25467910e-01
    1.07038495e-01  -8.01598747e-01   1.93108588e+00  -1.96083111e+00
   -1.64679013e+00   1.02817736e-01   1.28066696e-01   1.82823817e-01
   -1.52106827e+00   6.00392263e-01   5.99891166e-01  -3.69547312e+00
    1.23373525e+00  -1.61005593e+00  -1.16078533e-04  -1.28885555e+00
    1.21383370e-01 
    7.32361032e-01   1.10565194e-01   2.76374934e+00   7.31427511e-01
   -1.98154297e+00  -1.29343911e+00  -9.44960801e-01  -8.81654820e-01
    1.55203329e+00   1.10260024e+00   2.89265398e-01   8.75010139e-02
   -2.19708576e+00   1.14073357e-01  -4.14027078e-01  -1.26647596e+00
    2.16551131e+00  -1.09153868e-01  -1.44606062e+00   1.15984764e+00
   -1.26912126e+00  -2.33526687e+00  -1.10716403e+00   1.21582425e+00
    1.25675943e+00   9.54174748e-01  -2.11332810e+00  -5.89796566e-01
    1.72011448e+00  -3.57975562e-01  -2.51451269e+00   8.32186655e-01
   -3.50732881e-01 
   -1.18982374e+00   6.61488924e-01  -1.33614248e+00  -1.00784250e+00
    1.56214991e+00   1.21035896e+00   1.33476366e+00   4.72000695e-01
    3.78128115e-01  -8.67777895e-01   2.33552090e+00  -2.31606802e+00
    6.35446866e-01  -1.01871120e+00  -3.08259864e+00   5.90146526e-02
    3.68912243e+00  -2.64964413e-01   6.46847946e-01  -1.95804944e+00
   -1.17974131e+00   6.72498559e-01   8.33699592e-01  -2.69999172e+00
    3.36471035e-01   4.69639810e-01   1.05091234e-01   1.16461008e-01
   -2.71912713e-01   2.65023465e-01  -1.72006252e+00  -3.79171646e-01
   -9.74674581e-02 
   -1.51191836e+00  -1.08817890e+00  -2.04594013e+00  -2.42411150e-01
    2.06657687e-01  -2.80100905e-01   2.37573644e-01  -1.18725812e+00
   -2.78697086e-01  -2.64117808e+00   1.26319190e+00  -3.44142002e-01
   -3.28814048e-01  -2.26887445e+00   2.51639491e+00  -1.46023269e+00
   -1.46661293e-03  -1.46129672e+00   2.72152374e+00   1.14341902e-01
    1.23917724e+00  -1.37565304e+00  -2.92078556e+00   2.09263634e+00
    1.96503985e+00   1.50780146e+00  -1.46547240e+00  -2.97423117e-01
   -1.08764345e+00  -5.55794912e-01  -9.51160586e-01   1.41920351e+00
   -1.19813894e-01 
   -6.21548253e-01  -7.80513908e-02   6.69722034e-01   7.48186907e-01
    9.28127405e-01  -6.79661912e-01  -3.59303505e-01  -3.38299450e+00
    9.26859237e-01   1.06237903e-02  -1.09120746e-02   1.14214212e-01
   -5.73550644e-01   1.97615730e+00  -9.03134505e-01  -2.02030269e+00
   -1.20116529e+00   3.85898684e-01  -1.53139582e-01  -2.73735507e+00
    4.48560362e+00   4.00476747e-01   2.61968377e-01   1.22106464e-01
   -1.08219199e-01   4.80214150e-01  -1.52613707e+00  -1.50908336e+00
   -3.38414230e+00   6.63887295e-01  -2.13441788e-01   1.10601002e-01
    5.58169495e-02 
    6.19032122e-01  -5.82738230e-01   3.09558170e-01  -1.20253935e+00
   -5.81763714e-01  -1.66278796e+00   1.35648921e+00   8.64992058e-01
    2.62759152e-01  -2.16692115e+00  -6.09912261e-01   2.27203760e+00
    3.12472214e+00  -1.52908484e+00  -1.20483167e+00  -3.74702834e+00
   -8.70591179e-01   1.06453105e-01  -3.96463845e-01  -3.56741493e-02
   -8.36991532e-01  -4.09723394e-01  -3.89280042e-01  -6.37318039e-01
   -1.68177596e+00  -1.64631921e+00   1.12066110e+00   1.60751538e-01
    2.93482265e-01   2.63912439e+00   6.46892361e-01   7.42763044e-01
   -2.91366753e-01 
    9.14883234e-03  -8.70215467e-01   1.87603600e+00  -6.05428161e-01
    1.39949474e+00  -1.69112387e-01  -9.60205925e-01  -3.45573595e-03
   -1.68560240e-01   4.23966214e-01  -3.94424748e+00   1.49823542e-02
   -2.21049249e-01  -1.38275579e+00  -4.57630041e-01   2.10860518e+00
   -2.17038002e+00  -5.57172888e-01  -2.29510152e+00  -3.08553432e-01
   -2.31520696e+00  -2.56967274e-01  -2.63188233e+00   1.93678386e-01
   -2.66151445e-01   3.05887630e+00   6.14134552e-01   5.94498320e-01
   -1.61449006e+00   1.06596898e+00   9.38164383e-01  -3.85183735e-01
   -6.76360377e-01 
   -1.82340148e+00   2.12590406e+00   1.06774646e+00   1.19728658e+00
   -1.90026485e+00  -2.48941725e-01   1.15579489e+00  -2.04043763e+00
    1.97690088e+00   2.05364789e-01   4.61030748e-01  -1.35897878e+00
    1.06552423e+00  -1.39658870e+00   1.91376985e+00   1.38207578e+00
   -8.59145259e-01  -1.98146895e+00  -3.88338956e-01   4.60476320e-01
   -1.44316513e+00  -1.56166509e+00   2.01895611e+00  -1.43291130e+00
   -1.64076612e+00  -6.79548446e-01   6.19632251e-02   6.64482640e-01
   -1.23355430e+00  -1.84082223e-01   1.38626281e+00  -1.55839799e+00
   -5.27508782e-01 
    6.76513353e-01  -6.36797875e-01  -6.46775228e-01  -1.14787573e+00
   -2.69631936e-01   1.38148067e-01  -8.71648265e-01  -2.27772348e+00
   -2.22640418e+00  -2.27088373e+00  -1.79419961e+00   1.63271559e+00
   -2.14401246e+00  -1.32485841e+00  -5.06930422e-02  -4.36723622e-02
    7.50200698e-01   3.54047516e-02  -2.00288750e+00   1.79847357e+00
    1.21299420e+00   1.23557519e+00   6.64814907e-01  -2.49528483e+00
    2.61504142e+00  -4.41139302e-01   1.47050342e+00   1.86361982e-01
    2.13226167e+00   3.15385875e-01   1.27153708e-01  -1.46676235e+00
   -9.47986169e-02 
   -3.72461464e-01  -2.43361120e+00   1.90244843e-01   7.64398987e-01
   -4.29676020e-01   1.01819388e+00  -9.35396578e-01  -2.28900648e+00
   -1.35254949e+00  -2.46104710e-02   1.09448380e+00   4.29499439e-01
   -2.57140798e+00   1.80609512e+00  -4.15447548e-01   2.23217629e-01
    6.64773273e-01  -1.15459934e+00   8.58508535e-01   1.42001782e+00
   -6.31998841e-01  -1.04030923e+00  -1.14270113e+00  -2.61161699e+00
   -1.82951254e+00  -1.58517920e+00   2.97736724e+00   8.01296583e-01
   -1.10702303e+00  -4.38652280e-01   1.37278947e+00   2.09760419e+00
   -3.61473932e-01 
   -1.37810626e+00   3.78894912e+00  -1.04631458e+00  -2.46637925e+00
   -1.93514543e+00  -9.68458655e-01  -1.04933576e+00   2.84485259e-01
    9.87693413e-01  -2.12156876e+00  -2.52489894e+00   6.39268722e-02
   -8.29136721e-01   1.32576886e+00   1.96145043e-01   1.48769519e+00
   -7.95744618e-01  -4.07997430e-01  -5.17413954e-02  -7.10641921e-01
    7.90128100e-01   1.87379478e+00  -4.30601911e-01   8.98878901e-01
    8.10994445e-01  -1.80317898e+00  -1.21843805e+00   3.71912014e-02
    8.04773006e-01  -7.94699970e-01   1.24220304e+00   9.80375948e-01
   -4.69685162e-01 
   -4.48062965e-01  -8.09516832e-01  -2.45852596e+00  -1.92314353e+00
   -1.90617224e+00   7.81595015e-01   1.32351407e-01  -2.21700212e-01
   -5.36270425e-01   2.90619786e+00  -1.01759497e-02   2.02775079e+00
   -1.00904337e+00   9.58999259e-02  -2.84667130e-01  -1.20310736e+00
   -1.08551741e-01  -1.05744805e+00  -3.06181783e-01  -1.21762098e+00
    4.25282569e-01  -4.46254870e-01  -8.46783604e-01  -6.60183135e-01
    7.79015479e-02  -2.19188575e-01  -1.62913937e+00   4.44740778e-01
    1.44322487e+00  -1.13917695e+00   1.76645242e+00  -4.61572738e-01
   -1.93433487e-01 
   -3.14471689e-01  -7.90661969e-01   6.09864887e-01   1.80748768e+00
   -2.09924731e+00   1.09934085e+00  -1.99418832e-01   8.63478483e-01
    8.97982856e-01  -6.58124854e-01  -8.25990237e-01   1.17088334e-02
   -1.59832053e+00  -6.52717717e-01  -2.34357167e+00   1.81006836e+00
   -2.65580956e+00   3.01304526e-01   9.29811555e-01  -7.19483649e-01
    6.46217162e-01  -6.78075880e-01   1.25817038e+00   3.47018668e-01
    3.77487631e-01  -1.93021507e+00   8.87169153e-01  -1.20461363e+00
    1.81354015e-01  -9.49285666e-01  -8.12860405e-01   6.58053026e-01
   -3.78898256e-01 
   -6.42944957e-01   1.77201262e+00   2.72128134e-01  -1.00250580e+00
   -9.11139764e-01  -2.07212967e-01   8.53929209e-01   1.28090023e+00
   -7.84030704e-01   1.61124547e-01  -7.69653222e-01  -6.40071372e-01
    2.27087430e-01   4.51831331e-01   1.59150348e+00  -9.90783644e-01
    4.61462996e-01   2.50709581e-01  -1.05723451e+00   4.07150198e-01
   -5.32501553e-01   8.57116138e-01  -2.34664596e-01  -2.30968912e-01
    9.13710598e-01  -1.16004727e+00  -5.16283452e-01  -3.46465456e-01
   -1.88003944e+00  -7.56048116e-02  -1.62465625e+00  -2.52562564e+00
   -7.77764029e-01 
   -3.02342701e-01  -1.52794717e+00  -2.11597627e+00   1.59178966e+00
    1.31118859e+00   8.29084075e-01  -4.81706273e-01  -4.13610282e-01
    1.49486516e+00   1.10973314e+00   1.52983422e-01   3.82501136e-01
   -2.45847927e-01   1.95855289e-01  -8.70126111e-01  -2.15696223e-01
   -1.76932386e-01  -1.52935079e+00  -7.08396836e-01   1.45447510e+00
   -5.35212879e-01   6.24827857e-01   2.26667617e-01  -1.38157143e+00
   -4.90089932e-01  -1.23734818e+00  -1.49644904e+00  -4.73859209e-01
    1.00296694e+00  -5.25995349e-01  -8.09627415e-01  -5.15974727e-01
   -1.23777047e-01  