NN 16 32 16   -2.88976152e+00  -5.91680004e-01  -5.21145744e-01   7.47860119e-01
    1.52821423e+00  -7.61567224e-01  -1.13966953e+00  -1.38793500e+00
    2.13878022e+00  -1.32063966e+00  -7.56686817e-03   6.59502615e-01
    6.76439173e-01  -1.53072694e-01   2.59129884e-01  -2.85157444e-01
   -6.85137871e-01 
    3.20595712e-01  -2.01348427e-01  -5.85067222e-01  -5.42390539e-01
    8.28085264e-01  -2.70659614e-01  -3.78912320e-03   5.53346622e-01
   -2.02543444e+00   5.74100322e-01   1.69629797e+00  -2.93096743e+00
    4.46501433e-01   5.70640014e-01  -1.55210651e+00   1.04341673e+00
    4.23773788e-01 
   -2.17985633e-01  -9.89147740e-02  -2.29633319e+00   1.13388378e+00
    2.23694624e+00  -1.39994699e+00  -5.48576153e-01  -6.87304964e-01
   -9.65637071e-01   2.13196165e-01   2.21279859e-01   8.64579103e-02
    1.47287383e+00  -8.71267636e-01  -3.11846424e-02   1.39871228e+00
    1.85814329e-01 
    1.44190544e+00  -8.23835982e-01  -8.12779480e-01   6.94609138e-01
   -1.75533064e-01  -9.33365262e-01   1.02504370e+00  -1.28921448e-01
   -1.09782408e+00   8.24114392e-01  -1.09655477e+00   1.38941722e+00
    1.44348422e+00  -1.61986200e+00   8.46276734e-01  -1.58783658e+00
   -4.08823753e-01 
   -2.02395666e-01  -1.24035607e+00   1.22796218e+00  -8.64604691e-01
   -3.55720718e-01  -6.23960397e-01  -1.10950420e-01  -1.68966499e+00
    1.25702930e+00  -7.63337442e-02  -2.76373932e-01   1.64769599e+00
    1.51286767e+00   1.77434528e+00   1.22810456e-01  -1.33103783e+00
   -7.26198594e-01 
   -3.42188912e-01   1.01177062e+00   1.10334241e+00  -1.03602828e+00
    3.79898259e-01   1.10562595e+00   1.17434513e+00  -6.25056359e-02
    2.06459802e-03  -2.82189187e-01  -1.15867391e+00   6.36742829e-01
   -6.42910244e-01  -1.14492536e+00  -2.15704931e-01  -1.60375465e-01
   -7.83483237e-02 
    3.73725233e-01   1.42827436e+00   1.09609078e+00  -1.35682392e+00
   -3.10468130e-01  -5.93914326e-02  -1.64866567e+00   8.71024864e-01
   -5.76969120e-01   4.33599666e-01   6.79106066e-01   5.48099868e-01
   -2.31164547e-01  -3.77033127e-01  -1.10785716e+00   7.36658227e-01
   -5.74112253e-01 
    5.57927151e-01  -1.32415711e+00   9.16328813e-01  -5.64894417e-01
    7.17532574e-01   3.27002443e+00  -1.56129732e+00  -1.18605444e-01
    1.83353923e+00   1.98457101e+00   6.29617850e-01  -7.29811043e-01
   -7.05257733e-01  -2.10245199e+00  -1.14028895e+00  -6.33963455e-02
   -7.60695864e-01 
    4.27719103e-01   2.10973340e+00  -1.00913462e+00  -4.15251512e-01
    7.54046558e-01  -1.14311505e+00  -6.60499398e-01  -6.15987522e-02
   -1.41082210e+00   2.11994779e+00   1.04093191e+00  -8.58295983e-01
    5.18081256e-01  -1.60301758e+00   1.01980991e+00  -1.10168740e+00
   -1.07878132e-01 
   -1.27636898e+00   8.52600332e-02  -8.69936203e-01   1.19454298e+00
    1.75918588e+00  -6.21994478e-01   1.16412376e+00  -5.47229583e-01
   -6.78868747e-01   1.35927893e+00   7.57066330e-02   1.65584995e+00
   -2.19448606e+00   5.19790921e-01  -2.31029452e-01  -1.08284017e+00
    2.28648348e-01 
   -6.96342881e-01   5.16901216e-01  -8.12874260e-02  -2.45574895e+00
   -2.02295346e+00  -9.20186616e-01   4.28752320e-01   3.31655828e+00
   -7.76128109e-01   6.90582831e-01  -8.31496877e-01   2.12739292e+00
   -5.70649073e-01  -9.37005911e-02   1.53512973e-02   4.52625282e-02
   -5.82900682e-01 
    2.35474637e+00  -9.20574826e-01   5.91728499e-01   1.60825403e+00
    1.23003635e+00  -2.68760745e-01  -1.43048576e+00   6.08686643e-01
    3.07273396e-01  -8.54695173e-01  -1.82465748e-01  -4.77035482e-01
   -2.28845950e+00   3.22611579e-01   8.34584231e-01  -4.52631872e-01
    4.06176170e-02 
   -7.70813041e-02  -1.35038265e+00   9.40247821e-01  -2.70333208e-01
    9.67303884e-02   4.38904184e-02  -2.86367950e+00   2.24543167e-01
   -1.87496631e+00   8.11735965e-01   2.43108551e+00   3.31280463e-01
   -3.58288950e-01   9.19266403e-01  -5.48789641e-01  -5.23010097e-01
   -1.10143856e+00 
   -3.28347895e-01  -1.06863215e-01  -7.60597101e-01   2.70213768e-01
    1.82953628e+00  -1.68673071e+00   7.54495259e-01   4.52177931e-01
    8.53525592e-01   1.50345139e+00  -1.90631722e+00  -1.77357548e+00
   -6.44870330e-01   5.77795432e-01  -4.07231486e-01  -1.80064090e-01
   -9.85427396e-02 
    8.98035366e-01  -1.98775064e+00   3.77019734e-01   2.39458978e+00
   -1.85299480e+00   9.78077043e-01   4.29364604e-01  -4.25977443e-01
   -1.45563893e+00   3.54049277e-02  -2.12262016e-01  -4.73139165e-01
    7.62669378e-01   2.22921797e+00  -1.53734249e+00   2.46883857e-02
    6.51320179e-01 
    1.10741493e+00  -8.53533126e-01   1.02058547e-01   2.10908947e-01
   -5.21787503e-02   4.30567174e-01   2.96990305e+00  -2.58495668e+00
   -1.29363290e+00  -5.74261792e-01  -2.60213465e-01  -7.54740018e-01
    1.50882831e+00  -1.46629926e+00   5.34659985e-01   1.38804792e-01
    4.83231111e-01 
    1.52004752e+00   4.90452486e-01  -2.56035588e+00  -3.45255854e+00
    4.09970074e-01   2.63158414e-01   1.21615054e+00   1.48647029e+00
    6.00625339e-01  -1.99967676e-01  -9.82850132e-01  -6.72720663e-01
   -1.62277816e-01   1.93196713e+00  -4.48304382e-01   8.87460250e-01
    1.76962530e-01 
   -1.33852155e+00   2.69820538e-01  -2.61097861e-02   1.38488004e-01
    6.89598431e-01  -8.40207406e-01  -1.09677566e-01   8.26943955e-02
    1.25290823e+00  -6.63280443e-01   7.74109860e-01  -2.09854646e-01
    6.43932335e-01  -7.28835920e-01  -4.37841731e-01   9.11390958e-01
   -5.07711485e-01 
   -2.51684502e-01  -1.75174678e+00   1.73808590e+00  -2.85285472e-01
   -2.16146511e+00   4.22360971e-01  -9.82804308e-03   1.20004473e+00
    3.90594559e-01   1.60697435e+00  -1.68948241e+00  -7.24243965e-01
    4.81271407e-01  -1.05575950e+00   4.64590881e-01   4.90016842e-01
    5.24133970e-02 
   -1.18080126e+00   5.33203737e-01  -1.00888673e+00   1.71134623e+00
   -7.13209573e-01   1.80406409e+00   5.48872046e-01  -1.17705008e+00
   -2.37966584e-01  -1.77502054e+00  -7.60629268e-01   6.45002633e-01
    1.57385147e+00   4.29428655e-01  -1.56285166e-01  -1.53671467e+00
    4.03184561e-01 
    6.77568945e-02   2.27785677e+00   9.38871139e-01  -8.93142065e-02
   -4.41514018e-01  -3.71258648e+00   9.31901735e-01   2.77481214e+00
    1.30463092e+00  -1.45621027e+00   5.60408021e-01  -9.47984290e-01
   -6.82177374e-01  -4.42849344e-01   4.07455026e-01   1.55958122e-02
   -2.09564842e-01 
   -2.40742178e+00   7.54482786e-01   1.36299165e+00  -4.71811498e-01
    1.50626847e+00  -1.04321983e+00  -5.93322265e-01  -5.18019345e-01
    1.67856160e+00  -1.20986710e+00   1.89973848e-01  -1.70902217e+00
    4.21846021e-01   5.39291138e-01  -1.15803348e+00  -2.93926997e-01
    5.17504673e-01 
   -6.03323082e-01  -4.55711216e-01   5.65950015e-01  -1.01051683e+00
    1.78515580e+00  -1.45878233e+00   2.91138859e-02   1.96878810e+00
   -2.22827593e+00  -7.46570303e-01   8.97919824e-01   5.17877208e-01
    4.94012353e-01  -7.26638243e-01  -4.09943039e-01  -5.34104160e-01
   -3.93869329e-01 
   -1.59908763e+00   4.56271663e-02  -1.20133858e+00   1.80216280e+00
   -9.70013163e-01   7.94093288e-01   4.18884092e-01  -6.63962642e-01
    1.37640729e+00   1.56044172e+00   1.39600932e+00  -1.69446981e+00
    6.37540035e-01  -1.22028233e+00   3.81892097e-01  -1.24706911e-01
   -5.95041629e-01 
    1.67238750e+00   1.36447655e+00  -1.53026139e+00  -6.46170772e-01
   -2.81167600e+00  -7.92110832e-01   8.34680762e-01   4.00278534e-01
    1.18311072e+00  -2.41366693e+00   2.10214730e+00  -1.46125150e-01
    1.76584582e-01  -5.93670503e-02  -6.15184698e-01   1.28744875e-01
   -9.03739462e-02 
    1.39257549e+00  -5.67111083e-02  -1.34463622e+00  -2.25405205e-01
   -8.76404528e-01  -3.46825936e-01   2.18682726e+00  -2.82052728e+00
    5.24159713e-02  -3.47697415e-01   5.12583570e-01   1.09206088e+00
   -5.08515538e-02   1.22002053e+00   1.01210949e+00   5.50491409e-01
   -5.79298104e-01 
   -9.07147993e-01  -7.14018105e-01   1.70441109e+00  -1.15354799e-01
    1.28594998e+00   1.45763176e+00  -2.23075402e+00  -3.19690881e-01
    2.08377187e-01  -6.83801194e-01  -2.55295298e+00   5.04027401e-01
    1.39662890e+00  -1.03866488e+00   1.49981362e-01   2.11705506e+00
   -1.91479438e-01 
   -7.85270057e-01   2.30333676e+00   1.22323395e+00  -5.93857680e-02
   -8.12417826e-01   2.10532049e+00  -2.85772450e-01  -2.96966539e-01
   -1.03034725e+00  -1.41721809e+00  -5.27455976e-01  -3.17246590e-01
   -8.76466384e-01   5.27539235e-01  -9.71600890e-02   5.06806023e-01
   -4.14123717e-01 
   -4.44769417e-01  -1.36810279e+00  -7.74461246e-01   6.73374586e-02
    5.91580493e-01   2.17849247e+00  -6.71543214e-01   6.47441879e-01
    3.42291932e-01  -2.10289740e+00   1.02198294e+00  -1.66762376e-01
   -1.31933093e+00   7.31219272e-02   2.05430147e+00  -1.21491014e+00
    3.29367784e-01 
   -3.51561802e-01   1.60718632e+00   6.75362381e-01  -6.58347997e-01
    5.25893352e-01  -1.15687430e+00  -2.12815269e+00  -1.39394487e+00
   -8.45181364e-02  -5.89542313e-01  -7.16200795e-02   7.03947225e-01
    5.24102338e-01   2.97491786e-01   1.17233242e-02   8.41427280e-01
    6.43967154e-02 
   -1.35479021e+00   1.66065585e-01   2.30273459e+00   1.36585426e+00
    1.09730154e+00   2.75544383e-01  -1.33682144e+00  -9.55626068e-01
   -4.92450781e-01   7.32682099e-01  -1.71081990e+00  -1.19521192e+00
   -1.34878802e+00   1.12541728e+00   1.06220516e+00   7.94905369e-01
    2.70474780e-01 
    1.18440317e+00   8.95996475e-01  -8.72669472e-01  -3.88321143e-01
   -6.51545987e-01  -2.41004939e-01  -8.49602404e-01  -1.87789933e-01
    1.43163967e+00   1.22386763e+00  -1.76740121e+00  -1.44019564e+00
   -3.27863860e-01  -1.42206586e+00   2.14665239e+00   4.58037323e-01
   -4.63315497e-01      2.83428428e+00  -6.16509728e-01   3.77797632e-02  -1.77420917e+00
   -5.93637213e-01   5.22299935e-01  -2.36600587e-01  -8.15410089e-01
    6.46900926e-01   1.11681162e+00   6.17857216e-01  -2.53990510e+00
   -8.35525277e-01   1.99101141e-01   4.44248158e-01  -1.65290017e+00
   -4.65952287e-01   3.76147305e-01   1.90182257e-01   5.65399630e-01
   -2.25471316e-01   2.42677508e+00   4.60312795e-01   1.91502328e+00
   -2.18417081e+00  -1.19339788e+00   5.35016942e-01  -1.53540237e-01
   -2.23180159e-01  -3.35846812e-01   6.80683580e-01  -1.58738814e+00
   -2.42228777e-01 
    5.25671584e-01   3.26343741e-01  -3.77028756e-01   2.12056743e-01
    1.09843594e+00  -3.58804243e-01  -1.28904493e+00   9.37062778e-01
   -2.21134544e+00  -3.81871048e-01  -8.26171068e-01   2.79057207e-01
    1.42476509e+00  -9.03443857e-02   1.87776815e+00   4.67913820e-01
   -1.75257239e-04  -6.40220899e-01   1.82061734e+00  -1.88334553e+00
   -1.64636416e+00   2.72264292e-01   2.66479292e-01   2.49697515e-01
   -1.51323061e+00   5.00042216e-01   7.13453672e-01  -3.54851199e+00
    1.22944492e+00  -1.53266943e+00   3.30421166e-02  -1.33413024e+00
    1.35828272e-01 
    8.11741425e-01   2.12614792e-01   2.66102926e+00   5.99476205e-01
   -1.92160083e+00  -1.05184197e+00  -1.03870761e+00  -8.96478063e-01
    1.49377623e+00   1.03117701e+00   2.92004852e-01   2.51319281e-02
   -1.76465883e+00   2.59491788e-01  -3.35411563e-01  -1.28442119e+00
    2.21088094e+00  -2.11236066e-01  -1.34569008e+00   1.03601907e+00
   -1.28950802e+00  -2.13127082e+00  -9.56078849e-01   1.16249047e+00
    1.23029127e+00   1.09799672e+00  -1.89625461e+00  -8.47508373e-01
    1.72112424e+00  -4.70087369e-01  -2.57028603e+00   8.06202472e-01
   -3.71571954e-01 
   -1.00772286e+00   8.26113910e-01  -1.23579529e+00  -8.51758615e-01
    1.44602412e+00   1.19571325e+00   1.33172661e+00   4.00137975e-01
    3.93888556e-01  -8.38884157e-01   2.20030722e+00  -2.38486208e+00
    6.70689634e-01  -1.03039745e+00  -3.02943997e+00   1.43800259e-01
    3.66676078e+00  -2.75529494e-01   7.33418241e-01  -1.77520189e+00
   -1.19296511e+00   7.13683870e-01   9.55026940e-01  -2.60285138e+00
    2.48082926e-01   4.98276929e-01   2.77327131e-01   1.87977545e-01
   -2.11886244e-01   3.35070337e-01  -1.71145071e+00  -3.65513538e-01
   -5.09992512e-02 
   -1.31825237e+00  -1.03460137e+00  -1.97143862e+00  -1.70746915e-01
    3.32345882e-01  -2.76137695e-01   2.92072973e-01  -1.14130775e+00
   -3.76464705e-01  -2.62382052e+00   1.20727370e+00  -3.27752137e-01
   -2.64977588e-01  -2.31010948e+00   2.45450948e+00  -1.21942329e+00
    1.86267255e-02  -1.36654832e+00   2.67156549e+00   7.82841291e-02
    1.25850799e+00  -1.21443637e+00  -2.77528298e+00   2.06529116e+00
    1.81685642e+00   1.49886051e+00  -1.46789987e+00  -3.75556356e-01
   -1.13664031e+00  -5.94478142e-01  -9.16715907e-01   1.14741966e+00
   -1.24507247e-01 
   -4.41732573e-01  -1.00110860e-02   7.14048276e-01   8.96872347e-01
    8.34512071e-01  -6.67758464e-01  -3.33803520e-01  -3.34275118e+00
    9.79947718e-01   1.21669165e-02  -1.21126832e-02  -1.26676794e-01
   -5.61828357e-01   1.82724372e+00  -9.29466054e-01  -1.79936712e+00
   -1.04763979e+00   3.24245503e-01  -1.85063135e-01  -2.85034765e+00
    4.29335113e+00   3.81929125e-01   4.84707249e-01   1.37328500e-01
   -1.10244147e-01   5.31325764e-01  -1.64551563e+00  -1.54578244e+00
   -3.24535298e+00   5.63720546e-01  -3.10240792e-01  -1.97544544e-02
    5.25154830e-02 
    4.63199388e-01  -5.61155293e-01   2.73407197e-01  -1.18696452e+00
   -5.88795716e-01  -1.34549568e+00   1.40636178e+00   7.30535481e-01
    2.90061361e-02  -2.25328687e+00  -4.90514747e-01   2.02201212e+00
    3.16958325e+00  -1.60181510e+00  -1.26551804e+00  -3.66389391e+00
   -1.01411016e+00   8.72849745e-02  -5.24152578e-01   2.32140330e-01
   -8.39607197e-01  -4.49340984e-01  -4.12848563e-01  -7.71280440e-01
   -1.79588782e+00  -1.51323233e+00   1.13575574e+00   3.43256058e-01
    1.55958844e-01   2.58653520e+00   5.02977603e-01   6.79556918e-01
   -3.39907308e-01 
    1.77927584e-01  -9.21619856e-01   1.95999623e+00  -5.38891116e-01
    1.41553425e+00  -5.96280445e-02  -8.65904453e-01   3.37740819e-01
    1.17880065e-01   4.64345932e-01  -3.86348184e+00   1.94712890e-02
   -3.55659206e-01  -1.05639037e+00  -4.73494967e-01   2.12930284e+00
   -2.03234043e+00  -5.01663553e-01  -2.35203273e+00  -1.99628333e-01
   -2.23416458e+00  -5.86276778e-02  -2.47683323e+00   2.74715491e-01
   -2.28475797e-01   2.85546709e+00   7.33242942e-01   5.27997916e-01
   -1.55785086e+00   1.28379884e+00   9.03869585e-01  -3.48512004e-01
   -4.34364185e-01 
   -1.73577096e+00   1.99386220e+00   1.01655779e+00   1.09863501e+00
   -1.94225317e+00  -2.91247411e-01   1.09081234e+00  -2.04138969e+00
    1.83555145e+00   1.25637110e-01   4.11923267e-01  -1.27998321e+00
    1.01856788e+00  -1.41332463e+00   1.85041570e+00   1.28513544e+00
   -9.60685620e-01  -1.80585298e+00  -4.49478986e-01   4.40124040e-01
   -1.30681827e+00  -1.50568517e+00   1.91262514e+00  -1.46240691e+00
   -1.47656949e+00  -7.47638326e-01  -6.08616379e-02   6.45133326e-01
   -1.17165118e+00  -2.63125999e-01   1.24083783e+00  -1.47755028e+00
   -5.63915861e-01 
    6.67845430e-01  -5.96351461e-01  -6.07145799e-01  -1.10129391e+00
   -2.85991708e-01   6.05234043e-02  -8.69307721e-01  -2.24071196e+00
   -2.16459372e+00  -2.11383068e+00  -1.79841367e+00   1.41524729e+00
   -1.92745726e+00  -1.34189319e+00  -1.19852273e-01  -1.14796176e-01
    7.68172110e-01   2.44842197e-02  -1.93618797e+00   1.81790954e+00
    1.04011319e+00   1.18507037e+00   7.10630017e-01  -2.50855043e+00
    2.50597630e+00  -3.59540180e-01   1.31519737e+00   6.13458928e-02
    2.00813847e+00   2.11716221e-01   5.35567442e-02  -1.36624372e+00
   -7.74679302e-02 
   -4.42608691e-01  -2.11688190e+00   1.72218566e-01   6.65762148e-01
   -4.38924428e-01   8.49056664e-01  -8.70428144e-01  -2.19167925e+00
   -1.15506513e+00  -9.37779148e-02   9.68251001e-01   6.51209684e-01
   -2.58223291e+00   1.88696917e+00  -4.24311806e-01   1.98391349e-01
    8.43152162e-01  -1.01335429e+00   8.38425727e-01   1.31922957e+00
   -5.05015448e-01  -8.02758334e-01  -1.12975731e+00  -2.31992916e+00
   -1.85528785e+00  -1.57249323e+00   2.91582295e+00   7.05454533e-01
   -1.01744183e+00  -3.76623132e-01   1.35858288e+00   2.11919072e+00
   -2.24706955e-01 
   -1.42807122e+00   3.53238321e+00  -9.43424787e-01  -2.36969701e+00
   -1.91661712e+00  -9.28120630e-01  -1.03674858e+00   2.45013462e-01
    9.61062263e-01  -2.04895090e+00  -2.43884336e+00  -1.58356063e-02
   -8.85972291e-01   1.30994536e+00   2.08408644e-01   1.39268656e+00
   -7.97096070e-01  -3.95876405e-01  -1.72320638e-01  -6.68100768e-01
    8.09426469e-01   1.79029047e+00  -3.96857071e-01   7.23469225e-01
    9.43343909e-01  -1.82787839e+00  -1.25181401e+00  -4.60438736e-02
    7.10470598e-01  -8.05820107e-01   9.30442230e-01   9.10280730e-01
   -4.88120066e-01 
   -4.84418380e-01  -7.20241648e-01  -2.41330387e+00  -1.83652911e+00
   -1.87695248e+00   7.22461064e-01   2.70286607e-01  -2.76712580e-01
   -4.30357844e-01   2.57199203e+00   2.14040435e-02   1.96198685e+00
   -1.02428096e+00   6.10939581e-02  -2.87334924e-01  -1.22838623e+00
   -6.53373939e-02  -1.03232849e+00  -2.80873972e-01  -1.20379392e+00
    5.26523121e-01  -4.52400036e-01  -8.17079002e-01  -7.15506340e-01
    1.30164649e-01  -3.34387579e-01  -1.51180908e+00   4.22617333e-01
    1.31454919e+00  -1.05686822e+00   1.63879108e+00  -4.02575941e-01
   -2.11997670e-01 
   -2.80746378e-01  -7.33641212e-01   6.11786084e-01   1.66947116e+00
   -2.00619125e+00   1.04487713e+00  -1.91218257e-01   8.01052955e-01
    8.64681472e-01  -6.22466744e-01  -8.71027566e-01   2.37996173e-02
   -1.54388573e+00  -5.67159978e-01  -2.27609381e+00   1.68710839e+00
   -2.54948981e+00   2.63129507e-01   8.60121559e-01  -6.88037068e-01
    5.99105873e-01  -6.18323441e-01   1.18555973e+00   3.04650239e-01
    3.24335519e-01  -1.90049650e+00   9.07397959e-01  -1.15458850e+00
    2.13449409e-01  -8.52777721e-01  -7.04180334e-01   6.25252329e-01
   -3.50657923e-01 
   -6.06251711e-01   1.55309841e+00   2.48099234e-01  -1.01976148e+00
   -9.72839966e-01  -2.38876898e-01   8.15647797e-01   1.16707275e+00
   -6.11006772e-01   1.16514014e-01  -7.56395287e-01  -6.50158959e-01
    2.91284939e-01   3.93843367e-01   1.36375753e+00  -1.01131226e+00
    3.66248269e-01   2.05183015e-01  -1.04426818e+00   4.48296287e-01
   -5.58052819e-01   7.86968675e-01  -2.06563076e-01  -2.19622601e-01
    7.95743882e-01  -1.19871906e+00  -4.89475036e-01  -2.46051756e-01
   -1.65011217e+00   3.26651482e-02  -1.47312176e+00  -2.30545000e+00
   -7.83074872e-01 
   -3.55580072e-01  -1.35243769e+00  -1.82652196e+00   1.39100955e+00
    1.14885760e+00   7.44918762e-01  -5.50927324e-01  -4.15498984e-01
    1.24878094e+00   1.04530974e+00   4.48211983e-02   2.42913622e-01
   -4.01498462e-01   2.41472086e-01  -7.86174399e-01   1.24102261e-02
   -5.87234513e-02  -1.39091866e+00  -6.82874225e-01   1.34268014e+00
   -6.49645610e-01   4.38297284e-01   1.42702724e-01  -1.26959447e+00
   -4.97647132e-01  -1.17498006e+00  -1.42778271e+00  -4.28591616e-01
    8.65550238e-01  -5.50752757e-01  -8.08616720e-01  -4.08023461e-01
   -1.48515194e-01  