NN 16 32 16   -4.06312854e+00  -1.17479781e+00   2.75470717e-01   5.31692172e-01
    2.93093816e+00  -9.86976472e-01  -2.36734992e+00  -2.12871349e+00
    3.47135790e+00  -1.31145757e+00  -2.77078917e-01   2.65668462e-01
    9.66700938e-01  -1.56106036e-01   3.58597255e-01  -5.99043712e-01
   -8.80404744e-01 
    8.64724167e-01  -6.10966955e-01  -2.37634797e-01   1.28183128e-01
    8.77996335e-01  -1.10478051e-01   3.13259495e-01   3.78015581e-01
   -2.84281685e+00   7.96669015e-01   2.44166457e+00  -4.19954279e+00
    9.54400483e-01   7.74225917e-01  -2.31797718e+00   1.46722948e+00
    7.37607445e-01 
   -1.14085757e+00   3.09324709e-01  -2.46171759e+00   7.95111601e-01
    2.99477085e+00  -1.86399286e+00  -7.80888559e-01  -7.94570398e-01
   -9.30896738e-01   7.71454369e-01  -4.37179994e-01   2.60280031e-01
    1.57153177e+00  -5.87648990e-01  -1.76354627e-01   2.27607183e+00
    2.80555664e-01 
    1.79141016e+00  -8.52627190e-01  -1.52472813e+00   1.02245394e+00
    1.21670638e-01  -1.13699616e+00   8.46517927e-01  -4.68712953e-01
   -1.66973434e+00   9.14944167e-01  -1.55448023e+00   1.82888455e+00
    1.81483935e+00  -1.73312324e+00   1.27379948e+00  -2.03859236e+00
   -1.72484487e-01 
   -1.73372643e-01  -1.72818964e+00   1.54676740e+00  -1.38548143e+00
   -1.64900820e-01  -8.07273738e-01  -3.93589121e-02  -2.20592795e+00
    1.22187373e+00  -6.01768683e-01   1.63770599e-01   2.19611408e+00
    1.56756304e+00   2.32140524e+00  -1.82138473e-01  -1.51651154e+00
   -7.00185625e-01 
   -4.28254208e-01   1.26606481e+00   1.93267441e+00  -1.23206768e+00
    7.78164694e-01   1.12618093e+00   2.20480105e+00  -5.20786038e-01
   -1.43047302e-02  -1.84921414e-01  -2.30924343e+00   4.79433570e-01
   -8.90163662e-01  -1.49430519e+00  -4.81652478e-01   3.23306104e-03
    1.08176585e-01 
    1.12536011e+00   1.61610129e+00   1.62253266e+00  -2.04234732e+00
   -1.92982453e-01   3.10229512e-01  -2.13119907e+00   1.69754653e+00
   -5.23113284e-01   5.69762302e-01   8.62081952e-01   1.17750802e-01
   -1.36357762e-01  -4.80669989e-01  -1.47233309e+00   7.94770769e-01
   -7.69144421e-01 
    8.07348364e-01  -1.41498627e+00   1.28414620e+00  -3.53261894e-01
    6.60332823e-01   4.44671840e+00  -2.37752243e+00  -1.04924253e-01
    2.69767182e+00   2.50932894e+00   3.90310695e-01  -2.61886451e-01
   -5.88737054e-01  -2.81631258e+00  -1.42501130e+00  -1.14704776e-01
   -6.36991747e-01 
    1.96005808e-01   2.87503162e+00  -7.21974165e-01  -1.06396872e+00
    6.21574386e-01  -1.26005792e+00  -1.34031800e+00  -2.31515932e-01
   -1.79224849e+00   2.36344340e+00   1.53234563e+00  -1.13674578e+00
    1.04253331e+00  -1.90316312e+00   1.52071586e+00  -1.77647140e+00
   -1.39433352e-01 
   -1.15003328e+00  -3.70447520e-01  -7.36336370e-01   1.09954935e+00
    1.82075511e+00  -9.00507642e-01   1.20488454e+00  -6.19427350e-01
   -1.22829593e+00   6.89331379e-01   9.11198599e-01   2.21119277e+00
   -3.09746753e+00   3.69881533e-01  -9.13318774e-01  -1.41992760e+00
    3.51955813e-01 
   -5.98664776e-01   5.31237689e-01   7.50454114e-02  -2.85524732e+00
   -2.52154891e+00  -1.54035397e+00   1.67508031e-01   4.54169491e+00
   -1.36607249e+00   5.77878446e-01  -3.26435403e-01   3.19784259e+00
   -1.12300299e+00  -3.54841129e-01  -1.94761890e-02   1.37470996e-01
   -5.38559859e-01 
    3.21650756e+00  -7.79491306e-01   2.69753556e-01   2.05596160e+00
    1.62862057e+00  -7.75129584e-01  -1.27503201e+00   6.48790085e-01
    2.49368679e-01  -1.38290099e+00   6.59505418e-01  -5.57789511e-01
   -3.12547580e+00   5.15378054e-01   1.16468184e+00  -1.14206203e+00
   -3.20335078e-01 
   -5.34732793e-02  -2.58757252e+00   1.69160611e+00   1.43740884e-01
    3.03035895e-02   4.49876257e-01  -3.53765644e+00  -4.21128833e-01
   -1.82396971e+00   1.16335698e+00   3.27896751e+00   1.38722194e-01
   -3.67559752e-01   1.43491446e+00  -3.81463795e-01  -6.46633598e-01
   -1.21618132e+00 
   -7.21773528e-01   4.79975209e-01  -5.28375165e-01   1.97859367e-02
    2.39670219e+00  -2.10610544e+00   1.12929256e+00   1.05118157e+00
    1.05365897e+00   1.49929972e+00  -2.43304847e+00  -1.77276140e+00
   -1.28637828e+00   1.39702654e-01  -5.08741088e-01  -1.62270708e-01
   -2.24893303e-01 
    1.83332885e+00  -1.89787982e+00   7.66413428e-01   3.14096969e+00
   -2.30651385e+00   7.32664275e-01   5.76081609e-01  -1.05227003e+00
   -1.50491321e+00  -9.59843281e-02  -4.41189606e-01  -2.94092920e-01
    7.37097859e-01   2.47740426e+00  -2.23298442e+00  -1.46817240e-01
    6.40163936e-01 
    1.73010992e+00  -1.21987226e+00  -3.08458050e-01   1.76261906e-01
   -3.40218710e-01  -3.38536322e-01   3.17976730e+00  -3.07185465e+00
   -1.05690488e+00  -1.05997891e+00  -5.32171773e-01  -9.06021020e-01
    1.20150528e+00  -2.04627203e+00   9.46516951e-01   7.07387354e-01
    5.71730694e-01 
    1.55242231e+00   7.39159434e-01  -3.02282955e+00  -4.64508502e+00
    1.22884483e+00   1.69953062e-01   5.22262584e-01   1.63008554e+00
    8.59305164e-01   4.62359815e-01  -7.32831276e-01  -1.37950929e+00
   -3.46685178e-01   1.63510290e+00  -5.38136714e-01   1.27622547e+00
    3.37155126e-01 
   -1.62348741e+00   5.62233083e-01  -2.23713911e-01   3.95101570e-01
    6.76335123e-01  -1.99202165e+00   3.76507630e-01   3.33469333e-01
    1.51890690e+00  -9.50925054e-01   1.40680420e+00   4.89325952e-01
    8.78122537e-01  -1.13736423e+00  -7.71731917e-01   1.24463618e+00
   -7.26738724e-01 
   -2.37185027e-01  -2.46033123e+00   2.24877286e+00  -5.07004703e-02
   -2.55584021e+00   1.53420086e-01  -3.10782998e-01   1.73609033e+00
    5.84325787e-02   1.55219535e+00  -1.74052193e+00  -5.57537402e-01
    5.27208353e-01  -1.12963223e+00   6.08590586e-01   6.46343416e-01
    8.57694230e-02 
   -1.43265632e+00   5.23805167e-01  -7.32767074e-01   2.33355981e+00
   -7.60900238e-01   2.02032634e+00   1.29824625e+00  -1.85487518e+00
   -1.38320942e-02  -1.67290473e+00  -4.48369151e-01   6.29170848e-01
    1.76009355e+00  -2.07404412e-01  -3.30084897e-01  -2.49100827e+00
    3.33573038e-01 
   -2.11888940e-01   2.73179410e+00   1.25796339e+00  -6.46764178e-01
   -1.78201191e-01  -4.89589368e+00   1.33795253e+00   3.70381214e+00
    1.47220679e+00  -2.67623996e+00   7.03534326e-01   7.50838456e-02
   -3.89671523e-01  -8.37430872e-01   8.74817859e-01  -3.36154013e-01
   -2.45639413e-01 
   -2.79496839e+00   9.49979383e-01   2.19220995e+00   7.90567478e-02
    1.77747979e+00  -8.71017071e-01  -1.65144663e+00  -1.56607867e-01
    2.41318772e+00  -9.90226557e-01   3.10871022e-01  -1.71941731e+00
    4.80270860e-01   5.66762010e-01  -1.15999781e+00  -4.20367826e-01
    7.20738064e-01 
   -1.09531098e-01  -7.44327014e-01   4.74715094e-01  -6.85275213e-01
    2.49848965e+00  -1.00043936e+00   1.72008045e-01   2.60427636e+00
   -2.75349200e+00  -9.54835098e-01   1.43082674e+00   1.01302755e+00
    3.29969392e-01  -8.50622662e-01  -4.98351872e-01  -1.30276745e+00
   -3.74859121e-01 
   -2.11326833e+00   9.93507904e-02  -1.41623821e+00   2.10210242e+00
   -9.45752723e-01   1.14465457e+00   8.35012055e-01  -9.05029410e-01
    1.11617995e+00   1.37996520e+00   1.93975144e+00  -1.64947136e+00
    8.59391086e-01  -1.49227376e+00   5.62654511e-01  -4.27115586e-01
   -6.94080155e-01 
    2.07703774e+00   1.74256295e+00  -2.23536920e+00  -1.41276176e+00
   -3.89240805e+00  -1.68531101e+00   8.83459796e-01   6.38267247e-01
    1.49596156e+00  -2.27790942e+00   1.82346105e+00  -2.19652650e-01
    7.75455178e-01  -4.17497155e-01  -8.03664907e-01   1.43422538e-01
   -1.56239552e-01 
    1.92722719e+00   3.64516615e-01  -2.28268224e+00   8.49738831e-02
   -1.21526659e+00  -7.17320464e-01   2.97262875e+00  -3.12107368e+00
   -3.35707726e-01  -3.22820340e-01   2.49849534e-01   7.87118075e-01
   -2.30385667e-01   1.27782309e+00   6.71983372e-01   1.29395315e+00
   -5.43126766e-01 
   -6.13967866e-01  -1.85196635e-01   2.10144789e+00  -3.43032123e-01
    1.98098116e+00   1.96588848e+00  -3.48809029e+00   2.79183532e-01
    3.77831599e-01  -9.19313960e-01  -3.51864884e+00   4.73508986e-02
    2.13768930e+00  -1.47706653e+00  -1.33186758e-01   3.41141837e+00
   -2.79257540e-01 
   -7.06862203e-01   3.12658907e+00   1.22166691e+00   1.61825654e-01
   -1.46327118e+00   1.85163292e+00  -7.44852702e-01   7.58638823e-02
   -9.24817696e-01  -2.41914853e+00  -1.84669549e-01   3.11203226e-02
   -9.63015399e-01   6.58381510e-01  -1.56727467e-01   7.54932876e-01
   -6.68897650e-01 
   -2.70929400e-01  -1.10984524e+00  -1.25685539e+00  -2.26442734e-02
   -7.05448908e-02   2.73562578e+00  -6.22797274e-01   7.17545669e-01
    2.77429187e-01  -3.01684220e+00   1.12072446e+00  -2.84409575e-01
   -1.61682840e+00  -1.05677555e-02   3.37099976e+00  -1.63420324e+00
    6.98509011e-01 
   -2.00182379e-01   2.75959678e+00   1.34243160e-01  -9.61968019e-01
    9.35965777e-01  -1.77725008e+00  -2.61934628e+00  -1.19296268e+00
   -6.49691174e-01  -9.88889700e-01  -3.08167754e-01   8.81385678e-01
    7.82117681e-01   4.83040334e-01   2.59656248e-01   9.58078106e-01
   -1.92305196e-01 
   -7.44261451e-01   1.29623290e-01   3.23973358e+00   1.73914042e+00
    8.89928746e-01   4.90574113e-01  -2.32191504e+00  -1.46581787e+00
   -8.48899371e-01   6.42572874e-01  -2.13066224e+00  -1.49168127e+00
   -1.87338073e+00   1.86158339e+00   1.91529841e+00   1.27305175e+00
    2.73041127e-01 
    1.64510830e+00   8.87823622e-01  -1.19612386e+00  -1.82370977e-01
   -9.74708282e-01  -1.83106209e-01  -3.39230940e-01  -6.84364227e-01
    1.85854547e+00   1.81509996e+00  -2.50713201e+00  -2.19532483e+00
   -4.98764638e-01  -1.84280709e+00   2.52580840e+00   8.96320186e-01
   -5.66979774e-01      3.73729339e+00  -1.18798187e+00   4.69673267e-01  -2.09533640e+00
   -1.06414312e+00   1.48983463e+00  -8.42228116e-01  -1.03313711e+00
    4.01227807e-01   5.71863981e-01  -1.44208468e-01  -3.23489138e+00
   -7.77863281e-01   6.56946691e-01   9.62233008e-01  -1.56574115e+00
   -1.78751940e-01   1.37565696e-02   1.45310315e-01  -1.10995266e-01
   -3.02533233e-01   1.73063830e+00   7.82639579e-01   2.10579966e+00
   -1.40523722e+00  -9.52190230e-01   4.14635331e-01  -2.48859788e-02
   -4.63108243e-02  -1.42548232e-01   1.87896259e-01  -1.15691282e+00
   -5.19777170e-02 
    6.21670535e-01   4.96774055e-01  -2.48155390e-01  -3.99950508e-01
    1.16243557e+00  -3.28883315e-01  -1.31386173e+00   8.40812517e-01
   -2.01590110e+00  -2.23230682e-01  -8.72627226e-01   4.82350687e-02
    1.17054718e+00  -2.38562513e-01   1.41029453e+00   1.17456559e-01
   -9.28415641e-02  -1.19416073e+00   1.94310545e+00  -2.09203357e+00
   -1.37999370e+00   3.39300645e-01   4.72637472e-01   1.29690072e-02
   -1.26427162e+00   7.85453083e-01   6.78927021e-01  -4.62122931e+00
    1.52753893e+00  -1.58710478e+00   1.53476508e-01  -1.27770513e+00
    3.34579659e-01 
    5.80514472e-01  -1.86368495e-01   2.79124302e+00   1.27981558e+00
   -1.70325357e+00  -2.06703866e+00  -1.30532921e+00  -8.68747307e-01
    1.16803225e+00   1.10379173e+00   3.17697838e-01   6.90013046e-01
   -2.01385490e+00   1.99433231e-04  -3.63939422e-01  -1.28001729e+00
    2.13501152e+00   7.71821506e-02  -1.35091351e+00   1.39956340e+00
   -1.35433720e+00  -2.53300474e+00  -9.70851433e-01   1.21099337e+00
    1.32330181e+00   7.13039355e-01  -2.58467666e+00  -5.07253746e-01
    2.26110969e+00  -9.17818171e-02  -2.19078915e+00   9.23654886e-01
   -3.12516224e-01 
   -1.47572205e+00   1.33820665e-01  -1.54195361e+00  -9.89349363e-01
    2.03630397e+00   1.28961416e+00   1.24314700e+00   1.44443971e-01
    6.03978956e-01  -8.39226215e-01   2.96515070e+00  -2.02114853e+00
    3.21104560e-01  -7.65038433e-01  -3.20901626e+00   2.20488684e-01
    3.94789328e+00  -1.05346229e-01   1.15952904e-01  -2.23857183e+00
   -9.20430768e-01   5.62648170e-01   7.07060684e-01  -2.86976869e+00
    6.70508160e-01   5.43156678e-01   1.36312596e-01   1.22534636e-01
   -3.17111748e-01   3.25463401e-01  -1.61041386e+00  -4.50768648e-01
   -1.37339970e-01 
   -1.97001264e+00  -1.23774482e+00  -2.31658131e+00  -6.12196160e-01
    5.93113493e-02  -3.58939986e-01  -1.43389479e-01  -1.21800145e+00
   -2.45952936e-01  -3.04616537e+00   1.54808888e+00  -7.67080290e-01
   -1.49276052e-01  -2.62000426e+00   2.99505785e+00  -1.70667287e+00
   -7.27935832e-02  -1.56726422e+00   2.60781280e+00  -3.79537763e-01
    1.25488587e+00  -1.01879346e+00  -3.51725452e+00   2.31002906e+00
    1.73712899e+00   1.14929986e+00  -1.54660568e+00  -8.21204458e-02
   -1.28980031e-01  -1.02155616e-01  -1.04227475e+00   1.92317080e+00
   -1.38238459e-01 
   -1.73704729e+00  -3.43875348e-01   6.16496073e-01   3.69571422e-01
    1.21095693e+00  -6.96782062e-01  -4.82745885e-01  -3.60002635e+00
    1.15139940e+00   1.01621651e-01  -2.40002460e-01   4.48518722e-01
   -1.01897261e+00   1.94946167e+00  -6.72807016e-01  -2.17996644e+00
   -1.30818418e+00   6.84115483e-01  -1.96124944e-01  -2.44535555e+00
    4.28739493e+00   4.06847574e-01  -2.99323096e-01  -2.81034988e-01
    7.23489733e-01   6.24508692e-01  -1.17507983e+00  -1.72471416e+00
   -3.76801012e+00   8.03922554e-01  -2.45731649e-01   4.32388200e-01
    4.02469023e-02 
    9.13079554e-01  -1.54679433e+00  -4.75635311e-02  -8.76657659e-01
   -2.19184271e-01  -2.65040869e+00   9.36636612e-01   9.45092118e-01
    6.47006755e-01  -2.07648548e+00  -4.97310077e-01   2.74376311e+00
    2.92747775e+00  -1.61664685e+00  -1.12191377e+00  -3.98901455e+00
   -9.62863084e-01   1.16340096e-02  -6.16801978e-02  -6.74523522e-01
   -8.40608209e-01  -6.40271090e-02  -3.26065268e-01  -7.55429677e-01
   -1.38041214e+00  -2.12831480e+00   8.33592591e-01   4.78924599e-01
    4.48368224e-01   2.79466304e+00   1.07915803e+00   1.72439855e-01
   -5.02948063e-01 
    3.19019885e-03  -5.74757799e-01   2.16592299e+00  -5.92487426e-01
    1.84810258e+00  -1.18516834e-01  -9.47232761e-01  -2.78252697e-01
   -2.37437036e-01   4.63678277e-01  -4.44577294e+00   3.35918568e-01
    3.27272253e-01  -2.02506009e+00  -4.64990118e-01   2.37672300e+00
   -2.59113724e+00  -5.22377260e-01  -2.29496251e+00  -1.92814352e-01
   -2.66915011e+00  -9.87693234e-02  -2.97465946e+00   2.17573966e-01
   -3.05212750e-01   3.52248882e+00   2.48643193e-01   6.79154904e-01
   -1.47412941e+00   8.06581830e-01   1.19254144e+00  -2.03159365e-01
   -1.17602062e+00 
   -2.17993876e+00   2.53194259e+00   1.22048359e+00   1.62064172e+00
   -2.06287106e+00  -2.54075243e-01   1.26248763e+00  -2.40372321e+00
    2.41219486e+00   3.06392428e-01   7.57332005e-01  -1.60086812e+00
    1.09117140e+00  -1.71344034e+00   1.88898097e+00   1.28363800e+00
   -6.33353124e-01  -2.59818585e+00  -3.66451505e-01   5.55942253e-01
   -1.50499427e+00  -1.87444585e+00   2.21536983e+00  -1.25706733e+00
   -1.93165539e+00  -3.23428989e-01   1.49759307e-02   3.35652354e-01
   -1.38567582e+00   1.03133891e-02   1.48636761e+00  -1.98055013e+00
   -5.52066737e-01 
    1.19858947e+00  -1.02754055e+00  -9.58563440e-01  -1.62672125e+00
   -1.30337456e-01   1.33512411e-01  -1.12762440e+00  -2.58979469e+00
   -2.65850521e+00  -2.61593770e+00  -2.04190010e+00   1.99557011e+00
   -2.62180728e+00  -1.45138562e+00   2.69255356e-01   2.52207130e-01
    5.04184592e-01  -1.02724306e-01  -2.32336454e+00   1.69134058e+00
    1.30635886e+00   1.27057009e+00   5.21794177e-01  -2.53354298e+00
    2.58353158e+00  -1.03583653e+00   2.17413505e+00   5.66889872e-01
    2.71783898e+00   4.28018137e-01   3.78997491e-02  -2.03773674e+00
   -5.42317874e-01 
   -3.75966569e-03  -2.96551395e+00   4.99402289e-01   9.84486949e-01
   -6.53926031e-01   1.43016060e+00  -1.18622132e+00  -2.28237426e+00
   -1.85803671e+00  -2.09552717e-01   1.18767203e+00  -8.84047268e-02
   -2.62503374e+00   1.94044801e+00  -3.84650524e-01   2.64779550e-01
    3.79530405e-01  -1.37065162e+00   1.12957264e+00   1.57851604e+00
   -7.63186204e-01  -1.33497800e+00  -1.41406917e+00  -2.92372551e+00
   -1.60138280e+00  -1.73325811e+00   3.66236572e+00   1.01540823e+00
   -1.26817261e+00  -3.12585399e-01   1.59930181e+00   2.69373801e+00
   -5.56366651e-01 
   -1.12684306e+00   4.67223496e+00  -1.44724395e+00  -2.62978436e+00
   -2.15046873e+00  -1.22589961e+00  -1.17569717e+00  -3.75479119e-02
    1.04003167e+00  -2.41673770e+00  -2.74927969e+00   4.32027632e-01
   -6.11581435e-01   1.32048079e+00  -2.82425535e-01   1.64840345e+00
   -6.79025671e-01  -5.95609245e-01  -1.70428171e-02  -9.08211593e-01
    7.16205350e-01   1.87997423e+00  -6.67239851e-01   1.00339242e+00
    3.80455621e-01  -1.69122875e+00  -1.46289621e+00  -1.78082233e-02
    1.15701728e+00  -9.70995802e-01   1.87882463e+00   1.25753733e+00
   -6.85004505e-01 
   -4.29654074e-01  -1.01518199e+00  -2.54370175e+00  -2.12157757e+00
   -2.15805271e+00   9.61615307e-01  -8.46523505e-02  -1.94691117e-01
   -7.06853991e-01   3.67603586e+00   1.25065378e-01   2.18853203e+00
   -9.80713613e-01   3.87710868e-01  -5.78929094e-01  -1.36628955e+00
   -1.42895351e-01  -1.13086092e+00  -4.65120980e-01  -1.53325247e+00
    2.73545997e-01  -3.70012430e-01  -9.02162493e-01  -7.27983848e-01
   -1.32845494e-01  -2.44622828e-01  -1.96584391e+00   4.74180663e-01
    1.56231526e+00  -1.25907027e+00   2.06699431e+00  -4.67141421e-01
   -2.53213149e-01 
   -2.47506832e-01  -7.99176515e-01   4.81505285e-01   1.96860762e+00
   -2.43142930e+00   1.34592401e+00  -2.48595870e-01   1.13407750e+00
    9.65147081e-01  -7.66749017e-01  -9.41722285e-01   1.21423382e-01
   -1.72335398e+00  -7.56274452e-01  -2.74045901e+00   2.19336042e+00
   -3.11487722e+00   4.76061371e-01   1.02624481e+00  -8.52174261e-01
    8.67824459e-01  -5.79866106e-01   1.48193172e+00   3.67061171e-01
    2.44658966e-01  -2.12972049e+00   9.37447393e-01  -1.35997803e+00
   -1.22021528e-02  -1.18889270e+00  -9.40364322e-01   7.47399348e-01
   -5.93361289e-01 
   -5.77557201e-01   2.28261508e+00   3.42367787e-01  -1.11655381e+00
   -9.70797237e-01  -2.18264599e-01   9.81025805e-01   1.59590488e+00
   -1.10305570e+00   2.58559580e-01  -1.01801039e+00  -6.32825473e-01
    2.43138964e-01   3.77525290e-01   2.01727251e+00  -1.21251466e+00
    4.92958928e-01   2.54007054e-01  -1.45288338e+00   4.33134229e-01
   -8.22017968e-01   9.90748092e-01  -3.75977087e-01  -3.85927941e-01
    9.98280409e-01  -1.23489666e+00  -3.73790086e-01  -4.12030816e-01
   -2.66135741e+00  -1.45008371e-01  -1.95346792e+00  -2.97423146e+00
   -9.70656937e-01 
   -1.64454916e-01  -1.80244073e+00  -2.40499988e+00   2.09716416e+00
    1.40232930e+00   9.07742174e-01  -4.22885210e-01  -4.94626638e-01
    2.11377085e+00   1.28048638e+00   1.95281685e-01   5.46721264e-01
   -5.11322708e-02   2.83365696e-01  -1.04153167e+00  -5.98652801e-01
   -2.37990702e-01  -1.92497342e+00  -9.28457008e-01   1.71866839e+00
   -4.43860289e-01   7.59369465e-01   4.65200130e-01  -1.57226538e+00
   -4.96065565e-01  -1.58299074e+00  -1.63019626e+00  -6.52869017e-01
    1.16444241e+00  -5.01800707e-01  -8.78689293e-01  -6.54549082e-01
   -1.71779660e-01  