NN 16 32 16  -3.6431278  -0.94690168  0.01923051  0.56358148  2.47246896 -0.98527308
  -1.89561777 -2.23568405  3.23920868 -1.1942787  -0.1844918   0.25024164
   0.97032942 -0.17181101  0.3011599  -0.48472154 -0.80838937 
   0.63115195 -0.64212613 -0.4165929  -0.21332571  1.13030937 -0.33007882
   0.0934793   0.46892123 -2.62636635  0.73514714  2.09011812 -3.75205832
   0.73992017  0.72833296 -2.04216147  1.31210563  0.58926811 
  -0.83834463  0.15133377 -2.5559311   0.76189136  2.58974125 -1.81192758
  -0.64918295 -0.82712651 -1.04915363  0.55909347 -0.32582203  0.19847528
   1.44828106 -0.77877809 -0.26012601  2.00190347  0.13367793 
   1.59212833 -0.81202915 -1.35269877  0.9984728   0.06200124 -1.0645425
   0.84331184 -0.44268683 -1.57149501  0.78373558 -1.57139459  1.71837999
   1.68755802 -1.63466692  1.13013171 -1.922341   -0.24557557 
  -0.18090783 -1.45181593  1.52996271 -1.09788655 -0.11730011 -0.56240784
   0.04976535 -2.01135365  1.18714698 -0.52756097  0.07465568  2.07398382
   1.61056233  2.24167409 -0.07963434 -1.40960615 -0.65470428 
  -0.40349562  1.27155062  1.7878767  -1.28710933  0.73468456  1.21170024
   1.99548031 -0.39403875 -0.01903554 -0.22950317 -1.92960123  0.43807839
  -0.79917162 -1.41194929 -0.45120236 -0.08853056  0.0518205  
   0.72105114  1.54472806  1.55792065 -1.87906997 -0.03197966  0.05909326
  -1.85565536  1.27748484 -0.57791809  0.54852489  0.80748854  0.21000905
  -0.21011285 -0.47718177 -1.44893727  0.77107695 -0.72339073 
   0.70420102 -1.30772409  1.06356605 -0.37055861  0.64365118  4.11519216
  -2.05164623 -0.08310567  2.34691759  2.28037771  0.39715783 -0.41446632
  -0.61088413 -2.59856544 -1.29089119 -0.05389828 -0.62408471 
   0.10284754  2.60856827 -0.75737186 -1.02534583  0.71979327 -1.26227208
  -1.14697561 -0.16486756 -1.57519145  2.46238839  1.40058482 -1.20494136
   0.84676071 -1.78383284  1.40044327 -1.571958   -0.12132347 
  -1.32971702 -0.07775188 -0.64483813  1.18662511  1.73742261 -0.91019645
   1.21042232 -0.98191613 -1.05469851  1.07496337  0.47298777  1.929126
  -2.78662789  0.50210232 -0.68159962 -1.35516367  0.30047351 
  -0.47081984  0.4022168  -0.10223947 -2.76748239 -2.04641889 -1.48317505
   0.1194323   4.16076265 -1.08023408  0.61403976 -0.4703471   2.97703441
  -0.99132658 -0.33028696 -0.09883108  0.03596214 -0.58976202 
   2.95956812 -0.80169603  0.31521587  2.01986188  1.53565207 -0.48640983
  -1.32862707  0.67647658  0.3673064  -1.08410381  0.48945062 -0.25902165
  -2.87067983  0.52665585  1.12626771 -0.7943216  -0.06777191 
  -0.19282417 -2.11121624  1.41823786  0.17372585  0.01461036  0.27106926
  -3.41488209  0.07306301 -1.72493239  1.01592092  2.92557704  0.08009734
  -0.36822131  1.33342605 -0.51970639 -0.62351284 -1.20148811 
  -0.48313646  0.32666778 -0.5415666   0.11038657  2.1256155  -1.93446886
   0.93831177  0.85319027  1.08355317  1.57878381 -2.27669962 -1.79153719
  -1.0044804   0.36770579 -0.41912425 -0.13193336 -0.13493126 
   1.60141907 -1.87679457  0.41084075  2.88949068 -2.16147155  0.69773971
   0.42773678 -0.90651285 -1.68356695 -0.18014331 -0.49181979 -0.22656388
   0.71064142  2.3249441  -2.17902678 -0.1962094   0.53977871 
   1.37996009 -1.11762891 -0.21656418  0.04650412 -0.28708992 -0.3137959
   3.08397261 -2.92798573 -1.38092848 -0.9516676  -0.50329395 -0.88206672
   1.14672404 -1.94487687  0.81357463  0.4771319   0.44806704 
   1.40822669  0.71147114 -3.11425731 -4.11709721  0.97965429  0.17553423
   0.82157258  1.45962998  0.83875233  0.2002825  -0.80192446 -1.16943151
  -0.3135751   1.73009738 -0.55058989  1.10072295  0.24493454 
  -1.40824715  0.43903186 -0.23356771  0.26982196  0.63624854 -1.51101538
   0.04165055  0.31019311  1.51583665 -0.88240578  1.15180038  0.18346498
   0.88818776 -1.01920896 -0.64387706  1.20553338 -0.63502734 
  -0.13763861 -2.37349476  2.14554982 -0.10526024 -2.37390539  0.33704708
  -0.24557824  1.62394316  0.16286551  1.58090043 -1.67033312 -0.52297451
   0.58118092 -1.14359932  0.61500301  0.62571279  0.10955549 
  -1.34959422  0.50390352 -0.79271975  2.17051395 -0.87298578  1.73261416
   1.06543143 -1.49486126 -0.29271964 -1.79362788 -0.60167676  0.66491433
   1.81965011  0.14400524 -0.25452707 -2.22387302  0.36978921 
  -0.10220251  2.57539878  0.98490725 -0.49250104 -0.24441004 -4.60393867
   1.24719599  3.42108476  1.373533   -2.31493405  0.80915429 -0.33198161
  -0.48557885 -0.76821699  0.70076633 -0.32053894 -0.2937398  
  -2.60590213  0.95043492  1.89447769 -0.12646832  1.60806744 -0.93708311
  -1.23755849 -0.4233935   2.35274302 -1.2060269   0.27603544 -1.83216513
   0.55497723  0.46488555 -1.15232268 -0.4489061   0.61974114 
  -0.21774279 -0.7431597   0.60182599 -0.86115118  2.35128901 -1.20378619
   0.14935817  2.39197927 -2.54681967 -0.65814082  1.31370221  0.77052399
   0.44399659 -0.74508598 -0.43148441 -1.05204348 -0.32561492 
  -2.06585861  0.18631652 -1.4450219   2.03529517 -0.9381516   1.10256838
   0.77505748 -0.76293159  1.00520117  1.37694842  1.55594928 -1.85797969
   0.77492611 -1.407477    0.50941593 -0.33719732 -0.69759748 
   1.80142861  1.6230457  -1.92929062 -1.07497195 -3.70581273 -1.22119991
   0.97765699  0.50619227  1.33355313 -2.46781109  1.9622614  -0.08780568
   0.63899088 -0.30119773 -0.73046218  0.16209712 -0.1140617  
   1.68642875  0.29481318 -1.81028402 -0.1873985  -1.06770047 -0.45144813
   2.72300114 -3.07778292 -0.16463453 -0.29248548  0.20954538  0.94574303
  -0.2511843   1.29940601  0.7590377   1.09018694 -0.57714226 
  -0.47816378 -0.52979799  1.95569897 -0.33196429  1.6175539   1.87683995
  -3.22554719  0.38648918  0.24504538 -0.83934132 -3.24893355  0.15374612
   1.93484626 -1.38025434 -0.05006862  3.0628106  -0.24363643 
  -0.75523529  2.68376243  1.22250814  0.06597895 -1.36126253  2.03504561
  -0.51980921 -0.11282012 -0.92429447 -2.14547268 -0.1878861  -0.1453716
  -0.90538912  0.59897665 -0.07375767  0.77293862 -0.52072825 
  -0.26651592 -1.0510069  -1.28634432  0.21622628 -0.01049958  2.63399039
  -0.74920799  0.76808188  0.2402384  -2.61864757  1.22204093 -0.26567433
  -1.40607684  0.01002022  3.06731242 -1.49393814  0.63812515 
  -0.24441171  2.21722498  0.29640626 -0.89002346  0.84020765 -1.60862742
  -2.55466716 -1.27983586 -0.49174953 -0.87841505 -0.20135448  0.93425367
   0.73591522  0.40859863  0.09414515  0.9751953  -0.10919365 
  -0.94841182  0.15121665  2.81503485  1.50259608  1.00451631  0.24242192
  -1.99345363 -1.16256737 -0.76475284  0.73894319 -2.02715093 -1.50351523
  -1.73121408  1.52015715  1.64508279  1.10942745  0.23555417 
   1.4448156   0.8667195  -1.02409456 -0.30711716 -0.90866602 -0.29073578
  -0.56759776 -0.4460467   1.79348843  1.53050018 -2.27885555 -1.99874838
  -0.49932465 -1.71734995  2.41485496  0.78044286 -0.54901318      3.45714395e+00  -9.23064115e-01   2.77372971e-01  -2.00109714e+00
   -9.41477427e-01   1.33964061e+00  -6.82090674e-01  -1.06603662e+00
    6.02058807e-01   7.11584383e-01   1.15124987e-01  -3.18288314e+00
   -8.83598286e-01   4.37872864e-01   8.88505965e-01  -1.60128096e+00
   -1.12261735e-01   1.15342958e-01   1.64981194e-01   1.20489811e-01
   -2.24891496e-01   1.88699423e+00   5.67573225e-01   2.11688648e+00
   -1.59185230e+00  -8.27331976e-01   3.63554217e-01  -2.10608741e-01
   -2.73416136e-01  -4.11726248e-01   1.80949381e-01  -1.26823246e+00
   -1.91242616e-01 
    7.05124069e-01   4.38214998e-01  -2.67605923e-01  -1.27495445e-01
    1.01722354e+00  -1.61474907e-01  -1.48305378e+00   8.86387859e-01
   -2.18814214e+00  -1.81480703e-01  -9.49220977e-01  -1.79356574e-02
    1.07905490e+00  -2.23296697e-01   1.68518156e+00   1.88433891e-01
    9.19150530e-02  -9.30888087e-01   2.02686597e+00  -2.05247160e+00
   -1.53344892e+00   2.89486049e-01   3.60598810e-01   4.95414438e-04
   -1.40614867e+00   7.99596487e-01   7.41812254e-01  -4.21692060e+00
    1.35845908e+00  -1.75571067e+00   9.23329773e-02  -1.27932600e+00
    2.09519211e-01 
    6.93535628e-01  -8.85770355e-02   2.74629396e+00   1.00825974e+00
   -1.85388186e+00  -1.80327608e+00  -9.92108109e-01  -9.09590109e-01
    1.46553801e+00   1.11381067e+00   3.12038458e-01   4.66439599e-01
   -2.11022719e+00  -6.06134042e-02  -4.93918578e-01  -1.26932881e+00
    2.16386967e+00  -3.80189107e-02  -1.51831169e+00   1.23759707e+00
   -1.40090720e+00  -2.54532809e+00  -1.26665072e+00   1.30253427e+00
    1.15284381e+00   7.74694452e-01  -2.37834773e+00  -5.70053267e-01
    2.05156420e+00  -1.89362608e-01  -2.24514086e+00   8.58445410e-01
   -4.16119994e-01 
   -1.42549748e+00   4.17323751e-01  -1.38137714e+00  -1.05473296e+00
    1.81914360e+00   1.34732030e+00   1.30704417e+00   2.42849067e-01
    6.25244128e-01  -8.30248195e-01   2.70334653e+00  -2.03333382e+00
    4.98271707e-01  -9.09795121e-01  -3.25321865e+00   1.21128067e-01
    3.79503314e+00  -8.94738970e-02   1.37055975e-01  -2.16843035e+00
   -9.77507837e-01   7.14408162e-01   8.45847267e-01  -2.84782274e+00
    5.18103165e-01   6.13074108e-01  -9.13602535e-02   1.91575628e-01
   -3.76938617e-01   3.14415096e-01  -1.65861392e+00  -6.29803219e-01
   -1.12959090e-01 
   -1.82159590e+00  -1.23263885e+00  -2.17749933e+00  -6.00834567e-01
    5.44726704e-02  -4.29419664e-01  -1.67112694e-02  -1.29585295e+00
   -3.13030225e-01  -2.78774246e+00   1.49407405e+00  -6.23215903e-01
   -1.65307316e-01  -2.43564919e+00   2.69623638e+00  -1.71052372e+00
   -1.63930802e-01  -1.41420463e+00   2.36744296e+00  -2.37795284e-01
    1.28119285e+00  -1.32301062e+00  -3.16275642e+00   2.07050418e+00
    2.05450310e+00   1.26876356e+00  -1.64638628e+00  -2.58279095e-01
   -4.99238689e-01  -3.10678384e-01  -1.32592106e+00   1.53104583e+00
   -2.97337614e-01 
   -1.39541136e+00  -2.14672552e-01   5.82734671e-01   4.70164360e-01
    1.07133679e+00  -6.70815030e-01  -3.39814740e-01  -3.53692234e+00
    1.14563067e+00   3.97438790e-02  -1.58391811e-01   3.81926268e-01
   -9.38619470e-01   1.96205894e+00  -8.75904910e-01  -2.05217409e+00
   -1.39183672e+00   5.54182453e-01  -1.35234127e-01  -2.60845936e+00
    4.47630293e+00   4.11515172e-01  -7.54176641e-02  -4.57522132e-02
    3.21688923e-01   5.13098053e-01  -1.40257354e+00  -1.63381276e+00
   -3.74735933e+00   7.46118147e-01  -2.54582378e-01   4.25495205e-01
   -3.13650150e-02 
    6.80686379e-01  -1.13112701e+00   1.68120364e-01  -9.67705565e-01
   -1.27129443e-01  -2.21529497e+00   1.14831216e+00   8.21486326e-01
    5.42849863e-01  -2.13888789e+00  -6.71394623e-01   2.65906432e+00
    2.98667129e+00  -1.56042551e+00  -1.11450786e+00  -3.87508663e+00
   -1.00106970e+00   1.05214467e-01  -1.71899414e-01  -5.16838327e-01
   -7.50356816e-01  -2.97311304e-01  -3.21603774e-01  -6.80638570e-01
   -1.43823571e+00  -1.70661638e+00   1.10137051e+00   1.86108666e-01
    3.25451240e-01   2.82061772e+00   7.97082939e-01   4.64793299e-01
   -3.42243642e-01 
    1.57631631e-01  -7.26704439e-01   2.07071603e+00  -6.44589094e-01
    1.63344404e+00  -1.34612577e-01  -8.08529672e-01  -1.57484121e-01
   -2.60422583e-01   4.37038767e-01  -4.24912669e+00   1.42763329e-01
    8.98708077e-02  -1.79730126e+00  -4.26117220e-01   2.21152303e+00
   -2.40437304e+00  -5.80200782e-01  -2.30286670e+00  -5.11043478e-01
   -2.42119342e+00  -1.84295674e-01  -2.81145815e+00   7.55637409e-02
   -5.64617765e-01   3.33613885e+00   5.74949904e-01   5.98147361e-01
   -1.51535910e+00   8.70928788e-01   1.18277039e+00  -1.69190564e-01
   -9.65925981e-01 
   -2.05197689e+00   2.38879432e+00   1.14289999e+00   1.33891016e+00
   -1.99857398e+00  -2.62886250e-01   1.22777824e+00  -2.28167505e+00
    2.20257532e+00   3.78674137e-01   6.27874720e-01  -1.47151156e+00
    1.17092389e+00  -1.51234530e+00   1.96065570e+00   1.24616708e+00
   -8.19171436e-01  -2.33543162e+00  -3.14233593e-01   5.16701650e-01
   -1.50170483e+00  -1.70606477e+00   2.09609857e+00  -1.31342615e+00
   -1.89523546e+00  -4.53874740e-01   5.17448639e-02   5.00314478e-01
   -1.34567866e+00  -1.47064758e-01   1.56820590e+00  -1.82418643e+00
   -5.24309079e-01 
    1.00005885e+00  -9.06090919e-01  -8.61735051e-01  -1.32580582e+00
   -1.52811934e-01   1.73830023e-01  -9.36396003e-01  -2.44680425e+00
   -2.41813672e+00  -2.65111214e+00  -1.84006839e+00   1.70077966e+00
   -2.48172259e+00  -1.43026629e+00   1.50411697e-01   1.67562110e-01
    5.43968588e-01  -1.86148718e-02  -2.16959859e+00   1.71361864e+00
    1.25771046e+00   1.22891386e+00   5.72288094e-01  -2.62265493e+00
    2.69620414e+00  -7.50435307e-01   1.90800313e+00   4.12986952e-01
    2.33618032e+00   3.81176658e-01  -1.86209576e-02  -1.82065415e+00
   -3.64073671e-01 
   -1.68421091e-01  -2.76896113e+00   3.31599984e-01   8.42052203e-01
   -6.41775480e-01   1.23845295e+00  -1.14214133e+00  -2.26253601e+00
   -1.63589977e+00  -9.18281530e-02   1.13641273e+00   7.95270951e-02
   -2.66738162e+00   1.86053026e+00  -3.77347107e-01   2.35406696e-01
    5.18113270e-01  -1.26649742e+00   9.93015136e-01   1.62420887e+00
   -7.65551308e-01  -1.31059877e+00  -1.40070573e+00  -2.69701529e+00
   -1.65405887e+00  -1.58572026e+00   3.36039761e+00   1.02742928e+00
   -1.20096919e+00  -3.92585636e-01   1.51531248e+00   2.52900696e+00
   -4.88221508e-01 
   -1.26995081e+00   4.31749542e+00  -1.31827921e+00  -2.55114666e+00
   -2.03790488e+00  -1.23158182e+00  -1.12401030e+00   8.60301602e-04
    1.03471466e+00  -2.31466244e+00  -2.62193629e+00   3.35127798e-01
   -6.75884850e-01   1.26842828e+00  -1.36916082e-01   1.63059183e+00
   -7.33633006e-01  -5.31117535e-01  -4.06069519e-02  -9.03743074e-01
    7.95125606e-01   1.81791635e+00  -5.69580745e-01   8.80007026e-01
    6.21363571e-01  -1.67353963e+00  -1.48430259e+00  -4.23032053e-02
    1.10560002e+00  -8.74244956e-01   1.57494545e+00   1.09284313e+00
   -6.12966599e-01 
   -4.34531427e-01  -9.62249297e-01  -2.53668435e+00  -2.04997892e+00
   -2.02451376e+00   9.21418197e-01   5.96045140e-04  -1.71038104e-01
   -6.58577591e-01   3.38977695e+00   5.57508708e-02   2.14721946e+00
   -1.00322705e+00   2.77459754e-01  -4.62094618e-01  -1.30376259e+00
   -7.98490968e-02  -1.10953682e+00  -3.97662040e-01  -1.42582234e+00
    3.31579609e-01  -3.89540009e-01  -8.94971839e-01  -7.06370973e-01
   -3.31428174e-02  -1.79064522e-01  -1.80698570e+00   4.64801026e-01
    1.55365956e+00  -1.21263140e+00   1.98128361e+00  -4.45401084e-01
   -2.09667488e-01 
   -2.79385209e-01  -8.02166800e-01   5.47761922e-01   1.92875575e+00
   -2.25409182e+00   1.25500860e+00  -2.17836959e-01   1.02040039e+00
    9.37099231e-01  -7.31580397e-01  -8.86745177e-01   6.83824699e-02
   -1.67272222e+00  -7.16657323e-01  -2.56663428e+00   2.05260088e+00
   -2.93749873e+00   4.08494426e-01   1.01562342e+00  -8.33999301e-01
    7.82432792e-01  -6.02355171e-01   1.39947531e+00   3.55648805e-01
    3.05730661e-01  -2.03698562e+00   9.26782152e-01  -1.31638946e+00
    4.25210969e-02  -1.07955974e+00  -8.77592064e-01   7.15979675e-01
   -4.86819481e-01 
   -5.59702462e-01   2.06959980e+00   3.12051775e-01  -1.10110193e+00
   -9.64929197e-01  -1.69826876e-01   9.77232362e-01   1.50168986e+00
   -9.55958782e-01   2.40286257e-01  -9.63733414e-01  -6.79298318e-01
    2.29207847e-01   4.25743084e-01   1.85910484e+00  -1.12406628e+00
    4.75572646e-01   2.92184554e-01  -1.29039126e+00   4.41274332e-01
   -6.89391933e-01   1.03250369e+00  -2.92149893e-01  -3.01953054e-01
    9.19108682e-01  -1.25744667e+00  -3.91618782e-01  -3.29740626e-01
   -2.38139511e+00  -9.28746843e-02  -1.76807211e+00  -2.81866675e+00
   -8.85170068e-01 
   -1.99630092e-01  -1.71549462e+00  -2.30349176e+00   1.87406493e+00
    1.35846582e+00   8.96252650e-01  -4.56994463e-01  -4.92360025e-01
    1.91164929e+00   1.25205116e+00   1.65962506e-01   4.28327026e-01
   -1.56390001e-01   2.54191044e-01  -1.04325285e+00  -4.70433349e-01
   -2.08844238e-01  -1.76941702e+00  -9.16763188e-01   1.61818490e+00
   -4.69897699e-01   7.39474624e-01   3.49457603e-01  -1.48899022e+00
   -4.99398672e-01  -1.48975448e+00  -1.63215634e+00  -5.62218764e-01
    1.09063714e+00  -4.96079587e-01  -8.84597006e-01  -6.10763415e-01
   -1.85684733e-01  