NN 16 32 16  -3.67433698 -0.82826955 -0.21048276  0.68644672  2.49801754 -1.05411335
  -2.00318671 -1.97851926  3.14095219 -1.2158594  -0.14076925  0.26875731
   0.93446313 -0.17246899  0.30094383 -0.47498979 -0.80275395 
   0.67560822 -0.53406812 -0.41981056 -0.23025435  1.03819015 -0.31931463
   0.14485532  0.56359475 -2.64173411  0.67263127  2.117742   -3.69686872
   0.75151678  0.74537079 -1.98520019  1.32226569  0.60493884 
  -0.88655449  0.2026299  -2.59387661  0.88475438  2.54850462 -1.8466043
  -0.5732931  -0.78892637 -1.06402133  0.53984517 -0.17981311  0.19842359
   1.48028167 -0.73373326 -0.22491605  2.01511729  0.16932582 
   1.64751513 -0.75508717 -1.24886921  1.061456    0.02779606 -1.06194934
   0.94958922 -0.4470623  -1.51682911  0.79395292 -1.55466086  1.75336037
   1.74676488 -1.5760621   1.16752332 -1.87469115 -0.20845395 
  -0.15289334 -1.45852248  1.57947726 -1.04432734 -0.09678484 -0.58540799
   0.07600419 -2.03050871  1.21907508 -0.50009554  0.03650719  1.99713289
   1.60367621  2.23457151 -0.08659347 -1.41190998 -0.65803048 
  -0.35824845  1.17720246  1.77434134 -1.24893909  0.75717073  1.26094245
   1.90554757 -0.29475051 -0.01195875 -0.21085733 -2.00571554  0.46221917
  -0.81471101 -1.40849662 -0.43471597 -0.08259751  0.05429401 
   0.75757294  1.58079673  1.61732312 -1.87712469 -0.0274693   0.08589613
  -1.80045857  1.25660304 -0.52915803  0.55021511  0.80256629  0.2496502
  -0.17856716 -0.44242595 -1.41399833  0.80738732 -0.68182875 
   0.91166722 -1.32198242  1.15489703 -0.43400958  0.58202821  4.03520254
  -1.99849206 -0.12644694  2.35414851  2.30170995  0.4945663  -0.51321897
  -0.58890977 -2.60847467 -1.27766207 -0.04383309 -0.61469592 
   0.11517773  2.59758475 -0.83540791 -0.98222714  0.65835076 -1.21839542
  -1.11668842 -0.13633976 -1.64387717  2.36132817  1.35452849 -1.19088824
   0.81968412 -1.78100281  1.36145839 -1.58839136 -0.14472587 
  -1.27802921 -0.09372582 -0.68438229  1.20351929  1.81957744 -0.91204716
   1.21604382 -0.90029442 -1.02344636  1.10982448  0.52787526  1.96871222
  -2.6865644   0.55118062 -0.60633353 -1.30039259  0.34820694 
  -0.49489116  0.51071727  0.04639606 -2.77515512 -2.0292841  -1.42785604
   0.18993758  4.04530094 -1.00045071  0.66578516 -0.51905092  3.07647786
  -0.94783089 -0.28585752 -0.0578055   0.08358502 -0.5477911  
   2.91288049 -0.8905786   0.34077957  1.86494621  1.55077935 -0.59360983
  -1.31782698  0.62177904  0.25209057 -1.13176024  0.45811152 -0.40530382
  -2.87633788  0.44862974  1.03559025 -0.85428666 -0.14057945 
  -0.15743626 -2.11241303  1.38184211  0.09591255  0.03741092  0.31999146
  -3.39959068  0.03748593 -1.79495174  1.00500155  2.93481476 -0.00589437
  -0.38714668  1.30934349 -0.59033885 -0.64548289 -1.22286253 
  -0.44164207  0.27650565 -0.47201111  0.10885174  2.13744075 -1.93919528
   0.83839104  0.8952973   1.12109057  1.58266164 -2.29301781 -1.73017849
  -0.96689618  0.39505157 -0.37676631 -0.10016787 -0.11718942 
   1.6778755  -1.86819975  0.50807407  2.8155138  -2.15208509  0.70501955
   0.48262036 -0.91649994 -1.67982847 -0.12275957 -0.45196043 -0.21349901
   0.73378943  2.35125907 -2.10240233 -0.15041783  0.58286661 
   1.43469958 -1.04200078 -0.36974882  0.11557755 -0.20475315 -0.25379271
   3.0604231  -2.93513438 -1.35498527 -0.86922637 -0.43768116 -0.85964502
   1.23905291 -1.904153    0.86496748  0.49863718  0.49649296 
   1.43108589  0.74511815 -3.09460342 -4.10237549  0.84455411  0.12221255
   0.90300914  1.45404037  0.86118188  0.25471593 -0.86744732 -1.14059092
  -0.33453859  1.71454259 -0.55228872  1.07824428  0.22503601 
  -1.44623057  0.36584133 -0.2880957   0.21562672  0.71257353 -1.54725155
   0.04653125  0.2412273   1.50416984 -0.90694805  1.0619206   0.09274774
   0.84354495 -1.07869412 -0.70307839  1.13017084 -0.69581708 
  -0.13226146 -2.32865565  2.23594104 -0.14797121 -2.33287444  0.36186364
  -0.25047683  1.6122314   0.26811687  1.57017939 -1.67439989 -0.45109001
   0.59056413 -1.12447468  0.64451924  0.65494727  0.13950297 
  -1.31188581  0.50167304 -0.94308004  2.15214532 -0.73304937  1.77687994
   1.02687971 -1.54297206 -0.27770709 -1.71248284 -0.61689476  0.65847098
   1.80706379  0.15858078 -0.2452088  -2.18764247  0.36959794 
  -0.1014661   2.58479535  1.06747033 -0.49202842 -0.31551231 -4.61978202
   1.23524459  3.38031461  1.42777405 -2.2891869   0.63349388 -0.31754835
  -0.49597329 -0.74571423  0.69536748 -0.31584214 -0.29973951 
  -2.62950125  0.92784058  1.79150818  0.0506968   1.58756753 -0.89828441
  -1.29149974 -0.3506169   2.33239062 -1.24393481  0.33430473 -1.82236224
   0.59588191  0.49909552 -1.1023497  -0.40295044  0.65748159 
  -0.23611718 -0.63633098  0.65190496 -0.89013822  2.24230425 -1.20006899
   0.11226079  2.43044752 -2.56747109 -0.75821953  1.29257259  0.75658298
   0.44431654 -0.74919684 -0.43270588 -1.03343011 -0.32921032 
  -2.00446678  0.15025567 -1.40891595  2.05903222 -0.90563832  1.10425861
   0.78321244 -0.69542534  1.02511361  1.51838966  1.54354079 -1.79546865
   0.82893167 -1.35594303  0.57274933 -0.26422609 -0.63518287 
   1.82725597  1.69694385 -1.94101102 -0.96264409 -3.63283465 -1.21720699
   1.0741359   0.40012607  1.36262568 -2.38028659  1.98366324 -0.0345825
   0.65129483 -0.27797409 -0.70321261  0.18098106 -0.09318846 
   1.75482     0.20954013 -1.77221041 -0.2098725  -1.0022616  -0.52688312
   2.79144267 -3.04331517 -0.17493678 -0.20181373  0.18297364  0.97161735
  -0.25750484  1.28839111  0.76948599  1.08261705 -0.57994388 
  -0.55860697 -0.58635817  1.94811302 -0.36436699  1.63915671  1.73343466
  -3.28892584  0.3988611   0.22508007 -0.91084269 -3.20276311  0.06597284
   1.87366426 -1.44809969 -0.11676806  2.98177997 -0.30532558 
  -0.83687063  2.69514346  1.17754108  0.04058383 -1.30206364  1.96396937
  -0.53775809 -0.14819533 -0.97027124 -2.1279402  -0.24465966 -0.1950269
  -0.94144408  0.5389967  -0.11627028  0.72504222 -0.5649012  
  -0.23777945 -1.05736694 -1.26032431  0.09345476  0.03286729  2.62090651
  -0.80622068  0.84434627  0.39622222 -2.45753335  1.31890652 -0.28794414
  -1.36495644  0.03211478  3.08774124 -1.44586635  0.66836728 
  -0.3057771   2.21711192  0.29351715 -0.83552836  0.85433493 -1.60144275
  -2.43870005 -1.28719154 -0.45725525 -0.88011135 -0.13983957  0.90367992
   0.75807417  0.44830382  0.10948527  0.9930111  -0.07565002 
  -0.95537105  0.15143872  2.74438977  1.49518724  1.05670002  0.21642934
  -2.02049677 -1.17668302 -0.80136794  0.69035843 -2.0156165  -1.52515481
  -1.73700943  1.49097824  1.60899998  1.09129023  0.22305418 
   1.48547302  0.90543476 -0.93938101 -0.35374854 -0.85259883 -0.2561982
  -0.43668148 -0.5175215   1.75894573  1.59884009 -2.2712843  -1.92362102
  -0.45902956 -1.65454859  2.45121431  0.81886181 -0.50486497     3.4759654  -0.92522302  0.32480301 -2.03307909 -0.94836048  1.22196656
  -0.70357252 -0.96102787  0.55237328  0.75911066  0.1990621  -3.10011736
  -0.83278029  0.35959277  0.89746934 -1.70076518 -0.1069383   0.16760399
   0.21314841  0.13005796 -0.14696779  1.863913    0.59908657  2.14777275
  -1.60442222 -0.93909752  0.49922024 -0.24576022 -0.10092645 -0.4041456
   0.16422108 -1.32554095 -0.15299709 
   0.65465661  0.48819479 -0.39850103 -0.23720329  0.93204419 -0.2078023
  -1.43924216  0.90831538 -2.17892576 -0.28408209 -0.93951117 -0.03910806
   1.19138679 -0.29639757  1.62898484  0.08477971  0.05359479 -0.97967747
   2.03737887 -2.08044753 -1.52998796  0.25250883  0.40677785 -0.00595627
  -1.36561386  0.65739224  0.7478061  -4.17280619  1.34820056 -1.77743534
   0.05113696 -1.32152378  0.12021699 
   0.60589563 -0.06880797  2.76460563  1.05534523 -1.79176248 -1.76282154
  -0.96972283 -0.92822101  1.46615838  1.14887518  0.40223186  0.49681527
  -2.06129448 -0.02614218 -0.40060963 -1.24548387  2.14909042 -0.04297259
  -1.4931369   1.17660795 -1.37339153 -2.63813637 -1.20962229  1.2651719
   1.19285311  0.82745047 -2.40643739 -0.55610833  2.04107561 -0.21408033
  -2.31924518  0.79514066 -0.38978859 
  -1.49037208  0.41726234 -1.48251732 -1.04655043  1.76563287  1.36822315
   1.26414694  0.23194261  0.52311775 -0.92864326  2.7170313  -2.03339318
   0.48138399 -0.90959171 -3.27053712  0.08096772  3.78932494 -0.13198741
   0.21806682 -2.15421973 -0.94176328  0.71290499  0.80225386 -2.8310347
   0.58673853  0.52864939 -0.0847185   0.20660313 -0.36923955  0.24776687
  -1.68781256 -0.60283217 -0.15461949 
  -1.81345824 -1.25405219 -2.20770849 -0.54420014  0.20340106 -0.27469109
   0.03554507 -1.12814738 -0.31834243 -2.7549201   1.45338745 -0.54583202
  -0.09633678 -2.43863551  2.74629386 -1.70147067 -0.21110398 -1.44041347
   2.48341087 -0.15709172  1.24052168 -1.33959261 -3.18199369  2.1149529
   2.05671294  1.42631319 -1.52914022 -0.18758514 -0.51193209 -0.28076145
  -1.19367915  1.5757018  -0.19795467 
  -1.25821789 -0.28034919  0.58588737  0.47134601  1.04543732 -0.68126611
  -0.48028408 -3.68283057  1.0093938  -0.02086288 -0.22490091  0.3048677
  -0.98556287  1.9301912  -0.79500431 -2.09012288 -1.48858061  0.55397132
  -0.12458333 -2.5280568   4.48755499  0.46762297 -0.05826807 -0.0426135
   0.24367684  0.49866237 -1.41817821 -1.59703372 -3.69657855  0.74518692
  -0.19465796  0.29520717 -0.06668774 
   0.68803596 -1.01048834  0.10935995 -1.06719385 -0.20186256 -2.23624209
   1.13620215  0.85258722  0.46707338 -2.12074907 -0.67567133  2.60370342
   3.07446805 -1.65887688 -1.14703463 -3.8862953  -1.00389614  0.16771903
  -0.14975547 -0.43977185 -0.76080559 -0.26346583 -0.34922294 -0.61327273
  -1.40878003 -1.71679239  1.12427479  0.21720925  0.4082536   2.72324704
   0.72927274  0.37297092 -0.35605761 
   0.2076845  -0.64881427  2.15653484 -0.62987951  1.62965874 -0.19354772
  -0.84946648 -0.18471896 -0.18549971  0.51286883 -4.25449317  0.18539704
   0.12158227 -1.7441777  -0.35585748  2.19170716 -2.38717958 -0.53051562
  -2.33552519 -0.47193765 -2.41062735 -0.17418346 -2.73850952  0.19836972
  -0.49102971  3.40825089  0.52738079  0.5982223  -1.42036795  0.88666977
   1.16960522 -0.17299977 -0.88542664 
  -2.06210093  2.37719079  1.15573336  1.36808728 -1.96582147 -0.2837032
   1.24797197 -2.31592445  2.1810702   0.3622657   0.72908112 -1.4623914
   1.1785924  -1.5197814   2.00519698  1.25873256 -0.81638788 -2.28345718
  -0.33745365  0.58452162 -1.41721104 -1.71344532  2.12710298 -1.32532107
  -1.78188499 -0.43086739  0.04286137  0.56455223 -1.3009819  -0.0819644
   1.5466182  -1.86243017 -0.48011496 
   1.00917559 -0.92101913 -0.83592385 -1.34482303 -0.15528846  0.17321308
  -0.94159258 -2.41447248 -2.38153324 -2.60517775 -1.83987785  1.66962757
  -2.48202875 -1.42586133  0.12309275  0.14124719  0.55910563  0.02347433
  -2.16225162  1.73883085  1.26171792  1.24726627  0.54985597 -2.55490051
   2.7034985  -0.72267342  1.89865067  0.41344427  2.34177713  0.38024591
  -0.01576825 -1.79055851 -0.33417427 
  -0.13701651 -2.75312171  0.35508506  0.82991635 -0.62300875  1.21513215
  -1.14069856 -2.29257318 -1.61117054 -0.08455309  1.13102325  0.09512321
  -2.66090346  1.85788499 -0.3997147   0.22783723  0.54620864 -1.21545412
   0.95183466  1.6232654  -0.72498797 -1.2679909  -1.38506454 -2.69445687
  -1.67388673 -1.59004602  3.36420382  1.01555617 -1.20494463 -0.35495994
   1.5281576   2.50688224 -0.47546352 
  -1.27773853  4.27810736 -1.33045158 -2.5503213  -2.05800862 -1.25747275
  -1.12963304  0.01598931  1.03640602 -2.30673007 -2.60418784  0.30137547
  -0.67758806  1.23473937 -0.14947888  1.60658246 -0.75035252 -0.54216145
  -0.04053323 -0.90084251  0.76673979  1.77622651 -0.58141553  0.89448121
   0.64520066 -1.68502132 -1.50705093 -0.04693507  1.12248878 -0.88300826
   1.53741044  1.07501579 -0.62481909 
  -0.43588468 -0.95289367 -2.5372305  -2.04807143 -2.01959727  0.91889572
   0.01327109 -0.17481591 -0.65413272  3.36962353  0.06208932  2.14226394
  -1.00536843  0.26943171 -0.46001152 -1.29964645 -0.07391941 -1.10280253
  -0.39301287 -1.420899    0.34873716 -0.38443464 -0.89128669 -0.70512963
  -0.01777674 -0.17834171 -1.79955423  0.47406008  1.55240861 -1.20376359
   1.97355084 -0.4431228  -0.20329604 
  -0.28811468 -0.80278623  0.54331096  1.91666325 -2.25667177  1.24763493
  -0.20567422  1.00437588  0.94040665 -0.74179889 -0.87398374  0.06601237
  -1.66774381 -0.71449182 -2.561079    2.02844842 -2.91744513  0.40260788
   1.0154828  -0.83228202  0.7837472  -0.60835567  1.39912536  0.34795801
   0.31524863 -2.04470667  0.92613092 -1.30762504  0.05197664 -1.06521406
  -0.88001437  0.71826694 -0.48189518 
  -0.58130302  2.0630242   0.29695473 -1.09214077 -0.96506797 -0.16401207
   0.96741687  1.48314017 -0.95499836  0.22552921 -0.94994669 -0.67440667
   0.22321805  0.42667327  1.85885824 -1.11392053  0.48302123  0.28700682
  -1.26707545  0.42948369 -0.6692778   1.01429308 -0.28464148 -0.30131863
   0.92806832 -1.25230492 -0.40779359 -0.33382043 -2.35983699 -0.11415892
  -1.77055514 -2.80757241 -0.8806851  
  -0.19797771 -1.71253681 -2.31612534  1.83857733  1.33833483  0.8942905
  -0.45557241 -0.47647337  1.87403104  1.23312856  0.16449671  0.41568955
  -0.1517821   0.2389711  -1.03663919 -0.48236322 -0.23028355 -1.77545018
  -0.90807475  1.60497097 -0.49899451  0.73924594  0.33916945 -1.48460762
  -0.51896275 -1.50487042 -1.61924117 -0.5523953   1.09534007 -0.50864302
  -0.87110706 -0.61751233 -0.19952199  