NN 16 32 16   -4.30762583e+00  -1.37815410e+00   5.45820476e-02   7.52606731e-01
    2.70955063e+00  -8.56610327e-01  -2.31312319e+00  -2.37022274e+00
    3.71579836e+00  -1.13540971e+00  -3.69710136e-01   9.75342378e-02
    8.59100335e-01  -1.54877431e-01   2.99898246e-01  -6.86935594e-01
   -9.52608608e-01 
    5.33529794e-01  -4.91089747e-01  -1.94355319e-01   1.38421132e-01
    8.07335333e-01  -1.55450242e-01   1.78763030e-01   5.97014059e-01
   -2.95099077e+00   7.78441705e-01   2.36385368e+00  -4.60485008e+00
    9.52588304e-01   6.78246112e-01  -2.43734994e+00   1.46466842e+00
    7.22934192e-01 
   -1.51074068e+00   7.76501367e-02  -2.48202344e+00   1.02781425e+00
    3.04564044e+00  -1.82166032e+00  -8.48028372e-01  -8.69633733e-01
   -9.43590632e-01   7.78303546e-01  -7.33817973e-01   2.98546991e-01
    1.48165113e+00  -6.19959379e-01  -2.59884407e-01   2.31899847e+00
    2.21711682e-01 
    1.74814627e+00  -5.62375406e-01  -1.45358757e+00   1.20034934e+00
    3.11035217e-01  -1.08507805e+00   7.49656334e-01  -4.90333544e-01
   -1.64429925e+00   9.36103634e-01  -1.74842338e+00   1.77501655e+00
    1.80933448e+00  -1.81348039e+00   1.33378824e+00  -2.12567208e+00
   -1.51739581e-01 
   -5.40504394e-02  -1.86905826e+00   1.68392131e+00  -1.39347362e+00
    6.19692946e-02  -8.39292930e-01  -2.31898563e-01  -2.21062239e+00
    1.26013069e+00  -7.36478641e-01  -8.97980335e-03   2.21979263e+00
    1.52023924e+00   2.31081155e+00  -2.65581518e-01  -1.58924763e+00
   -7.61876024e-01 
   -4.01971568e-01   1.19111102e+00   2.15307255e+00  -1.37947419e+00
    8.27708260e-01   1.16979215e+00   2.37244301e+00  -5.73684229e-01
    7.19791593e-02  -2.36267540e-01  -2.42739856e+00   3.90329612e-01
   -8.94784652e-01  -1.47873469e+00  -4.40773475e-01   2.16359859e-02
    1.64345988e-01 
    1.42216135e+00   1.52464498e+00   1.70909442e+00  -2.10813315e+00
    1.61271543e-02   3.76905236e-01  -2.26964275e+00   1.66124151e+00
   -4.83755829e-01   6.71460836e-01   9.37066853e-01   7.97067922e-03
   -3.43569800e-03  -3.80382067e-01  -1.43999083e+00   8.84008501e-01
   -7.28624016e-01 
    8.90286175e-01  -1.61410964e+00   1.12270594e+00  -3.39273117e-01
    6.43756993e-01   4.55937053e+00  -2.64187545e+00   1.93273048e-02
    2.78402539e+00   2.48716162e+00   2.88267751e-01  -2.87400315e-01
   -6.43952183e-01  -3.11134267e+00  -1.60244058e+00  -2.21091696e-01
   -7.70092112e-01 
    1.53108477e-01   2.92282886e+00  -5.96030135e-01  -1.19089155e+00
    7.44179918e-01  -1.25566541e+00  -1.39959904e+00  -3.32158433e-01
   -1.78245264e+00   2.51750533e+00   1.50488850e+00  -1.44947220e+00
    1.17682908e+00  -1.99536710e+00   1.58765572e+00  -1.88253389e+00
   -1.40039304e-01 
   -1.26902092e+00  -4.04068378e-01  -7.66086581e-01   1.24538571e+00
    1.77568831e+00  -4.96853578e-01   1.27707402e+00  -8.50320552e-01
   -1.16756029e+00   7.19555278e-01   1.11589537e+00   2.36510191e+00
   -3.28269622e+00   3.91870256e-01  -8.64846603e-01  -1.39846770e+00
    4.64320447e-01 
   -9.79705643e-01   4.65804594e-01   1.68339090e-01  -2.83934622e+00
   -2.71263266e+00  -1.48595758e+00   3.73053899e-01   4.82558769e+00
   -1.61057386e+00   5.75001750e-01  -4.64899243e-01   3.15211476e+00
   -1.31480603e+00  -4.66948434e-01  -1.40234635e-01   4.23756381e-02
   -6.49579484e-01 
    3.47310191e+00  -7.55995951e-01   2.41230579e-01   2.06073729e+00
    1.62261108e+00  -9.05525981e-01  -1.14691311e+00   6.61449728e-01
    2.95572412e-01  -1.39646269e+00   7.34447475e-01  -5.87612449e-01
   -3.09491266e+00   5.66618297e-01   1.16593031e+00  -1.28110841e+00
   -3.89204570e-01 
   -2.85783585e-01  -2.79367876e+00   1.62980132e+00   2.30099739e-01
   -6.01577691e-02   3.04277673e-01  -3.68985002e+00  -6.84507025e-01
   -1.73861559e+00   1.22034034e+00   3.38520321e+00   6.92001333e-02
   -4.82855944e-01   1.33030564e+00  -5.49890152e-01  -8.26783851e-01
   -1.37720543e+00 
   -6.32443332e-01   5.16610645e-01  -3.99958694e-01   7.52510161e-02
    2.71713360e+00  -2.15198711e+00   1.24731158e+00   9.90596078e-01
    1.08594055e+00   1.46277462e+00  -2.37093819e+00  -1.77844895e+00
   -1.33054624e+00   1.60756854e-01  -3.78418105e-01  -1.08660840e-01
   -1.27468944e-01 
    2.08464490e+00  -1.86539563e+00   8.17546353e-01   3.25621911e+00
   -2.54049030e+00   6.84491162e-01   4.35164309e-01  -1.01845151e+00
   -1.54365155e+00  -3.09989480e-02  -5.32637264e-01  -2.74109459e-01
    6.71376876e-01   2.44700885e+00  -2.38003783e+00  -2.38322629e-01
    5.59663960e-01 
    1.73225286e+00  -1.10159071e+00  -4.51776017e-01   7.42041436e-02
   -1.23835247e-01  -2.95799238e-01   3.21602755e+00  -3.12065144e+00
   -1.18316862e+00  -1.03692537e+00  -6.52836917e-01  -1.00397140e+00
    1.23842390e+00  -2.12696738e+00   1.00950362e+00   8.02161226e-01
    5.98387102e-01 
    1.74821972e+00   5.33437795e-01  -3.03965463e+00  -4.84371919e+00
    1.29452650e+00   3.54443704e-01   6.39765232e-01   1.58422972e+00
    6.65744587e-01   4.56475900e-01  -8.09907493e-01  -1.29204880e+00
   -4.07253043e-01   1.64281974e+00  -5.63261501e-01   1.33192883e+00
    3.28239361e-01 
   -1.72825002e+00   6.17886109e-01  -2.85458129e-01   4.02332276e-01
    6.15513375e-01  -2.23046415e+00   5.20192545e-01   1.20888739e-01
    1.60542827e+00  -8.71203945e-01   1.50457039e+00   3.26249918e-01
    8.32100479e-01  -1.25803202e+00  -8.47317640e-01   1.34553014e+00
   -8.05342017e-01 
   -5.46505242e-02  -2.64211264e+00   2.33686056e+00   1.28911331e-01
   -2.55936640e+00   1.62301561e-01  -4.75488408e-01   1.78946554e+00
   -4.05533572e-02   1.50536473e+00  -1.63175520e+00  -3.09311916e-01
    4.74790024e-01  -1.08312989e+00   6.38646337e-01   6.64727874e-01
    9.81848477e-02 
   -1.30086877e+00   5.90806694e-01  -8.32257625e-01   2.44286885e+00
   -9.39549772e-01   2.01588658e+00   1.63699615e+00  -1.83410688e+00
    8.52316575e-02  -1.76107081e+00  -4.24487883e-01   6.10441619e-01
    1.80453063e+00  -3.58434183e-01  -2.83485839e-01  -2.57405462e+00
    3.97254052e-01 
   -3.85149772e-01   3.00068894e+00   1.50772065e+00  -9.18350904e-01
   -1.92144612e-01  -5.14155870e+00   1.40107505e+00   3.66369065e+00
    1.37706052e+00  -2.59350092e+00   8.60117065e-01   1.19963394e-01
   -3.75151571e-01  -9.30155872e-01   9.07248667e-01  -4.07936040e-01
   -2.70970253e-01 
   -3.03594185e+00   9.36373004e-01   2.09238008e+00  -1.17365756e-01
    1.72774587e+00  -1.05232353e+00  -1.82852673e+00  -4.11170051e-02
    2.58032290e+00  -9.52155876e-01   3.51862716e-01  -1.80003530e+00
    3.72525483e-01   4.72688898e-01  -1.28707766e+00  -5.41884989e-01
    6.49435627e-01 
    4.27417521e-02  -1.04631236e+00   6.50698261e-01  -6.17808196e-01
    2.56216821e+00  -1.11071208e+00   2.50987625e-01   2.68309508e+00
   -2.64812553e+00  -9.83849837e-01   1.52294823e+00   1.02279647e+00
    3.82886455e-01  -8.59495035e-01  -4.78688813e-01  -1.40877743e+00
   -3.67725537e-01 
   -2.12435505e+00   2.04942478e-01  -1.55759189e+00   2.11420954e+00
   -9.53080454e-01   1.05606386e+00   8.94311500e-01  -8.70805259e-01
    1.15763906e+00   1.39739434e+00   2.07077517e+00  -1.53330876e+00
    7.78020132e-01  -1.56273846e+00   6.09423678e-01  -4.07666279e-01
   -6.84282462e-01 
    2.43852677e+00   1.83723027e+00  -2.27515713e+00  -1.53913729e+00
   -3.81266909e+00  -1.73858343e+00   8.73727302e-01   6.16236052e-01
    1.48356828e+00  -2.45610686e+00   1.89099580e+00   1.35799384e-01
    9.61374639e-01  -3.31368367e-01  -7.41198806e-01   2.88297036e-01
   -4.95793473e-02 
    2.06353334e+00   5.29197059e-01  -2.28562297e+00   2.21870825e-01
   -1.23500599e+00  -5.59078917e-01   3.08627342e+00  -3.34785156e+00
   -2.22957671e-01  -2.82971219e-01   3.19192638e-01   8.93768619e-01
   -1.67115764e-01   1.30859712e+00   7.82798468e-01   1.50436393e+00
   -4.32089841e-01 
   -6.70708502e-01  -1.26904103e-01   2.11639532e+00  -2.89675257e-01
    1.93363169e+00   1.93633781e+00  -3.69840109e+00   4.00104129e-01
    3.17315266e-01  -1.02047666e+00  -3.70258923e+00  -9.76486499e-02
    2.23960328e+00  -1.56735193e+00  -2.25147812e-01   3.46040558e+00
   -3.40620920e-01 
   -6.15189663e-01   3.25955674e+00   1.18209626e+00   1.79419050e-02
   -1.35742407e+00   1.73869284e+00  -7.49068763e-01   1.06322316e-01
   -9.09874827e-01  -2.56733233e+00  -1.40454199e-01   1.13857426e-01
   -9.69084534e-01   7.32291556e-01  -1.82983568e-01   7.81803706e-01
   -7.08426717e-01 
   -1.09999012e-03  -8.43901340e-01  -1.44082902e+00  -8.07810816e-02
   -3.02188104e-01   2.85706591e+00  -5.10339576e-01   8.79339486e-01
    2.48466652e-01  -3.15465811e+00   1.08248764e+00  -2.43108326e-01
   -1.64477985e+00   6.69417571e-02   3.50604908e+00  -1.65673939e+00
    7.82456510e-01 
   -2.94247268e-02   2.88726546e+00   5.62444282e-02  -1.11396728e+00
    1.03600538e+00  -1.91680390e+00  -2.65049201e+00  -1.25139641e+00
   -6.21479561e-01  -9.81965867e-01  -2.87446858e-01   7.16981245e-01
    8.61822856e-01   5.55843398e-01   2.31660128e-01   9.48553892e-01
   -2.32673028e-01 
   -7.76991289e-01  -1.16578254e-01   3.32765092e+00   1.92663747e+00
    7.61576900e-01   4.97718752e-01  -2.63187816e+00  -1.66991319e+00
   -8.51522060e-01   5.66712983e-01  -2.36066637e+00  -1.70250991e+00
   -2.04343736e+00   1.87519505e+00   1.87602246e+00   1.17401710e+00
    1.32315450e-01 
    1.75059339e+00   9.53510857e-01  -1.29588194e+00  -3.67373950e-01
   -7.95881336e-01  -1.86789833e-01  -5.46551781e-01  -4.90642008e-01
    1.97435823e+00   1.78027194e+00  -2.54139923e+00  -2.21880768e+00
   -5.34000946e-01  -1.92192677e+00   2.58510483e+00   9.57535142e-01
   -5.57614723e-01      3.92813331e+00  -1.13634118e+00   6.66793937e-01  -1.94141015e+00
   -8.95042517e-01   1.61107405e+00  -8.39121069e-01  -1.10442414e+00
    4.38429135e-01   6.08148810e-01  -2.72385889e-01  -3.37820475e+00
   -8.35021060e-01   7.20364232e-01   1.07207486e+00  -1.28881669e+00
   -1.49611101e-02   2.68957675e-02   1.36990057e-01  -1.24388001e-01
   -1.95624969e-01   1.69556599e+00   8.33528492e-01   2.12290530e+00
   -1.23361241e+00  -9.39902962e-01   2.40487684e-01  -1.90832576e-01
    8.50093123e-02  -1.52635769e-01   1.34214616e-01  -9.92980364e-01
    1.03188961e-01 
    5.01083256e-01   2.85214501e-01  -3.76075856e-01  -3.43064108e-01
    1.25621403e+00  -5.08475312e-01  -1.19167794e+00   8.93869147e-01
   -2.06165257e+00  -1.90152445e-01  -7.70193838e-01   5.60968604e-02
    1.15555360e+00  -1.38574097e-01   1.42986373e+00  -4.09378268e-02
   -3.92106587e-01  -1.24063511e+00   1.94973259e+00  -1.99400501e+00
   -1.39977784e+00   2.38503524e-01   5.41658641e-01   1.37377814e-01
   -1.27639454e+00   7.77299725e-01   4.65187999e-01  -4.69085922e+00
    1.47849272e+00  -1.80513931e+00   1.18100312e-01  -1.17466028e+00
    4.55724641e-01 
    4.94502962e-01  -3.06337258e-01   2.74717104e+00   1.24334064e+00
   -1.76473613e+00  -2.18773039e+00  -1.36276155e+00  -9.52258287e-01
    1.15387402e+00   1.09112490e+00   2.40584603e-01   6.44019864e-01
   -1.82041492e+00   1.64729283e-01  -6.42965555e-01  -1.20578959e+00
    2.14338922e+00   4.00806669e-02  -1.48944835e+00   1.48991771e+00
   -1.27559053e+00  -2.56074271e+00  -8.75009391e-01   1.12937281e+00
    1.27824569e+00   5.22717169e-01  -2.58223073e+00  -4.96832903e-01
    2.21256276e+00   1.71962187e-02  -2.18608550e+00   9.83875557e-01
   -3.14278565e-01 
   -1.60569112e+00   5.42030961e-02  -1.60129513e+00  -1.01312854e+00
    1.97893788e+00   1.25843697e+00   1.03746233e+00  -3.13211706e-02
    4.61200313e-01  -9.28282067e-01   2.98848306e+00  -1.83787420e+00
    2.70728642e-02  -5.34272503e-01  -3.34094335e+00   1.86686526e-01
    3.90120810e+00  -1.28240451e-01  -1.60325730e-02  -2.24271884e+00
   -9.65216332e-01   3.84423684e-01   7.32619268e-01  -2.83466220e+00
    6.70603712e-01   5.45111937e-01   9.81552150e-03   8.66114672e-02
   -2.67086837e-01   2.63982470e-01  -1.93317099e+00  -5.31507325e-01
   -2.61787016e-01 
   -2.13467544e+00  -1.31087109e+00  -2.40574210e+00  -5.97224993e-01
   -2.24692167e-01  -4.01132999e-01  -2.68847172e-01  -1.41133549e+00
   -3.16521627e-01  -3.14981731e+00   1.64972830e+00  -7.01241913e-01
   -2.74522118e-01  -2.73972779e+00   2.97748639e+00  -1.83102862e+00
   -3.34999701e-03  -1.74128404e+00   2.37949573e+00  -5.14995091e-01
    1.24742232e+00  -1.19892161e+00  -3.60153136e+00   2.06947098e+00
    1.79405666e+00   1.23137331e+00  -1.72461700e+00   3.09262022e-02
    3.85653328e-02   7.26007587e-02  -1.10002153e+00   1.86957292e+00
   -2.77219162e-01 
   -1.83196707e+00  -2.29588161e-01   5.55117039e-01   1.45916049e-01
    1.29680443e+00  -5.80688839e-01  -4.55287759e-01  -3.55313742e+00
    1.26056401e+00   1.62910716e-01  -2.65017330e-01   5.19769101e-01
   -9.05287775e-01   1.97977728e+00  -6.51284878e-01  -2.16904832e+00
   -1.36215275e+00   8.49888433e-01  -2.88526283e-01  -2.53364828e+00
    4.21842492e+00   6.50420677e-01  -3.20951904e-01  -1.16592560e-01
    6.92967948e-01   6.00944470e-01  -1.15324518e+00  -1.85385600e+00
   -3.91961040e+00   8.15612506e-01  -1.89861080e-01   2.88565002e-01
    8.81765502e-02 
    7.82813985e-01  -1.54881212e+00   1.28989547e-02  -7.31287325e-01
   -1.36778129e-01  -2.94899104e+00   9.69528507e-01   1.19980314e+00
    6.40465651e-01  -2.02619054e+00  -5.41691923e-01   2.80249138e+00
    3.00900168e+00  -1.49128800e+00  -9.24275788e-01  -4.03998507e+00
   -6.96247856e-01   6.69312151e-02   2.09500173e-01  -7.56685337e-01
   -8.13578456e-01  -5.00291972e-03  -3.07332507e-01  -8.34517630e-01
   -1.25102584e+00  -2.12520513e+00   9.72455613e-01   5.00097917e-01
    4.01325596e-01   2.66681685e+00   1.24697570e+00   1.35963175e-01
   -3.98814838e-01 
   -1.81877957e-02  -6.31629704e-01   2.09944864e+00  -6.58266736e-01
    1.98939693e+00  -3.13891835e-02  -8.34735888e-01  -2.07717530e-01
   -1.49003493e-01   4.98542712e-01  -4.45195851e+00   5.99362731e-02
    4.51461599e-01  -2.08990644e+00  -4.95644126e-01   2.28920685e+00
   -2.63385410e+00  -5.56982915e-01  -2.11717085e+00  -2.27514342e-01
   -2.75971395e+00  -3.61762587e-03  -3.09608516e+00   1.88924246e-01
   -2.16211348e-01   3.45666911e+00   2.49621031e-01   7.57354447e-01
   -1.48288670e+00   7.70611203e-01   1.24081151e+00  -2.56601364e-01
   -1.34358767e+00 
   -2.12924736e+00   2.54553272e+00   1.33393093e+00   1.63522159e+00
   -2.06247526e+00  -2.29679322e-01   1.33334502e+00  -2.40664804e+00
    2.52646091e+00   4.14058869e-01   8.40129567e-01  -1.70453263e+00
    1.10038362e+00  -1.83025550e+00   1.75451229e+00   1.09470578e+00
   -6.54108588e-01  -2.61891732e+00  -3.67227726e-01   5.10780026e-01
   -1.50633669e+00  -1.76586320e+00   2.40137815e+00  -1.22940806e+00
   -2.16357235e+00  -3.79862579e-01   7.85036013e-02   2.51356842e-01
   -1.49367120e+00   1.23421125e-01   1.54063020e+00  -2.07348589e+00
   -5.70246106e-01 
    1.26907622e+00  -1.12096101e+00  -9.84380753e-01  -1.61150254e+00
   -9.95486457e-02   1.18242642e-01  -1.18454178e+00  -2.69738581e+00
   -2.73540556e+00  -2.66466320e+00  -1.87330075e+00   2.12143108e+00
   -2.74544006e+00  -1.48472658e+00   3.88289668e-01   3.76365938e-01
    5.92666234e-01  -1.03537320e-01  -2.37618179e+00   1.62778015e+00
    1.40930093e+00   1.19014726e+00   4.79918373e-01  -2.55465877e+00
    2.70942561e+00  -1.01606922e+00   2.23394919e+00   6.63259675e-01
    2.89246841e+00   4.60917264e-01  -2.32427336e-02  -2.11248527e+00
   -5.63510610e-01 
    2.27628953e-02  -3.09647796e+00   5.67417058e-01   1.14763933e+00
   -5.23550098e-01   1.50950246e+00  -1.26005975e+00  -2.21102589e+00
   -2.04947429e+00  -2.57783615e-01   1.24858994e+00  -1.25548947e-01
   -2.56121665e+00   1.83825361e+00  -3.14563175e-01   3.29700325e-01
    1.57933166e-01  -1.52133406e+00   1.13717388e+00   1.66212523e+00
   -8.94991738e-01  -1.42470273e+00  -1.39812302e+00  -3.16004277e+00
   -1.55984592e+00  -1.67610111e+00   3.78717553e+00   1.02820170e+00
   -1.16979892e+00  -3.18220598e-01   1.56568704e+00   2.65844015e+00
   -6.02558205e-01 
   -1.08482382e+00   4.90711850e+00  -1.52415315e+00  -2.68222843e+00
   -2.24186482e+00  -1.23308189e+00  -1.12770916e+00  -1.78009164e-01
    1.16559833e+00  -2.44437894e+00  -2.71698823e+00   3.60591927e-01
   -6.27223787e-01   1.34728348e+00  -4.77494120e-01   1.61665355e+00
   -4.38439192e-01  -5.53890134e-01  -1.09420668e-03  -9.73221022e-01
    7.99458148e-01   1.80457925e+00  -6.38308986e-01   1.05872463e+00
    3.84125131e-01  -1.65495030e+00  -1.54657809e+00  -1.44138314e-02
    1.20481566e+00  -9.94997251e-01   1.90469154e+00   1.30330776e+00
   -7.10263531e-01 
   -4.26853909e-01  -1.02612599e+00  -2.54115717e+00  -2.15078822e+00
   -2.20255818e+00   1.01882721e+00  -1.31908154e-01  -1.94981176e-01
   -7.20222229e-01   3.81524354e+00   1.48351253e-01   2.21531389e+00
   -9.85269085e-01   4.60996332e-01  -6.10175414e-01  -1.37365808e+00
   -1.57270053e-01  -1.11857237e+00  -5.04524755e-01  -1.55790446e+00
    2.70449521e-01  -3.44352991e-01  -9.05706460e-01  -7.23572755e-01
   -1.80058046e-01  -2.17841852e-01  -2.04111216e+00   5.10696028e-01
    1.57226623e+00  -1.27776690e+00   2.11787064e+00  -4.56152246e-01
   -2.43609317e-01 
   -2.31687156e-01  -8.21245548e-01   3.98655226e-01   1.95668357e+00
   -2.50466387e+00   1.40416868e+00  -2.72303909e-01   1.22271051e+00
    9.36429325e-01  -7.81604810e-01  -9.64371253e-01   1.33940743e-01
   -1.74779566e+00  -8.00903838e-01  -2.82858721e+00   2.28089595e+00
   -3.20556073e+00   5.20678908e-01   1.04943876e+00  -8.59862236e-01
    9.17951189e-01  -5.64406626e-01   1.51870460e+00   3.87928650e-01
    2.27595100e-01  -2.18791910e+00   9.19922026e-01  -1.39034902e+00
   -2.35645512e-02  -1.29397111e+00  -1.00707548e+00   7.54916983e-01
   -6.62710808e-01 
   -6.24025999e-01   2.36191196e+00   3.08279922e-01  -1.16387860e+00
   -1.01460668e+00  -1.98790984e-01   1.00796617e+00   1.56104129e+00
   -1.11605121e+00   2.67114758e-01  -9.93541664e-01  -6.79171223e-01
    1.95605633e-01   3.92431619e-01   2.00419990e+00  -1.24770733e+00
    4.90082185e-01   2.31450748e-01  -1.53172142e+00   4.11013529e-01
   -8.37001542e-01   9.88826524e-01  -3.79660010e-01  -4.57622029e-01
    1.07078054e+00  -1.24422949e+00  -4.19656990e-01  -4.03793104e-01
   -2.78692347e+00  -1.40063107e-01  -2.04417272e+00  -3.04348885e+00
   -1.03282900e+00 
   -1.43372071e-01  -1.85954980e+00  -2.49239211e+00   2.21390135e+00
    1.43319339e+00   8.34772914e-01  -3.49309653e-01  -5.49270476e-01
    2.26247671e+00   1.25199230e+00   2.71415931e-01   5.85513663e-01
    9.35492382e-03   2.65430045e-01  -1.03952687e+00  -7.00901010e-01
   -2.74414972e-01  -1.99482793e+00  -9.08711334e-01   1.69891723e+00
   -3.44052775e-01   7.62773587e-01   5.02548354e-01  -1.62434458e+00
   -3.94246937e-01  -1.66110418e+00  -1.72573274e+00  -7.40264428e-01
    1.08672976e+00  -4.70017551e-01  -9.66434592e-01  -7.05232031e-01
   -1.99946352e-01  