NN 16 32 16  -3.43073318 -0.79781028 -0.02109937  0.66792259  2.36258304 -0.99441231
  -1.74531683 -1.85167287  2.83347234 -1.37228945 -0.15092294  0.29075734
   0.87832539 -0.16183711  0.33474607 -0.38300128 -0.7347783  
   0.72864032 -0.48536866 -0.34662965 -0.37936414  1.00981975 -0.30223889
   0.11745806  0.44611587 -2.2768693   0.817193    1.87775864 -3.60669388
   0.67639347  0.68551879 -1.85754051  1.27158207  0.55895855 
  -0.73452509  0.11604467 -2.58634136  0.87552099  2.49495343 -1.80818173
  -0.49599053 -0.75010875 -0.94959333  0.59311295 -0.05704236  0.20560916
   1.46400495 -0.80797367 -0.17821124  1.86915108  0.13911127 
   1.56761302 -0.82292423 -1.29931706  0.88985263  0.00801323 -1.09763831
   0.91145108 -0.40715419 -1.34874086  0.81988974 -1.41677308  1.73047384
   1.64791533 -1.58167482  1.0522723  -1.85675191 -0.28854517 
  -0.31920457 -1.54866944  1.39643949 -1.00453402 -0.28849733 -0.65766474
   0.02136227 -1.8418142   1.21578393 -0.5041115   0.05096041  1.89652904
   1.57028322  2.05705447 -0.10580895 -1.44838219 -0.73431441 
  -0.44066591  1.24183552  1.60540007 -1.29434325  0.60563623  1.14378298
   1.77231512 -0.2318644  -0.08122477 -0.31134261 -1.84792411  0.51344485
  -0.81212578 -1.354868   -0.40652801 -0.17178892 -0.01416644 
   0.80275758  1.5500958   1.45562174 -1.77644201 -0.07567283 -0.00949702
  -1.81843075  1.1781378  -0.54168181  0.47288754  0.71532271  0.21783666
  -0.26157793 -0.41660291 -1.38854051  0.76565217 -0.67885048 
   0.71337734 -1.35459731  1.08827063 -0.41636739  0.56289793  3.81955586
  -1.96330887 -0.09190325  2.17870835  2.13543392  0.54339731 -0.71845918
  -0.66937931 -2.53380881 -1.26957723 -0.09571313 -0.67583302 
   0.35129575  2.61530561 -0.94407816 -0.84445413  0.74674853 -1.1556685
  -0.96209656 -0.0951668  -1.52294707  2.30529797  1.25107409 -1.10974187
   0.7507631  -1.64999852  1.28500541 -1.42801438 -0.10807356 
  -1.45811147 -0.09255212 -0.66531783  1.36195612  1.67575664 -0.88184123
   1.26992573 -0.6638396  -0.76540181  1.2325257   0.39037715  1.96582393
  -2.50465272  0.56260704 -0.41133082 -1.21356532  0.36397777 
  -0.48888459  0.48042047 -0.05807468 -2.65229049 -2.12631824 -1.27143948
   0.15022403  3.84729608 -1.01158872  0.63118501 -0.72513549  2.78836419
  -0.86141424 -0.28169933 -0.04430026  0.02353812 -0.59154751 
   2.69576372 -0.77973688  0.31627626  1.89310417  1.56382523 -0.56114812
  -1.35449928  0.69539916  0.18986691 -0.99940752  0.31557797 -0.55709906
  -2.72859194  0.38050217  0.96105143 -0.76901558 -0.10088127 
  -0.19782626 -1.84653578  1.26768691 -0.07385853 -0.07697975  0.41662996
  -3.36216957  0.064441   -1.81962225  0.92438217  2.80764978  0.10971748
  -0.42364544  1.18368137 -0.6204882  -0.64813426 -1.22232211 
  -0.4427183   0.22028125 -0.61568757  0.10205249  2.11797932 -1.94614461
   0.85336674  0.69476191  0.97690624  1.62292538 -2.13430393 -1.58345803
  -0.86614142  0.40822562 -0.39992661 -0.09722045 -0.11166472 
   1.34672424 -1.84126568  0.4796967   2.75893623 -2.05302717  0.92888605
   0.48001212 -0.89237054 -1.54961446 -0.19299194 -0.38784215 -0.29376964
   0.76138012  2.29756698 -1.9338125  -0.11322641  0.59398765 
   1.2884591  -0.80309269 -0.38693414  0.09044857 -0.39418914 -0.20546981
   3.10831348 -2.822281   -1.41251731 -0.79607174 -0.4490971  -0.86557371
   1.36453305 -1.8293643   0.75943518  0.40583806  0.46195874 
   1.34555112  0.64101011 -2.92007756 -3.91778816  0.78527617  0.03023818
   0.9165145   1.40336938  0.76482502  0.1702288  -0.8710379  -0.85128673
  -0.2703243   1.8214827  -0.51693308  1.02398255  0.20429168 
  -1.39914329  0.30234039 -0.09782327  0.1845487   0.74663748 -1.3172728
   0.08165065  0.1638494   1.45487374 -0.87369266  1.04660862  0.01814679
   0.84874823 -0.9316291  -0.5891203   1.13240138 -0.59680764 
  -0.15665778 -2.27291181  1.96646638 -0.14712063 -2.31487319  0.25267242
  -0.23725583  1.53148991  0.28744116  1.61533922 -1.76703406 -0.46356112
   0.54467979 -1.21784644  0.52492324  0.56819005  0.05238547 
  -1.39321226  0.51264594 -0.92796318  2.02016392 -0.74146484  1.73599649
   0.93419092 -1.53021803 -0.28958663 -1.73778774 -0.77795158  0.77794623
   1.775398    0.22054729 -0.17984077 -1.98651602  0.40168357 
  -0.07362995  2.52527143  0.84440922 -0.27567041 -0.29004635 -4.4441416
   1.25024594  3.29471647  1.41288016 -1.98569874  0.81423423 -0.20534488
  -0.51714724 -0.63266007  0.63370548 -0.22188491 -0.25045871 
  -2.44126023  0.9047782   1.88765589 -0.20677687  1.65187084 -0.91782706
  -0.8230644  -0.58367812  2.09139164 -1.25331621  0.11069143 -1.78412339
   0.57638446  0.53248449 -1.11390261 -0.39522352  0.63144011 
  -0.33719492 -0.46065886  0.48632785 -0.84927656  2.22109043 -1.38529121
   0.10388789  2.24748859 -2.53785361 -0.82256899  1.06343413  0.76962111
   0.46485091 -0.74303024 -0.40981472 -0.92407242 -0.34444292 
  -1.95341411  0.23665596 -1.35845218  2.03437473 -1.01910641  0.91157402
   0.70744566 -0.69380296  1.13173386  1.5022182   1.57005768 -1.81748871
   0.75905522 -1.35947262  0.47213324 -0.24521512 -0.66248864 
   1.64537264  1.43041099 -2.06701765 -0.82196334 -3.38534653 -1.1039656
   0.89450478  0.65201862  1.19017328 -2.31208026  1.93551355 -0.14070018
   0.37140198 -0.28134371 -0.79582361  0.04949867 -0.19919888 
   1.61339547  0.1240666  -1.69910448 -0.26895441 -1.13057712 -0.46143973
   2.67041017 -2.8346753  -0.05134561 -0.34468169  0.34918001  0.93675763
  -0.19473746  1.31536674  0.82132547  0.98122884 -0.58918611 
  -0.67749611 -0.52202591  1.90553983 -0.17480489  1.44019683  1.78806751
  -2.91563743  0.101067    0.33580317 -0.85886794 -3.01476734  0.18283489
   1.73792796 -1.29171115  0.0181763   2.83977976 -0.21696607 
  -0.82996464  2.59939317  1.31658606  0.08699436 -1.21681212  2.02289804
  -0.50018502 -0.07140416 -1.03680488 -1.98696287 -0.30367302 -0.08633627
  -0.86475662  0.60626734 -0.01393286  0.75204759 -0.44410174 
  -0.39925203 -1.27329358 -0.93372745  0.086036    0.09387666  2.39991155
  -0.85809895  0.7526189   0.35814263 -2.47854637  1.19477846 -0.33271562
  -1.38497408 -0.00665199  2.82147685 -1.41578412  0.54213259 
  -0.19923709  2.02296526  0.41871014 -0.72582279  0.83139844 -1.52330761
  -2.20958548 -1.47819496 -0.38575335 -0.77769179 -0.14329482  0.86216325
   0.62916374  0.48468317  0.10282221  1.01981865 -0.01539123 
  -1.1249571   0.19098699  2.58607659  1.45004989  1.12250331  0.25979515
  -1.82002504 -1.21343699 -0.66370985  0.84026885 -1.86154356 -1.41043873
  -1.61953606  1.3941848   1.48207665  1.078119    0.2731874  
   1.39687407  0.83461563 -1.05652912 -0.29859104 -0.84443402 -0.36306152
  -0.56942078 -0.34552921  1.63622413  1.49697101 -2.06953376 -1.80805017
  -0.45705483 -1.60704469  2.35340938  0.75718255 -0.51207036      3.32218150e+00  -9.13395838e-01   2.60801574e-01  -1.99803946e+00
   -8.00122421e-01   1.21279754e+00  -7.05143102e-01  -9.77744081e-01
    5.70647267e-01   8.71388538e-01   3.06341954e-01  -2.93260631e+00
   -8.41367411e-01   3.33138980e-01   7.51794318e-01  -1.67769367e+00
   -2.30982225e-01   1.68494639e-01   2.07561359e-01   2.15576653e-01
   -2.70708263e-01   2.13960642e+00   4.80566928e-01   1.93587642e+00
   -1.61420033e+00  -8.28348951e-01   3.91619372e-01  -2.51101295e-01
   -2.02798607e-01  -4.48132450e-01   2.67135954e-01  -1.43523467e+00
   -2.61548756e-01 
    6.23852170e-01   4.98084073e-01  -3.23994567e-01  -1.86811895e-01
    9.34677263e-01  -2.68295591e-01  -1.43347047e+00   1.04682393e+00
   -2.23453763e+00  -2.78198782e-01  -1.04623214e+00   2.59572792e-02
    1.23624992e+00  -3.17812087e-01   1.54946157e+00   1.58194499e-01
    7.80559519e-02  -8.20119770e-01   1.98965305e+00  -2.15167747e+00
   -1.56734989e+00   3.59196154e-01   4.51705820e-01   1.57041457e-01
   -1.44567379e+00   4.55459032e-01   7.34463368e-01  -4.08283498e+00
    1.36146376e+00  -1.74816898e+00   4.97511851e-02  -1.39766226e+00
    5.62131615e-02 
    6.87386042e-01   1.59399907e-02   2.87861665e+00   9.67179556e-01
   -1.85086710e+00  -1.54313963e+00  -8.45319223e-01  -8.89587988e-01
    1.53503141e+00   1.09595949e+00   5.30715656e-01   3.76093210e-01
   -2.23150710e+00   4.18668770e-02  -3.47413502e-01  -1.25721822e+00
    2.20266099e+00  -4.61256234e-02  -1.37074915e+00   1.18968539e+00
   -1.38237782e+00  -2.45861096e+00  -1.13043323e+00   1.21258604e+00
    1.23580313e+00   9.60476197e-01  -2.16733361e+00  -5.90211881e-01
    1.95524767e+00  -2.60532442e-01  -2.33095458e+00   9.02269965e-01
   -2.73092720e-01 
   -1.36454934e+00   5.14250553e-01  -1.42434692e+00  -9.62914632e-01
    1.69179579e+00   1.35290480e+00   1.42552326e+00   2.96970293e-01
    4.33624574e-01  -9.03307263e-01   2.58841205e+00  -2.13213887e+00
    5.68207072e-01  -1.04533201e+00  -3.12893082e+00   4.72316498e-02
    3.74563583e+00  -2.39199367e-01   2.76750465e-01  -2.17008046e+00
   -9.95801297e-01   5.59046924e-01   8.06850558e-01  -2.87634921e+00
    5.45130369e-01   6.40081048e-01   6.54877615e-02   2.22999188e-01
   -3.28232228e-01   2.93270652e-01  -1.63469099e+00  -4.94101280e-01
   -6.52616787e-02 
   -1.70046102e+00  -1.08757867e+00  -2.18032979e+00  -5.03233639e-01
    1.60002113e-01  -4.68977464e-01   1.91877559e-01  -1.13875598e+00
   -3.26340216e-01  -2.76315038e+00   1.35268965e+00  -3.67747124e-01
   -9.02428864e-02  -2.35674902e+00   2.62940452e+00  -1.72908093e+00
   -1.49131256e-01  -1.40108292e+00   2.59032498e+00  -6.87048930e-02
    1.28389385e+00  -1.38043494e+00  -3.04476039e+00   2.22491185e+00
    2.05649337e+00   1.41924177e+00  -1.47931566e+00  -2.31741607e-01
   -6.55283677e-01  -4.25016357e-01  -1.14358983e+00   1.42448191e+00
   -1.42594411e-01 
   -9.95980354e-01  -2.50364057e-01   6.85239885e-01   6.65953681e-01
    9.77529971e-01  -7.18718512e-01  -4.23352210e-01  -3.54155597e+00
    1.00147320e+00   1.12957804e-01  -8.74401058e-02   3.16747294e-01
   -6.84633848e-01   1.88611184e+00  -8.75096128e-01  -2.07343882e+00
   -1.25928002e+00   4.94786415e-01  -1.31760230e-01  -2.63608386e+00
    4.50616377e+00   3.46258704e-01   7.05971695e-02   5.60638707e-02
    9.84219772e-02   5.47941110e-01  -1.47679207e+00  -1.68634711e+00
   -3.54277719e+00   7.36810696e-01  -2.84340049e-01   1.52338085e-01
    3.66523739e-02 
    6.97373834e-01  -8.70919715e-01   1.66078839e-01  -1.10888459e+00
   -3.98030397e-01  -2.00724018e+00   1.20053556e+00   7.94736486e-01
    3.29769620e-01  -2.15594842e+00  -7.26736033e-01   2.61751693e+00
    3.03020395e+00  -1.51395548e+00  -1.15653207e+00  -3.82610871e+00
   -1.03777494e+00   8.32673067e-02  -2.96984480e-01  -2.83223505e-01
   -8.25610723e-01  -2.86969420e-01  -5.19965885e-01  -6.86598812e-01
   -1.49536615e+00  -1.64224140e+00   1.09272423e+00   1.75382491e-01
    4.34678008e-01   2.66605194e+00   6.84477983e-01   4.71277850e-01
   -3.54847364e-01 
    9.53896869e-04  -7.05515776e-01   2.09101930e+00  -6.48077447e-01
    1.50931799e+00  -1.88922884e-01  -8.85109625e-01  -1.18360889e-01
   -1.09078574e-01   4.26492564e-01  -4.11842531e+00   7.77717820e-02
   -2.48311727e-02  -1.56908629e+00  -4.42496326e-01   2.11313837e+00
   -2.19173434e+00  -5.29332209e-01  -2.40423452e+00  -3.81256656e-01
   -2.31871223e+00  -2.30302722e-01  -2.68446596e+00   1.50925030e-01
   -3.66197729e-01   3.29146586e+00   4.78341575e-01   5.55913959e-01
   -1.66302602e+00   9.07746979e-01   9.89818553e-01  -1.85927527e-01
   -8.32724914e-01 
   -2.00922905e+00   2.24210568e+00   1.06928961e+00   1.29965167e+00
   -2.06776592e+00  -2.94225069e-01   1.19881504e+00  -2.24187157e+00
    2.10319142e+00   2.93700506e-01   6.54680021e-01  -1.40994273e+00
    1.11002686e+00  -1.44249839e+00   1.92056702e+00   1.24599525e+00
   -8.05567029e-01  -2.19419368e+00  -4.09216634e-01   4.77648324e-01
   -1.41598869e+00  -1.68335163e+00   2.05018047e+00  -1.38537267e+00
   -1.75243018e+00  -5.81102484e-01   2.79531437e-02   5.69078477e-01
   -1.30098945e+00  -1.57941179e-01   1.46778732e+00  -1.70096488e+00
   -5.51712203e-01 
    8.44868599e-01  -8.06237210e-01  -7.86694689e-01  -1.22810960e+00
   -1.40381095e-01   2.38808018e-01  -9.26366786e-01  -2.33302968e+00
   -2.31564209e+00  -2.43487084e+00  -1.81263361e+00   1.63317475e+00
   -2.46333475e+00  -1.44834027e+00   1.41656038e-01   1.26115941e-01
    6.40185765e-01  -2.51201079e-02  -2.13789899e+00   1.81378547e+00
    1.24356457e+00   1.14071910e+00   6.78843570e-01  -2.59065516e+00
    2.59316441e+00  -5.21398820e-01   1.68974978e+00   3.51601435e-01
    2.26493150e+00   3.14513473e-01   6.00061088e-02  -1.72435281e+00
   -2.23422885e-01 
   -2.31409153e-01  -2.63156590e+00   3.26524277e-01   7.89552186e-01
   -6.02323589e-01   1.11080283e+00  -1.05951774e+00  -2.29828568e+00
   -1.46734144e+00  -2.81414328e-02   1.14312837e+00   1.45748690e-01
   -2.62796894e+00   1.80980356e+00  -4.22325759e-01   1.77580799e-01
    5.87178438e-01  -1.17926397e+00   9.18154419e-01   1.56498127e+00
   -7.20540791e-01  -1.22654067e+00  -1.27873736e+00  -2.58284342e+00
   -1.72197069e+00  -1.64307805e+00   3.23850009e+00   9.53918176e-01
   -1.15403970e+00  -3.82357846e-01   1.51473306e+00   2.34321626e+00
   -4.30944927e-01 
   -1.37276473e+00   4.06538097e+00  -1.16202015e+00  -2.49963407e+00
   -2.00772090e+00  -1.14338887e+00  -1.08663976e+00   1.39611036e-01
    1.09680715e+00  -2.23056730e+00  -2.52450599e+00   2.15755096e-01
   -7.52013787e-01   1.33945444e+00   3.53795476e-02   1.60748422e+00
   -7.85918542e-01  -4.98272583e-01  -7.21736577e-03  -8.01051370e-01
    7.51243055e-01   1.80109492e+00  -5.32888417e-01   9.67632550e-01
    7.32369700e-01  -1.68246344e+00  -1.35745077e+00  -1.24335516e-02
    8.93062853e-01  -7.93657306e-01   1.48041791e+00   1.12231921e+00
   -5.15806842e-01 
   -4.40337440e-01  -8.79561182e-01  -2.50003011e+00  -1.99896387e+00
   -1.98575866e+00   8.69258889e-01   6.93671546e-02  -1.96767487e-01
   -5.97253720e-01   3.18125879e+00   3.01959921e-02   2.08249132e+00
   -1.01677925e+00   2.10077393e-01  -3.95761110e-01  -1.26900595e+00
   -7.43668449e-02  -1.07879677e+00  -3.56029898e-01  -1.34465655e+00
    3.81461616e-01  -4.03344219e-01  -8.69384468e-01  -6.93160309e-01
    2.05490615e-02  -1.87834641e-01  -1.72032954e+00   4.50905737e-01
    1.49254727e+00  -1.17931513e+00   1.90242481e+00  -4.41286400e-01
   -1.95236384e-01 
   -3.33951728e-01  -7.92403327e-01   5.61207383e-01   1.86912923e+00
   -2.20936283e+00   1.17139898e+00  -1.91887270e-01   9.25188673e-01
    9.21757294e-01  -7.24752162e-01  -8.22488805e-01   3.85040618e-02
   -1.65511813e+00  -6.95052541e-01  -2.45235018e+00   1.91265411e+00
   -2.78000012e+00   3.41556438e-01   9.71637499e-01  -7.78422589e-01
    7.24230597e-01  -6.74508150e-01   1.32089923e+00   3.44567365e-01
    3.71960569e-01  -1.98939148e+00   9.02971987e-01  -1.24283913e+00
    1.21057345e-01  -1.02368501e+00  -8.69859119e-01   7.07787980e-01
   -4.31598821e-01 
   -5.77978268e-01   1.91286542e+00   2.42249612e-01  -1.10990644e+00
   -9.72950049e-01  -1.73919038e-01   9.21746098e-01   1.43536633e+00
   -9.07000188e-01   1.86822327e-01  -9.59660037e-01  -6.85604316e-01
    2.23722323e-01   4.13477700e-01   1.72806341e+00  -1.08404981e+00
    4.12980901e-01   2.63340691e-01  -1.24867617e+00   4.54269680e-01
   -6.63298625e-01   9.98129712e-01  -2.82145555e-01  -2.94291108e-01
    8.60982236e-01  -1.26621041e+00  -4.29093633e-01  -3.18987065e-01
   -2.16885062e+00  -9.66844845e-02  -1.69387863e+00  -2.71797484e+00
   -8.81295312e-01 
   -2.55486530e-01  -1.64322748e+00  -2.20505646e+00   1.73634134e+00
    1.31525912e+00   8.68496573e-01  -4.78822745e-01  -5.05974838e-01
    1.73691417e+00   1.21068342e+00   1.38537598e-01   4.12307153e-01
   -2.09100147e-01   2.45509646e-01  -9.82793907e-01  -3.63336131e-01
   -1.94950702e-01  -1.66116454e+00  -8.58321175e-01   1.54400936e+00
   -4.93939944e-01   6.91070593e-01   2.95642236e-01  -1.44322873e+00
   -5.15181899e-01  -1.39807063e+00  -1.59432210e+00  -5.31249664e-01
    1.04335634e+00  -5.28037360e-01  -8.66008849e-01  -5.75586080e-01
   -1.76083935e-01  