NN 16 32 16   -4.06918293e+00  -1.12799450e+00   1.59023167e-01   5.88794149e-01
    2.82544828e+00  -1.11671572e+00  -2.11851481e+00  -2.46300897e+00
    3.63186692e+00  -1.22905277e+00  -3.28243159e-01   1.39769535e-01
    9.62738709e-01  -2.07669302e-01   3.11343002e-01  -6.57462174e-01
   -9.30960770e-01 
    7.17792579e-01  -6.20902102e-01  -2.47090532e-01   1.54081213e-01
    8.72637084e-01  -2.15195103e-01   2.08722633e-01   5.53758628e-01
   -2.91000118e+00   8.17578305e-01   2.32947187e+00  -4.32233643e+00
    9.56711564e-01   7.49696461e-01  -2.37786974e+00   1.47753789e+00
    7.39257706e-01 
   -1.27594707e+00   7.82742699e-02  -2.50424007e+00   9.19347094e-01
    3.01711397e+00  -1.92907328e+00  -8.60379955e-01  -8.38802035e-01
   -9.78553012e-01   6.17520883e-01  -6.78825883e-01   2.48951566e-01
    1.41952612e+00  -7.07736254e-01  -3.02541533e-01   2.19804649e+00
    1.58641175e-01 
    1.73837608e+00  -6.95950754e-01  -1.45132386e+00   1.02454741e+00
    2.55738163e-01  -1.16375759e+00   8.38532805e-01  -5.30710619e-01
   -1.68469026e+00   9.48828072e-01  -1.70084789e+00   1.79870863e+00
    1.79213635e+00  -1.75471811e+00   1.29932763e+00  -2.08374969e+00
   -1.80406803e-01 
   -1.89581247e-01  -1.77060501e+00   1.67215410e+00  -1.54128199e+00
    3.08647746e-02  -6.39480636e-01  -9.08737730e-02  -2.13735624e+00
    1.30019057e+00  -5.58914104e-01   7.78953573e-02   2.16383027e+00
    1.56147671e+00   2.35010578e+00  -1.59413670e-01  -1.49183173e+00
   -6.74210375e-01 
   -3.66613152e-01   1.28252830e+00   2.00757713e+00  -1.32218887e+00
    8.34329694e-01   1.19192238e+00   2.35276853e+00  -5.90984608e-01
    4.21191848e-02  -1.91494329e-01  -2.27192911e+00   3.98766269e-01
   -8.48644473e-01  -1.43144602e+00  -4.21409934e-01   5.39425474e-02
    1.75977206e-01 
    1.28550605e+00   1.59094709e+00   1.53901560e+00  -2.04191011e+00
   -3.61883392e-02   3.53882013e-01  -2.24112225e+00   1.71566553e+00
   -5.81069747e-01   5.56396803e-01   8.90898221e-01   3.62291100e-02
   -7.04597618e-02  -4.15748980e-01  -1.46654027e+00   8.24125509e-01
   -7.59709263e-01 
    8.54380829e-01  -1.47674248e+00   1.26049117e+00  -3.88550972e-01
    6.99652173e-01   4.53917757e+00  -2.42103379e+00  -3.91083205e-02
    2.75777037e+00   2.53580042e+00   4.31012792e-01  -2.19974066e-01
   -5.83590857e-01  -2.81926441e+00  -1.45168347e+00  -9.64086901e-02
   -6.22909208e-01 
    1.78021965e-01   2.89732436e+00  -6.74550907e-01  -1.13534455e+00
    7.51419221e-01  -1.33987560e+00  -1.43607027e+00  -2.78302888e-01
   -1.78217433e+00   2.43066241e+00   1.49154889e+00  -1.24301188e+00
    1.11585562e+00  -1.91494442e+00   1.54208756e+00  -1.80842799e+00
   -1.45775223e-01 
   -1.28021621e+00  -3.15940286e-01  -7.65736324e-01   1.31527957e+00
    1.79829842e+00  -7.80721908e-01   1.23374497e+00  -7.15434038e-01
   -1.11909069e+00   6.92019561e-01   1.04850415e+00   2.32711254e+00
   -3.20905625e+00   4.41432676e-01  -8.32565246e-01  -1.38222926e+00
    4.31488965e-01 
   -6.82793747e-01   3.46791717e-01   8.16855721e-02  -2.82520630e+00
   -2.65236706e+00  -1.49233670e+00   1.56040601e-01   4.75382972e+00
   -1.50742512e+00   4.68060551e-01  -4.78558515e-01   3.16052160e+00
   -1.28653430e+00  -4.08852391e-01  -6.84898570e-02   5.32948323e-02
   -6.19963104e-01 
    3.28927002e+00  -8.55970534e-01   2.73054951e-01   2.02271096e+00
    1.69249414e+00  -7.67245420e-01  -1.27498592e+00   6.70952473e-01
    2.72768316e-01  -1.38849401e+00   6.06519274e-01  -6.40297970e-01
   -3.18087686e+00   4.77814178e-01   1.12262082e+00  -1.24329228e+00
   -3.88625387e-01 
   -1.76599304e-01  -2.70025649e+00   1.68819367e+00   2.50866407e-01
    1.00634654e-02   2.97465480e-01  -3.61547858e+00  -5.49025731e-01
   -1.86979711e+00   1.08665333e+00   3.24177064e+00   3.48846233e-02
   -4.86452391e-01   1.32972594e+00  -5.05071560e-01  -7.70794484e-01
   -1.33561352e+00 
   -6.88524462e-01   4.85743743e-01  -4.89961678e-01   7.93822586e-02
    2.54393255e+00  -2.25175674e+00   1.22950685e+00   9.34054583e-01
    1.12050110e+00   1.49030854e+00  -2.26152069e+00  -1.72353093e+00
   -1.29819790e+00   2.38163386e-01  -4.50885606e-01  -1.30582384e-01
   -1.57856923e-01 
    2.00428550e+00  -1.92327964e+00   9.01093486e-01   3.15461585e+00
   -2.40740500e+00   7.88579416e-01   3.90412758e-01  -1.02046998e+00
   -1.47548257e+00  -4.29798757e-02  -5.39699821e-01  -2.57257645e-01
    7.52076220e-01   2.48039223e+00  -2.26389188e+00  -1.56392361e-01
    6.34092382e-01 
    1.64915268e+00  -1.18420719e+00  -3.44327831e-01   9.47950456e-02
   -3.09086277e-01  -2.97159211e-01   3.29563277e+00  -3.02737268e+00
   -1.11593329e+00  -1.02948417e+00  -6.39046931e-01  -9.10367624e-01
    1.21574404e+00  -2.08378874e+00   9.70103856e-01   7.37644054e-01
    5.72379785e-01 
    1.65961736e+00   6.48394687e-01  -3.12903987e+00  -4.68596512e+00
    1.35600986e+00   7.93326475e-02   4.06676820e-01   1.55785927e+00
    7.18414444e-01   4.25342388e-01  -7.78778690e-01  -1.30770803e+00
   -3.96479947e-01   1.64822648e+00  -5.57435365e-01   1.27689647e+00
    3.19884468e-01 
   -1.74939294e+00   6.46585447e-01  -2.99649256e-01   3.90535658e-01
    6.29062841e-01  -2.10447761e+00   3.18602837e-01   2.85086721e-01
    1.50393388e+00  -9.37539613e-01   1.42690351e+00   3.75163825e-01
    8.52129429e-01  -1.18118092e+00  -8.45830313e-01   1.23385467e+00
   -8.01434073e-01 
   -6.60050264e-02  -2.62341689e+00   2.26680619e+00  -4.20360724e-02
   -2.59618345e+00   2.80741068e-01  -3.74703674e-01   1.70597891e+00
   -6.67967851e-03   1.49905134e+00  -1.68552069e+00  -4.28726131e-01
    4.60565177e-01  -1.03187714e+00   6.55965035e-01   6.89234681e-01
    1.25341010e-01 
   -1.35670505e+00   6.13979290e-01  -7.47149701e-01   2.39714142e+00
   -8.63094734e-01   1.91393742e+00   1.42093477e+00  -1.86482959e+00
    1.29779931e-01  -1.78971505e+00  -4.05337356e-01   5.67380054e-01
    1.75744839e+00  -3.19938703e-01  -3.31609517e-01  -2.55823002e+00
    3.32038770e-01 
   -3.99070472e-01   2.90336032e+00   1.41725288e+00  -5.87710686e-01
   -1.30112259e-01  -5.00968410e+00   1.22100031e+00   3.69434475e+00
    1.40889970e+00  -2.58756197e+00   8.57768952e-01   1.18236547e-01
   -3.42398331e-01  -8.24263372e-01   9.01333229e-01  -3.46282281e-01
   -2.35030128e-01 
   -2.92504029e+00   8.74647710e-01   2.11304637e+00  -6.09462597e-02
    1.69058746e+00  -9.22009401e-01  -1.74255098e+00  -1.50187314e-01
    2.42521795e+00  -1.01726346e+00   3.41198029e-01  -1.82695960e+00
    3.90202264e-01   4.45476773e-01  -1.31042237e+00  -5.39643570e-01
    6.24734594e-01 
   -8.37836069e-02  -8.28145816e-01   3.56492650e-01  -5.06782164e-01
    2.48712919e+00  -1.10134248e+00   1.33088291e-01   2.60517221e+00
   -2.81705624e+00  -1.01144783e+00   1.45375718e+00   9.31724417e-01
    3.50894982e-01  -9.13768067e-01  -5.47692949e-01  -1.39261187e+00
   -4.19634589e-01 
   -2.04415143e+00   1.67686226e-01  -1.47914608e+00   2.11060278e+00
   -1.03864021e+00   1.21304353e+00   9.05404457e-01  -7.45785889e-01
    1.09105164e+00   1.40617043e+00   2.01036426e+00  -1.65308303e+00
    8.36881439e-01  -1.45090901e+00   6.18201154e-01  -3.77667094e-01
   -6.47214033e-01 
    2.31452035e+00   1.64552147e+00  -2.20816054e+00  -1.49064448e+00
   -3.88546879e+00  -1.76061722e+00   8.40676122e-01   6.41575217e-01
    1.40294732e+00  -2.47364922e+00   1.77212478e+00  -9.78041282e-02
    8.07854493e-01  -4.35227458e-01  -8.18840676e-01   1.49870821e-01
   -1.64153157e-01 
    2.01855164e+00   3.65362561e-01  -2.26795901e+00   1.54488325e-01
   -1.23828772e+00  -6.30655788e-01   3.03510666e+00  -3.21351614e+00
   -1.99358299e-01  -3.05015175e-01   1.96590843e-01   7.89040464e-01
   -2.37629308e-01   1.35755552e+00   7.41900982e-01   1.40597261e+00
   -4.83154422e-01 
   -6.50486472e-01  -4.82519889e-02   2.04459034e+00  -2.25639256e-01
    1.92336224e+00   1.97780530e+00  -3.57860415e+00   3.41585863e-01
    3.09257095e-01  -8.65047173e-01  -3.63730116e+00  -5.32667945e-05
    2.28348856e+00  -1.53101412e+00  -1.72003472e-01   3.42062564e+00
   -2.96974413e-01 
   -6.43269479e-01   3.22545291e+00   1.09539049e+00   6.14849776e-02
   -1.50962450e+00   1.79825043e+00  -7.15056197e-01  -2.89715937e-02
   -9.41791195e-01  -2.52467202e+00  -1.96484666e-01   7.77337953e-02
   -9.21622671e-01   6.57468022e-01  -2.04954335e-01   7.22059989e-01
   -7.23807462e-01 
   -7.24310016e-02  -9.80146869e-01  -1.35408927e+00   8.53469122e-02
   -1.66000260e-01   2.81126618e+00  -5.22216884e-01   7.65392345e-01
    3.37764316e-01  -3.08835437e+00   1.15255427e+00  -2.96371396e-01
   -1.59776689e+00   1.62240722e-02   3.45205928e+00  -1.60747172e+00
    7.66532960e-01 
   -1.71020682e-01   2.82618149e+00   1.49838494e-01  -1.08765614e+00
    1.00671416e+00  -1.81554096e+00  -2.60595954e+00  -1.18298081e+00
   -6.59883213e-01  -1.00406783e+00  -2.75115250e-01   8.29566263e-01
    8.69795828e-01   4.96931709e-01   2.55706048e-01   9.63681674e-01
   -2.04232581e-01 
   -8.15630479e-01   1.55217467e-01   3.32890893e+00   1.92960010e+00
    7.98355782e-01   6.35635072e-01  -2.34741788e+00  -1.47333838e+00
   -7.69032362e-01   6.84000561e-01  -2.14617634e+00  -1.50921736e+00
   -1.82504569e+00   1.92954117e+00   1.96852325e+00   1.31774294e+00
    3.11712644e-01 
    1.74688602e+00   7.94140569e-01  -1.23628690e+00  -3.27982909e-01
   -9.27540250e-01  -1.97783927e-01  -5.03245913e-01  -5.52901571e-01
    1.86645349e+00   1.78086758e+00  -2.58325319e+00  -2.16990838e+00
   -5.96595308e-01  -1.84987145e+00   2.51711921e+00   8.70925222e-01
   -6.08508314e-01      3.74388894e+00  -1.05405094e+00   4.90518434e-01  -2.05377207e+00
   -1.07509035e+00   1.53181848e+00  -8.23656831e-01  -1.07029731e+00
    4.41145215e-01   5.57479299e-01  -2.98937880e-01  -3.34379827e+00
   -8.47596140e-01   5.80592126e-01   1.11821842e+00  -1.42130499e+00
   -2.30272154e-01  -3.65772672e-02   4.79474276e-02  -7.79586024e-02
   -2.41822854e-01   1.60271331e+00   7.18304091e-01   2.20097776e+00
   -1.29196463e+00  -9.50425669e-01   3.00206379e-01   3.92012656e-03
    8.55389434e-02  -1.08252835e-01   1.06466346e-01  -1.06519416e+00
   -2.93082659e-02 
    5.23002852e-01   4.78341888e-01  -3.06090069e-01  -2.63395949e-01
    1.21924998e+00  -2.25440250e-01  -1.22173820e+00   8.63267858e-01
   -2.06716474e+00  -2.22107858e-01  -8.67117642e-01   4.68198497e-03
    1.14915591e+00  -1.77085721e-01   1.49876674e+00   1.50301704e-01
   -1.32120841e-01  -1.17181502e+00   2.05534159e+00  -2.08699085e+00
   -1.40566171e+00   3.28673493e-01   4.60867806e-01   1.64700958e-01
   -1.21421488e+00   7.73981349e-01   6.53241571e-01  -4.66616929e+00
    1.55383017e+00  -1.70487299e+00   1.99125643e-01  -1.11337016e+00
    4.69948197e-01 
    5.47033130e-01  -1.91394452e-01   2.75933856e+00   1.32014724e+00
   -1.66381168e+00  -2.11137231e+00  -1.25069952e+00  -7.88298318e-01
    1.18373150e+00   1.17393858e+00   2.68165523e-01   7.97962831e-01
   -1.82135966e+00   9.42282936e-02  -4.78276645e-01  -1.28543799e+00
    2.20039432e+00   5.06826599e-02  -1.30442916e+00   1.44360837e+00
   -1.30316040e+00  -2.53159932e+00  -9.00205157e-01   1.20571038e+00
    1.30347022e+00   7.31709003e-01  -2.47273019e+00  -5.02438251e-01
    2.26260267e+00   1.57474916e-02  -2.03357673e+00   1.05301088e+00
   -2.01302889e-01 
   -1.51943497e+00   2.18282546e-01  -1.49534644e+00  -1.01542307e+00
    1.98635644e+00   1.18078981e+00   1.22630739e+00   1.50339035e-01
    5.76266111e-01  -9.04381701e-01   2.95789388e+00  -1.94926833e+00
    3.18872313e-01  -7.68358808e-01  -3.23872583e+00   2.18801984e-01
    3.96895693e+00  -1.86393243e-01   3.83788721e-03  -2.24561740e+00
   -1.08931505e+00   4.37781605e-01   7.69659234e-01  -2.90321931e+00
    6.36041207e-01   5.30040567e-01   1.15642190e-01   9.06395106e-02
   -1.99415344e-01   3.31548344e-01  -1.74428084e+00  -4.91981184e-01
   -1.64867013e-01 
   -2.02061136e+00  -1.30151907e+00  -2.44294625e+00  -6.31492528e-01
    1.65545922e-04  -3.56333055e-01  -1.75009830e-01  -1.29989326e+00
   -3.41962873e-01  -3.20418959e+00   1.61010717e+00  -6.77156605e-01
   -1.19103519e-01  -2.68754210e+00   3.01381320e+00  -1.73177410e+00
    6.06941596e-04  -1.76061664e+00   2.58078632e+00  -4.59993200e-01
    1.19867590e+00  -1.07148572e+00  -3.54335658e+00   2.08143383e+00
    1.69862560e+00   1.11768699e+00  -1.50217472e+00  -8.97292196e-02
   -4.57979208e-02  -1.29352727e-02  -9.53868815e-01   1.95553637e+00
   -2.04101584e-01 
   -1.67903407e+00  -2.96050983e-01   5.58737667e-01   1.95673468e-01
    1.21168442e+00  -7.22903497e-01  -4.14792236e-01  -3.52225834e+00
    1.22685379e+00   2.05264123e-01  -1.68485801e-01   4.47885334e-01
   -9.06573637e-01   1.94946250e+00  -7.57357121e-01  -2.25586244e+00
   -1.43388999e+00   6.98350566e-01  -1.90918934e-01  -2.50635763e+00
    4.20571155e+00   5.83626717e-01  -2.23043372e-01  -2.86509541e-01
    5.11488542e-01   5.69619484e-01  -1.15190246e+00  -1.80188283e+00
   -3.91519952e+00   8.07482541e-01  -8.51801884e-02   3.42467252e-01
    3.58686922e-02 
    7.80363576e-01  -1.46771022e+00  -5.43287211e-02  -7.71662959e-01
   -2.59153583e-01  -2.73486437e+00   9.48428225e-01   1.04699741e+00
    6.14293011e-01  -2.10097240e+00  -6.77128644e-01   2.77658612e+00
    2.95836689e+00  -1.64552822e+00  -1.10949245e+00  -3.99394244e+00
   -8.84352529e-01  -6.68201666e-03  -3.60284533e-03  -7.16497969e-01
   -8.31505987e-01  -1.02286470e-01  -2.84176051e-01  -8.28933831e-01
   -1.36241455e+00  -2.24815430e+00   8.93057793e-01   4.87351224e-01
    4.84139142e-01   2.71070995e+00   1.12351209e+00   7.98847210e-02
   -5.29174900e-01 
    4.70516704e-02  -6.30665192e-01   2.17543308e+00  -6.31676109e-01
    1.93282520e+00   1.03399659e-01  -9.69352778e-01  -3.09857677e-01
   -2.24788959e-01   5.79331541e-01  -4.43040157e+00   1.27916338e-01
    3.10816571e-01  -1.93908330e+00  -4.23477131e-01   2.38420497e+00
   -2.61405810e+00  -5.05308865e-01  -2.21553550e+00  -1.50097467e-01
   -2.64617887e+00  -4.30819240e-02  -3.00541483e+00   2.69789782e-01
   -3.56895824e-01   3.51493894e+00   2.99339982e-01   8.28608614e-01
   -1.46933816e+00   7.75166190e-01   1.29977941e+00  -2.53178093e-01
   -1.19976993e+00 
   -2.14672305e+00   2.52992558e+00   1.29580359e+00   1.69312288e+00
   -2.05960842e+00  -2.59446351e-01   1.27846062e+00  -2.40151671e+00
    2.45933545e+00   3.41780010e-01   8.23285284e-01  -1.61227063e+00
    1.07491639e+00  -1.76366635e+00   1.85739755e+00   1.25377506e+00
   -6.22197199e-01  -2.58683730e+00  -3.72397287e-01   5.45821130e-01
   -1.50027076e+00  -1.83019163e+00   2.35148358e+00  -1.23863702e+00
   -1.99020143e+00  -2.98957605e-01   2.37550536e-02   2.82006025e-01
   -1.42243828e+00   8.41725741e-02   1.48991681e+00  -2.01750518e+00
   -5.44082083e-01 
    1.19556254e+00  -1.02509271e+00  -9.01885139e-01  -1.60842018e+00
   -1.21400641e-01   3.82125923e-02  -1.15696409e+00  -2.65110422e+00
   -2.66019703e+00  -2.65002299e+00  -1.99631610e+00   2.04267209e+00
   -2.65447862e+00  -1.49795885e+00   3.90213097e-01   3.82353843e-01
    4.80939125e-01  -4.39862003e-02  -2.34520956e+00   1.73394227e+00
    1.32634187e+00   1.20449252e+00   4.94295243e-01  -2.40818938e+00
    2.73060974e+00  -1.00412779e+00   2.20405507e+00   6.04501457e-01
    2.82316542e+00   4.97609723e-01  -2.81993943e-02  -2.02295327e+00
   -5.15788667e-01 
   -3.80750935e-02  -3.11928190e+00   4.40404367e-01   1.04521043e+00
   -5.85053697e-01   1.43554500e+00  -1.30189881e+00  -2.32449194e+00
   -2.01771449e+00  -2.06004406e-01   1.21068901e+00  -1.55949551e-01
   -2.61858178e+00   1.80162695e+00  -4.22642044e-01   3.16437967e-01
    2.27741078e-01  -1.47146651e+00   1.05244525e+00   1.61597647e+00
   -8.85652750e-01  -1.45485330e+00  -1.41082951e+00  -3.08837427e+00
   -1.58992003e+00  -1.70333401e+00   3.56941175e+00   9.57219171e-01
   -1.22866865e+00  -4.20383679e-01   1.46336482e+00   2.55756686e+00
   -6.80320091e-01 
   -1.12680093e+00   4.75909468e+00  -1.48857609e+00  -2.66082493e+00
   -2.23488892e+00  -1.25621509e+00  -1.17575393e+00  -1.53318059e-01
    1.07506594e+00  -2.41066763e+00  -2.72849441e+00   3.62773755e-01
   -6.50730142e-01   1.33877471e+00  -3.90482684e-01   1.58792718e+00
   -5.82414136e-01  -5.65485764e-01  -2.88961576e-02  -9.50443657e-01
    7.64082069e-01   1.83096987e+00  -6.21401387e-01   1.00912121e+00
    3.75748268e-01  -1.72803769e+00  -1.55592626e+00  -2.29080980e-02
    1.13319602e+00  -1.01698656e+00   1.82891382e+00   1.22136164e+00
   -7.36525382e-01 
   -4.26750191e-01  -9.80427908e-01  -2.53092736e+00  -2.13385022e+00
   -2.16047505e+00   1.02133861e+00  -7.67680670e-02  -1.52189462e-01
   -7.07586432e-01   3.74578308e+00   1.29182203e-01   2.24465838e+00
   -9.79551363e-01   4.36151337e-01  -5.57080727e-01  -1.34406592e+00
   -1.03460773e-01  -1.11637574e+00  -4.60926920e-01  -1.52581504e+00
    3.02356773e-01  -3.36840361e-01  -8.98028068e-01  -7.01532405e-01
   -1.36807308e-01  -1.88948517e-01  -1.97557136e+00   5.32453147e-01
    1.61470752e+00  -1.25510318e+00   2.13942375e+00  -4.26261794e-01
   -1.95955707e-01 
   -2.46144662e-01  -8.00211043e-01   4.51844789e-01   1.97382183e+00
   -2.46864869e+00   1.37072379e+00  -2.52562495e-01   1.15041918e+00
    9.59989669e-01  -7.66885984e-01  -9.50617684e-01   1.34733138e-01
   -1.73133205e+00  -7.66379106e-01  -2.76879532e+00   2.22746512e+00
   -3.16014919e+00   4.86876994e-01   1.03437723e+00  -8.51240724e-01
    8.94037390e-01  -5.70678674e-01   1.50792492e+00   3.64790965e-01
    2.32641748e-01  -2.14999003e+00   9.39861870e-01  -1.36109163e+00
   -1.85548595e-02  -1.22085446e+00  -9.49044687e-01   7.41547297e-01
   -6.16930256e-01 
   -5.98698630e-01   2.31523200e+00   3.42119785e-01  -1.12225051e+00
   -9.79760339e-01  -2.25018642e-01   9.86424157e-01   1.56490943e+00
   -1.11954324e+00   2.71311469e-01  -9.80589455e-01  -6.44308857e-01
    2.07973623e-01   3.88585984e-01   2.01802955e+00  -1.22683660e+00
    4.94028135e-01   2.61241720e-01  -1.48103997e+00   4.18655083e-01
   -8.08221001e-01   9.75206975e-01  -3.80453215e-01  -4.31894855e-01
    1.06317283e+00  -1.22306875e+00  -4.15833408e-01  -4.36047593e-01
   -2.72995267e+00  -1.42571297e-01  -2.02078832e+00  -3.00800021e+00
   -1.00005649e+00 
   -1.52083487e-01  -1.82812538e+00  -2.44625974e+00   2.11810038e+00
    1.40287483e+00   8.90671492e-01  -4.08495216e-01  -5.26339763e-01
    2.16513822e+00   1.28810840e+00   2.13151455e-01   5.60863960e-01
   -3.35165964e-02   2.75561553e-01  -1.07118979e+00  -6.47096715e-01
   -2.69044237e-01  -1.94701137e+00  -9.48276855e-01   1.70495927e+00
   -4.00992683e-01   7.79064259e-01   4.68988371e-01  -1.60709017e+00
   -4.82108928e-01  -1.63853952e+00  -1.66947930e+00  -6.77801719e-01
    1.13461272e+00  -4.89541520e-01  -9.03138031e-01  -6.84521913e-01
   -2.01741047e-01  