NN 16 32 16  -3.55515811 -0.97478658 -0.08995358  0.74078435  2.28484988 -0.93299077
  -1.6602444  -2.0719965   2.94966466 -1.32795676 -0.13600485  0.32353104
   0.85866466 -0.15455495  0.30844205 -0.41243659 -0.7607486  
   0.73603918 -0.46587939 -0.45438127 -0.39965459  1.04378457 -0.45318886
   0.11364854  0.52179501 -2.34107324  0.74432858  1.97251037 -3.61427024
   0.68746321  0.66204587 -1.9133263   1.27011361  0.55413067 
  -0.88363122  0.15237296 -2.61968413  0.88543907  2.49506443 -1.77639438
  -0.46563477 -0.73556078 -0.92715253  0.57557832 -0.04787138  0.22317191
   1.44487826 -0.80142419 -0.21204967  1.87282056  0.13884902 
   1.57850246 -0.89806384 -1.27942215  0.8769311   0.08593809 -1.23363718
   0.87652415 -0.31525012 -1.39906165  0.71406355 -1.47532173  1.64609341
   1.6322076  -1.64228603  1.05425575 -1.90389021 -0.31427882 
  -0.35448237 -1.55463377  1.43896415 -0.98719685 -0.26207382 -0.70642022
   0.00561985 -1.88860234  1.14576331 -0.51892868 -0.02548888  1.94626224
   1.59074791  2.05427735 -0.10989117 -1.463157   -0.73771765 
  -0.45227055  1.23386397  1.71302511 -1.18008102  0.6793194   1.15162504
   1.85879879 -0.29215648 -0.12427099 -0.26177809 -1.85425271  0.46715435
  -0.77462998 -1.35893163 -0.37284082 -0.12776557  0.03314278 
   0.74691247  1.55384446  1.4639471  -1.83751636 -0.03770725 -0.01686756
  -1.80167582  1.11980538 -0.64853311  0.48986669  0.75179221  0.34826299
  -0.19160005 -0.42243651 -1.36502927  0.81758076 -0.64870031 
   0.7392119  -1.30736056  1.16317553 -0.41637572  0.55520717  3.8370764
  -1.92305839 -0.12894799  2.2450467   2.18489353  0.48909834 -0.63724219
  -0.64808568 -2.50624324 -1.26998527 -0.07081175 -0.64663371 
   0.29319085  2.6217537  -0.93873795 -0.82471818  0.79737383 -1.23839156
  -1.02018404 -0.05688388 -1.60510427  2.31068617  1.35480566 -1.16941195
   0.80443581 -1.68145761  1.32457598 -1.42616793 -0.08576241 
  -1.46393343 -0.09912641 -0.80197119  1.39950504  1.65435913 -0.84752136
   1.26614464 -0.83287891 -0.91936083  1.15974476  0.42330272  1.80196878
  -2.56584927  0.47792775 -0.51836216 -1.29337644  0.29565431 
  -0.55165129  0.61379015  0.01492607 -2.69121122 -1.97134167 -1.42352259
   0.15931701  3.76556824 -1.23461659  0.59029123 -0.72244874  2.85639466
  -0.85218353 -0.29598545 -0.05554931  0.03301554 -0.59686075 
   2.68907798 -0.8187484   0.3103697   1.9247178   1.37947911 -0.56052935
  -1.26625698  0.75961557  0.23660112 -1.0743515   0.34089176 -0.4660674
  -2.85685916  0.37475841  0.92434355 -0.82506823 -0.15158554 
  -0.20844059 -1.86770654  1.25217286 -0.21419325 -0.15402482  0.34820787
  -3.41934402  0.04866217 -1.81679954  0.94620155  2.86642279  0.26589113
  -0.43579894  1.22613694 -0.64563126 -0.66377166 -1.22987056 
  -0.42073209  0.24861641 -0.65805218  0.09025821  2.11736011 -1.93972471
   0.87847128  0.60979448  0.99940118  1.54756553 -2.15166961 -1.68720353
  -0.95306618  0.38429303 -0.41099718 -0.11434816 -0.14369731 
   1.4238719  -1.79070972  0.45675268  2.76496192 -2.12053209  0.98240265
   0.47139085 -0.86128527 -1.54638147 -0.18732661 -0.38568986 -0.36920487
   0.7600336   2.30574084 -1.98194139 -0.14162167  0.56654888 
   1.33342084 -0.87987337 -0.23216036  0.00857648 -0.26463119 -0.16314708
   3.04996561 -2.83886547 -1.39901512 -0.81684791 -0.45362378 -0.86360994
   1.34236386 -1.85340398  0.81145715  0.42824512  0.48319182 
   1.34182446  0.76084795 -2.98983768 -3.92286207  0.90278846 -0.07937868
   1.01926893  1.47852789  0.71741474  0.17203126 -0.89432022 -1.02055125
  -0.30361043  1.76088605 -0.54130127  1.02187786  0.18702008 
  -1.45458872  0.24745398 -0.15539283  0.1827431   0.77778939 -1.3652975
   0.03120746  0.14936963  1.38148167 -0.92283648  1.03894305 -0.02442642
   0.78838791 -0.98013012 -0.63746424  1.11321545 -0.64485307 
  -0.1184183  -2.21412986  2.03003491 -0.22875522 -2.31197577  0.25420474
  -0.29774842  1.55370259  0.31668619  1.63717976 -1.74563112 -0.40780665
   0.63171482 -1.19815553  0.55958806  0.5947236   0.07515647 
  -1.30723802  0.47653816 -0.88238456  2.04935085 -0.74391969  1.83085481
   0.98376218 -1.60770183 -0.22486225 -1.65967433 -0.69344011  0.6915198
   1.8053164   0.24673791 -0.16991152 -1.97444163  0.41553487 
  -0.08150527  2.53188581  1.03405067 -0.42999157 -0.21591206 -4.47973842
   1.23001165  3.33955461  1.34963512 -1.95852212  0.76802204 -0.1714642
  -0.54532686 -0.63500837  0.67593272 -0.22456524 -0.2527062  
  -2.49314567  0.79310473  1.90640574 -0.21432024  1.59542628 -0.99242367
  -0.88998429 -0.55924354  2.11693074 -1.27800875  0.13147097 -1.80503428
   0.50906087  0.48663492 -1.12528691 -0.43482664  0.60570348 
  -0.32441891 -0.42869714  0.5660059  -0.87589116  2.19903975 -1.29555621
   0.0555092   2.36933711 -2.52167901 -0.72479186  1.23517987  0.88184996
   0.5922513  -0.62324964 -0.29699265 -0.82331341 -0.22627957 
  -1.97983629  0.27202916 -1.35635802  2.10039394 -1.04780421  1.01512039
   0.82158711 -0.64614465  1.05322295  1.53353305  1.43664295 -1.8775293
   0.67020442 -1.38877236  0.46446339 -0.2712315  -0.69180847 
   1.62326973  1.57927513 -2.09791758 -0.69505355 -3.40712094 -1.04770652
   0.84948869  0.68785904  1.36394498 -2.29710972  1.94710968 -0.22231224
   0.39881489 -0.31199864 -0.79198405  0.07442457 -0.19510517 
   1.67182702  0.20939898 -1.78116995  0.00488479 -1.06397949 -0.39522864
   2.67555065 -2.85926537  0.00903944 -0.25431493  0.34128381  0.98974277
  -0.12327271  1.32379654  0.85987301  1.02253442 -0.54371669 
  -0.68184505 -0.64646543  1.94046986 -0.4395345   1.53025514  1.78142394
  -2.96037738  0.1327741   0.2439612  -0.89942955 -3.06173145  0.21598985
   1.67182271 -1.35887905 -0.05761332  2.82198263 -0.27228802 
  -0.93321853  2.53027969  1.39869893 -0.01225286 -1.21707122  1.9921061
  -0.44335522 -0.13163812 -1.05311696 -2.01415043 -0.27146867 -0.15590906
  -0.94294905  0.54990382 -0.06814399  0.71040422 -0.50015391 
  -0.28466136 -1.21635601 -0.98790355  0.11816193  0.12032988  2.4087449
  -0.80226914  0.77570559  0.3173719  -2.53753415  1.25412772 -0.32295413
  -1.43176526  0.02924869  2.84982015 -1.43748734  0.56007763 
  -0.21649254  2.04191685  0.41272441 -0.79406118  0.83023997 -1.54269824
  -2.2670226  -1.5557806  -0.53779546 -0.86183292 -0.18985064  0.93292237
   0.60925475  0.45427583  0.0658106   0.99344242 -0.04454362 
  -1.09674268  0.13643209  2.55358636  1.44128673  1.07226455  0.20629037
  -1.86892763 -1.21886335 -0.67207444  0.81309503 -1.87166512 -1.35375497
  -1.65691125  1.44780533  1.5242399   1.10562831  0.28607542 
   1.38253646  0.88990535 -1.06770971 -0.28095214 -0.82407252 -0.28098908
  -0.6421493  -0.38835378  1.64245537  1.46482364 -2.1919242  -1.91504831
  -0.48860816 -1.66842029  2.33188394  0.7316706  -0.55856643      3.41933951e+00  -8.29875194e-01   3.02971610e-01  -1.99588013e+00
   -7.29535328e-01   1.23097764e+00  -6.97960820e-01  -9.86603702e-01
    5.79168616e-01   9.84902804e-01   2.68714943e-01  -2.97436854e+00
   -7.56135229e-01   3.62041169e-01   9.15699340e-01  -1.56716067e+00
   -2.23632782e-01   1.52855373e-01   2.33594864e-01   3.37174669e-01
   -2.67336297e-01   2.09160316e+00   5.23899406e-01   2.06004917e+00
   -1.58712345e+00  -8.28376211e-01   3.87639356e-01  -2.02956947e-01
   -1.34905609e-01  -4.21737443e-01   3.19464089e-01  -1.41364979e+00
   -1.35402541e-01 
    6.61778019e-01   4.12627215e-01  -3.07843361e-01  -9.13717981e-02
    1.06702013e+00  -3.02437564e-01  -1.38289879e+00   1.05311540e+00
   -2.28931941e+00  -2.09866079e-01  -8.91170433e-01   5.75394593e-02
    1.19300022e+00  -2.61486169e-01   1.56171762e+00   1.05296398e-01
    1.74843690e-01  -7.88493542e-01   2.06321365e+00  -2.12704687e+00
   -1.43677458e+00   2.71716774e-01   4.59331046e-01   6.69074518e-02
   -1.30128514e+00   6.64444411e-01   7.16997153e-01  -4.15130177e+00
    1.31811767e+00  -1.73696521e+00  -8.39555830e-02  -1.38826805e+00
    1.65252080e-01 
    6.49720440e-01   1.07845102e-02   2.81572620e+00   9.19797616e-01
   -1.97350936e+00  -1.60153906e+00  -9.44424949e-01  -8.24846037e-01
    1.46815237e+00   1.03297311e+00   3.42525773e-01   4.90771396e-01
   -2.30014016e+00   2.58069410e-02  -4.09521113e-01  -1.31770516e+00
    2.10236762e+00   3.77634969e-03  -1.39720174e+00   1.17722901e+00
   -1.37877974e+00  -2.48167449e+00  -1.25316206e+00   1.28554544e+00
    1.21654550e+00   8.01433210e-01  -2.21695997e+00  -5.38638727e-01
    1.98639311e+00  -3.32539612e-01  -2.29087507e+00   8.63446034e-01
   -3.66500034e-01 
   -1.37497769e+00   4.78982886e-01  -1.38276966e+00  -9.00093930e-01
    1.76684227e+00   1.41031898e+00   1.38265584e+00   1.53285833e-01
    4.80785386e-01  -8.67637251e-01   2.59648166e+00  -2.10775111e+00
    5.24167531e-01  -1.06714178e+00  -3.22706669e+00   1.06133712e-01
    3.75370432e+00  -1.84445817e-01   2.56572477e-01  -2.13279349e+00
   -8.92844768e-01   5.60103898e-01   8.62554044e-01  -2.93487856e+00
    5.03845132e-01   5.98214957e-01   4.23752768e-02   2.27607825e-01
   -4.27428633e-01   3.69557830e-01  -1.61680686e+00  -5.56668276e-01
   -9.53258264e-02 
   -1.72773631e+00  -1.14114307e+00  -2.24852605e+00  -4.98243137e-01
    1.66300402e-01  -3.43848044e-01   1.63496671e-01  -1.08644741e+00
   -3.50117858e-01  -2.85817826e+00   1.32573241e+00  -4.26517320e-01
   -2.11360561e-01  -2.40415615e+00   2.63337054e+00  -1.73088060e+00
   -1.75147454e-01  -1.44527885e+00   2.58326657e+00  -7.87467520e-02
    1.29904856e+00  -1.37374284e+00  -3.04986624e+00   2.16098963e+00
    1.99663809e+00   1.42115204e+00  -1.44261925e+00  -1.96186708e-01
   -7.32507333e-01  -3.67256422e-01  -1.16783154e+00   1.47799094e+00
   -2.05616366e-01 
   -1.07473487e+00  -2.10818053e-01   7.59170527e-01   7.02957442e-01
    9.87187734e-01  -6.39031904e-01  -4.06798041e-01  -3.55490427e+00
    1.07175572e+00   1.14598484e-01  -8.68983497e-02   3.73490464e-01
   -7.29745010e-01   1.95403233e+00  -9.11421767e-01  -2.03985468e+00
   -1.22406499e+00   5.56606350e-01  -1.04413181e-01  -2.59898498e+00
    4.56844147e+00   3.59191645e-01   1.18184676e-01  -7.13938743e-03
    1.28092650e-01   5.77712452e-01  -1.38650269e+00  -1.61663572e+00
   -3.56533879e+00   8.33966754e-01  -2.13434170e-01   2.25179870e-01
    8.87834356e-02 
    6.85148305e-01  -9.38123990e-01   1.23519903e-01  -1.08607453e+00
   -2.37490820e-01  -2.03687254e+00   1.29693870e+00   7.05734213e-01
    3.25595604e-01  -2.07320330e+00  -4.91953614e-01   2.59635402e+00
    3.08481721e+00  -1.56946369e+00  -1.07947202e+00  -3.85434730e+00
   -8.60732186e-01   4.48585111e-02  -2.69098733e-01  -4.00999908e-01
   -8.01226779e-01  -2.84860718e-01  -3.52140185e-01  -7.66966742e-01
   -1.42731244e+00  -1.60908655e+00   1.13373529e+00   1.88023293e-01
    4.13411866e-01   2.79049265e+00   6.77098480e-01   3.78879461e-01
   -3.11522535e-01 
    4.56789749e-02  -8.13589637e-01   2.00012803e+00  -6.13310633e-01
    1.60217906e+00  -1.41289169e-01  -8.75627916e-01   1.60657934e-02
   -2.29534035e-01   4.23712471e-01  -4.15187035e+00   6.30031518e-02
   -2.33276050e-02  -1.58508737e+00  -3.48877923e-01   2.16314310e+00
   -2.35288162e+00  -4.81336985e-01  -2.22078426e+00  -3.11333738e-01
   -2.40918649e+00  -2.33817197e-01  -2.79701610e+00   2.52341807e-01
   -3.75637878e-01   3.32311804e+00   5.19826153e-01   5.61587686e-01
   -1.56495281e+00   8.31432175e-01   9.99528772e-01  -1.69115277e-01
   -7.82481674e-01 
   -2.03144349e+00   2.27269674e+00   1.09415901e+00   1.31428027e+00
   -2.08802369e+00  -3.40624470e-01   1.21875094e+00  -2.28807068e+00
    2.15877041e+00   3.01532914e-01   7.02326482e-01  -1.43525523e+00
    1.16141879e+00  -1.47422786e+00   1.86464716e+00   1.18307529e+00
   -8.27394080e-01  -2.18086423e+00  -4.31075149e-01   4.93566060e-01
   -1.36748610e+00  -1.64911267e+00   2.08188362e+00  -1.35029421e+00
   -1.77085183e+00  -6.12433346e-01   1.36016826e-02   5.48327742e-01
   -1.28115782e+00  -1.29408589e-01   1.46009633e+00  -1.77010075e+00
   -5.56982797e-01 
    8.37172211e-01  -8.28254938e-01  -8.70855860e-01  -1.26755249e+00
   -1.29347538e-01   2.47414659e-01  -9.02351585e-01  -2.30558905e+00
   -2.38040027e+00  -2.50358307e+00  -1.82731051e+00   1.65365826e+00
   -2.46419050e+00  -1.44880065e+00   1.45294888e-01   1.17967224e-01
    6.45655385e-01  -6.05820856e-02  -2.12976597e+00   1.72489282e+00
    1.21635868e+00   1.13712545e+00   6.51500200e-01  -2.66421597e+00
    2.59881160e+00  -5.75742680e-01   1.73252460e+00   3.55507644e-01
    2.26498842e+00   2.88590681e-01   4.00255488e-02  -1.73344301e+00
   -2.68825287e-01 
   -1.82499854e-01  -2.67787256e+00   3.19277077e-01   8.02069973e-01
   -5.47147925e-01   1.16928841e+00  -1.07761315e+00  -2.23310349e+00
   -1.53286018e+00  -4.45299303e-02   1.11706353e+00   1.51290728e-01
   -2.64284254e+00   1.80719852e+00  -3.65482613e-01   2.22876427e-01
    5.66893099e-01  -1.18435867e+00   9.52566694e-01   1.64046799e+00
   -7.64141500e-01  -1.21459881e+00  -1.31188532e+00  -2.57679945e+00
   -1.71705678e+00  -1.61003869e+00   3.30704629e+00   1.01010655e+00
   -1.13305420e+00  -3.57629599e-01   1.55306998e+00   2.40172743e+00
   -4.08036939e-01 
   -1.37249800e+00   4.11200274e+00  -1.22820042e+00  -2.51632853e+00
   -2.01361363e+00  -1.20709877e+00  -1.09493594e+00   8.11589125e-02
    1.06487711e+00  -2.25678147e+00  -2.54427628e+00   2.47807870e-01
   -7.27763161e-01   1.27618880e+00  -6.06327790e-02   1.58553253e+00
   -7.76398096e-01  -4.91040691e-01  -5.31909227e-02  -8.68005302e-01
    7.75706887e-01   1.78199090e+00  -5.71244839e-01   9.04185349e-01
    7.44589035e-01  -1.67566045e+00  -1.42360242e+00  -7.65193567e-02
    9.63772388e-01  -8.27273643e-01   1.44268726e+00   1.09053388e+00
   -5.72015157e-01 
   -4.43814359e-01  -9.09353207e-01  -2.49787552e+00  -2.00867207e+00
   -2.01593821e+00   8.57226423e-01   3.19623814e-02  -2.29614095e-01
   -6.06435143e-01   3.22409548e+00   2.77959046e-02   2.08263315e+00
   -1.03574540e+00   2.25704736e-01  -4.18861718e-01  -1.27443315e+00
   -9.19483247e-02  -1.08786754e+00  -3.95616334e-01  -1.36272305e+00
    3.70045122e-01  -4.22658524e-01  -8.87243309e-01  -6.97720834e-01
    3.08844049e-02  -1.86574761e-01  -1.76682649e+00   4.38838300e-01
    1.47902002e+00  -1.18748347e+00   1.88891989e+00  -4.42076450e-01
   -2.21777573e-01 
   -3.00487634e-01  -7.68234289e-01   5.92940579e-01   1.89465655e+00
   -2.21146186e+00   1.20662706e+00  -1.85225160e-01   9.57610986e-01
    9.45223570e-01  -7.08011993e-01  -8.37148493e-01   6.25658694e-02
   -1.65168412e+00  -6.74939578e-01  -2.47098753e+00   1.95492708e+00
   -2.80366124e+00   3.86450428e-01   1.00025612e+00  -7.83882931e-01
    7.67949596e-01  -6.31045237e-01   1.36324969e+00   3.79078372e-01
    3.52866218e-01  -1.98611369e+00   9.32668799e-01  -1.25306432e+00
    1.20083168e-01  -1.02265584e+00  -8.40550897e-01   7.23540251e-01
   -4.08158291e-01 
   -5.98857070e-01   1.96517517e+00   2.84700023e-01  -1.06043482e+00
   -9.45844391e-01  -1.75633648e-01   9.18660330e-01   1.41404167e+00
   -9.26004269e-01   2.21259014e-01  -9.18499307e-01  -6.73134303e-01
    2.06084847e-01   4.31048224e-01   1.79485258e+00  -1.08038508e+00
    4.62900868e-01   2.90316554e-01  -1.19655497e+00   4.35185812e-01
   -6.07489791e-01   9.84628672e-01  -2.78909797e-01  -2.57968117e-01
    9.38256827e-01  -1.22120368e+00  -4.61832257e-01  -3.34128104e-01
   -2.22620896e+00  -1.22717277e-01  -1.73104752e+00  -2.74099207e+00
   -8.48876887e-01 
   -2.66858087e-01  -1.65118550e+00  -2.22787428e+00   1.78508056e+00
    1.33146146e+00   8.72255984e-01  -4.64574122e-01  -5.21206349e-01
    1.75569344e+00   1.20653181e+00   1.87656010e-01   4.27497296e-01
   -2.05493855e-01   2.47862294e-01  -9.67282980e-01  -3.83493780e-01
   -1.83528483e-01  -1.67872453e+00  -8.25564722e-01   1.53822181e+00
   -4.52237766e-01   6.83778251e-01   3.41517860e-01  -1.45864886e+00
   -4.91627223e-01  -1.39033960e+00  -1.61242624e+00  -5.45197472e-01
    1.04850622e+00  -5.50102270e-01  -8.82515426e-01  -5.88969500e-01
   -1.60784369e-01  