NN 16 32 16   -3.21930170e+00  -6.99822727e-01  -3.29642781e-01   5.93508163e-01
    2.02582378e+00  -1.03096057e+00  -1.56399544e+00  -1.76038464e+00
    2.69903520e+00  -1.40646055e+00  -1.53231257e-01   4.69160107e-01
    7.26072847e-01  -2.24264153e-01   2.50855036e-01  -4.06529846e-01
   -7.71202565e-01 
    6.11042534e-01  -6.35618567e-01  -3.68477124e-01  -3.82026420e-01
    9.18333763e-01  -3.22845031e-01   9.67636729e-02   4.15293746e-01
   -2.28087653e+00   6.70357064e-01   1.82389428e+00  -3.39648496e+00
    5.78045445e-01   6.50059774e-01  -1.76639014e+00   1.15286591e+00
    4.69568530e-01 
   -7.23959485e-01   1.48803936e-01  -2.52912439e+00   1.02502748e+00
    2.40121743e+00  -1.66586484e+00  -3.68168437e-01  -7.54185463e-01
   -1.02463434e+00   5.83555088e-01   1.15347236e-01   1.50611466e-01
    1.49203386e+00  -7.93250032e-01  -1.12056550e-01   1.79983027e+00
    1.79051592e-01 
    1.48388736e+00  -8.18077063e-01  -1.08121745e+00   7.26217561e-01
    8.68400295e-02  -9.93078968e-01   9.22806612e-01  -3.27498651e-01
   -1.29866072e+00   8.61489837e-01  -1.31724073e+00   1.66324536e+00
    1.67945344e+00  -1.53979841e+00   1.04192388e+00  -1.78300298e+00
   -2.93975617e-01 
   -3.56979845e-01  -1.43231375e+00   1.31197873e+00  -1.04884548e+00
   -3.12836649e-01  -5.80920216e-01  -8.15907948e-02  -1.69059175e+00
    1.28260335e+00  -3.01034882e-01  -1.23859619e-01   1.83053339e+00
    1.58888640e+00   2.06840224e+00   2.86927772e-02  -1.40438786e+00
   -6.98066637e-01 
   -4.01542798e-01   1.27925188e+00   1.41966004e+00  -1.25706160e+00
    6.88851480e-01   1.08757426e+00   1.55249157e+00  -1.93941162e-01
   -1.72059570e-02  -2.94839561e-01  -1.71115978e+00   4.93850390e-01
   -7.94164776e-01  -1.32366032e+00  -2.85400448e-01  -1.56461107e-01
   -2.58748625e-02 
    7.44814549e-01   1.39908471e+00   1.24057237e+00  -1.73094232e+00
   -8.31332730e-03  -8.95875214e-02  -1.78672573e+00   1.11756208e+00
   -5.44252844e-01   4.43741007e-01   7.30120554e-01   2.95597572e-01
   -3.08277277e-01  -5.14660326e-01  -1.36037602e+00   7.14520805e-01
   -6.93636459e-01 
    8.10074532e-01  -1.38066662e+00   8.78102051e-01  -3.06929268e-01
    8.00537596e-01   3.65377758e+00  -1.77547809e+00   9.23773837e-02
    2.12670037e+00   2.17366142e+00   5.71843283e-01  -6.00520911e-01
   -6.01831614e-01  -2.40586271e+00  -1.16504974e+00  -3.89659077e-03
   -6.01945388e-01 
    2.67755190e-01   2.41956245e+00  -8.85960505e-01  -7.79740995e-01
    8.84561752e-01  -1.08185572e+00  -1.00186228e+00  -1.13912108e-01
   -1.48011559e+00   2.23639097e+00   1.24186892e+00  -1.10164704e+00
    6.52507188e-01  -1.76179677e+00   1.14119953e+00  -1.44026944e+00
   -1.62462334e-01 
   -1.51980762e+00  -4.15605499e-02  -7.30092027e-01   1.25345859e+00
    1.50367012e+00  -6.84202565e-01   1.31249599e+00  -8.79915922e-01
   -9.35511537e-01   1.11022429e+00   2.33758489e-01   1.86616328e+00
   -2.45551139e+00   5.02016541e-01  -3.98773248e-01  -1.27680982e+00
    2.43490256e-01 
   -4.74776929e-01   3.51274817e-01  -2.88075049e-03  -2.54872825e+00
   -1.98758609e+00  -1.33863336e+00   1.42931575e-01   3.85822613e+00
   -9.42060766e-01   5.50390072e-01  -7.66337716e-01   2.50199983e+00
   -8.64478176e-01  -3.37092234e-01  -8.18680855e-02  -1.31045387e-02
   -6.60258089e-01 
    2.54921635e+00  -7.37473741e-01   4.35409471e-01   1.84673505e+00
    1.41939077e+00  -4.75220433e-01  -1.41271421e+00   7.04026782e-01
    1.60487504e-01  -9.73265490e-01   1.91546706e-01  -7.04434464e-01
   -2.68901537e+00   3.14743339e-01   8.45298060e-01  -6.95243759e-01
   -9.64857636e-02 
   -1.52172011e-01  -1.61744963e+00   1.20369234e+00  -1.20555456e-01
   -5.07576047e-03   3.50571687e-01  -3.14490138e+00   3.54951321e-01
   -1.88399734e+00   9.76313580e-01   2.86632507e+00   4.49230665e-01
   -3.37382588e-01   1.17747150e+00  -5.92377693e-01  -4.98748851e-01
   -1.07593669e+00 
   -3.86244675e-01   4.99456291e-02  -5.03997535e-01   1.07861135e-01
    2.01605852e+00  -1.93202489e+00   8.12626715e-01   6.02326259e-01
    9.05391924e-01   1.57155988e+00  -2.16633020e+00  -1.63133148e+00
   -8.64755901e-01   4.63659923e-01  -4.16749316e-01  -8.23100109e-02
   -1.39848800e-01 
    1.28476121e+00  -1.92977769e+00   5.57796814e-01   2.69082674e+00
   -2.11321938e+00   9.41651663e-01   3.50095533e-01  -6.06111845e-01
   -1.55225598e+00  -1.77695000e-02  -3.46146164e-01  -4.56143127e-01
    8.61332106e-01   2.37978314e+00  -1.68874791e+00  -2.29036011e-02
    6.68881090e-01 
    1.23405173e+00  -9.09502944e-01  -3.89739800e-02   2.49856451e-03
   -2.81696817e-01  -1.83221119e-02   3.03991328e+00  -2.75873280e+00
   -1.41834872e+00  -7.44248032e-01  -4.10309957e-01  -9.19838617e-01
    1.41021058e+00  -1.71333007e+00   6.85972755e-01   3.19097789e-01
    4.76846704e-01 
    1.45436579e+00   5.82701754e-01  -3.03621308e+00  -3.78771399e+00
    7.42418237e-01  -5.30918491e-02   9.00976498e-01   1.55385504e+00
    6.25199219e-01   9.44011239e-02  -8.68161953e-01  -1.00723502e+00
   -3.08860645e-01   1.74258300e+00  -5.34510991e-01   9.22416381e-01
    1.11822096e-01 
   -1.35230109e+00   4.03170950e-01  -1.80903529e-01   6.03361752e-02
    6.66009555e-01  -1.28697901e+00   1.40778751e-01   5.18861357e-02
    1.35640828e+00  -8.55243888e-01   9.49643632e-01  -3.12697947e-02
    7.49002687e-01  -9.52472059e-01  -5.87120374e-01   1.02227616e+00
   -6.18972332e-01 
   -1.50442084e-01  -2.07560851e+00   1.88467110e+00   4.94142310e-02
   -2.19285808e+00   4.57184530e-01  -1.85761530e-01   1.43072593e+00
    3.07855729e-01   1.61336410e+00  -1.90920210e+00  -5.33440553e-01
    6.04365214e-01  -1.11613118e+00   5.80811352e-01   6.05087937e-01
    1.16023246e-01 
   -1.34981605e+00   4.95571249e-01  -8.41893399e-01   1.88445563e+00
   -8.02520857e-01   1.75131714e+00   8.77385540e-01  -1.49929149e+00
   -2.76395681e-01  -1.75443179e+00  -7.63492320e-01   7.33007032e-01
    1.71161285e+00   2.72148308e-01  -1.82944207e-01  -1.87487235e+00
    3.79583690e-01 
    9.48501642e-02   2.38348918e+00   1.08116555e+00  -4.53611906e-01
   -5.40921151e-01  -4.28271395e+00   1.15342904e+00   3.19791439e+00
    1.27875041e+00  -1.85786662e+00   6.39892073e-01  -3.40481215e-01
   -5.20058390e-01  -5.49960555e-01   5.77360063e-01  -1.38222293e-01
   -2.35784227e-01 
   -2.42911072e+00   9.44182202e-01   1.65263979e+00  -4.00878295e-01
    1.60052155e+00  -9.94882137e-01  -6.32748743e-01  -5.93283156e-01
    2.06304261e+00  -1.25229761e+00   9.48879290e-02  -1.71309990e+00
    4.69504009e-01   5.38660983e-01  -1.12143977e+00  -3.86074462e-01
    5.87377338e-01 
   -3.12061605e-01  -4.69973364e-01   4.46015991e-01  -8.60289231e-01
    2.19124560e+00  -1.40607481e+00   9.61039046e-02   2.08212494e+00
   -2.39034417e+00  -8.22273144e-01   1.03416737e+00   7.41811310e-01
    5.33111387e-01  -6.78169941e-01  -3.49873799e-01  -7.73397875e-01
   -3.16762891e-01 
   -1.79587306e+00   2.52968750e-01  -1.46291031e+00   1.86407373e+00
   -1.01057063e+00   9.37179365e-01   8.08607103e-01  -8.18217172e-01
    1.11219886e+00   1.47566824e+00   1.55338849e+00  -1.72540362e+00
    6.63815222e-01  -1.32502497e+00   4.22049054e-01  -2.53010930e-01
   -6.65462281e-01 
    1.56019533e+00   1.43845426e+00  -1.97474909e+00  -7.00117994e-01
   -3.26566888e+00  -9.61286172e-01   9.71498065e-01   6.39052315e-01
    1.29024439e+00  -2.36147869e+00   1.94276881e+00  -3.49562225e-01
    3.26700807e-01  -2.41324577e-01  -7.71457956e-01   2.11798430e-02
   -1.96163059e-01 
    1.54037303e+00  -2.38580216e-02  -1.54254896e+00  -2.46717670e-01
   -1.23961569e+00  -4.51760172e-01   2.53558367e+00  -2.89019874e+00
    1.64501577e-02  -3.09187178e-01   2.84401258e-01   8.97824637e-01
   -1.61838235e-01   1.30378926e+00   9.00465153e-01   8.79430594e-01
   -6.28688377e-01 
   -6.55522847e-01  -5.48913518e-01   1.88044744e+00  -1.69827940e-01
    1.36674932e+00   1.61720084e+00  -2.66753163e+00   6.69564100e-03
    3.51460229e-01  -7.54819518e-01  -2.84772923e+00   3.72568535e-01
    1.69673683e+00  -1.21831384e+00   1.25851308e-01   2.82939646e+00
   -1.33241989e-01 
   -7.15070995e-01   2.45870524e+00   1.20898798e+00  -2.24901865e-02
   -1.14398799e+00   2.11805329e+00  -4.09762298e-01  -2.13029845e-01
   -9.85974465e-01  -1.91971666e+00  -3.49689492e-01  -1.81355508e-01
   -8.77686552e-01   5.62055653e-01  -5.95231944e-02   7.14472980e-01
   -4.46692953e-01 
   -4.14822476e-01  -1.26228704e+00  -1.12345204e+00   1.13017029e-01
    3.43159960e-01   2.22199193e+00  -8.22151432e-01   8.15766499e-01
    2.91492262e-01  -2.38096132e+00   1.17549665e+00  -2.11104863e-01
   -1.42886158e+00  -3.14676224e-02   2.54746743e+00  -1.37665319e+00
    4.69014301e-01 
   -2.61446623e-01   1.92058096e+00   4.52264686e-01  -7.73173761e-01
    7.86906196e-01  -1.44271763e+00  -2.14233924e+00  -1.50198839e+00
   -2.68386921e-01  -7.47593668e-01  -1.78570176e-01   8.94263911e-01
    5.34091991e-01   3.73757662e-01   3.37354883e-02   9.54683784e-01
   -1.19965865e-02 
   -1.29275999e+00   3.44497546e-01   2.46792405e+00   1.49672621e+00
    1.08233523e+00   2.76582713e-01  -1.69916572e+00  -9.85399864e-01
   -6.12483710e-01   7.81851512e-01  -1.75986993e+00  -1.34232646e+00
   -1.53428671e+00   1.41141176e+00   1.36747302e+00   1.11735891e+00
    3.45827469e-01 
    1.30945996e+00   9.78296114e-01  -9.36316918e-01  -3.48929152e-01
   -7.72681554e-01  -3.64749457e-01  -6.16277043e-01  -3.78179768e-01
    1.53637588e+00   1.44486238e+00  -2.02458598e+00  -1.72204642e+00
   -3.78484973e-01  -1.61634331e+00   2.30964963e+00   7.03213979e-01
   -4.98422769e-01      3.18128211e+00  -9.05018980e-01   2.63898100e-01  -1.92346579e+00
   -8.47663713e-01   1.01611913e+00  -5.98249769e-01  -1.00454300e+00
    5.83708915e-01   9.80311420e-01   2.92064925e-01  -2.80586632e+00
   -8.68731980e-01   2.83839172e-01   7.12757347e-01  -1.59434509e+00
   -4.27382397e-01   1.81230031e-01   3.86085992e-02   5.21452891e-01
   -3.05855449e-01   2.12271645e+00   3.17420509e-01   2.02133068e+00
   -1.67896047e+00  -9.32562607e-01   4.23758146e-01  -8.35501677e-02
   -1.60251710e-01  -3.80468024e-01   3.75026254e-01  -1.57161990e+00
   -3.13545036e-01 
    5.24524694e-01   4.28563866e-01  -4.58109347e-01  -2.80151421e-02
    9.75287552e-01  -3.54501716e-01  -1.39282375e+00   9.93844763e-01
   -2.33494177e+00  -1.33838134e-01  -9.14020058e-01   1.88936224e-01
    1.32636207e+00  -2.31156822e-01   1.84842966e+00   1.05005501e-01
    1.75594360e-01  -7.86010306e-01   2.02254396e+00  -2.00055283e+00
   -1.65009751e+00   1.79360225e-01   2.64310463e-01   2.06326276e-01
   -1.52542759e+00   5.30983155e-01   6.22458787e-01  -3.85657378e+00
    1.30871661e+00  -1.77712459e+00   6.91385551e-02  -1.30775223e+00
    1.28292149e-01 
    7.35109251e-01   1.27592689e-01   2.93305565e+00   8.10631212e-01
   -1.86326980e+00  -1.44373301e+00  -8.60667991e-01  -7.63172238e-01
    1.57895601e+00   1.09101700e+00   3.68205741e-01   2.64899497e-01
   -2.26766002e+00  -3.93053479e-03  -3.66819036e-01  -1.19113592e+00
    2.28561313e+00  -6.57296765e-03  -1.43153752e+00   1.15340377e+00
   -1.29615023e+00  -2.36838644e+00  -1.16298276e+00   1.24973522e+00
    1.20782402e+00   9.71829848e-01  -2.09669340e+00  -6.52563834e-01
    1.96794412e+00  -2.76089171e-01  -2.42105984e+00   8.70029292e-01
   -2.44802952e-01 
   -1.26854488e+00   5.77452744e-01  -1.31759601e+00  -9.67136913e-01
    1.53526048e+00   1.27071625e+00   1.36855017e+00   3.38291476e-01
    3.93157859e-01  -8.79447292e-01   2.43517832e+00  -2.25624202e+00
    5.58197221e-01  -1.03535158e+00  -3.23958145e+00   9.87357584e-03
    3.79441935e+00  -2.16387744e-01   3.40391571e-01  -2.09708621e+00
   -1.06396218e+00   5.95891418e-01   7.86643845e-01  -2.78979316e+00
    4.82532748e-01   4.94681595e-01   5.85536643e-02   1.70888816e-01
   -2.69753454e-01   2.87434691e-01  -1.77832605e+00  -4.68886678e-01
   -1.24608927e-01 
   -1.54911272e+00  -9.84312777e-01  -2.02784671e+00  -3.44288822e-01
    2.65202237e-01  -4.05951347e-01   2.27912827e-01  -1.02413037e+00
   -2.26350960e-01  -2.75195080e+00   1.28441144e+00  -3.10299427e-01
   -1.53646654e-01  -2.28170645e+00   2.70923342e+00  -1.64631865e+00
   -5.68324121e-02  -1.42201535e+00   2.70205769e+00   1.99485198e-02
    1.33012411e+00  -1.31554640e+00  -2.92795628e+00   2.18876531e+00
    2.05329299e+00   1.41238884e+00  -1.46563435e+00  -3.33153577e-01
   -8.18379012e-01  -4.53689968e-01  -9.79725272e-01   1.50348735e+00
   -7.60088086e-02 
   -7.77089269e-01  -2.10616404e-01   7.17212579e-01   6.64517890e-01
    1.02460339e+00  -7.37158730e-01  -3.88072436e-01  -3.59760160e+00
    9.25717675e-01   3.89253737e-02   1.09766163e-02   2.13661456e-01
   -5.62551450e-01   1.82080687e+00  -8.95074510e-01  -2.10365096e+00
   -1.32778661e+00   4.37027500e-01  -2.05907230e-02  -2.71789064e+00
    4.52478424e+00   4.14171018e-01   1.36035945e-01   7.79117188e-02
    7.76001110e-02   4.96688871e-01  -1.50716430e+00  -1.61399800e+00
   -3.42360359e+00   7.37835370e-01  -2.11314345e-01   8.91474301e-02
    8.21676944e-02 
    7.48264446e-01  -8.23370917e-01   2.66533014e-01  -1.07296983e+00
   -4.44505249e-01  -1.82454269e+00   1.30691276e+00   8.48579817e-01
    1.90946266e-01  -2.09524366e+00  -5.30971065e-01   2.54868582e+00
    3.10772608e+00  -1.52159040e+00  -1.12218122e+00  -3.80172720e+00
   -9.78716130e-01   1.85532748e-01  -3.07798031e-01  -2.36051823e-02
   -7.26338685e-01  -3.51021934e-01  -3.01734857e-01  -6.17603359e-01
   -1.64659458e+00  -1.77749794e+00   1.21050349e+00   1.55475523e-01
    3.95571497e-01   2.66374225e+00   6.67424350e-01   5.38855035e-01
   -2.63783848e-01 
    3.07936394e-02  -7.57321859e-01   1.97517383e+00  -6.44168702e-01
    1.55227432e+00  -1.70911760e-01  -8.99459538e-01   7.53481751e-03
   -1.38056677e-01   4.26158907e-01  -3.99740827e+00   5.17745187e-02
   -7.20487732e-02  -1.38837255e+00  -3.61401263e-01   2.14441064e+00
   -2.21191247e+00  -5.45143006e-01  -2.25660308e+00  -3.30274141e-01
   -2.30677148e+00  -2.16783063e-01  -2.68420153e+00   3.09185911e-01
   -2.02252047e-01   3.20190048e+00   6.06084511e-01   6.33403388e-01
   -1.62842306e+00   9.90734165e-01   9.97034051e-01  -1.87258752e-01
   -6.74922513e-01 
   -1.86850827e+00   2.22517185e+00   1.08717905e+00   1.17153861e+00
   -1.96895021e+00  -3.57459986e-01   1.13379779e+00  -2.14786592e+00
    1.96929897e+00   2.51923230e-01   4.40167084e-01  -1.34220561e+00
    1.16314909e+00  -1.48110023e+00   2.01613744e+00   1.31182786e+00
   -9.04430165e-01  -2.06860350e+00  -4.65894588e-01   5.26970058e-01
   -1.49630563e+00  -1.58631487e+00   2.04157532e+00  -1.37244945e+00
   -1.73611183e+00  -6.49295767e-01   3.09313549e-02   6.40484275e-01
   -1.15533697e+00  -1.90144671e-01   1.48212398e+00  -1.68073738e+00
   -5.56183271e-01 
    7.72490234e-01  -7.26899313e-01  -8.02411987e-01  -1.27819415e+00
   -1.64411245e-01   1.63112104e-01  -8.38581784e-01  -2.24904356e+00
   -2.22409090e+00  -2.40989551e+00  -1.77011441e+00   1.60376522e+00
   -2.35155545e+00  -1.42335127e+00  -5.25981030e-02  -3.73960140e-02
    7.64741317e-01   2.58142037e-02  -2.10540180e+00   1.70605865e+00
    1.31586910e+00   1.25592882e+00   6.28768268e-01  -2.53311610e+00
    2.59741628e+00  -5.02444280e-01   1.53910689e+00   2.57088655e-01
    2.16717935e+00   3.57729508e-01   7.03020917e-02  -1.62386176e+00
   -1.83524315e-01 
   -2.26741342e-01  -2.48796053e+00   2.74009361e-01   6.81237164e-01
   -4.88243782e-01   1.03097397e+00  -9.91388900e-01  -2.20118222e+00
   -1.42326972e+00  -8.77038954e-02   1.08574130e+00   2.91853955e-01
   -2.59074539e+00   1.85601855e+00  -4.24257623e-01   1.86109803e-01
    5.41719952e-01  -1.14413251e+00   9.49819162e-01   1.44735753e+00
   -6.98410705e-01  -1.03074924e+00  -1.27528524e+00  -2.57481950e+00
   -1.76382157e+00  -1.63286165e+00   3.17674519e+00   8.69829445e-01
   -1.18819850e+00  -3.48032947e-01   1.48278178e+00   2.34962961e+00
   -3.92524134e-01 
   -1.37593851e+00   3.93304222e+00  -1.08655955e+00  -2.46709112e+00
   -1.92813706e+00  -1.06242583e+00  -1.08025432e+00   2.31526306e-01
    1.00991698e+00  -2.15685365e+00  -2.56939458e+00   2.09055046e-01
   -7.86549172e-01   1.35293794e+00   2.05239772e-01   1.57685522e+00
   -8.06712052e-01  -4.45375462e-01   1.73340851e-03  -7.22894326e-01
    7.73157939e-01   1.83544945e+00  -4.48563043e-01   9.37497360e-01
    7.76236376e-01  -1.73889442e+00  -1.25661423e+00  -7.13203143e-03
    8.47617252e-01  -7.98668525e-01   1.39005537e+00   1.05627304e+00
   -4.61248870e-01 
   -4.51218968e-01  -8.33338202e-01  -2.45310585e+00  -1.96103573e+00
   -1.95704849e+00   8.24490773e-01   1.06091177e-01  -2.42649238e-01
   -5.51240383e-01   3.06124468e+00   4.87212306e-02   2.06129695e+00
   -1.03230482e+00   1.75122046e-01  -3.56928794e-01  -1.23805922e+00
   -4.73234927e-02  -1.03555010e+00  -3.45409926e-01  -1.29105983e+00
    4.60256242e-01  -4.17350452e-01  -8.51381404e-01  -6.57696355e-01
    1.03839363e-01  -1.69975023e-01  -1.69486635e+00   4.51591389e-01
    1.45222836e+00  -1.15137621e+00   1.82151117e+00  -4.33737610e-01
   -1.73339066e-01 
   -3.29326997e-01  -8.07061559e-01   5.67317279e-01   1.84152935e+00
   -2.14157979e+00   1.14749827e+00  -1.91511215e-01   8.91781135e-01
    9.02264105e-01  -6.98891585e-01  -8.13933238e-01   2.67658517e-03
   -1.63450678e+00  -6.84385955e-01  -2.40117941e+00   1.87042574e+00
   -2.70775603e+00   3.16715923e-01   9.52296954e-01  -7.52285543e-01
    6.85274808e-01  -6.82298824e-01   1.28646063e+00   3.29841884e-01
    3.90375839e-01  -1.95086689e+00   8.86982122e-01  -1.22103673e+00
    1.48124500e-01  -9.91106477e-01  -8.55440430e-01   6.75699295e-01
   -4.07585447e-01 
   -6.77325169e-01   1.85893153e+00   2.28153414e-01  -1.03412717e+00
   -9.57898190e-01  -1.64997913e-01   9.05314203e-01   1.33535036e+00
   -8.16126471e-01   1.40204246e-01  -8.19022166e-01  -6.67463411e-01
    2.27223654e-01   4.54381573e-01   1.64828460e+00  -1.02857094e+00
    4.71263134e-01   2.35539234e-01  -1.10223374e+00   3.73178024e-01
   -5.48392490e-01   8.95755738e-01  -2.27550577e-01  -2.70005111e-01
    8.94369650e-01  -1.21985999e+00  -5.13637522e-01  -3.26649731e-01
   -2.02231156e+00  -1.29759871e-01  -1.67273130e+00  -2.60233914e+00
   -8.21036544e-01 
   -2.51245197e-01  -1.59813744e+00  -2.17113174e+00   1.61224994e+00
    1.24446203e+00   8.67416774e-01  -4.92953231e-01  -4.42750357e-01
    1.59979861e+00   1.16145873e+00   1.31593923e-01   3.58729173e-01
   -2.18459101e-01   2.11980832e-01  -9.38730065e-01  -3.63922278e-01
   -2.37963774e-01  -1.61291619e+00  -8.24831680e-01   1.52146045e+00
   -5.95562617e-01   6.73429472e-01   2.54498896e-01  -1.39686367e+00
   -5.83425500e-01  -1.40049477e+00  -1.51023699e+00  -4.71562255e-01
    1.05359336e+00  -5.45879992e-01  -7.87103943e-01  -5.82169408e-01
   -1.89779945e-01  