NN 16 32 16   -3.73943749e+00  -1.02806963e+00  -4.93352833e-03   5.87000998e-01
    2.35438164e+00  -8.65144253e-01  -1.93669629e+00  -2.12099727e+00
    3.37121353e+00  -1.19682508e+00  -1.69961235e-01   2.75828510e-01
    9.44210044e-01  -1.81934134e-01   3.04069840e-01  -4.97341812e-01
   -8.16256313e-01 
    5.47978397e-01  -5.54907400e-01  -4.53624998e-01  -2.42899426e-01
    1.15906181e+00  -5.16501760e-01   2.36897601e-01   5.17344390e-01
   -2.71964344e+00   6.98039161e-01   2.10809385e+00  -3.73189472e+00
    7.43512847e-01   7.05539763e-01  -2.10939532e+00   1.28691422e+00
    5.69326422e-01 
   -8.84976709e-01   1.14984160e-01  -2.63080862e+00   8.42625861e-01
    2.51635072e+00  -1.92118484e+00  -6.63279897e-01  -7.86233848e-01
   -1.05047780e+00   4.42579766e-01  -4.34302158e-01   2.37589871e-01
    1.42696650e+00  -8.20747321e-01  -3.06594090e-01   1.95553447e+00
    9.21441739e-02 
    1.59844687e+00  -6.90775414e-01  -1.36487406e+00   1.11522362e+00
    8.40911014e-02  -1.12405887e+00   7.42652869e-01  -2.83319026e-01
   -1.55919425e+00   8.31764737e-01  -1.59303318e+00   1.75705018e+00
    1.74994117e+00  -1.59485569e+00   1.20841206e+00  -1.87037030e+00
   -1.93486175e-01 
   -2.12290354e-01  -1.51980144e+00   1.54195270e+00  -1.14426686e+00
   -1.23465615e-01  -5.71646991e-01  -5.16703857e-02  -2.01070002e+00
    1.16903241e+00  -5.26815975e-01   4.12682639e-02   2.02105007e+00
    1.56449428e+00   2.18218747e+00  -1.51097857e-01  -1.47439384e+00
   -7.05334197e-01 
   -3.89866539e-01   1.22085899e+00   1.81441863e+00  -1.31531113e+00
    7.52146315e-01   1.24636163e+00   2.01386284e+00  -5.14357742e-01
   -1.23038144e-03  -2.58180568e-01  -1.91915736e+00   4.13874449e-01
   -8.33734902e-01  -1.43504675e+00  -4.79549464e-01  -9.03520571e-02
    3.82693101e-02 
    8.62127784e-01   1.57908731e+00   1.61427969e+00  -1.90314553e+00
   -5.92324487e-03   5.03233344e-02  -1.77049709e+00   1.32278161e+00
   -4.72860915e-01   6.10816277e-01   9.12410204e-01   3.16511751e-01
   -1.03993315e-01  -3.79626793e-01  -1.38203826e+00   8.50600248e-01
   -6.45736122e-01 
    6.34243143e-01  -1.33013392e+00   1.11152795e+00  -3.97883399e-01
    6.80274992e-01   4.12305818e+00  -2.15324548e+00  -2.00252319e-02
    2.38381644e+00   2.30621761e+00   3.41701826e-01  -4.03428119e-01
   -6.18163638e-01  -2.59640664e+00  -1.34214729e+00  -7.11640299e-02
   -6.41908236e-01 
    2.17296755e-01   2.73355882e+00  -8.18755452e-01  -9.77412747e-01
    7.45288286e-01  -1.35698236e+00  -9.94739483e-01  -1.85255561e-01
   -1.69637174e+00   2.38206413e+00   1.43398397e+00  -1.10231622e+00
    9.22630115e-01  -1.72398288e+00   1.45519977e+00  -1.55324875e+00
   -7.66227710e-02 
   -1.34731677e+00  -1.01432529e-02  -7.77748796e-01   1.14866574e+00
    1.69976592e+00  -1.00156503e+00   1.28259245e+00  -9.45383387e-01
   -1.10035287e+00   9.55559698e-01   5.98441732e-01   2.00249411e+00
   -2.74340305e+00   5.11050354e-01  -6.82812847e-01  -1.33924271e+00
    3.06203347e-01 
   -4.60397261e-01   4.12751854e-01  -5.89502857e-02  -2.82686949e+00
   -2.03024998e+00  -1.55050984e+00   1.61670003e-01   4.19469547e+00
   -1.12561186e+00   5.57700254e-01  -4.51847093e-01   3.01360195e+00
   -9.63208619e-01  -2.72722167e-01  -3.65380225e-02   9.84746252e-02
   -5.45526984e-01 
    3.00204878e+00  -8.39022446e-01   3.15254117e-01   1.98696150e+00
    1.50368341e+00  -4.93843597e-01  -1.41075429e+00   6.62793953e-01
    2.83706595e-01  -1.15490051e+00   3.58877853e-01  -3.79217136e-01
   -2.91908955e+00   4.41743786e-01   1.07557825e+00  -8.74029579e-01
   -1.51041391e-01 
   -2.86671946e-01  -2.14874986e+00   1.40389378e+00   1.56523901e-01
   -1.19510745e-01   2.86441633e-01  -3.47436383e+00   1.39235506e-02
   -1.68442551e+00   1.10712906e+00   2.87004688e+00  -2.46154191e-02
   -4.21332621e-01   1.26756076e+00  -6.00184720e-01  -6.93108302e-01
   -1.27022188e+00 
   -5.12769479e-01   2.51656272e-01  -5.13175648e-01   2.11242085e-02
    2.12552906e+00  -2.01335645e+00   9.29027360e-01   8.65378985e-01
    1.02218354e+00   1.54361886e+00  -2.30464846e+00  -1.80735431e+00
   -1.02869562e+00   3.39983165e-01  -4.65287702e-01  -1.50999868e-01
   -1.84185851e-01 
    1.61163074e+00  -1.85316572e+00   6.25699270e-01   2.89425987e+00
   -2.11419655e+00   7.23648347e-01   4.17701611e-01  -8.36558676e-01
   -1.61141513e+00  -1.60093023e-01  -3.73905652e-01  -1.72908345e-01
    8.14145027e-01   2.43680582e+00  -2.07647386e+00  -8.92448365e-02
    6.49699262e-01 
    1.49244182e+00  -1.04347262e+00  -1.95023540e-01   7.14707492e-02
   -3.00976095e-01  -2.63459482e-01   3.14769379e+00  -2.97271038e+00
   -1.18835587e+00  -9.04790178e-01  -4.30524855e-01  -7.78965439e-01
    1.25464703e+00  -1.85659054e+00   9.46825250e-01   5.82526131e-01
    5.54986989e-01 
    1.52090352e+00   5.40700643e-01  -3.08139719e+00  -4.18720824e+00
    1.02390205e+00   1.27926154e-01   7.89999797e-01   1.50499140e+00
    8.05026897e-01   1.58043929e-01  -8.79519896e-01  -1.13982130e+00
   -3.10101950e-01   1.73843475e+00  -5.44347752e-01   1.11801061e+00
    2.47336739e-01 
   -1.42524061e+00   4.53599661e-01  -2.30497236e-01   2.36320733e-01
    6.90552514e-01  -1.55972475e+00   1.11451994e-01   3.13884718e-01
    1.48063008e+00  -9.32245318e-01   1.20273883e+00   2.17719207e-01
    8.96511217e-01  -1.00982963e+00  -6.60200729e-01   1.19726442e+00
   -6.47113314e-01 
   -4.90989945e-02  -2.44214355e+00   2.12176403e+00  -4.12419989e-02
   -2.40556489e+00   3.60809429e-01  -2.51727821e-01   1.48086441e+00
    1.29986207e-01   1.64705840e+00  -1.65315118e+00  -5.97520652e-01
    5.34445458e-01  -1.10837499e+00   6.15108245e-01   6.29718527e-01
    1.17067927e-01 
   -1.40558092e+00   5.15230332e-01  -7.48775972e-01   2.20591638e+00
   -8.13539973e-01   1.80665936e+00   1.02126730e+00  -1.55348209e+00
   -2.48373408e-01  -1.80900530e+00  -6.14395638e-01   6.27269169e-01
    1.81561639e+00   9.77331895e-02  -2.46337127e-01  -2.23325837e+00
    3.60548565e-01 
   -1.00008085e-01   2.52634334e+00   1.13130075e+00  -4.94418127e-01
   -2.39313783e-01  -4.66974421e+00   1.17117596e+00   3.41914806e+00
    1.24396014e+00  -2.36534641e+00   8.55189966e-01  -3.03032707e-01
   -4.93724940e-01  -7.68970253e-01   7.08345920e-01  -3.31909853e-01
   -3.08899575e-01 
   -2.65885334e+00   9.39980915e-01   1.89306456e+00  -7.12833320e-02
    1.57100647e+00  -8.76194982e-01  -1.27960526e+00  -4.30191226e-01
    2.39357467e+00  -1.15351178e+00   3.43091020e-01  -1.84477194e+00
    5.19812878e-01   4.73286720e-01  -1.15008990e+00  -4.45301601e-01
    6.25141925e-01 
   -2.95715925e-01  -6.54394517e-01   6.16104557e-01  -9.05363043e-01
    2.39186122e+00  -1.32575375e+00   2.65382371e-01   2.36686933e+00
   -2.54398723e+00  -6.31778055e-01   1.27877115e+00   7.81952755e-01
    4.47407121e-01  -7.86510126e-01  -4.66145267e-01  -1.08215877e+00
   -3.52476091e-01 
   -2.06339149e+00   2.43389162e-01  -1.37626298e+00   2.14357203e+00
   -9.77073904e-01   1.22660659e+00   7.10983279e-01  -6.74152653e-01
    9.21686924e-01   1.38437737e+00   1.65619854e+00  -1.73740683e+00
    8.41797350e-01  -1.30080927e+00   6.12527827e-01  -2.74562933e-01
   -6.07665163e-01 
    2.00436162e+00   1.52579422e+00  -2.01814366e+00  -9.85643861e-01
   -3.62554369e+00  -1.29572816e+00   1.00323220e+00   4.86201811e-01
    1.22070427e+00  -2.53089515e+00   1.93425254e+00  -8.40394377e-02
    6.53482714e-01  -3.34212750e-01  -7.40043428e-01   1.48771833e-01
   -1.27646557e-01 
    1.67528337e+00   2.98727044e-01  -1.85730923e+00  -1.23217181e-01
   -1.03527158e+00  -4.59342917e-01   2.78829749e+00  -3.02634969e+00
   -1.85665677e-01  -2.67949473e-01   1.94924685e-01   1.02111365e+00
   -2.25038949e-01   1.34977099e+00   7.81339048e-01   1.11521499e+00
   -5.37891920e-01 
   -6.16500291e-01  -4.37370151e-01   1.97496081e+00  -3.03732100e-01
    1.53696772e+00   1.97641062e+00  -3.29705873e+00   4.24672266e-01
    4.03915089e-01  -8.36990615e-01  -3.23391341e+00   1.46640657e-01
    1.96673806e+00  -1.39939367e+00  -5.24145326e-02   3.12547504e+00
   -2.35687217e-01 
   -6.65487306e-01   2.71493015e+00   1.23781852e+00   1.32904699e-01
   -1.39200883e+00   2.02957948e+00  -5.38680375e-01  -1.02771299e-01
   -8.80907695e-01  -2.23425217e+00  -1.68015733e-01  -1.36210876e-01
   -8.91091991e-01   6.17978627e-01  -5.70803638e-02   7.95160305e-01
   -5.13037871e-01 
   -2.84541568e-01  -1.13766321e+00  -1.20808157e+00   1.21291701e-01
   -1.83010857e-02   2.64089704e+00  -8.42791626e-01   7.66301967e-01
    4.04885994e-01  -2.65899492e+00   1.19141812e+00  -2.77934350e-01
   -1.43112526e+00  -1.91268372e-02   3.09537413e+00  -1.52180757e+00
    6.20374482e-01 
   -1.71131589e-01   2.36376610e+00   2.48622817e-01  -8.55677045e-01
    8.77079727e-01  -1.58277126e+00  -2.47318196e+00  -1.25979134e+00
   -5.00616061e-01  -8.80633140e-01  -1.58669164e-01   9.31303664e-01
    7.84648962e-01   4.59440643e-01   1.57953705e-01   1.01750286e+00
   -6.36684661e-02 
   -1.10275451e+00   3.78201457e-01   2.85122691e+00   1.56392740e+00
    9.78108831e-01   3.57207773e-01  -1.96010176e+00  -1.22511929e+00
   -6.91022162e-01   8.20593046e-01  -2.01166379e+00  -1.49050101e+00
   -1.70271621e+00   1.56210209e+00   1.70402843e+00   1.16906239e+00
    2.77381954e-01 
    1.47609189e+00   8.37600712e-01  -9.90548329e-01  -2.84219098e-01
   -8.62325071e-01  -2.84419569e-01  -5.77861962e-01  -4.71862187e-01
    1.78514262e+00   1.51888516e+00  -2.35173888e+00  -2.06226798e+00
   -5.53580035e-01  -1.73845752e+00   2.40302395e+00   7.55427125e-01
   -5.80387254e-01      3.51335661e+00  -9.83983821e-01   2.94422739e-01  -2.01720512e+00
   -7.81963963e-01   1.36623767e+00  -7.19007865e-01  -1.10509422e+00
    6.17173405e-01   8.11097015e-01   3.23093869e-02  -3.18244459e+00
   -8.04755967e-01   4.06622681e-01   9.60856409e-01  -1.52857084e+00
   -1.29941954e-01   1.28561071e-01   1.41895398e-01   1.42486280e-01
   -3.06516911e-01   1.93408197e+00   5.18165353e-01   2.15084516e+00
   -1.52895115e+00  -8.52975730e-01   4.09737869e-01  -1.22722291e-01
   -1.68713922e-01  -3.53320759e-01   2.37376471e-01  -1.33980191e+00
   -1.45498379e-01 
    6.84929234e-01   4.24592763e-01  -3.02223007e-01  -1.35440788e-01
    1.03354246e+00  -2.16156604e-01  -1.40460094e+00   9.48762799e-01
   -2.16035084e+00  -2.82380938e-01  -9.51476470e-01  -1.35454969e-02
    1.19240928e+00  -2.12215351e-01   1.65610428e+00   1.11681014e-01
    8.00120373e-02  -9.02905726e-01   2.09086944e+00  -2.02931266e+00
   -1.46597242e+00   3.15433989e-01   4.13708769e-01   1.03371897e-01
   -1.31271473e+00   7.35201756e-01   8.39857082e-01  -4.27637634e+00
    1.39390558e+00  -1.73483844e+00   1.19412219e-01  -1.19023124e+00
    2.74171763e-01 
    6.54198035e-01  -9.94498037e-02   2.74083072e+00   1.08713164e+00
   -1.82921077e+00  -1.89121422e+00  -9.80735032e-01  -9.17506249e-01
    1.37090699e+00   1.05443085e+00   4.62739871e-01   6.01980867e-01
   -2.10236108e+00  -6.38927018e-02  -4.18003024e-01  -1.29296053e+00
    2.23498240e+00  -3.13701180e-02  -1.40668678e+00   1.28013288e+00
   -1.32266340e+00  -2.55891386e+00  -1.15903637e+00   1.23723497e+00
    1.22102772e+00   8.13475310e-01  -2.36812059e+00  -5.57444911e-01
    2.15503487e+00  -1.80250339e-01  -2.28054411e+00   8.93315453e-01
   -3.74724277e-01 
   -1.41321533e+00   3.62649828e-01  -1.41956684e+00  -1.02725891e+00
    1.81326213e+00   1.24733101e+00   1.27547354e+00   2.28125320e-01
    5.93294060e-01  -8.70243210e-01   2.71249485e+00  -2.08106835e+00
    4.53744928e-01  -8.46287030e-01  -3.23956328e+00   1.07682639e-01
    3.82672730e+00  -1.44793311e-01   1.27489270e-01  -2.26625239e+00
   -9.47218428e-01   6.58338281e-01   8.07143215e-01  -2.88708971e+00
    5.69623332e-01   5.59104288e-01  -1.26210553e-01   7.63386120e-02
   -3.51517230e-01   2.68898174e-01  -1.77176729e+00  -5.61136670e-01
   -1.51125456e-01 
   -1.89300114e+00  -1.20726352e+00  -2.28584681e+00  -6.18026061e-01
    9.52864488e-02  -4.09065654e-01   2.93502214e-02  -1.17670770e+00
   -3.63187992e-01  -2.81186438e+00   1.48009215e+00  -5.57796079e-01
   -1.00774613e-02  -2.43729727e+00   2.80452208e+00  -1.76348671e+00
   -2.39462299e-01  -1.54477187e+00   2.52261592e+00  -2.81885858e-01
    1.17247865e+00  -1.27987537e+00  -3.18729051e+00   2.09098411e+00
    1.91279860e+00   1.25320438e+00  -1.54038389e+00  -1.95641050e-01
   -3.91703139e-01  -3.38346648e-01  -1.18284361e+00   1.60324274e+00
   -2.45861524e-01 
   -1.49177894e+00  -1.33625499e-01   6.26775759e-01   5.13210252e-01
    9.90528842e-01  -6.65668952e-01  -3.57379621e-01  -3.58398194e+00
    1.20863366e+00   9.07770996e-02  -1.15136679e-01   3.83186474e-01
   -9.91446803e-01   1.95154672e+00  -8.35499357e-01  -2.02979678e+00
   -1.39647092e+00   5.56159838e-01  -1.71446039e-01  -2.57024936e+00
    4.46294061e+00   3.57125745e-01   1.15913763e-02  -5.21646580e-02
    2.86660141e-01   5.35168051e-01  -1.46763617e+00  -1.60764281e+00
   -3.75188517e+00   7.57722402e-01  -2.58059534e-01   4.05335797e-01
   -3.08782133e-02 
    7.40756687e-01  -1.17524304e+00   1.00667635e-01  -9.52404271e-01
   -1.27833998e-01  -2.24240605e+00   1.18161658e+00   8.27543269e-01
    5.42800381e-01  -2.13154837e+00  -6.43806683e-01   2.63639666e+00
    2.93141394e+00  -1.59311030e+00  -1.01988968e+00  -3.90398650e+00
   -9.51266270e-01   1.18992927e-01  -1.18342981e-01  -4.80224524e-01
   -7.25818616e-01  -2.08348898e-01  -3.60781318e-01  -6.38158131e-01
   -1.39050397e+00  -1.75766883e+00   1.15408308e+00   2.70572429e-01
    3.70827663e-01   2.81722474e+00   8.64024398e-01   4.90815109e-01
   -3.18960368e-01 
    8.90178864e-02  -7.63204747e-01   2.06279977e+00  -6.19802676e-01
    1.58619733e+00  -1.75345698e-01  -8.66913686e-01  -1.07729074e-01
   -2.46424980e-01   4.20112954e-01  -4.27031367e+00   2.29667945e-01
    1.16921943e-01  -1.81453990e+00  -4.05977436e-01   2.13626402e+00
   -2.45568822e+00  -5.80684137e-01  -2.28377473e+00  -4.02522693e-01
   -2.46134567e+00  -2.76246694e-01  -2.91111534e+00   1.56121675e-01
   -4.68464311e-01   3.35068554e+00   5.49928018e-01   6.48011471e-01
   -1.51654768e+00   8.21684284e-01   1.17942144e+00  -5.65955142e-02
   -9.67492895e-01 
   -2.04885298e+00   2.35180776e+00   1.17323117e+00   1.34718510e+00
   -2.09405639e+00  -2.70432525e-01   1.18136719e+00  -2.34649386e+00
    2.23248886e+00   3.71593910e-01   6.44164004e-01  -1.52841475e+00
    1.06282270e+00  -1.57704938e+00   1.87766509e+00   1.24847326e+00
   -8.38171138e-01  -2.33505080e+00  -4.13972843e-01   5.09185380e-01
   -1.47942741e+00  -1.71252244e+00   2.09986090e+00  -1.33674306e+00
   -1.94531675e+00  -4.64841202e-01  -3.17818086e-02   4.60514125e-01
   -1.42224317e+00  -1.26609482e-01   1.51020456e+00  -1.82320305e+00
   -6.03955327e-01 
    1.04156420e+00  -9.33801580e-01  -8.61673419e-01  -1.36555163e+00
   -1.09408895e-01   2.11631685e-01  -9.28686412e-01  -2.45724093e+00
   -2.45370114e+00  -2.65600582e+00  -1.85463580e+00   1.74317353e+00
   -2.46745369e+00  -1.39853283e+00   1.87690048e-01   2.00883740e-01
    5.40210063e-01  -1.04482783e-02  -2.15182178e+00   1.73194499e+00
    1.25942420e+00   1.25628996e+00   5.69197385e-01  -2.56050914e+00
    2.69605898e+00  -7.51746486e-01   2.02428657e+00   4.42434910e-01
    2.40594680e+00   3.79116045e-01   2.99301448e-02  -1.80887087e+00
   -3.31268442e-01 
   -1.34911752e-01  -2.76640756e+00   3.47394099e-01   8.35996352e-01
   -6.17271105e-01   1.24520310e+00  -1.14483443e+00  -2.21388628e+00
   -1.67536916e+00  -1.34745880e-01   1.11766050e+00   1.17651604e-01
   -2.66662060e+00   1.86726058e+00  -3.36219157e-01   2.52305226e-01
    5.18586142e-01  -1.24927219e+00   1.03592555e+00   1.62579717e+00
   -7.71998898e-01  -1.27936414e+00  -1.44077202e+00  -2.68437349e+00
   -1.64309964e+00  -1.57103343e+00   3.43969614e+00   1.04407900e+00
   -1.18064957e+00  -3.67451077e-01   1.54990203e+00   2.59594781e+00
   -4.63861953e-01 
   -1.23642084e+00   4.33032043e+00  -1.28440426e+00  -2.54494197e+00
   -2.05193283e+00  -1.20163289e+00  -1.12938126e+00  -3.88849158e-02
    1.07729541e+00  -2.28887896e+00  -2.62167559e+00   3.32472527e-01
   -6.67506504e-01   1.30453064e+00  -1.61144684e-01   1.64339194e+00
   -7.35602610e-01  -5.08690334e-01  -4.59857540e-02  -8.74349710e-01
    8.32700683e-01   1.85021435e+00  -5.99199593e-01   9.36244316e-01
    5.98415594e-01  -1.63595416e+00  -1.47419826e+00  -1.14300288e-02
    1.10650077e+00  -8.40897783e-01   1.64307980e+00   1.14374437e+00
   -5.89649609e-01 
   -4.34581364e-01  -9.40593932e-01  -2.53928692e+00  -2.05959630e+00
   -2.04079847e+00   9.36521972e-01  -4.45492353e-03  -1.63961337e-01
   -6.61895011e-01   3.40409989e+00   4.22527009e-02   2.16717762e+00
   -1.00480628e+00   2.88253800e-01  -4.64530410e-01  -1.29207829e+00
   -7.44056811e-02  -1.11469572e+00  -4.07033167e-01  -1.42758392e+00
    3.33596250e-01  -3.74715292e-01  -8.91585446e-01  -7.02213457e-01
   -3.91915372e-02  -1.73554991e-01  -1.82086054e+00   4.77133977e-01
    1.56825929e+00  -1.22157151e+00   2.00132627e+00  -4.37540155e-01
   -2.05575476e-01 
   -2.54120068e-01  -8.03232456e-01   5.55212277e-01   1.93755358e+00
   -2.25000800e+00   1.26555998e+00  -2.24341672e-01   1.03572376e+00
    9.39619236e-01  -7.19459762e-01  -8.98411749e-01   6.67290445e-02
   -1.67719942e+00  -7.13523333e-01  -2.57982356e+00   2.07404152e+00
   -2.95806532e+00   4.23550242e-01   1.02766743e+00  -8.30763796e-01
    7.93214710e-01  -5.87745125e-01   1.40392590e+00   3.68984766e-01
    2.93332495e-01  -2.03399935e+00   9.37639300e-01  -1.32300077e+00
    3.51830822e-02  -1.08363708e+00  -8.65363179e-01   7.11284008e-01
   -4.84897106e-01 
   -5.68278073e-01   2.12101175e+00   3.36219678e-01  -1.08020536e+00
   -9.36895038e-01  -1.72732079e-01   9.76033494e-01   1.52600998e+00
   -9.84708538e-01   2.47571597e-01  -9.52152590e-01  -6.54967028e-01
    2.33671145e-01   4.27150213e-01   1.91697676e+00  -1.12370037e+00
    5.04980270e-01   3.14549976e-01  -1.27995834e+00   4.39704240e-01
   -6.70420068e-01   1.02643726e+00  -2.95674942e-01  -2.89611547e-01
    9.60769338e-01  -1.22444305e+00  -3.87943172e-01  -3.48213058e-01
   -2.40176392e+00  -1.14058050e-01  -1.79295849e+00  -2.83209192e+00
   -8.61855956e-01 
   -2.11630954e-01  -1.72593524e+00  -2.31253375e+00   1.88784756e+00
    1.32293960e+00   8.88464463e-01  -4.76735102e-01  -5.19074724e-01
    1.92000280e+00   1.24671545e+00   1.49204430e-01   4.10185320e-01
   -1.63585109e-01   2.55763166e-01  -1.04651628e+00  -4.84897364e-01
   -2.39334459e-01  -1.80208053e+00  -9.33126833e-01   1.62872488e+00
   -5.00727392e-01   7.18196253e-01   3.41329605e-01  -1.49865226e+00
   -5.23919767e-01  -1.51625751e+00  -1.65149676e+00  -5.74556111e-01
    1.07004701e+00  -5.10991023e-01  -8.90938545e-01  -6.18986896e-01
   -2.18695038e-01  