NN 16 32 16   -3.91064243e+00  -1.17190648e+00   4.44947498e-02   6.19995803e-01
    2.55389556e+00  -1.05544572e+00  -2.05175673e+00  -2.22566764e+00
    3.48347464e+00  -1.19832116e+00  -2.78120156e-01   2.17218274e-01
    9.04497263e-01  -2.67060653e-01   2.61057057e-01  -6.19242014e-01
   -9.17955287e-01 
    6.30147754e-01  -5.02261309e-01  -3.42597379e-01  -2.29829568e-02
    1.14431492e+00  -2.71798898e-01   2.40759092e-01   5.02276229e-01
   -2.74945256e+00   6.91848449e-01   2.23812056e+00  -4.01161601e+00
    8.35337416e-01   8.02800215e-01  -2.21210223e+00   1.36156413e+00
    6.41104648e-01 
   -1.00238373e+00   1.38221008e-01  -2.57452717e+00   8.12783987e-01
    2.80665435e+00  -1.87297146e+00  -6.90209695e-01  -7.61912383e-01
   -1.04174166e+00   5.66914089e-01  -3.41734654e-01   3.36286227e-01
    1.47851747e+00  -6.58712546e-01  -2.32055275e-01   2.10266828e+00
    1.88171586e-01 
    1.70614443e+00  -7.87854973e-01  -1.39226381e+00   1.08161614e+00
    2.43716806e-01  -1.09785395e+00   7.71763792e-01  -3.59652372e-01
   -1.61012558e+00   8.38821976e-01  -1.55346480e+00   1.70241974e+00
    1.80778634e+00  -1.55527929e+00   1.28509139e+00  -1.91344466e+00
   -1.44332306e-01 
   -1.64759496e-01  -1.64297680e+00   1.49396990e+00  -1.35474520e+00
   -9.95232374e-02  -7.31352804e-01  -1.18388033e-01  -2.10244006e+00
    1.19016851e+00  -5.50557114e-01   7.94619786e-02   2.12698681e+00
    1.51810101e+00   2.20464687e+00  -2.16605278e-01  -1.52142617e+00
   -7.32592609e-01 
   -4.16964393e-01   1.24855851e+00   1.92836359e+00  -1.35820311e+00
    6.90100334e-01   1.26428960e+00   1.97119583e+00  -4.97801663e-01
   -2.68427294e-02  -2.80393704e-01  -2.05460117e+00   6.10501943e-01
   -8.75485374e-01  -1.48979030e+00  -5.21702110e-01  -7.66023703e-02
    4.77742337e-02 
    9.54334652e-01   1.49429420e+00   1.68467524e+00  -1.82797761e+00
   -3.42579947e-02   1.80771642e-01  -2.03868324e+00   1.55039553e+00
   -5.77559800e-01   4.82712787e-01   8.83720949e-01   2.13601225e-01
   -1.74078781e-01  -4.70786048e-01  -1.45769357e+00   7.96202344e-01
   -7.33957659e-01 
    6.08578630e-01  -1.30726305e+00   1.25537222e+00  -4.43713961e-01
    7.06608592e-01   4.20559770e+00  -2.25576278e+00   8.73417620e-02
    2.52112136e+00   2.36504738e+00   2.56151176e-01  -3.03430516e-01
   -6.73679616e-01  -2.74886798e+00  -1.41272843e+00  -1.18326539e-01
   -6.65339376e-01 
    2.26935767e-01   2.78072373e+00  -6.56625688e-01  -1.11833455e+00
    5.64078717e-01  -1.27524883e+00  -1.20548539e+00  -1.21300581e-01
   -1.70908501e+00   2.34674334e+00   1.43837000e+00  -1.30859232e+00
    9.51598532e-01  -1.81985465e+00   1.47425976e+00  -1.66062075e+00
   -1.19040889e-01 
   -1.32547257e+00  -1.74585398e-01  -5.16411695e-01   1.22243117e+00
    1.80400179e+00  -8.81218897e-01   1.26241610e+00  -9.14127969e-01
   -1.10609302e+00   7.33894843e-01   7.03539524e-01   2.05158219e+00
   -2.90099160e+00   4.77900596e-01  -8.00822156e-01  -1.40325493e+00
    3.13191324e-01 
   -6.97263215e-01   4.60121868e-01  -1.08730374e-01  -2.84777717e+00
   -2.35319292e+00  -1.44346328e+00   5.83821634e-02   4.25569144e+00
   -1.33377178e+00   2.49677838e-01  -4.67268920e-01   3.09842921e+00
   -1.15455310e+00  -4.08754205e-01  -1.42747644e-01   2.48744803e-03
   -6.58604308e-01 
    3.05096703e+00  -9.54246207e-01   2.75094603e-01   2.01144445e+00
    1.55013706e+00  -5.80452946e-01  -1.34710764e+00   5.81303713e-01
    2.92825834e-01  -1.20442777e+00   4.71202042e-01  -6.65037640e-01
   -3.10474684e+00   3.93307200e-01   1.06768342e+00  -1.03236719e+00
   -2.80581227e-01 
   -3.68829540e-01  -2.41793808e+00   1.59390301e+00   2.32795388e-01
   -3.37370850e-01   2.98377631e-01  -3.49815484e+00  -3.07440460e-01
   -1.97938055e+00   1.12185056e+00   2.96856455e+00   9.23332519e-02
   -5.65561203e-01   1.19765894e+00  -6.37341538e-01  -7.93693805e-01
   -1.36957960e+00 
   -5.40670552e-01   3.48405125e-01  -5.60013348e-01   1.41370823e-01
    2.33666503e+00  -2.00800631e+00   1.07853429e+00   8.97162579e-01
    1.09539574e+00   1.55336149e+00  -2.31353355e+00  -1.82465380e+00
   -1.12203816e+00   2.96722802e-01  -4.75812818e-01  -1.15219200e-01
   -1.82846118e-01 
    1.64816821e+00  -1.84581719e+00   5.47161465e-01   3.04993572e+00
   -2.26779402e+00   7.04854069e-01   4.83490731e-01  -9.83936591e-01
   -1.58260188e+00  -2.04423249e-01  -5.55349833e-01  -1.35330958e-01
    7.83629099e-01   2.38791104e+00  -2.18445173e+00  -1.45622265e-01
    6.11743564e-01 
    1.61316918e+00  -1.07047921e+00  -1.91127316e-01  -9.24577295e-03
   -2.46147118e-01  -3.83177645e-01   3.20553814e+00  -2.99202827e+00
   -1.17881816e+00  -1.10497526e+00  -4.62744717e-01  -9.73343837e-01
    1.14079992e+00  -1.90317866e+00   8.96457253e-01   5.55128932e-01
    5.06014590e-01 
    1.42888626e+00   6.88038996e-01  -2.97973286e+00  -4.44575210e+00
    1.26671664e+00   1.47883389e-01   5.75372646e-01   1.50426415e+00
    7.71767631e-01   1.43763415e-01  -9.70904725e-01  -1.26476224e+00
   -3.23372435e-01   1.60790455e+00  -5.67263459e-01   1.16701188e+00
    2.65001357e-01 
   -1.53059475e+00   5.61708808e-01  -2.88944598e-01   2.94308896e-01
    7.41241410e-01  -1.77143614e+00   2.77664581e-01   1.81564611e-01
    1.47663338e+00  -8.73094950e-01   1.28470449e+00   1.59258965e-01
    8.20282306e-01  -1.18346868e+00  -7.66899530e-01   1.17362817e+00
   -7.40270477e-01 
   -1.35463511e-01  -2.52659844e+00   2.23403271e+00   5.76774567e-04
   -2.38725861e+00   3.04899805e-01  -2.69604143e-01   1.57154415e+00
    1.01482053e-01   1.54255619e+00  -1.66466340e+00  -4.64564395e-01
    4.94613636e-01  -1.06628953e+00   6.46611620e-01   6.92904475e-01
    1.48109024e-01 
   -1.37895157e+00   5.20728618e-01  -8.07034000e-01   2.15678121e+00
   -8.03173849e-01   1.87198233e+00   1.35682367e+00  -1.63655935e+00
   -1.33577951e-01  -1.73922649e+00  -4.82607748e-01   6.20521321e-01
    1.82798811e+00  -5.19133880e-02  -2.69531902e-01  -2.33822284e+00
    3.52510426e-01 
   -1.06759319e-01   2.67111411e+00   1.34532042e+00  -7.06509785e-01
   -7.15986225e-02  -4.79980423e+00   1.35153398e+00   3.49565099e+00
    1.58724465e+00  -2.34691583e+00   7.99471479e-01  -1.61759355e-01
   -3.38825541e-01  -7.87547647e-01   8.36048379e-01  -2.86797795e-01
   -2.28064196e-01 
   -2.71380530e+00   9.45760364e-01   2.09783052e+00  -5.75703794e-02
    1.55966654e+00  -8.54053134e-01  -1.44888407e+00  -4.08381176e-01
    2.42605850e+00  -1.05657429e+00   3.26593983e-01  -1.70001623e+00
    4.99528907e-01   4.63501274e-01  -1.18246787e+00  -4.53446169e-01
    6.51711899e-01 
   -3.16803998e-01  -6.89495681e-01   6.38030333e-01  -7.46649702e-01
    2.48246970e+00  -1.19063045e+00   2.31147045e-01   2.42325630e+00
   -2.57407431e+00  -7.37219155e-01   1.27482271e+00   9.18245555e-01
    3.88579300e-01  -8.15306721e-01  -5.29237056e-01  -1.20422448e+00
   -3.90813160e-01 
   -1.97285665e+00   2.04644276e-01  -1.43791042e+00   2.11282246e+00
   -1.02720174e+00   1.24039941e+00   7.75125632e-01  -7.07299319e-01
    1.01045014e+00   1.53077939e+00   1.70012780e+00  -1.67257158e+00
    8.90444967e-01  -1.25056257e+00   6.76619573e-01  -2.68709872e-01
   -5.75850966e-01 
    2.13076034e+00   1.58416764e+00  -2.05031573e+00  -1.32847463e+00
   -3.72603409e+00  -1.49573811e+00   1.05392749e+00   6.39238770e-01
    1.28221183e+00  -2.51798313e+00   1.87606884e+00  -1.46815125e-01
    7.91875219e-01  -3.17383536e-01  -7.27494195e-01   1.75072067e-01
   -1.10024516e-01 
    1.90422124e+00   2.04501076e-01  -2.03316653e+00  -9.92463816e-02
   -1.24423573e+00  -5.21859199e-01   2.89775695e+00  -2.97195313e+00
   -1.75408464e-01  -3.01763048e-01   2.39098592e-01   9.16450716e-01
   -2.01960657e-01   1.43428537e+00   7.57835643e-01   1.27998380e+00
   -5.00055051e-01 
   -7.70174187e-01  -3.67478182e-01   1.95050341e+00  -9.15836788e-02
    1.55426784e+00   2.08734981e+00  -3.49769667e+00   2.09273630e-01
    2.02533139e-01  -8.33757478e-01  -3.30319056e+00   2.50997200e-01
    1.98471933e+00  -1.53738222e+00  -1.63873053e-01   3.19212823e+00
   -3.15350649e-01 
   -6.60816038e-01   2.90926198e+00   1.25651899e+00   1.92710882e-01
   -1.48228016e+00   1.89487596e+00  -5.84764461e-01  -1.55476033e-03
   -8.42797190e-01  -2.34337758e+00  -9.27904738e-02  -7.55831816e-03
   -8.59938687e-01   5.89275587e-01  -8.51927291e-02   7.93899423e-01
   -5.74878163e-01 
   -1.99352528e-01  -1.07743743e+00  -1.27342256e+00   1.14354477e-01
    6.42282785e-02   2.65986102e+00  -6.54426737e-01   7.43952119e-01
    2.51230244e-01  -2.86247018e+00   1.11952574e+00  -2.78710612e-01
   -1.44377978e+00   2.42184528e-02   3.28055788e+00  -1.53424331e+00
    7.03334147e-01 
   -1.21910409e-01   2.53743950e+00   2.74985720e-01  -9.83957890e-01
    9.25503022e-01  -1.74090545e+00  -2.52403463e+00  -1.35622845e+00
   -5.46950193e-01  -8.84395804e-01  -8.08816064e-02   9.77942331e-01
    7.65339576e-01   5.03460266e-01   2.29440427e-01   1.00606202e+00
   -1.01090404e-01 
   -9.39352416e-01   2.55178757e-01   2.87416377e+00   1.75547620e+00
    9.04776700e-01   4.67498667e-01  -2.21016343e+00  -1.27293519e+00
   -7.77229166e-01   8.87540053e-01  -2.07418996e+00  -1.43609709e+00
   -1.77398647e+00   1.73531122e+00   1.78459253e+00   1.21331048e+00
    2.75498284e-01 
    1.55045210e+00   8.69855526e-01  -1.13301489e+00  -3.02692949e-01
   -9.33177286e-01  -2.60384628e-01  -4.39178469e-01  -5.22075003e-01
    1.85445716e+00   1.76508011e+00  -2.39685195e+00  -2.09277334e+00
   -5.02769774e-01  -1.76105508e+00   2.50768396e+00   8.70795383e-01
   -5.35258706e-01      3.64271821e+00  -1.20824349e+00   3.73145467e-01  -1.95234943e+00
   -9.89429343e-01   1.52856862e+00  -7.95990969e-01  -1.16926346e+00
    5.24204314e-01   8.14223255e-01  -6.94199858e-02  -3.23718482e+00
   -8.19424054e-01   6.12814646e-01   9.68661044e-01  -1.53344268e+00
   -2.69142697e-01   7.25755345e-02  -1.31033054e-02   1.68227298e-02
   -3.42118311e-01   1.73113298e+00   5.78331465e-01   2.15634927e+00
   -1.55142287e+00  -7.95707585e-01   2.98929959e-01  -5.41753551e-03
   -1.08269296e-01  -2.02656848e-01   1.52877218e-01  -1.36237815e+00
   -1.39538787e-01 
    5.71816434e-01   4.14854765e-01  -3.80383782e-01  -2.61365927e-01
    1.23367795e+00  -3.31802695e-01  -1.17027454e+00   8.96168644e-01
   -2.05465153e+00  -2.16736517e-01  -6.59695507e-01   1.08336994e-01
    1.20138532e+00  -1.92834635e-01   1.45194444e+00   2.32952683e-02
    6.40741045e-02  -1.11311354e+00   2.04137004e+00  -2.08700429e+00
   -1.35956338e+00   3.07775286e-01   5.23295355e-01  -6.01492003e-02
   -1.31679610e+00   8.07272110e-01   6.84479187e-01  -4.39493365e+00
    1.32059321e+00  -1.60326357e+00   1.74472616e-01  -1.16961307e+00
    3.36086691e-01 
    6.80096531e-01  -4.70914855e-02   2.71816634e+00   1.06291020e+00
   -1.78134892e+00  -1.98588005e+00  -1.07522881e+00  -9.13148753e-01
    1.32065033e+00   1.00832876e+00   3.75654249e-01   6.07687880e-01
   -2.13308595e+00  -3.53254541e-02  -4.75944377e-01  -1.18344411e+00
    2.32865091e+00   3.48491537e-03  -1.34921211e+00   1.28312052e+00
   -1.32549520e+00  -2.46648092e+00  -1.15320024e+00   1.19929704e+00
    1.27920082e+00   7.25559799e-01  -2.48123273e+00  -5.35108046e-01
    2.24849549e+00  -2.28260915e-01  -2.30413363e+00   9.59593587e-01
   -3.59627113e-01 
   -1.52813458e+00   3.15670780e-01  -1.53841236e+00  -1.03385910e+00
    1.89755556e+00   1.24388535e+00   1.32036302e+00   1.50812743e-01
    5.93010491e-01  -8.75903673e-01   2.82484986e+00  -1.93760146e+00
    4.40220986e-01  -8.09126541e-01  -3.24389226e+00   2.02121903e-01
    3.84693719e+00  -1.34985148e-01   1.25536018e-01  -2.27035899e+00
   -8.20303142e-01   6.16526681e-01   7.99944914e-01  -2.93846725e+00
    6.58049876e-01   5.39038657e-01  -1.36918600e-03   9.80686775e-02
   -3.21590905e-01   3.08094661e-01  -1.67132234e+00  -4.80882909e-01
   -1.43697380e-01 
   -2.00292908e+00  -1.17696290e+00  -2.28323475e+00  -4.79096424e-01
    1.84688686e-01  -3.76615776e-01   2.51682044e-02  -1.23459268e+00
   -2.60899321e-01  -2.95136036e+00   1.62966301e+00  -6.84393369e-01
   -1.93144062e-01  -2.44194026e+00   2.84113324e+00  -1.68882525e+00
   -1.67929545e-02  -1.54598679e+00   2.61097145e+00  -2.31604048e-01
    1.32241097e+00  -1.23381329e+00  -3.24021645e+00   2.02038531e+00
    2.06314706e+00   1.29552771e+00  -1.44644189e+00  -7.25291713e-02
   -2.67577587e-01  -1.22666528e-01  -1.21301533e+00   1.89358156e+00
   -1.08844562e-01 
   -1.56332334e+00  -2.14817558e-01   6.82252583e-01   3.30926615e-01
    1.04340949e+00  -6.97492131e-01  -4.21518938e-01  -3.52112373e+00
    1.15414284e+00   8.12749081e-02  -2.77865453e-01   4.02426646e-01
   -9.45699022e-01   1.94013579e+00  -8.77054710e-01  -2.04314563e+00
   -1.36606528e+00   6.50392957e-01  -2.05996734e-01  -2.51640234e+00
    4.44650167e+00   4.58253392e-01  -1.51290360e-01  -1.61591579e-01
    4.15383010e-01   6.07522176e-01  -1.30240679e+00  -1.67523382e+00
   -3.81814710e+00   8.68022440e-01  -1.32589364e-01   4.25718847e-01
   -1.29018039e-02 
    8.35043912e-01  -1.33789777e+00   3.36668036e-02  -9.09013316e-01
   -1.70317637e-01  -2.39603012e+00   1.15045279e+00   9.04596451e-01
    6.87839816e-01  -2.08729928e+00  -5.49417922e-01   2.72288691e+00
    3.06263238e+00  -1.62856099e+00  -1.05786365e+00  -3.92086180e+00
   -1.12361494e+00   2.87799839e-02  -1.03520833e-01  -5.92397156e-01
   -7.33651887e-01  -1.51353939e-01  -2.37194662e-01  -6.43596013e-01
   -1.36760168e+00  -1.97363956e+00   1.01104969e+00   3.80106632e-01
    3.63475805e-01   2.87080024e+00   8.47793622e-01   2.61859343e-01
   -3.93610619e-01 
    1.17941515e-01  -7.26797442e-01   2.11630950e+00  -5.40769536e-01
    1.73520828e+00  -1.15331030e-01  -9.42744052e-01  -2.29478638e-01
   -2.18671467e-01   4.98799884e-01  -4.34558533e+00   1.26769434e-01
    9.75894959e-02  -1.94014217e+00  -5.57668862e-01   2.24901637e+00
   -2.40765526e+00  -5.24060156e-01  -2.34177601e+00  -3.47108268e-01
   -2.60550072e+00  -1.59944683e-01  -2.98290251e+00   2.65247118e-01
   -4.32019669e-01   3.52274013e+00   3.54947236e-01   6.43788138e-01
   -1.45081318e+00   7.92158879e-01   1.12302533e+00  -1.15783507e-01
   -1.05814301e+00 
   -2.05940377e+00   2.44889571e+00   1.16509710e+00   1.37927694e+00
   -1.99667766e+00  -2.83130541e-01   1.30122120e+00  -2.36802055e+00
    2.26047602e+00   2.98569752e-01   7.60634137e-01  -1.49772078e+00
    1.15507979e+00  -1.72521011e+00   2.02285271e+00   1.23623182e+00
   -7.80873523e-01  -2.44652520e+00  -3.30338583e-01   5.33927258e-01
   -1.50761289e+00  -1.74205182e+00   2.20120903e+00  -1.33674545e+00
   -1.90175456e+00  -3.75034461e-01   1.38011383e-02   5.26244948e-01
   -1.32232085e+00  -3.67228470e-03   1.58320120e+00  -1.93416929e+00
   -5.36420344e-01 
    1.09743085e+00  -9.89511838e-01  -9.54268463e-01  -1.43196326e+00
   -8.09728210e-02   2.44136018e-01  -1.02804152e+00  -2.49716677e+00
   -2.53140985e+00  -2.65374538e+00  -1.91599100e+00   1.77901083e+00
   -2.64276556e+00  -1.45511577e+00   2.07795133e-01   3.29976030e-01
    5.03802849e-01  -2.47558652e-02  -2.21007969e+00   1.76227613e+00
    1.35073259e+00   1.23410860e+00   5.09714804e-01  -2.52302861e+00
    2.72462065e+00  -8.18623656e-01   2.03545318e+00   4.81794665e-01
    2.51769062e+00   4.00999530e-01  -6.96216441e-02  -1.91957700e+00
   -4.18177017e-01 
   -1.07050676e-01  -2.88835726e+00   3.93710900e-01   9.35617497e-01
   -5.86013793e-01   1.32503706e+00  -1.15280496e+00  -2.24733294e+00
   -1.81640861e+00  -1.56070257e-01   1.21101267e+00   6.42395271e-02
   -2.66112744e+00   1.82202795e+00  -3.26809595e-01   2.81427932e-01
    5.31101844e-01  -1.29490423e+00   1.09090274e+00   1.62331557e+00
   -7.65720601e-01  -1.36372558e+00  -1.41154609e+00  -2.78709663e+00
   -1.63242269e+00  -1.57459366e+00   3.57689595e+00   1.04441361e+00
   -1.11962760e+00  -3.56198199e-01   1.61220319e+00   2.61817503e+00
   -4.93539510e-01 
   -1.18429670e+00   4.48254595e+00  -1.37197352e+00  -2.57936502e+00
   -2.16308852e+00  -1.19405531e+00  -1.13162141e+00   4.25355924e-03
    1.07834222e+00  -2.36511588e+00  -2.66537945e+00   3.33267790e-01
   -6.66548340e-01   1.32439718e+00  -2.07614615e-01   1.61114176e+00
   -7.14653571e-01  -5.94746785e-01   4.31144914e-03  -8.70674814e-01
    7.38322782e-01   1.81240862e+00  -6.58139878e-01   9.67422215e-01
    5.64128550e-01  -1.67562477e+00  -1.47841068e+00   2.23260732e-02
    1.11167629e+00  -9.18019345e-01   1.71396679e+00   1.24347346e+00
   -6.29205601e-01 
   -4.33183997e-01  -9.56621287e-01  -2.55721447e+00  -2.09329242e+00
   -2.10184052e+00   9.39904399e-01  -4.16003624e-02  -1.52705849e-01
   -6.98516007e-01   3.51253947e+00   4.84211356e-02   2.20051928e+00
   -9.76903359e-01   3.23517684e-01  -4.98843009e-01  -1.31746364e+00
   -1.26012759e-01  -1.13415194e+00  -4.19053025e-01  -1.47626849e+00
    3.02723845e-01  -3.56053969e-01  -9.00927228e-01  -7.09271081e-01
   -1.05344855e-01  -2.20782938e-01  -1.87000764e+00   4.75205399e-01
    1.59557701e+00  -1.25723154e+00   2.04974802e+00  -4.43695447e-01
   -2.28023808e-01 
   -2.68951037e-01  -8.10805100e-01   4.98555743e-01   1.93124312e+00
   -2.34701060e+00   1.29798964e+00  -2.49455941e-01   1.06931691e+00
    9.36904477e-01  -7.57499109e-01  -9.33421879e-01   6.55660521e-02
   -1.70155519e+00  -7.52878924e-01  -2.66706934e+00   2.11312094e+00
   -3.02552359e+00   4.12928877e-01   1.00186086e+00  -8.37988001e-01
    7.78134277e-01  -6.10651514e-01   1.41841039e+00   3.48778739e-01
    2.66233892e-01  -2.08993468e+00   9.14022812e-01  -1.34636352e+00
    2.00223519e-02  -1.15144243e+00  -9.24152201e-01   7.10757497e-01
   -5.62330693e-01 
   -5.78240249e-01   2.17671526e+00   3.31013285e-01  -1.09504660e+00
   -9.69212965e-01  -2.02888424e-01   9.42227254e-01   1.53914221e+00
   -1.06383927e+00   2.35809520e-01  -1.00999881e+00  -6.48866920e-01
    2.26556289e-01   3.97603804e-01   1.95096724e+00  -1.17189267e+00
    4.70093654e-01   2.70164899e-01  -1.36981251e+00   4.36834736e-01
   -7.49124787e-01   1.00220770e+00  -3.51800049e-01  -3.49958503e-01
    9.61629777e-01  -1.24874508e+00  -4.01441305e-01  -3.93924750e-01
   -2.53261207e+00  -1.46591957e-01  -1.88018722e+00  -2.90146592e+00
   -9.44284910e-01 
   -1.79410694e-01  -1.76415525e+00  -2.38634205e+00   1.94352047e+00
    1.36321297e+00   9.06416083e-01  -4.20042131e-01  -5.08928131e-01
    2.00087528e+00   1.24763231e+00   2.04162090e-01   4.49973328e-01
   -1.00072240e-01   2.59886149e-01  -1.05661419e+00  -5.71491868e-01
   -2.47645063e-01  -1.84497784e+00  -9.14151286e-01   1.65822554e+00
   -4.56472853e-01   7.72430168e-01   4.13712424e-01  -1.53515480e+00
   -5.16249304e-01  -1.57162968e+00  -1.63782883e+00  -6.10372995e-01
    1.12106672e+00  -5.12402963e-01  -8.92866401e-01  -6.60539749e-01
   -2.00731997e-01  