NN 16 32 16   -3.06034224e+00  -8.12323498e-01  -2.66628015e-01   5.13447222e-01
    1.62660139e+00  -9.47403333e-01  -1.35603272e+00  -1.49463736e+00
    2.52563969e+00  -1.20832967e+00  -1.00618001e-01   5.13109424e-01
    6.60897476e-01  -2.35646816e-01   2.42832780e-01  -3.58025097e-01
   -7.57674949e-01 
    5.71762249e-01  -3.45797285e-01  -3.35948353e-01  -4.90054454e-01
    9.55461254e-01  -2.50924029e-01   1.09933399e-01   5.00894914e-01
   -2.15333103e+00   6.72381786e-01   1.74872328e+00  -3.11557795e+00
    5.85414561e-01   6.70960575e-01  -1.57360605e+00   1.18612979e+00
    5.08264143e-01 
   -5.14709495e-01   8.86106766e-02  -2.41211005e+00   1.06482967e+00
    2.19566444e+00  -1.51562193e+00  -5.59136096e-01  -7.60269943e-01
   -1.00577581e+00   2.77381856e-01   1.82232590e-01   7.38605186e-02
    1.49640659e+00  -8.49690165e-01  -8.90971876e-02   1.52398274e+00
    1.50498387e-01 
    1.51353898e+00  -6.50016004e-01  -8.12905526e-01   6.44020164e-01
    1.31005283e-02  -1.02422287e+00   1.04861156e+00  -2.33455641e-01
   -1.30763393e+00   8.04452027e-01  -1.18206518e+00   1.60735583e+00
    1.59636672e+00  -1.55299690e+00   9.56860645e-01  -1.68261346e+00
   -3.16884141e-01 
   -2.06196247e-01  -1.36202555e+00   1.19983107e+00  -9.25495996e-01
   -2.67875847e-01  -7.69458222e-01   2.60861973e-02  -1.64732286e+00
    1.40736506e+00  -2.08818873e-01  -2.46340661e-01   1.65541927e+00
    1.52567793e+00   1.92400040e+00   8.85554753e-02  -1.34549288e+00
   -7.13380698e-01 
   -3.73527283e-01   1.06150053e+00   1.32635301e+00  -1.14574956e+00
    5.13379768e-01   9.60824582e-01   1.31053622e+00  -1.15717610e-01
    4.01066624e-02  -3.83502862e-01  -1.36141221e+00   5.72248804e-01
   -7.34277114e-01  -1.28589130e+00  -2.84431085e-01  -2.19745611e-01
   -8.70365459e-02 
    5.62091351e-01   1.33301423e+00   1.25775475e+00  -1.60192557e+00
   -9.36413808e-02  -1.92508380e-01  -1.56666587e+00   9.22256797e-01
   -4.69395319e-01   5.30403723e-01   8.88631864e-01   4.11879710e-01
   -2.18323438e-01  -3.87073267e-01  -1.20570925e+00   7.90867540e-01
   -5.81622937e-01 
    5.97428841e-01  -1.28184900e+00   9.54389384e-01  -4.64468361e-01
    7.25583905e-01   3.40648102e+00  -1.58310212e+00  -3.57747063e-03
    2.08124183e+00   2.08305886e+00   4.13315171e-01  -6.51581484e-01
   -6.80705690e-01  -2.26546663e+00  -1.08748431e+00  -7.67493260e-03
   -6.85690624e-01 
    4.55613476e-01   2.24258970e+00  -8.20427829e-01  -6.65573901e-01
    8.83202623e-01  -1.19253376e+00  -7.47053047e-01  -2.11508834e-01
   -1.58762083e+00   2.16751549e+00   1.15971032e+00  -1.02023696e+00
    5.98996892e-01  -1.61815245e+00   1.07266544e+00  -1.22532053e+00
   -1.05882006e-01 
   -1.35091007e+00  -1.28554047e-01  -7.81657493e-01   1.31611796e+00
    1.76565287e+00  -6.66351658e-01   1.16018149e+00  -7.29663107e-01
   -8.07784773e-01   1.23146770e+00   1.02771636e-01   1.76722732e+00
   -2.30857247e+00   4.89620320e-01  -2.88860949e-01  -1.19274563e+00
    2.35802016e-01 
   -6.47104100e-01   5.02557608e-01  -1.73448594e-01  -2.58240611e+00
   -1.88234526e+00  -1.13566994e+00   3.19569109e-01   3.36722138e+00
   -9.90438182e-01   5.06610549e-01  -6.88782464e-01   2.36000349e+00
   -7.69334533e-01  -2.61768703e-01  -1.08610712e-01  -5.01066958e-02
   -6.91310348e-01 
    2.39629019e+00  -7.78407522e-01   4.65619087e-01   1.71442384e+00
    1.34289727e+00  -2.52869435e-01  -1.47516675e+00   6.60669495e-01
    2.60128426e-01  -8.47666663e-01  -5.78520176e-02  -6.47720364e-01
   -2.40065999e+00   3.54480893e-01   8.75900187e-01  -5.61410464e-01
   -1.03253336e-02 
   -2.85159663e-02  -1.45445146e+00   9.76356165e-01  -6.30274130e-02
    1.33993154e-01   9.94298527e-02  -2.98771393e+00   2.97828699e-01
   -1.74260641e+00   8.86645226e-01   2.67343276e+00   3.39711339e-01
   -3.43854247e-01   1.16293902e+00  -4.47462480e-01  -4.72722686e-01
   -1.05319154e+00 
   -2.91400601e-01   1.87083034e-02  -5.92234174e-01   2.72619372e-01
    2.11794848e+00  -1.72027548e+00   8.09192606e-01   5.25783392e-01
    7.87626702e-01   1.59119356e+00  -1.99435805e+00  -1.69269169e+00
   -5.82943865e-01   6.43002805e-01  -3.71917930e-01  -1.31851420e-01
   -3.41783711e-02 
    1.01196502e+00  -1.89821140e+00   2.43820361e-01   2.49213440e+00
   -2.02802456e+00   1.04652622e+00   2.86078784e-01  -4.15075815e-01
   -1.55763027e+00  -7.79296386e-02  -4.47462805e-01  -3.69067434e-01
    7.42561578e-01   2.22849832e+00  -1.67087367e+00  -8.48727105e-03
    5.93980994e-01 
    1.16334721e+00  -8.76129307e-01  -9.31123163e-02   2.16937948e-01
   -2.39419765e-01   1.35319488e-01   2.98744059e+00  -2.62634371e+00
   -1.34596770e+00  -6.55761710e-01  -3.59353066e-01  -8.40449634e-01
    1.43991371e+00  -1.68143955e+00   5.58924885e-01   2.00386273e-01
    4.56887128e-01 
    1.36056621e+00   6.47727630e-01  -2.74545509e+00  -3.55391381e+00
    6.21645008e-01   9.87377407e-02   1.18936012e+00   1.48520437e+00
    4.95572280e-01  -6.15858164e-02  -8.87575884e-01  -5.48739767e-01
   -1.92506204e-01   1.87716718e+00  -4.46212594e-01   9.32973294e-01
    1.91474367e-01 
   -1.35082919e+00   2.62491927e-01  -2.17023653e-02   1.59839069e-01
    6.93960002e-01  -9.86008096e-01   1.22899530e-02   1.06884256e-01
    1.35928531e+00  -6.75461536e-01   8.93112260e-01  -1.45629495e-01
    7.82713865e-01  -7.43967311e-01  -4.50470086e-01   1.05914595e+00
   -4.92867181e-01 
   -2.68087914e-01  -1.81036668e+00   1.85465137e+00  -2.15806165e-01
   -2.07917951e+00   5.03012445e-01   7.64596512e-02   1.43655080e+00
    3.31661299e-01   1.68148470e+00  -1.72109544e+00  -6.37170051e-01
    4.34052155e-01  -1.09582282e+00   5.28088205e-01   4.98314966e-01
    7.61394897e-02 
   -1.23021753e+00   5.31701466e-01  -9.29086259e-01   1.75862163e+00
   -8.47006303e-01   1.88881438e+00   5.37624204e-01  -1.38063913e+00
   -2.40355820e-01  -1.65819075e+00  -6.77644069e-01   6.58130725e-01
    1.65769116e+00   3.32691665e-01  -1.66838464e-01  -1.65480246e+00
    4.11631035e-01 
    4.00896959e-02   2.28898659e+00   1.08615942e+00  -3.18336598e-01
   -3.11461473e-01  -3.92253812e+00   1.02059038e+00   3.06136935e+00
    1.17366788e+00  -1.60942994e+00   6.63076056e-01  -7.53456618e-01
   -6.00188584e-01  -4.91637630e-01   4.51131267e-01  -1.05942753e-02
   -2.23907379e-01 
   -2.29996992e+00   6.69902786e-01   1.69601822e+00  -5.19601062e-01
    1.54376502e+00  -1.03024153e+00  -5.22789542e-01  -5.03347275e-01
    2.02463817e+00  -1.23634734e+00   1.62297971e-01  -1.80729032e+00
    5.02623594e-01   5.87079204e-01  -1.10007416e+00  -2.77837641e-01
    6.03315319e-01 
   -4.58206233e-01  -5.26037329e-01   6.65071825e-01  -9.64559547e-01
    2.06294679e+00  -1.60237473e+00   6.73305427e-02   2.05376070e+00
   -2.13738131e+00  -5.60965016e-01   1.00873884e+00   6.22238806e-01
    5.94717231e-01  -7.17513899e-01  -3.38754032e-01  -5.78142216e-01
   -3.17751538e-01 
   -1.66005182e+00   1.74327511e-01  -1.35906272e+00   1.84299748e+00
   -1.06741972e+00   1.07617367e+00   5.93908873e-01  -7.09252757e-01
    1.31032588e+00   1.57662371e+00   1.52210118e+00  -1.68055110e+00
    7.86133522e-01  -1.17677208e+00   4.84488715e-01   5.09864170e-03
   -5.31173257e-01 
    1.60868319e+00   1.44326002e+00  -1.73161758e+00  -8.00474558e-01
   -3.10970530e+00  -9.93693902e-01   7.66056699e-01   4.65992360e-01
    1.12432301e+00  -2.42844714e+00   2.02968966e+00  -2.02221864e-01
    1.62386856e-01  -3.06987514e-01  -8.08362266e-01   1.73617246e-02
   -2.33101205e-01 
    1.34216017e+00   2.08486443e-01  -1.50983813e+00  -1.88250056e-01
   -1.01765271e+00  -3.21466629e-01   2.23815520e+00  -2.80167538e+00
    6.51957394e-02  -4.43051312e-01   3.59010228e-01   1.12164977e+00
   -1.25770468e-01   1.28637133e+00   9.67949432e-01   7.23602099e-01
   -5.88770188e-01 
   -9.38709576e-01  -7.18629420e-01   1.69942159e+00  -2.17474125e-01
    1.18508352e+00   1.44394564e+00  -2.51295303e+00  -1.29176062e-01
    3.56361161e-01  -7.26208303e-01  -2.73733348e+00   2.82612938e-01
    1.42481454e+00  -1.22266343e+00   5.71852851e-02   2.23839604e+00
   -2.86554206e-01 
   -7.25134870e-01   2.32701787e+00   1.25484650e+00  -1.22359909e-02
   -1.01624017e+00   2.12155385e+00  -3.65280377e-01  -2.24808707e-01
   -9.87055089e-01  -1.65896227e+00  -3.80763327e-01  -2.45551886e-01
   -8.38914442e-01   5.38876171e-01  -5.80093555e-02   5.77915432e-01
   -4.08344647e-01 
   -3.22129717e-01  -1.41445159e+00  -9.07765049e-01   1.88189840e-01
    2.73987576e-01   2.30193593e+00  -8.21765001e-01   7.96537642e-01
    4.05338928e-01  -2.13430113e+00   1.14405321e+00  -1.65481040e-01
   -1.26714654e+00   1.75631928e-03   2.36044357e+00  -1.18701134e+00
    4.24184449e-01 
   -2.70010460e-01   1.76696049e+00   5.17376774e-01  -6.79001115e-01
    6.08709052e-01  -1.35441444e+00  -2.02996282e+00  -1.44231923e+00
    1.22973790e-02  -5.35297760e-01  -4.33790516e-02   7.47367905e-01
    5.90133357e-01   4.79312971e-01   1.35497491e-01   9.91081402e-01
    1.07740027e-01 
   -1.26669994e+00   1.36199436e-01   2.32765912e+00   1.30942809e+00
    1.13678812e+00   2.60295016e-01  -1.36060248e+00  -1.02790444e+00
   -5.43852571e-01   7.55838669e-01  -1.89347366e+00  -1.34491797e+00
   -1.41441604e+00   1.23493829e+00   1.19118031e+00   8.81213946e-01
    2.73157234e-01 
    1.18974820e+00   1.02922969e+00  -9.33266494e-01  -3.25506224e-01
   -6.70100423e-01  -2.39572646e-01  -7.43806986e-01  -2.45725702e-01
    1.46292978e+00   1.40481299e+00  -1.84556477e+00  -1.47238699e+00
   -3.42964677e-01  -1.42048246e+00   2.25088538e+00   5.92108332e-01
   -4.31074014e-01     2.96118199 -0.73606553 -0.02780621 -1.83168586 -0.6783871   0.6531066
  -0.37923221 -0.79432911  0.53805136  1.02432552  0.63479102 -2.67108797
  -0.8024919   0.14261772  0.66750256 -1.7107676  -0.40419173  0.33600575
   0.32605064  0.57167111 -0.22250721  2.32881983  0.37314185  2.01055053
  -1.99516634 -0.95166455  0.51071336 -0.25253523 -0.09645084 -0.49172775
   0.49586818 -1.60289276 -0.23258996 
   0.58895797  0.25097816 -0.36700124  0.16855424  0.9539948  -0.33525515
  -1.42939531  1.0308061  -2.34746313 -0.24285933 -0.85766939  0.30129136
   1.28826707 -0.13527218  1.81972188  0.21936819  0.07179041 -0.71345748
   1.8970812  -1.86502557 -1.55831426  0.20443208  0.28084191  0.27453818
  -1.55900527  0.44877276  0.70981001 -3.6517977   1.41294291 -1.66321435
   0.01664662 -1.21876966  0.11141175 
   0.74744049  0.16473879  2.7351725   0.70539704 -1.99738245 -1.26520776
  -0.90308209 -0.79559516  1.52543912  1.08631576  0.2476542   0.10050616
  -2.05706706  0.10853378 -0.33792869 -1.26158189  2.1893787  -0.2021404
  -1.38147412  1.20052038 -1.40673292 -2.33238579 -1.05273114  1.26773334
   1.24923899  0.96776336 -1.97551055 -0.60696494  1.82999566 -0.38604946
  -2.4502552   0.80923422 -0.33538085 
  -1.15882859  0.71553216 -1.33633728 -1.02072411  1.4830589   1.17508758
   1.22664697  0.32386899  0.35106237 -0.81122797  2.20356356 -2.31733886
   0.56964799 -1.00601626 -3.12215062  0.03116735  3.54121081 -0.27376105
   0.52430836 -1.94151271 -1.09114304  0.7184794   0.91322344 -2.72591695
   0.37969068  0.49795135  0.00815273  0.05961864 -0.30456265  0.17536669
  -1.83405066 -0.55128921 -0.16972459 
  -1.5024986  -1.09467764 -1.98335547 -0.26912814  0.15214536 -0.30498437
   0.22914381 -1.22871775 -0.3386306  -2.62878247  1.29407299 -0.32498976
  -0.26867708 -2.26256188  2.47334568 -1.46081182  0.0061153  -1.41346375
   2.61161247  0.1166472   1.26851173 -1.39839767 -2.88652309  2.09806806
   2.02975399  1.49888685 -1.47968096 -0.28572126 -1.04847214 -0.56592128
  -1.00260416  1.31268347 -0.12581519 
  -0.50864397  0.0368036   0.77840146  0.81244329  0.96586215 -0.61658115
  -0.29891172 -3.3904763   0.99814252  0.142073   -0.03370837  0.05904612
  -0.50204119  2.03188817 -0.92824643 -1.88838214 -1.14180246  0.37594658
  -0.24665322 -2.73745707  4.39948908  0.46683167  0.50449886  0.03083296
  -0.1876162   0.53982944 -1.49792316 -1.47888113 -3.34212868  0.72476498
  -0.13366978 -0.03451452  0.11213172 
   0.64617488 -0.66809436  0.34272129 -1.25717079 -0.48063495 -1.58899377
   1.32516986  0.88187439  0.17674273 -2.2054339  -0.54226457  2.14629695
   3.170737   -1.54810102 -1.22992247 -3.70941925 -0.91316687  0.14676029
  -0.45607847  0.03051422 -0.79364579 -0.38827964 -0.36400209 -0.62878232
  -1.70603623 -1.61719609  1.07478477  0.16006307  0.34845276  2.60581335
   0.59636678  0.73409122 -0.30345514 
   0.12284427 -0.93033312  1.8976381  -0.55720186  1.36298929 -0.11391727
  -1.01674575  0.17773176 -0.05822301  0.41650769 -3.91769079  0.07121624
  -0.32533415 -1.24949914 -0.40466543  2.04285628 -2.07011134 -0.54061296
  -2.326736   -0.08836994 -2.3436584  -0.17060284 -2.64994035  0.30940871
  -0.19161245  2.96928338  0.70012895  0.66316066 -1.48376356  1.1165241
   0.94493202 -0.23905298 -0.55939221 
  -1.76389768  2.1638642   1.09698357  1.14500112 -1.85695733 -0.32314625
   1.19150203 -1.98251711  1.96683855  0.16306489  0.41767317 -1.2736133
   1.13752207 -1.45862586  1.90897588  1.36123611 -0.88491387 -1.88405473
  -0.41723167  0.40512152 -1.3837754  -1.53401496  2.04415799 -1.41076015
  -1.56514103 -0.65529748  0.01290245  0.64292476 -1.19491085 -0.16341633
   1.31309335 -1.54452366 -0.51268681 
   0.65837637 -0.6364268  -0.67848304 -1.11178618 -0.2793767   0.06394328
  -0.86530052 -2.21943152 -2.23145091 -2.32914201 -1.75640768  1.56315429
  -2.01717268 -1.36773146 -0.10560494 -0.14599935  0.74193324  0.03276073
  -1.90672882  1.78634976  1.1509472   1.23495464  0.64483801 -2.51440077
   2.60991925 -0.49045642  1.42066417  0.06663038  2.07166032  0.24023518
   0.02789767 -1.41122436 -0.11403758 
  -0.38595721 -2.28606655  0.17491999  0.704014   -0.48266881  0.98749852
  -0.91902458 -2.29870737 -1.21407557 -0.06025568  1.0178117   0.50487109
  -2.62657892  1.86209013 -0.45248475  0.19520894  0.73536738 -1.105924
   0.78473353  1.41112562 -0.59588891 -0.90486034 -1.16510732 -2.48731701
  -1.85512853 -1.57532491  2.94708366  0.82828036 -1.11355106 -0.38388037
   1.37716916  2.13761672 -0.31933167 
  -1.4450446   3.73924596 -1.04119197 -2.43833454 -1.94866258 -0.9459596
  -1.01974024  0.32530297  0.97223831 -2.09196512 -2.47033542  0.04866913
  -0.79415806  1.30471557  0.26660354  1.48558336 -0.78863521 -0.4400171
  -0.03741267 -0.70221361  0.80609785  1.81614887 -0.39853265  0.88669555
   0.83779996 -1.79945717 -1.21559542  0.06057401  0.79447939 -0.8273251
   1.20518718  0.94604997 -0.4490705  
  -0.45947637 -0.7366923  -2.43280538 -1.88768091 -1.9261121   0.7775702
   0.19415085 -0.23063633 -0.49989491  2.77285095 -0.01022771  2.04174068
  -1.02542742  0.10220162 -0.26418298 -1.21585814 -0.04730329 -1.04323084
  -0.28909326 -1.18460059  0.49511581 -0.42410975 -0.82441636 -0.68886152
   0.10575116 -0.26540049 -1.56065885  0.45673606  1.42820019 -1.10941964
   1.73888145 -0.42288842 -0.17802849 
  -0.29523022 -0.77523768  0.63359071  1.80744769 -2.05259289  1.08834553
  -0.17960503  0.85656684  0.91136036 -0.6264692  -0.81815763  0.03095315
  -1.57909535 -0.62695705 -2.31684836  1.79629408 -2.62543457  0.31270419
   0.93161327 -0.70875786  0.6636283  -0.66023199  1.26235163  0.35272426
   0.37925182 -1.90393351  0.90485461 -1.19379971  0.18107165 -0.90317047
  -0.77868488  0.66533795 -0.34296626 
  -0.58381828  1.69221118  0.23469841 -1.08307559 -0.91931577 -0.19661678
   0.88087385  1.33331912 -0.72510243  0.13361194 -0.83763402 -0.60438197
   0.29698636  0.39508804  1.5018986  -0.97819194  0.39917499  0.23893503
  -1.10605173  0.46967324 -0.64023261  0.89243561 -0.21559359 -0.26476837
   0.80652903 -1.19534919 -0.40890164 -0.27616579 -1.70977675  0.01946393
  -1.54408056 -2.45248093 -0.7742478  
  -0.32850251 -1.48110776 -2.05150247  1.4963121   1.20230457  0.76858353
  -0.54253231 -0.42867723  1.30899135  1.03016702  0.05610415  0.39866384
  -0.2788468   0.1934213  -0.85058688 -0.16692959 -0.22990853 -1.52716832
  -0.7156157   1.34520355 -0.59500384  0.52767883  0.175908   -1.45308012
  -0.58147922 -1.27232008 -1.44790699 -0.51017845  0.94469266 -0.55978021
  -0.80211187 -0.5109667  -0.21027357  