NN 16 32 16   -3.49939783e+00  -8.34350044e-01  -6.80455128e-02   7.05437005e-01
    2.44825493e+00  -1.01108627e+00  -1.72462673e+00  -1.84688597e+00
    2.83292844e+00  -1.40932315e+00  -1.26271656e-01   3.51281477e-01
    9.05434538e-01  -1.10560424e-01   3.54933417e-01  -3.63243330e-01
   -7.14257238e-01 
    7.64058291e-01  -5.13201999e-01  -4.52816035e-01  -3.65901699e-01
    1.01917252e+00  -4.12570618e-01   1.03491117e-01   4.67610937e-01
   -2.30304354e+00   8.06405723e-01   1.88999137e+00  -3.63458645e+00
    6.49351363e-01   6.34759603e-01  -1.93948435e+00   1.23338244e+00
    5.27972622e-01 
   -7.74375155e-01   7.81710212e-02  -2.54371746e+00   8.51367537e-01
    2.57853169e+00  -1.83377714e+00  -4.25083489e-01  -7.28116519e-01
   -9.12902185e-01   5.70651789e-01  -5.00785263e-02   2.06133642e-01
    1.44163711e+00  -7.79344746e-01  -2.01252785e-01   1.88438012e+00
    1.49645906e-01 
    1.55804446e+00  -8.62080886e-01  -1.28750066e+00   9.04654351e-01
    2.00072757e-02  -1.19521168e+00   8.96538872e-01  -4.38454424e-01
   -1.37798578e+00   7.87715324e-01  -1.49075495e+00   1.64065414e+00
    1.59075732e+00  -1.65940160e+00   1.02541069e+00  -1.91050781e+00
   -3.43123881e-01 
   -3.22711709e-01  -1.48720845e+00   1.50027742e+00  -9.73988657e-01
   -2.43834652e-01  -6.44096574e-01   2.16729115e-02  -1.84319799e+00
    1.19633672e+00  -4.85679998e-01   1.87325737e-03   1.97167344e+00
    1.64245789e+00   2.10080865e+00  -4.74409960e-02  -1.39938727e+00
   -6.75267475e-01 
   -4.25024020e-01   1.27876042e+00   1.67771788e+00  -1.27159708e+00
    7.21681107e-01   1.17168769e+00   1.79273811e+00  -1.88658262e-01
   -1.05491360e-01  -2.49133473e-01  -1.85676054e+00   5.06920850e-01
   -7.51806157e-01  -1.30864336e+00  -3.49580625e-01  -9.46887362e-02
    5.64029707e-02 
    7.36630640e-01   1.50632256e+00   1.45165346e+00  -1.83325157e+00
   -1.01911764e-01   5.32878926e-02  -1.79215744e+00   1.20107604e+00
   -6.26572317e-01   5.04646565e-01   7.39350993e-01   2.65363587e-01
   -2.26165363e-01  -4.17621832e-01  -1.37590263e+00   7.83158601e-01
   -6.59573672e-01 
    7.40035968e-01  -1.39152953e+00   1.14861411e+00  -4.29764051e-01
    6.40656172e-01   3.81725059e+00  -1.92249274e+00  -1.27082537e-01
    2.25632418e+00   2.18036124e+00   4.82304783e-01  -6.36213344e-01
   -6.10619920e-01  -2.46868623e+00  -1.24417895e+00  -4.45529841e-02
   -6.20827388e-01 
    3.15856472e-01   2.54880581e+00  -1.02823652e+00  -8.42633962e-01
    7.83037356e-01  -1.17923052e+00  -1.03573214e+00  -2.12973588e-02
   -1.58486213e+00   2.31123954e+00   1.29147118e+00  -1.23062969e+00
    7.16351453e-01  -1.71329047e+00   1.25630674e+00  -1.48808906e+00
   -1.54031647e-01 
   -1.43458593e+00  -1.23405640e-01  -7.16640566e-01   1.35183640e+00
    1.72108301e+00  -8.75222625e-01   1.26106876e+00  -7.41970894e-01
   -8.18571959e-01   1.18307978e+00   3.85243041e-01   1.82129613e+00
   -2.58780960e+00   4.74398361e-01  -5.08106927e-01  -1.27231580e+00
    3.05909545e-01 
   -6.46594316e-01   5.86066495e-01   4.50543219e-02  -2.75604348e+00
   -2.00370973e+00  -1.35818849e+00   2.33691903e-01   3.73158007e+00
   -1.18204052e+00   6.61921626e-01  -6.89183900e-01   2.79914670e+00
   -8.65449456e-01  -3.14226958e-01  -6.92858003e-02   1.51737952e-02
   -6.10597239e-01 
    2.70831148e+00  -8.60407088e-01   3.86253686e-01   1.89500418e+00
    1.39736670e+00  -5.81256406e-01  -1.24809833e+00   7.61021864e-01
    2.80088830e-01  -1.03382245e+00   3.91089697e-01  -4.66897597e-01
   -2.82095062e+00   4.14156058e-01   9.71613885e-01  -7.70860041e-01
   -1.04315200e-01 
   -1.80294784e-01  -1.97278000e+00   1.20874642e+00  -8.32238430e-02
   -1.34016811e-01   4.73489053e-01  -3.39365615e+00   6.10586611e-02
   -1.80584893e+00   9.19200987e-01   2.89780543e+00   1.78256885e-01
   -3.98875624e-01   1.23557980e+00  -6.13593910e-01  -6.24458713e-01
   -1.19783321e+00 
   -4.20320999e-01   3.07258368e-01  -7.11753614e-01   1.45885253e-01
    2.08050457e+00  -1.94023029e+00   8.49588421e-01   6.64718812e-01
    1.01365782e+00   1.59007108e+00  -2.14837007e+00  -1.63057492e+00
   -9.61278443e-01   3.42698769e-01  -4.09287810e-01  -1.11843949e-01
   -1.41987931e-01 
    1.47112097e+00  -1.78418080e+00   6.35815122e-01   2.73588771e+00
   -2.01675541e+00   8.18446275e-01   5.39203469e-01  -9.66229055e-01
   -1.54274991e+00  -1.91684416e-01  -3.76536790e-01  -3.52243939e-01
    8.28893828e-01   2.30169408e+00  -1.94801691e+00  -1.08542704e-01
    6.00473357e-01 
    1.40227889e+00  -8.13497093e-01  -2.88006416e-01  -7.44343265e-04
   -2.48498813e-01  -1.98718029e-01   3.04574639e+00  -2.83706268e+00
   -1.38957714e+00  -8.36243946e-01  -4.15618380e-01  -8.46643918e-01
    1.36535292e+00  -1.83293178e+00   8.16881728e-01   4.34460439e-01
    4.88616403e-01 
    1.25167939e+00   8.35542477e-01  -2.96592873e+00  -3.88413582e+00
    9.41225066e-01  -1.86743797e-02   1.00975538e+00   1.46789112e+00
    7.33053202e-01   2.59071740e-01  -8.35847763e-01  -9.70560055e-01
   -2.52400840e-01   1.77786911e+00  -4.91460609e-01   1.06265386e+00
    2.36860747e-01 
   -1.44874436e+00   2.89018495e-01  -1.49795272e-01   1.86285048e-01
    7.33754850e-01  -1.33881232e+00   6.13991127e-02   2.16664911e-01
    1.43210074e+00  -8.98410329e-01   1.04382994e+00  -2.88026884e-02
    8.00573615e-01  -9.76795565e-01  -6.23362428e-01   1.09647020e+00
   -6.30751258e-01 
   -9.66681745e-02  -2.19534516e+00   2.04142216e+00  -1.93918926e-01
   -2.34973077e+00   2.79149172e-01  -2.43337322e-01   1.49394532e+00
    2.47944189e-01   1.64674556e+00  -1.68442588e+00  -3.82267315e-01
    6.79402437e-01  -1.17133895e+00   6.01797340e-01   6.38291041e-01
    1.17365750e-01 
   -1.40426319e+00   5.23676898e-01  -9.07835820e-01   2.02044076e+00
   -7.00004644e-01   1.74467246e+00   9.44392519e-01  -1.55807506e+00
   -2.91037162e-01  -1.71320274e+00  -7.11752425e-01   6.93502436e-01
    1.78648401e+00   2.41759420e-01  -1.87034533e-01  -1.98913762e+00
    3.98411861e-01 
   -2.20414550e-01   2.55309701e+00   9.32262584e-01  -3.90988903e-01
   -4.04966653e-01  -4.43931616e+00   1.18477097e+00   3.29858672e+00
    1.30604244e+00  -2.06487506e+00   7.20654567e-01  -2.61032166e-01
   -6.34991534e-01  -7.54331879e-01   5.70209647e-01  -3.32840461e-01
   -3.58429269e-01 
   -2.49238728e+00   8.42794676e-01   1.80342037e+00  -1.84473891e-01
    1.62191427e+00  -9.85836258e-01  -9.11956287e-01  -4.87253115e-01
    2.06236087e+00  -1.33427837e+00   8.39571097e-02  -1.81545082e+00
    5.21438426e-01   4.69791464e-01  -1.13861301e+00  -4.40288197e-01
    5.92377368e-01 
   -3.73623674e-01  -4.48698740e-01   4.72149230e-01  -8.76614146e-01
    2.22110986e+00  -1.34334354e+00   9.98223745e-02   2.25291465e+00
   -2.60108871e+00  -8.03643710e-01   1.10548480e+00   7.50690320e-01
    4.71791318e-01  -7.44299815e-01  -3.93349072e-01  -9.14579192e-01
   -3.22635992e-01 
   -1.95689274e+00   2.86442613e-01  -1.34895659e+00   2.12532075e+00
   -1.07421137e+00   8.49757262e-01   7.63809835e-01  -5.81914653e-01
    1.06235896e+00   1.50919153e+00   1.45654154e+00  -1.88246347e+00
    7.18528922e-01  -1.40585612e+00   4.53147545e-01  -2.99502647e-01
   -7.03124321e-01 
    1.64772524e+00   1.59078124e+00  -2.03558613e+00  -7.75089055e-01
   -3.35857582e+00  -1.14129083e+00   9.67133411e-01   5.34686750e-01
    1.26069034e+00  -2.29388974e+00   1.88828743e+00  -2.08684556e-01
    3.68054708e-01  -3.47623273e-01  -8.17676653e-01   2.77279224e-02
   -2.20797779e-01 
    1.67458053e+00   1.45375370e-01  -1.64098711e+00  -1.82138370e-01
   -1.03927618e+00  -4.74039428e-01   2.68062677e+00  -2.91824046e+00
   -4.79493314e-02  -3.31122016e-01   2.96601576e-01   9.11424795e-01
   -1.97986658e-01   1.26031818e+00   8.01329552e-01   9.56835794e-01
   -6.02260150e-01 
   -6.86694833e-01  -6.90272358e-01   1.91269724e+00  -4.04564601e-01
    1.52833309e+00   1.81397448e+00  -2.96265952e+00   1.38108520e-01
    2.36355464e-01  -9.66086868e-01  -2.99723667e+00   2.06463255e-01
    1.69652911e+00  -1.30549942e+00  -3.99531857e-02   2.83914083e+00
   -2.54627881e-01 
   -9.16931375e-01   2.54209333e+00   1.38052960e+00  -3.31332857e-02
   -1.22254369e+00   2.01752191e+00  -4.92263791e-01  -5.50568894e-02
   -1.02993833e+00  -1.99768884e+00  -2.93059618e-01  -1.39787031e-01
   -9.22840627e-01   5.73865644e-01  -5.14295975e-02   7.24586200e-01
   -4.83439521e-01 
   -4.25539152e-01  -1.24527906e+00  -1.01909434e+00   1.40106729e-01
    9.00942271e-02   2.35605379e+00  -8.08855896e-01   7.63020115e-01
    2.48025291e-01  -2.56662357e+00   1.24806751e+00  -3.40110248e-01
   -1.42309289e+00   2.98908048e-02   2.84261303e+00  -1.42086970e+00
    5.52870517e-01 
   -2.13680213e-01   1.98284400e+00   3.27896536e-01  -7.55065692e-01
    7.77661012e-01  -1.46120434e+00  -2.26523150e+00  -1.45606149e+00
   -4.28088428e-01  -8.03648463e-01  -1.45421095e-01   9.03789365e-01
    6.34551001e-01   5.08271372e-01   8.44912089e-02   1.00844987e+00
   -2.58630079e-02 
   -1.03569259e+00   1.06499702e-01   2.60114111e+00   1.44382168e+00
    1.09680675e+00   2.21617477e-01  -1.86171075e+00  -1.18202542e+00
   -6.08604342e-01   8.37726960e-01  -1.85464032e+00  -1.32069215e+00
   -1.62549596e+00   1.48697541e+00   1.55465555e+00   1.13609667e+00
    3.16491077e-01 
    1.39763015e+00   8.92589304e-01  -1.03958191e+00  -2.56601610e-01
   -7.99418282e-01  -3.08839509e-01  -5.39664572e-01  -3.71954559e-01
    1.66237338e+00   1.49293786e+00  -2.10508035e+00  -1.82451617e+00
   -4.24420281e-01  -1.60767156e+00   2.38761896e+00   7.77533316e-01
   -5.02831410e-01     3.3780874  -0.78885071  0.34175065 -2.01388491 -0.83096869  1.16858403
  -0.68115752 -0.99350886  0.63961301  0.89064725  0.2946079  -2.96212964
  -0.8369327   0.34264315  0.75336108 -1.66450157 -0.17179598  0.22158138
   0.22296233  0.27493613 -0.20134024  2.13670833  0.59821264  1.97340421
  -1.63047487 -0.85795777  0.37933522 -0.21540887 -0.13684233 -0.38808108
   0.29815012 -1.41574678 -0.1873721  
   0.71842108  0.43174631 -0.21803516 -0.09583942  1.0363506  -0.27608442
  -1.42114496  1.06387475 -2.26607563 -0.22699032 -0.99763932  0.07530132
   1.27052784 -0.31695917  1.58593426  0.19836607  0.0956166  -0.78952428
   2.03581596 -2.14006676 -1.47053107  0.3668361   0.43954523  0.08017357
  -1.32347679  0.60041246  0.83563067 -4.12995677  1.31315125 -1.64108665
   0.0546971  -1.3679092   0.14959608 
   0.70707998  0.04955667  2.84328033  0.91525502 -1.93334504 -1.6022541
  -0.90223611 -0.90037769  1.53635921  1.08721156  0.36195664  0.42262514
  -2.2761846   0.02016307 -0.44923288 -1.28581001  2.10257479  0.01313461
  -1.43995097  1.17738039 -1.36899832 -2.42584783 -1.19511302  1.30667137
   1.17148639  0.85419548 -2.27102469 -0.5789717   1.92537762 -0.31312854
  -2.32782692  0.82455018 -0.36585067 
  -1.30982922  0.51883079 -1.34392342 -0.92703012  1.73686691  1.39370732
   1.41022654  0.2003347   0.53189313 -0.86212884  2.59380261 -2.14926695
   0.56081299 -1.0805043  -3.22356604  0.05777727  3.75776364 -0.19895953
   0.2034579  -2.1410708  -0.95759636  0.59330156  0.85927167 -2.88527754
   0.48467715  0.55534359  0.07240516  0.22335464 -0.33605611  0.34567488
  -1.62752465 -0.54467703 -0.08820148 
  -1.69307857 -1.11072273 -2.18057631 -0.47179109  0.28357347 -0.36645207
   0.23845185 -1.11372935 -0.24853763 -2.80605793  1.37116999 -0.41805911
  -0.12456268 -2.39371836  2.68226174 -1.69163141 -0.15889416 -1.38367333
   2.59779572 -0.03434121  1.37503003 -1.32678068 -3.02810079  2.21882813
   2.0428425   1.4668229  -1.42082195 -0.16940621 -0.71600188 -0.26536281
  -1.09466783  1.46782368 -0.10854714 
  -1.0945381  -0.31720322  0.61961293  0.6539674   0.97364227 -0.69275029
  -0.421554   -3.5115495   1.01549828  0.0422815  -0.13311002  0.33333661
  -0.71760965  1.87668176 -0.90341195 -2.0848154  -1.33432567  0.48276455
  -0.07490329 -2.56342671  4.53753027  0.31742551 -0.02469598  0.04572526
   0.13147134  0.56235665 -1.44064113 -1.64976833 -3.63165354  0.74233756
  -0.26367003  0.23210597  0.01706965 
   0.69998797 -0.8876921   0.14032559 -1.11914897 -0.30891129 -2.07451344
   1.22278155  0.81440638  0.25049287 -2.11608153 -0.52619226  2.59533751
   3.16016063 -1.58402448 -1.04606347 -3.84830665 -0.92462031  0.0655922
  -0.18467835 -0.31833573 -0.83371137 -0.30853697 -0.4123362  -0.70453427
  -1.42360124 -1.59410541  1.15182667  0.16390713  0.58328412  2.62833994
   0.62275067  0.37037831 -0.30725445 
   0.0253669  -0.76668576  2.03187635 -0.62344443  1.62402434 -0.18292148
  -0.8426306  -0.02235386 -0.25305964  0.40297524 -4.15456182  0.09826233
   0.02246182 -1.58258203 -0.4085108   2.14999587 -2.21853743 -0.50202034
  -2.26827521 -0.39087291 -2.3660181  -0.21399808 -2.74256576  0.05813274
  -0.4083242   3.3097005   0.6023959   0.5673848  -1.5845758   0.90278506
   1.03130192 -0.16672931 -0.78880338 
  -2.03787161  2.25420116  1.07424686  1.31805144 -2.0816018  -0.3123911
   1.18438935 -2.26960083  2.10495752  0.31034721  0.67132215 -1.4203387
   1.14208608 -1.43370989  1.90537603  1.20386108 -0.81137424 -2.21371824
  -0.41290726  0.48073518 -1.42028004 -1.6750958   2.03852569 -1.36010928
  -1.78587945 -0.59574607  0.03061331  0.53270514 -1.29602775 -0.1761657
   1.46741447 -1.73345138 -0.56182892 
   0.8511915  -0.82876866 -0.83489702 -1.26482173 -0.10915862  0.25755364
  -0.87353768 -2.2979505  -2.33001159 -2.45346399 -1.78133088  1.64722952
  -2.46267314 -1.43411134  0.13785044  0.12404267  0.67021321 -0.00670498
  -2.1086491   1.76600608  1.28477143  1.17532975  0.67168044 -2.63314911
   2.62673513 -0.54122876  1.72993541  0.40152969  2.27674138  0.34582088
   0.07130138 -1.7152081  -0.21364241 
  -0.19539408 -2.68595458  0.2899353   0.77531376 -0.56695123  1.13888876
  -1.08610788 -2.27316536 -1.53946413 -0.05300575  1.11427559  0.11360256
  -2.63570848  1.77403341 -0.41127483  0.20863406  0.53261776 -1.18921916
   0.91722486  1.60536709 -0.77320731 -1.22869181 -1.31436767 -2.60618438
  -1.72092455 -1.64053669  3.25596484  0.98752086 -1.1658967  -0.37109755
   1.51267437  2.34699009 -0.45634463 
  -1.39354315  4.02106141 -1.2362543  -2.51456472 -2.0560445  -1.23273217
  -1.14860378  0.04571888  1.03387664 -2.26109707 -2.54709164  0.22526426
  -0.76757847  1.26503925 -0.05783775  1.56627564 -0.85381524 -0.53596863
  -0.07367593 -0.84322755  0.74170151  1.73242701 -0.60065062  0.88296374
   0.74588972 -1.70663571 -1.4660583  -0.08958992  0.91216978 -0.844204
   1.38903738  1.07772505 -0.62682807 
  -0.44046658 -0.90302321 -2.48838362 -2.0035986  -1.99727839  0.86640342
   0.0478465  -0.21621669 -0.59941313  3.22169138  0.04171569  2.08880737
  -1.02993654  0.22853006 -0.41095164 -1.2703243  -0.07258326 -1.07132145
  -0.37789673 -1.35403475  0.38865143 -0.41327832 -0.87912214 -0.68401795
   0.04146381 -0.16972488 -1.75289144  0.44779701  1.49263434 -1.17954697
   1.89943494 -0.43513799 -0.19720332 
  -0.33583762 -0.78796007  0.55431336  1.86974064 -2.22312146  1.17808082
  -0.19375222  0.92573099  0.92002601 -0.72925673 -0.82926101  0.03641214
  -1.65938788 -0.69851462 -2.46816061  1.91629195 -2.78756804  0.34326992
   0.96943444 -0.78706021  0.72405591 -0.67251519  1.32931916  0.34092697
   0.36444149 -2.00139885  0.90124713 -1.25206098  0.11865419 -1.03238057
  -0.87878455  0.70516668 -0.4415701  
  -0.5904604   1.98279015  0.30826804 -1.05308502 -0.92162023 -0.16731634
   0.93482029  1.43739546 -0.91282159  0.2331807  -0.90438209 -0.65979342
   0.21740034  0.44049949  1.81755426 -1.07153055  0.48815724  0.31478284
  -1.17726178  0.45012854 -0.58775687  0.99908209 -0.26794512 -0.22907634
   0.95312706 -1.19311347 -0.44442573 -0.32329807 -2.20077007 -0.11074985
  -1.71042923 -2.72821009 -0.809013   
  -0.26354787 -1.65001401 -2.21278258  1.74004089  1.29142137  0.86644796
  -0.48953214 -0.51917035  1.73668814  1.20732119  0.13308564  0.40692198
  -0.2125598   0.24523272 -0.98804706 -0.37670827 -0.21204762 -1.67993776
  -0.87219384  1.54724862 -0.50824664  0.68142716  0.299683   -1.45183927
  -0.52592457 -1.42121232 -1.60199724 -0.53476544  1.03794724 -0.54224165
  -0.86838457 -0.58513227 -0.19572108  