NN 16 32 16   -3.95318026e+00  -1.17527602e+00  -7.02269227e-02   5.47801795e-01
    2.37802989e+00  -1.01580575e+00  -2.02763494e+00  -2.18877186e+00
    3.41850682e+00  -1.21160726e+00  -3.12760512e-01   1.32730863e-01
    8.29419637e-01  -3.46804391e-01   2.05443402e-01  -6.74385875e-01
   -9.74804002e-01 
    6.40424584e-01  -4.74574123e-01  -3.34533925e-01  -4.43312360e-02
    1.16205113e+00  -2.66807278e-01   3.34128279e-01   4.59138569e-01
   -2.67099592e+00   7.76396215e-01   2.19228654e+00  -3.90204593e+00
    8.96878929e-01   8.52289779e-01  -2.14581754e+00   1.42711569e+00
    7.04344743e-01 
   -1.01941663e+00   1.60543653e-01  -2.58185305e+00   7.78111681e-01
    2.72633647e+00  -1.86229872e+00  -6.17214195e-01  -7.89145238e-01
   -1.12072853e+00   4.48952341e-01  -3.75477729e-01   2.46511159e-01
    1.42786693e+00  -7.28254405e-01  -2.78514978e-01   2.05534349e+00
    1.41268406e-01 
    1.67860608e+00  -7.91586121e-01  -1.26999168e+00   1.03577143e+00
    1.62317199e-01  -1.14867977e+00   9.52947018e-01  -4.23209069e-01
   -1.57347226e+00   8.46182203e-01  -1.55359047e+00   1.73779178e+00
    1.78025582e+00  -1.58075860e+00   1.26599336e+00  -1.92946835e+00
   -1.62876767e-01 
   -1.25987887e-01  -1.65419597e+00   1.47552142e+00  -1.23378281e+00
   -1.71041530e-01  -6.56139079e-01  -1.74550130e-02  -2.07500580e+00
    1.24303161e+00  -6.00590300e-01   1.58714611e-01   2.12434774e+00
    1.53884969e+00   2.20856894e+00  -1.95164743e-01  -1.48815799e+00
   -7.04617343e-01 
   -5.01418604e-01   1.27548496e+00   1.91775620e+00  -1.32965738e+00
    6.04752103e-01   1.17335316e+00   1.94632003e+00  -5.02374563e-01
   -1.69397088e-02  -2.77451299e-01  -2.01439937e+00   5.97977265e-01
   -8.92593040e-01  -1.48955336e+00  -5.55695210e-01  -1.11399352e-01
    1.62624685e-02 
    9.78048115e-01   1.52159164e+00   1.73245456e+00  -1.84932669e+00
   -9.33266114e-03   2.23168443e-01  -1.95528996e+00   1.45360757e+00
   -5.36272331e-01   5.25165374e-01   9.54838116e-01   3.67898904e-01
   -7.46732553e-02  -3.76665521e-01  -1.37443227e+00   8.77613501e-01
   -6.50638875e-01 
    5.14468275e-01  -1.33706925e+00   1.26807364e+00  -4.32937976e-01
    6.13301506e-01   4.26807210e+00  -2.07529471e+00  -9.77248639e-02
    2.37664256e+00   2.27033188e+00   2.14748123e-01  -3.87687358e-01
   -7.97846319e-01  -2.76441868e+00  -1.47767896e+00  -1.80464133e-01
   -7.30788599e-01 
    2.43253440e-01   2.72720870e+00  -7.09262385e-01  -1.17849295e+00
    5.40474281e-01  -1.31230091e+00  -1.14672542e+00  -1.46857068e-01
   -1.66500415e+00   2.33389814e+00   1.36990007e+00  -1.33086720e+00
    9.46579041e-01  -1.84247477e+00   1.45335562e+00  -1.66855322e+00
   -1.40018977e-01 
   -1.20839380e+00  -1.86327049e-01  -6.16170597e-01   1.17433392e+00
    1.81485370e+00  -8.08261837e-01   1.34821884e+00  -1.03101706e+00
   -1.06972615e+00   9.00470185e-01   6.57617688e-01   2.02988225e+00
   -2.85516777e+00   5.05178940e-01  -7.64552416e-01  -1.36111340e+00
    3.47712773e-01 
   -6.69289774e-01   4.30236520e-01  -2.20826519e-02  -2.87672574e+00
   -2.36468619e+00  -1.39043965e+00   1.32154004e-02   4.14372642e+00
   -1.27544512e+00   3.00802358e-01  -4.58545724e-01   3.14204067e+00
   -1.15587867e+00  -4.21578960e-01  -1.54468369e-01  -1.61094304e-02
   -6.69494112e-01 
    2.92088447e+00  -9.45054742e-01   2.95953680e-01   1.92738860e+00
    1.56555217e+00  -6.42172657e-01  -1.38393562e+00   6.42777231e-01
    1.53387448e-01  -1.33515485e+00   4.07722319e-01  -6.52999033e-01
   -3.12614898e+00   3.50999731e-01   1.02359902e+00  -1.07409133e+00
   -3.24535491e-01 
   -2.85914396e-01  -2.39366982e+00   1.64274482e+00   1.82763076e-01
   -3.81272894e-01   4.81626235e-01  -3.42118302e+00  -2.53825310e-01
   -1.93510416e+00   1.17523343e+00   2.95554093e+00   1.18131938e-01
   -4.53170829e-01   1.29014105e+00  -5.44407194e-01  -7.00252970e-01
   -1.27652884e+00 
   -5.15124104e-01   2.56551896e-01  -5.61044210e-01   8.34312860e-02
    2.32355001e+00  -2.06649268e+00   1.03182079e+00   9.02458455e-01
    1.15451746e+00   1.56917875e+00  -2.24767400e+00  -1.82019950e+00
   -1.12567176e+00   3.37775774e-01  -4.53139686e-01  -1.04250684e-01
   -1.60972641e-01 
    1.63446720e+00  -1.82965791e+00   6.67450660e-01   3.05488989e+00
   -2.28664889e+00   6.76971354e-01   5.03195343e-01  -1.00756924e+00
   -1.60694529e+00  -2.50134261e-01  -5.05703868e-01  -1.98377366e-01
    7.85072220e-01   2.35531524e+00  -2.21546056e+00  -1.74318001e-01
    5.79785196e-01 
    1.59893648e+00  -9.98389679e-01  -1.94105106e-01  -6.22272532e-02
   -2.96861802e-01  -4.10759999e-01   3.22099768e+00  -3.02665407e+00
   -1.22986292e+00  -1.13850770e+00  -4.35530564e-01  -8.91475688e-01
    1.18582806e+00  -1.91397275e+00   8.76769714e-01   5.38615941e-01
    4.86523900e-01 
    1.51298000e+00   6.17525189e-01  -2.97605934e+00  -4.37340053e+00
    1.18220573e+00   1.18564482e-01   6.38505293e-01   1.49589514e+00
    8.13040642e-01   2.73350975e-01  -8.92657065e-01  -1.14703619e+00
   -3.03130573e-01   1.67045007e+00  -5.43592196e-01   1.18478727e+00
    2.88633697e-01 
   -1.49575783e+00   5.07187152e-01  -3.24586495e-01   2.39039682e-01
    7.53187612e-01  -1.74912138e+00   1.63566982e-01   2.96112531e-01
    1.52321728e+00  -8.59418456e-01   1.23980802e+00   1.55192781e-01
    8.53535318e-01  -1.12595905e+00  -7.36930517e-01   1.19927573e+00
   -7.10370476e-01 
   -1.81859729e-01  -2.56518537e+00   2.30032185e+00  -2.10195154e-02
   -2.39319190e+00   3.45939715e-01  -2.32687101e-01   1.45484199e+00
    1.11711539e-01   1.49973535e+00  -1.64207063e+00  -5.04230610e-01
    4.30070234e-01  -1.12546343e+00   5.95873483e-01   6.36033584e-01
    9.78579815e-02 
   -1.27296183e+00   4.96438748e-01  -8.88051126e-01   2.19152035e+00
   -7.84089742e-01   1.85948946e+00   1.26240321e+00  -1.60608239e+00
   -1.26819572e-01  -1.67988997e+00  -5.73187971e-01   5.89487461e-01
    1.82063727e+00  -6.32579730e-02  -2.87451740e-01  -2.35227416e+00
    3.33869565e-01 
   -2.14333551e-01   2.64977402e+00   1.23556007e+00  -6.02925566e-01
   -1.17000465e-01  -4.79713493e+00   1.17227930e+00   3.57947055e+00
    1.55367738e+00  -2.33047514e+00   7.74193697e-01  -2.80967917e-01
   -4.15837345e-01  -8.34021078e-01   7.73032136e-01  -3.47723981e-01
   -2.90986792e-01 
   -2.64944157e+00   9.34795777e-01   1.98224519e+00  -1.34901854e-02
    1.58756823e+00  -8.56684859e-01  -1.49628713e+00  -3.25901053e-01
    2.42125832e+00  -1.07396467e+00   3.47342201e-01  -1.73180435e+00
    5.89253321e-01   5.19184442e-01  -1.13293717e+00  -3.99571326e-01
    7.01149538e-01 
   -4.08022032e-01  -8.06350152e-01   5.67347797e-01  -8.24013514e-01
    2.32182703e+00  -1.24281589e+00   2.15646862e-01   2.37919154e+00
   -2.60972566e+00  -7.83436416e-01   1.26469965e+00   8.20068083e-01
    3.69058799e-01  -8.81389360e-01  -5.83259258e-01  -1.25763940e+00
   -4.42821551e-01 
   -1.99845082e+00   3.24582273e-01  -1.41069926e+00   2.08840724e+00
   -9.82437226e-01   1.29886996e+00   7.77842330e-01  -6.40391831e-01
    1.00818029e+00   1.51405971e+00   1.57413089e+00  -1.84127836e+00
    8.29969226e-01  -1.29875958e+00   6.33038851e-01  -3.04276160e-01
   -6.22947777e-01 
    2.13840222e+00   1.53580119e+00  -2.07786599e+00  -1.29586582e+00
   -3.66307881e+00  -1.50564611e+00   8.89606873e-01   5.49783095e-01
    1.26938329e+00  -2.50161385e+00   1.88317347e+00  -1.81221503e-01
    6.95203620e-01  -4.07235950e-01  -8.11243743e-01   8.48182570e-02
   -1.96806849e-01 
    1.87351296e+00   1.72158101e-01  -1.94720340e+00  -1.74241745e-01
   -1.24731844e+00  -5.78103643e-01   2.90949337e+00  -3.05569768e+00
   -5.42625917e-02  -3.10060850e-01   3.18257029e-01   9.00454327e-01
   -2.57417564e-01   1.36887329e+00   7.15096630e-01   1.24045082e+00
   -5.41498131e-01 
   -7.43804855e-01  -3.56599583e-01   1.95015683e+00  -7.50912100e-02
    1.51961765e+00   2.05127277e+00  -3.50013598e+00   2.29282876e-01
    9.24621086e-02  -8.73387391e-01  -3.29184421e+00   2.67949998e-01
    2.00716413e+00  -1.50435806e+00  -1.54821934e-01   3.17621448e+00
   -3.04001125e-01 
   -6.17294203e-01   2.89436812e+00   1.22806904e+00   1.45139942e-01
   -1.54224215e+00   1.85322124e+00  -6.01247494e-01   4.64499552e-03
   -8.65909561e-01  -2.32567760e+00  -1.65246283e-01  -1.11858790e-02
   -8.39230888e-01   5.71514250e-01  -8.76699211e-02   7.82286624e-01
   -5.76982003e-01 
   -1.79065141e-01  -1.00072587e+00  -1.31836970e+00   2.04628930e-01
    1.81659199e-02   2.62089547e+00  -7.12985710e-01   7.89714674e-01
    2.57939500e-01  -2.69768466e+00   1.21689479e+00  -3.05097657e-01
   -1.41250703e+00   7.08783135e-02   3.30696455e+00  -1.49800010e+00
    7.29832385e-01 
   -1.61215795e-01   2.44919535e+00   2.49472016e-01  -1.04052174e+00
    9.18928315e-01  -1.70473271e+00  -2.50400394e+00  -1.39401417e+00
   -5.89768307e-01  -8.72503268e-01  -1.42308465e-01   9.25382524e-01
    7.36708705e-01   4.65381094e-01   1.98229212e-01   9.74890009e-01
   -1.31229209e-01 
   -9.93937677e-01   2.75004554e-01   2.89891076e+00   1.73947357e+00
    8.15848412e-01   4.48881598e-01  -2.04037864e+00  -1.25247576e+00
   -8.47110907e-01   7.91580509e-01  -2.08372370e+00  -1.45684976e+00
   -1.77704814e+00   1.69285463e+00   1.78188876e+00   1.20046244e+00
    2.73221795e-01 
    1.59010218e+00   9.01480168e-01  -1.02742013e+00  -2.53170607e-01
   -7.70834914e-01  -3.33139331e-01  -4.39282438e-01  -3.73482091e-01
    1.91793995e+00   1.77065657e+00  -2.34877897e+00  -1.98724990e+00
   -5.05165778e-01  -1.70292900e+00   2.54183755e+00   8.96040650e-01
   -5.00211331e-01      3.62204810e+00  -1.05940898e+00   3.41093782e-01  -1.96391064e+00
   -9.72268249e-01   1.43652143e+00  -6.50164252e-01  -1.04785948e+00
    5.96090773e-01   7.57724495e-01  -7.18657000e-02  -3.22912167e+00
   -6.95983312e-01   5.90138472e-01   9.34073088e-01  -1.58275238e+00
   -1.73641627e-01   5.08305818e-02   9.75633144e-02  -1.99152863e-02
   -3.01242614e-01   1.81128052e+00   5.98739034e-01   2.19641663e+00
   -1.60827431e+00  -9.68780266e-01   4.52988844e-01  -7.14529894e-03
   -1.05996148e-02  -2.29586289e-01   3.23586982e-01  -1.32088461e+00
   -1.17633443e-01 
    5.07040700e-01   4.64235809e-01  -4.34623574e-01  -2.98401506e-01
    1.07965563e+00  -3.20891278e-01  -1.31124927e+00   8.38556678e-01
   -2.04533921e+00  -1.86572241e-01  -7.52328014e-01   4.72052201e-02
    1.24906758e+00  -3.25048395e-01   1.54990824e+00   6.48739711e-02
   -1.29699997e-01  -1.08292032e+00   1.99698591e+00  -2.01768470e+00
   -1.37475542e+00   2.94927651e-01   5.48276756e-01   2.37270855e-02
   -1.30920587e+00   7.26822586e-01   6.38007298e-01  -4.31767213e+00
    1.37691577e+00  -1.68503229e+00   1.34407686e-01  -1.28320104e+00
    2.64620261e-01 
    7.20739643e-01  -3.03512085e-02   2.74374836e+00   1.05036882e+00
   -1.90987598e+00  -1.95589701e+00  -1.08087180e+00  -9.51372424e-01
    1.41992698e+00   1.03322047e+00   4.03268184e-01   5.45730840e-01
   -2.18190161e+00   5.63912437e-02  -5.63741944e-01  -1.22305831e+00
    2.32277461e+00   5.02792962e-02  -1.40269568e+00   1.16178896e+00
   -1.24985514e+00  -2.40722729e+00  -1.13502170e+00   1.22340700e+00
    1.20619631e+00   6.09902237e-01  -2.46370728e+00  -6.43950185e-01
    2.12248186e+00  -2.04529820e-01  -2.28066827e+00   9.33659876e-01
   -4.09577913e-01 
   -1.53646547e+00   2.44049369e-01  -1.50125559e+00  -1.05961748e+00
    1.89742544e+00   1.16653503e+00   1.29233405e+00   1.15393406e-01
    5.62591226e-01  -8.92810097e-01   2.82540561e+00  -1.99024764e+00
    4.36405229e-01  -8.19714659e-01  -3.24184604e+00   1.54114341e-01
    3.77308671e+00  -1.40451018e-01   1.30163168e-01  -2.27827006e+00
   -8.85410151e-01   6.12117479e-01   7.78930071e-01  -2.94403139e+00
    6.32100380e-01   6.09580333e-01  -5.41635877e-02   1.14447627e-01
   -3.64522421e-01   3.41601883e-01  -1.72754146e+00  -4.92941649e-01
   -1.82696661e-01 
   -1.94768318e+00  -1.22843225e+00  -2.37290249e+00  -6.25624799e-01
    1.16369262e-01  -3.60219838e-01   2.00516043e-02  -1.15409484e+00
   -3.27310133e-01  -2.94557900e+00   1.50997500e+00  -6.09005395e-01
   -1.81045511e-01  -2.44422705e+00   2.82430771e+00  -1.80575065e+00
   -2.30880365e-01  -1.57764821e+00   2.57061771e+00  -3.09896138e-01
    1.27605790e+00  -1.22000465e+00  -3.25173520e+00   2.03295154e+00
    1.94162518e+00   1.24712119e+00  -1.50955831e+00  -1.23665912e-01
   -3.35062556e-01  -1.66893388e-01  -1.21512615e+00   1.73084612e+00
   -2.23712260e-01 
   -1.46466269e+00  -2.18587829e-01   6.29320478e-01   2.65345512e-01
    1.03366333e+00  -7.48336071e-01  -3.95770903e-01  -3.48094428e+00
    1.17209903e+00   2.28955507e-02  -1.87435901e-01   4.02367312e-01
   -9.25786486e-01   1.97064264e+00  -9.97315359e-01  -2.13282068e+00
   -1.38681683e+00   6.74417330e-01  -1.61767614e-01  -2.52536174e+00
    4.52849931e+00   5.09919655e-01  -7.62071596e-02  -1.10528210e-01
    3.52851913e-01   5.23524402e-01  -1.34287823e+00  -1.69734158e+00
   -3.77217607e+00   7.97499575e-01  -1.92383932e-01   4.15866436e-01
   -4.20136380e-02 
    7.49142137e-01  -1.27703370e+00  -1.53677262e-03  -9.45409626e-01
   -2.14962377e-01  -2.36189050e+00   1.13595100e+00   8.75729443e-01
    6.60011913e-01  -2.07285825e+00  -5.17854810e-01   2.64725653e+00
    3.04774894e+00  -1.67800081e+00  -1.08390289e+00  -3.90760437e+00
   -1.16205608e+00  -8.65343180e-02  -1.43291930e-01  -5.47061723e-01
   -8.98592937e-01  -2.65197044e-01  -1.64863495e-01  -6.92567030e-01
   -1.42095668e+00  -1.99999874e+00   1.00285178e+00   4.16467548e-01
    4.34686400e-01   2.84283637e+00   8.64686226e-01   2.52180505e-01
   -4.35560796e-01 
    1.25667671e-01  -6.85047236e-01   2.03927103e+00  -5.70295619e-01
    1.74307758e+00  -3.34734519e-02  -9.16996571e-01  -1.72961789e-01
   -2.58708154e-01   4.67580479e-01  -4.32833613e+00   1.41118719e-01
    7.03188356e-02  -2.01327557e+00  -4.49659528e-01   2.35152058e+00
   -2.34265597e+00  -5.30187107e-01  -2.33187591e+00  -2.93027563e-01
   -2.57653704e+00  -1.56269590e-01  -2.96404913e+00   2.84371340e-01
   -3.70653886e-01   3.53779653e+00   3.88214804e-01   6.75508624e-01
   -1.36795585e+00   7.35312410e-01   1.16720778e+00  -1.25761698e-01
   -9.89816474e-01 
   -2.05748872e+00   2.37692199e+00   1.14937110e+00   1.39307212e+00
   -1.97856896e+00  -2.53432925e-01   1.25926671e+00  -2.34404771e+00
    2.23267070e+00   2.93946291e-01   7.45573792e-01  -1.55949621e+00
    1.13238293e+00  -1.73400451e+00   2.02704837e+00   1.29569885e+00
   -8.22312347e-01  -2.42225179e+00  -3.25449949e-01   5.68508719e-01
   -1.54451043e+00  -1.75007011e+00   2.18098893e+00  -1.33244114e+00
   -1.88719999e+00  -3.78661656e-01   5.94836061e-03   5.20207508e-01
   -1.35031564e+00  -2.55310628e-02   1.54898588e+00  -1.91699007e+00
   -5.51010835e-01 
    1.09058788e+00  -9.45266455e-01  -8.67346525e-01  -1.42674543e+00
   -1.05132717e-01   1.46799395e-01  -9.49729588e-01  -2.47953926e+00
   -2.45574196e+00  -2.68760993e+00  -1.82988827e+00   1.81763919e+00
   -2.56987082e+00  -1.44351253e+00   1.75668695e-01   2.13168560e-01
    5.59611521e-01   1.77080050e-02  -2.18978024e+00   1.71633336e+00
    1.39589814e+00   1.26217909e+00   5.44266591e-01  -2.50114554e+00
    2.72643024e+00  -8.68348149e-01   2.11225062e+00   4.15942458e-01
    2.51461030e+00   4.55357016e-01  -3.97753172e-02  -1.87012094e+00
   -3.79851801e-01 
   -1.23009901e-01  -2.89881198e+00   3.71098825e-01   9.12414969e-01
   -6.06914193e-01   1.27810215e+00  -1.16381419e+00  -2.29869316e+00
   -1.78843049e+00  -1.32744719e-01   1.19051981e+00   2.89189967e-02
   -2.66186623e+00   1.78499299e+00  -3.75209925e-01   2.52471088e-01
    4.99101045e-01  -1.27245769e+00   1.02283981e+00   1.60924736e+00
   -7.73536219e-01  -1.37810467e+00  -1.40191721e+00  -2.79726846e+00
   -1.65682201e+00  -1.61282040e+00   3.50249005e+00   1.02428571e+00
   -1.16151399e+00  -3.64119753e-01   1.57535760e+00   2.53467200e+00
   -5.35947479e-01 
   -1.19594417e+00   4.41926698e+00  -1.34738873e+00  -2.58327603e+00
   -2.18656772e+00  -1.24811470e+00  -1.14826601e+00  -4.65147940e-02
    1.08063352e+00  -2.36248182e+00  -2.64671544e+00   3.14889981e-01
   -6.67201720e-01   1.33103217e+00  -2.52948320e-01   1.55669092e+00
   -7.44663152e-01  -6.15287334e-01  -2.55463224e-02  -9.21122683e-01
    7.38274182e-01   1.78147194e+00  -6.59600236e-01   9.10880526e-01
    5.73795819e-01  -1.72226897e+00  -1.52876934e+00  -3.14713529e-02
    1.08651193e+00  -9.11522363e-01   1.64211430e+00   1.22751695e+00
   -6.76556372e-01 
   -4.35246044e-01  -9.48015504e-01  -2.54550297e+00  -2.08440377e+00
   -2.09171145e+00   9.39266871e-01  -2.50752320e-02  -1.55723556e-01
   -6.87074099e-01   3.48501720e+00   5.71114467e-02   2.19960221e+00
   -9.88024523e-01   3.25120109e-01  -4.96647725e-01  -1.31419633e+00
   -9.26409510e-02  -1.12188992e+00  -4.20788676e-01  -1.47222113e+00
    3.25893305e-01  -3.56935373e-01  -8.96591243e-01  -7.07912819e-01
   -8.32539936e-02  -2.03659331e-01  -1.85416892e+00   4.75799511e-01
    1.58780096e+00  -1.24590689e+00   2.04065538e+00  -4.34773315e-01
   -2.17670755e-01 
   -2.61707277e-01  -8.07117832e-01   5.34879238e-01   1.94842428e+00
   -2.32367609e+00   1.29419632e+00  -2.39831542e-01   1.06054431e+00
    9.45538720e-01  -7.31849922e-01  -9.23371253e-01   6.78931340e-02
   -1.69473681e+00  -7.37534610e-01  -2.63904718e+00   2.10141401e+00
   -3.01253763e+00   4.22142215e-01   1.00999871e+00  -8.28109069e-01
    7.88262003e-01  -5.97208108e-01   1.42879458e+00   3.62205655e-01
    2.63475055e-01  -2.07490022e+00   9.36632246e-01  -1.33532604e+00
    2.73225645e-02  -1.11761606e+00  -8.92490202e-01   7.08951308e-01
   -5.30597140e-01 
   -5.70236427e-01   2.18307998e+00   3.48028394e-01  -1.08325555e+00
   -9.48552393e-01  -1.98024056e-01   9.53557354e-01   1.55700003e+00
   -1.05390341e+00   2.42613201e-01  -1.00269810e+00  -6.39410191e-01
    2.34998868e-01   4.00874125e-01   1.96975440e+00  -1.16242788e+00
    4.86539275e-01   2.90802809e-01  -1.34942753e+00   4.47398465e-01
   -7.32948657e-01   1.01165676e+00  -3.43535473e-01  -3.25154367e-01
    9.65455515e-01  -1.22800600e+00  -3.84179270e-01  -3.85088124e-01
   -2.51573429e+00  -1.35532651e-01  -1.85845197e+00  -2.89116525e+00
   -9.12483128e-01 
   -1.72415441e-01  -1.75890783e+00  -2.37484617e+00   1.94299343e+00
    1.38343562e+00   9.11565051e-01  -4.12949936e-01  -4.88619942e-01
    1.99498025e+00   1.25087628e+00   2.01000347e-01   4.55648816e-01
   -9.62437720e-02   2.58819474e-01  -1.04530057e+00  -5.55223311e-01
   -2.32874444e-01  -1.83127359e+00  -9.04833717e-01   1.66045097e+00
   -4.51872779e-01   7.75609982e-01   4.05664812e-01  -1.52358617e+00
   -5.12034981e-01  -1.54744197e+00  -1.62621358e+00  -6.02960198e-01
    1.13097532e+00  -5.03100363e-01  -8.81792596e-01  -6.48561804e-01
   -1.81125908e-01  