NN 16 32 16   -4.11296810e+00  -1.14870352e+00   1.84218765e-01   6.29739836e-01
    2.77844936e+00  -1.08403806e+00  -2.16441881e+00  -2.35543142e+00
    3.67824748e+00  -1.14377143e+00  -2.73592562e-01   1.74544001e-01
    9.79453937e-01  -1.65218041e-01   3.50980269e-01  -6.22967898e-01
   -8.91323502e-01 
    6.83704450e-01  -5.44426487e-01  -3.11563370e-01   1.37411532e-01
    8.74591625e-01  -2.36896703e-01   2.83914119e-01   5.26309611e-01
   -2.96867098e+00   8.23350366e-01   2.31692618e+00  -4.32286918e+00
    9.61432880e-01   7.36676363e-01  -2.39013689e+00   1.46520936e+00
    7.26990557e-01 
   -1.27298044e+00   1.59533520e-01  -2.48635811e+00   9.54640418e-01
    3.01152810e+00  -1.88782847e+00  -8.32933448e-01  -8.08471652e-01
   -1.01536661e+00   6.55260915e-01  -6.33719206e-01   2.55207026e-01
    1.47732631e+00  -6.77971844e-01  -2.60646596e-01   2.23335263e+00
    2.00536112e-01 
    1.65614849e+00  -5.94041992e-01  -1.45275015e+00   1.07248831e+00
    2.39952467e-01  -1.10147667e+00   7.99914274e-01  -5.26758327e-01
   -1.79074488e+00   9.18590831e-01  -1.70187604e+00   1.76855213e+00
    1.78303131e+00  -1.78062555e+00   1.28787567e+00  -2.09316586e+00
   -1.91858768e-01 
   -1.72737937e-01  -1.80528388e+00   1.63855785e+00  -1.52593126e+00
    2.31661390e-02  -6.39271736e-01  -1.31119399e-01  -2.21504805e+00
    1.24950181e+00  -5.99621227e-01   5.31722729e-02   2.18068672e+00
    1.54970940e+00   2.31280827e+00  -1.95796670e-01  -1.52781894e+00
   -7.10593375e-01 
   -3.93594966e-01   1.24628906e+00   2.02405091e+00  -1.30819049e+00
    8.27156032e-01   1.18875046e+00   2.31179450e+00  -6.09920431e-01
    5.63191066e-02  -1.95036972e-01  -2.26801886e+00   4.27070987e-01
   -8.74444998e-01  -1.44853062e+00  -4.38625283e-01   3.70861844e-02
    1.58761857e-01 
    1.23761273e+00   1.53838706e+00   1.54789369e+00  -2.05707753e+00
   -1.00266732e-01   3.31329114e-01  -2.26892935e+00   1.61271302e+00
   -6.14556074e-01   4.93765260e-01   8.66163856e-01   4.63619855e-02
   -1.09151754e-01  -4.83181453e-01  -1.52493886e+00   7.65486786e-01
   -8.18107850e-01 
    8.09974644e-01  -1.53097721e+00   1.23480096e+00  -3.65272928e-01
    6.59333086e-01   4.50751710e+00  -2.39541895e+00  -1.16601082e-01
    2.71656757e+00   2.50742576e+00   4.18369907e-01  -2.55201135e-01
   -6.07181548e-01  -2.88846051e+00  -1.50294718e+00  -1.48031700e-01
   -6.74172914e-01 
    1.77418441e-01   2.96357322e+00  -6.45006092e-01  -1.12842596e+00
    7.12620033e-01  -1.29822181e+00  -1.40747675e+00  -2.03365422e-01
   -1.76277066e+00   2.46106023e+00   1.54591050e+00  -1.21183935e+00
    1.15119296e+00  -1.87745527e+00   1.59227724e+00  -1.75391228e+00
   -9.55855428e-02 
   -1.25628154e+00  -2.73294074e-01  -7.72781584e-01   1.38221250e+00
    1.75671566e+00  -7.54868423e-01   1.25783566e+00  -7.44006504e-01
   -1.17435608e+00   7.10681155e-01   1.07339602e+00   2.34522192e+00
   -3.16058351e+00   4.49951634e-01  -8.17176033e-01  -1.36261247e+00
    4.46878179e-01 
   -8.20663915e-01   4.78758705e-01   1.42606193e-01  -2.77678591e+00
   -2.71189686e+00  -1.37900349e+00   2.11465478e-01   4.71468749e+00
   -1.51776183e+00   4.92701882e-01  -4.03897157e-01   3.25687316e+00
   -1.24630739e+00  -3.74172711e-01  -3.06848735e-02   9.11058383e-02
   -5.82158120e-01 
    3.38071817e+00  -8.51920228e-01   2.29615591e-01   1.96958620e+00
    1.64264863e+00  -6.94579805e-01  -1.33005716e+00   6.89855596e-01
    2.17084901e-01  -1.38110999e+00   6.20953308e-01  -6.42067811e-01
   -3.08579069e+00   5.03420405e-01   1.13451192e+00  -1.23044462e+00
   -3.76734292e-01 
   -1.49007118e-01  -2.76767135e+00   1.61798432e+00   2.52455117e-01
    1.22937072e-02   2.50389106e-01  -3.66893678e+00  -5.53523164e-01
   -1.76483248e+00   1.15813380e+00   3.23315049e+00   4.33071855e-02
   -4.65960410e-01   1.31960516e+00  -5.14238530e-01  -7.79969110e-01
   -1.34478049e+00 
   -6.94720199e-01   4.75360077e-01  -5.06261024e-01   4.84387315e-02
    2.52932383e+00  -2.26195196e+00   1.24072370e+00   9.02915753e-01
    1.08709408e+00   1.46174478e+00  -2.29942524e+00  -1.73502651e+00
   -1.27664665e+00   1.99847444e-01  -4.79211843e-01  -1.54384106e-01
   -1.86183160e-01 
    1.97441954e+00  -1.89359314e+00   7.63222054e-01   3.28184440e+00
   -2.39704349e+00   7.99052167e-01   3.92631146e-01  -9.37323133e-01
   -1.50594293e+00   1.61184334e-03  -5.37357318e-01  -3.09149747e-01
    6.80888833e-01   2.47541293e+00  -2.27333468e+00  -1.67788741e-01
    6.24649586e-01 
    1.68559577e+00  -1.20026481e+00  -3.26553390e-01   1.20264249e-01
   -3.22772954e-01  -2.84842132e-01   3.27307526e+00  -3.03067844e+00
   -1.14443263e+00  -1.03205852e+00  -6.24857415e-01  -9.15237006e-01
    1.25055593e+00  -2.07111142e+00   9.81260545e-01   7.46588981e-01
    5.83536473e-01 
    1.60537852e+00   7.47320149e-01  -3.12156667e+00  -4.66282732e+00
    1.26885917e+00   2.33947190e-01   5.21380821e-01   1.60451907e+00
    6.48207487e-01   3.84144070e-01  -7.52718443e-01  -1.28935581e+00
   -3.70881941e-01   1.67138717e+00  -5.35738789e-01   1.29795728e+00
    3.41581044e-01 
   -1.65898628e+00   6.42192154e-01  -1.92970356e-01   3.61176712e-01
    6.07994426e-01  -2.05460622e+00   3.56510536e-01   2.82039086e-01
    1.50887632e+00  -9.56783006e-01   1.48718576e+00   4.35211802e-01
    9.18437762e-01  -1.13202411e+00  -7.94563215e-01   1.27933115e+00
   -7.50166975e-01 
   -1.19844400e-01  -2.57737141e+00   2.25067452e+00   1.70322282e-02
   -2.56563140e+00   2.80572323e-01  -3.98165412e-01   1.71836417e+00
    3.02159580e-02   1.54671563e+00  -1.71505548e+00  -3.84460645e-01
    4.81527496e-01  -1.05058533e+00   6.52799109e-01   6.85719992e-01
    1.22175084e-01 
   -1.38075667e+00   6.12495218e-01  -7.71837125e-01   2.40915196e+00
   -9.35418895e-01   1.92580853e+00   1.37576772e+00  -1.81486603e+00
    6.82319448e-02  -1.77005143e+00  -3.87679039e-01   5.66848113e-01
    1.75770962e+00  -2.98713489e-01  -3.33724345e-01  -2.56012777e+00
    3.29923942e-01 
   -4.08136620e-01   2.89803495e+00   1.37704319e+00  -6.74661303e-01
   -1.28359684e-01  -5.00709233e+00   1.21570170e+00   3.65553180e+00
    1.35524056e+00  -2.66353062e+00   7.87803527e-01   8.48232256e-02
   -3.97176894e-01  -8.73093825e-01   8.45598831e-01  -4.01854820e-01
   -2.90764526e-01 
   -2.88650060e+00   8.05338003e-01   2.16374714e+00  -1.15282965e-01
    1.74187179e+00  -9.57487384e-01  -1.70323059e+00  -1.46999832e-01
    2.45972608e+00  -1.01446429e+00   3.54989796e-01  -1.81863477e+00
    3.77875504e-01   4.69713620e-01  -1.29459862e+00  -5.21496755e-01
    6.40558346e-01 
   -5.48084572e-02  -8.39802359e-01   3.81774015e-01  -5.49588177e-01
    2.52957597e+00  -1.13279264e+00   1.94685458e-01   2.58277375e+00
   -2.75789026e+00  -1.00072808e+00   1.45399570e+00   9.28753115e-01
    3.42475836e-01  -9.08242245e-01  -5.46811077e-01  -1.39158093e+00
   -4.18752717e-01 
   -2.02394976e+00   1.57173102e-01  -1.43450708e+00   2.07198026e+00
   -1.02790783e+00   1.19975841e+00   9.58541799e-01  -7.63808810e-01
    1.10125583e+00   1.41457593e+00   2.02718251e+00  -1.64116422e+00
    8.44498645e-01  -1.47240914e+00   6.21385463e-01  -3.76828662e-01
   -6.44029724e-01 
    2.34014351e+00   1.75715510e+00  -2.13794777e+00  -1.51643552e+00
   -3.83468670e+00  -1.66591228e+00   9.47124791e-01   6.95233686e-01
    1.42380974e+00  -2.44354076e+00   1.85219372e+00  -3.09600983e-02
    8.94978951e-01  -3.23278249e-01  -7.13696758e-01   2.54650314e-01
   -5.90092386e-02 
    1.94201014e+00   4.51861389e-01  -2.26081685e+00   2.50906296e-01
   -1.26772075e+00  -5.87172182e-01   3.02192322e+00  -3.21615391e+00
   -2.57621806e-01  -2.74138620e-01   2.30682855e-01   8.47071756e-01
   -1.91471309e-01   1.36329688e+00   7.63500982e-01   1.42718577e+00
   -4.61554422e-01 
   -6.13808075e-01  -2.37120831e-01   2.09726708e+00  -2.50146050e-01
    1.90255077e+00   1.96017901e+00  -3.61673562e+00   2.27102777e-01
    3.08208667e-01  -9.44253669e-01  -3.62283182e+00  -2.17662463e-02
    2.18260109e+00  -1.59069785e+00  -2.33870649e-01   3.35256352e+00
   -3.58841589e-01 
   -5.73570376e-01   3.19705520e+00   1.15709547e+00   4.34603849e-02
   -1.48155885e+00   1.82392467e+00  -6.92039220e-01  -1.11457319e-02
   -9.04920439e-01  -2.52673102e+00  -1.39468269e-01   1.13042588e-01
   -8.86220843e-01   7.16125829e-01  -1.49447104e-01   7.72404347e-01
   -6.68300230e-01 
   -1.89674542e-01  -9.31142437e-01  -1.40604372e+00   7.92126018e-02
   -2.43734045e-01   2.82220479e+00  -5.83976166e-01   7.76854322e-01
    2.00086134e-01  -3.10095555e+00   1.10604154e+00  -3.73115624e-01
   -1.66825814e+00  -4.49739073e-02   3.37235678e+00  -1.69028058e+00
    6.86830459e-01 
   -1.03731616e-01   2.74456189e+00   1.91199784e-01  -1.13728978e+00
    9.82781524e-01  -1.82002814e+00  -2.62549072e+00  -1.18967425e+00
   -6.11771873e-01  -1.02068631e+00  -2.41947483e-01   8.68484315e-01
    8.83124306e-01   5.13590651e-01   2.69840064e-01   9.77755716e-01
   -1.90098564e-01 
   -7.86288882e-01   1.60202544e-02   3.26670021e+00   1.89068723e+00
    7.91555527e-01   5.86227274e-01  -2.42830917e+00  -1.51371959e+00
   -7.78797761e-01   6.71806616e-01  -2.20709370e+00  -1.56709072e+00
   -1.88849992e+00   1.85601682e+00   1.89526390e+00   1.24400597e+00
    2.38453300e-01 
    1.70512607e+00   8.55392092e-01  -1.25849985e+00  -2.79821170e-01
   -9.56554595e-01  -1.58276490e-01  -5.32993990e-01  -5.16364451e-01
    1.87443100e+00   1.77683768e+00  -2.58320157e+00  -2.14392523e+00
   -5.70527233e-01  -1.86466868e+00   2.52552997e+00   8.79099504e-01
   -6.00097551e-01     3.76927083 -1.12717358  0.45927912 -2.06021656 -1.00675343  1.52582242
  -0.81442633 -1.06295804  0.38584571  0.60921765 -0.19060976 -3.30316615
  -0.82619954  0.63836824  1.07287813 -1.50797448 -0.15540387  0.02917541
   0.16821622 -0.20867161 -0.08675407  1.65722948  0.70114238  2.16947316
  -1.24038289 -0.97793862  0.26696968 -0.11602913  0.03334645 -0.18907855
   0.05378605 -1.04391002 -0.01022031 
   0.53557283  0.48114856 -0.24864099 -0.22837733  1.15503847 -0.25680556
  -1.27985658  0.83755844 -2.06540051 -0.1700595  -0.9392953   0.00711465
   1.08365097 -0.09575958  1.43435596  0.11780644 -0.12867059 -1.16930062
   1.97429066 -2.11313452 -1.42525413  0.32509466  0.48557997  0.19748553
  -1.32931728  0.74318709  0.585985   -4.69723156  1.48076914 -1.75583689
   0.1457611  -1.11109333  0.42343078 
   0.51576439 -0.12634145  2.80832606  1.27331842 -1.79719615 -2.08170104
  -1.1833699  -0.83100509  1.2961732   1.1534316   0.36721684  0.71839327
  -1.85748114  0.10245638 -0.50222626 -1.2968918   2.1872737   0.11264265
  -1.3201656   1.48775308 -1.22785132 -2.52497625 -0.88139894  1.25838736
   1.33093187  0.71121683 -2.45134491 -0.35898528  2.29581423  0.07300565
  -2.00447221  1.02793179 -0.16622398 
  -1.51403019  0.16459071 -1.51839294 -1.02260517  1.99816872  1.22704693
   1.13706191  0.0581301   0.54411461 -0.87907125  2.95607092 -1.96445631
   0.25429137 -0.7620459  -3.30391242  0.22173248  3.91130218 -0.13397783
  -0.03334245 -2.20474637 -1.07307514  0.45021043  0.76590865 -2.90288389
   0.62093704  0.53231017  0.0548956   0.13866993 -0.25028352  0.35013772
  -1.78337055 -0.54813918 -0.20593853 
  -2.02077347 -1.33996401 -2.39417853 -0.68551024 -0.10551587 -0.34717389
  -0.22579396 -1.29214236 -0.35697724 -3.1500958   1.63996776 -0.6942607
  -0.17506804 -2.65739399  2.991721   -1.8145103  -0.01746793 -1.71912945
   2.54735898 -0.475643    1.20529531 -1.10586686 -3.53344348  2.11713652
   1.68440402  1.12298097 -1.53712789 -0.07964134 -0.02673453 -0.05383854
  -0.99205718  1.97594328 -0.22889579 
  -1.67532223 -0.2921412   0.57802946  0.20726047  1.25321283 -0.68933815
  -0.37290438 -3.49290537  1.23623794  0.20579193 -0.14716961  0.49467878
  -0.9011095   1.96157043 -0.77534305 -2.23830458 -1.35067022  0.72009029
  -0.19826684 -2.50798098  4.26212327  0.5869425  -0.1897039  -0.3249882
   0.55323441  0.60108847 -1.09548558 -1.79425974 -3.88927143  0.86994048
  -0.07207466  0.35032697  0.07592303 
   0.81287652 -1.48730321 -0.06473058 -0.76106114 -0.13960444 -2.73188348
   0.99548351  1.1464788   0.58497134 -2.09044286 -0.60099591  2.80621789
   3.03228792 -1.64040542 -1.03953919 -3.98458995 -0.81636073  0.01472935
   0.10007815 -0.7209483  -0.82448155 -0.06540527 -0.27399119 -0.76974176
  -1.29165029 -2.17823045  0.95432922  0.44494202  0.55808327  2.69561709
   1.12595488  0.12081194 -0.44107539 
   0.03817801 -0.64647134  2.17743958 -0.62699329  1.91200493 -0.02067619
  -0.94520958 -0.2390021  -0.24666953  0.53656065 -4.45452213  0.1329417
   0.35532239 -1.97593502 -0.41634849  2.33656459 -2.61683221 -0.53529448
  -2.19801714 -0.19737884 -2.67290317 -0.06539704 -3.02694278  0.24952564
  -0.34325648  3.46884401  0.32834209  0.74974758 -1.47550006  0.7275282
   1.27680758 -0.20790054 -1.224608   
  -2.14504768  2.52286668  1.31653069  1.66649327 -2.10934474 -0.27915198
   1.27166871 -2.38776526  2.46832752  0.36016139  0.82259036 -1.61183055
   1.06284493 -1.74531929  1.82439865  1.19702871 -0.62502406 -2.57475085
  -0.37636266  0.50392199 -1.48983158 -1.82696969  2.34450044 -1.23200942
  -2.04482228 -0.33228595  0.02074187  0.24969778 -1.45688382  0.06503277
   1.48662933 -1.99594356 -0.57152372 
   1.18060489 -0.97481358 -0.96088055 -1.64504782 -0.09965323  0.06681719
  -1.11718756 -2.64196222 -2.68848114 -2.67510637 -1.98358605  2.05049812
  -2.64309434 -1.47692426  0.36005789  0.34849118  0.5639391  -0.10045849
  -2.32767403  1.65607128  1.3342276   1.22627874  0.49480634 -2.48965034
   2.72729386 -1.00674025  2.18294583  0.58111126  2.82355062  0.46212908
  -0.02484829 -2.02833693 -0.52238164 
   0.00934021 -3.09634453  0.49919128  1.04868229 -0.57667898  1.4251132
  -1.25868327 -2.29189896 -1.96624385 -0.2022236   1.20331924 -0.10205379
  -2.61448046  1.85845598 -0.39265297  0.29892849  0.28117288 -1.42119921
   1.08633138  1.61661916 -0.82593332 -1.36925222 -1.40574326 -3.04186657
  -1.61564146 -1.71965525  3.64474015  0.97599929 -1.22547673 -0.34965493
   1.55025277  2.61259227 -0.61521054 
  -1.12914964  4.79830052 -1.43843663 -2.62957244 -2.21720119 -1.21314115
  -1.15160095 -0.15170538  1.1189257  -2.40453348 -2.7078509   0.37546136
  -0.64731744  1.38419055 -0.37140136  1.62857457 -0.53297441 -0.53606714
  -0.01568981 -0.93324706  0.81379458  1.83506762 -0.61705505  1.028422
   0.4286009  -1.65978712 -1.52294901 -0.00679303  1.14981947 -0.9823502
   1.85555874  1.26912783 -0.6709352  
  -0.42922464 -0.98435793 -2.53042318 -2.13305924 -2.17212618  1.01312437
  -0.07808815 -0.16509588 -0.70650685  3.73020263  0.12778958  2.23624578
  -0.98773156  0.43454599 -0.56722259 -1.34805355 -0.10621293 -1.12192424
  -0.47089351 -1.53020502  0.29885782 -0.34036224 -0.90041936 -0.71289712
  -0.13784067 -0.20386486 -1.97450956  0.528584    1.60044581 -1.25360615
   2.12504119 -0.42566387 -0.21038805 
  -0.24485008 -0.79449634  0.46256206  1.97866423 -2.46594812  1.37742084
  -0.24756726  1.15228621  0.96848293 -0.76609127 -0.94691234  0.13755337
  -1.73097612 -0.75582292 -2.76680326  2.2317181  -3.14859298  0.49281288
   1.03770295 -0.85096668  0.90402717 -0.56741431  1.5083924   0.36776987
   0.23891474 -2.13978453  0.94795588 -1.3607229  -0.01774797 -1.21381825
  -0.94312783  0.75227697 -0.60523746 
  -0.59808054  2.31660599  0.34409677 -1.12128689 -0.97776014 -0.22421089
   0.98788454  1.5666832  -1.1181273   0.27235087 -0.97920836 -0.64335627
   0.20881112  0.38945329  2.02020985 -1.22558863  0.49618215  0.26326589
  -1.47939003  0.41962605 -0.80643061  0.97616666 -0.37947152 -0.42939979
   1.06419705 -1.22033906 -0.41453061 -0.43507539 -2.72850336 -0.14150617
  -2.01914927 -3.00719512 -0.99654369 
  -0.15886777 -1.8264997  -2.44930103  2.10723513  1.39450755  0.88132676
  -0.40668658 -0.52373369  2.1648233   1.2833394   0.21435866  0.5495372
  -0.03221406  0.26808524 -1.07955179 -0.65537256 -0.2667961  -1.95160969
  -0.94594448  1.69445797 -0.41222375  0.7716233   0.467549   -1.60477853
  -0.48223764 -1.64647063 -1.67319442 -0.6812063   1.13415816 -0.49856721
  -0.9125081  -0.68676323 -0.20937088  