NN 16 32 16   -3.65236725e+00  -9.47686430e-01   5.93828062e-03   6.06454104e-01
    2.39964819e+00  -8.84604255e-01  -1.90129344e+00  -1.99059840e+00
    3.08696146e+00  -1.23945646e+00  -1.18984406e-01   3.43402272e-01
    9.04278891e-01  -1.88592219e-01   2.88493039e-01  -4.53096864e-01
   -7.81811720e-01 
    6.52102437e-01  -5.24034398e-01  -4.66772885e-01  -2.49182087e-01
    1.09895250e+00  -5.25300704e-01   5.84028928e-02   4.99049665e-01
   -2.53305034e+00   6.57667046e-01   2.12619836e+00  -3.68660687e+00
    6.70305100e-01   6.68314099e-01  -1.96065319e+00   1.27309845e+00
    5.36919162e-01 
   -8.91765722e-01   8.23041150e-02  -2.55351696e+00   8.68175197e-01
    2.46413780e+00  -1.85642107e+00  -4.86510335e-01  -7.19912836e-01
   -9.93480130e-01   5.70648758e-01  -6.45554823e-02   2.57947358e-01
    1.48898416e+00  -7.21925393e-01  -2.02328487e-01   1.99095404e+00
    1.65418945e-01 
    1.62427462e+00  -8.22281650e-01  -1.35368652e+00   1.03083517e+00
    1.98691762e-02  -1.17278477e+00   8.91216383e-01  -3.44530109e-01
   -1.46568502e+00   8.35203255e-01  -1.46426051e+00   1.68471973e+00
    1.72821008e+00  -1.55267955e+00   1.14330166e+00  -1.86795064e+00
   -2.24233795e-01 
   -3.00857472e-01  -1.48621709e+00   1.53516731e+00  -1.12636729e+00
   -2.53806093e-01  -6.13441862e-01   9.09455197e-02  -2.00381894e+00
    1.21627770e+00  -5.00064698e-01   3.55618165e-02   1.98045933e+00
    1.56976837e+00   2.16054109e+00  -1.30949477e-01  -1.44199312e+00
   -7.06160724e-01 
   -3.92050627e-01   1.17678009e+00   1.72413486e+00  -1.24934086e+00
    7.19509711e-01   1.31632325e+00   1.89330725e+00  -3.12384718e-01
   -6.36051117e-02  -2.77341647e-01  -1.95961555e+00   4.35204378e-01
   -8.01013722e-01  -1.38251562e+00  -4.11760019e-01  -1.07486498e-01
    4.75289185e-02 
    7.69047830e-01   1.57403453e+00   1.53124166e+00  -1.83452684e+00
   -1.15388011e-01   3.81037060e-02  -1.77899911e+00   1.22594058e+00
   -5.32751816e-01   4.61840252e-01   7.87261013e-01   3.04318493e-01
   -1.78939367e-01  -3.75341213e-01  -1.41046002e+00   8.20183254e-01
   -6.69607630e-01 
    7.56548906e-01  -1.28686685e+00   1.11712677e+00  -4.51485215e-01
    5.98378401e-01   3.98194713e+00  -1.99756423e+00  -1.71989175e-01
    2.35868963e+00   2.22934398e+00   4.84883270e-01  -5.11228524e-01
   -6.29898214e-01  -2.60102718e+00  -1.28662032e+00  -7.47407543e-02
   -6.52533061e-01 
    2.08717944e-01   2.68185435e+00  -9.83131496e-01  -7.63883429e-01
    8.33008883e-01  -1.26247743e+00  -1.06803430e+00  -1.61222599e-01
   -1.59354304e+00   2.39133209e+00   1.47562172e+00  -1.13327882e+00
    8.56773116e-01  -1.59513924e+00   1.39488602e+00  -1.46230987e+00
   -6.16275934e-02 
   -1.33992022e+00  -1.03080472e-01  -6.26726774e-01   1.24940354e+00
    1.74001625e+00  -8.52362238e-01   1.25800077e+00  -8.89667155e-01
   -9.93724571e-01   1.07315705e+00   5.55460832e-01   1.91199596e+00
   -2.61447680e+00   5.51926351e-01  -5.07568271e-01  -1.27909380e+00
    3.59018509e-01 
   -4.56997861e-01   4.73637679e-01  -8.07739834e-02  -2.76282053e+00
   -1.99309292e+00  -1.43519668e+00   1.56731972e-01   3.98720920e+00
   -1.08986380e+00   6.05107533e-01  -7.43845301e-01   2.87698746e+00
   -9.83859170e-01  -3.11244357e-01  -1.14786379e-01  -8.78010978e-03
   -6.24943784e-01 
    2.82695885e+00  -8.36854746e-01   2.63200109e-01   1.90319925e+00
    1.53989883e+00  -5.81919818e-01  -1.22613139e+00   7.09525974e-01
    2.48481012e-01  -1.05778451e+00   4.45374827e-01  -4.40865755e-01
   -2.85476005e+00   4.29346014e-01   9.73201556e-01  -8.42677784e-01
   -1.30805158e-01 
   -2.46813117e-01  -1.99852276e+00   1.31170764e+00   2.30005185e-02
    3.23980049e-02   2.22729513e-01  -3.36533418e+00   6.07214095e-02
   -1.73428120e+00   1.01445767e+00   2.92587960e+00   2.38598753e-01
   -3.97766313e-01   1.25771520e+00  -6.52155413e-01  -6.62919263e-01
   -1.24026375e+00 
   -3.68298670e-01   3.02185987e-01  -5.03833838e-01   1.12147787e-01
    2.18230574e+00  -1.93321877e+00   8.30035853e-01   8.00528045e-01
    1.03628286e+00   1.60536600e+00  -2.27044269e+00  -1.74754257e+00
   -9.55331641e-01   3.75215386e-01  -3.48870216e-01  -1.25823004e-01
   -1.13328387e-01 
    1.49332166e+00  -1.81045069e+00   4.64030475e-01   2.86211185e+00
   -2.22737023e+00   7.95720027e-01   4.41124080e-01  -9.18486756e-01
   -1.65102989e+00  -1.02540508e-02  -3.11336626e-01  -2.73690228e-01
    7.56312730e-01   2.31611849e+00  -2.01911260e+00  -1.02302881e-01
    5.94855497e-01 
    1.37162820e+00  -1.03578149e+00  -2.60435618e-01   5.01626892e-02
   -2.09997062e-01  -2.64411248e-01   3.06083567e+00  -2.87919066e+00
   -1.31013740e+00  -7.55846461e-01  -3.63892168e-01  -8.29424640e-01
    1.33756708e+00  -1.81170273e+00   9.26427500e-01   5.15578743e-01
    5.38089739e-01 
    1.43471249e+00   7.40721628e-01  -2.98503461e+00  -4.12441000e+00
    9.95396122e-01  -3.52410542e-03   9.47494811e-01   1.48753340e+00
    8.69066514e-01   2.46452441e-01  -8.49993057e-01  -1.10553712e+00
   -3.02852079e-01   1.74302122e+00  -5.01537864e-01   1.07725675e+00
    2.39119032e-01 
   -1.41320175e+00   4.18481500e-01  -1.44106075e-01   2.06464344e-01
    7.45229760e-01  -1.44545517e+00   1.83509225e-01   2.22653020e-01
    1.50338000e+00  -8.80161469e-01   1.12203282e+00   1.51341714e-01
    9.32507107e-01  -9.62549175e-01  -5.98501496e-01   1.23237112e+00
   -5.88195311e-01 
   -1.17776838e-01  -2.31155918e+00   2.12096353e+00  -6.36099055e-02
   -2.38309938e+00   3.12606151e-01  -2.29728654e-01   1.57425250e+00
    2.48153423e-01   1.57094019e+00  -1.65579879e+00  -4.09067430e-01
    6.04827874e-01  -1.15310344e+00   6.25612898e-01   6.35362703e-01
    1.27682048e-01 
   -1.36419898e+00   5.45795632e-01  -7.85586817e-01   1.96249044e+00
   -7.42565018e-01   1.84930644e+00   9.71634798e-01  -1.59852118e+00
   -2.98290782e-01  -1.81631965e+00  -6.77843374e-01   6.11601286e-01
    1.73779923e+00   1.09061844e-01  -2.69756126e-01  -2.20668542e+00
    3.30234046e-01 
    2.51808182e-02   2.65837217e+00   1.06096672e+00  -4.74690789e-01
   -2.50111014e-01  -4.56758602e+00   1.28606172e+00   3.31305980e+00
    1.36696191e+00  -2.12735228e+00   7.30753588e-01  -1.96791189e-01
   -4.51581896e-01  -6.03989718e-01   7.48369625e-01  -2.13990979e-01
   -2.17081954e-01 
   -2.55787105e+00   9.25076168e-01   1.92218548e+00  -1.09271975e-01
    1.57894568e+00  -7.70200449e-01  -1.17113080e+00  -4.38865837e-01
    2.29065593e+00  -1.31395811e+00   3.14291398e-01  -1.72191479e+00
    5.90807931e-01   4.90933556e-01  -1.06524455e+00  -3.83549108e-01
    6.62469850e-01 
   -2.09034833e-01  -6.00791575e-01   6.90771359e-01  -8.72778314e-01
    2.28688379e+00  -1.30869790e+00   1.11398370e-01   2.28083110e+00
   -2.43703711e+00  -7.06721148e-01   1.32280921e+00   8.29991101e-01
    5.07690028e-01  -7.09749283e-01  -3.79726416e-01  -9.69763671e-01
   -2.88694375e-01 
   -1.94025882e+00   1.65453047e-01  -1.41520610e+00   2.05189053e+00
   -9.03580636e-01   9.63807314e-01   7.34297667e-01  -6.88843204e-01
    9.56886707e-01   1.53051715e+00   1.66342098e+00  -1.75116124e+00
    7.79501722e-01  -1.28914066e+00   5.84107251e-01  -1.93843580e-01
   -6.06402263e-01 
    1.86116990e+00   1.65092798e+00  -2.03137681e+00  -7.99586873e-01
   -3.50681126e+00  -1.13708141e+00   9.65791052e-01   6.62718287e-01
    1.31076597e+00  -2.42672019e+00   1.90018344e+00  -2.20632059e-01
    5.95387151e-01  -3.30295671e-01  -7.15707773e-01   1.56910601e-01
   -1.19632651e-01 
    1.76587988e+00   5.60119405e-02  -1.78653260e+00  -2.19655616e-01
   -1.12181925e+00  -5.06713752e-01   2.80230545e+00  -2.95551161e+00
   -2.04281008e-01  -2.12164080e-01   2.12330896e-01   8.60069905e-01
   -2.87142965e-01   1.25249123e+00   7.46317851e-01   1.06072581e+00
   -6.18023145e-01 
   -6.70053300e-01  -5.61826505e-01   2.00163956e+00  -4.42400091e-01
    1.53581788e+00   1.85309301e+00  -3.07293463e+00   2.70768847e-01
    2.42706176e-01  -8.65632368e-01  -3.17827535e+00   2.60405073e-01
    1.85139210e+00  -1.38386429e+00  -8.52530136e-02   2.92336312e+00
   -2.76239016e-01 
   -7.99715787e-01   2.64172615e+00   1.29675386e+00  -6.51933642e-02
   -1.28583776e+00   2.01264588e+00  -4.70316433e-01  -1.01260863e-01
   -1.00498897e+00  -2.13641619e+00  -2.66710542e-01  -1.09621322e-01
   -9.01498946e-01   5.86578925e-01  -8.18577397e-02   7.31664472e-01
   -5.24175526e-01 
   -4.71669965e-01  -1.12070059e+00  -1.13820954e+00   2.39234753e-02
   -4.97281941e-03   2.50153496e+00  -8.17483224e-01   8.05209428e-01
    2.89164379e-01  -2.54062816e+00   1.22742899e+00  -3.29853980e-01
   -1.50043222e+00  -1.52703297e-01   2.87358701e+00  -1.56443270e+00
    5.10248038e-01 
   -2.83164539e-01   2.18458789e+00   2.47314547e-01  -7.40288280e-01
    8.82514587e-01  -1.54422293e+00  -2.39530617e+00  -1.44999533e+00
   -4.30078316e-01  -9.05810270e-01  -7.56271721e-02   1.00146809e+00
    7.76982379e-01   5.29435062e-01   9.76745227e-02   1.03307724e+00
   -2.87034892e-02 
   -1.02845290e+00   1.96922367e-01   2.64600221e+00   1.58554906e+00
    1.02717308e+00   3.43445593e-01  -2.12155583e+00  -1.17608878e+00
   -7.18617251e-01   7.83488778e-01  -1.88127519e+00  -1.35960989e+00
   -1.65275627e+00   1.51674169e+00   1.59488303e+00   1.11465997e+00
    2.82120023e-01 
    1.41566583e+00   9.42758718e-01  -1.06003840e+00  -2.54923346e-01
   -8.59476356e-01  -3.07718055e-01  -4.79971925e-01  -5.56359242e-01
    1.68816731e+00   1.53074608e+00  -2.32086257e+00  -1.93200875e+00
   -4.71598099e-01  -1.63932127e+00   2.38655613e+00   7.77921613e-01
   -5.31699538e-01     3.48586831 -0.95350735  0.28863896 -2.02474841 -0.89688335  1.24578748
  -0.71994354 -0.93535358  0.53136398  0.8407923   0.19379769 -3.04010379
  -0.80198418  0.3343951   0.94124962 -1.60733172 -0.22943436  0.12424625
   0.20058042  0.34131121 -0.3132382   1.91948826  0.55131338  2.09014037
  -1.57859631 -0.87843788  0.55243865 -0.11884479 -0.09137783 -0.37883608
   0.30055462 -1.38402898 -0.13918716 
   0.60510979  0.42929205 -0.3290097  -0.19234804  0.92470973 -0.17476481
  -1.42018136  1.04633553 -2.25471366 -0.23910753 -0.90266902 -0.03549011
   1.1949142  -0.33530491  1.55920506  0.07470856  0.03775322 -0.87631767
   2.17403708 -2.09943031 -1.43003158  0.22070197  0.38089178  0.1180952
  -1.33825576  0.66466388  0.75046279 -4.22438871  1.32572227 -1.84762293
  -0.03026563 -1.33763749  0.16643612 
   0.59146375  0.0459232   2.80398816  1.02692918 -1.84634429 -1.67889352
  -0.95324584 -0.94354656  1.55534281  1.16658217  0.37696638  0.54699189
  -2.12885486  0.05009842 -0.39699032 -1.27526656  2.19282318  0.01791128
  -1.41652865  1.16629606 -1.34499361 -2.53682001 -1.21958495  1.24960725
   1.21460216  0.87862495 -2.38097021 -0.57234098  1.96578185 -0.26897828
  -2.2989631   0.84312808 -0.34009739 
  -1.36254445  0.4013815  -1.40238225 -0.99453554  1.78127102  1.43228737
   1.23610593  0.20409973  0.50535209 -0.82360548  2.67463523 -2.05763421
   0.51694426 -0.93639783 -3.249879    0.09069681  3.86455192 -0.12296663
   0.21490401 -2.12151333 -0.94248141  0.6523965   0.78149469 -2.87967399
   0.55796906  0.62354721 -0.04687153  0.17836564 -0.3802465   0.31886958
  -1.68921992 -0.58467836 -0.11138997 
  -1.79210354 -1.17622076 -2.18197501 -0.52727341  0.1627595  -0.38504079
   0.02067462 -1.21714748 -0.24382391 -2.71361731  1.39866044 -0.55623337
  -0.06185897 -2.43405877  2.70703555 -1.74041376 -0.23143618 -1.46153847
   2.46650399 -0.10676546  1.27782911 -1.37920317 -3.10083284  2.0682798
   2.08006371  1.29344998 -1.50320385 -0.20884939 -0.54778545 -0.31570306
  -1.22004425  1.60905306 -0.22512992 
  -1.29712052 -0.19328632  0.65795746  0.61204834  1.0443817  -0.66166521
  -0.41216049 -3.64757427  1.04571419  0.06041043 -0.18691881  0.42922163
  -0.86254759  1.92252005 -0.71889692 -1.98453779 -1.3794895   0.55419633
  -0.12096587 -2.53958966  4.52599459  0.38676702  0.0096143   0.01252394
   0.23407858  0.52436565 -1.39747886 -1.59970703 -3.66327391  0.7973627
  -0.16613345  0.29733559  0.04767842 
   0.75755736 -1.08255382  0.21693467 -1.09927646 -0.15416904 -2.11034531
   1.17837677  0.79343877  0.37083241 -2.0528606  -0.61587486  2.51944935
   3.04056674 -1.68702173 -1.07134387 -3.84261961 -1.07908878  0.20459709
  -0.30250571 -0.24596016 -0.76443754 -0.20568005 -0.33261261 -0.61612532
  -1.37330483 -1.67036739  1.2108333   0.35242822  0.43130543  2.85867436
   0.70890889  0.22805372 -0.30529667 
   0.07277085 -0.70980103  2.05037768 -0.68523737  1.61078467 -0.22951709
  -0.86129165 -0.11542684 -0.26239581  0.42101926 -4.22600556  0.09620676
   0.0624758  -1.71300155 -0.41323761  2.14925748 -2.33908662 -0.60490251
  -2.30867803 -0.42356426 -2.49949529 -0.29622804 -2.79064064  0.1330598
  -0.47821965  3.39106737  0.47859503  0.54958882 -1.44762079  0.8344636
   1.07030691 -0.15222281 -0.91073532 
  -2.02453508  2.37834588  1.12832127  1.30968986 -2.06305115 -0.3786175
   1.20327846 -2.32402031  2.16734833  0.34467757  0.63312623 -1.39777497
   1.16233541 -1.5231552   1.97697853  1.18945609 -0.84541795 -2.25820674
  -0.42733131  0.52174877 -1.41593425 -1.70109283  2.06882001 -1.32583213
  -1.79382004 -0.51452219 -0.0405272   0.53856135 -1.27674753 -0.1219662
   1.49452481 -1.83716622 -0.54990968 
   0.93447681 -0.9562629  -0.91584334 -1.36312193 -0.13982584  0.29993983
  -0.87518055 -2.30654427 -2.40944822 -2.63719042 -1.80625293  1.62757097
  -2.44178385 -1.43430036  0.07186111  0.11909753  0.58426225 -0.04086409
  -2.08500712  1.71257968  1.26778253  1.2252399   0.56678542 -2.63813718
   2.57314436 -0.72740905  1.96662862  0.42977686  2.32865671  0.32773805
   0.04416115 -1.74393825 -0.33172095 
  -0.18542538 -2.73931147  0.32966772  0.86189894 -0.61788375  1.22831818
  -1.13221055 -2.21564895 -1.59879069 -0.03734406  1.15913492  0.12632146
  -2.64280578  1.86591871 -0.33462529  0.19504772  0.55569845 -1.26492687
   1.01293008  1.65637193 -0.78616961 -1.29731149 -1.32184141 -2.61586367
  -1.6802922  -1.60620761  3.36427781  1.02141101 -1.11628238 -0.42002665
   1.56033995  2.46802052 -0.43136788 
  -1.29036514  4.20116285 -1.22855995 -2.53164332 -2.05203202 -1.2461412
  -1.13848855 -0.02056345  1.09510394 -2.27536011 -2.6062358   0.27542158
  -0.69309381  1.26855339 -0.16176054  1.59941504 -0.79237202 -0.50528776
  -0.11193265 -0.86565421  0.75082891  1.80597593 -0.56660479  0.88318556
   0.6144858  -1.69819591 -1.4816204  -0.05858167  1.01746982 -0.81220129
   1.53887737  1.06464208 -0.62489442 
  -0.43961801 -0.95625375 -2.51784345 -2.02984527 -2.03064254  0.89586287
   0.01337169 -0.20631228 -0.64095512  3.31059226  0.0569011   2.11716018
  -1.02493521  0.24814025 -0.45845699 -1.29084435 -0.08819972 -1.10131312
  -0.40907395 -1.40120338  0.36076971 -0.40855661 -0.89046455 -0.71596958
   0.00714372 -0.18685514 -1.7851352   0.46087239  1.51827184 -1.19815614
   1.92777556 -0.4408121  -0.2199502  
  -0.30336678 -0.79265037  0.56569167  1.90401467 -2.2517023   1.21929325
  -0.19670161  0.96567003  0.94533383 -0.72837729 -0.85246968  0.05841546
  -1.65386799 -0.70730314 -2.52269761  1.97753908 -2.86742688  0.38516104
   0.99137512 -0.80688418  0.76441186 -0.63306431  1.38332054  0.35601308
   0.33384642 -2.03189709  0.92443847 -1.28385925  0.08843385 -1.040109
  -0.87872622  0.70885747 -0.45929919 
  -0.60778605  1.99758666  0.241334   -1.10155505 -0.98810589 -0.15574916
   0.94281033  1.43604454 -0.94408742  0.18818614 -0.94819562 -0.68999466
   0.19699914  0.42256229  1.7904345  -1.09902755  0.46399847  0.26097588
  -1.2445158   0.40644866 -0.64684542  1.00480709 -0.27200185 -0.31778615
   0.91585144 -1.28447351 -0.44082123 -0.3266985  -2.29527636 -0.1336426
  -1.76416168 -2.77693877 -0.89992255 
  -0.18802791 -1.69829436 -2.2943858   1.83028764  1.37700828  0.89764852
  -0.44039026 -0.44710354  1.85073563  1.23574663  0.16645825  0.43787404
  -0.14895508  0.2384202  -1.01105414 -0.44766602 -0.20178799 -1.73600881
  -0.87208313  1.59766699 -0.47469703  0.75231491  0.32999847 -1.46563616
  -0.50406981 -1.44864214 -1.60353528 -0.54189656  1.10410878 -0.49420915
  -0.85697434 -0.60196451 -0.15975404  