NN 16 32 16   -3.25287920e+00  -7.67294520e-01  -3.15896634e-01   6.12501700e-01
    1.96023910e+00  -9.84548164e-01  -1.62782271e+00  -1.71099387e+00
    2.68676571e+00  -1.39836395e+00  -2.02992592e-01   4.50368371e-01
    7.20588640e-01  -2.38925555e-01   2.40908737e-01  -4.16289507e-01
   -7.80962226e-01 
    6.18697153e-01  -5.96166516e-01  -3.51544883e-01  -3.62001219e-01
    9.06239226e-01  -2.56075265e-01   9.19075253e-02   4.14816307e-01
   -2.26164700e+00   6.56717790e-01   1.86669384e+00  -3.37538724e+00
    5.89310601e-01   6.90473550e-01  -1.70531740e+00   1.19000027e+00
    5.06702889e-01 
   -6.63655814e-01   6.27539433e-02  -2.57074268e+00   9.36411479e-01
    2.38744431e+00  -1.66432410e+00  -3.66212877e-01  -7.51885034e-01
   -1.00456909e+00   5.57666263e-01   1.48376827e-01   1.55632187e-01
    1.48906097e+00  -7.91348434e-01  -1.17171196e-01   1.79475954e+00
    1.73980862e-01 
    1.54975125e+00  -8.62151889e-01  -1.06039351e+00   6.82345149e-01
    7.26879735e-02  -9.48003773e-01   9.25120192e-01  -3.01657858e-01
   -1.34014915e+00   8.13749719e-01  -1.27901156e+00   1.63550491e+00
    1.67544918e+00  -1.53452367e+00   1.02551692e+00  -1.78688857e+00
   -2.97861206e-01 
   -3.50252254e-01  -1.46911483e+00   1.28633167e+00  -1.05920380e+00
   -3.27981055e-01  -6.19650745e-01  -7.33687397e-02  -1.73308549e+00
    1.30405970e+00  -3.17712091e-01  -1.52014379e-01   1.81477899e+00
    1.54587241e+00   2.04530391e+00  -7.83965049e-03  -1.43583761e+00
   -7.29516388e-01 
   -4.18315208e-01   1.29625057e+00   1.44768247e+00  -1.23365588e+00
    6.82967067e-01   1.06695644e+00   1.53357837e+00  -1.23918488e-01
    3.96057215e-02  -2.64309312e-01  -1.68631531e+00   5.23810004e-01
   -7.63359571e-01  -1.30142709e+00  -2.63600891e-01  -1.34193390e-01
   -3.60714568e-03 
    6.34175827e-01   1.49271150e+00   1.26358292e+00  -1.67806716e+00
   -6.40797131e-02  -6.32806926e-02  -1.75255064e+00   1.08186939e+00
   -4.81975977e-01   5.08035467e-01   7.81364145e-01   3.32523973e-01
   -2.67819343e-01  -4.68742238e-01  -1.31319013e+00   7.61115971e-01
   -6.47041293e-01 
    7.02307994e-01  -1.35755846e+00   8.39897845e-01  -2.93375159e-01
    7.01218935e-01   3.63496327e+00  -1.79393620e+00   4.20460468e-02
    2.14684886e+00   2.17388013e+00   5.49287832e-01  -5.91656280e-01
   -6.39642838e-01  -2.41632457e+00  -1.15862992e+00  -2.12521424e-02
   -6.19300939e-01 
    2.75317311e-01   2.39534913e+00  -9.65443626e-01  -6.93743456e-01
    8.86737227e-01  -1.07836709e+00  -1.08522229e+00  -4.92751438e-02
   -1.53792708e+00   2.20724157e+00   1.23371555e+00  -1.13424551e+00
    6.31633677e-01  -1.77678097e+00   1.12099789e+00  -1.45698168e+00
   -1.79174569e-01 
   -1.38882779e+00  -1.49692659e-01  -8.43728323e-01   1.30243369e+00
    1.61994803e+00  -7.89281192e-01   1.16887867e+00  -7.78192035e-01
   -9.67227535e-01   1.05559529e+00   2.33512925e-01   1.81367570e+00
   -2.49132534e+00   4.87144918e-01  -4.21286902e-01  -1.29976542e+00
    2.20534659e-01 
   -6.07558861e-01   5.15101234e-01   1.82127954e-02  -2.54624923e+00
   -1.97439916e+00  -1.27088199e+00   2.03736241e-01   3.81780433e+00
   -9.42984200e-01   6.02312274e-01  -7.30635225e-01   2.52916074e+00
   -8.41425863e-01  -3.04941496e-01  -8.04813699e-02   8.73188135e-03
   -6.38421669e-01 
    2.48250353e+00  -6.85033877e-01   4.01323566e-01   1.90043681e+00
    1.40867438e+00  -5.19456401e-01  -1.36744495e+00   7.08485511e-01
    1.58251795e-01  -9.49302500e-01   2.23791926e-01  -6.66761172e-01
   -2.68776314e+00   3.23451899e-01   8.58480114e-01  -6.76964302e-01
   -7.82063073e-02 
   -1.95195759e-01  -1.63280016e+00   1.22212412e+00  -9.55407712e-02
   -5.15857466e-02   3.09521319e-01  -3.08538282e+00   1.47285039e-01
   -1.97300779e+00   8.66186106e-01   2.84595548e+00   4.10115545e-01
   -3.90628099e-01   1.15549409e+00  -6.13976264e-01  -5.27710875e-01
   -1.10489871e+00 
   -3.44850570e-01   8.79426413e-02  -5.31494383e-01   1.46260681e-01
    2.07335136e+00  -1.89646825e+00   7.97987739e-01   6.43627256e-01
    8.71998291e-01   1.59216967e+00  -2.12298637e+00  -1.66240536e+00
   -8.79769998e-01   4.94629600e-01  -3.84852175e-01  -5.51453547e-02
   -1.12684144e-01 
    1.23807840e+00  -1.86373179e+00   4.18042504e-01   2.66437993e+00
   -2.14099284e+00   9.60279315e-01   3.61511232e-01  -6.36359694e-01
   -1.65822463e+00  -4.38354005e-02  -3.62930314e-01  -4.96527351e-01
    8.58860321e-01   2.33037461e+00  -1.73713243e+00  -7.32942182e-02
    6.18490473e-01 
    1.31324737e+00  -9.54447140e-01  -2.24240664e-02  -7.31745855e-03
   -3.07619832e-01  -4.08608368e-02   3.01814878e+00  -2.78650851e+00
   -1.34365998e+00  -7.37554852e-01  -4.03954884e-01  -9.09669103e-01
    1.40024048e+00  -1.71102981e+00   6.76303182e-01   3.18745618e-01
    4.76494532e-01 
    1.39687582e+00   7.29717359e-01  -2.96398437e+00  -3.81174383e+00
    6.75571717e-01   8.59777926e-02   9.65738644e-01   1.51489279e+00
    6.80313952e-01   1.59880395e-01  -8.19175023e-01  -1.01128545e+00
   -3.05150401e-01   1.74691351e+00  -5.18592164e-01   9.34911708e-01
    1.24317423e-01 
   -1.35798985e+00   3.87010575e-01  -1.71891887e-01   1.18434550e-01
    7.04289325e-01  -1.26664205e+00   1.18080290e-01   9.41086829e-02
    1.34881019e+00  -8.52399715e-01   9.33534672e-01  -6.57562058e-02
    7.20939393e-01  -9.45205817e-01  -5.73530191e-01   1.03848742e+00
   -6.02761072e-01 
   -2.78210168e-01  -1.92692717e+00   1.93425616e+00  -2.56123574e-02
   -2.25111099e+00   5.13328607e-01  -1.20880799e-01   1.42690387e+00
    3.37303300e-01   1.67232693e+00  -1.89026342e+00  -5.77929822e-01
    5.95125286e-01  -1.11559387e+00   5.74340656e-01   5.97996073e-01
    1.08931382e-01 
   -1.29243248e+00   4.67480042e-01  -7.84638967e-01   1.92364907e+00
   -8.54307051e-01   1.76615693e+00   8.90581536e-01  -1.42184745e+00
   -2.55854137e-01  -1.73433721e+00  -7.90030938e-01   6.94183147e-01
    1.72490043e+00   2.59591375e-01  -1.76093114e-01  -1.86057665e+00
    3.93879386e-01 
    1.06984091e-01   2.42560159e+00   1.00748702e+00  -3.28868666e-01
   -4.51132996e-01  -4.24919848e+00   1.09208827e+00   3.21860163e+00
    1.21861567e+00  -1.85481449e+00   6.25897586e-01  -3.87682910e-01
   -5.17437733e-01  -5.62180860e-01   5.70517516e-01  -1.35603668e-01
   -2.33165601e-01 
   -2.37832107e+00   8.81028495e-01   1.72507886e+00  -3.97887153e-01
    1.65871244e+00  -9.87441193e-01  -6.16482001e-01  -4.66928926e-01
    2.10527723e+00  -1.22680992e+00   9.99285142e-02  -1.67728792e+00
    5.19356775e-01   5.80104215e-01  -1.06738893e+00  -3.33780860e-01
    6.39670940e-01 
   -3.44957737e-01  -4.58792437e-01   4.07125097e-01  -8.18345906e-01
    2.12366562e+00  -1.38489070e+00   4.74657672e-02   2.14248749e+00
   -2.36922628e+00  -8.30010176e-01   1.05031803e+00   7.19835175e-01
    5.49870804e-01  -6.89723560e-01  -3.46317988e-01  -7.68099895e-01
   -3.11464911e-01 
   -1.80082536e+00   2.78658978e-01  -1.46242228e+00   1.87299506e+00
   -9.59415133e-01   9.30723901e-01   8.00816998e-01  -6.85524950e-01
    1.15346471e+00   1.54592946e+00   1.58773850e+00  -1.66603963e+00
    7.48860426e-01  -1.25521484e+00   4.84164573e-01  -1.90793573e-01
   -6.03244924e-01 
    1.47885618e+00   1.56640680e+00  -1.93588401e+00  -7.07179195e-01
   -3.21604111e+00  -9.35605981e-01   1.06249432e+00   6.51130452e-01
    1.43665483e+00  -2.26197692e+00   1.99520818e+00  -2.77397077e-01
    3.79230816e-01  -2.23156286e-01  -7.33938059e-01   5.85944450e-02
   -1.58748457e-01 
    1.61165011e+00  -3.21842998e-02  -1.60397840e+00  -2.36692000e-01
   -1.17476920e+00  -4.30542315e-01   2.45773845e+00  -2.88099747e+00
    5.19084635e-03  -3.02933437e-01   3.28265005e-01   9.00815182e-01
   -1.56050460e-01   1.31933303e+00   8.99438661e-01   8.80010066e-01
   -6.28108905e-01 
   -6.60609742e-01  -6.09841060e-01   1.83695478e+00  -1.81121158e-01
    1.26510747e+00   1.53982710e+00  -2.69335841e+00  -1.29037762e-01
    3.16787838e-01  -8.22091406e-01  -2.90057335e+00   3.09376099e-01
    1.61230151e+00  -1.27953138e+00   5.61682483e-02   2.76003123e+00
   -2.02607211e-01 
   -7.39769793e-01   2.43107598e+00   1.23839562e+00   2.13081235e-02
   -1.16026503e+00   2.07795559e+00  -4.16291817e-01  -2.02711926e-01
   -9.66246578e-01  -1.91066849e+00  -3.52259991e-01  -1.67413542e-01
   -8.73297150e-01   5.55903877e-01  -5.48484478e-02   7.20122852e-01
   -4.41043081e-01 
   -4.45272003e-01  -1.18016450e+00  -1.01206558e+00   1.85443816e-01
    2.34570521e-01   2.25849884e+00  -7.64586569e-01   8.60619949e-01
    3.83739115e-01  -2.32774338e+00   1.22981922e+00  -1.82513075e-01
   -1.39754623e+00   1.12348982e-02   2.60124996e+00  -1.31996053e+00
    5.25706958e-01 
   -2.55151955e-01   1.85767812e+00   4.12495456e-01  -7.44293913e-01
    7.93030231e-01  -1.49888686e+00  -2.14988200e+00  -1.51795880e+00
   -2.94625876e-01  -7.84994271e-01  -2.41133802e-01   8.68782696e-01
    4.99350753e-01   3.42900616e-01  -1.67912477e-03   9.22605985e-01
   -4.40743861e-02 
   -1.20888319e+00   2.07926098e-01   2.41559590e+00   1.48932396e+00
    1.03259803e+00   2.52276648e-01  -1.69957365e+00  -1.04892909e+00
   -6.89809998e-01   6.90262469e-01  -1.81357677e+00  -1.38003203e+00
   -1.56347864e+00   1.37976599e+00   1.33211312e+00   1.08320199e+00
    3.11670552e-01 
    1.24244724e+00   9.91757470e-01  -9.63384567e-01  -3.55196462e-01
   -7.96507742e-01  -3.39954029e-01  -6.09735299e-01  -4.11079840e-01
    1.50612756e+00   1.43243461e+00  -2.03778411e+00  -1.73164280e+00
   -3.87914945e-01  -1.63393232e+00   2.27489986e+00   6.75587519e-01
   -5.26049229e-01      3.18783509e+00  -8.53126361e-01   2.65503568e-01  -1.86996903e+00
   -8.42722898e-01   9.23691412e-01  -5.49267816e-01  -1.00113568e+00
    5.81231927e-01   9.53582194e-01   4.33545756e-01  -2.79297870e+00
   -7.99851121e-01   3.12285951e-01   7.30689638e-01  -1.65765225e+00
   -4.08670340e-01   1.93386448e-01   9.92562508e-02   4.43891275e-01
   -2.02335156e-01   2.12670355e+00   3.86744174e-01   1.95464589e+00
   -1.76072166e+00  -1.07126201e+00   5.11787525e-01  -1.36374128e-01
   -1.42501553e-01  -4.34833546e-01   4.00314077e-01  -1.56827130e+00
   -3.03341431e-01 
    5.97095112e-01   4.38648502e-01  -4.17706641e-01  -8.70791248e-04
    1.05628173e+00  -3.32415724e-01  -1.35000576e+00   1.04015663e+00
   -2.33406879e+00  -1.43915914e-01  -9.00361597e-01   1.55390852e-01
    1.32927899e+00  -2.21803040e-01   1.83610380e+00   2.19652559e-01
    2.33739498e-01  -7.57966372e-01   2.01708004e+00  -1.99568329e+00
   -1.62525666e+00   2.29136114e-01   2.63696977e-01   2.02628799e-01
   -1.47619796e+00   6.00503550e-01   6.29155605e-01  -3.81726947e+00
    1.33951305e+00  -1.69341724e+00   9.81451862e-02  -1.31496227e+00
    1.90871414e-01 
    6.57033171e-01   1.45121198e-01   2.85640670e+00   7.85364060e-01
   -1.96502178e+00  -1.44682781e+00  -8.52535292e-01  -7.14219392e-01
    1.56051141e+00   1.05063629e+00   4.20633078e-01   2.36122492e-01
   -2.26573322e+00  -4.49985256e-02  -3.46521028e-01  -1.22059922e+00
    2.29253670e+00  -4.51990369e-02  -1.41838214e+00   1.12450448e+00
   -1.33163376e+00  -2.42322904e+00  -1.12349290e+00   1.17862159e+00
    1.22545546e+00   8.66419740e-01  -2.11411329e+00  -6.19246700e-01
    1.99884786e+00  -3.46443313e-01  -2.47601242e+00   8.28217115e-01
   -2.98582563e-01 
   -1.27228048e+00   5.42872742e-01  -1.34924648e+00  -1.01520221e+00
    1.61011658e+00   1.34217371e+00   1.39380954e+00   3.91202864e-01
    3.68437090e-01  -8.57537257e-01   2.42955423e+00  -2.23865353e+00
    5.54529419e-01  -1.02613240e+00  -3.26437803e+00  -9.21608912e-03
    3.78975200e+00  -1.67482995e-01   4.11332013e-01  -2.07443252e+00
   -1.02419987e+00   6.88140860e-01   7.64723361e-01  -2.74556524e+00
    4.32409953e-01   5.53960010e-01   1.13070922e-01   2.12463012e-01
   -3.00888405e-01   3.41033263e-01  -1.71438117e+00  -4.60048717e-01
   -8.95261827e-02 
   -1.56027783e+00  -1.03286248e+00  -2.06351840e+00  -3.69627577e-01
    2.29551074e-01  -3.31847677e-01   1.94286052e-01  -1.11294483e+00
   -2.33157538e-01  -2.75854258e+00   1.24746206e+00  -3.75387168e-01
   -2.85558877e-01  -2.29594420e+00   2.61526301e+00  -1.62689293e+00
   -5.73949572e-02  -1.41965487e+00   2.67690189e+00   4.76913237e-02
    1.29563455e+00  -1.31512065e+00  -2.94780102e+00   2.20624762e+00
    2.01860787e+00   1.40713165e+00  -1.50649972e+00  -3.35520908e-01
   -9.81117851e-01  -4.64879571e-01  -1.01322869e+00   1.45996145e+00
   -1.44520661e-01 
   -7.94534484e-01  -1.32357733e-01   7.25199620e-01   6.95951453e-01
    9.59263126e-01  -7.49857836e-01  -3.90755251e-01  -3.56302936e+00
    9.62698986e-01   5.72649955e-02  -2.32943261e-02   2.41933617e-01
   -5.41097340e-01   1.88742113e+00  -9.62437044e-01  -2.13768112e+00
   -1.26412702e+00   3.93114919e-01  -1.22037837e-01  -2.74645181e+00
    4.46337183e+00   3.69730672e-01   2.12268736e-01  -2.69042278e-02
   -5.06416009e-02   4.60460012e-01  -1.49504932e+00  -1.65038596e+00
   -3.40297294e+00   7.38741574e-01  -2.28930656e-01   5.53833010e-02
    4.54337353e-02 
    7.84642201e-01  -8.64421023e-01   2.50754266e-01  -1.10958929e+00
   -5.05831665e-01  -1.82358778e+00   1.20637825e+00   7.47047042e-01
    1.56898943e-01  -2.08541701e+00  -5.97808035e-01   2.45869582e+00
    3.05604813e+00  -1.53191446e+00  -1.15788641e+00  -3.79241365e+00
   -1.11106420e+00   1.48122479e-01  -3.56719859e-01   3.64703279e-02
   -7.68118141e-01  -3.36443642e-01  -3.69339782e-01  -5.88432006e-01
   -1.69124990e+00  -1.80118426e+00   1.14839716e+00   1.52078876e-01
    3.41020293e-01   2.63807142e+00   6.69090461e-01   5.11791514e-01
   -3.37415983e-01 
    3.85530678e-02  -7.60229568e-01   2.01253640e+00  -5.60061541e-01
    1.63565983e+00  -2.36140946e-01  -8.86421773e-01   9.47647331e-03
   -1.77140396e-01   3.92018890e-01  -3.99442624e+00   5.54746450e-02
   -2.68929337e-02  -1.38997059e+00  -3.57260151e-01   2.20749973e+00
   -2.09472814e+00  -5.72811186e-01  -2.25995643e+00  -3.98632394e-01
   -2.33836097e+00  -2.96421263e-01  -2.68167909e+00   1.74135163e-01
   -1.59060486e-01   3.20721808e+00   6.27877857e-01   5.34979359e-01
   -1.58701114e+00   9.93619430e-01   8.95670169e-01  -2.12449817e-01
   -6.58003374e-01 
   -1.84912359e+00   2.25131330e+00   1.06550871e+00   1.19048657e+00
   -1.91342144e+00  -3.75115567e-01   1.13814812e+00  -2.14060362e+00
    1.96782255e+00   2.29721614e-01   4.47873666e-01  -1.33275311e+00
    1.22096495e+00  -1.50110100e+00   2.08164037e+00   1.35411398e+00
   -8.99091475e-01  -2.06263345e+00  -4.19096853e-01   5.81668380e-01
   -1.51434238e+00  -1.59462386e+00   2.01762339e+00  -1.36526180e+00
   -1.67354372e+00  -5.99071543e-01   5.11952444e-02   6.88160893e-01
   -1.07663435e+00  -1.92020769e-01   1.47488920e+00  -1.67592764e+00
   -5.04984575e-01 
    7.49626552e-01  -7.59250990e-01  -8.09958452e-01  -1.26613778e+00
   -1.96945467e-01   1.75468253e-01  -8.35929225e-01  -2.23854794e+00
   -2.23323610e+00  -2.42523392e+00  -1.77124679e+00   1.60100616e+00
   -2.36848969e+00  -1.41427516e+00  -7.89084734e-02  -6.20286458e-02
    7.37725243e-01   2.25076889e-02  -2.07547721e+00   1.69069166e+00
    1.31411335e+00   1.23996814e+00   6.33721532e-01  -2.53859710e+00
    2.58191386e+00  -5.51146135e-01   1.53283167e+00   2.34183925e-01
    2.12838514e+00   3.41222651e-01   5.89689617e-02  -1.60351598e+00
   -2.03033594e-01 
   -2.36914989e-01  -2.48065754e+00   2.63434066e-01   6.73675660e-01
   -4.75999894e-01   1.03627012e+00  -9.79219151e-01  -2.20075465e+00
   -1.42067459e+00  -8.89387319e-02   1.09108392e+00   2.88829633e-01
   -2.58055757e+00   1.84709578e+00  -4.25310903e-01   1.95506561e-01
    5.38012007e-01  -1.14004317e+00   9.57673074e-01   1.44193404e+00
   -6.91834854e-01  -1.02547162e+00  -1.27060487e+00  -2.57424822e+00
   -1.75813574e+00  -1.62617987e+00   3.17015099e+00   8.76911289e-01
   -1.19432521e+00  -3.44838104e-01   1.48446790e+00   2.33836239e+00
   -3.87274780e-01 
   -1.38013530e+00   3.90992881e+00  -1.08976402e+00  -2.46302754e+00
   -1.93660116e+00  -1.07025410e+00  -1.08466855e+00   2.13115341e-01
    1.00661130e+00  -2.15625871e+00  -2.56606099e+00   1.96075950e-01
   -7.94903933e-01   1.34898895e+00   1.93617157e-01   1.56624107e+00
   -8.15261225e-01  -4.51384516e-01  -4.94892964e-03  -7.25055415e-01
    7.74239704e-01   1.81641440e+00  -4.48818772e-01   9.26608284e-01
    7.80712404e-01  -1.75136695e+00  -1.26920748e+00  -1.58555757e-02
    8.33737754e-01  -8.03692313e-01   1.37062760e+00   1.04786843e+00
   -4.76758761e-01 
   -4.53517490e-01  -8.39978253e-01  -2.45186489e+00  -1.96039902e+00
   -1.96814283e+00   8.03969805e-01   1.00446117e-01  -2.67171498e-01
   -5.52755431e-01   3.03733016e+00   4.19897974e-02   2.05170376e+00
   -1.03858585e+00   1.69548843e-01  -3.74970825e-01  -1.24399444e+00
   -5.32010190e-02  -1.04738180e+00  -3.63609685e-01  -1.30069661e+00
    4.47706988e-01  -4.37525271e-01  -8.54849655e-01  -6.78821204e-01
    1.01946175e-01  -1.94096240e-01  -1.69986578e+00   4.26230261e-01
    1.43048839e+00  -1.15332967e+00   1.79330515e+00  -4.45387816e-01
   -2.01117290e-01 
   -3.25649693e-01  -8.04118693e-01   5.77007604e-01   1.84544756e+00
   -2.13136196e+00   1.14927697e+00  -1.86016355e-01   8.98731394e-01
    9.06645158e-01  -6.92437996e-01  -8.09265579e-01   6.20193531e-03
   -1.63004937e+00  -6.79860460e-01  -2.39531730e+00   1.87306629e+00
   -2.69827631e+00   3.24189332e-01   9.58545264e-01  -7.47934454e-01
    6.91815025e-01  -6.77740082e-01   1.28955001e+00   3.37387316e-01
    3.95149677e-01  -1.94253178e+00   8.94286504e-01  -1.21789093e+00
    1.54274121e-01  -9.84431315e-01  -8.48581509e-01   6.78959347e-01
   -3.94243894e-01 
   -6.72705738e-01   1.82971119e+00   1.95837170e-01  -1.06371642e+00
   -9.76293715e-01  -1.59380436e-01   9.04740412e-01   1.33401931e+00
   -8.09437608e-01   1.16304793e-01  -8.36608270e-01  -6.75429624e-01
    2.30787223e-01   4.39981184e-01   1.60923443e+00  -1.03223537e+00
    4.43983654e-01   2.13067814e-01  -1.12252740e+00   3.71513269e-01
   -5.82265798e-01   9.04236638e-01  -2.31100459e-01  -2.95197961e-01
    8.51904767e-01  -1.25371630e+00  -4.99131849e-01  -3.19254090e-01
   -2.00722763e+00  -1.22499944e-01  -1.65900031e+00  -2.59744882e+00
   -8.47025626e-01 
   -2.47740281e-01  -1.59229316e+00  -2.16186748e+00   1.62174676e+00
    1.26471211e+00   8.81120590e-01  -4.84944603e-01  -4.32062597e-01
    1.60344755e+00   1.17328945e+00   1.40515330e-01   3.68311687e-01
   -2.11189139e-01   2.16745128e-01  -9.21958563e-01  -3.49629352e-01
   -2.24930716e-01  -1.60173855e+00  -8.09847257e-01   1.53588668e+00
   -5.85303403e-01   6.80488208e-01   2.62023136e-01  -1.38557320e+00
   -5.73145442e-01  -1.37814277e+00  -1.49497449e+00  -4.56563055e-01
    1.07022872e+00  -5.37799545e-01  -7.72329179e-01  -5.78495310e-01
   -1.63120702e-01  