NN 16 32 16  -3.90388602 -1.25775532 -0.05999588  0.67719059  2.48985308 -0.9594436
  -1.9911087  -2.1994501   3.52492967 -1.12942862 -0.23762422  0.22300303
   0.91400511 -0.27004012  0.27935124 -0.60040159 -0.8996611  
   0.54959283 -0.46508404 -0.37033347 -0.05255248  1.12111426 -0.27613137
   0.28435632  0.4517911  -2.76861345  0.68152363  2.24516725 -3.96738167
   0.8198302   0.75996036 -2.23126701  1.34186635  0.62193988 
  -1.01480668  0.12337595 -2.57390187  0.82043815  2.78452129 -1.85704951
  -0.73301505 -0.71147218 -1.03794081  0.55282014 -0.37446124  0.2821615
   1.44917801 -0.71064476 -0.25587588  2.07794935  0.16435098 
   1.67719532 -0.69255765 -1.30961999  1.09304772  0.15432186 -1.07916816
   0.81305448 -0.46217543 -1.58267052  0.8588193  -1.59203884  1.68008047
   1.79224906 -1.58801173  1.26923315 -1.92637667 -0.16019054 
  -0.11287521 -1.65216288  1.54527831 -1.40501592 -0.0959656  -0.67654657
  -0.04661593 -2.08097472  1.23697818 -0.54614189  0.11602945  2.11314603
   1.56174196  2.2036462  -0.17866255 -1.48300187 -0.69464988 
  -0.37841828  1.25062114  1.93375132 -1.39610504  0.68720792  1.23046508
   1.91032461 -0.4568917   0.01928923 -0.23856302 -2.05477181  0.56315114
  -0.89035662 -1.46717256 -0.53444565 -0.08475053  0.03503069 
   0.97932991  1.51220972  1.66182539 -1.87678897 -0.01764089  0.19953732
  -2.00985457  1.51065939 -0.63111044  0.44596687  0.89879523  0.26170556
  -0.15359047 -0.44025759 -1.44243185  0.8095171  -0.71869594 
   0.63899417 -1.34810859  1.376509   -0.42272828  0.70834069  4.20918896
  -2.08005905 -0.05648046  2.51957259  2.31622422  0.30655316 -0.35323026
  -0.67075612 -2.70613248 -1.41055056 -0.11681508 -0.6631615  
   0.24431526  2.77065988 -0.62976029 -1.09569256  0.54816548 -1.31131433
  -1.15845433 -0.09974566 -1.65888699  2.40023702  1.43867596 -1.27777551
   0.97728454 -1.8099893   1.49970644 -1.6314605  -0.09359421 
  -1.31961401 -0.21873503 -0.57699599  1.12283205  1.75874023 -0.77624729
   1.29709196 -1.03390835 -1.01098295  0.85125796  0.67375154  2.00360323
  -2.93463032  0.44183723 -0.83156828 -1.43007836  0.2824452  
  -0.70931322  0.49894139 -0.05571465 -2.84899047 -2.38552817 -1.39567401
   0.12813077  4.23535494 -1.30986716  0.3071643  -0.45898391  3.12328551
  -1.11931115 -0.37213535 -0.11022717  0.03511754 -0.62608383 
   3.0610065  -0.92202216  0.31084064  2.05909178  1.55165015 -0.58395098
  -1.39030618  0.63847425  0.27734701 -1.25487507  0.54342822 -0.530185
  -3.01481605  0.46531746  1.1379672  -0.96221989 -0.21029744 
  -0.32713082 -2.51106669  1.51948103  0.14844217 -0.33817907  0.35762994
  -3.45541176 -0.33425902 -1.97160516  1.05067581  2.94229065  0.0553684
  -0.58768782  1.16939729 -0.66384596 -0.82030305 -1.39608402 
  -0.52478419  0.33151159 -0.58758479  0.05015503  2.3048204  -2.08513319
   0.97924107  0.93555529  1.09480212  1.52155583 -2.29083233 -1.8538638
  -1.15906114  0.27557072 -0.50982099 -0.14863044 -0.21685429 
   1.62030497 -1.81032615  0.61262877  3.14007735 -2.22065096  0.68689853
   0.50505344 -1.04529267 -1.58234995 -0.19446942 -0.54194346 -0.13209035
   0.77286888  2.38193792 -2.19081193 -0.15241532  0.60538337 
   1.63070839 -1.0358529  -0.13743951 -0.00880312 -0.23565901 -0.29807875
   3.23524804 -3.00549527 -1.13038856 -1.04286949 -0.42416658 -0.88429351
   1.20134864 -1.83740942  0.95227398  0.61050797  0.56183131 
   1.46102332  0.81128532 -3.08667218 -4.2818923   1.1948262   0.21396691
   0.63480468  1.53468482  0.76203929  0.1363194  -0.92397233 -1.22346904
  -0.29132199  1.6968757  -0.53494176  1.19819856  0.29732306 
  -1.41165892  0.53718779 -0.23625088  0.2763296   0.75312712 -1.77324175
   0.27409408  0.23771233  1.59552602 -0.77888667  1.35294849  0.24770585
   0.91033585 -1.06324319 -0.67918824  1.25668577 -0.65255919 
  -0.09255394 -2.51122301  2.23174526  0.01506491 -2.35025742  0.33247456
  -0.24550349  1.53771906  0.05423805  1.44338769 -1.71178376 -0.51443184
   0.45319865 -1.13975279  0.60422634  0.64906423  0.10572375 
  -1.36775082  0.53156958 -0.81579903  2.2637241  -0.84504495  1.87777353
   1.24319526 -1.60629364 -0.09787168 -1.65192103 -0.54509077  0.60608649
   1.81867858 -0.0394912  -0.27954049 -2.34326539  0.34250183 
  -0.07761656  2.66656003  1.19010039 -0.64915234 -0.14253146 -4.83060243
   1.25830106  3.52371012  1.53856858 -2.36515085  0.74033872 -0.19947884
  -0.38078906 -0.811147    0.79733375 -0.32551504 -0.26677883 
  -2.67351241  0.92322841  1.99871496 -0.13189684  1.65632405 -0.89989196
  -1.49085147 -0.38124046  2.36723576 -1.12173785  0.33827607 -1.72101976
   0.4920579   0.46492014 -1.19223111 -0.46061879  0.64194866 
  -0.32826638 -0.68819431  0.62179715 -0.76797496  2.45616539 -1.17262193
   0.17621202  2.49575822 -2.56878292 -0.73840466  1.26683218  0.89393925
   0.37901609 -0.83531641 -0.53539357 -1.2093089  -0.39696967 
  -2.01160877  0.27836205 -1.38356394  2.11935048 -1.04686497  1.18561975
   0.76415469 -0.78920508  0.98103733  1.50792963  1.55421429 -1.81232073
   0.78570983 -1.35056341  0.59179025 -0.35524474 -0.66068028 
   2.14939899  1.58729573 -2.16595036 -1.21612406 -3.74142222 -1.51054007
   0.92589325  0.6384676   1.240448   -2.50327257  1.85247542 -0.15347954
   0.74470745 -0.3445309  -0.76774054  0.13299283 -0.15027086 
   1.83533509  0.27409736 -1.96095046 -0.09409057 -1.27663079 -0.43290237
   2.93392396 -2.99438712 -0.03673698 -0.1847178   0.29513351  0.92042193
  -0.16448883  1.4412069   0.79148214  1.30773374 -0.46640856 
  -0.79136189 -0.45664876  1.94323611 -0.22956587  1.55136055  2.01946635
  -3.51892646  0.21647403  0.14198595 -0.93576768 -3.38182961  0.1728864
   1.90507498 -1.58289327 -0.24097471  3.11490105 -0.39245231 
  -0.60089417  2.90233463  1.2056592   0.11619806 -1.5161499   1.83941309
  -0.61806737 -0.01723478 -0.89453266 -2.30828474 -0.16397395 -0.05435731
  -0.88648905  0.55809166 -0.11230606  0.7652678  -0.6019915  
  -0.2343439  -1.04539863 -1.3122893   0.21875681  0.01643063  2.60628766
  -0.75432265  0.77322568  0.14349986 -2.92049613  1.15663688 -0.30538843
  -1.49695982  0.01660829  3.22500899 -1.58790532  0.64778526 
  -0.04034371  2.44124972  0.26096711 -1.08272559  0.94339351 -1.75844374
  -2.55667696 -1.30229676 -0.54625209 -0.85663857 -0.13403883  0.99120408
   0.76187389  0.50322191  0.2266267   1.00122309 -0.10390413 
  -0.97316675  0.19219105  2.8978233   1.67070081  0.95898326  0.46830749
  -2.09567825 -1.28333894 -0.75619816  0.8893115  -2.09663822 -1.42750899
  -1.76015211  1.7077007   1.79829915  1.22544085  0.28920491 
   1.60285964  0.89055352 -1.13521935 -0.1914614  -0.95212553 -0.34715747
  -0.47853957 -0.48714561  1.82425956  1.71033275 -2.43327927 -2.0886873
  -0.52105831 -1.7556655   2.48971255  0.85154453 -0.55323011      3.65296965e+00  -1.18849112e+00   3.14270812e-01  -1.97161974e+00
   -1.02278799e+00   1.46400786e+00  -7.75856806e-01  -1.06645334e+00
    5.18540473e-01   7.73051777e-01  -8.32546194e-02  -3.22298387e+00
   -8.08266325e-01   6.51630119e-01   9.05139282e-01  -1.60450002e+00
   -2.06320259e-01   3.15431890e-02   7.63370577e-02  -6.28963177e-02
   -3.50502353e-01   1.76404957e+00   5.57976485e-01   2.10582122e+00
   -1.60888340e+00  -8.98296763e-01   2.89588504e-01  -1.04329383e-01
   -1.12048491e-01  -2.87079844e-01   1.50958202e-01  -1.34195349e+00
   -1.91894250e-01 
    5.79303480e-01   4.43584235e-01  -4.03179071e-01  -2.98616694e-01
    1.16946488e+00  -2.88363629e-01  -1.27575766e+00   8.85700397e-01
   -2.06894204e+00  -2.09736205e-01  -7.81545562e-01   9.12056817e-02
    1.17603612e+00  -2.51423681e-01   1.47581968e+00   4.77645403e-02
   -3.87861310e-02  -1.01917607e+00   1.99007530e+00  -2.03110871e+00
   -1.32660090e+00   3.53755764e-01   5.52966731e-01   6.17769855e-02
   -1.35860197e+00   8.20125368e-01   7.03139002e-01  -4.32298354e+00
    1.46524015e+00  -1.67265377e+00   1.34692393e-01  -1.25070631e+00
    3.37632479e-01 
    7.21941850e-01  -6.70536594e-02   2.75132713e+00   1.06090975e+00
   -1.85186124e+00  -1.99162616e+00  -1.10624428e+00  -9.14399911e-01
    1.37871482e+00   1.02951833e+00   3.87657012e-01   5.88549443e-01
   -2.13807475e+00  -4.34420999e-02  -4.15766452e-01  -1.21706533e+00
    2.25323669e+00   5.25704200e-02  -1.30810465e+00   1.34542237e+00
   -1.30350453e+00  -2.41746789e+00  -1.17928717e+00   1.33420898e+00
    1.27750816e+00   7.17576065e-01  -2.47837921e+00  -5.07949098e-01
    2.22044355e+00  -2.08381967e-01  -2.22424709e+00   9.77026876e-01
   -3.39489104e-01 
   -1.57062518e+00   3.50355527e-01  -1.52994036e+00  -1.02969247e+00
    1.87443668e+00   1.17025991e+00   1.28116318e+00   1.53835457e-01
    5.66594158e-01  -8.97133230e-01   2.84166571e+00  -1.96566522e+00
    4.08752609e-01  -8.39011292e-01  -3.22678008e+00   2.20966549e-01
    3.85212690e+00  -1.49630218e-01   8.28452950e-02  -2.22952223e+00
   -8.61312874e-01   5.79561912e-01   8.08728427e-01  -2.90991140e+00
    7.40878966e-01   5.52370800e-01  -8.20340712e-02   1.43523502e-01
   -2.21165535e-01   2.97458039e-01  -1.74973104e+00  -4.77105919e-01
   -1.51925096e-01 
   -1.97557889e+00  -1.18663692e+00  -2.24805688e+00  -5.02788757e-01
    5.77850347e-02  -3.75716236e-01  -5.93499505e-02  -1.35997085e+00
   -3.14029550e-01  -2.92415499e+00   1.57209928e+00  -6.94094237e-01
   -2.10449298e-01  -2.43650965e+00   2.89659710e+00  -1.68724805e+00
   -1.50974693e-01  -1.55333605e+00   2.52911385e+00  -1.89817300e-01
    1.34863553e+00  -1.24914112e+00  -3.26119939e+00   2.05371562e+00
    2.02964358e+00   1.27759200e+00  -1.50587587e+00  -5.06615132e-02
   -3.25430735e-01  -1.22734173e-01  -1.19197381e+00   1.85173644e+00
   -1.68681166e-01 
   -1.50145408e+00  -2.76778460e-01   7.38480571e-01   3.83277384e-01
    1.09751819e+00  -6.87857818e-01  -3.78487577e-01  -3.41906516e+00
    1.18889611e+00   8.28449908e-02  -2.09599179e-01   4.00846964e-01
   -9.20360051e-01   1.95171261e+00  -9.68914018e-01  -2.04291646e+00
   -1.33095465e+00   7.17804959e-01  -1.38152050e-01  -2.50793398e+00
    4.47903469e+00   4.67611767e-01  -8.76904221e-02  -1.47792518e-01
    4.54209407e-01   6.00950740e-01  -1.28516042e+00  -1.70382978e+00
   -3.81317203e+00   8.62469673e-01  -1.91004104e-01   4.98364256e-01
    1.62730421e-02 
    7.95318838e-01  -1.27851871e+00  -3.64470746e-02  -8.68822636e-01
   -1.85953964e-01  -2.40101265e+00   1.09119817e+00   8.86690037e-01
    5.71097037e-01  -2.05390589e+00  -6.00285542e-01   2.76611914e+00
    3.07372753e+00  -1.67430382e+00  -1.06081854e+00  -3.93509194e+00
   -1.11583608e+00  -6.22636470e-02  -1.28608260e-01  -6.07927689e-01
   -8.07407407e-01  -2.52847808e-01  -2.06234420e-01  -7.19460059e-01
   -1.38676881e+00  -1.96506886e+00   1.01150853e+00   3.66181389e-01
    4.35205680e-01   2.80036115e+00   8.01021328e-01   2.50271951e-01
   -4.42091422e-01 
    1.86335043e-01  -7.54553943e-01   2.05068712e+00  -5.90562090e-01
    1.80508105e+00  -2.51141392e-02  -9.17059670e-01  -1.63015240e-01
   -2.44779478e-01   4.90234966e-01  -4.34068204e+00   5.48407128e-02
    1.03275276e-01  -1.93585056e+00  -5.64282767e-01   2.28344503e+00
   -2.34867081e+00  -5.39762809e-01  -2.26824547e+00  -3.89639057e-01
   -2.61298915e+00  -1.37339189e-01  -2.99395587e+00   2.44607824e-01
   -5.08256664e-01   3.50850239e+00   4.10091230e-01   6.09908063e-01
   -1.47113412e+00   7.70043730e-01   1.15815457e+00  -1.08683000e-01
   -1.03240359e+00 
   -2.05998373e+00   2.39420056e+00   1.16897840e+00   1.38322877e+00
   -2.01543143e+00  -2.39893518e-01   1.25227310e+00  -2.33211909e+00
    2.24565790e+00   3.24997544e-01   7.40119443e-01  -1.56092497e+00
    1.13688945e+00  -1.71256527e+00   2.00395721e+00   1.26202852e+00
   -8.21999619e-01  -2.44379569e+00  -3.19779654e-01   5.73169142e-01
   -1.56639176e+00  -1.75310840e+00   2.17701085e+00  -1.30152472e+00
   -1.92486440e+00  -3.89629424e-01   2.40471600e-02   5.20021828e-01
   -1.33452722e+00  -4.79244075e-02   1.56950962e+00  -1.91421990e+00
   -5.50716605e-01 
    1.10137253e+00  -9.64689524e-01  -9.04365050e-01  -1.41053820e+00
   -8.18357902e-02   1.56675926e-01  -9.75925723e-01  -2.49932415e+00
   -2.50997445e+00  -2.67707656e+00  -1.82639233e+00   1.84621428e+00
   -2.57841272e+00  -1.45130318e+00   1.88635709e-01   2.08557128e-01
    5.53169372e-01  -2.03786104e-02  -2.18662868e+00   1.70075431e+00
    1.38568012e+00   1.23993107e+00   5.64649637e-01  -2.57419924e+00
    2.68162217e+00  -8.87455036e-01   2.10217025e+00   4.01852540e-01
    2.52739591e+00   4.46017375e-01  -4.65695970e-02  -1.91825074e+00
   -4.07667502e-01 
   -1.19614543e-01  -2.88782534e+00   3.68858335e-01   9.13520994e-01
   -5.95962105e-01   1.30780839e+00  -1.15681379e+00  -2.25688880e+00
   -1.81915920e+00  -1.63868071e-01   1.20120099e+00   5.33998281e-02
   -2.65800829e+00   1.80249499e+00  -3.37493313e-01   2.74518944e-01
    5.12523608e-01  -1.30774891e+00   1.07733455e+00   1.60477751e+00
   -7.79807377e-01  -1.37674765e+00  -1.42243516e+00  -2.80013840e+00
   -1.63259805e+00  -1.59163433e+00   3.55045564e+00   1.03679672e+00
   -1.13200560e+00  -3.73779229e-01   1.58787562e+00   2.59719580e+00
   -5.19535483e-01 
   -1.19957446e+00   4.45430037e+00  -1.37191879e+00  -2.58645319e+00
   -2.18321889e+00  -1.22982201e+00  -1.14230836e+00  -3.41571418e-02
    1.06620885e+00  -2.36086513e+00  -2.65478196e+00   3.25400833e-01
   -6.68699797e-01   1.30864578e+00  -2.29720742e-01   1.57809694e+00
   -7.23755396e-01  -5.97758591e-01  -2.22290249e-02  -8.90882159e-01
    7.43085916e-01   1.79127782e+00  -6.55116289e-01   9.34525280e-01
    5.72759866e-01  -1.70214848e+00  -1.51795709e+00   3.12226382e-03
    1.11388973e+00  -9.28921980e-01   1.66961694e+00   1.20332752e+00
   -6.61603135e-01 
   -4.32754385e-01  -9.58934304e-01  -2.55517373e+00  -2.09135157e+00
   -2.09567863e+00   9.42243493e-01  -3.77756554e-02  -1.49069429e-01
   -6.97373961e-01   3.51135949e+00   5.30331822e-02   2.20291585e+00
   -9.76774511e-01   3.21701813e-01  -4.94131362e-01  -1.31581261e+00
   -1.22903829e-01  -1.13110234e+00  -4.14377960e-01  -1.47332158e+00
    3.06953207e-01  -3.54821073e-01  -9.00654736e-01  -7.06622885e-01
   -1.02107068e-01  -2.15742612e-01  -1.86503323e+00   4.79928316e-01
    1.59862978e+00  -1.25330222e+00   2.05243348e+00  -4.41522045e-01
   -2.21731281e-01 
   -2.63952457e-01  -8.07572498e-01   5.22458459e-01   1.93897201e+00
   -2.33933464e+00   1.29332398e+00  -2.48056078e-01   1.05819559e+00
    9.40261792e-01  -7.43522143e-01  -9.33697772e-01   6.93782768e-02
   -1.69810607e+00  -7.39031771e-01  -2.64964348e+00   2.10162008e+00
   -3.02596179e+00   4.15351256e-01   1.00408073e+00  -8.31436885e-01
    7.83051171e-01  -5.97920362e-01   1.42531029e+00   3.52287241e-01
    2.57670458e-01  -2.08832512e+00   9.30617733e-01  -1.33826932e+00
    2.26188379e-02  -1.12890682e+00  -9.00055351e-01   7.05465955e-01
   -5.48700225e-01 
   -5.74684550e-01   2.18250824e+00   3.41095960e-01  -1.09115313e+00
   -9.60822516e-01  -1.99827461e-01   9.49744792e-01   1.54647726e+00
   -1.05728559e+00   2.40208686e-01  -1.00422489e+00  -6.45872545e-01
    2.29280156e-01   4.02051085e-01   1.95788538e+00  -1.16875295e+00
    4.79520231e-01   2.81785218e-01  -1.36181061e+00   4.41196764e-01
   -7.39585918e-01   1.00968713e+00  -3.45971455e-01  -3.38546265e-01
    9.65753078e-01  -1.23894815e+00  -3.94460908e-01  -3.90109540e-01
   -2.52608244e+00  -1.39397060e-01  -1.87172421e+00  -2.89780397e+00
   -9.29033546e-01 
   -1.78069063e-01  -1.76274026e+00  -2.38146618e+00   1.94436906e+00
    1.35740103e+00   9.02510278e-01  -4.25464998e-01  -5.04572165e-01
    1.99322759e+00   1.24605113e+00   1.94318159e-01   4.51593565e-01
   -9.97017931e-02   2.59267053e-01  -1.05395864e+00  -5.67199275e-01
   -2.49870747e-01  -1.84920116e+00  -9.19686027e-01   1.65737452e+00
   -4.64963066e-01   7.64945186e-01   4.08534149e-01  -1.53827479e+00
   -5.24298726e-01  -1.57131691e+00  -1.63374451e+00  -6.10765878e-01
    1.12300030e+00  -5.13519111e-01  -8.90257007e-01  -6.58806905e-01
   -2.04439769e-01  