NN 16 32 16   -3.68474509e+00  -8.81109689e-01  -2.17573377e-01   6.81577438e-01
    2.47995428e+00  -1.04990848e+00  -1.92868386e+00  -2.06079520e+00
    3.13540682e+00  -1.24560164e+00  -1.99253450e-01   2.51065140e-01
    9.16771313e-01  -1.90161168e-01   2.84708729e-01  -4.92681961e-01
   -8.20446129e-01 
    6.33762375e-01  -5.72585867e-01  -4.18339869e-01  -2.68616677e-01
    1.06061670e+00  -3.11615130e-01   9.85787611e-02   5.43085170e-01
   -2.63801650e+00   6.86721576e-01   2.08356372e+00  -3.72737024e+00
    7.19083118e-01   7.14869268e-01  -2.02109333e+00   1.29176417e+00
    5.74437317e-01 
   -9.08764379e-01   1.75297653e-01  -2.56699955e+00   8.97707327e-01
    2.55003717e+00  -1.81585902e+00  -5.39507979e-01  -8.07573442e-01
   -1.01584878e+00   5.73942845e-01  -1.86661391e-01   2.22134396e-01
    1.50350583e+00  -7.10022448e-01  -2.00732217e-01   2.03882810e+00
    1.93036628e-01 
    1.60756507e+00  -7.71980137e-01  -1.23875065e+00   1.02265384e+00
    3.21426472e-02  -1.09586568e+00   8.72809579e-01  -4.59681381e-01
   -1.56686004e+00   7.49742535e-01  -1.62377651e+00   1.69624826e+00
    1.68506577e+00  -1.63317421e+00   1.11118242e+00  -1.93180326e+00
   -2.65566061e-01 
   -1.52477502e-01  -1.44551780e+00   1.57373862e+00  -1.05167383e+00
   -1.16105603e-01  -5.91403363e-01   7.76180608e-02  -2.03632512e+00
    1.21114317e+00  -4.88557284e-01   5.78965043e-02   1.99593714e+00
    1.60579709e+00   2.23337576e+00  -8.88070623e-02  -1.41310573e+00
   -6.59226225e-01 
   -3.53869116e-01   1.19001898e+00   1.77657246e+00  -1.25188746e+00
    7.57340674e-01   1.27779703e+00   1.92873949e+00  -2.94264370e-01
   -1.91557767e-03  -1.98121067e-01  -1.99122668e+00   4.71060989e-01
   -8.05630307e-01  -1.39965480e+00  -4.27660913e-01  -7.37556906e-02
    6.31358281e-02 
    7.64490740e-01   1.55868620e+00   1.58550183e+00  -1.88246978e+00
   -1.98185102e-02   8.53155948e-02  -1.85454100e+00   1.21317688e+00
   -5.64195575e-01   5.32424082e-01   7.73574181e-01   2.06032677e-01
   -2.26759096e-01  -4.86043479e-01  -1.45778553e+00   7.63769795e-01
   -7.25446275e-01 
    8.55307412e-01  -1.32668407e+00   1.07608721e+00  -4.87494655e-01
    5.61136089e-01   4.01751680e+00  -2.00870329e+00  -2.19724473e-01
    2.27162644e+00   2.21139859e+00   4.10910811e-01  -6.06227240e-01
   -6.76826806e-01  -2.70148294e+00  -1.37477028e+00  -1.36841358e-01
   -7.07704190e-01 
    9.58359507e-02   2.55378519e+00  -8.24091827e-01  -1.02010421e+00
    6.57228069e-01  -1.23129766e+00  -1.16640460e+00  -1.78532215e-01
   -1.64855987e+00   2.36019902e+00   1.31593637e+00  -1.22827329e+00
    7.80890850e-01  -1.81838786e+00   1.32877301e+00  -1.62577641e+00
   -1.82110915e-01 
   -1.34637853e+00  -1.05991657e-01  -6.69194204e-01   1.21762473e+00
    1.82570529e+00  -8.74570461e-01   1.23489548e+00  -8.58442318e-01
   -9.47956628e-01   1.17601985e+00   5.50312932e-01   2.00709993e+00
   -2.64908717e+00   5.89568334e-01  -5.70622364e-01  -1.26200488e+00
    3.86594657e-01 
   -5.03384587e-01   4.65123516e-01  -8.31076140e-03  -2.75266082e+00
   -2.05826920e+00  -1.47959146e+00   7.01037613e-02   4.06931784e+00
   -1.08813603e+00   5.79733402e-01  -5.45506782e-01   2.98888520e+00
   -1.03635371e+00  -3.73450188e-01  -1.44384443e-01  -4.00764496e-03
   -6.35383759e-01 
    2.92864868e+00  -8.67948932e-01   3.50769752e-01   1.89747712e+00
    1.52423165e+00  -6.04885951e-01  -1.33807784e+00   6.17042599e-01
    2.36216622e-01  -1.15031914e+00   4.65230297e-01  -4.05626838e-01
   -2.87460033e+00   4.48306723e-01   1.04356932e+00  -8.54609686e-01
   -1.40902474e-01 
   -1.24072596e-01  -2.15099445e+00   1.38885263e+00   7.51527884e-02
    1.31301979e-02   3.21292739e-01  -3.39523926e+00  -3.00858166e-02
   -1.83607367e+00   9.80331513e-01   2.90749774e+00  -3.66405281e-02
   -4.18144030e-01   1.27859732e+00  -6.19495908e-01  -6.76229051e-01
   -1.25360869e+00 
   -4.52349134e-01   2.72792257e-01  -4.41878722e-01   1.04325500e-01
    2.13240548e+00  -1.92800195e+00   8.42535758e-01   9.40342521e-01
    1.16832169e+00   1.61136298e+00  -2.28257212e+00  -1.70267701e+00
   -9.34279221e-01   4.22553049e-01  -3.52972189e-01  -7.26663879e-02
   -8.96879372e-02 
    1.63976350e+00  -1.84534550e+00   5.21517581e-01   2.82878004e+00
   -2.17598414e+00   6.98086696e-01   5.14761274e-01  -8.83424434e-01
   -1.67938661e+00  -1.21894005e-01  -4.47627671e-01  -2.02573294e-01
    7.44159303e-01   2.36218478e+00  -2.09412766e+00  -1.39492119e-01
    5.93792321e-01 
    1.40495320e+00  -1.03383223e+00  -3.50186137e-01   7.76961698e-02
   -1.90306770e-01  -2.39973031e-01   3.09412143e+00  -2.94954446e+00
   -1.35686859e+00  -8.55851294e-01  -4.64069955e-01  -8.57621049e-01
    1.23861060e+00  -1.90212903e+00   8.66910445e-01   5.00661146e-01
    4.98516923e-01 
    1.43717253e+00   7.31670059e-01  -3.14092936e+00  -4.08021788e+00
    8.50743703e-01   1.15744178e-01   8.55618796e-01   1.48538220e+00
    8.17852511e-01   1.82130862e-01  -8.52809760e-01  -1.17038050e+00
   -3.62344754e-01   1.68475301e+00  -5.82071121e-01   1.04845470e+00
    1.95246421e-01 
   -1.42568465e+00   3.73247112e-01  -2.79822052e-01   2.54244351e-01
    7.05086870e-01  -1.54570343e+00   6.41109833e-02   2.46351588e-01
    1.52136532e+00  -8.97258653e-01   1.06885765e+00   1.15755070e-01
    8.66968896e-01  -1.05568679e+00  -6.80275398e-01   1.15317817e+00
   -6.72809758e-01 
   -1.39756602e-01  -2.29903477e+00   2.23688922e+00  -1.46289269e-01
   -2.33998743e+00   3.45212175e-01  -2.65282155e-01   1.62904328e+00
    2.46449467e-01   1.56938501e+00  -1.65419140e+00  -4.58726829e-01
    5.83175152e-01  -1.13211150e+00   6.36907403e-01   6.47310452e-01
    1.31866149e-01 
   -1.29908675e+00   5.35719220e-01  -9.21702887e-01   2.18290712e+00
   -7.47817908e-01   1.78175899e+00   1.03743253e+00  -1.48952098e+00
   -2.90414429e-01  -1.74204160e+00  -6.39884228e-01   6.75668095e-01
    1.82258075e+00   1.75777896e-01  -2.28006278e-01  -2.17044536e+00
    3.86795058e-01 
   -4.42431124e-02   2.57805819e+00   1.09181871e+00  -4.36524758e-01
   -3.20249757e-01  -4.61674159e+00   1.22971403e+00   3.43977777e+00
    1.49255700e+00  -2.22458976e+00   7.03801993e-01  -2.60924591e-01
   -4.33706753e-01  -6.89090468e-01   7.51748220e-01  -2.59218374e-01
   -2.43115746e-01 
   -2.63749022e+00   9.04929756e-01   1.79933763e+00   7.49325159e-03
    1.56276847e+00  -9.29493317e-01  -1.24470722e+00  -4.03758367e-01
    2.31413087e+00  -1.24758630e+00   2.92630526e-01  -1.85281114e+00
    5.65489267e-01   4.68646630e-01  -1.14056588e+00  -4.33399328e-01
    6.27032699e-01 
   -2.71851674e-01  -7.06969450e-01   6.56475461e-01  -9.21416255e-01
    2.23614521e+00  -1.19598385e+00   6.73334704e-02   2.39345004e+00
   -2.56907881e+00  -7.50622552e-01   1.24270397e+00   7.09991403e-01
    3.96120420e-01  -7.95788419e-01  -4.81483871e-01  -1.08002169e+00
   -3.75801897e-01 
   -2.02768589e+00   2.22493550e-01  -1.41214625e+00   2.06803964e+00
   -9.33347177e-01   1.07103083e+00   8.32373180e-01  -6.81235275e-01
    1.01876964e+00   1.49848909e+00   1.53771944e+00  -1.78396935e+00
    8.42698002e-01  -1.34444373e+00   5.84757839e-01  -2.52726786e-01
   -6.23683573e-01 
    1.82062389e+00   1.76548021e+00  -1.92895599e+00  -9.74735358e-01
   -3.62251033e+00  -1.21078011e+00   9.85032613e-01   4.69066607e-01
    1.36946465e+00  -2.37521220e+00   2.00773185e+00  -2.32764153e-02
    6.64836495e-01  -2.66668005e-01  -6.94059749e-01   1.92287148e-01
   -8.18823710e-02 
    1.74109857e+00   2.82364013e-01  -1.77295431e+00  -1.57021237e-01
   -9.86689936e-01  -4.86917655e-01   2.78559490e+00  -2.97435263e+00
   -1.10455959e-01  -1.33683955e-01   2.57186845e-01   1.03708472e+00
   -1.91784421e-01   1.35385847e+00   8.36191954e-01   1.14808441e+00
   -5.14476519e-01 
   -5.41143829e-01  -6.44624968e-01   1.92770982e+00  -3.92205891e-01
    1.62449841e+00   1.73102671e+00  -3.27085844e+00   3.16892997e-01
    1.79078533e-01  -9.55929903e-01  -3.26650528e+00   1.75216339e-02
    1.82484743e+00  -1.49655089e+00  -1.66259690e-01   2.93332877e+00
   -3.53776789e-01 
   -8.23051148e-01   2.71793715e+00   1.19113395e+00   4.43859306e-02
   -1.29459738e+00   1.97606861e+00  -5.17706967e-01  -1.49540767e-01
   -9.70645356e-01  -2.11716882e+00  -2.51403262e-01  -1.86569243e-01
   -9.33546620e-01   5.47454353e-01  -1.07771415e-01   7.33499874e-01
   -5.56443544e-01 
   -2.67606941e-01  -1.01032254e+00  -1.31292298e+00   1.00302291e-01
    4.39218660e-03   2.57728139e+00  -7.89262976e-01   8.25889106e-01
    2.74145419e-01  -2.58299581e+00   1.27823303e+00  -3.50672064e-01
   -1.42367742e+00  -3.06131466e-02   3.02572934e+00  -1.50859428e+00
    6.05639360e-01 
   -2.76902070e-01   2.18407167e+00   3.18203011e-01  -8.77426183e-01
    8.46340759e-01  -1.61812117e+00  -2.44941415e+00  -1.33021501e+00
   -4.58961272e-01  -8.77615585e-01  -1.56861312e-01   8.90460790e-01
    7.44954869e-01   4.35084690e-01   9.70943993e-02   9.79791967e-01
   -8.88691527e-02 
   -9.66596906e-01   1.12504677e-01   2.72608606e+00   1.47339510e+00
    1.03994289e+00   1.91308420e-01  -2.00072374e+00  -1.25244954e+00
   -8.30412532e-01   6.87726283e-01  -2.06441014e+00  -1.56356409e+00
   -1.77596167e+00   1.45256896e+00   1.57081369e+00   1.05288095e+00
    1.84644904e-01 
    1.48813237e+00   9.34860732e-01  -9.56332731e-01  -3.35068817e-01
   -8.59274636e-01  -2.84034137e-01  -5.01197387e-01  -4.93956158e-01
    1.75008781e+00   1.57761980e+00  -2.25973237e+00  -1.93036368e+00
   -4.59878788e-01  -1.66129125e+00   2.44922315e+00   8.12119148e-01
   -5.11607628e-01      3.46708080e+00  -9.29669052e-01   3.24142597e-01  -2.00610789e+00
   -8.86362350e-01   1.27208972e+00  -7.53280332e-01  -9.81238536e-01
    5.20207696e-01   7.99685634e-01   2.01230168e-01  -3.11507608e+00
   -8.97142532e-01   3.69642157e-01   9.58822058e-01  -1.66071360e+00
   -8.57471973e-02   1.74363045e-01   2.68067739e-01   1.75591531e-01
   -1.39600141e-01   1.83339942e+00   5.87855740e-01   2.18307959e+00
   -1.58139757e+00  -8.27326837e-01   4.38208557e-01  -2.68253890e-01
   -1.20494049e-01  -4.47936352e-01   1.29203320e-01  -1.31867036e+00
   -1.24317426e-01 
    6.75581179e-01   5.02350318e-01  -3.86850269e-01  -2.25520975e-01
    9.66291734e-01  -2.10717712e-01  -1.43641829e+00   8.91190469e-01
   -2.18325224e+00  -2.66785030e-01  -9.20192902e-01  -4.07407780e-02
    1.17446490e+00  -2.88121973e-01   1.64348437e+00   1.03582291e-01
    8.17195388e-02  -9.52476152e-01   2.04349657e+00  -2.07134994e+00
   -1.50744078e+00   2.66429023e-01   4.25144785e-01   1.07757811e-02
   -1.34655780e+00   6.98186919e-01   7.22181608e-01  -4.17625618e+00
    1.36637898e+00  -1.78893966e+00   4.39722890e-02  -1.33623936e+00
    1.51217590e-01 
    6.48627226e-01  -8.24924580e-02   2.78393209e+00   1.04944594e+00
   -1.80307007e+00  -1.78518126e+00  -9.71082416e-01  -9.47275504e-01
    1.47971979e+00   1.14433269e+00   3.95958155e-01   5.11966454e-01
   -2.08457167e+00  -2.57706183e-02  -3.90174030e-01  -1.26164673e+00
    2.15117570e+00  -1.67666904e-02  -1.50624654e+00   1.19111229e+00
   -1.34882119e+00  -2.60332567e+00  -1.19845008e+00   1.25620708e+00
    1.18396675e+00   7.93775313e-01  -2.38819845e+00  -5.50637489e-01
    2.06254485e+00  -1.96490053e-01  -2.29865322e+00   7.75175562e-01
   -3.86071582e-01 
   -1.50868111e+00   4.22803973e-01  -1.46867287e+00  -1.04574889e+00
    1.76069207e+00   1.35379174e+00   1.26844452e+00   2.61583852e-01
    5.16566171e-01  -9.23238629e-01   2.69197117e+00  -2.02270536e+00
    4.90954619e-01  -9.27053821e-01  -3.28004362e+00   8.34107383e-02
    3.78603434e+00  -1.41024196e-01   1.84173371e-01  -2.17104110e+00
   -9.71992786e-01   6.89562333e-01   7.96266736e-01  -2.83613009e+00
    5.78738340e-01   5.21354001e-01  -1.07187403e-01   1.90677491e-01
   -3.45559992e-01   2.29728100e-01  -1.71247969e+00  -6.22294847e-01
   -1.63722977e-01 
   -1.82862402e+00  -1.23415916e+00  -2.18438442e+00  -5.18587724e-01
    1.72309556e-01  -2.90114657e-01   6.35538612e-02  -1.15060787e+00
   -2.82208971e-01  -2.76144254e+00   1.48815587e+00  -5.27720996e-01
   -1.00916085e-01  -2.44583307e+00   2.73247975e+00  -1.69994957e+00
   -1.91958964e-01  -1.42127124e+00   2.44628012e+00  -1.68879550e-01
    1.29371996e+00  -1.34468595e+00  -3.16090461e+00   2.11118438e+00
    2.10977151e+00   1.43035177e+00  -1.55810691e+00  -1.62483888e-01
   -5.06578133e-01  -2.45348046e-01  -1.22230610e+00   1.55765829e+00
   -1.88077050e-01 
   -1.23910886e+00  -2.86127730e-01   6.04669072e-01   4.70094422e-01
    1.12327192e+00  -6.84588977e-01  -4.37936434e-01  -3.62576649e+00
    1.01503447e+00  -6.94316500e-03  -1.90393605e-01   3.35014176e-01
   -9.16278590e-01   1.94955948e+00  -7.73767119e-01  -2.09498602e+00
   -1.45124264e+00   5.97141183e-01  -3.90993030e-02  -2.54994828e+00
    4.53087527e+00   5.06005073e-01  -5.88120695e-02  -4.05938256e-03
    2.51121987e-01   5.07326632e-01  -1.35853811e+00  -1.63485152e+00
   -3.68707725e+00   7.63455640e-01  -1.48493681e-01   3.34657945e-01
   -6.32154664e-03 
    6.61187267e-01  -1.02392198e+00   6.00233264e-02  -1.04617909e+00
   -2.00559435e-01  -2.23712660e+00   1.08778009e+00   8.25286422e-01
    4.41692624e-01  -2.12937821e+00  -7.55594525e-01   2.63085206e+00
    3.05388930e+00  -1.68816647e+00  -1.14108332e+00  -3.87647382e+00
   -1.04046734e+00   1.00612752e-01  -1.84899658e-01  -4.60936042e-01
   -8.22227695e-01  -3.13117342e-01  -3.82905842e-01  -6.59051255e-01
   -1.42857470e+00  -1.69773545e+00   1.07365674e+00   1.79931368e-01
    3.53532589e-01   2.69505064e+00   7.28268963e-01   3.86153903e-01
   -4.12217182e-01 
    2.32303742e-01  -6.39278630e-01   2.18841561e+00  -6.09991421e-01
    1.71077660e+00  -1.48600340e-01  -8.38147038e-01  -1.50228953e-01
   -1.58040950e-01   5.51397866e-01  -4.23207735e+00   1.72647231e-01
    1.15832181e-01  -1.72237394e+00  -3.29876011e-01   2.24682281e+00
   -2.31936525e+00  -4.89735798e-01  -2.29687840e+00  -4.36856446e-01
   -2.38423677e+00  -1.44885993e-01  -2.73734058e+00   2.74063777e-01
   -4.49213332e-01   3.49625637e+00   5.31596441e-01   6.18931885e-01
   -1.39281292e+00   9.18160425e-01   1.18213753e+00  -1.31493801e-01
   -8.05904693e-01 
   -2.06072786e+00   2.35720456e+00   1.13511618e+00   1.34359678e+00
   -1.96830829e+00  -2.61373925e-01   1.24636349e+00  -2.30085087e+00
    2.17881681e+00   3.70673550e-01   6.93227824e-01  -1.48535227e+00
    1.18707921e+00  -1.50920338e+00   1.97660648e+00   1.23460040e+00
   -8.30380830e-01  -2.30995713e+00  -3.23153242e-01   5.54292383e-01
   -1.46124111e+00  -1.70942266e+00   2.09695801e+00  -1.33095807e+00
   -1.84060474e+00  -4.58861355e-01   6.27570069e-02   5.47111337e-01
   -1.32583790e+00  -1.03946457e-01   1.57543147e+00  -1.84680719e+00
   -5.01967237e-01 
    1.01259785e+00  -9.14203202e-01  -8.26048635e-01  -1.33116362e+00
   -1.49457057e-01   1.73027701e-01  -9.38887289e-01  -2.41321129e+00
   -2.38179293e+00  -2.60645142e+00  -1.83404760e+00   1.68950809e+00
   -2.48148704e+00  -1.42418875e+00   1.37293563e-01   1.47594833e-01
    5.66925419e-01   2.57239958e-02  -2.16049506e+00   1.74230120e+00
    1.27036106e+00   1.24639651e+00   5.61636063e-01  -2.56489375e+00
    2.70649495e+00  -7.16595045e-01   1.90716071e+00   4.15770820e-01
    2.34874563e+00   3.89068010e-01  -9.73459590e-03  -1.79047287e+00
   -3.24786728e-01 
   -1.36187377e-01  -2.75265959e+00   3.59121511e-01   8.32700278e-01
   -6.18837303e-01   1.21843048e+00  -1.13808653e+00  -2.28855541e+00
   -1.60924366e+00  -8.38099438e-02   1.13124696e+00   9.79557782e-02
   -2.66007258e+00   1.85896638e+00  -3.96632149e-01   2.29191147e-01
    5.50233781e-01  -1.21483098e+00   9.54335839e-01   1.62564383e+00
   -7.25136835e-01  -1.26717280e+00  -1.38455306e+00  -2.69379634e+00
   -1.67387180e+00  -1.58626989e+00   3.36913292e+00   1.01847415e+00
   -1.20273694e+00  -3.51295057e-01   1.53286114e+00   2.51022489e+00
   -4.70464376e-01 
   -1.27796402e+00   4.27788642e+00  -1.33130345e+00  -2.55069096e+00
   -2.05896057e+00  -1.25761687e+00  -1.13018010e+00   1.49940700e-02
    1.03602217e+00  -2.30710717e+00  -2.60478252e+00   3.01018363e-01
   -6.77989919e-01   1.23458474e+00  -1.50374918e-01   1.60621248e+00
   -7.50956487e-01  -5.42983270e-01  -4.14151957e-02  -9.01634387e-01
    7.66220834e-01   1.77577239e+00  -5.81586485e-01   8.93206841e-01
    6.44303077e-01  -1.68597689e+00  -1.50762128e+00  -4.75439042e-02
    1.12143584e+00  -8.83600476e-01   1.53677702e+00   1.07442884e+00
   -6.26298027e-01 
   -4.36113175e-01  -9.53194835e-01  -2.53835689e+00  -2.04910566e+00
   -2.02215979e+00   9.16924555e-01   1.17171901e-02  -1.76969972e-01
   -6.54532657e-01   3.36875019e+00   6.03965292e-02   2.14104756e+00
   -1.00568286e+00   2.68251262e-01  -4.61760382e-01  -1.30008381e+00
   -7.59217127e-02  -1.10435627e+00  -3.95548472e-01  -1.42232081e+00
    3.46720555e-01  -3.85388451e-01  -8.91727521e-01  -7.07184486e-01
   -1.91325481e-02  -1.81162942e-01  -1.80120768e+00   4.72562815e-01
    1.55086289e+00  -1.20458369e+00   1.97183678e+00  -4.44530506e-01
   -2.06700755e-01 
   -2.88314793e-01  -8.02980554e-01   5.42533412e-01   1.91624899e+00
   -2.25747273e+00   1.24735669e+00  -2.06071507e-01   1.00377560e+00
    9.40137692e-01  -7.42219749e-01  -8.74442539e-01   6.56426665e-02
   -1.66800369e+00  -7.14790147e-01  -2.56170377e+00   2.02810233e+00
   -2.91797935e+00   4.01958796e-01   1.01484165e+00  -8.32789937e-01
    7.83227445e-01  -6.08694967e-01   1.39890807e+00   3.47145265e-01
    3.14758471e-01  -2.04549959e+00   9.25609651e-01  -1.30799439e+00
    5.13597429e-02  -1.06567528e+00  -8.80541148e-01   7.17802309e-01
   -4.83039467e-01 
   -5.80962934e-01   2.07075426e+00   3.05398077e-01  -1.09223393e+00
   -9.59644866e-01  -1.63795052e-01   9.77093759e-01   1.48719563e+00
   -9.47375196e-01   2.27927486e-01  -9.42465954e-01  -6.69451815e-01
    2.25518157e-01   4.34134661e-01   1.85788899e+00  -1.11451843e+00
    4.92379262e-01   2.94707423e-01  -1.26828612e+00   4.28068411e-01
   -6.60292983e-01   1.02017299e+00  -2.79170494e-01  -3.02626332e-01
    9.35148331e-01  -1.24785823e+00  -4.03001811e-01  -3.34295246e-01
   -2.36154745e+00  -1.04834815e-01  -1.77133793e+00  -2.80672501e+00
   -8.72906594e-01 
   -1.98959762e-01  -1.71304490e+00  -2.31830582e+00   1.83737060e+00
    1.33485506e+00   8.92487362e-01  -4.57002189e-01  -4.78681239e-01
    1.87309873e+00   1.23137078e+00   1.62923376e-01   4.14733786e-01
   -1.52181118e-01   2.38070999e-01  -1.03859573e+00  -4.83847893e-01
   -2.32887198e-01  -1.77758608e+00  -9.10177260e-01   1.60296333e+00
   -5.00409007e-01   7.37890612e-01   3.38639053e-01  -1.48748548e+00
   -5.20793585e-01  -1.50860869e+00  -1.62042404e+00  -5.53897433e-01
    1.09313683e+00  -5.10269518e-01  -8.72606682e-01  -6.19107344e-01
   -2.03703015e-01  