NN 16 32 16   -4.09933054e+00  -1.12452537e+00   2.67691955e-01   4.72951836e-01
    2.81139143e+00  -1.05270169e+00  -2.36386829e+00  -2.13899790e+00
    3.50927559e+00  -1.28775872e+00  -2.35927329e-01   2.65998587e-01
    9.64149148e-01  -1.68233881e-01   3.51021773e-01  -6.08232473e-01
   -8.87983224e-01 
    7.44031583e-01  -6.41390323e-01  -2.20395365e-01   8.71540854e-02
    8.82765950e-01  -1.64333962e-01   2.80352195e-01   2.60091786e-01
   -2.88647371e+00   7.57274274e-01   2.37792699e+00  -4.21321645e+00
    8.63702319e-01   6.83856172e-01  -2.39994025e+00   1.38291783e+00
    6.52908619e-01 
   -1.24923564e+00   2.80218743e-01  -2.37821222e+00   7.27543004e-01
    2.99653691e+00  -1.89394930e+00  -8.04890005e-01  -9.44430817e-01
   -9.60993229e-01   8.07483043e-01  -4.43496751e-01   2.38206849e-01
    1.51882723e+00  -6.24628365e-01  -2.10634543e-01   2.21839227e+00
    2.39012870e-01 
    1.76533349e+00  -9.03194443e-01  -1.51298613e+00   1.02193682e+00
    1.86990889e-01  -1.11930217e+00   7.88841683e-01  -5.33563343e-01
   -1.65988389e+00   9.40330747e-01  -1.58018269e+00   1.76742715e+00
    1.78407572e+00  -1.75176751e+00   1.25246779e+00  -2.05620831e+00
   -1.96348543e-01 
   -1.27964131e-01  -1.73288090e+00   1.53904451e+00  -1.37861785e+00
   -1.36830891e-01  -7.69034343e-01  -7.96289479e-02  -2.17535594e+00
    1.24530442e+00  -5.91932771e-01   1.63730038e-01   2.17323225e+00
    1.57896963e+00   2.30943511e+00  -1.79646826e-01  -1.49428595e+00
   -6.86331272e-01 
   -4.30751907e-01   1.25678979e+00   1.95460546e+00  -1.22655413e+00
    7.52823949e-01   1.10503258e+00   2.25591056e+00  -5.11248642e-01
   -4.41449557e-03  -1.95362739e-01  -2.30184521e+00   4.48336555e-01
   -8.75455364e-01  -1.48142935e+00  -4.81399845e-01   3.37223082e-03
    1.14894450e-01 
    1.13719400e+00   1.64573302e+00   1.64724005e+00  -1.99797379e+00
   -1.28054235e-01   3.04209290e-01  -2.08315758e+00   1.72174614e+00
   -4.89810677e-01   5.70140058e-01   8.24572372e-01   1.43101826e-01
   -1.04559646e-01  -4.37437783e-01  -1.43894288e+00   8.32454906e-01
   -7.31008406e-01 
    8.47822987e-01  -1.43260037e+00   1.33743541e+00  -4.70160890e-01
    5.85089487e-01   4.39111158e+00  -2.34960146e+00  -1.72707164e-01
    2.60354922e+00   2.35686287e+00   2.78442019e-01  -3.92070728e-01
   -6.98642747e-01  -2.93832666e+00  -1.51659110e+00  -1.93742558e-01
   -7.28361273e-01 
    1.13577553e-01   2.78039441e+00  -7.32835342e-01  -1.12023496e+00
    6.99506576e-01  -1.23428816e+00  -1.39041749e+00  -3.05215718e-01
   -1.76680664e+00   2.42781954e+00   1.48254342e+00  -1.17501043e+00
    1.00766825e+00  -1.90985229e+00   1.48830244e+00  -1.80624342e+00
   -1.72042445e-01 
   -1.27920789e+00  -3.54395697e-01  -7.08844088e-01   1.05555274e+00
    1.78222220e+00  -8.96117143e-01   1.22009995e+00  -7.53470042e-01
   -1.13147042e+00   7.81663997e-01   9.52155315e-01   2.22511473e+00
   -3.06800208e+00   3.83763209e-01  -8.96611927e-01  -1.39737969e+00
    3.66266629e-01 
   -5.99900968e-01   6.27263847e-01   7.87041027e-02  -2.80335857e+00
   -2.51820375e+00  -1.48010246e+00   1.51618998e-01   4.57385680e+00
   -1.44235759e+00   5.12864781e-01  -4.74863857e-01   3.20540078e+00
   -1.14197474e+00  -3.67968231e-01  -3.71590802e-02   1.18499536e-01
   -5.56269414e-01 
    3.24357987e+00  -8.01575774e-01   3.12231137e-01   2.02505682e+00
    1.60628800e+00  -7.01315614e-01  -1.27330308e+00   6.60337732e-01
    2.51921931e-01  -1.30473752e+00   6.88546707e-01  -5.10527199e-01
   -3.12234400e+00   5.46703937e-01   1.19787712e+00  -1.10662665e+00
   -2.87711963e-01 
   -4.27172018e-02  -2.66819536e+00   1.69625669e+00   7.70248488e-02
   -4.81169711e-02   4.55294302e-01  -3.54310996e+00  -4.02011823e-01
   -1.84851042e+00   1.13810741e+00   3.20037624e+00   8.30452300e-02
   -4.21068095e-01   1.36748528e+00  -4.45273139e-01  -7.00340428e-01
   -1.27012842e+00 
   -7.27275521e-01   4.60113869e-01  -5.10346279e-01   5.08892893e-02
    2.32923924e+00  -2.11560412e+00   1.17443363e+00   1.04994198e+00
    1.10183148e+00   1.55297146e+00  -2.38292574e+00  -1.75414508e+00
   -1.26719935e+00   1.86704665e-01  -4.81594214e-01  -1.43569129e-01
   -1.97871950e-01 
    1.83604308e+00  -1.78586383e+00   8.17003714e-01   3.11940266e+00
   -2.38015265e+00   8.00578465e-01   5.17893904e-01  -1.05416196e+00
   -1.56002172e+00  -1.11550234e-01  -4.89707714e-01  -2.64907028e-01
    7.33198249e-01   2.45797948e+00  -2.24447393e+00  -1.62204814e-01
    6.28268739e-01 
    1.69551884e+00  -1.19686508e+00  -3.90364269e-01   1.57988912e-01
   -3.12864810e-01  -3.15263869e-01   3.16870094e+00  -3.08459612e+00
   -1.00959245e+00  -1.05763289e+00  -5.14356733e-01  -8.87293490e-01
    1.20432628e+00  -2.05798587e+00   9.43557562e-01   7.04720713e-01
    5.75041076e-01 
    1.48869276e+00   7.98129981e-01  -3.04432586e+00  -4.62596673e+00
    1.23780824e+00  -2.01073805e-02   5.38417816e-01   1.63729984e+00
    7.46361279e-01   2.88487922e-01  -8.60417383e-01  -1.40144891e+00
   -4.21588513e-01   1.55113995e+00  -6.06695354e-01   1.20436064e+00
    2.68394786e-01 
   -1.70252929e+00   4.87161247e-01  -1.52108122e-01   3.19982918e-01
    6.92270741e-01  -2.00434734e+00   3.25247283e-01   2.65365798e-01
    1.51041972e+00  -9.95420045e-01   1.35951552e+00   3.89077822e-01
    8.24200149e-01  -1.18292232e+00  -8.25201123e-01   1.18909895e+00
   -7.81596572e-01 
   -1.00022133e-01  -2.46596357e+00   2.17311004e+00   1.29722365e-02
   -2.52769023e+00   2.08533614e-01  -2.31580038e-01   1.83988612e+00
    6.76740764e-02   1.51141605e+00  -1.76379300e+00  -5.58738170e-01
    5.70327117e-01  -1.11631512e+00   6.43452163e-01   6.80677105e-01
    1.28666530e-01 
   -1.35294442e+00   5.35684516e-01  -7.99196747e-01   2.33546428e+00
   -8.47749661e-01   2.02553187e+00   1.20119710e+00  -1.80510956e+00
   -4.90697392e-02  -1.64867943e+00  -3.96571235e-01   6.83840274e-01
    1.76827476e+00  -1.84853639e-01  -3.21065252e-01  -2.48663603e+00
    3.38871187e-01 
   -3.16629450e-01   2.68048631e+00   1.26120245e+00  -5.43203429e-01
   -1.82423924e-01  -4.94485845e+00   1.19058318e+00   3.77334384e+00
    1.42589651e+00  -2.67082637e+00   6.29190496e-01   7.29406344e-02
   -4.61061351e-01  -8.82631604e-01   8.17876913e-01  -3.88485830e-01
   -2.99999477e-01 
   -2.85240729e+00   8.79705970e-01   2.23640654e+00   2.60812129e-02
    1.67122100e+00  -9.81794383e-01  -1.52827296e+00  -2.86640337e-01
    2.37513450e+00  -1.09007390e+00   2.91388300e-01  -1.79242237e+00
    4.43202079e-01   5.23190556e-01  -1.21606049e+00  -4.71586222e-01
    6.65411170e-01 
   -2.65712700e-01  -7.90084430e-01   5.72372702e-01  -7.83794602e-01
    2.46827519e+00  -1.02735860e+00   1.58673671e-01   2.51381832e+00
   -2.67952020e+00  -9.18914952e-01   1.38493928e+00   9.84613393e-01
    3.02171468e-01  -8.93417017e-01  -5.34188403e-01  -1.32323875e+00
   -4.07862075e-01 
   -2.08267401e+00   7.51131664e-02  -1.46066192e+00   2.07915243e+00
   -9.25308967e-01   1.14679842e+00   8.70533171e-01  -9.44056269e-01
    1.08511153e+00   1.33568799e+00   1.97758059e+00  -1.64498824e+00
    8.48776960e-01  -1.51203972e+00   5.47238423e-01  -4.43125331e-01
   -7.16955843e-01 
    2.09322372e+00   1.72270348e+00  -2.34486225e+00  -1.28923266e+00
   -3.87029636e+00  -1.61858333e+00   7.46398971e-01   6.36719473e-01
    1.39167342e+00  -2.35872450e+00   1.78495488e+00  -1.85237784e-01
    7.20613553e-01  -4.61031958e-01  -8.53972936e-01   9.31381331e-02
   -2.08621306e-01 
    1.88431431e+00   5.20936962e-01  -2.27926306e+00   1.58656297e-01
   -1.14293622e+00  -6.46173030e-01   2.93339809e+00  -3.07504382e+00
   -2.93598477e-01  -2.49564732e-01   3.09808720e-01   8.78416414e-01
   -1.77593987e-01   1.32903857e+00   7.35544797e-01   1.35827585e+00
   -4.79743205e-01 
   -6.53208712e-01  -2.13490843e-01   2.07173137e+00  -4.00557155e-01
    1.95740634e+00   1.98390544e+00  -3.42106836e+00   3.62153093e-01
    3.91566779e-01  -9.17641907e-01  -3.56839180e+00   1.36540032e-02
    2.12901233e+00  -1.49863073e+00  -1.53098507e-01   3.36811257e+00
   -2.88227179e-01 
   -6.94647955e-01   3.13164205e+00   1.21681030e+00   2.20518399e-01
   -1.48597476e+00   1.82650099e+00  -7.50946391e-01   1.04664972e-01
   -9.55918010e-01  -2.42487904e+00  -2.01007404e-01   1.61790199e-02
   -9.54063909e-01   6.36067334e-01  -1.51882834e-01   7.50580981e-01
   -6.63114184e-01 
   -4.41418296e-02  -1.03965548e+00  -1.21936445e+00  -6.32873183e-03
   -1.62536177e-01   2.66578648e+00  -5.87851248e-01   8.57115559e-01
    2.83974371e-01  -3.04555080e+00   1.20469283e+00  -2.06573434e-01
   -1.55252215e+00   1.21332528e-02   3.43454929e+00  -1.58612551e+00
    7.54130206e-01 
   -1.75637448e-01   2.69314657e+00   1.28971763e-01  -9.82900203e-01
    9.98314904e-01  -1.80486902e+00  -2.57763957e+00  -1.18399098e+00
   -6.28797828e-01  -9.41804929e-01  -2.59230225e-01   8.82253476e-01
    8.01477314e-01   5.22612368e-01   2.85811335e-01   9.84942295e-01
   -1.66113990e-01 
   -8.26588233e-01   1.08071330e-01   3.24959154e+00   1.67881222e+00
    8.05333266e-01   4.63065261e-01  -2.23488699e+00  -1.49427674e+00
   -8.63785806e-01   6.68624882e-01  -2.17246608e+00  -1.57416108e+00
   -1.91451699e+00   1.81178876e+00   1.87394819e+00   1.22306208e+00
    2.31837822e-01 
    1.65698077e+00   9.51524457e-01  -1.27625433e+00  -1.31534774e-01
   -8.94912039e-01  -7.50816327e-02  -4.27558395e-01  -5.61091044e-01
    1.84738047e+00   1.82361425e+00  -2.51575101e+00  -2.16227407e+00
   -5.08962529e-01  -1.82266245e+00   2.53608594e+00   8.91542634e-01
   -5.56572066e-01     3.7609315  -1.11265775  0.44394603 -2.06276368 -0.83764152  1.55295188
  -0.82311315 -1.11162548  0.39519545  0.60550402 -0.19899222 -3.23487117
  -0.79809695  0.66294538  1.03505826 -1.4748859  -0.14902561  0.08505881
   0.22425573 -0.10373006 -0.24129652  1.81667346  0.77878033  2.17699711
  -1.34118213 -0.82402757  0.30063462 -0.10009678 -0.0887097  -0.15495311
   0.14274819 -1.18950274  0.01195363 
   0.6558455   0.50535134 -0.23043408 -0.37616198  1.18412946 -0.38811894
  -1.29908466  0.87024574 -1.98414985 -0.21764872 -0.8449635   0.10926703
   1.19778904 -0.29362031  1.45080652  0.16245404 -0.12411206 -1.16247911
   1.94737466 -2.03428021 -1.38451031  0.33332873  0.53307477  0.05344955
  -1.16665262  0.73963656  0.7009     -4.61588123  1.59487592 -1.58340848
   0.12714823 -1.26288168  0.35692042 
   0.62653046 -0.18851478  2.91505597  1.27340109 -1.69646393 -2.08426197
  -1.26613928 -0.79371455  1.24971587  1.0526177   0.29323944  0.67688821
  -1.99622032 -0.02875495 -0.44315341 -1.26809149  2.119311    0.12365412
  -1.45150107  1.39112733 -1.29676838 -2.49389559 -0.92075731  1.2186458
   1.23028199  0.66805721 -2.57560561 -0.4627139   2.29791728 -0.03017181
  -2.21048494  0.88497112 -0.32109143 
  -1.48816919  0.17646238 -1.52071954 -1.03277352  1.91562794  1.3203968
   1.19411924  0.02349339  0.56412072 -0.85451177  2.98065708 -2.00306751
   0.23803438 -0.7812793  -3.26858879  0.20770724  3.90366551 -0.11428148
   0.03991256 -2.23429238 -0.90764508  0.54590495  0.76089024 -2.93994898
   0.64645954  0.47021568  0.14487767  0.16075011 -0.30059519  0.29421151
  -1.63460775 -0.46238047 -0.19966889 
  -2.03578327 -1.20639746 -2.29108083 -0.54780711 -0.11621403 -0.38230136
  -0.11784782 -1.23016167 -0.27426456 -3.11164964  1.62359646 -0.68796321
  -0.27487398 -2.63849475  3.01585515 -1.72680491 -0.03854762 -1.65878991
   2.51137824 -0.34786515  1.17290657 -1.23427642 -3.3938335   2.18162212
   1.81400707  1.20266336 -1.60062243  0.01548047 -0.10587837 -0.10453354
  -1.18176992  1.95818471 -0.18270742 
  -1.63015264 -0.32477841  0.65918857  0.31642988  1.19843453 -0.68518222
  -0.51268746 -3.58411793  1.17046846  0.18175803 -0.32313721  0.3886925
  -0.9475545   1.95487939 -0.66911078 -2.21372364 -1.3604205   0.72421526
  -0.20594234 -2.44693533  4.31212875  0.4871447  -0.32166852 -0.20003701
   0.55332662  0.64885297 -1.14105426 -1.76335955 -3.79518776  0.78857448
  -0.1211854   0.39303631  0.05183049 
   0.89780889 -1.49035372 -0.0451935  -0.83145354 -0.15558793 -2.61874092
   0.9599468   0.94676023  0.61114218 -2.0530838  -0.5091511   2.80585004
   3.00390283 -1.59314614 -1.07096269 -4.00776815 -0.84902822  0.00634382
   0.03641308 -0.74752694 -0.84098538 -0.08414826 -0.29196105 -0.79568469
  -1.38495737 -2.10843072  0.85634328  0.36718846  0.50070099  2.74293104
   1.03758336  0.17514565 -0.46841137 
   0.05105915 -0.57972958  2.20194493 -0.63159599  1.88843423 -0.11201738
  -0.92340488 -0.20283887 -0.15208526  0.49738087 -4.42614231  0.28583947
   0.32656078 -1.98354842 -0.51291604  2.33657498 -2.50952313 -0.42631898
  -2.32880828 -0.10425409 -2.66793654 -0.04975969 -3.00821745  0.39945753
  -0.2530782   3.59005342  0.24495586  0.7676803  -1.41171233  0.86913166
   1.15715881 -0.16423285 -1.07702271 
  -2.1726236   2.50542586  1.24531651  1.60655061 -2.05646752 -0.25613871
   1.22834832 -2.4006127   2.4106532   0.31844294  0.73772616 -1.64475787
   1.08204687 -1.69258431  1.8393447   1.27275173 -0.64931318 -2.58838525
  -0.38660564  0.55754929 -1.537443   -1.85958557  2.21959092 -1.26426101
  -1.95770377 -0.3550394   0.02281494  0.29824369 -1.42966641  0.00718816
   1.47362853 -1.98216629 -0.57344664 
   1.18853798 -1.01797997 -0.97654303 -1.56695528 -0.14032742  0.0969184
  -1.10360825 -2.63140673 -2.64718832 -2.61857373 -1.94860167  1.98358467
  -2.61569009 -1.47312304  0.30804169  0.23832894  0.49431978 -0.06062807
  -2.31316671  1.72068356  1.334025    1.24477     0.53266499 -2.52300617
   2.71139199 -0.97996574  2.08833173  0.6272673   2.70448121  0.48362047
  -0.0216135  -2.04745019 -0.50907278 
  -0.02606174 -2.94941015  0.49508498  1.00076752 -0.6775251   1.40265365
  -1.19940022 -2.27888027 -1.85878886 -0.20635356  1.18013883 -0.06317089
  -2.63421539  1.93894506 -0.37699415  0.25177422  0.40463391 -1.38834915
   1.12532498  1.57736616 -0.77777685 -1.3705776  -1.41066361 -2.91698871
  -1.60793445 -1.71806423  3.65636896  0.99034041 -1.24989279 -0.34360244
   1.57978474  2.69431725 -0.56066456 
  -1.13902864  4.64006303 -1.4515725  -2.62426779 -2.15192368 -1.23234698
  -1.18959694 -0.04667208  1.02990863 -2.41220357 -2.74467868  0.42276076
  -0.61977712  1.30934707 -0.27716543  1.65309786 -0.70037144 -0.59296076
  -0.02054266 -0.89170968  0.7188058   1.86599642 -0.66830711  1.00278869
   0.38967856 -1.68523046 -1.47897817 -0.01471518  1.15718715 -0.97290633
   1.86119374  1.24431791 -0.69019829 
  -0.42942434 -1.01526435 -2.55001696 -2.12233733 -2.15396935  0.95132012
  -0.08278357 -0.19616544 -0.70902164  3.66538068  0.12406508  2.18792631
  -0.97778777  0.37485994 -0.57617427 -1.36185407 -0.14633141 -1.12850918
  -0.46201939 -1.528318    0.27586715 -0.37083944 -0.90533041 -0.72229359
  -0.12392728 -0.24177985 -1.97087786  0.47121719  1.56868193 -1.2576861
   2.06278464 -0.47030095 -0.25347253 
  -0.25341875 -0.80290672  0.48219419  1.97385442 -2.42269192  1.3413919
  -0.25529791  1.12824709  0.96048492 -0.76419087 -0.93888795  0.11360752
  -1.72676336 -0.75955758 -2.73033086  2.1937298  -3.10831822  0.47099732
   1.02399385 -0.84824952  0.85957875 -0.590471    1.471859    0.3671879
   0.24793071 -2.11771634  0.92925716 -1.36204176 -0.01262437 -1.18939887
  -0.94548321  0.74899535 -0.59159958 
  -0.5711772   2.28688246  0.35577337 -1.11144785 -0.96120157 -0.21372537
   0.988437    1.60162327 -1.0951286   0.26374047 -1.01452154 -0.62601638
   0.25177181  0.38395651  2.0211675  -1.20912795  0.50013993  0.26702137
  -1.44528064  0.43731116 -0.80672113  1.00376261 -0.36896031 -0.37372257
   0.99670682 -1.22772834 -0.36188113 -0.40568941 -2.65136425 -0.13515638
  -1.94114574 -2.96815316 -0.95426702 
  -0.1715169  -1.79994659 -2.41019172  2.0807995   1.39192147  0.89866114
  -0.41774443 -0.49316595  2.11726233  1.27526132  0.19625368  0.52957648
  -0.04880626  0.27308573 -1.052237   -0.60060646 -0.24090135 -1.92758757
  -0.92744621  1.69869647 -0.45449417  0.75418121  0.4546689  -1.57121401
  -0.49259944 -1.58676907 -1.64047018 -0.65601915  1.14933575 -0.50294813
  -0.88413736 -0.65389938 -0.18274775  