NN 16 32 16  -2.61452433 -0.44499457 -0.61209298  0.63854713  0.89384366 -0.41602996
  -0.63334852 -0.86695515  1.60115399 -1.14768917  0.05942683  0.78463415
   0.56949134 -0.10054277  0.05980767 -0.19991439 -0.62932083 
   0.29274301 -0.19376178 -0.45191359 -0.73324316  0.73614272 -0.1418833
  -0.10764802  0.56406564 -1.62470901  0.49009836  1.4415625  -2.58538057
   0.33738512  0.56782204 -1.04258271  0.82638219  0.44476196 
  -0.23207434  0.1366759  -1.95558819  1.14662335  1.71510916 -1.12236337
  -0.51385357 -1.12610907 -0.86118674  0.25760392  0.17802719  0.11544096
   1.50882448 -0.82665086  0.05209255  0.98781103  0.27619451 
   1.29999245 -0.70821245 -0.53296557  0.632821   -0.34665469 -0.76685259
   0.83660849  0.00494921 -1.07494131  0.79094316 -0.95171313  1.32750269
   1.24665921 -1.56565985  0.76434184 -1.18791335 -0.43725966 
  -0.24699546 -1.05370069  1.23564613 -0.86209981 -0.48127686 -0.75232801
  -0.19855321 -1.369489    1.32073936  0.09547823 -0.25112326  1.44691063
   1.30280822  1.43089222  0.26923776 -1.07647684 -0.67214637 
  -0.18826915  0.61483648  0.74111354 -0.79183753  0.0381834   0.92042813
   0.82272093  0.13002994 -0.02850904 -0.30760481 -0.80118359  0.70336883
  -0.60891051 -1.01269052 -0.10987156 -0.12868719 -0.22675878 
   0.29309022  1.16224058  1.09339373 -1.26474252 -0.33686732 -0.05376522
  -1.56551256  0.77859069 -0.49960632  0.31566059  0.54936812  0.54210108
  -0.30293045 -0.23240686 -0.92345398  0.60207489 -0.53287951 
   0.2930498  -1.17027355  0.81368346 -0.53519776  0.68330379  2.68334439
  -1.27227271 -0.22661271  1.64655924  1.84551591  0.85151245 -1.00786396
  -0.62365912 -1.5916537  -1.01155243 -0.08873596 -0.75282996 
   0.16289074  1.70218562 -1.11893501 -0.28859654  0.6689901  -1.00532806
  -0.38603541 -0.25357055 -1.36236682  1.84333424  0.92115095 -0.83572355
   0.16723614 -1.32294989  0.50658442 -0.86134815 -0.23531254 
  -1.27207952  0.16187284 -0.99587171  0.94983292  1.59349808 -0.67215033
   1.12366472 -0.55221783 -0.64021521  1.22646432  0.20848865  1.38836074
  -2.0182699   0.15156695  0.02127549 -1.05450824 -0.03938615 
  -0.62009601  0.79996894 -0.19793765 -2.2668845  -1.84541758 -0.78028267
   0.16498815  2.70223835 -0.52527814  0.89082585 -0.99084869  1.59668686
  -0.59474279 -0.03805735  0.15089807 -0.07890943 -0.67502565 
   1.8048739  -1.03458701  0.63324023  1.61561425  1.05043525  0.00773552
  -1.34617072  0.31719767  0.60432297 -0.51261565 -0.44041787 -0.35411985
  -1.94296365  0.21154414  0.54115549 -0.38714641  0.05054327 
   0.27987479 -1.35755534  0.76880587 -0.30433248  0.4854715  -0.14607566
  -2.66391058  0.24447471 -1.40455235  0.85014058  2.17825294  0.34940095
  -0.19501336  0.89984553 -0.53297274 -0.3001258  -0.83539529 
  -0.02041488 -0.27693487 -0.80152325  0.44597429  1.74084343 -1.48923645
   0.87917962  0.33218355  0.75863842  1.30129152 -1.74603192 -1.55035586
  -0.31805184  0.52080618 -0.19744176 -0.18234321 -0.03150787 
   0.57193186 -1.9614138   0.12829927  2.06448444 -1.79245804  0.87996424
   0.2276816  -0.40931104 -1.44227504  0.06778593 -0.18106519 -0.72719748
   0.46678439  1.7896297  -1.16320813 -0.01671806  0.55365832 
   1.12339683 -0.86628377  0.08679412  0.14912732 -0.0554207   0.44249277
   2.41727827 -2.35555247 -1.41981206 -0.4686828  -0.38564972 -0.72839729
   1.32378379 -1.45479926  0.45283071 -0.1038601   0.32383159 
   1.09459635  0.66766283 -2.2583205  -2.96378732  0.24131273  0.19905565
   0.80766006  1.5143922   0.56765898 -0.33783712 -0.99588488 -0.36735206
  -0.30590322  1.78641301 -0.50531691  0.48147284 -0.05081917 
  -1.07920368  0.1050348   0.0078859   0.07664823  0.75832031 -0.7655897
  -0.40324401  0.10718529  1.26017337 -0.53238116  0.70445948 -0.25895105
   0.53872765 -0.56040658 -0.28169334  0.58980971 -0.4474563  
   0.09489194 -1.37338485  1.24407921 -0.61768925 -1.89433443  0.57627054
   0.32850649  1.20678579  0.52271125  1.59134173 -1.65490937 -0.64033818
   0.25939763 -0.99798309  0.4655762   0.40490274  0.0987748  
  -0.96602076  0.60231459 -0.96499095  1.3350272  -0.54205492  1.73301173
   0.02100517 -0.91893071 -0.34787422 -1.59881258 -0.66071674  0.32339192
   1.28629442  0.57922502 -0.14595741 -1.13261224  0.37519219 
   0.31459463  2.11513682  0.84947995  0.2848287  -0.49814348 -3.27154578
   0.8140135   2.4280676   1.11592615 -1.13406972  0.6641178  -0.7956221
  -0.60044336 -0.27391078  0.40064861  0.05281732 -0.11307073 
  -2.30921542  0.52689614  1.32944937 -0.70543793  1.14027974 -0.76265247
  -0.22351297 -0.51829232  1.53854613 -1.08347659  0.16015149 -1.53525785
   0.39096428  0.59435049 -0.84161548 -0.12673604  0.54725591 
  -0.61799185 -0.62082271  0.84543705 -1.1013312   1.69757525 -1.17643409
   0.02808708  1.70207666 -1.69458648 -0.71516798  0.89255843  0.40580518
   0.6131442  -0.63780535 -0.27814531 -0.30149746 -0.34633443 
  -1.38416034 -0.04919064 -1.13928098  1.7364605  -0.85851798  0.71328975
   0.26862246 -0.82714858  1.50087739  1.56832063  1.22169747 -1.54151119
   0.41583943 -1.00247575  0.31503583 -0.15794306 -0.47260442 
   1.47005398  1.28646156 -1.27577387 -0.29956052 -2.39538583 -0.45545549
   0.7784425   0.26588894  0.89501734 -2.15173974  1.97641758 -0.15857175
  -0.12494025 -0.19957951 -0.50221056 -0.14666116 -0.25735185 
   1.06857038 -0.05386804 -1.31847295 -0.28071161 -1.11510764 -0.49784653
   1.69270713 -2.50902844 -0.03994462 -0.43775765  0.80242526  1.15326287
  -0.10779007  0.9617451   0.80072123  0.24123098 -0.66301233 
  -0.78228571 -0.70866889  1.51811056 -0.28211046  1.10080333  1.1718037
  -1.66568741 -0.63113104  0.20228941 -0.71237004 -2.33256686  0.54248758
   1.26539204 -0.77071162  0.17858842  1.56174868 -0.14899084 
  -0.67917054  2.06444897  1.14562109  0.16922777 -0.47348875  1.76287087
  -0.47217577 -0.32877957 -0.93695945 -0.81730627 -0.5319144  -0.42954267
  -0.79599688  0.5289483  -0.08662819  0.38439301 -0.38073299 
  -0.28281654 -1.33412227 -0.58466742  0.15614828  0.6871107   2.19900736
  -0.56071635  0.63946328  0.51137972 -1.5018595   0.91085049 -0.23044355
  -1.13497027  0.11822998  1.30057228 -1.03236304  0.16308816 
  -0.18640646  1.29526556  0.53413067 -0.48768574  0.3234062  -0.96368277
  -2.01430095 -1.53903417  0.2121978  -0.50205679  0.14264128  0.48262133
   0.52135876  0.34094264 -0.16613812  0.70426663  0.15847628 
  -1.27351316  0.00579702  2.23638686  1.15382461  0.8847277   0.24359662
  -0.96499916 -0.98450427 -0.39677797  0.50658155 -1.32928243 -1.04879486
  -1.0921772   0.88545167  0.73050273  0.56432548  0.24884737 
   1.16953608  0.95497926 -0.82140554 -0.19626626 -0.6288644  -0.10448354
  -0.82637108 -0.22627916  1.19681179  0.99939088 -1.50384865 -1.11036746
  -0.24268629 -1.12130019  1.75493404  0.18993415 -0.4152694       2.50124193e+00  -4.59503586e-01  -2.12616924e-01  -1.71103164e+00
   -2.06518849e-01   3.86036157e-01  -3.24807984e-01  -7.17251184e-01
    4.11163895e-01   1.28818374e+00   4.83815388e-01  -2.36169921e+00
   -1.00104667e+00   2.55230563e-01   2.90724827e-01  -1.35253245e+00
   -5.19752782e-01   4.41977793e-01  -5.19220769e-02   7.93998995e-01
   -4.40574970e-01   2.56781286e+00   4.10792845e-01   1.76194939e+00
   -2.40954722e+00  -9.62960586e-01   5.45238497e-01  -1.50203101e-01
   -3.27056169e-01  -2.03237138e-01   9.28871739e-01  -1.62891315e+00
   -2.53580973e-01 
    4.19737173e-01   1.78932338e-01  -3.99988167e-01   5.06639390e-01
    8.25101255e-01  -2.47953280e-01  -1.27418514e+00   1.04075264e+00
   -2.03907935e+00  -6.01191366e-01  -8.18052871e-01   4.08450700e-01
    1.66091229e+00   3.43162477e-01   1.88133711e+00   5.50679675e-01
   -1.07533178e-01  -6.49182473e-01   1.99082823e+00  -1.48596419e+00
   -1.79172460e+00   2.70184560e-01   6.39381013e-02   3.68436460e-01
   -1.65881149e+00   3.40526018e-03   9.51512367e-01  -2.95280307e+00
    1.21554197e+00  -1.48960877e+00   4.30810474e-02  -1.11464750e+00
    6.15275296e-02 
    8.58086366e-01   2.94616408e-01   2.30671857e+00   3.63999136e-01
   -1.92986251e+00  -5.73750959e-01  -1.15905438e+00  -9.78453118e-01
    1.42130682e+00   1.27387496e+00   9.95829086e-02  -5.14638742e-01
   -1.35764710e+00   4.89707946e-01  -1.62392021e-01  -1.05630911e+00
    2.18713947e+00  -3.64631904e-01  -1.23618093e+00   1.02641132e+00
   -1.26343727e+00  -1.76966464e+00  -7.48215893e-01   1.12633532e+00
    1.13700312e+00   1.28677884e+00  -1.90354916e+00  -8.77835594e-01
    1.41376736e+00  -5.83789633e-01  -2.69770185e+00   6.37594471e-01
   -4.59382526e-01 
   -7.73307858e-01   6.74844478e-01  -1.27453729e+00  -9.04955470e-01
    1.15226018e+00   1.10140203e+00   1.17866244e+00   2.11822992e-01
    1.62344300e-01  -8.42017820e-01   1.96997444e+00  -2.28885564e+00
    6.26007760e-01  -9.02537301e-01  -2.92881714e+00  -7.52548762e-02
    3.30174805e+00  -4.19328426e-01   1.10042777e+00  -1.63699879e+00
   -1.29490181e+00   7.07887209e-01   7.92538517e-01  -2.44692759e+00
    1.64063401e-02   2.90002228e-01   4.85644824e-01  -4.32857958e-03
   -3.91629267e-01   3.40974029e-01  -1.69519632e+00  -2.03053018e-01
   -1.94319272e-01 
   -9.95606127e-01  -9.43889164e-01  -1.68208755e+00   2.33682701e-01
    2.08481922e-01  -5.66333348e-02   4.54760674e-01  -8.73501239e-01
   -4.70708333e-01  -2.34508922e+00   1.31535829e+00  -3.60017092e-01
   -5.18520475e-01  -2.25072764e+00   2.18972852e+00  -6.44550508e-01
    7.52026229e-02  -1.42168939e+00   2.51278405e+00   8.81805875e-02
    1.60937223e+00  -1.09886023e+00  -2.49221679e+00   1.90565910e+00
    1.64577614e+00   1.50599125e+00  -1.46385375e+00  -4.09084940e-01
   -1.26476323e+00  -6.60070088e-01  -7.95189948e-01   7.81262187e-01
   -7.14917340e-02 
    3.74542215e-02  -4.15834749e-03   6.53000561e-01   9.91287987e-01
    7.55767616e-01  -5.33071055e-01  -2.44400633e-01  -3.15829310e+00
    7.74339434e-01   1.43908179e-02   3.35683491e-02  -1.66938220e-01
   -3.29153662e-01   1.75510276e+00  -1.01981211e+00  -1.59673163e+00
   -8.47754723e-01   2.17431007e-01  -4.50826015e-01  -2.52671844e+00
    4.00081345e+00   4.26075546e-01   7.85550345e-01   2.51299388e-02
   -3.07283654e-01   2.97044400e-01  -1.52078950e+00  -1.38670450e+00
   -2.92378766e+00   6.11325415e-01  -4.61791857e-01  -1.04187320e-01
    3.43047866e-02 
    4.58916568e-01  -2.62898720e-01   6.51442429e-01  -1.40145874e+00
   -5.22098910e-01  -8.74748222e-01   1.42681800e+00   8.25517281e-01
   -1.56744974e-01  -2.28439112e+00  -4.42951877e-01   1.58355004e+00
    3.12971381e+00  -1.20172222e+00  -8.48220345e-01  -3.44118753e+00
   -8.33181784e-01   1.28671832e-01  -5.44786518e-01   5.83043941e-01
   -7.93070139e-01   3.38194447e-02  -4.48820724e-01  -4.89523228e-01
   -1.66315794e+00  -1.51593862e+00   1.09076316e+00   5.81367785e-01
   -1.95603457e-01   2.55441209e+00   2.52749335e-01   6.06914301e-01
   -2.13465739e-01 
    6.18424774e-02  -8.24622175e-01   1.74570997e+00  -5.56684070e-01
    1.04940951e+00   4.87422495e-02  -8.94651688e-01   2.82111860e-01
    1.73552488e-01   3.14749269e-01  -3.59960065e+00  -2.93836626e-01
   -5.47416689e-01  -6.71844202e-01  -4.82748368e-01   2.01673707e+00
   -1.73556622e+00  -6.27916681e-01  -2.14772403e+00   8.13634072e-02
   -2.33971691e+00  -6.98231527e-02  -2.44109771e+00   1.69606158e-01
   -2.23757158e-01   2.39194504e+00   6.35395578e-01   6.36248418e-01
   -1.58570790e+00   1.31824624e+00   5.99873877e-01  -4.01775130e-01
   -3.96485521e-01 
   -1.40581737e+00   1.70871405e+00   8.74117749e-01   8.30289503e-01
   -1.72077619e+00  -1.80619167e-01   9.00069422e-01  -1.99890102e+00
    1.43961808e+00   4.51754064e-02   1.34436645e-01  -1.23440546e+00
    9.37093896e-01  -1.32252532e+00   1.77727766e+00   1.44028650e+00
   -1.10003501e+00  -1.56198941e+00  -5.03260903e-01   4.89401730e-01
   -1.38381386e+00  -1.32671690e+00   1.77711433e+00  -1.71736040e+00
   -1.07826494e+00  -7.10034318e-01   4.58679742e-02   7.20470741e-01
   -8.78204765e-01  -2.27419423e-01   9.90913568e-01  -1.44900064e+00
   -5.60140215e-01 
    6.65455299e-01  -5.09841130e-01  -4.47328801e-01  -9.63101404e-01
   -1.75263348e-01  -1.26116978e-02  -7.18827644e-01  -2.17658773e+00
   -1.95205500e+00  -1.74464593e+00  -1.58894687e+00   1.05455123e+00
   -1.71902800e+00  -1.34056581e+00  -3.70825510e-02  -9.65861349e-02
    7.28749631e-01   7.96955115e-02  -1.83942169e+00   1.74136534e+00
    9.85492283e-01   1.09489747e+00   8.42012886e-01  -2.23008506e+00
    2.42564514e+00  -1.17767473e-01   1.05463787e+00  -7.73481070e-02
    1.71871784e+00   1.84895494e-01  -6.39538387e-03  -1.27392580e+00
    5.30662021e-02 
   -6.34176255e-01  -1.74214488e+00   2.18622978e-01   6.72618688e-01
   -5.60472415e-01   6.90132476e-01  -8.34586827e-01  -2.11214667e+00
   -8.92542049e-01  -3.33304662e-02   9.57681156e-01   6.99170858e-01
   -2.46593593e+00   1.81913452e+00  -2.96477829e-01   1.98558788e-01
    9.08132140e-01  -9.86756560e-01   6.38599720e-01   1.35807489e+00
   -4.88626234e-01  -8.27012475e-01  -1.01205107e+00  -2.08124242e+00
   -1.73384461e+00  -1.49488868e+00   2.54640542e+00   6.55380461e-01
   -8.36555609e-01  -5.57040946e-01   1.11575895e+00   1.92068868e+00
   -1.10565218e-01 
   -1.40263573e+00   3.12422745e+00  -7.71631867e-01  -2.23394590e+00
   -1.72124925e+00  -6.61248714e-01  -8.41374887e-01   4.52713187e-01
    9.65848232e-01  -1.78390389e+00  -2.14466765e+00  -7.02152807e-02
   -8.91986696e-01   1.41468517e+00   3.58786790e-01   1.20538285e+00
   -6.48450969e-01  -3.82403801e-01  -8.82961528e-02  -5.31088892e-01
    8.19730257e-01   1.79411380e+00  -3.19673089e-01   6.64058056e-01
    9.44679353e-01  -1.86270587e+00  -1.04350141e+00   1.47049057e-01
    4.98961201e-01  -6.00186306e-01   8.05343045e-01   9.14740855e-01
   -2.90661967e-01 
   -4.75285953e-01  -5.21366292e-01  -2.22303442e+00  -1.65748045e+00
   -1.72204418e+00   6.36117374e-01   2.85075297e-01  -1.98590972e-01
   -2.58088820e-01   2.21560184e+00  -3.49412758e-02   1.73388438e+00
   -1.07292125e+00   1.03514618e-02  -1.57532831e-01  -1.18134733e+00
   -6.76963829e-02  -8.93626434e-01  -1.47557958e-01  -9.81413992e-01
    6.02946706e-01  -4.13156154e-01  -6.86551501e-01  -5.81915436e-01
    6.88003331e-02  -4.07993981e-01  -1.32489898e+00   3.54697943e-01
    1.17010469e+00  -1.01207477e+00   1.44520626e+00  -3.79292065e-01
   -1.48383797e-01 
   -3.40223224e-01  -6.33583711e-01   5.54657213e-01   1.45051105e+00
   -1.84476071e+00   9.11871633e-01  -2.25804030e-01   5.36669748e-01
    7.64556345e-01  -5.57524135e-01  -8.45520535e-01   1.93414243e-02
   -1.48804491e+00  -4.18736759e-01  -2.04912875e+00   1.48973054e+00
   -2.20487618e+00   1.24572825e-01   6.81624507e-01  -5.92276120e-01
    5.04073907e-01  -6.36238177e-01   1.02911510e+00   1.33335182e-01
    3.42271216e-01  -1.75315320e+00   7.68196267e-01  -1.06975824e+00
    2.63943057e-01  -7.59593652e-01  -6.66842417e-01   5.35450264e-01
   -3.12178408e-01 
   -7.69341781e-01   1.28988449e+00  -1.90381497e-02  -8.58862886e-01
   -9.30703468e-01  -2.44368320e-01   6.63826956e-01   8.26929816e-01
   -4.74709668e-01  -1.59529013e-01  -4.98499006e-01  -5.40280313e-01
    2.45188957e-01   3.15563682e-01   1.02043800e+00  -9.25221261e-01
    5.23521098e-01   6.11314389e-02  -6.31892593e-01   2.55455396e-01
   -2.50327477e-01   5.07259650e-01  -1.25892420e-01  -2.25082046e-01
    8.76988149e-01  -1.12006488e+00  -5.46713108e-01  -2.94742757e-01
   -9.82182916e-01  -1.13660026e-01  -1.41782612e+00  -1.74302074e+00
   -7.39569870e-01 
   -4.12059720e-01  -1.03323009e+00  -1.50907608e+00   8.13202283e-01
    8.95768955e-01   6.44968100e-01  -3.32336781e-01  -2.95158389e-01
    7.38066295e-01   7.95789873e-01  -1.27443943e-01   1.12986907e-01
   -4.08793032e-01   9.62037451e-02  -5.98875158e-01   1.96305809e-01
   -1.39710067e-01  -1.08993927e+00  -4.38584492e-01   9.92064644e-01
   -7.37166489e-01   2.70607480e-01  -1.87203155e-04  -1.11264990e+00
   -4.32559898e-01  -1.09305904e+00  -9.74154307e-01  -2.58035440e-01
    6.85461131e-01  -3.79120789e-01  -5.89918295e-01  -3.08500747e-01
   -8.68105127e-02  