NN 16 32 16   -2.64259302e+00  -4.26451859e-01  -6.47470352e-01   7.84095021e-01
    1.04538705e+00  -4.83656692e-01  -7.70788509e-01  -9.06695152e-01
    1.66908304e+00  -1.21753347e+00  -2.30423641e-03   7.96446915e-01
    5.75421428e-01  -1.76277992e-01   7.57838959e-02  -2.36692553e-01
   -6.57396370e-01 
    3.43805622e-01  -1.16960535e-01  -3.86468124e-01  -7.41311681e-01
    7.38335295e-01  -2.08634454e-01  -3.70970918e-02   5.52091083e-01
   -1.69330326e+00   5.14050790e-01   1.48160561e+00  -2.69629163e+00
    3.10385757e-01   6.18244014e-01  -1.13297597e+00   8.68701982e-01
    4.47647646e-01 
   -1.71249723e-01   1.48093711e-01  -1.92696384e+00   1.06893713e+00
    1.74566348e+00  -1.22946750e+00  -5.64880064e-01  -1.13731815e+00
   -9.49153634e-01   2.22855158e-01   1.97291083e-01   6.33684915e-02
    1.48896767e+00  -8.70735393e-01   1.77336400e-02   1.04455220e+00
    2.27834741e-01 
    1.22741807e+00  -6.74948580e-01  -5.97632525e-01   6.18558341e-01
   -3.51294533e-01  -8.45334819e-01   1.01651940e+00  -4.63641553e-02
   -1.17138794e+00   8.01643333e-01  -9.27053450e-01   1.31877530e+00
    1.30405965e+00  -1.54208327e+00   7.84910820e-01  -1.22388637e+00
   -4.19990454e-01 
   -3.39278846e-01  -1.15611267e+00   1.16730127e+00  -9.40302393e-01
   -5.45100916e-01  -7.38253891e-01  -1.05513091e-01  -1.36429911e+00
    1.31146046e+00   2.17600799e-02  -3.40823052e-01   1.44967176e+00
    1.28268581e+00   1.46028918e+00   1.98409327e-01  -1.20731247e+00
   -7.38145626e-01 
   -2.02993829e-01   6.97211348e-01   7.54360304e-01  -8.15554860e-01
    1.37547558e-01   9.14522165e-01   9.35106515e-01   1.19157641e-01
   -3.06314672e-02  -3.07784173e-01  -8.66160106e-01   7.00014760e-01
   -6.22998774e-01  -1.04425433e+00  -1.51080233e-01  -1.53183211e-01
   -2.08422751e-01 
    4.26599840e-01   1.15182565e+00   1.13162608e+00  -1.28986259e+00
   -2.76394452e-01  -6.29489512e-02  -1.42895402e+00   8.62666772e-01
   -4.39246736e-01   4.13191039e-01   6.16550534e-01   5.77038143e-01
   -3.07149411e-01  -2.16436078e-01  -9.27539349e-01   6.47497483e-01
   -5.05318457e-01 
    3.82614006e-01  -1.14971057e+00   7.25247301e-01  -4.33269435e-01
    7.54651221e-01   2.71372000e+00  -1.44309513e+00  -1.06698782e-01
    1.66750592e+00   1.97047679e+00   9.26360388e-01  -9.72273811e-01
   -6.01977486e-01  -1.68192781e+00  -1.00480631e+00  -5.20740579e-02
   -7.34220229e-01 
    2.06646348e-01   1.98258456e+00  -1.00732112e+00  -3.18105288e-01
    7.06342335e-01  -9.91589743e-01  -3.38628074e-01  -1.95806881e-01
   -1.37150993e+00   1.88848346e+00   1.01923197e+00  -7.74397521e-01
    2.75716720e-01  -1.28154861e+00   6.70691642e-01  -8.71501613e-01
   -1.47969777e-01 
   -1.35941184e+00   2.54477384e-01  -8.18494357e-01   9.41283183e-01
    1.63367550e+00  -7.94891825e-01   1.21135641e+00  -5.49678727e-01
   -7.17980410e-01   1.25441021e+00   2.51643805e-01   1.43891567e+00
   -2.01014675e+00   2.02383352e-01  -3.47275998e-02  -1.03943817e+00
    4.43185477e-03 
   -5.76973953e-01   7.87260519e-01  -1.54955059e-01  -2.29733462e+00
   -1.85420125e+00  -8.93749677e-01   3.07284373e-01   2.85462847e+00
   -5.42376958e-01   8.64406997e-01  -1.04767412e+00   1.68131321e+00
   -6.20249380e-01  -4.82958741e-02   1.08555776e-01  -2.66902586e-02
   -6.58548118e-01 
    1.88730430e+00  -1.14105627e+00   7.00200727e-01   1.46675106e+00
    1.06316125e+00  -3.35445278e-02  -1.26364415e+00   2.96610180e-01
    5.46916704e-01  -5.56641294e-01  -3.63008965e-01  -4.47332775e-01
   -2.06134911e+00   1.88939976e-01   5.58278148e-01  -3.93743732e-01
    1.42031640e-02 
    2.95633737e-01  -1.45119956e+00   7.92261938e-01  -3.29880324e-01
    2.97869007e-01  -2.09133450e-01  -2.61567649e+00   2.96720480e-01
   -1.54783827e+00   8.45205170e-01   2.27400953e+00   2.62218903e-01
   -3.42330731e-01   8.46729561e-01  -5.43825651e-01  -4.03671238e-01
   -9.41336112e-01 
   -1.56994660e-01  -2.18722088e-01  -7.64722724e-01   3.83081460e-01
    1.70392961e+00  -1.59241771e+00   8.49604970e-01   3.55810449e-01
    8.12087521e-01   1.30514632e+00  -1.78982876e+00  -1.57538722e+00
   -4.01585722e-01   5.10927779e-01  -2.42732271e-01  -1.77201425e-01
   -6.40069827e-02 
    6.38668457e-01  -1.89152352e+00   2.09825114e-01   2.12622404e+00
   -1.82246635e+00   9.36155927e-01   1.33614248e-01  -4.63454993e-01
   -1.47463441e+00   6.13939966e-02  -7.52010018e-02  -6.84261919e-01
    6.06411504e-01   1.93926143e+00  -1.23280144e+00   3.72322477e-02
    6.27080062e-01 
    1.12877505e+00  -9.43341089e-01   5.05896813e-02   1.24340709e-01
   -1.36436100e-01   5.43756700e-01   2.44871005e+00  -2.39213462e+00
   -1.43374509e+00  -4.69739976e-01  -3.30798681e-01  -7.40777623e-01
    1.34346305e+00  -1.42282505e+00   4.52149119e-01  -1.12404239e-01
    3.27874785e-01 
    1.18488572e+00   6.63305067e-01  -2.32636647e+00  -2.99786128e+00
    2.41064685e-01   2.07783751e-01   8.82831500e-01   1.57065164e+00
    5.85224421e-01  -2.99046444e-01  -1.06285774e+00  -5.39817223e-01
   -2.94177737e-01   1.83216881e+00  -4.99458711e-01   5.92262182e-01
    4.14254886e-03 
   -1.07068868e+00   1.32649583e-01   4.70581812e-02   1.59933906e-01
    7.89307916e-01  -8.08997765e-01  -3.06185155e-01   1.35849704e-01
    1.22376459e+00  -6.09626795e-01   6.28252737e-01  -2.61143216e-01
    4.75386443e-01  -6.76643737e-01  -3.48656533e-01   6.20447547e-01
   -4.96741748e-01 
   -4.97861117e-03  -1.47589693e+00   1.14002821e+00  -5.83448610e-01
   -2.02883409e+00   5.41779712e-01   2.37288811e-01   1.24793170e+00
    5.44082078e-01   1.59159338e+00  -1.65330206e+00  -6.36800528e-01
    2.90623513e-01  -1.04336774e+00   4.49365723e-01   4.31203735e-01
    7.72867988e-02 
   -1.01406353e+00   6.44820290e-01  -9.53201401e-01   1.43134215e+00
   -5.38433640e-01   1.86620283e+00  -3.16437805e-02  -8.20681726e-01
   -3.93965046e-01  -1.60486428e+00  -6.04049175e-01   2.70121734e-01
    1.32567510e+00   5.58092406e-01  -1.55608816e-01  -1.18832128e+00
    3.84085381e-01 
    2.09996051e-01   2.06668606e+00   9.36515585e-01   1.51983105e-01
   -4.77443285e-01  -3.29240172e+00   9.82131302e-01   2.52378185e+00
    1.33945830e+00  -1.26724538e+00   5.46794167e-01  -8.00012686e-01
   -6.34028426e-01  -2.91631967e-01   4.10668243e-01   9.89947198e-02
   -1.07493562e-01 
   -2.29270125e+00   4.33329095e-01   1.29297752e+00  -5.57727433e-01
    1.11781239e+00  -8.72484501e-01  -2.28676556e-01  -5.25288272e-01
    1.57779307e+00  -1.17305534e+00   8.92348127e-02  -1.57058720e+00
    3.52339226e-01   5.34580613e-01  -9.47301822e-01  -2.38705398e-01
    4.75366921e-01 
   -5.20659520e-01  -6.95623569e-01   8.18563401e-01  -1.06819539e+00
    1.70541797e+00  -1.26064663e+00   2.26825162e-01   1.73104958e+00
   -1.78378286e+00  -7.82751103e-01   9.02604835e-01   3.80377591e-01
    5.40356226e-01  -6.65207533e-01  -3.25226952e-01  -3.81203982e-01
   -3.80489042e-01 
   -1.54507178e+00   3.52817139e-02  -1.24043757e+00   1.79488734e+00
   -1.07572811e+00   7.47030847e-01   7.87023023e-02  -7.63457328e-01
    1.41372047e+00   1.55042395e+00   1.18487284e+00  -1.52320710e+00
    5.65693735e-01  -1.11658381e+00   3.00837682e-01  -1.78266999e-01
   -5.21256163e-01 
    1.34012436e+00   1.16193914e+00  -1.38408843e+00  -3.31850156e-01
   -2.50775356e+00  -3.37891667e-01   7.48210088e-01   1.88772534e-01
    9.30293579e-01  -2.25665913e+00   1.89652675e+00  -2.30509046e-01
   -1.07242929e-01  -1.94917927e-01  -5.74981448e-01  -1.03002916e-01
   -2.49015899e-01 
    9.89552936e-01  -9.31471461e-02  -1.26390621e+00  -4.20327644e-01
   -1.04530908e+00  -4.63428615e-01   1.71054546e+00  -2.56337296e+00
   -3.70331339e-02  -4.55455177e-01   7.64352086e-01   1.21885633e+00
   -3.41594607e-02   1.04423580e+00   8.63524764e-01   3.22688730e-01
   -6.20840605e-01 
   -6.25841165e-01  -8.36878278e-01   1.61151475e+00  -1.71022716e-01
    1.17905149e+00   1.15466469e+00  -1.88834647e+00  -4.73846348e-01
    2.76246551e-01  -6.73003772e-01  -2.26894357e+00   6.03650003e-01
    1.31375457e+00  -7.68057049e-01   2.43483224e-01   1.72023301e+00
   -1.20713858e-01 
   -5.54515549e-01   2.07888475e+00   1.19120820e+00   1.44427806e-01
   -5.93458926e-01   1.87883598e+00  -4.28035342e-01  -2.67334352e-01
   -9.50437303e-01  -9.12179811e-01  -5.38132774e-01  -3.73399206e-01
   -8.18966294e-01   5.83190604e-01  -6.40395757e-02   4.14363325e-01
   -3.69613412e-01 
   -2.69387152e-01  -1.38465497e+00  -6.40375969e-01   3.28875589e-01
    7.69320901e-01   2.13132459e+00  -6.68544072e-01   7.25285406e-01
    4.27134544e-01  -1.45286795e+00   1.03089448e+00  -2.04417295e-01
   -1.11638262e+00   1.03512622e-01   1.49638907e+00  -1.02374649e+00
    2.40093809e-01 
   -6.99961963e-02   1.35904050e+00   5.54325503e-01  -5.14015594e-01
    3.76630613e-01  -9.22387484e-01  -2.01477439e+00  -1.46282915e+00
    2.46547912e-01  -4.12811383e-01   1.33784596e-01   5.82380965e-01
    5.56829134e-01   3.74043544e-01  -8.46775336e-02   7.50886342e-01
    1.80259952e-01 
   -1.12510837e+00  -4.15331845e-02   2.36279718e+00   1.14403278e+00
    8.69587419e-01   3.02708956e-01  -1.05567721e+00  -9.23374561e-01
   -2.68527484e-01   5.34092996e-01  -1.21016877e+00  -1.04781505e+00
   -1.12490581e+00   9.64752003e-01   8.65340652e-01   6.35777303e-01
    2.79550210e-01 
    1.16466905e+00   9.13557179e-01  -7.57997355e-01  -3.00904182e-01
   -5.88304229e-01  -4.74815255e-02  -8.01240272e-01  -2.77796104e-01
    1.26410222e+00   1.06504570e+00  -1.52392453e+00  -1.13013200e+00
   -2.06690622e-01  -1.13871055e+00   1.89774953e+00   3.21485586e-01
   -3.73613579e-01     2.61089757 -0.61370079 -0.15072718 -1.70058716 -0.31900343  0.39144986
  -0.31127561 -0.80949304  0.44849212  1.19593474  0.52557638 -2.31661218
  -1.01573146  0.21332338  0.29286715 -1.45454211 -0.55718555  0.41836026
  -0.05623854  0.85838419 -0.36024787  2.46494425  0.42218798  1.80832435
  -2.35616735 -1.04662861  0.57644937 -0.15238508 -0.32917618 -0.2516651
   0.80490269 -1.61354208 -0.28424936 
   0.52307203  0.20057855 -0.41509525  0.43624997  0.88827675 -0.29599323
  -1.24035733  0.99710767 -2.05995189 -0.63515652 -0.80730787  0.34000663
   1.73127501  0.25200204  1.9236766   0.51475819 -0.18262643 -0.61731167
   1.94607621 -1.59543063 -1.76268301  0.27595833  0.06605987  0.37825365
  -1.59084931  0.02510642  0.90632856 -3.07363113  1.21804027 -1.39871687
   0.00782106 -1.07505445  0.06288804 
   0.94822311  0.34442826  2.42043478  0.43646867 -1.9432239  -0.64136745
  -1.08427449 -1.00468374  1.57439333  1.33133044  0.21150161 -0.46239504
  -1.41783307  0.48308667 -0.12956424 -1.15547686  2.2171332  -0.29013449
  -1.20025911  1.07793422 -1.26895257 -1.70891712 -0.77096349  1.19353887
   1.14489938  1.25744034 -1.82836211 -0.80469852  1.44830709 -0.51714653
  -2.59386819  0.70910172 -0.40046489 
  -0.85240107  0.70722232 -1.24283428 -0.82816719  1.28763515  1.16827729
   1.17628607  0.18355375  0.16447468 -0.84001894  2.08200263 -2.24167155
   0.65617857 -0.86495591 -2.9151282  -0.01455476  3.48447655 -0.4054004
   1.15965101 -1.65783831 -1.22246787  0.67264534  0.83085457 -2.50287156
   0.07853686  0.39788488  0.45413882 -0.04685563 -0.38139787  0.31709387
  -1.72747321 -0.14860607 -0.10120525 
  -0.97588651 -0.95221552 -1.65693194  0.15286381  0.26562517 -0.13060443
   0.46477435 -0.78946059 -0.4359108  -2.39875802  1.3216237  -0.37836718
  -0.38713358 -2.26917364  2.33335994 -0.75491653  0.09771955 -1.3630552
   2.61900239  0.23943291  1.4688788  -1.11077672 -2.5894905   2.04344478
   1.65167814  1.51503288 -1.32995449 -0.37806444 -1.09962583 -0.61098549
  -0.79552318  0.91182115 -0.0053261  
   0.05192239 -0.11549008  0.54974524  0.9454239   0.87188155 -0.49129061
  -0.25813318 -3.2631658   0.73670757  0.01429747  0.12346274 -0.298273
  -0.51596039  1.74329368 -1.00390034 -1.58439171 -0.77001191  0.27092374
  -0.37008627 -2.53022717  4.12463809  0.50503011  0.6907994  -0.01262758
  -0.17405783  0.40836373 -1.55231518 -1.39377669 -2.98679638  0.61375075
  -0.44916829 -0.07745326  0.06450775 
   0.37531252 -0.29244582  0.58834629 -1.33250208 -0.56237057 -0.9795086
   1.39256527  0.91048857 -0.0949339  -2.3153802  -0.53165864  1.71191858
   3.2048635  -1.27276809 -0.91347434 -3.47606343 -0.97147599  0.11601493
  -0.55706269  0.42586627 -0.85215746 -0.1810446  -0.52386462 -0.52308395
  -1.69938393 -1.49649964  1.00784423  0.48359944 -0.15334907  2.5363196
   0.2311924   0.68668593 -0.27133205 
   0.1063865  -0.8661804   1.8243229  -0.5656647   1.25195225  0.04334854
  -0.78533739  0.40048857  0.1835706   0.28104347 -3.62956153 -0.26972463
  -0.40391076 -0.77308154 -0.44386086  1.96248297 -1.69052146 -0.60431196
  -2.17085931  0.07873897 -2.38306177 -0.02747211 -2.39541664  0.20541811
  -0.16584039  2.47913005  0.77810374  0.68511839 -1.5297189   1.38938169
   0.64449771 -0.34897464 -0.3337124  
  -1.43274824  1.86035644  0.84294162  0.84862463 -1.69101344 -0.16616274
   1.01826656 -1.9875182   1.54363963  0.03445533  0.24028319 -1.25436896
   0.97419661 -1.36539705  1.88957815  1.45448903 -0.99338774 -1.58734381
  -0.47583964  0.4543452  -1.2426367  -1.30573576  1.85724195 -1.68999345
  -1.04170822 -0.61916889 -0.05601253  0.81183458 -0.8996825  -0.18500672
   1.06063681 -1.46242128 -0.47778924 
   0.67772696 -0.54645546 -0.45259607 -0.98760026 -0.21529103 -0.01811467
  -0.8056183  -2.12484658 -2.05586505 -1.8155557  -1.702358    1.20251503
  -1.71097402 -1.34516683  0.02731856 -0.06029059  0.66845015  0.07119237
  -1.83713632  1.82195951  0.91561707  1.09855126  0.79425804 -2.27413327
   2.34852847 -0.20551806  1.19074567 -0.08195605  1.85856882  0.13959804
   0.05367597 -1.28617191  0.02778568 
  -0.63964562 -1.82868464  0.12435046  0.60742198 -0.56162297  0.6588389
  -0.86123016 -2.11695785 -1.01474005 -0.15471616  0.88218601  0.7084334
  -2.49247172  1.76273656 -0.34151469  0.17109209  0.81979888 -1.03230739
   0.63470066  1.28434608 -0.55512833 -0.8504904  -1.08277576 -2.2011456
  -1.76246099 -1.52856817  2.57304237  0.60542647 -0.90937094 -0.56124622
   1.06922314  1.93293846 -0.2291527  
  -1.40471073  3.16624067 -0.83031311 -2.28157797 -1.69130275 -0.70910277
  -0.87308332  0.47673643  0.93150211 -1.84429351 -2.20446389 -0.03868333
  -0.8913731   1.40119411  0.36475825  1.2171043  -0.68607063 -0.38215871
  -0.0463867  -0.54984801  0.79379072  1.80208798 -0.39289826  0.72274105
   0.95543199 -1.86251156 -1.03133781  0.13237749  0.54539819 -0.5952187
   0.86185234  0.96220735 -0.31221533 
  -0.49468245 -0.56449533 -2.30432015 -1.69404442 -1.74033071  0.66731067
   0.28614799 -0.23583822 -0.29566487  2.25531677 -0.05560181  1.76450825
  -1.08187788 -0.00481901 -0.21456525 -1.18687896 -0.07300565 -0.93509718
  -0.18822215 -1.03623692  0.58364092 -0.41248818 -0.70944825 -0.67070981
   0.08743019 -0.39280679 -1.37316319  0.36615494  1.17939511 -1.01428983
   1.45718453 -0.40518151 -0.1867886  
  -0.31996182 -0.63561692  0.59057852  1.48854483 -1.87539892  0.92858402
  -0.21731628  0.58627956  0.8057752  -0.55142122 -0.8695402   0.02489786
  -1.48097126 -0.44437248 -2.08334379  1.52920438 -2.27007063  0.15154811
   0.71032293 -0.60008052  0.5204494  -0.63141937  1.06339146  0.17905768
   0.34171044 -1.77165758  0.80003626 -1.08153729  0.25449241 -0.76041459
  -0.66162083  0.55911987 -0.30935197 
  -0.68014971  1.37761558  0.04562916 -0.93834232 -0.97140023 -0.19919348
   0.74725633  0.92458928 -0.41668685 -0.06837985 -0.566429   -0.61921566
   0.22058927  0.34073075  1.07316367 -0.94443742  0.48070653  0.12769853
  -0.75104873  0.33635557 -0.3055986   0.66865268 -0.08975178 -0.20517669
   0.84256531 -1.17891484 -0.5093225  -0.17301257 -1.13459817 -0.02860811
  -1.34183271 -1.87825519 -0.72294583 
  -0.28519289 -1.04347181 -1.37542575  0.92799048  0.97524683  0.68773103
  -0.38401842 -0.31271186  0.99553164  1.01634497 -0.09635022  0.04453285
  -0.44589177  0.22272085 -0.66170053  0.19905239 -0.02404544 -1.04397741
  -0.55334006  1.16477256 -0.74934866  0.3674164   0.05899619 -0.98525118
  -0.48941334 -1.03530726 -1.08151431 -0.22754789  0.77936753 -0.3571143
  -0.59342547 -0.31928982 -0.00603832  