NN 16 32 16  -3.88405552 -1.24513605  0.02016917  0.66811621  2.79910679 -1.02117333
  -2.14426399 -2.15092251  3.53903902 -1.27730056 -0.26805343  0.28846403
   0.91107725 -0.18695724  0.32014858 -0.57103083 -0.86186363 
   0.66339788 -0.69328359 -0.34248483 -0.11607103  0.93503717 -0.35274762
   0.33123811  0.36314446 -2.87280155  0.66055703  2.22740994 -4.15850722
   0.7548172   0.63014548 -2.34667183  1.2602823   0.5336417  
  -1.06512196  0.17157198 -2.61755767  0.89970702  2.88858916 -1.87952131
  -0.72708723 -0.8362402  -1.00266596  0.76651004 -0.48601759  0.23440033
   1.4361729  -0.64316492 -0.24949663  2.14199026  0.19796697 
   1.68488343 -0.9427333  -1.41283856  1.04063866  0.15508142 -1.14191411
   0.8490612  -0.49023912 -1.65320884  0.85928021 -1.56986189  1.67752777
   1.77187258 -1.65040453  1.22928082 -2.02712875 -0.1988393  
  -0.2036549  -1.74333685  1.49284972 -1.32456844 -0.10109756 -0.75229359
  -0.10909545 -2.09310659  1.23510291 -0.5216135   0.13493695  2.20619695
   1.61360096  2.29402416 -0.17858558 -1.46883073 -0.6711357  
  -0.35975562  1.16104568  2.02417101 -1.30525856  0.66888208  1.26177383
   2.05258239 -0.41355617  0.07094134 -0.26074096 -2.14511285  0.54789208
  -0.86925903 -1.47474872 -0.49537122 -0.03325264  0.09882679 
   0.88361711  1.56714725  1.71460135 -2.09667775 -0.13796162  0.36512453
  -1.94550787  1.5872042  -0.53605456  0.55965337  0.92157767  0.21710059
  -0.15065646 -0.43939797 -1.45668426  0.82533434 -0.72966887 
   0.78876189 -1.29962674  1.34867289 -0.57040009  0.73702481  4.29303489
  -2.18735843 -0.24901647  2.49697967  2.35976664  0.23976386 -0.30022199
  -0.63442423 -2.80080788 -1.45167933 -0.15269883 -0.70139922 
   0.03332761  2.70705469 -0.7627391  -1.15768208  0.64427197 -1.26808841
  -1.31185421 -0.15356533 -1.71318745  2.43834161  1.38481748 -1.3210775
   0.92693684 -1.92036609  1.44139003 -1.75989621 -0.17388643 
  -1.2256148  -0.24567734 -0.66196203  1.16677882  1.80238222 -0.88136106
   1.25692443 -0.84053342 -1.16093492  0.84423296  0.7969477   2.10741112
  -2.92281739  0.39309772 -0.82470646 -1.39676793  0.32973555 
  -0.7997195   0.59707481  0.01394163 -2.853927   -2.53681471 -1.3430713
   0.17244362  4.28396328 -1.31003678  0.44602607 -0.3041579   3.15702755
  -1.12513625 -0.41890383 -0.14396535  0.03142421 -0.63277572 
   3.10185028 -0.89637384  0.25301261  2.02775716  1.6415836  -0.68261636
  -1.22861099  0.67335292  0.24017304 -1.25385022  0.62221305 -0.56301975
  -3.07285538  0.49294157  1.10173916 -1.03788771 -0.26510028 
  -0.21520855 -2.53250877  1.59221216  0.05218129 -0.23048617  0.46719497
  -3.41269984 -0.32216594 -1.96817772  1.05237954  3.10075487  0.16020805
  -0.50174718  1.29439354 -0.56986727 -0.75467715 -1.32518575 
  -0.62556659  0.45292788 -0.61842614  0.19423133  2.31002291 -2.00616859
   1.04855914  1.05108044  1.13209769  1.59879944 -2.35034526 -1.84309922
  -1.12937099  0.28508359 -0.41750771 -0.07733381 -0.15289149 
   1.77562244 -1.88148554  0.78708934  3.10822431 -2.17716037  0.69497939
   0.48141256 -0.8576192  -1.58760158 -0.16682537 -0.55851351 -0.24169954
   0.78694801  2.3949078  -2.21876356 -0.16819828  0.6134379  
   1.73613441 -1.09099876 -0.26481989  0.13536917 -0.20084836 -0.37134778
   3.14335054 -2.99057081 -1.06980835 -1.03889632 -0.52184545 -0.88553245
   1.22992081 -1.94979263  1.00452874  0.64721928  0.57913289 
   1.50121083  0.66938173 -3.09131976 -4.47659901  1.06134197  0.13756105
   0.70040215  1.60461831  0.81175136  0.36113169 -0.78590991 -1.3063064
  -0.2973964   1.58354496 -0.55068823  1.23341716  0.29588525 
  -1.59223027  0.59293169 -0.31507846  0.28855688  0.691032   -1.8222752
   0.30078421  0.30176644  1.46278496 -0.97739993  1.33849837  0.27717089
   0.87441719 -1.16081027 -0.75809489  1.22361266 -0.72445435 
  -0.12652538 -2.50669838  2.36611259 -0.02475973 -2.49735511  0.30299903
  -0.13370173  1.63785527  0.2756634   1.65622607 -1.57694466 -0.486676
   0.57563508 -1.03585118  0.67977087  0.71431466  0.17915751 
  -1.39598229  0.44626254 -0.84574231  2.22810882 -0.68345143  1.86385852
   1.16513265 -1.68528374 -0.1162911  -1.85771037 -0.58533103  0.6174336
   1.69386637 -0.18599739 -0.36767138 -2.46718167  0.26955471 
  -0.26578162  2.78615922  1.24031466 -0.54290969 -0.15379201 -4.7316284
   1.27471836  3.59375413  1.51552235 -2.54576287  0.72623462 -0.2108054
  -0.36576905 -0.81676821  0.83466708 -0.32179454 -0.25478012 
  -2.71485571  0.79731489  2.07163523 -0.05730468  1.58523895 -0.98887779
  -1.59787045 -0.18062543  2.34070465 -1.1861016   0.31425477 -1.750796
   0.4310563   0.44096345 -1.1969332  -0.50031366  0.61688426 
  -0.34317262 -0.80884837  0.5648672  -0.75349597  2.40034734 -0.9727645
   0.12815313  2.59787147 -2.70663333 -0.82941766  1.32762764  0.89128831
   0.31530918 -0.86741872 -0.54558036 -1.26368974 -0.4174627  
  -2.0940174   0.2934353  -1.36621264  2.11412679 -0.95038665  1.09508177
   0.8648294  -0.67658549  1.00323905  1.46016664  1.84957001 -1.65292729
   0.86162531 -1.34202253  0.66659088 -0.28704208 -0.60066702 
   2.14250765  1.75929796 -2.10878914 -1.22202112 -3.74229343 -1.74592698
   1.00591526  0.53468833  1.45715856 -2.39988041  1.86022772 -0.16156699
   0.78689717 -0.36622332 -0.75352747  0.17356939 -0.12101016 
   1.96032016  0.34185756 -2.04414949  0.03681541 -1.11724266 -0.66497448
   2.83652653 -3.19860153 -0.13273793 -0.29446637  0.17680984  0.78761304
  -0.18663162  1.35942149  0.70362615  1.32599709 -0.51409902 
  -0.7732734  -0.33278834  1.96931655 -0.25851997  1.72798158  2.15003178
  -3.52313768  0.31938708  0.24892599 -0.96174778 -3.36991992  0.16811835
   1.97308059 -1.55825236 -0.20009656  3.22826078 -0.3376256  
  -0.6073538   2.95705449  1.24422066  0.14525063 -1.44942584  1.84688988
  -0.67094492  0.15770081 -0.86875171 -2.39938782 -0.14125747  0.08662722
  -0.90861455  0.63677255 -0.07332508  0.82103496 -0.5703895  
  -0.16331536 -0.94274974 -1.1730307   0.02750328 -0.24512868  2.659707
  -0.56528962  0.86671486  0.21281534 -2.93908925  1.20462452 -0.25383352
  -1.48910328  0.03244886  3.30576454 -1.58598662  0.70339304 
  -0.25136227  2.61676044  0.14220754 -1.01493982  0.9882274  -1.73504115
  -2.54856649 -1.22808184 -0.61195618 -0.99181656 -0.16295725  0.9877038
   0.74491789  0.54289968  0.20711241  1.00746307 -0.12193432 
  -0.82543588  0.07986724  3.01027755  1.64986634  0.86559684  0.51388708
  -2.24174793 -1.34762417 -0.84049483  0.6960498  -2.18583944 -1.46862786
  -1.91182953  1.74286099  1.76933492  1.16604484  0.20823986 
   1.5352688   0.8983248  -1.06976625 -0.33268769 -0.97288289 -0.27648035
  -0.51256502 -0.5921895   1.76034305  1.71371147 -2.49055698 -2.19902936
  -0.57503507 -1.87012435  2.41670845  0.78633425 -0.62970652      3.69327203e+00  -1.13630530e+00   3.44223302e-01  -2.01462830e+00
   -1.21754805e+00   1.41995760e+00  -7.66482662e-01  -1.16254434e+00
    4.98540723e-01   7.17846451e-01  -4.85138824e-02  -3.17952613e+00
   -8.28285334e-01   6.71636677e-01   9.44725794e-01  -1.61747145e+00
   -1.61877866e-01  -1.64846371e-03   4.06045586e-02  -5.08331401e-02
   -2.02901808e-01   1.77101022e+00   7.20119018e-01   2.09842537e+00
   -1.61640106e+00  -1.01107551e+00   3.72120352e-01  -1.21018312e-01
    6.25520693e-02  -2.71610238e-01   1.70781907e-01  -1.25250386e+00
   -1.28143032e-01 
    4.91731193e-01   4.50937348e-01  -2.78462913e-01  -3.02282684e-01
    1.12051041e+00  -3.22104352e-01  -1.31092542e+00   8.49235053e-01
   -1.99643495e+00  -3.48215745e-01  -8.66051030e-01   5.61930254e-02
    1.12452694e+00  -2.29117507e-01   1.45894651e+00   4.00629109e-02
   -1.02580322e-01  -1.22867738e+00   2.11385140e+00  -2.10636384e+00
   -1.41189991e+00   2.21837186e-01   3.57706790e-01  -2.11053249e-02
   -1.28379212e+00   7.83729986e-01   6.56346537e-01  -4.45353696e+00
    1.35571881e+00  -1.63256188e+00   1.94257291e-01  -1.17468318e+00
    2.76041590e-01 
    6.44723046e-01  -2.32611317e-02   2.75761198e+00   1.18247386e+00
   -1.86927720e+00  -2.02217137e+00  -1.26716516e+00  -9.44663221e-01
    1.32229740e+00   1.08378327e+00   2.16734339e-01   5.71037944e-01
   -2.07934649e+00  -3.54665126e-03  -4.94572848e-01  -1.23289776e+00
    2.11737680e+00   7.55370088e-02  -1.39959421e+00   1.37466180e+00
   -1.29967431e+00  -2.42050610e+00  -1.12490126e+00   1.27290947e+00
    1.24821490e+00   7.50105126e-01  -2.60098701e+00  -5.17826394e-01
    2.11096861e+00  -1.61293011e-01  -2.22057018e+00   9.04898653e-01
   -4.09678260e-01 
   -1.59206897e+00   2.70970041e-01  -1.57829504e+00  -1.03566189e+00
    1.96010452e+00   1.20062761e+00   1.22182663e+00   1.86463554e-01
    6.14080748e-01  -8.75754612e-01   2.86488889e+00  -2.00449654e+00
    3.66140043e-01  -8.57367521e-01  -3.16001141e+00   2.45505677e-01
    3.91142492e+00  -1.97855174e-01   1.66391759e-01  -2.26160784e+00
   -1.02760581e+00   4.93211695e-01   7.56125808e-01  -2.83151876e+00
    6.47206109e-01   5.94922181e-01  -5.01848303e-02   1.60814149e-02
   -3.71593018e-01   2.31269810e-01  -1.71382086e+00  -3.93414598e-01
   -1.66255470e-01 
   -1.95630225e+00  -1.25580075e+00  -2.38113144e+00  -5.75808280e-01
    1.56636910e-01  -3.45147460e-01  -2.36670959e-02  -1.13523962e+00
   -3.07283477e-01  -3.00758494e+00   1.47647943e+00  -6.45753959e-01
   -2.21124629e-01  -2.51493555e+00   2.94458198e+00  -1.73711887e+00
   -7.94480942e-02  -1.54636006e+00   2.62400564e+00  -3.35612707e-01
    1.32170298e+00  -1.13144552e+00  -3.37061580e+00   2.06009593e+00
    1.96020568e+00   1.26280150e+00  -1.50027573e+00  -6.41152858e-02
   -3.32541852e-01  -6.07878619e-02  -1.16084461e+00   1.84841319e+00
   -1.70285846e-01 
   -1.50096641e+00  -2.38355539e-01   6.94585374e-01   2.27945815e-01
    1.12673649e+00  -7.51450734e-01  -4.99366982e-01  -3.48176950e+00
    1.15442062e+00   1.71287470e-01  -3.00540984e-01   4.08627138e-01
   -8.46890490e-01   1.98907336e+00  -8.52417003e-01  -2.14765949e+00
   -1.43460393e+00   6.53832742e-01  -1.15810828e-01  -2.40984757e+00
    4.39039548e+00   5.57561356e-01  -2.19083143e-01  -1.70973049e-01
    4.00203903e-01   5.22654263e-01  -1.20228206e+00  -1.77743940e+00
   -3.79756362e+00   8.82468233e-01  -3.48548087e-02   4.32612283e-01
   -1.02320736e-02 
    8.59351741e-01  -1.41897450e+00  -3.13295755e-03  -9.38209591e-01
   -1.96994493e-01  -2.48446636e+00   1.15584447e+00   9.42846130e-01
    6.61247512e-01  -2.03240047e+00  -5.58440996e-01   2.64090060e+00
    3.01241534e+00  -1.67878071e+00  -1.06576156e+00  -3.97061058e+00
   -8.66133104e-01  -3.70895317e-02  -9.79068572e-02  -6.70721791e-01
   -8.50838627e-01  -1.99939610e-01  -2.69049141e-01  -7.53146909e-01
   -1.44912134e+00  -2.06881250e+00   9.88772889e-01   4.79152375e-01
    4.84339021e-01   2.83506534e+00   9.15153185e-01   1.39560331e-01
   -4.38793990e-01 
    2.41613833e-01  -7.09574089e-01   2.35010059e+00  -5.12730204e-01
    1.76501514e+00  -1.18012499e-01  -9.12508172e-01  -3.54969207e-01
   -2.10695727e-01   5.61532350e-01  -4.38115452e+00   2.34344758e-01
    1.58099502e-01  -1.89613727e+00  -5.75546842e-01   2.26820461e+00
   -2.52536138e+00  -5.18587137e-01  -2.39585983e+00  -2.96179086e-01
   -2.55976388e+00  -7.83079732e-02  -2.94023500e+00   1.05161993e-01
   -4.14167665e-01   3.42891386e+00   4.69157438e-01   6.74843785e-01
   -1.43057737e+00   9.06287238e-01   1.19033823e+00  -1.75366070e-01
   -1.08506272e+00 
   -2.11789882e+00   2.45597760e+00   1.16982442e+00   1.42846010e+00
   -2.02810924e+00  -2.52099760e-01   1.24228909e+00  -2.36295851e+00
    2.29106066e+00   3.22006395e-01   7.21783676e-01  -1.58145079e+00
    1.13008488e+00  -1.64818293e+00   1.90627524e+00   1.19811041e+00
   -7.62381020e-01  -2.56241640e+00  -3.41778566e-01   4.98937615e-01
   -1.59207522e+00  -1.77207943e+00   2.17194366e+00  -1.35732548e+00
   -2.00072566e+00  -4.31178953e-01   3.77005159e-02   3.82048936e-01
   -1.40671121e+00  -8.02103716e-02   1.55362388e+00  -1.94618479e+00
   -5.96586892e-01 
    1.16837495e+00  -1.03031358e+00  -9.36216799e-01  -1.51234465e+00
   -8.23428664e-02   1.90823707e-01  -9.81616492e-01  -2.51336719e+00
   -2.55671060e+00  -2.61521515e+00  -1.84694905e+00   1.91954382e+00
   -2.59884702e+00  -1.43334312e+00   2.26460260e-01   2.36398964e-01
    5.55061374e-01   1.64358234e-02  -2.22518018e+00   1.71665589e+00
    1.41303267e+00   1.28859373e+00   5.90688271e-01  -2.49885793e+00
    2.72834020e+00  -8.52607707e-01   2.11677069e+00   5.44727858e-01
    2.62426600e+00   4.87776255e-01  -5.50896749e-04  -1.93609391e+00
   -4.00186897e-01 
   -7.17909418e-02  -2.90234419e+00   4.42112443e-01   9.64836856e-01
   -5.93605794e-01   1.38003292e+00  -1.16356266e+00  -2.22011981e+00
   -1.83384494e+00  -1.65245498e-01   1.21926564e+00   3.72082841e-02
   -2.66076769e+00   1.87178062e+00  -2.98348205e-01   2.90659606e-01
    4.86139434e-01  -1.34768674e+00   1.12066580e+00   1.64635587e+00
   -7.99690878e-01  -1.36175449e+00  -1.40796242e+00  -2.79434389e+00
   -1.63265611e+00  -1.58287348e+00   3.64363446e+00   1.06964749e+00
   -1.13636499e+00  -3.47892900e-01   1.64182441e+00   2.67941764e+00
   -4.84979829e-01 
   -1.18385660e+00   4.51399008e+00  -1.40690802e+00  -2.57364999e+00
   -2.18702797e+00  -1.22980516e+00  -1.18938478e+00  -1.03580879e-01
    1.06763117e+00  -2.37404451e+00  -2.68972211e+00   3.48891130e-01
   -6.57983764e-01   1.32133731e+00  -2.89008572e-01   1.63486747e+00
   -7.56706170e-01  -5.95139151e-01  -3.37614920e-02  -8.69090061e-01
    7.58082594e-01   1.78036344e+00  -6.82092994e-01   9.63875257e-01
    5.05374072e-01  -1.66274421e+00  -1.53173240e+00  -1.69112388e-02
    1.08524166e+00  -9.27266621e-01   1.75292214e+00   1.24425630e+00
   -6.85765718e-01 
   -4.31702920e-01  -9.60479376e-01  -2.53458787e+00  -2.10196196e+00
   -2.13308590e+00   9.46468487e-01  -5.39692249e-02  -1.72447689e-01
   -7.01979754e-01   3.57335209e+00   6.90559533e-02   2.22628032e+00
   -9.81964230e-01   3.55467291e-01  -5.13444669e-01  -1.31472326e+00
   -1.17100967e-01  -1.11652052e+00  -4.42971037e-01  -1.47959269e+00
    3.21126505e-01  -3.52076191e-01  -8.98358177e-01  -7.00685120e-01
   -9.65068233e-02  -2.02974172e-01  -1.88837849e+00   5.00025451e-01
    1.61130505e+00  -1.24726626e+00   2.07127127e+00  -4.34474431e-01
   -2.13394766e-01 
   -2.60210549e-01  -7.97133372e-01   5.09813225e-01   1.95871626e+00
   -2.37514819e+00   1.32031368e+00  -2.33013576e-01   1.09134998e+00
    9.58941713e-01  -7.52841536e-01  -9.25309663e-01   8.91803292e-02
   -1.70789283e+00  -7.44803305e-01  -2.69858534e+00   2.13900396e+00
   -3.04040317e+00   4.48125504e-01   1.00436414e+00  -8.36701595e-01
    8.29082260e-01  -5.98145562e-01   1.45783725e+00   3.60105590e-01
    2.62597285e-01  -2.09333077e+00   9.38324046e-01  -1.35233914e+00
    1.23697105e-02  -1.14698427e+00  -9.27650193e-01   7.29578822e-01
   -5.56077721e-01 
   -5.85070683e-01   2.20057439e+00   3.01949340e-01  -1.12041773e+00
   -1.00248894e+00  -1.93949970e-01   9.55109647e-01   1.55593961e+00
   -1.07077624e+00   2.25781039e-01  -1.03848078e+00  -6.59923267e-01
    2.28758338e-01   3.82950679e-01   1.95355723e+00  -1.18620035e+00
    4.58762155e-01   2.46737346e-01  -1.39418761e+00   4.32254062e-01
   -7.85473825e-01   1.01453261e+00  -3.55459090e-01  -3.75282978e-01
    9.47744354e-01  -1.28222753e+00  -3.86755937e-01  -3.81095280e-01
   -2.56104893e+00  -1.52935226e-01  -1.88397934e+00  -2.92257418e+00
   -9.72331410e-01 
   -1.46912356e-01  -1.77820899e+00  -2.41400265e+00   2.00282780e+00
    1.41192574e+00   9.33657671e-01  -3.78051977e-01  -4.64633898e-01
    2.06945397e+00   1.25184201e+00   2.19554877e-01   5.01931987e-01
   -4.02222745e-02   2.54873157e-01  -1.02680835e+00  -5.85042542e-01
   -2.51133344e-01  -1.87378971e+00  -8.76504550e-01   1.68470841e+00
   -4.58581227e-01   7.94169538e-01   4.44311603e-01  -1.53073343e+00
   -5.17659489e-01  -1.56421803e+00  -1.60306175e+00  -6.08685415e-01
    1.15733414e+00  -4.97055021e-01  -8.39936193e-01  -6.61421656e-01
   -1.50992838e-01  