NN 16 32 16   -3.83918352e+00  -1.16292734e+00  -4.00329836e-02   4.49460810e-01
    2.34322798e+00  -8.42500393e-01  -2.03339789e+00  -2.23242741e+00
    3.47484739e+00  -1.20895364e+00  -2.21778813e-01   1.94437172e-01
    8.82732780e-01  -2.66302736e-01   2.40077418e-01  -5.96718804e-01
   -9.10389497e-01 
    5.38249163e-01  -4.80708343e-01  -3.28068849e-01  -1.45844484e-01
    1.19788160e+00  -3.17575887e-01   2.52962350e-01   4.74671878e-01
   -2.62382775e+00   8.16900001e-01   2.05965893e+00  -3.96503527e+00
    8.22072194e-01   7.88489512e-01  -2.12621528e+00   1.36519719e+00
    6.41800742e-01 
   -1.01441558e+00   4.36772575e-02  -2.61605854e+00   8.71453348e-01
    2.66401817e+00  -1.85830122e+00  -7.15214748e-01  -7.33052389e-01
   -1.02066288e+00   4.64331109e-01  -3.72032618e-01   2.32400634e-01
    1.41084523e+00  -7.66385502e-01  -2.87626960e-01   2.00843912e+00
    1.14975940e-01 
    1.56476453e+00  -7.02670151e-01  -1.35829892e+00   1.10804149e+00
    1.15720302e-01  -1.17830097e+00   7.73772294e-01  -4.30596743e-01
   -1.62216852e+00   8.39147942e-01  -1.50647212e+00   1.76680451e+00
    1.75240200e+00  -1.59240582e+00   1.24259394e+00  -1.91542886e+00
   -1.89712719e-01 
   -5.96728664e-02  -1.63881503e+00   1.49535906e+00  -1.17060228e+00
   -1.94373072e-01  -5.40347980e-01   2.66913911e-02  -2.02792572e+00
    1.22535030e+00  -6.27582126e-01   1.93402723e-01   2.12782609e+00
    1.56014783e+00   2.22177526e+00  -1.52660492e-01  -1.44630607e+00
   -6.72420447e-01 
   -4.08995105e-01   1.16743111e+00   1.88493637e+00  -1.37865748e+00
    6.71859462e-01   1.19903970e+00   2.03210875e+00  -4.53388191e-01
    3.62284220e-02  -2.12572528e-01  -1.94884727e+00   6.20066207e-01
   -8.43531146e-01  -1.44309657e+00  -4.98091321e-01  -8.53166943e-02
    4.57025095e-02 
    9.52761814e-01   1.44353524e+00   1.66239145e+00  -1.85248704e+00
    4.29009806e-02   1.88510231e-01  -1.94498921e+00   1.35147539e+00
   -5.31083423e-01   5.93033677e-01   9.16275599e-01   3.67734911e-01
   -1.29113747e-01  -4.27621504e-01  -1.42145294e+00   8.23053017e-01
   -6.82235752e-01 
    5.37917431e-01  -1.34698611e+00   1.13915351e+00  -4.15419183e-01
    6.13682938e-01   4.19343792e+00  -2.09498396e+00  -8.85253926e-02
    2.37286858e+00   2.18415251e+00   2.44083434e-01  -4.54309600e-01
   -7.30364747e-01  -2.78924478e+00  -1.48999421e+00  -1.85221819e-01
   -7.44664612e-01 
    1.49655462e-01   2.70693429e+00  -6.76673676e-01  -1.11469547e+00
    7.07829158e-01  -1.23256761e+00  -1.11372763e+00  -2.03988269e-01
   -1.68138689e+00   2.42868776e+00   1.37843167e+00  -1.33153371e+00
    9.38940365e-01  -1.77565249e+00   1.46539106e+00  -1.58687942e+00
   -9.04327171e-02 
   -1.37635015e+00  -1.63855966e-01  -6.33288012e-01   1.22703522e+00
    1.68391011e+00  -8.03566550e-01   1.28354158e+00  -9.23388730e-01
   -1.04273022e+00   9.46207232e-01   6.32407647e-01   2.01478131e+00
   -2.83659781e+00   4.69789787e-01  -7.08378141e-01  -1.36521035e+00
    3.14997433e-01 
   -4.78012374e-01   3.86197442e-01   2.54807112e-03  -2.82859228e+00
   -2.21116779e+00  -1.36879118e+00  -1.69045278e-02   4.08095556e+00
   -1.40507802e+00   3.84493818e-01  -3.93941576e-01   3.19235857e+00
   -1.04507031e+00  -3.44547226e-01  -4.66114398e-02   4.82523992e-02
   -5.90521525e-01 
    2.97733065e+00  -8.13685804e-01   2.13188359e-01   1.99030409e+00
    1.54582148e+00  -5.62794946e-01  -1.43138760e+00   6.10045777e-01
    2.95953984e-01  -1.27020769e+00   5.17318889e-01  -4.89247694e-01
   -2.98672527e+00   4.81725889e-01   1.11710756e+00  -9.19899235e-01
   -1.82392164e-01 
   -3.69149460e-01  -2.28484716e+00   1.52129324e+00   1.80899955e-01
   -2.00372408e-01   3.61817147e-01  -3.42099914e+00  -1.99594364e-01
   -1.77068354e+00   1.14512431e+00   2.92727876e+00   3.87775349e-02
   -4.92134835e-01   1.25046434e+00  -6.45594389e-01  -7.34494455e-01
   -1.31627058e+00 
   -4.62811119e-01   2.40673806e-01  -5.01123962e-01   8.01395445e-02
    2.28605207e+00  -2.03235319e+00   9.69408023e-01   9.45275024e-01
    1.11880695e+00   1.62498934e+00  -2.33730858e+00  -1.76217467e+00
   -1.08581988e+00   3.70383445e-01  -4.21906244e-01  -1.00603922e-01
   -1.39880077e-01 
    1.61900815e+00  -1.76564371e+00   6.14179128e-01   2.97223563e+00
   -2.30830776e+00   7.46506777e-01   3.41244465e-01  -9.66050616e-01
   -1.53529486e+00  -2.07706497e-01  -4.94774885e-01  -2.38713319e-01
    8.72176017e-01   2.35979975e+00  -2.13335224e+00  -1.43314631e-01
    6.13579712e-01 
    1.49673164e+00  -1.06112723e+00  -2.27565081e-01  -3.68690988e-02
   -2.71485485e-01  -3.54120177e-01   3.22267698e+00  -2.99141704e+00
   -1.30524564e+00  -1.07505608e+00  -4.99706204e-01  -8.92591673e-01
    1.17485582e+00  -1.95226565e+00   8.64106311e-01   5.10232033e-01
    4.62503386e-01 
    1.52831067e+00   5.91731710e-01  -3.02608464e+00  -4.31814745e+00
    1.03680665e+00   9.47353701e-02   7.40012589e-01   1.54518937e+00
    5.86451470e-01   1.45723089e-01  -8.36272594e-01  -1.07178658e+00
   -3.15884380e-01   1.65416360e+00  -5.29259238e-01   1.14329448e+00
    2.63154923e-01 
   -1.43587997e+00   4.68141059e-01  -3.37950538e-01   3.28179296e-01
    7.21587864e-01  -1.65698350e+00   1.49362753e-01   3.50643535e-01
    1.51203047e+00  -8.67546892e-01   1.21942689e+00   1.68571201e-01
    8.65834358e-01  -1.05532790e+00  -6.89153160e-01   1.19447784e+00
   -6.72188349e-01 
   -8.73622131e-02  -2.50177707e+00   2.28020893e+00  -3.48276501e-02
   -2.40253210e+00   3.23599481e-01  -2.49456109e-01   1.44415311e+00
    2.70154225e-02   1.59939404e+00  -1.64118981e+00  -4.97874694e-01
    5.11949653e-01  -1.16850381e+00   6.03286474e-01   6.39275930e-01
    1.12083705e-01 
   -1.22792182e+00   4.54696025e-01  -8.55342873e-01   2.28795944e+00
   -9.02245970e-01   1.72474652e+00   1.20439599e+00  -1.50609059e+00
   -2.60048048e-01  -1.78807050e+00  -5.46816718e-01   6.30227872e-01
    1.80072916e+00   6.53587176e-02  -2.49179310e-01  -2.30492254e+00
    3.48971295e-01 
   -1.06623122e-01   2.56688401e+00   1.22469372e+00  -4.83284855e-01
    1.72032377e-02  -4.82204216e+00   1.12367828e+00   3.58967233e+00
    1.40779072e+00  -2.24004622e+00   7.90110099e-01  -1.99908073e-01
   -3.51556562e-01  -7.44111266e-01   8.19678539e-01  -2.64546841e-01
   -2.26529089e-01 
   -2.60629606e+00   8.11615955e-01   1.92672744e+00  -6.77203324e-02
    1.62424628e+00  -9.34336099e-01  -1.41158098e+00  -3.50569663e-01
    2.36508344e+00  -1.12187246e+00   2.02785342e-01  -1.86606718e+00
    4.92097203e-01   4.14624989e-01  -1.22474904e+00  -4.90766947e-01
    5.98210058e-01 
   -4.04859309e-01  -8.14452505e-01   6.85208788e-01  -8.37166867e-01
    2.33198859e+00  -1.23870234e+00   2.46846639e-01   2.38918927e+00
   -2.55219870e+00  -6.21061895e-01   1.24782507e+00   7.74759291e-01
    3.57608872e-01  -8.87782904e-01  -5.66345741e-01  -1.21079161e+00
   -4.31656323e-01 
   -1.98593987e+00   3.00525861e-01  -1.42408048e+00   2.07431801e+00
   -9.71780604e-01   1.09610885e+00   7.29669779e-01  -6.97117771e-01
    9.80486338e-01   1.46967865e+00   1.52543927e+00  -1.87754285e+00
    8.87339469e-01  -1.33502723e+00   6.14212620e-01  -3.04229883e-01
   -6.23817950e-01 
    2.18119845e+00   1.60677426e+00  -2.05363989e+00  -1.05229987e+00
   -3.75747364e+00  -1.38678112e+00   8.50983662e-01   5.07636575e-01
    1.11443884e+00  -2.55107091e+00   1.92247793e+00  -7.37382852e-02
    7.72390501e-01  -3.09862624e-01  -7.21719831e-01   1.53891210e-01
   -1.14612257e-01 
    1.83923410e+00   2.96579687e-01  -1.91897037e+00  -1.96257503e-01
   -1.20311295e+00  -4.96330382e-01   2.91059376e+00  -2.86933858e+00
   -3.36328717e-02  -2.45921071e-01   4.18483129e-01   1.01680557e+00
   -1.68129915e-01   1.39594741e+00   8.43763578e-01   1.27954165e+00
   -4.57698797e-01 
   -6.07335982e-01  -5.56107099e-01   2.00105074e+00  -2.67399357e-01
    1.50621021e+00   2.04224529e+00  -3.40010878e+00   3.21218084e-01
    2.25149768e-01  -9.22960098e-01  -3.28370992e+00   2.03844918e-01
    1.92657600e+00  -1.54006648e+00  -1.87982912e-01   3.07545256e+00
   -3.41106594e-01 
   -6.68369140e-01   2.86397278e+00   1.22062999e+00   2.00176485e-01
   -1.34694448e+00   1.99987955e+00  -5.68426879e-01   1.04951817e-03
   -8.74648963e-01  -2.24355955e+00  -1.82197034e-01   4.78730336e-02
   -8.00272259e-01   6.40811126e-01  -1.61897927e-02   8.38004420e-01
   -4.94188462e-01 
   -1.15413071e-01  -9.96841169e-01  -1.31184265e+00   1.37453830e-01
    4.44489669e-02   2.56129197e+00  -7.35612677e-01   7.62702569e-01
    2.71785299e-01  -2.71549874e+00   1.32939917e+00  -2.14528423e-01
   -1.37551721e+00   4.62719947e-02   3.25424497e+00  -1.46209290e+00
    7.16871280e-01 
   -1.59792772e-01   2.36692378e+00   2.53542072e-01  -9.31511237e-01
    1.01146735e+00  -1.72361196e+00  -2.47023803e+00  -1.48919312e+00
   -5.48411461e-01  -9.27214606e-01  -1.55944728e-01   8.94395909e-01
    7.43950572e-01   4.85403799e-01   1.63722914e-01   9.87816027e-01
   -1.11208942e-01 
   -1.12279880e+00   3.22851801e-01   2.78532581e+00   1.67185233e+00
    8.79241941e-01   3.34375278e-01  -2.05162854e+00  -1.26243672e+00
   -7.46077048e-01   7.89874731e-01  -2.18138119e+00  -1.57148738e+00
   -1.86555424e+00   1.56836192e+00   1.61542520e+00   1.08265239e+00
    1.76212265e-01 
    1.57404449e+00   9.58336847e-01  -1.05161577e+00  -2.36992577e-01
   -7.71262977e-01  -4.52956065e-01  -5.29455735e-01  -4.99453058e-01
    1.87978777e+00   1.72353470e+00  -2.32424621e+00  -1.94454542e+00
   -4.53639704e-01  -1.68220193e+00   2.52997784e+00   8.65401907e-01
   -4.98961127e-01      3.60445560e+00  -1.03029958e+00   3.42831440e-01  -1.98052131e+00
   -9.03478838e-01   1.45399375e+00  -6.54229186e-01  -9.91907511e-01
    5.79153266e-01   7.61495867e-01  -1.02630675e-01  -3.21170163e+00
   -8.60057094e-01   6.06490784e-01   9.12667903e-01  -1.59891463e+00
   -4.45912793e-02   1.00118482e-01   1.26090117e-01   1.00933250e-01
   -2.87345498e-01   1.85256266e+00   5.95005743e-01   2.19580212e+00
   -1.61578003e+00  -7.98078165e-01   3.34116324e-01  -1.46332743e-01
   -9.85477303e-02  -3.47896687e-01   2.41179326e-01  -1.30580288e+00
   -8.64815973e-02 
    4.43784904e-01   4.42604928e-01  -4.39366929e-01  -3.02601818e-01
    9.83472208e-01  -2.85272999e-01  -1.35158642e+00   9.56397170e-01
   -2.09708536e+00  -1.59860104e-01  -7.71452273e-01  -3.88737076e-02
    1.12280932e+00  -2.50505023e-01   1.44128744e+00   4.56226635e-02
   -8.50566518e-02  -1.03472901e+00   2.00815318e+00  -2.05948239e+00
   -1.34476074e+00   2.75480768e-01   5.75482253e-01  -7.11224147e-02
   -1.35310756e+00   6.71029440e-01   6.64129361e-01  -4.34753376e+00
    1.28846073e+00  -1.78198844e+00   3.07556246e-02  -1.31865706e+00
    1.73322083e-01 
    6.88393431e-01   3.82764530e-03   2.74781115e+00   9.97301667e-01
   -1.91151216e+00  -1.97571283e+00  -1.00757596e+00  -1.02831297e+00
    1.44650837e+00   1.03125649e+00   4.06415669e-01   5.48781938e-01
   -2.14080308e+00   3.57613869e-02  -5.51592300e-01  -1.20842960e+00
    2.22508524e+00   2.20946753e-02  -1.45896970e+00   1.18464906e+00
   -1.21644789e+00  -2.41383535e+00  -1.08970485e+00   1.18212170e+00
    1.17849661e+00   6.27014465e-01  -2.50215463e+00  -6.08939329e-01
    2.09968835e+00  -1.97473420e-01  -2.32954926e+00   8.92816344e-01
   -4.23561095e-01 
   -1.47603000e+00   2.80334911e-01  -1.46712525e+00  -1.02183414e+00
    1.89042957e+00   1.27129238e+00   1.25106170e+00   2.44480081e-01
    5.19711997e-01  -8.42872115e-01   2.77433815e+00  -2.06223389e+00
    3.38334957e-01  -9.05906734e-01  -3.22381546e+00   2.77157618e-01
    3.78939555e+00  -1.35522206e-01   1.29421203e-01  -2.21492156e+00
   -1.00706993e+00   6.22587128e-01   8.96183441e-01  -2.92128260e+00
    4.94076285e-01   5.37607212e-01  -1.08092915e-01   1.54583763e-01
   -2.67263429e-01   2.04707613e-01  -1.72850531e+00  -6.75942111e-01
   -1.56932677e-01 
   -1.95266200e+00  -1.19404227e+00  -2.25842492e+00  -5.22659168e-01
    2.23494550e-01  -3.73950340e-01   4.17881087e-03  -1.29723265e+00
   -2.28504079e-01  -2.88772175e+00   1.40597409e+00  -6.05495996e-01
   -1.20309063e-01  -2.44933033e+00   2.83958467e+00  -1.68068025e+00
   -2.24552697e-01  -1.49992883e+00   2.53341464e+00  -2.00814515e-01
    1.23784355e+00  -1.19696736e+00  -3.22917277e+00   2.04206774e+00
    2.09333698e+00   1.36752560e+00  -1.56070883e+00  -7.04852933e-02
   -4.19843343e-01  -1.18054903e-01  -1.20254041e+00   1.73230929e+00
   -1.83200064e-01 
   -1.47548837e+00  -1.19587293e-01   6.75379436e-01   3.61085874e-01
    1.06408820e+00  -6.60527996e-01  -3.42579412e-01  -3.49438248e+00
    1.19572409e+00   8.23022589e-02  -1.24118547e-01   3.95583333e-01
   -9.28651871e-01   2.06888237e+00  -8.85196613e-01  -2.09624199e+00
   -1.38602466e+00   6.32722466e-01  -7.16811359e-02  -2.54457692e+00
    4.53345935e+00   4.79548710e-01  -3.88085542e-02  -8.00220938e-02
    2.21377219e-01   5.51384203e-01  -1.30294242e+00  -1.65271965e+00
   -3.79800703e+00   7.81958499e-01  -8.10644476e-02   4.29945987e-01
    1.82752910e-02 
    8.12501521e-01  -1.26474926e+00  -1.74063402e-02  -1.06120756e+00
   -1.12632991e-01  -2.31440630e+00   1.07247266e+00   8.48320555e-01
    5.84746050e-01  -2.05189677e+00  -7.80388275e-01   2.55484045e+00
    2.96048660e+00  -1.65509755e+00  -1.16215251e+00  -3.90824505e+00
   -1.07852459e+00  -3.45888365e-02  -2.74897320e-01  -5.69916025e-01
   -9.51739631e-01  -1.65690014e-01  -3.14497127e-01  -6.33450367e-01
   -1.41349522e+00  -1.95762184e+00   9.92123290e-01   2.85224434e-01
    2.92717342e-01   2.85051000e+00   7.65513282e-01   2.75317628e-01
   -4.73238493e-01 
    6.75882720e-02  -7.33861381e-01   2.00073535e+00  -6.69035196e-01
    1.64444072e+00   1.63057917e-02  -9.75265039e-01  -1.86777392e-01
   -2.81637950e-01   4.83983793e-01  -4.34543821e+00   1.58070845e-01
   -1.19185519e-02  -1.92899293e+00  -5.76046457e-01   2.29135508e+00
   -2.31584455e+00  -4.40645642e-01  -2.36636294e+00  -3.02707744e-01
   -2.41139185e+00  -9.87182670e-02  -2.96216379e+00   3.18024432e-01
   -4.43967812e-01   3.47800650e+00   3.76094100e-01   6.86708867e-01
   -1.45854119e+00   7.22425013e-01   1.17041292e+00  -1.34697820e-01
   -1.00614348e+00 
   -2.03355240e+00   2.32079692e+00   1.14411359e+00   1.30383414e+00
   -2.07774137e+00  -2.58833350e-01   1.21550388e+00  -2.33717125e+00
    2.23866772e+00   3.51256036e-01   7.05006085e-01  -1.59547699e+00
    1.08827228e+00  -1.67363837e+00   1.87179514e+00   1.17592083e+00
   -8.70586992e-01  -2.37917679e+00  -3.61255682e-01   4.74344123e-01
   -1.51485519e+00  -1.71094748e+00   2.13455793e+00  -1.32991584e+00
   -2.04728276e+00  -5.06412738e-01  -2.11890113e-02   4.33050467e-01
   -1.45704661e+00  -8.39471456e-02   1.58564633e+00  -1.85482812e+00
   -6.32602459e-01 
    1.06378249e+00  -9.31585676e-01  -8.94438975e-01  -1.37390492e+00
   -8.98258540e-02   1.62909677e-01  -9.27434658e-01  -2.47873205e+00
   -2.46742315e+00  -2.67945982e+00  -1.80638703e+00   1.81784291e+00
   -2.49948181e+00  -1.42952943e+00   2.01287965e-01   2.03049549e-01
    5.93352242e-01  -3.57121864e-02  -2.16786900e+00   1.70418219e+00
    1.34523553e+00   1.24978416e+00   5.36929463e-01  -2.57412754e+00
    2.75889113e+00  -7.95935136e-01   2.06966649e+00   4.30722191e-01
    2.46615904e+00   4.27114571e-01  -6.07790077e-02  -1.86020849e+00
   -3.61891973e-01 
   -1.73202792e-01  -2.87229766e+00   3.45233376e-01   9.34649084e-01
   -6.00652502e-01   1.24086731e+00  -1.13746426e+00  -2.28446211e+00
   -1.74919389e+00  -1.05736995e-01   1.20377995e+00   6.71163115e-02
   -2.63777360e+00   1.78826107e+00  -3.77451628e-01   2.30550098e-01
    5.23119103e-01  -1.28761122e+00   1.01568176e+00   1.59640428e+00
   -7.61004805e-01  -1.38707027e+00  -1.37234289e+00  -2.81322580e+00
   -1.66599241e+00  -1.61865377e+00   3.43985474e+00   9.95683638e-01
   -1.18186650e+00  -3.63466154e-01   1.55020761e+00   2.49783234e+00
   -5.23666788e-01 
   -1.17193159e+00   4.40299821e+00  -1.27644718e+00  -2.56287812e+00
   -2.13886877e+00  -1.17236830e+00  -1.13266426e+00   6.88012933e-04
    1.13142245e+00  -2.33659798e+00  -2.62456295e+00   3.16118659e-01
   -6.85114869e-01   1.40674708e+00  -2.08293736e-01   1.60285239e+00
   -7.04335887e-01  -5.75636934e-01  -4.68906403e-03  -8.97953663e-01
    7.74713232e-01   1.86069558e+00  -6.49302109e-01   9.68540113e-01
    5.64916573e-01  -1.66106471e+00  -1.45203679e+00   1.66691851e-02
    1.05810952e+00  -8.42435573e-01   1.71228904e+00   1.28782348e+00
   -5.93248886e-01 
   -4.35481420e-01  -9.32427083e-01  -2.53943661e+00  -2.07533456e+00
   -2.07681172e+00   9.42610978e-01  -1.87783386e-02  -1.71892100e-01
   -6.76039767e-01   3.44952594e+00   4.90147947e-02   2.18446811e+00
   -1.00070444e+00   3.20624791e-01  -4.94902091e-01  -1.30473374e+00
   -6.73420577e-02  -1.11643052e+00  -4.25949686e-01  -1.45908576e+00
    3.39990134e-01  -3.64963907e-01  -8.86949065e-01  -7.14708451e-01
   -5.78618736e-02  -1.81799301e-01  -1.85042699e+00   4.71476158e-01
    1.57896351e+00  -1.24149920e+00   2.01837553e+00  -4.41868772e-01
   -2.14583236e-01 
   -2.61195298e-01  -7.97129240e-01   5.48661756e-01   1.94424465e+00
   -2.30851369e+00   1.27896559e+00  -2.20963949e-01   1.05331586e+00
    9.60697438e-01  -7.30382190e-01  -9.07795210e-01   7.29192940e-02
   -1.68636321e+00  -7.27312342e-01  -2.62116537e+00   2.08338927e+00
   -2.99187889e+00   4.31075703e-01   1.01224962e+00  -8.32949856e-01
    8.01288199e-01  -5.90764239e-01   1.42209780e+00   3.73969086e-01
    2.77093788e-01  -2.06758525e+00   9.37942173e-01  -1.32758263e+00
    3.41612724e-02  -1.09499381e+00  -8.81244177e-01   7.21380688e-01
   -5.08561488e-01 
   -6.01772273e-01   2.15695287e+00   3.22249030e-01  -1.07572811e+00
   -9.58363253e-01  -2.02867722e-01   9.44179172e-01   1.51230202e+00
   -1.04551691e+00   2.20182005e-01  -9.71425428e-01  -6.45867403e-01
    2.19091128e-01   4.07179105e-01   1.94115551e+00  -1.14840816e+00
    4.93379610e-01   2.86618012e-01  -1.31165521e+00   4.21283140e-01
   -6.97002112e-01   9.84897181e-01  -3.29561770e-01  -3.45217907e-01
    9.89843863e-01  -1.23641803e+00  -4.25589786e-01  -3.97364512e-01
   -2.48223483e+00  -1.55212190e-01  -1.86755433e+00  -2.87215613e+00
   -9.19314590e-01 
   -1.87266969e-01  -1.74843341e+00  -2.35769291e+00   1.89804096e+00
    1.33326444e+00   8.92806519e-01  -4.58653610e-01  -4.97220961e-01
    1.94852169e+00   1.23427117e+00   1.44195145e-01   4.30564684e-01
   -1.30409582e-01   2.47871255e-01  -1.06372461e+00  -5.26851920e-01
   -2.57336843e-01  -1.82930298e+00  -9.40790132e-01   1.64035003e+00
   -5.08446102e-01   7.48686425e-01   3.49868192e-01  -1.52541782e+00
   -5.41372254e-01  -1.55908904e+00  -1.62878125e+00  -5.98974251e-01
    1.10118371e+00  -5.07051582e-01  -8.88599263e-01  -6.36122232e-01
   -2.26805323e-01  