NN 16 32 16  -2.74796463 -0.4725195  -0.56237067  0.79858107  1.30713756 -0.4892653
  -0.98702202 -1.21607596  1.91845638 -1.20191647  0.10233682  0.80176244
   0.72503158 -0.11194819  0.18420281 -0.21182088 -0.61675791 
   0.3575812  -0.01064998 -0.51595705 -0.83308121  0.79109622 -0.21855701
  -0.01455057  0.57253725 -1.86828571  0.56582143  1.55254046 -2.77914086
   0.41641769  0.58956334 -1.28294547  0.99331343  0.43611978 
  -0.26234616  0.01338408 -2.06114712  1.13321023  1.94315998 -1.2452763
  -0.47668243 -1.06146584 -0.88709983  0.31301204  0.21797452  0.04085923
   1.5192568  -0.88273377  0.02789522  1.25103657  0.23016986 
   1.3158973  -0.76198268 -0.66759912  0.6432151  -0.22618446 -0.94226979
   1.00950941 -0.14667459 -1.08645982  0.84295188 -1.00702013  1.36450019
   1.35328018 -1.56069657  0.80190251 -1.44887205 -0.41329697 
  -0.24690008 -1.14346888  1.15769576 -0.91174505 -0.39484782 -0.76109526
  -0.18868826 -1.51383239  1.29566077 -0.03220325 -0.343059    1.41616916
   1.3850321   1.73206005  0.15049037 -1.27948005 -0.73739781 
  -0.29621352  0.86642207  0.90175407 -0.91748154  0.34035526  0.97202944
   1.02952758  0.06149441 -0.05650498 -0.33747749 -0.92210322  0.63432522
  -0.63190366 -1.12970884 -0.20766565 -0.17585279 -0.15008945 
   0.32882005  1.36630953  1.12958391 -1.38540046 -0.20570267 -0.08228474
  -1.52902315  0.86644928 -0.5711288   0.38844145  0.63054209  0.57150735
  -0.22885635 -0.34599359 -1.04106469  0.69844064 -0.55062094 
   0.48795696 -1.19891353  0.84219203 -0.5280789   0.66431195  3.05393272
  -1.41643325 -0.04163423  1.85419023  1.96140781  0.84597725 -0.82166403
  -0.67694739 -1.89653995 -1.01009812  0.01228183 -0.69951353 
   0.2887377   2.01419302 -0.98967335 -0.3987272   0.69490415 -1.06155737
  -0.42942176 -0.13337582 -1.38462546  2.04161662  1.0772565  -0.73473523
   0.44099665 -1.50576209  0.89921381 -0.98299057 -0.09686323 
  -1.32930992  0.22614349 -0.77703915  0.94341217  1.67140477 -0.58076825
   1.23740705 -0.66281594 -0.67637192  1.35918909  0.25923728  1.5595393
  -2.09399184  0.36414179 -0.09710203 -1.0426442   0.16001564 
  -0.61846531  0.80193156 -0.14954998 -2.34353195 -1.73775517 -1.01044002
   0.30297487  3.1342239  -0.67182445  0.68627647 -0.83578824  1.88227066
  -0.55654603 -0.05932921  0.02184745  0.02783    -0.6036453  
   2.15230043 -1.05844215  0.57668736  1.60878207  1.06127824 -0.03818251
  -1.38072991  0.39896028  0.39795896 -0.6970331  -0.35627418 -0.42723132
  -2.1936959   0.26432325  0.65432814 -0.45738931  0.01054323 
   0.03781675 -1.30815254  0.9781161  -0.41773793  0.24304965 -0.22252547
  -2.71720567  0.36363894 -1.64760355  0.87860605  2.37736913  0.37163965
  -0.28417443  0.96108659 -0.50769018 -0.39760533 -0.9871535  
  -0.28901398 -0.20498556 -0.7854656   0.39741595  1.78046748 -1.60743452
   0.74216332  0.33814088  0.81927835  1.42762534 -1.89370554 -1.6593696
  -0.52621389  0.59391733 -0.29298663 -0.21506209 -0.08974283 
   0.63292566 -2.0093418   0.12771428  2.21220471 -1.86486915  0.96349166
   0.13671407 -0.44932801 -1.50423987 -0.07720775 -0.15725937 -0.62179399
   0.54010982  2.02075274 -1.52593581 -0.10077863  0.52533751 
   1.09943025 -0.98278837 -0.00772067  0.07366579 -0.21569845  0.44542584
   2.6854202  -2.46649366 -1.44206334 -0.56282951 -0.28196262 -0.96261721
   1.36502033 -1.52372849  0.51306195 -0.05131492  0.33448137 
   1.27843955  0.61369879 -2.42859706 -3.3605024   0.2987669   0.0898497
   1.04300189  1.53419806  0.57470672 -0.44888268 -1.05928732 -0.58698486
  -0.26292192  1.83454108 -0.54447724  0.67708715  0.01992242 
  -1.27384879  0.22142019  0.05901077  0.23229183  0.75378334 -0.72746703
  -0.22402517  0.05160229  1.17848229 -0.63265169  0.75723478 -0.14666047
   0.62437237 -0.6554165  -0.36008079  0.82580994 -0.45324923 
  -0.05152509 -1.59154642  1.42547731 -0.46870974 -2.07752377  0.43281108
   0.1003634   1.43592662  0.53595808  1.56008728 -1.67784209 -0.68764153
   0.3472489  -0.96874829  0.44714294  0.44449912  0.05514318 
  -1.14523957  0.58145737 -1.02595844  1.5375923  -0.5933932   1.82432378
   0.26902551 -1.07124443 -0.2327865  -1.61648198 -0.60033825  0.64658454
   1.58625726  0.45308118 -0.13616231 -1.39473196  0.440264   
   0.20830721  2.18983552  1.16309351 -0.02832284 -0.40016503 -3.54287977
   0.92736386  2.6202915   1.31666481 -1.35435204  0.552467   -0.80812931
  -0.59591865 -0.31397861  0.41821271  0.09711486 -0.13485826 
  -2.27026674  0.63279466  1.49150488 -0.56760928  1.41946124 -0.8356248
  -0.27658903 -0.59155122  1.65709536 -1.10506747  0.24718348 -1.62653753
   0.4746112   0.68538249 -0.90727263 -0.14156434  0.60535493 
  -0.48097411 -0.52658962  0.77744385 -1.09336734  1.845527   -1.3417376
   0.26750429  1.81334327 -1.98099324 -0.62651819  1.00105949  0.68253737
   0.72736098 -0.54431082 -0.23306915 -0.30337674 -0.23481689 
  -1.47459801 -0.07734469 -1.16087105  1.73940842 -1.04832224  0.88650511
   0.42256357 -0.79843913  1.44182469  1.59562286  1.27155277 -1.63030657
   0.51724633 -1.19928887  0.36404036 -0.12941822 -0.55127491 
   1.53945608  1.16245973 -1.35539266 -0.63553464 -2.62366669 -0.69996938
   0.79780049  0.34065023  1.07739219 -2.40173971  1.9972031  -0.260065
   0.05317895 -0.18388302 -0.60689349  0.01643436 -0.17970976 
   1.12525025 -0.12040467 -1.34372976 -0.32507219 -0.96034822 -0.5577954
   2.0650829  -2.83330222  0.00795178 -0.51152815  0.55128639  1.01462371
  -0.1494295   1.10403205  0.88529494  0.43342017 -0.66658846 
  -0.83872843 -0.77994104  1.64483277 -0.15813494  1.20826727  1.26171286
  -2.11660267 -0.29982857  0.13981243 -0.66280474 -2.39683557  0.47079192
   1.32625367 -0.94939059  0.13773988  1.8484106  -0.2047978  
  -0.80645926  2.18016312  1.23957155 -0.00601996 -0.62889017  1.96934255
  -0.41648549 -0.32494892 -1.1568851  -1.22413137 -0.59167105 -0.35701402
  -0.85832299  0.48513024 -0.12879097  0.40826787 -0.43880703 
  -0.35411152 -1.35910457 -0.66740036  0.15155956  0.61277085  2.13573528
  -0.77827779  0.6468916   0.46575294 -1.89439351  1.16909441  0.01603389
  -1.1476923   0.0811327   1.78195875 -1.07821543  0.31939401 
  -0.32599651  1.49322554  0.62549475 -0.37073142  0.50217524 -1.01555679
  -2.04504056 -1.45718276  0.03800545 -0.47554538 -0.03097926  0.61585322
   0.56684979  0.36308972 -0.05975317  0.86594254  0.15236784 
  -1.25475282  0.10088457  2.20877704  1.4372781   0.98712573  0.21294695
  -1.23853306 -0.85009445 -0.50548475  0.68121353 -1.60744271 -1.19753825
  -1.25832026  1.01211823  0.92177962  0.65239146  0.23282723 
   1.19445698  0.76425165 -0.74854979 -0.27604066 -0.6606432  -0.14959226
  -0.73334253 -0.17713551  1.39772355  1.1502973  -1.68158144 -1.23143748
  -0.25479942 -1.31971039  2.0640768   0.40498166 -0.39236809      2.71941280e+00  -5.51458712e-01  -3.82052322e-03  -1.72214392e+00
   -5.07455521e-01   4.66313465e-01  -2.48243833e-01  -6.99884465e-01
    5.65755547e-01   1.23872261e+00   5.53811464e-01  -2.40621549e+00
   -9.20410089e-01   1.48644476e-01   4.16844567e-01  -1.57892927e+00
   -5.39829656e-01   4.24718832e-01   8.90837067e-02   8.13293947e-01
   -3.95086732e-01   2.45303970e+00   4.24201819e-01   1.96462222e+00
   -2.24062239e+00  -1.13495310e+00   4.99172403e-01  -1.18107337e-01
   -1.99749018e-01  -2.92154712e-01   7.28996354e-01  -1.56974434e+00
   -2.10601432e-01 
    4.48388997e-01   2.48030410e-01  -5.15513764e-01   1.69407029e-01
    9.84096316e-01  -3.95787449e-01  -1.31680008e+00   9.15153793e-01
   -2.17229807e+00  -5.84837716e-01  -8.24650344e-01   3.13509941e-01
    1.55915684e+00   7.82452669e-02   1.81928932e+00   3.26403855e-01
    1.53034289e-02  -6.95962832e-01   1.78831300e+00  -1.83066329e+00
   -1.70050139e+00   3.34146688e-01   8.33981586e-02   2.23272005e-01
   -1.60566771e+00   1.64901761e-01   7.32881339e-01  -3.36475716e+00
    1.19747774e+00  -1.47518096e+00  -3.01190817e-02  -1.28172911e+00
    1.81880695e-03 
    9.40697353e-01   2.15851595e-01   2.54007574e+00   5.30494501e-01
   -1.87695369e+00  -8.23517533e-01  -1.06802091e+00  -8.94184771e-01
    1.49511491e+00   1.12274046e+00   2.12114703e-01  -2.33220444e-01
   -1.62853386e+00   3.70114971e-01  -3.71986483e-01  -1.14923146e+00
    2.16105112e+00  -2.25209601e-01  -1.22885126e+00   1.12737450e+00
   -1.24069303e+00  -1.86679834e+00  -8.75440626e-01   1.24819221e+00
    1.22113835e+00   1.24410640e+00  -1.83836212e+00  -9.29452492e-01
    1.65725430e+00  -4.48081049e-01  -2.66245141e+00   7.46842136e-01
   -3.82966510e-01 
   -8.99105796e-01   8.55421316e-01  -1.18241840e+00  -8.64244016e-01
    1.20011739e+00   1.10820934e+00   1.26511437e+00   1.89339168e-01
    2.69261218e-01  -8.92529889e-01   2.02997963e+00  -2.34382807e+00
    6.31190804e-01  -8.92615472e-01  -3.10461236e+00   3.22463057e-02
    3.65949821e+00  -2.89288109e-01   8.77978460e-01  -1.72200640e+00
   -1.14292771e+00   7.44731241e-01   1.01035929e+00  -2.65741348e+00
    1.49703091e-01   3.93914457e-01   3.69938191e-01   7.12005951e-02
   -3.49016604e-01   3.74900681e-01  -1.75256435e+00  -2.75571003e-01
   -1.45454463e-01 
   -1.19078187e+00  -9.62370291e-01  -1.86408899e+00   3.21754573e-02
    2.73741455e-01  -1.85135825e-01   3.45494858e-01  -9.45502177e-01
   -4.74080321e-01  -2.56242301e+00   1.28512317e+00  -2.65563385e-01
   -4.12613835e-01  -2.25298364e+00   2.31353348e+00  -9.94607790e-01
    4.00404544e-02  -1.36885796e+00   2.67652486e+00   1.23259892e-01
    1.49396353e+00  -1.12841221e+00  -2.64833686e+00   2.00406290e+00
    1.72214839e+00   1.50673621e+00  -1.41511515e+00  -4.68840452e-01
   -1.09881484e+00  -7.19314064e-01  -9.05879207e-01   9.77739461e-01
   -1.03373698e-01 
   -2.13042052e-01  -3.36450293e-02   6.37188129e-01   9.15708858e-01
    8.49494547e-01  -6.10346477e-01  -3.44947165e-01  -3.34058765e+00
    8.91217841e-01   6.61554812e-02   1.53544644e-03  -1.65261969e-01
   -5.11373362e-01   1.91145530e+00  -8.38673851e-01  -1.71102893e+00
   -9.08916776e-01   2.86834454e-01  -2.70520238e-01  -2.71171642e+00
    4.25387332e+00   4.53786225e-01   4.76759459e-01   6.07550028e-02
   -2.76593122e-01   5.30605949e-01  -1.57551058e+00  -1.44076834e+00
   -3.17927485e+00   6.77530923e-01  -2.39996234e-01   1.95475890e-02
    7.90100754e-02 
    4.25710825e-01  -4.32418509e-01   4.31336451e-01  -1.22549479e+00
   -4.77485265e-01  -1.08486926e+00   1.46558162e+00   9.26247981e-01
   -2.28351207e-02  -2.21492678e+00  -4.24504278e-01   1.84544710e+00
    3.22286472e+00  -1.44069559e+00  -1.07065960e+00  -3.58166812e+00
   -9.61700639e-01   1.28843322e-01  -4.74811256e-01   4.01549945e-01
   -8.45112827e-01  -3.48312998e-01  -4.22536687e-01  -6.17560913e-01
   -1.78906570e+00  -1.50571416e+00   1.17116322e+00   5.08153846e-01
    4.71050080e-02   2.64431353e+00   4.55108398e-01   7.34414683e-01
   -2.27479841e-01 
    2.55402285e-02  -8.03913121e-01   1.79637774e+00  -5.86630760e-01
    1.23038795e+00  -7.57340572e-02  -9.74476947e-01   3.80251099e-01
    4.65994505e-02   2.94005974e-01  -3.79040291e+00  -1.52086247e-02
   -4.78585876e-01  -8.09924774e-01  -3.54347975e-01   2.14308894e+00
   -1.90913311e+00  -5.87895477e-01  -2.18093756e+00  -1.08237585e-01
   -2.29839230e+00   1.40874593e-02  -2.55598182e+00   3.44209190e-01
   -2.60163697e-01   2.66197077e+00   6.47392610e-01   5.27528372e-01
   -1.54342077e+00   1.14075087e+00   8.71463523e-01  -2.65646735e-01
   -4.13545747e-01 
   -1.65361897e+00   1.92021472e+00   9.29046453e-01   1.02250926e+00
   -1.81955109e+00  -2.03319021e-01   1.09298752e+00  -1.98321477e+00
    1.76825367e+00   5.34534392e-02   4.21438686e-01  -1.36355977e+00
    9.50906900e-01  -1.33881538e+00   1.76834423e+00   1.37858724e+00
   -8.78329979e-01  -1.70590801e+00  -4.18418194e-01   3.97470365e-01
   -1.28728193e+00  -1.44897322e+00   1.89549969e+00  -1.58733527e+00
   -1.22982881e+00  -6.97824888e-01  -7.13497450e-02   7.13669835e-01
   -1.12178718e+00  -2.13511166e-01   1.07208789e+00  -1.43132081e+00
   -5.15369841e-01 
    6.79394674e-01  -5.38753648e-01  -4.65734312e-01  -1.04922401e+00
   -2.70873169e-01  -3.07563602e-02  -8.46867963e-01  -2.24723640e+00
   -2.12273675e+00  -1.97654720e+00  -1.76561547e+00   1.30460194e+00
   -1.76925742e+00  -1.35803321e+00  -2.78837712e-02  -1.11141209e-01
    6.58594630e-01   7.73328278e-02  -1.93303528e+00   1.84070456e+00
    9.47652610e-01   1.14727855e+00   7.87766244e-01  -2.36965293e+00
    2.40787693e+00  -3.32675269e-01   1.25416822e+00  -2.73468976e-02
    1.91969522e+00   2.04065410e-01   6.97103244e-02  -1.33450830e+00
   -3.80376798e-02 
   -5.62663171e-01  -1.97434673e+00   1.70431492e-01   6.74829451e-01
   -4.77664990e-01   7.52555595e-01  -8.48503254e-01  -2.09226828e+00
   -1.06098273e+00  -1.09698162e-01   9.22196640e-01   7.46986118e-01
   -2.52817359e+00   1.86580232e+00  -3.43810534e-01   1.55733023e-01
    8.48621371e-01  -1.01765541e+00   7.89753464e-01   1.31915847e+00
   -5.62652974e-01  -8.44408570e-01  -1.11103471e+00  -2.20985336e+00
   -1.82952890e+00  -1.56792826e+00   2.76815486e+00   6.55598117e-01
   -9.14644584e-01  -4.66518603e-01   1.26855043e+00   2.04421987e+00
   -1.86788361e-01 
   -1.43777704e+00   3.35498412e+00  -9.06170712e-01  -2.31464923e+00
   -1.80402474e+00  -8.15164539e-01  -9.85544554e-01   3.89171855e-01
    9.15175095e-01  -1.97036459e+00  -2.29387918e+00  -1.02030628e-02
   -9.21971338e-01   1.34071278e+00   3.39724626e-01   1.34644225e+00
   -6.93974820e-01  -4.22105559e-01  -8.01336178e-02  -6.03590375e-01
    7.72420165e-01   1.72876993e+00  -4.25012945e-01   7.37247825e-01
    1.05122779e+00  -1.77977525e+00  -1.17903309e+00   2.87668612e-02
    6.71712336e-01  -7.56742803e-01   8.20380728e-01   9.67503149e-01
   -3.79923826e-01 
   -4.85730884e-01  -6.50721906e-01  -2.34979690e+00  -1.74501311e+00
   -1.81951570e+00   7.15626259e-01   2.61405052e-01  -2.42316099e-01
   -3.74175824e-01   2.41747614e+00  -5.90012010e-02   1.94958795e+00
   -1.07083431e+00   4.49318907e-02  -1.74136719e-01  -1.17785671e+00
   -5.68703130e-02  -9.86691721e-01  -2.52075663e-01  -1.06509843e+00
    5.68593706e-01  -4.50290523e-01  -7.84842991e-01  -6.81705006e-01
    1.49117580e-01  -3.05759315e-01  -1.41599136e+00   4.33775615e-01
    1.30144021e+00  -1.03347728e+00   1.57373826e+00  -3.73060368e-01
   -1.62191116e-01 
   -2.94350800e-01  -7.28187709e-01   5.72092602e-01   1.59437666e+00
   -1.93329169e+00   9.84675199e-01  -1.82248588e-01   7.24660414e-01
    8.11430058e-01  -6.06277641e-01  -8.60166166e-01   2.59673288e-02
   -1.48805888e+00  -5.48071461e-01  -2.20484508e+00   1.58749173e+00
   -2.44196745e+00   2.02775613e-01   8.10353609e-01  -6.52007291e-01
    5.47465849e-01  -6.45068390e-01   1.13511923e+00   2.36264527e-01
    3.42517049e-01  -1.86426972e+00   8.64195569e-01  -1.13554992e+00
    2.31988057e-01  -8.19993036e-01  -7.01820085e-01   5.92826847e-01
   -3.43899387e-01 
   -6.42137197e-01   1.46324003e+00   8.15615064e-02  -1.03204936e+00
   -1.03199629e+00  -1.75379458e-01   8.38720995e-01   1.04584818e+00
   -4.45953354e-01  -2.20491481e-02  -6.19560322e-01  -7.16620932e-01
    2.42798045e-01   3.53599647e-01   1.10483756e+00  -1.01160398e+00
    4.57187719e-01   1.63285928e-01  -9.00065028e-01   3.64290971e-01
   -4.39812162e-01   7.84304909e-01  -9.18058117e-02  -2.96259442e-01
    8.13804220e-01  -1.28025025e+00  -5.14929788e-01  -1.51291160e-01
   -1.39152893e+00   3.02774202e-02  -1.40067986e+00  -2.08824885e+00
   -7.71817038e-01 
   -3.47641356e-01  -1.21569907e+00  -1.70894085e+00   1.09442824e+00
    1.05618052e+00   7.05771336e-01  -4.39003315e-01  -3.68671118e-01
    1.13655305e+00   9.83234960e-01  -3.37760119e-02   9.36007382e-02
   -3.93730407e-01   1.75449129e-01  -8.25126254e-01   4.43495068e-02
   -1.23217730e-01  -1.24011307e+00  -6.28472687e-01   1.19230184e+00
   -7.40642440e-01   4.35237545e-01   8.72006592e-02  -1.17248058e+00
   -5.27831301e-01  -1.18772676e+00  -1.28842911e+00  -3.47998024e-01
    7.68340056e-01  -4.52902443e-01  -7.44374644e-01  -3.95670178e-01
   -1.57952516e-01  