NN 16 32 16   -3.09731133e+00  -8.43343705e-01  -3.29441142e-01   5.51534285e-01
    1.85382886e+00  -8.75790615e-01  -1.50579921e+00  -1.60894707e+00
    2.73224421e+00  -1.34882538e+00  -2.25758360e-01   5.46020855e-01
    7.34784013e-01  -2.00958838e-01   2.55073228e-01  -3.73833558e-01
   -7.45296785e-01 
    4.14144986e-01  -3.54229471e-01  -2.50411427e-01  -4.77517169e-01
    9.75572750e-01  -3.32622098e-01   1.87092785e-01   5.05465607e-01
   -2.31771837e+00   6.19421339e-01   1.86655946e+00  -3.25094702e+00
    6.11305329e-01   6.97242687e-01  -1.66054083e+00   1.21059835e+00
    5.17613825e-01 
   -5.85562607e-01   7.49108281e-02  -2.41198206e+00   9.95488971e-01
    2.36635225e+00  -1.69352492e+00  -2.65162712e-01  -7.30830010e-01
   -9.70367313e-01   4.37433054e-01   1.12117119e-01   2.03951401e-01
    1.55187730e+00  -7.53786419e-01  -4.48605738e-02   1.77755617e+00
    2.21418832e-01 
    1.46947027e+00  -7.54785065e-01  -8.90663394e-01   6.84787652e-01
    1.77829707e-03  -9.78527869e-01   9.83285491e-01  -3.58728699e-01
   -1.34924413e+00   7.68566558e-01  -1.33383440e+00   1.57829215e+00
    1.65576622e+00  -1.56836467e+00   9.79681429e-01  -1.80700021e+00
   -3.34244410e-01 
   -3.41636117e-01  -1.45699437e+00   1.33256554e+00  -9.76210233e-01
   -3.57372408e-01  -6.95392794e-01  -8.37736213e-02  -1.68218760e+00
    1.28887114e+00  -2.15696561e-01  -1.82675964e-01   1.73657515e+00
    1.52044154e+00   2.01873271e+00   6.51379029e-02  -1.41713046e+00
   -7.38601863e-01 
   -4.07184803e-01   1.16977119e+00   1.44397415e+00  -1.18383876e+00
    5.49733246e-01   1.00921832e+00   1.47362553e+00  -1.41492138e-01
   -8.45802273e-03  -3.44273013e-01  -1.57100110e+00   5.04735114e-01
   -8.16656868e-01  -1.34390369e+00  -2.74643204e-01  -2.02666889e-01
   -6.58988364e-02 
    6.65479504e-01   1.37269960e+00   1.29575498e+00  -1.76919208e+00
   -1.09128085e-01  -1.03690452e-01  -1.71810987e+00   1.01531023e+00
   -4.86191718e-01   5.62966631e-01   9.33829426e-01   3.46125750e-01
   -2.62409173e-01  -4.72237100e-01  -1.26585270e+00   7.56594518e-01
   -6.51092472e-01 
    6.82314249e-01  -1.30378695e+00   9.60091990e-01  -3.33696591e-01
    8.27376886e-01   3.53461345e+00  -1.68412462e+00  -2.58578715e-02
    2.13693796e+00   2.15071832e+00   5.29896425e-01  -6.26079788e-01
   -6.57801590e-01  -2.32504457e+00  -1.15664510e+00  -1.52129198e-02
   -6.38541758e-01 
    2.95418372e-01   2.39447584e+00  -8.16883554e-01  -8.12312555e-01
    9.24710931e-01  -1.11947116e+00  -9.05430488e-01  -9.16665969e-02
   -1.58032750e+00   2.12509584e+00   1.31579218e+00  -1.02373496e+00
    6.95882570e-01  -1.70408193e+00   1.13434492e+00  -1.34290111e+00
   -1.09835030e-01 
   -1.48620805e+00  -8.52143991e-02  -8.47534135e-01   1.28903569e+00
    1.70677562e+00  -8.24451510e-01   1.25825437e+00  -7.07547292e-01
   -8.40068712e-01   1.11640687e+00   2.30065488e-01   1.89318502e+00
   -2.35255993e+00   5.81214137e-01  -2.71432541e-01  -1.20308596e+00
    3.05411876e-01 
   -5.49375255e-01   4.83664101e-01   9.76804476e-03  -2.59001442e+00
   -1.90059876e+00  -1.20857285e+00   2.08793272e-01   3.68653957e+00
   -1.08013054e+00   5.32826185e-01  -4.69832324e-01   2.51802422e+00
   -8.53862885e-01  -3.02925470e-01  -1.55620549e-02  -1.61235676e-02
   -6.47246866e-01 
    2.57191568e+00  -7.90100189e-01   5.37862495e-01   1.70121295e+00
    1.40945507e+00  -4.40372174e-01  -1.42851439e+00   5.52157330e-01
    3.47231758e-01  -8.69918611e-01   9.02436656e-02  -6.95618790e-01
   -2.56187329e+00   3.39994922e-01   8.43690638e-01  -6.42127402e-01
   -4.99567374e-02 
   -4.66512738e-02  -1.64228513e+00   1.19679559e+00  -9.04464470e-02
   -1.17538103e-01   2.93762559e-01  -3.02591139e+00   1.55924949e-01
   -1.91033917e+00   7.95278003e-01   2.81612012e+00   3.65402312e-01
   -4.00470055e-01   1.12348878e+00  -5.55352892e-01  -5.34064921e-01
   -1.11347412e+00 
   -4.26735987e-01  -3.23103392e-03  -5.27893875e-01   9.24290914e-02
    2.05053545e+00  -1.82273141e+00   8.34285150e-01   6.44901911e-01
    8.73306146e-01   1.55453764e+00  -2.09332483e+00  -1.70710577e+00
   -8.24120143e-01   5.44976095e-01  -4.51803840e-01  -1.18195539e-01
   -1.25447719e-01 
    1.17051035e+00  -1.92986570e+00   3.90889580e-01   2.61703852e+00
   -2.00712784e+00   9.04713732e-01   4.56277657e-01  -5.49629209e-01
   -1.58300804e+00  -1.00809222e-01  -5.18165491e-01  -4.91710598e-01
    7.48789335e-01   2.28145794e+00  -1.70786909e+00  -1.05352153e-01
    5.83927674e-01 
    1.33894600e+00  -1.03740980e+00  -1.02525608e-02   9.42472912e-02
   -2.95913494e-01   6.62082926e-02   2.99664250e+00  -2.72255471e+00
   -1.34847245e+00  -7.61700086e-01  -4.47207857e-01  -8.88722298e-01
    1.43005764e+00  -1.68140199e+00   6.42709863e-01   3.14321141e-01
    4.87610688e-01 
    1.39417581e+00   7.80398521e-01  -2.83794678e+00  -3.64872142e+00
    6.44480654e-01   2.12434396e-01   1.09306275e+00   1.62540441e+00
    5.29488130e-01   8.62766330e-02  -5.68324403e-01  -8.90445434e-01
   -2.22310702e-01   1.84815847e+00  -4.17484926e-01   1.02906693e+00
    2.31070902e-01 
   -1.33928129e+00   3.42766926e-01  -1.36224070e-01   1.78073289e-01
    6.69569546e-01  -1.20837696e+00   7.29014237e-02   9.18324689e-02
    1.35385880e+00  -8.22517658e-01   9.29796589e-01  -6.58885055e-02
    7.55510438e-01  -8.72276535e-01  -5.15673006e-01   1.06207092e+00
   -5.70014837e-01 
   -2.88065143e-01  -1.92735570e+00   1.90912006e+00  -1.28768911e-01
   -2.09015531e+00   5.47365557e-01  -1.51953343e-02   1.36837621e+00
    3.21340839e-01   1.80332560e+00  -1.77308294e+00  -6.35916387e-01
    5.29864522e-01  -1.05368512e+00   5.48611103e-01   5.72768417e-01
    1.06964993e-01 
   -1.15349731e+00   4.10058437e-01  -1.01031244e+00   1.89599362e+00
   -8.65852027e-01   1.83804223e+00   7.36255063e-01  -1.35048849e+00
   -1.27380963e-01  -1.68654060e+00  -8.48376687e-01   6.59787033e-01
    1.67810966e+00   2.22886538e-01  -1.81611984e-01  -1.83430315e+00
    3.83963195e-01 
    3.48637430e-04   2.44598178e+00   1.00007275e+00  -2.18586420e-01
   -4.83183072e-01  -4.00360940e+00   1.07090963e+00   3.31652281e+00
    1.22043435e+00  -1.75069953e+00   7.80943862e-01  -4.94615890e-01
   -4.73031189e-01  -4.62904246e-01   5.84910007e-01  -3.81368998e-02
   -1.55241628e-01 
   -2.39123423e+00   8.27599689e-01   1.70248577e+00  -4.56074430e-01
    1.53373334e+00  -1.00615489e+00  -5.13806148e-01  -4.81815202e-01
    2.04246078e+00  -1.30598978e+00   9.76886252e-02  -1.69673681e+00
    4.83865367e-01   5.47101517e-01  -1.10794444e+00  -3.58896183e-01
    5.95142159e-01 
   -4.20470215e-01  -3.84190931e-01   5.59111813e-01  -8.29720012e-01
    2.10692829e+00  -1.50422453e+00   4.19227732e-02   2.12303723e+00
   -2.38345255e+00  -7.95928494e-01   9.50129370e-01   6.43215918e-01
    5.09839877e-01  -7.60363977e-01  -3.69708612e-01  -7.44779626e-01
   -3.55994193e-01 
   -1.89880991e+00   2.57876852e-01  -1.50894681e+00   1.88244241e+00
   -9.87382312e-01   1.09290935e+00   7.38326021e-01  -5.99545275e-01
    1.19793674e+00   1.56662698e+00   1.52109241e+00  -1.63234396e+00
    7.48593815e-01  -1.18578141e+00   4.51227218e-01  -1.34616860e-01
   -5.75307938e-01 
    1.56823373e+00   1.68337734e+00  -1.84320209e+00  -5.59992178e-01
   -3.28594007e+00  -8.09163687e-01   9.86340718e-01   7.24858852e-01
    1.22085111e+00  -2.26500155e+00   2.14323662e+00  -1.50971120e-01
    4.43469859e-01  -1.60309446e-01  -6.41841109e-01   1.66525111e-01
   -5.95922424e-02 
    1.49323999e+00   1.58962784e-01  -1.53400974e+00  -2.30237792e-01
   -1.11909343e+00  -4.02159446e-01   2.34969802e+00  -2.86405182e+00
    2.73827121e-02  -2.77020683e-01   3.10960971e-01   1.00038514e+00
   -1.10355987e-01   1.36002952e+00   9.88622214e-01   8.94737342e-01
   -5.74780965e-01 
   -6.16138760e-01  -7.27084777e-01   1.70750933e+00  -1.23486444e-01
    1.24676730e+00   1.45449770e+00  -2.62471179e+00  -1.45395167e-01
    3.29995228e-01  -7.73852399e-01  -2.94972372e+00   3.39607912e-01
    1.54294852e+00  -1.27943023e+00   7.96488831e-02   2.59291935e+00
   -2.45589164e-01 
   -6.90236123e-01   2.38216327e+00   1.25741374e+00  -3.21758396e-02
   -1.11707417e+00   2.08447977e+00  -4.29311314e-01  -1.72817866e-01
   -9.83594787e-01  -1.81905803e+00  -3.06012098e-01  -2.03181071e-01
   -8.54701855e-01   5.14294765e-01  -7.82345464e-02   6.80774184e-01
   -4.38655369e-01 
   -3.55995532e-01  -1.21000343e+00  -1.04645688e+00   1.48412268e-01
    4.11054614e-01   2.33830656e+00  -9.07088770e-01   7.70168715e-01
    5.25948504e-01  -2.32052890e+00   1.15072541e+00  -3.07063544e-01
   -1.42833413e+00  -4.72708555e-02   2.40700116e+00  -1.33999873e+00
    4.51899658e-01 
   -2.88943501e-01   1.75051570e+00   5.25957060e-01  -8.00066876e-01
    6.84909109e-01  -1.59122085e+00  -2.06832670e+00  -1.53712733e+00
   -1.74477147e-01  -6.86806980e-01  -1.11351460e-01   8.68360074e-01
    5.41526513e-01   3.60231197e-01   3.06899948e-02   9.52795126e-01
   -6.28023459e-03 
   -1.19875648e+00   2.26592172e-01   2.36831269e+00   1.45401279e+00
    1.13203729e+00   1.65646871e-01  -1.54548687e+00  -1.00490031e+00
   -6.27449243e-01   6.82080831e-01  -1.90843637e+00  -1.43413373e+00
   -1.53757596e+00   1.31709278e+00   1.23351824e+00   1.00766030e+00
    2.78877781e-01 
    1.20879201e+00   1.07274702e+00  -9.26942025e-01  -3.78884321e-01
   -8.39670006e-01  -3.13078847e-01  -6.64973615e-01  -3.45786226e-01
    1.51615029e+00   1.49986209e+00  -1.90915185e+00  -1.64166867e+00
   -3.73219859e-01  -1.56038797e+00   2.27589672e+00   6.73785834e-01
   -4.89327346e-01      3.07875991e+00  -8.83432294e-01   1.02242955e-01  -1.85207773e+00
   -7.73388979e-01   9.20561351e-01  -5.65593708e-01  -9.06023647e-01
    4.70791189e-01   1.05507412e+00   5.27443119e-01  -2.72936180e+00
   -8.65937612e-01   3.15891552e-01   6.43506338e-01  -1.64772347e+00
   -3.96171883e-01   2.55895067e-01   1.24367338e-01   5.29067627e-01
   -3.29868593e-01   2.13403604e+00   3.50620185e-01   2.01717873e+00
   -1.83585542e+00  -8.93169432e-01   4.95235038e-01  -2.23331213e-01
   -5.86204602e-02  -4.56128810e-01   3.88741289e-01  -1.65079134e+00
   -2.54963918e-01 
    5.88011701e-01   3.89452609e-01  -3.93201497e-01   1.88134735e-02
    9.75840288e-01  -3.43171461e-01  -1.43872785e+00   9.69495053e-01
   -2.30764830e+00  -1.74338375e-01  -1.03918225e+00   2.26981641e-01
    1.27987464e+00  -1.79755429e-01   1.83739381e+00   2.10886527e-01
    1.25182826e-01  -7.82482632e-01   1.86192870e+00  -1.98414579e+00
   -1.62982843e+00   1.86050469e-01   2.74715819e-01   1.24538622e-01
   -1.63567185e+00   5.10761692e-01   6.62370586e-01  -3.76489867e+00
    1.35041715e+00  -1.66088971e+00   1.34513458e-01  -1.31588790e+00
    1.01535565e-01 
    7.87875883e-01   1.65157283e-01   2.85511364e+00   6.85227431e-01
   -1.98057837e+00  -1.37422506e+00  -8.92844111e-01  -7.20927997e-01
    1.55063069e+00   1.08687163e+00   2.80724634e-01   1.92949527e-01
   -2.22601681e+00   4.82776027e-02  -4.35413224e-01  -1.28477425e+00
    2.22240836e+00  -6.80061484e-02  -1.45357473e+00   1.19691121e+00
   -1.36833540e+00  -2.31756369e+00  -1.11276191e+00   1.24125684e+00
    1.18453875e+00   8.91149097e-01  -2.02043400e+00  -5.59807283e-01
    1.92069641e+00  -3.16918667e-01  -2.46479140e+00   8.19165282e-01
   -2.99776879e-01 
   -1.28965871e+00   6.39737025e-01  -1.41967658e+00  -1.04050232e+00
    1.61277615e+00   1.29564638e+00   1.46796686e+00   4.61781472e-01
    3.98225286e-01  -8.56797701e-01   2.40026067e+00  -2.23976095e+00
    6.98089122e-01  -1.14432350e+00  -3.14969811e+00   5.60115348e-03
    3.63785726e+00  -2.10548844e-01   5.15464888e-01  -2.04919654e+00
   -1.09747397e+00   6.77156500e-01   8.67415798e-01  -2.76649597e+00
    4.25179519e-01   5.04429039e-01   5.24512888e-02   2.65552911e-01
   -2.57593524e-01   3.17532964e-01  -1.69852679e+00  -5.63747308e-01
   -8.53329715e-02 
   -1.60776408e+00  -1.04294599e+00  -2.05248496e+00  -3.38401715e-01
    1.54467798e-01  -3.80141117e-01   1.92501459e-01  -1.11319682e+00
   -2.07188954e-01  -2.75287109e+00   1.26210424e+00  -3.52113782e-01
   -2.01716979e-01  -2.29331802e+00   2.46779538e+00  -1.68255213e+00
   -3.12586735e-02  -1.45649256e+00   2.67351048e+00   4.76661047e-02
    1.20718312e+00  -1.32167105e+00  -2.97885747e+00   2.17357794e+00
    2.04177253e+00   1.34870368e+00  -1.49808874e+00  -3.46456661e-01
   -1.00729420e+00  -5.76660347e-01  -1.07974465e+00   1.41049861e+00
   -1.78262374e-01 
   -6.77407413e-01  -6.07633753e-02   6.86366887e-01   7.41203420e-01
    9.75155942e-01  -6.74762762e-01  -2.98130455e-01  -3.46790681e+00
    9.72094339e-01   1.13530603e-01   8.59234842e-02   9.25175395e-02
   -5.32125715e-01   1.91151171e+00  -8.87303273e-01  -2.05477363e+00
   -1.34741292e+00   4.17714960e-01  -1.62350828e-01  -2.64682361e+00
    4.49931171e+00   3.86892929e-01   3.39720115e-01  -8.94677430e-05
   -1.06498186e-01   5.02894766e-01  -1.51392831e+00  -1.46692239e+00
   -3.46539202e+00   7.69021660e-01  -1.26441911e-01   2.75567715e-02
    9.54853637e-02 
    6.40072182e-01  -7.96943016e-01   2.20087186e-01  -1.12242903e+00
   -3.98216950e-01  -1.72989079e+00   1.28604319e+00   8.87650397e-01
    1.35228024e-01  -2.13147952e+00  -6.60858218e-01   2.35825798e+00
    3.09067447e+00  -1.59645344e+00  -1.21283615e+00  -3.79487841e+00
   -9.81157934e-01   1.27888260e-01  -3.57481803e-01  -7.08297051e-02
   -8.74282243e-01  -4.78585601e-01  -4.38920235e-01  -6.72155167e-01
   -1.69791300e+00  -1.65013464e+00   1.10289498e+00   1.77719632e-02
    2.45873744e-01   2.65025025e+00   6.06144454e-01   6.20797583e-01
   -3.40994153e-01 
    2.81537796e-02  -8.81354266e-01   1.92034670e+00  -5.26413600e-01
    1.56432572e+00  -1.40170196e-01  -1.01770382e+00   4.52108099e-02
   -2.42447168e-01   3.95669325e-01  -3.93286347e+00   8.57034926e-02
   -1.80498364e-01  -1.30517523e+00  -2.74536994e-01   2.20072241e+00
   -2.08018973e+00  -6.08212633e-01  -2.13303062e+00  -3.14765956e-01
   -2.41091283e+00  -2.94375407e-01  -2.71123721e+00   2.48204674e-01
   -2.57103503e-01   3.17203117e+00   6.99379994e-01   5.42486110e-01
   -1.61391373e+00   1.02296704e+00   9.80256322e-01  -1.98406275e-01
   -6.28976246e-01 
   -1.81099159e+00   2.22568086e+00   1.08650918e+00   1.18613632e+00
   -1.83354579e+00  -2.91974440e-01   1.18997424e+00  -2.10951776e+00
    2.00783455e+00   2.17890661e-01   4.89279232e-01  -1.42824749e+00
    1.12637315e+00  -1.49315150e+00   1.96487520e+00   1.43490622e+00
   -8.40548599e-01  -1.97080872e+00  -4.60869602e-01   5.23175802e-01
   -1.45070289e+00  -1.53682806e+00   2.10129375e+00  -1.39837837e+00
   -1.62880360e+00  -6.02449957e-01   5.07103962e-02   6.98119089e-01
   -1.14812590e+00  -1.14481067e-01   1.40818416e+00  -1.64774414e+00
   -4.97471221e-01 
    6.76634672e-01  -7.50740562e-01  -7.18209064e-01  -1.16843847e+00
   -2.59680076e-01   1.43864925e-01  -8.63834585e-01  -2.27834559e+00
   -2.26484107e+00  -2.43066673e+00  -1.76576558e+00   1.68870070e+00
   -2.18599414e+00  -1.31860994e+00  -6.00512005e-02  -6.89801472e-02
    7.33824366e-01  -4.34786342e-03  -1.96208378e+00   1.78647761e+00
    1.19558110e+00   1.22868745e+00   5.65769813e-01  -2.48623567e+00
    2.68854121e+00  -4.86447825e-01   1.56849990e+00   2.18049046e-01
    2.16493692e+00   3.15327638e-01   5.97070666e-02  -1.45479690e+00
   -1.25942776e-01 
   -2.84667151e-01  -2.44476830e+00   2.63811931e-01   7.30471587e-01
   -4.15185128e-01   1.05201976e+00  -9.57069644e-01  -2.23766120e+00
   -1.37282715e+00  -8.53949863e-02   1.09243900e+00   3.78834860e-01
   -2.60580086e+00   1.85834933e+00  -3.93319949e-01   2.61655829e-01
    6.29814541e-01  -1.11741212e+00   9.25075669e-01   1.45616764e+00
   -6.43384111e-01  -1.00265615e+00  -1.23130653e+00  -2.54673534e+00
   -1.77203053e+00  -1.53841437e+00   3.11333779e+00   8.58182293e-01
   -1.14203557e+00  -3.55127486e-01   1.47365961e+00   2.29605378e+00
   -3.30304355e-01 
   -1.41565857e+00   3.89442914e+00  -1.11104711e+00  -2.49371726e+00
   -1.98095412e+00  -9.81538803e-01  -1.02256064e+00   2.79313823e-01
    9.79672576e-01  -2.13901849e+00  -2.54036976e+00   8.18164097e-02
   -7.98173641e-01   1.30251148e+00   2.06995999e-01   1.49892618e+00
   -7.49732447e-01  -4.10588396e-01  -6.47455273e-02  -7.38673033e-01
    8.09209711e-01   1.87789880e+00  -3.78585693e-01   8.85567693e-01
    7.95576777e-01  -1.83120922e+00  -1.27636723e+00   4.16320845e-02
    8.18548654e-01  -8.66551987e-01   1.25428154e+00   9.07099033e-01
   -4.91798826e-01 
   -4.53122171e-01  -8.30981604e-01  -2.46610882e+00  -1.95211694e+00
   -1.94425576e+00   8.05629468e-01   1.20180289e-01  -2.51071223e-01
   -5.48869665e-01   2.97640623e+00   1.96620756e-02   2.03971643e+00
   -1.03125276e+00   1.29919440e-01  -3.55868360e-01  -1.22989292e+00
   -6.77294928e-02  -1.05754281e+00  -3.47037427e-01  -1.27670598e+00
    4.38554833e-01  -4.34359704e-01  -8.47681570e-01  -6.95537813e-01
    8.99278051e-02  -2.12814440e-01  -1.67501242e+00   4.39701553e-01
    1.43266119e+00  -1.13834951e+00   1.77929874e+00  -4.52313641e-01
   -2.07691359e-01 
   -3.15721164e-01  -8.03486532e-01   5.89084222e-01   1.83341291e+00
   -2.11096158e+00   1.12862674e+00  -1.92632556e-01   8.84976136e-01
    9.05947996e-01  -6.74445018e-01  -8.20566834e-01  -1.13195989e-04
   -1.61517226e+00  -6.72315615e-01  -2.37999108e+00   1.85247130e+00
   -2.68965995e+00   3.15061535e-01   9.40713325e-01  -7.40550074e-01
    6.68124883e-01  -6.77446855e-01   1.27946788e+00   3.38017400e-01
    3.77839710e-01  -1.93509229e+00   8.88599055e-01  -1.22094092e+00
    1.57195650e-01  -9.64573788e-01  -8.35159743e-01   6.62885717e-01
   -3.92767251e-01 
   -6.62051813e-01   1.73897783e+00   2.01793754e-01  -1.03667994e+00
   -9.79271677e-01  -2.24820221e-01   8.29758730e-01   1.23500665e+00
   -8.10589713e-01   1.19556459e-01  -8.11646510e-01  -6.77344637e-01
    2.08136599e-01   4.24836458e-01   1.54810358e+00  -1.02733934e+00
    3.87932900e-01   1.86500782e-01  -1.10265261e+00   3.75828238e-01
   -5.91306244e-01   8.33130593e-01  -2.63939586e-01  -2.91740386e-01
    8.65486444e-01  -1.24399662e+00  -5.51824350e-01  -3.59161401e-01
   -1.95811286e+00  -1.07180779e-01  -1.65600616e+00  -2.56085211e+00
   -8.74732274e-01 
   -2.75229503e-01  -1.57622017e+00  -2.17394329e+00   1.59353279e+00
    1.27301047e+00   8.50409479e-01  -4.87947797e-01  -4.31952333e-01
    1.53545278e+00   1.12350148e+00   1.37329694e-01   3.76219313e-01
   -2.30454321e-01   1.97254136e-01  -9.07263527e-01  -3.04894286e-01
   -2.24504328e-01  -1.58299610e+00  -7.67510699e-01   1.49645019e+00
   -5.72941579e-01   6.52668467e-01   2.29741011e-01  -1.40024247e+00
   -5.41732129e-01  -1.32713917e+00  -1.49820218e+00  -4.69088232e-01
    1.03739319e+00  -5.44987470e-01  -8.06925439e-01  -5.59882571e-01
   -1.66115130e-01  