NN 16 32 16   -2.96239849e+00  -5.65623415e-01  -4.17426469e-01   7.48249352e-01
    1.58865486e+00  -8.16508553e-01  -1.25534160e+00  -1.35774849e+00
    2.33153955e+00  -1.33415872e+00  -3.27375164e-02   6.23787429e-01
    6.54337280e-01  -1.52889163e-01   2.50912247e-01  -2.82918076e-01
   -6.86928659e-01 
    4.36391089e-01  -2.21064834e-01  -4.21630573e-01  -4.69742659e-01
    9.47451040e-01  -3.07761590e-01   7.03177595e-02   5.31882216e-01
   -2.05026165e+00   6.77832433e-01   1.75043731e+00  -3.00712918e+00
    5.74025307e-01   6.46321028e-01  -1.44805705e+00   1.16772164e+00
    5.11033470e-01 
   -3.80512302e-01  -2.72468992e-02  -2.31111961e+00   1.12425733e+00
    2.11775357e+00  -1.49069595e+00  -5.61008248e-01  -6.57802457e-01
   -1.03617970e+00   2.16986743e-01   2.28624459e-01   5.53493930e-02
    1.46477079e+00  -8.88025009e-01  -9.15804398e-02   1.44077690e+00
    1.48163370e-01 
    1.50316989e+00  -7.05852341e-01  -7.65675405e-01   6.55537636e-01
   -1.61045639e-01  -9.14136132e-01   1.10659956e+00  -1.96115342e-01
   -1.16687626e+00   8.94515702e-01  -1.11799726e+00   1.60153678e+00
    1.53879929e+00  -1.56291486e+00   9.11639000e-01  -1.61766561e+00
   -3.39070116e-01 
   -1.87862760e-01  -1.34474685e+00   1.16546853e+00  -9.78221807e-01
   -3.39096975e-01  -6.89113154e-01  -8.79557539e-02  -1.61871478e+00
    1.30951313e+00  -1.94766080e-01  -2.85661539e-01   1.57911249e+00
    1.51784667e+00   1.83798837e+00   4.50219145e-02  -1.36607128e+00
   -7.44264954e-01 
   -2.70344360e-01   1.01756874e+00   1.24252404e+00  -1.12936339e+00
    4.73887462e-01   1.12904909e+00   1.25007367e+00   2.85246438e-02
    1.13480759e-01  -3.02861082e-01  -1.23138965e+00   5.99182284e-01
   -6.29891767e-01  -1.15616501e+00  -2.01564751e-01  -1.53460810e-01
   -2.45063924e-02 
    5.25876221e-01   1.35437220e+00   1.10430938e+00  -1.50234843e+00
   -1.70265928e-01  -5.70650420e-02  -1.60827748e+00   9.67080296e-01
   -5.07770966e-01   4.56985101e-01   8.11092692e-01   5.08112698e-01
   -1.83421804e-01  -3.26121749e-01  -1.15186083e+00   7.94333993e-01
   -5.40277416e-01 
    7.45659920e-01  -1.32997987e+00   9.84810931e-01  -4.92689486e-01
    7.27519263e-01   3.34112648e+00  -1.66257484e+00  -2.40106360e-02
    1.96669857e+00   1.96468575e+00   5.15606637e-01  -8.08660102e-01
   -6.56449240e-01  -2.06271921e+00  -1.07031096e+00   1.00632317e-02
   -6.82840664e-01 
    4.25764894e-01   2.22269033e+00  -8.57486502e-01  -4.25185117e-01
    8.43794454e-01  -1.15092260e+00  -7.17143724e-01  -9.72681071e-02
   -1.50243145e+00   2.19271158e+00   1.12860465e+00  -8.43395037e-01
    5.74432432e-01  -1.57888430e+00   1.06010251e+00  -1.14379702e+00
   -7.24690256e-02 
   -1.32914833e+00   7.26847986e-02  -7.68098597e-01   1.11777714e+00
    1.83289436e+00  -6.61750458e-01   1.15583052e+00  -6.61652730e-01
   -7.21264428e-01   1.34881179e+00   1.60345524e-01   1.66809903e+00
   -2.28086823e+00   4.51189544e-01  -2.49176771e-01  -1.16212741e+00
    2.17080408e-01 
   -4.78239414e-01   4.61635633e-01  -1.03318740e-01  -2.55334220e+00
   -1.93513762e+00  -1.07428685e+00   4.73539573e-01   3.39141979e+00
   -8.33870005e-01   6.21498195e-01  -8.67467454e-01   2.20793901e+00
   -6.53279478e-01  -1.22474521e-01  -3.07096276e-02   2.45122642e-02
   -6.06300514e-01 
    2.36295312e+00  -9.40978592e-01   4.67827971e-01   1.56678841e+00
    1.23390551e+00  -3.76286985e-01  -1.48258714e+00   6.06541659e-01
    1.68908135e-01  -9.02267915e-01  -1.62697795e-01  -5.82120679e-01
   -2.33555395e+00   2.71897555e-01   7.67112965e-01  -5.60761775e-01
   -4.98932575e-02 
    6.95524026e-02  -1.49085713e+00   8.75852472e-01  -2.31115945e-01
   -1.25138735e-02   1.58460082e-01  -2.97860845e+00   2.22944995e-01
   -1.68677879e+00   7.83278382e-01   2.57612544e+00   2.64704285e-01
   -2.90906056e-01   1.12203380e+00  -5.18223664e-01  -4.50486472e-01
   -1.03409725e+00 
   -3.27593099e-01  -2.68934231e-02  -6.67815676e-01   1.97059451e-01
    1.96373795e+00  -1.78961368e+00   7.37863137e-01   4.16740258e-01
    7.83171725e-01   1.56486484e+00  -1.90978280e+00  -1.72007054e+00
   -6.60306064e-01   5.55179972e-01  -3.79946786e-01  -2.02019732e-01
   -1.13753431e-01 
    9.32874415e-01  -2.03363522e+00   3.42569855e-01   2.46495677e+00
   -1.85151185e+00   8.89186361e-01   4.61335385e-01  -3.84315830e-01
   -1.55083983e+00  -2.93470805e-02  -3.54933797e-01  -5.03246712e-01
    6.83915236e-01   2.21107567e+00  -1.58852462e+00   2.56901072e-02
    6.17011520e-01 
    1.03514934e+00  -8.21303765e-01  -3.26532104e-03   2.58337309e-01
   -1.67550916e-01   2.33526032e-01   2.89658994e+00  -2.65850669e+00
   -1.39638294e+00  -5.65482577e-01  -3.68281561e-01  -8.79015903e-01
    1.46462825e+00  -1.64528895e+00   5.79811558e-01   1.39221818e-01
    4.25236923e-01 
    1.56348805e+00   4.44573845e-01  -2.75736057e+00  -3.47053723e+00
    5.08254027e-01   1.16819851e-01   1.11899290e+00   1.55283986e+00
    4.55720330e-01  -2.55413884e-01  -1.13292515e+00  -6.49052721e-01
   -2.84310204e-01   1.80985039e+00  -5.61105612e-01   7.72762247e-01
    6.81382368e-02 
   -1.34784319e+00   2.25837265e-01  -3.80787989e-02   1.14130799e-01
    7.07699706e-01  -8.99139718e-01  -1.20185769e-01   6.17903015e-02
    1.25979436e+00  -6.67752366e-01   8.22184260e-01  -2.39375059e-01
    6.86411170e-01  -7.55982100e-01  -4.88662832e-01   9.57442071e-01
   -5.38297789e-01 
   -8.77245885e-02  -1.93365018e+00   1.67747499e+00  -2.63031573e-01
   -2.05630964e+00   4.45352690e-01  -2.36349120e-02   1.28078199e+00
    4.45335996e-01   1.62776346e+00  -1.70341627e+00  -6.37402999e-01
    4.29727653e-01  -9.95739726e-01   5.25111358e-01   5.07875876e-01
    8.57793278e-02 
   -1.20261982e+00   5.32113466e-01  -9.69740420e-01   1.75484587e+00
   -6.72640865e-01   1.86656496e+00   6.19511691e-01  -1.29265067e+00
   -2.53824299e-01  -1.67296243e+00  -7.52949769e-01   6.69083365e-01
    1.59345399e+00   3.68918450e-01  -1.82959415e-01  -1.61480054e+00
    3.96551228e-01 
    1.33293084e-01   2.20842469e+00   1.02532025e+00  -1.60355528e-01
   -3.43722458e-01  -3.84197348e+00   9.68182411e-01   2.89880760e+00
    1.17047621e+00  -1.50848749e+00   5.55634134e-01  -7.38977110e-01
   -6.75185247e-01  -4.65637362e-01   4.44874850e-01  -3.84515566e-03
   -2.26720433e-01 
   -2.36167416e+00   7.10627674e-01   1.51465445e+00  -3.74563727e-01
    1.51779473e+00  -9.66617463e-01  -4.41171131e-01  -5.48368691e-01
    1.81540229e+00  -1.20714280e+00   2.12216693e-01  -1.75757497e+00
    5.14074372e-01   6.09980542e-01  -1.04011010e+00  -2.55559819e-01
    6.06208420e-01 
   -4.78476534e-01  -5.24627174e-01   5.98823338e-01  -9.69047206e-01
    1.97794010e+00  -1.44350935e+00   1.18205185e-01   2.01285118e+00
   -2.20600594e+00  -5.95673032e-01   9.16165774e-01   5.50904619e-01
    5.80031268e-01  -6.88302078e-01  -3.67595565e-01  -5.47985559e-01
   -3.30132771e-01 
   -1.58531455e+00   1.39973294e-01  -1.23984966e+00   1.89808710e+00
   -9.36472106e-01   9.11695303e-01   6.11825146e-01  -7.43173830e-01
    1.34377255e+00   1.61396604e+00   1.43334099e+00  -1.66216587e+00
    6.24027457e-01  -1.17821755e+00   4.70003100e-01  -1.68826788e-02
   -5.43790637e-01 
    1.60419551e+00   1.37761120e+00  -1.65754369e+00  -5.66514196e-01
   -2.89943870e+00  -9.63172535e-01   8.56716508e-01   4.54901491e-01
    1.07649144e+00  -2.49394802e+00   1.99099599e+00  -1.11576646e-01
    1.55565846e-01  -2.41365681e-01  -7.07027302e-01   5.20615764e-02
   -1.91763776e-01 
    1.29026165e+00   1.53454404e-02  -1.35790212e+00  -3.15686426e-01
   -9.94950339e-01  -4.67686884e-01   2.15374995e+00  -2.94677619e+00
   -6.35241722e-02  -4.12490547e-01   3.74769215e-01   1.05610590e+00
   -1.76253410e-01   1.14796769e+00   8.70876924e-01   5.67099786e-01
   -6.79323048e-01 
   -9.43615532e-01  -6.93235492e-01   1.69744301e+00  -2.50870915e-01
    1.17430786e+00   1.49946179e+00  -2.38480292e+00  -1.69337104e-01
    2.95434962e-01  -7.24131113e-01  -2.56790276e+00   2.90942289e-01
    1.44438444e+00  -1.09252284e+00   8.65145093e-02   2.19984951e+00
   -2.21580713e-01 
   -8.87642231e-01   2.31580047e+00   1.17554990e+00   5.04406462e-02
   -8.83650139e-01   2.16203214e+00  -2.47762858e-01  -2.90704143e-01
   -1.08520773e+00  -1.44299783e+00  -4.65499695e-01  -2.98734984e-01
   -8.56267720e-01   5.26110989e-01  -7.52321655e-02   5.33454364e-01
   -4.18262922e-01 
   -2.85241245e-01  -1.39731961e+00  -8.49727295e-01   5.96465454e-02
    6.47458739e-01   2.17246371e+00  -7.82844603e-01   6.43899340e-01
    4.37754261e-01  -2.06892615e+00   1.06566936e+00  -1.70469612e-01
   -1.25587094e+00   7.68997941e-02   2.18772485e+00  -1.18362821e+00
    3.90340675e-01 
   -4.38021039e-01   1.66614850e+00   5.03581346e-01  -5.80356021e-01
    5.29613494e-01  -1.20662622e+00  -2.10467177e+00  -1.41481859e+00
   -4.78717921e-02  -6.44050117e-01  -4.56435120e-02   6.85660081e-01
    5.48152287e-01   3.56072293e-01  -5.36624446e-03   9.00077620e-01
    5.86975842e-02 
   -1.35091380e+00   1.18160123e-01   2.27112640e+00   1.34404793e+00
    1.03856403e+00   3.05033737e-01  -1.41105105e+00  -9.81681513e-01
   -5.44507482e-01   7.84113724e-01  -1.74341853e+00  -1.28258085e+00
   -1.35700610e+00   1.17016772e+00   1.15339428e+00   8.66774170e-01
    2.79600028e-01 
    1.21404436e+00   8.97294594e-01  -9.04452626e-01  -3.32759560e-01
   -7.27711286e-01  -2.42946435e-01  -6.98933681e-01  -2.50314661e-01
    1.41384279e+00   1.27420925e+00  -1.83149322e+00  -1.42030269e+00
   -3.59855112e-01  -1.44101514e+00   2.15059157e+00   5.05317596e-01
   -4.73513079e-01      2.88993654e+00  -6.73471669e-01  -5.27326672e-02  -1.86263571e+00
   -7.34920666e-01   6.17647666e-01  -3.21119745e-01  -7.41867362e-01
    6.04283781e-01   1.08104558e+00   5.63364302e-01  -2.54565955e+00
   -9.63095590e-01   2.16137998e-01   4.91517417e-01  -1.67319696e+00
   -4.13575266e-01   3.37825190e-01   2.22075138e-01   6.23064108e-01
   -2.28563836e-01   2.41747603e+00   3.14276024e-01   2.06201224e+00
   -2.12201005e+00  -1.08981596e+00   5.28500050e-01  -8.96300124e-02
   -1.40142259e-01  -4.38490300e-01   6.37895726e-01  -1.54699260e+00
   -2.60612800e-01 
    5.08885623e-01   2.98038712e-01  -4.27210176e-01   1.06753501e-01
    1.06274968e+00  -3.56755790e-01  -1.34567220e+00   9.64739526e-01
   -2.27193903e+00  -4.27436245e-01  -8.67915705e-01   3.03866423e-01
    1.33043706e+00  -9.62467034e-03   1.85475347e+00   3.13820105e-01
    1.55885827e-01  -6.81336317e-01   1.82042349e+00  -2.00872376e+00
   -1.58537188e+00   3.20305796e-01   1.97329678e-01   2.35228035e-01
   -1.51759284e+00   4.35342804e-01   7.32967715e-01  -3.61832986e+00
    1.26714728e+00  -1.54904373e+00   4.39049454e-02  -1.21901393e+00
    9.73354333e-02 
    8.77904274e-01   1.07832896e-01   2.73624399e+00   6.90343778e-01
   -1.90071993e+00  -1.09312469e+00  -9.71491567e-01  -9.03057764e-01
    1.60402019e+00   1.20671276e+00   2.38690478e-01   7.53325955e-02
   -1.96816794e+00   2.48852666e-01  -3.31828734e-01  -1.22497391e+00
    2.14611936e+00  -1.42574676e-01  -1.37950321e+00   1.20514620e+00
   -1.28235234e+00  -2.09931799e+00  -1.06840559e+00   1.31941524e+00
    1.22538725e+00   1.14440259e+00  -1.88439280e+00  -7.90847431e-01
    1.65910334e+00  -3.46628424e-01  -2.43963356e+00   8.34332148e-01
   -3.04738618e-01 
   -1.02134251e+00   7.67493272e-01  -1.27593607e+00  -9.36367276e-01
    1.42788351e+00   1.17766715e+00   1.27340296e+00   3.66275293e-01
    3.37048473e-01  -8.70522076e-01   2.24306044e+00  -2.34036334e+00
    6.42318424e-01  -1.03327161e+00  -3.09225338e+00  -2.20094630e-02
    3.71349509e+00  -2.65048881e-01   6.29762910e-01  -1.82687564e+00
   -1.12235590e+00   7.36325560e-01   9.15398204e-01  -2.63861518e+00
    3.02620909e-01   4.97697023e-01   2.03113679e-01   1.76825371e-01
   -1.74217085e-01   3.27030456e-01  -1.77174092e+00  -4.27369090e-01
   -1.02811267e-01 
   -1.38652257e+00  -1.11247922e+00  -1.95249729e+00  -1.65285794e-01
    3.00175989e-01  -2.29176201e-01   2.02156793e-01  -1.22181259e+00
   -4.55610390e-01  -2.54734785e+00   1.29656945e+00  -2.47549255e-01
   -3.54045982e-01  -2.26944674e+00   2.51298184e+00  -1.29529043e+00
    6.28503335e-02  -1.38442904e+00   2.64609969e+00   1.48281379e-01
    1.32470956e+00  -1.32515284e+00  -2.78220072e+00   2.02667960e+00
    1.91231752e+00   1.54669273e+00  -1.49729061e+00  -3.68243397e-01
   -1.05246331e+00  -6.46864190e-01  -9.61447606e-01   1.19598952e+00
   -1.02862843e-01 
   -4.48293962e-01  -8.81973459e-02   7.09023638e-01   8.69570735e-01
    8.31016225e-01  -6.41602432e-01  -3.52129747e-01  -3.44197022e+00
    9.18975763e-01   8.11115237e-02  -1.64875049e-03  -1.40347689e-01
   -5.55007984e-01   1.85650859e+00  -9.36578806e-01  -1.84534846e+00
   -1.15220126e+00   2.93025781e-01  -2.72713135e-01  -2.73370129e+00
    4.28321512e+00   4.28102588e-01   4.59418096e-01   4.50662656e-02
   -1.05191430e-01   5.06356398e-01  -1.62567656e+00  -1.45082445e+00
   -3.33345276e+00   6.29103372e-01  -2.69975139e-01  -1.04714861e-01
    2.09858031e-02 
    5.58937309e-01  -5.69662721e-01   3.17027145e-01  -1.28968192e+00
   -5.17745217e-01  -1.49010494e+00   1.35563497e+00   8.52414182e-01
    3.48806423e-02  -2.26404920e+00  -5.24469887e-01   2.08355868e+00
    3.20930103e+00  -1.58066842e+00  -1.16981811e+00  -3.69518469e+00
   -8.44388165e-01   1.63510940e-01  -4.61135059e-01   2.66994645e-01
   -8.37874027e-01  -4.36844351e-01  -4.61089056e-01  -5.86637821e-01
   -1.65055405e+00  -1.54559237e+00   1.19578994e+00   3.15268024e-01
    3.49901214e-01   2.57117712e+00   5.20559094e-01   6.91414665e-01
   -2.68849388e-01 
    2.46321192e-01  -9.45538697e-01   1.87584729e+00  -6.43206092e-01
    1.36019608e+00  -1.22902351e-01  -9.88960829e-01   2.59797172e-01
    2.80585842e-02   4.13220017e-01  -3.91238197e+00  -8.50616842e-02
   -3.47175386e-01  -1.08887167e+00  -4.56947809e-01   2.08016716e+00
   -2.21998871e+00  -4.64715332e-01  -2.33769004e+00  -1.21242927e-01
   -2.25908735e+00   5.19057977e-03  -2.61054145e+00   4.18004435e-01
   -2.15233801e-01   2.81782345e+00   6.55315993e-01   6.15210123e-01
   -1.58010014e+00   1.18381104e+00   9.27741176e-01  -3.14010116e-01
   -5.28169395e-01 
   -1.77609058e+00   2.06667718e+00   1.07880562e+00   1.14595566e+00
   -1.88529633e+00  -2.84836341e-01   1.12421542e+00  -2.00825800e+00
    1.91595580e+00   1.64048399e-01   4.02952009e-01  -1.30623850e+00
    1.05182291e+00  -1.39835801e+00   1.84594824e+00   1.36415810e+00
   -9.40813309e-01  -1.81831203e+00  -4.51840599e-01   4.32435036e-01
   -1.33923562e+00  -1.51204899e+00   1.98495580e+00  -1.41119290e+00
   -1.54387798e+00  -7.24750612e-01  -3.32282556e-02   6.27695106e-01
   -1.20974077e+00  -2.14563265e-01   1.27605496e+00  -1.51972841e+00
   -5.35124669e-01 
    7.29297527e-01  -6.31302219e-01  -5.08293621e-01  -1.01501889e+00
   -2.13329651e-01   1.16745689e-01  -8.42577638e-01  -2.26303695e+00
   -2.13712715e+00  -2.13570464e+00  -1.71816836e+00   1.50812923e+00
   -1.96566263e+00  -1.32302964e+00  -8.09433664e-02  -8.98633341e-02
    7.73693801e-01   1.20745031e-01  -1.89897301e+00   1.88001499e+00
    1.15514024e+00   1.24773161e+00   7.70015519e-01  -2.45984661e+00
    2.53499576e+00  -3.57631987e-01   1.44939657e+00   9.86516427e-02
    2.04072191e+00   3.06631607e-01   1.27818857e-01  -1.34176620e+00
    2.49349826e-03 
   -3.99677522e-01  -2.22947102e+00   1.24437821e-01   6.52263686e-01
   -4.47158995e-01   9.39783389e-01  -8.83489544e-01  -2.26002649e+00
   -1.21208798e+00  -1.10859655e-01   1.03224232e+00   5.50643894e-01
   -2.61377513e+00   1.85864119e+00  -4.96723713e-01   1.97654653e-01
    7.89131873e-01  -1.05251294e+00   8.01782945e-01   1.32697366e+00
   -5.10589541e-01  -8.30124910e-01  -1.14646814e+00  -2.42775007e+00
   -1.82457840e+00  -1.56265077e+00   2.89430219e+00   7.85091228e-01
   -1.06935216e+00  -3.74236790e-01   1.32239959e+00   2.11207738e+00
   -2.88219978e-01 
   -1.43225565e+00   3.59946458e+00  -9.19559011e-01  -2.36585457e+00
   -1.90075488e+00  -9.51686120e-01  -1.06007922e+00   2.55923951e-01
    1.00936391e+00  -2.02509550e+00  -2.47059596e+00   3.98206289e-02
   -8.28113987e-01   1.31968079e+00   2.70055608e-01   1.47612242e+00
   -8.45524126e-01  -4.18033024e-01  -9.44393687e-02  -6.24125705e-01
    7.62907459e-01   1.77591646e+00  -4.30727750e-01   8.78702164e-01
    8.44468648e-01  -1.74612537e+00  -1.21642074e+00   1.76825944e-02
    7.37828847e-01  -7.65654132e-01   1.16243703e+00   9.74123000e-01
   -4.37586778e-01 
   -4.68258233e-01  -7.17400368e-01  -2.42017786e+00  -1.85719459e+00
   -1.90266991e+00   7.53843691e-01   2.48856543e-01  -2.46156244e-01
   -4.53370865e-01   2.64735093e+00   1.26130741e-02   2.00168740e+00
   -1.02683301e+00   6.90106928e-02  -2.61958098e-01  -1.22331757e+00
   -5.40434670e-02  -1.03085203e+00  -2.92066994e-01  -1.19116522e+00
    5.41040994e-01  -4.34769673e-01  -8.13423928e-01  -7.00697287e-01
    1.28324017e-01  -2.92599699e-01  -1.52778471e+00   4.54072453e-01
    1.37053666e+00  -1.08111574e+00   1.67947878e+00  -4.06638222e-01
   -1.83567962e-01 
   -2.94564362e-01  -7.56469559e-01   5.87370735e-01   1.70554169e+00
   -2.03298618e+00   1.05791958e+00  -1.78128779e-01   8.12919496e-01
    8.65792038e-01  -6.47517404e-01  -8.52268470e-01   2.19675387e-02
   -1.55093107e+00  -6.08274790e-01  -2.30838229e+00   1.70597743e+00
   -2.58660771e+00   2.63103671e-01   8.76291567e-01  -7.04060950e-01
    6.06179365e-01  -6.48740555e-01   1.22164648e+00   2.95729434e-01
    3.37168960e-01  -1.92873580e+00   9.01178486e-01  -1.17007598e+00
    1.96835760e-01  -8.78930227e-01  -7.42405726e-01   6.24684376e-01
   -3.71020137e-01 
   -6.37368743e-01   1.62079793e+00   1.67485167e-01  -1.06168244e+00
   -9.60096260e-01  -1.86982145e-01   8.30518315e-01   1.24399838e+00
   -6.90274337e-01   4.99246798e-02  -8.24941366e-01  -6.01286676e-01
    2.53014353e-01   3.88406982e-01   1.42046111e+00  -9.52775640e-01
    4.16522754e-01   2.24167603e-01  -1.03603207e+00   4.10223085e-01
   -5.34554202e-01   8.65538179e-01  -1.88633349e-01  -3.02116552e-01
    8.26938725e-01  -1.25036141e+00  -4.38472400e-01  -2.44522888e-01
   -1.63454825e+00  -3.04330830e-02  -1.50884808e+00  -2.36206739e+00
   -7.91014174e-01 
   -3.42710841e-01  -1.39213140e+00  -1.91790331e+00   1.50833411e+00
    1.27228290e+00   8.07441592e-01  -5.00481097e-01  -3.52479320e-01
    1.32463465e+00   1.07811016e+00   1.16812282e-01   3.63065121e-01
   -2.95886327e-01   2.34615507e-01  -7.46969091e-01  -3.54569636e-02
   -7.54224576e-02  -1.42336334e+00  -6.14445674e-01   1.36955136e+00
   -5.73586111e-01   5.02305345e-01   1.98073856e-01  -1.30971922e+00
   -4.92891693e-01  -1.13259432e+00  -1.39229446e+00  -4.47710674e-01
    9.75841620e-01  -5.43044826e-01  -7.70238398e-01  -4.27331938e-01
   -6.46247597e-02  