NN 16 32 16  -4.09424373 -1.07050741  0.17559154  0.55960538  2.85411674 -1.137042
  -2.1469109  -2.38954493  3.63471913 -1.24911542 -0.32949086  0.12383913
   0.92780027 -0.20620417  0.31952353 -0.65989966 -0.93339825 
   0.72223523 -0.66136488 -0.25536714  0.14947091  0.8323281  -0.22073629
   0.17202797  0.57718641 -2.95770696  0.77907341  2.34134538 -4.32835135
   0.92246802  0.69642394 -2.4284423   1.44146173  0.70318155 
  -1.25602218  0.14332871 -2.48737605  0.90722306  3.03913156 -1.90735538
  -0.85910116 -0.7919021  -0.93448471  0.66135556 -0.65490126  0.29433754
   1.47132651 -0.64972905 -0.24592318  2.25154547  0.21214015 
   1.75014625 -0.67816978 -1.42189212  1.0259055   0.25799607 -1.13296212
   0.87938632 -0.54595075 -1.65605965  0.97414076 -1.72185723  1.78924543
   1.80103834 -1.75409953  1.3086725  -2.07567514 -0.17233226 
  -0.16794488 -1.8098329   1.67220099 -1.52499266  0.05435306 -0.66853829
  -0.096854   -2.15965924  1.28494172 -0.55297443  0.07193569  2.18351491
   1.5697716   2.34947049 -0.1598727  -1.49144032 -0.67381897 
  -0.3737351   1.30000424  2.05839471 -1.32853326  0.85868562  1.21841166
   2.33560845 -0.58458242  0.07452836 -0.15586998 -2.29026207  0.44304415
  -0.81710421 -1.39867592 -0.38375244  0.09315948  0.21519413 
   1.30966899  1.59280732  1.58156911 -2.04776035 -0.05126619  0.39357206
  -2.19038043  1.70017483 -0.55539349  0.58066915  0.9362014   0.07105045
  -0.04437425 -0.39784425 -1.44495357  0.8416842  -0.74215057 
   0.88382673 -1.4548613   1.25315815 -0.36166498  0.69063074  4.56291003
  -2.44369064  0.03549092  2.76765954  2.56470602  0.45126908 -0.21863486
  -0.56797682 -2.80254462 -1.44121311 -0.08596148 -0.612462   
   0.13126674  2.89798165 -0.6671007  -1.20349886  0.70487561 -1.35072171
  -1.43064201 -0.29949525 -1.79918174  2.406286    1.4866549  -1.25173489
   1.09005688 -1.95034156  1.51148739 -1.84321727 -0.1805645  
  -1.25975299 -0.29716688 -0.79805297  1.29279294  1.8117756  -0.81038706
   1.17740109 -0.7400929  -1.18605117  0.65599911  0.99977257  2.2909795
  -3.23757139  0.37156309 -0.89162314 -1.42043893  0.39327929 
  -0.74134552  0.4518684   0.15810187 -2.81698812 -2.66748377 -1.44857905
   0.26689742  4.74373077 -1.45757021  0.53597702 -0.43236875  3.22250794
  -1.23114859 -0.36812274 -0.02405871  0.09903963 -0.5742183  
   3.31120824 -0.78597075  0.24744479  2.01241242  1.70934027 -0.78705184
  -1.27748457  0.70959392  0.30275261 -1.34519068  0.63728585 -0.61771697
  -3.14256233  0.51839838  1.17260926 -1.21959916 -0.36493227 
  -0.13897239 -2.70607801  1.62025982  0.29308262  0.01899095  0.29036584
  -3.64856651 -0.5213514  -1.84249747  1.122322    3.30600879  0.05627319
  -0.44178581  1.36483184 -0.47333004 -0.75125607 -1.31607511 
  -0.67784844  0.51386407 -0.43759791  0.09187022  2.58239003 -2.21990852
   1.30783028  0.9458053   1.15041854  1.53377925 -2.24072815 -1.69226961
  -1.24708201  0.24795756 -0.40141439 -0.07792494 -0.10519948 
   2.05059133 -2.00756041  0.82785703  3.19639707 -2.38626165  0.75463442
   0.31730992 -0.99922578 -1.48276089 -0.06529555 -0.57754959 -0.2927753
   0.72258203  2.45205149 -2.29278005 -0.18451037  0.60597438 
   1.68139081 -1.17929472 -0.34543162  0.09616805 -0.30105367 -0.29713932
   3.22829218 -3.01378993 -1.10917869 -1.02765252 -0.65367547 -0.89887513
   1.22320197 -2.08852274  0.96467078  0.74276     0.57749574 
   1.63563731  0.74761689 -3.05444374 -4.67119464  1.29879026  0.22653887
   0.5647627   1.5866351   0.82249942  0.53155626 -0.68075036 -1.24933142
  -0.31785444  1.72025116 -0.4821247   1.36119364  0.40418164 
  -1.74684778  0.67134487 -0.27020074  0.38588574  0.68016201 -2.09218105
   0.38529449  0.30685738  1.5120815  -0.93231038  1.46169586  0.39454341
   0.87112733 -1.16486665 -0.81457663  1.26836589 -0.76692285 
  -0.05528317 -2.62606702  2.26458233  0.05633152 -2.58981374  0.3041695
  -0.34903087  1.73920834  0.03929053  1.55352698 -1.61632802 -0.37799251
   0.52576736 -1.00471853  0.69677686  0.72973841  0.16584473 
  -1.32844504  0.57411799 -0.79317748  2.38400231 -0.88370805  1.90972143
   1.3960815  -1.89495302  0.11301862 -1.7909131  -0.45996335  0.5281039
   1.72063924 -0.33819472 -0.37041774 -2.59073904  0.29952974 
  -0.34605035  2.87024743  1.4496884  -0.57851312 -0.09951287 -5.01719462
   1.40650942  3.61813034  1.43680366 -2.59601448  0.86150625  0.13065035
  -0.32047482 -0.7927416   0.93176345 -0.31415629 -0.20290414 
  -2.92337426  0.87002939  2.10867237 -0.09252224  1.71119337 -0.9464238
  -1.75293439 -0.155737    2.40498689 -1.04089787  0.3423813  -1.83875999
   0.36880425  0.43110174 -1.325808   -0.54768149  0.61669668 
  -0.08170979 -0.84974524  0.39660647 -0.52361876  2.46984695 -1.1214943
   0.16446716  2.64910377 -2.78724741 -0.97521267  1.48268196  0.97733836
   0.37468516 -0.88566308 -0.5144212  -1.36796962 -0.39499234 
  -2.02705299  0.14787891 -1.43613612  2.10921654 -0.99449993  1.20857935
   0.91436927 -0.77645751  1.12074995  1.42246836  2.01266828 -1.67465042
   0.84258325 -1.45671949  0.6231749  -0.36467813 -0.63422507 
   2.33792987  1.68012624 -2.22292346 -1.43187408 -3.82772204 -1.73900835
   0.95872111  0.56474806  1.41514088 -2.4567103   1.78633316 -0.07600193
   0.82867445 -0.4239735  -0.80201467  0.17514168 -0.1388823  
   2.0404768   0.35364269 -2.20414172  0.15828737 -1.18361423 -0.64922221
   3.02967699 -3.2790697  -0.20268492 -0.29668517  0.17365228  0.78318978
  -0.22514358  1.32064869  0.74317927  1.41176635 -0.47736068 
  -0.59265081 -0.07636665  2.03731548 -0.21600198  1.95131373  1.98083139
  -3.61679319  0.43109318  0.33633266 -0.8407612  -3.59455247  0.04015482
   2.30787975 -1.48887148 -0.13309049  3.45745944 -0.26014062 
  -0.63924361  3.2596954   1.12918207  0.06116481 -1.45186188  1.84854417
  -0.68302332 -0.01852241 -0.88485566 -2.50803016 -0.16598396  0.11416534
  -0.91104019  0.71205924 -0.15715008  0.76958056 -0.67628689 
  -0.16573546 -0.96238318 -1.38686215  0.05060746 -0.22923598  2.77371642
  -0.60353773  0.84343362  0.27248306 -3.11635251  1.13206938 -0.39013115
  -1.68393119 -0.07145013  3.38161635 -1.68999519  0.68400949 
  -0.175187    2.88900166  0.13365383 -1.07489003  0.99144298 -1.78794965
  -2.57584823 -1.18567722 -0.6293787  -0.98790451 -0.25500272  0.85789008
   0.89324944  0.53700886  0.30698661  0.98959582 -0.17831844 
  -0.7828172   0.08069589  3.2637126   1.90398758  0.76990697  0.57276854
  -2.44891168 -1.45413563 -0.82971542  0.61292362 -2.20410254 -1.56035947
  -1.88872322  1.89424577  1.9262969   1.2543023   0.248272   
   1.76473123  0.82929702 -1.21846625 -0.25712893 -0.8843471  -0.12164655
  -0.37021956 -0.56067025  1.90302395  1.81156175 -2.54980463 -2.16018822
  -0.55123743 -1.82481941  2.57300869  0.92357176 -0.55586177      3.75597714e+00  -1.06455854e+00   5.00561714e-01  -2.05515882e+00
   -1.07491633e+00   1.50934394e+00  -8.07924973e-01  -1.12156136e+00
    4.80108277e-01   5.72856962e-01  -2.74868424e-01  -3.32467167e+00
   -8.85607585e-01   5.81174141e-01   1.06111016e+00  -1.42351603e+00
   -2.17947924e-01  -1.44732486e-02   5.47325767e-02  -1.53139109e-01
   -2.03943201e-01   1.65100222e+00   7.35015431e-01   2.14052333e+00
   -1.26612583e+00  -1.02971739e+00   3.27040580e-01  -5.38973003e-03
    6.55743963e-02  -3.87538261e-02   1.09056193e-01  -1.07628797e+00
   -5.32858056e-02 
    5.31698499e-01   4.70090071e-01  -3.16639054e-01  -3.09318194e-01
    1.16376317e+00  -2.78867012e-01  -1.19367502e+00   8.43211023e-01
   -2.06225818e+00  -2.43716817e-01  -8.27222062e-01  -3.81912536e-02
    1.18457431e+00  -1.88864232e-01   1.48476068e+00   3.17236097e-02
   -1.72523923e-01  -1.17736663e+00   2.07795377e+00  -2.10297500e+00
   -1.38650137e+00   3.27590209e-01   4.96104378e-01   1.71973896e-01
   -1.19501251e+00   7.25830170e-01   6.56793206e-01  -4.68622660e+00
    1.54837309e+00  -1.70707967e+00   1.57115954e-01  -1.13899285e+00
    4.40540011e-01 
    5.41905254e-01  -2.21481904e-01   2.75417593e+00   1.28814051e+00
   -1.75973948e+00  -2.12601620e+00  -1.28078057e+00  -8.68586737e-01
    1.21866109e+00   1.17857005e+00   2.74285531e-01   7.51565338e-01
   -1.89781002e+00   1.08694463e-01  -5.52722828e-01  -1.28306505e+00
    2.12567313e+00   7.06098582e-02  -1.36002677e+00   1.46302944e+00
   -1.25548118e+00  -2.49876480e+00  -9.13926056e-01   1.20091158e+00
    1.27804240e+00   6.47114045e-01  -2.50124050e+00  -4.76534651e-01
    2.21756444e+00   3.94358326e-02  -2.02257292e+00   1.01476457e+00
   -2.40750288e-01 
   -1.53310917e+00   1.90659686e-01  -1.54195412e+00  -1.04641760e+00
    1.93488075e+00   1.18431545e+00   1.21733850e+00   1.00210737e-01
    5.78019021e-01  -8.86621319e-01   2.97874157e+00  -1.95382977e+00
    2.70482684e-01  -8.01620299e-01  -3.31775111e+00   1.52253294e-01
    3.87754866e+00  -1.66554771e-01  -2.65766389e-02  -2.22382317e+00
   -1.10160982e+00   4.34585938e-01   7.71215300e-01  -2.89787624e+00
    6.01752250e-01   4.81074763e-01   5.37898871e-02   1.58584918e-01
   -2.74116789e-01   3.42206615e-01  -1.76079882e+00  -5.82533963e-01
   -2.25759145e-01 
   -2.00295292e+00  -1.29981275e+00  -2.43038594e+00  -6.20986806e-01
    1.93824677e-03  -3.59133099e-01  -2.22535888e-01  -1.26403438e+00
   -4.02652569e-01  -3.18850473e+00   1.53597776e+00  -6.63949162e-01
   -1.16501435e-01  -2.69157000e+00   3.09087902e+00  -1.69592945e+00
   -5.57693765e-02  -1.76939750e+00   2.58076368e+00  -3.92960767e-01
    1.13821765e+00  -1.10018967e+00  -3.56434430e+00   2.14304857e+00
    1.66646913e+00   1.17994586e+00  -1.51838515e+00  -1.12526889e-01
   -2.21092700e-02  -7.99972265e-02  -9.37886204e-01   1.95847427e+00
   -1.91337926e-01 
   -1.64692333e+00  -2.81147049e-01   6.24686882e-01   2.59181993e-01
    1.28037055e+00  -7.06875946e-01  -4.21285529e-01  -3.54322739e+00
    1.23825991e+00   2.38594421e-01  -1.21905955e-01   4.77577310e-01
   -9.27156945e-01   1.97934778e+00  -7.09700897e-01  -2.16093124e+00
   -1.40618927e+00   7.54855504e-01  -1.89221573e-01  -2.47144425e+00
    4.23415702e+00   6.04513084e-01  -2.14544828e-01  -2.62381844e-01
    5.50530133e-01   6.02503989e-01  -1.13931862e+00  -1.78726455e+00
   -3.90065336e+00   8.36586798e-01  -6.27547204e-02   3.61648172e-01
    9.98269191e-02 
    7.42811467e-01  -1.50211400e+00  -5.98181655e-02  -8.21143730e-01
   -3.03461999e-01  -2.77807051e+00   9.71020505e-01   1.03411676e+00
    6.58512177e-01  -2.13808295e+00  -6.03440688e-01   2.73051628e+00
    2.93830760e+00  -1.63859701e+00  -1.12989337e+00  -4.00231254e+00
   -8.63943358e-01   1.18931947e-02   1.42446297e-02  -6.99989396e-01
   -7.88313874e-01  -1.04285310e-01  -2.91165760e-01  -8.03181402e-01
   -1.26343595e+00  -2.21844274e+00   8.79884692e-01   5.61380537e-01
    5.48975982e-01   2.74804559e+00   1.08220980e+00   7.78084490e-02
   -5.18626603e-01 
    1.02255484e-01  -6.21607339e-01   2.26140483e+00  -5.87169161e-01
    2.02397167e+00   7.77635405e-02  -8.72919737e-01  -2.40795295e-01
   -1.48507598e-01   5.76244608e-01  -4.43525513e+00   1.67559038e-01
    3.91436519e-01  -1.93346018e+00  -3.75997200e-01   2.37036125e+00
   -2.53197631e+00  -4.82097294e-01  -2.18477667e+00  -1.80939782e-01
   -2.62273577e+00   2.56355056e-03  -2.98632652e+00   2.60900130e-01
   -3.08719986e-01   3.55459757e+00   4.28432278e-01   8.17652302e-01
   -1.42499686e+00   8.64548317e-01   1.36003654e+00  -1.72675104e-01
   -1.12463564e+00 
   -2.15028755e+00   2.49334704e+00   1.26298940e+00   1.69704236e+00
   -2.05813797e+00  -2.87267660e-01   1.24435568e+00  -2.44248359e+00
    2.42974209e+00   3.32003604e-01   8.12417244e-01  -1.62205695e+00
    1.06742427e+00  -1.77996752e+00   1.83919897e+00   1.24210968e+00
   -6.48229515e-01  -2.61222027e+00  -3.98096999e-01   5.42167373e-01
   -1.52925946e+00  -1.84554909e+00   2.33313338e+00  -1.28441363e+00
   -1.98617693e+00  -3.13250360e-01  -6.09683987e-03   2.54337908e-01
   -1.44304689e+00   7.78107381e-02   1.45608703e+00  -2.03623607e+00
   -5.85356997e-01 
    1.20633841e+00  -1.03579191e+00  -8.86608506e-01  -1.59346967e+00
   -8.79100862e-02   5.28339030e-02  -1.15170199e+00  -2.66137679e+00
   -2.64793727e+00  -2.61141122e+00  -1.98165878e+00   2.05301949e+00
   -2.65221649e+00  -1.49328394e+00   3.89858289e-01   3.84438695e-01
    5.06347471e-01  -3.18598020e-02  -2.36013002e+00   1.73927534e+00
    1.34659483e+00   1.21214198e+00   5.07137352e-01  -2.42631382e+00
    2.74662534e+00  -9.82934167e-01   2.20038657e+00   6.34403392e-01
    2.83366752e+00   5.26165073e-01  -1.03965194e-02  -2.03534716e+00
   -4.97512659e-01 
   -8.85340468e-03  -3.11461146e+00   4.72660973e-01   1.05574347e+00
   -5.67142464e-01   1.45524350e+00  -1.29216478e+00  -2.30222066e+00
   -1.99978828e+00  -2.03821354e-01   1.21074737e+00  -1.54292448e-01
   -2.62018909e+00   1.82525471e+00  -4.11512399e-01   3.22444089e-01
    2.51854495e-01  -1.45453674e+00   1.06141274e+00   1.63640772e+00
   -8.75560799e-01  -1.42857775e+00  -1.41464265e+00  -3.06129846e+00
   -1.58779107e+00  -1.67529782e+00   3.60780904e+00   9.73124747e-01
   -1.21722628e+00  -3.86181982e-01   1.50119985e+00   2.59523904e+00
   -6.46039815e-01 
   -1.13831542e+00   4.76151502e+00  -1.50735704e+00  -2.66555938e+00
   -2.24707257e+00  -1.26663061e+00  -1.16764502e+00  -1.55455316e-01
    1.06717736e+00  -2.41194839e+00  -2.72360839e+00   3.61230952e-01
   -6.50463403e-01   1.31702133e+00  -3.94454707e-01   1.57463259e+00
   -5.87095974e-01  -5.71767436e-01  -2.83721865e-02  -9.58443161e-01
    7.65703874e-01   1.81883939e+00  -6.18878587e-01   1.00119683e+00
    3.88038528e-01  -1.74061088e+00  -1.56881877e+00  -1.60768876e-02
    1.14369128e+00  -1.02999175e+00   1.81029518e+00   1.20656886e+00
   -7.47344599e-01 
   -4.26795705e-01  -9.81787517e-01  -2.53226504e+00  -2.13463035e+00
   -2.16271374e+00   1.01965123e+00  -7.94630492e-02  -1.55211114e-01
   -7.08211983e-01   3.74552292e+00   1.26456645e-01   2.24411794e+00
   -9.80054805e-01   4.35719372e-01  -5.60751508e-01  -1.34522314e+00
   -1.06605880e-01  -1.11901719e+00  -4.64112808e-01  -1.52843588e+00
    2.99434300e-01  -3.37489754e-01  -8.98188233e-01  -7.05275160e-01
   -1.39454596e-01  -1.92711087e-01  -1.97810212e+00   5.29846124e-01
    1.61133134e+00  -1.25622458e+00   2.13726559e+00  -4.28630662e-01
   -2.00980258e-01 
   -2.46886766e-01  -7.92709777e-01   4.58821699e-01   1.97957819e+00
   -2.47034942e+00   1.37411639e+00  -2.44382583e-01   1.15605029e+00
    9.68825189e-01  -7.64996526e-01  -9.47118535e-01   1.40460935e-01
   -1.73085032e+00  -7.63344548e-01  -2.76918945e+00   2.22926850e+00
   -3.15630901e+00   4.92752324e-01   1.03644990e+00  -8.51493777e-01
    9.01972228e-01  -5.69548113e-01   1.51637225e+00   3.70737039e-01
    2.33384545e-01  -2.14844602e+00   9.48203223e-01  -1.35936517e+00
   -1.71413084e-02  -1.21505274e+00  -9.45970732e-01   7.46058608e-01
   -6.09458492e-01 
   -5.91206253e-01   2.34036267e+00   3.60037172e-01  -1.11742830e+00
   -9.63949938e-01  -2.24465164e-01   1.00452949e+00   1.59234855e+00
   -1.11491592e+00   2.79359344e-01  -9.82054018e-01  -6.26079746e-01
    2.32816952e-01   3.87927525e-01   2.04560260e+00  -1.22590331e+00
    5.06980790e-01   2.68553617e-01  -1.47418152e+00   4.27421264e-01
   -8.10244890e-01   9.80158443e-01  -3.79087749e-01  -4.13226983e-01
    1.06461982e+00  -1.20496375e+00  -3.89809278e-01  -4.27729372e-01
   -2.72799750e+00  -1.33988144e-01  -2.00206433e+00  -3.00704624e+00
   -9.74975311e-01 
   -1.58675192e-01  -1.82955654e+00  -2.44898134e+00   2.11678930e+00
    1.38590020e+00   8.75471178e-01  -4.17430415e-01  -5.41544502e-01
    2.16399210e+00   1.27469714e+00   2.00271813e-01   5.48315540e-01
   -3.65797400e-02   2.71496010e-01  -1.07368156e+00  -6.49252143e-01
   -2.83475090e-01  -1.95962857e+00  -9.56279012e-01   1.70281341e+00
   -4.17637559e-01   7.66299923e-01   4.57089815e-01  -1.61105470e+00
   -4.83539013e-01  -1.64632669e+00  -1.68269763e+00  -6.87162620e-01
    1.11744000e+00  -4.92125143e-01  -9.18399221e-01  -6.85493604e-01
   -2.20740292e-01  