NN 16 32 16   -2.90243690e+00  -6.52487189e-01  -4.62515719e-01   7.27824906e-01
    1.45636837e+00  -6.79157629e-01  -1.07713759e+00  -1.39660930e+00
    2.03134456e+00  -1.31841713e+00  -4.12989505e-02   6.68060481e-01
    6.36224885e-01  -1.91978086e-01   2.23873618e-01  -3.03215847e-01
   -7.09253082e-01 
    3.03892364e-01  -1.47967991e-01  -5.11557472e-01  -5.60979428e-01
    8.49904900e-01  -2.48130827e-01  -1.19045553e-02   5.14485896e-01
   -1.95124592e+00   5.81752068e-01   1.72410768e+00  -2.83662499e+00
    4.33458193e-01   6.02418906e-01  -1.47162437e+00   1.04757428e+00
    4.45351097e-01 
   -3.43600187e-01   2.30841146e-02  -2.18310516e+00   1.11451896e+00
    2.15718012e+00  -1.44729045e+00  -5.10008838e-01  -8.72598256e-01
   -1.01441080e+00   2.87252945e-01   1.76587172e-01   3.06123529e-02
    1.41292653e+00  -9.16062841e-01  -6.37350330e-02   1.32125037e+00
    1.58920780e-01 
    1.35208062e+00  -6.54700383e-01  -7.72669076e-01   6.67188420e-01
   -1.66061971e-01  -9.04997507e-01   9.99004216e-01  -1.76432017e-01
   -1.05353403e+00   8.04014523e-01  -1.16681625e+00   1.37294943e+00
    1.41774004e+00  -1.58835517e+00   8.33618224e-01  -1.52589766e+00
   -4.01594040e-01 
   -2.17702547e-01  -1.23572610e+00   1.17149995e+00  -9.50706720e-01
   -3.73490285e-01  -7.68963081e-01  -1.65218500e-01  -1.56479967e+00
    1.23821720e+00  -1.36782006e-01  -3.76203495e-01   1.58686831e+00
    1.45885466e+00   1.76825497e+00   6.36809875e-02  -1.35416712e+00
   -7.69076078e-01 
   -3.14174604e-01   9.24095264e-01   1.06311561e+00  -1.04116554e+00
    3.77095102e-01   1.05985195e+00   1.13473408e+00  -1.75658573e-02
   -3.47180838e-02  -3.30897589e-01  -1.12620818e+00   5.40874051e-01
   -6.44865612e-01  -1.18700667e+00  -2.42262670e-01  -1.88861594e-01
   -1.24924728e-01 
    4.19126322e-01   1.29566967e+00   1.08372447e+00  -1.33357879e+00
   -2.12962293e-01  -4.16127358e-02  -1.63446620e+00   9.46494565e-01
   -5.64837448e-01   3.77118683e-01   6.87129705e-01   5.70679434e-01
   -2.37393728e-01  -3.98584612e-01  -1.09356297e+00   7.18382148e-01
   -5.67125833e-01 
    6.99293943e-01  -1.40546370e+00   8.96669130e-01  -4.01169828e-01
    7.63848944e-01   3.02855625e+00  -1.50784214e+00   2.87354965e-02
    1.93313982e+00   2.08737476e+00   7.77654670e-01  -7.43522788e-01
   -6.10101406e-01  -2.06332701e+00  -1.06353816e+00  -8.17225019e-03
   -6.90795914e-01 
    3.02359740e-01   2.16076322e+00  -9.87738090e-01  -3.88603533e-01
    8.68655916e-01  -9.99465133e-01  -5.58453733e-01  -1.60659376e-01
   -1.36532658e+00   2.06957242e+00   1.05133692e+00  -7.88026797e-01
    4.91068281e-01  -1.60494248e+00   1.01719404e+00  -1.02431034e+00
   -7.96472985e-02 
   -1.48491105e+00   2.30731258e-01  -7.27657571e-01   1.07721171e+00
    1.75626024e+00  -6.22261535e-01   1.19874443e+00  -7.15467830e-01
   -7.06229090e-01   1.27225082e+00   2.64467263e-02   1.55558587e+00
   -2.19827242e+00   4.07003101e-01  -2.84052615e-01  -1.11886533e+00
    1.56100947e-01 
   -6.09522575e-01   6.29362212e-01  -1.63638938e-01  -2.42612135e+00
   -1.91099732e+00  -8.42877383e-01   2.41927679e-01   3.30975797e+00
   -7.77162067e-01   6.97888902e-01  -9.49292240e-01   1.96594930e+00
   -5.82652132e-01  -1.36934549e-01  -2.37821166e-02   1.44312381e-02
   -6.17249637e-01 
    2.30725176e+00  -9.32616814e-01   4.74282102e-01   1.63148603e+00
    1.08447997e+00  -1.95395768e-01  -1.42027333e+00   5.26802198e-01
    2.75589487e-01  -8.14136069e-01  -2.02033767e-01  -4.27801183e-01
   -2.27899118e+00   2.78561185e-01   7.68178024e-01  -4.89717887e-01
    8.73785649e-05 
    1.08249107e-01  -1.38631958e+00   9.16013911e-01  -2.71960399e-01
    1.86647567e-01  -6.25736908e-02  -2.89999722e+00   3.08369267e-01
   -1.77109851e+00   8.97302506e-01   2.50747610e+00   4.62458279e-01
   -2.94098692e-01   9.53986273e-01  -5.44090106e-01  -4.47447236e-01
   -1.04040303e+00 
   -3.43838345e-01  -9.31816654e-02  -8.37204932e-01   3.47263075e-01
    1.76724889e+00  -1.64863664e+00   6.94428436e-01   3.67123721e-01
    8.77761339e-01   1.48841542e+00  -1.89931898e+00  -1.80368651e+00
   -5.55156319e-01   6.37604605e-01  -3.56652710e-01  -1.83911154e-01
   -8.24384256e-02 
    8.48285811e-01  -1.91705456e+00   1.94386672e-01   2.34810656e+00
   -1.89744920e+00   1.08703020e+00   3.04295428e-01  -4.01340652e-01
   -1.50178961e+00   1.19298894e-01  -3.17835473e-01  -5.24575947e-01
    6.58947506e-01   2.17825066e+00  -1.51312519e+00   2.24883849e-03
    6.05208408e-01 
    1.01932688e+00  -8.46436976e-01   8.41295706e-02   1.40313523e-01
   -9.69791210e-02   3.34949181e-01   2.87710378e+00  -2.54902477e+00
   -1.32260440e+00  -5.72347443e-01  -3.87686972e-01  -8.99117578e-01
    1.41956671e+00  -1.53640454e+00   4.44701388e-01   2.39201767e-02
    3.88652575e-01 
    1.40848061e+00   6.12595734e-01  -2.64465769e+00  -3.39676192e+00
    3.83339758e-01   1.60616411e-01   1.11830431e+00   1.53297215e+00
    5.15750598e-01  -2.84524651e-01  -1.09622779e+00  -7.57748969e-01
   -2.38750166e-01   1.84457054e+00  -5.46110065e-01   7.57485601e-01
    7.42801410e-02 
   -1.30781488e+00   2.13586140e-01   3.03006904e-02   9.33244223e-02
    6.96231357e-01  -7.98506446e-01  -1.16976393e-01   4.46957021e-02
    1.24656244e+00  -7.14241225e-01   8.17483476e-01  -2.23441845e-01
    6.36572548e-01  -7.32646169e-01  -4.35579910e-01   8.54889292e-01
   -5.10281030e-01 
   -1.56671256e-01  -1.64585349e+00   1.50654060e+00  -3.11738194e-01
   -2.09121502e+00   4.55238758e-01  -7.23747536e-02   1.41323719e+00
    5.37171084e-01   1.72097147e+00  -1.69593636e+00  -6.93995006e-01
    4.47379365e-01  -9.93029471e-01   5.05417713e-01   5.38379935e-01
    1.05479600e-01 
   -1.15828739e+00   6.18921898e-01  -9.60745443e-01   1.58081029e+00
   -7.23179068e-01   1.96333371e+00   4.01282077e-01  -1.15051884e+00
   -2.51803990e-01  -1.68663387e+00  -7.44378204e-01   5.86753953e-01
    1.55004845e+00   3.90728333e-01  -1.42944324e-01  -1.50316386e+00
    3.99975483e-01 
    1.89955728e-01   2.22926249e+00   1.00109363e+00  -1.73481762e-01
   -4.92020543e-01  -3.58459192e+00   7.77642614e-01   2.71465221e+00
    1.33927882e+00  -1.55723523e+00   5.98989240e-01  -9.22868971e-01
   -6.49304378e-01  -3.92334574e-01   4.16283653e-01   2.93703498e-02
   -2.02523618e-01 
   -2.30189979e+00   6.52719703e-01   1.48949677e+00  -5.68008646e-01
    1.53160971e+00  -8.86945996e-01  -3.90372767e-01  -6.21744804e-01
    1.72691759e+00  -1.20162296e+00   2.03219344e-01  -1.72292130e+00
    4.22033577e-01   5.98990082e-01  -1.04936985e+00  -2.28250696e-01
    5.58982302e-01 
   -6.08773894e-01  -5.05387033e-01   6.46840286e-01  -9.94825954e-01
    1.86746530e+00  -1.38840202e+00   2.38715670e-02   1.98581114e+00
   -2.04051255e+00  -7.47962056e-01   8.49356757e-01   6.15531362e-01
    6.06219840e-01  -6.30078382e-01  -3.32241219e-01  -4.19973293e-01
   -3.14822005e-01 
   -1.62695780e+00   4.73733705e-02  -1.22360305e+00   1.68835770e+00
   -9.54574205e-01   7.35865121e-01   4.95372192e-01  -8.71363599e-01
    1.35621219e+00   1.55301894e+00   1.35221238e+00  -1.65959111e+00
    4.31213943e-01  -1.29292988e+00   3.42292688e-01  -1.81110558e-01
   -6.39084984e-01 
    1.43329445e+00   1.34858416e+00  -1.57706848e+00  -5.91226558e-01
   -2.80797981e+00  -7.44439257e-01   7.79305629e-01   5.04100722e-01
    1.15426696e+00  -2.39246745e+00   2.07692371e+00  -1.08941783e-01
    1.16216827e-01  -9.38812900e-02  -6.46806614e-01   4.66040223e-02
   -1.45494221e-01 
    1.24257406e+00   2.17895096e-02  -1.33329867e+00  -2.83550385e-01
   -1.00356955e+00  -3.28429646e-01   2.14082452e+00  -2.81586937e+00
    2.66683334e-02  -3.74828016e-01   5.57386999e-01   1.11186373e+00
   -5.57618470e-02   1.21851639e+00   9.70275014e-01   5.33768315e-01
   -5.94558079e-01 
   -7.48533203e-01  -7.87580402e-01   1.73595594e+00  -1.19428946e-01
    1.23313201e+00   1.45175402e+00  -2.13479090e+00  -2.56058628e-01
    2.45301558e-01  -4.84848478e-01  -2.48417528e+00   4.47018370e-01
    1.43348813e+00  -9.81597290e-01   1.90247743e-01   2.08254640e+00
   -1.33792601e-01 
   -7.74112219e-01   2.17095897e+00   1.25361664e+00   1.02293651e-02
   -7.33681468e-01   2.10642044e+00  -3.18853488e-01  -2.14887621e-01
   -1.08210206e+00  -1.44947343e+00  -4.88854968e-01  -3.55542899e-01
   -8.43594925e-01   4.86581582e-01  -9.09625280e-02   4.83190440e-01
   -4.06811756e-01 
   -2.96269751e-01  -1.30439255e+00  -7.63673329e-01   2.39617270e-01
    5.56951139e-01   2.15788307e+00  -7.45210045e-01   7.14259821e-01
    4.86562068e-01  -1.93754820e+00   1.12018287e+00  -8.28837652e-02
   -1.17149262e+00   1.24379665e-01   2.05732074e+00  -1.06944019e+00
    3.92454742e-01 
   -3.21872726e-01   1.52455880e+00   6.89425642e-01  -5.35655268e-01
    6.25863215e-01  -1.10297692e+00  -2.09446814e+00  -1.41599492e+00
   -6.04110361e-02  -5.97927577e-01   5.02318644e-02   7.56964115e-01
    5.82464197e-01   3.37763369e-01   4.90557527e-02   8.70025203e-01
    1.24467674e-01 
   -1.24441289e+00   2.97013900e-02   2.20225544e+00   1.36966013e+00
    1.08475168e+00   2.57915429e-01  -1.33380254e+00  -9.55247562e-01
   -5.07142165e-01   7.22396054e-01  -1.68434556e+00  -1.21331644e+00
   -1.30917526e+00   1.06875738e+00   1.02017654e+00   7.44842598e-01
    2.50981931e-01 
    1.21300978e+00   9.05401399e-01  -9.18018645e-01  -3.31069022e-01
   -7.14049981e-01  -1.54255478e-01  -8.78104608e-01  -1.81864896e-01
    1.37241872e+00   1.21999990e+00  -1.62271704e+00  -1.40685098e+00
   -2.94881761e-01  -1.42438457e+00   2.14057385e+00   4.36737615e-01
   -4.46274280e-01     2.779805   -0.59430848 -0.05287216 -1.73923033 -0.60505062  0.63189459
  -0.32411063 -0.73748255  0.53046486  1.18193677  0.42447804 -2.48626668
  -0.95772724  0.19662214  0.37142646 -1.50891923 -0.49183023  0.35363175
   0.2162331   0.67993434 -0.38468468  2.46661895  0.39066058  1.94197909
  -2.22147394 -1.11347552  0.51275736 -0.0540227  -0.23816352 -0.39503181
   0.70008625 -1.58827114 -0.26605619 
   0.58666099  0.25426243 -0.4091566   0.25753555  1.12549841 -0.41010462
  -1.27050167  0.88927896 -2.18052661 -0.41061901 -0.78369717  0.22320619
   1.49914452  0.06975827  1.92789498  0.39027546  0.02528132 -0.67757993
   1.81710066 -1.92910646 -1.63008274  0.25549189  0.16752615  0.2322713
  -1.63450527  0.37520256  0.69527596 -3.52724944  1.08934637 -1.46178647
   0.08867079 -1.2821784   0.09704485 
   0.93636072  0.14297188  2.62221717  0.54430774 -1.93847214 -0.94527268
  -1.05683467 -0.95800401  1.52647328  1.14193495  0.23359633 -0.18577832
  -1.78728874  0.26689377 -0.4040855  -1.20958377  2.14545151 -0.20443571
  -1.37008592  1.15869409 -1.35436662 -2.02857406 -1.01307169  1.22737794
   1.16695141  1.14131814 -1.89255312 -0.76410647  1.70076805 -0.39297807
  -2.49119319  0.78184038 -0.39439676 
  -1.00520604  0.87358094 -1.25931886 -0.84630526  1.34702142  1.16126196
   1.2723881   0.28526906  0.31454456 -0.89463327  2.14237719 -2.32867958
   0.62926902 -1.01039531 -2.99696619  0.1658227   3.66918084 -0.2886804
   0.78638501 -1.76646345 -1.16050443  0.7345371   1.00094084 -2.63874332
   0.23285959  0.46616326  0.2759027   0.1137123  -0.23092668  0.32272568
  -1.71341028 -0.37489661 -0.08309162 
  -1.27972857 -0.99976297 -1.90148541 -0.0824299   0.30898812 -0.2335655
   0.39104817 -1.04570138 -0.36219568 -2.53841273  1.33779048 -0.35031976
  -0.27761068 -2.31834456  2.42597427 -1.15182502  0.09819516 -1.35964638
   2.69880188  0.13030136  1.31055512 -1.25143142 -2.67267253  2.01187453
   1.79738044  1.58482399 -1.46023712 -0.38550107 -1.10031415 -0.62613
  -0.93465827  1.08690487 -0.06921703 
  -0.27142858 -0.04718855  0.72695646  0.87631484  0.90210205 -0.64776921
  -0.33333184 -3.43399167  0.92414327  0.08669901 -0.07408107 -0.16510617
  -0.54103168  1.83356334 -0.93497468 -1.76477667 -0.94759177  0.37560468
  -0.29886426 -2.72650243  4.26206521  0.44533575  0.52210903  0.04529262
  -0.09080201  0.61375779 -1.59246694 -1.51293422 -3.13665852  0.67070899
  -0.29148306 -0.07122209  0.08715079 
   0.43475966 -0.52871248  0.40797756 -1.11403688 -0.55124621 -1.3003041
   1.40459694  0.80174154  0.03450875 -2.23852227 -0.51990637  2.02741732
   3.28984575 -1.58677318 -1.17661652 -3.61695655 -1.06208031  0.10944629
  -0.60800804  0.27038341 -0.83059258 -0.47909004 -0.38751483 -0.70867451
  -1.77206595 -1.47664745  1.10729532  0.37280128  0.190378    2.60912921
   0.4511533   0.67120445 -0.30324615 
   0.09723731 -0.883039    1.94125115 -0.47974593  1.3861735  -0.02716471
  -0.90644784  0.21806872  0.09653649  0.48492907 -3.81176014  0.00520636
  -0.43196466 -0.97581258 -0.49247446  2.18439926 -2.04590261 -0.50612778
  -2.32677746 -0.13981874 -2.22318352 -0.01712686 -2.43432306  0.25344913
  -0.27483187  2.79418706  0.67732024  0.52703509 -1.59696931  1.25877343
   0.87386271 -0.45078214 -0.43631512 
  -1.70398071  1.97028228  1.0136244   1.05335695 -1.91418026 -0.20350626
   1.10685995 -2.00616986  1.82124879  0.1607603   0.3877246  -1.26300864
   1.01590465 -1.32194743  1.84032054  1.29742028 -0.90114235 -1.7695642
  -0.43291019  0.45647035 -1.32340488 -1.48315651  1.92510568 -1.53818214
  -1.42877522 -0.77509345  0.04615482  0.72195885 -1.07098379 -0.23058324
   1.23978829 -1.45039264 -0.50722157 
   0.66593853 -0.60061035 -0.6154657  -1.05901384 -0.21481598  0.05050396
  -0.86037179 -2.19779722 -2.19830535 -2.09815611 -1.73895036  1.4023264
  -1.87302479 -1.34652141 -0.02310486 -0.08957861  0.80167411  0.02872396
  -1.87314712  1.85248528  1.03123735  1.15738382  0.7374654  -2.50052048
   2.5085652  -0.29872633  1.29361261  0.04624575  1.99915903  0.19201743
   0.03649925 -1.35766141 -0.03223105 
  -0.5573473  -1.99171915  0.17992975  0.68988455 -0.50785185  0.80357198
  -0.85915612 -2.12126417 -1.07474563 -0.12021512  0.95536982  0.73212028
  -2.56188823  1.93275823 -0.33822357  0.18532775  0.8746762  -1.06708979
   0.88386003  1.29703214 -0.53673496 -0.86208206 -1.11996041 -2.24502137
  -1.85314439 -1.57238973  2.88412685  0.69079983 -0.97473853 -0.43373142
   1.38006232  2.15659104 -0.18024445 
  -1.41442023  3.50310707 -0.87115689 -2.33264194 -1.82690173 -0.91859904
  -1.01710751  0.27899563  0.98508955 -1.99512453 -2.41151857  0.01880071
  -0.86298834  1.31731386  0.28417458  1.43597256 -0.78325303 -0.36704027
  -0.1526944  -0.6194211   0.81839096  1.76872544 -0.38164292  0.77478347
   0.99910609 -1.74320939 -1.24013293 -0.03277904  0.73957023 -0.75645869
   0.93372608  0.93197089 -0.40973217 
  -0.47906435 -0.70879331 -2.38620556 -1.81038576 -1.88192895  0.68207008
   0.23731583 -0.25804314 -0.42451682  2.49832526 -0.03197318  1.97378056
  -1.02973492  0.04084117 -0.21703233 -1.21377153 -0.08975793 -1.03963661
  -0.28891007 -1.13728105  0.50674285 -0.48562253 -0.83268302 -0.6870521
   0.12142038 -0.34473487 -1.47016998  0.41727635  1.32993111 -1.06655882
   1.60191058 -0.3971362  -0.21363062 
  -0.27166493 -0.73355313  0.61839667  1.66407678 -1.9736761   1.03701153
  -0.1891765   0.7963181   0.86397278 -0.61219121 -0.86131605  0.02275068
  -1.53336935 -0.54985875 -2.25325194  1.67681387 -2.51389828  0.26713871
   0.8635842  -0.67914055  0.60302189 -0.61290188  1.17920364  0.30869766
   0.33865206 -1.87123143  0.90509023 -1.15662193  0.22682502 -0.83870481
  -0.69666745  0.62813867 -0.33001292 
  -0.65815247  1.55464741  0.22323844 -0.98622666 -0.95691151 -0.22531575
   0.81865673  1.16832484 -0.58079557  0.06531709 -0.72887737 -0.5840582
   0.32673565  0.39736059  1.34965942 -0.9759329   0.42943329  0.1857871
  -0.98665069  0.40325391 -0.51068088  0.74480608 -0.14465394 -0.24585504
   0.81549532 -1.18414047 -0.48229813 -0.23874481 -1.56333038  0.01299563
  -1.46731891 -2.24950117 -0.74919293 
  -0.33388418 -1.31970364 -1.78305559  1.25081495  1.09197159  0.71593353
  -0.53831041 -0.42985102  1.15848208  1.00137422 -0.04589919  0.21855672
  -0.43266114  0.23670091 -0.839817    0.02570559 -0.12333889 -1.33804272
  -0.73232747  1.30191129 -0.6873523   0.45840301  0.09161555 -1.29473096
  -0.54386533 -1.21232469 -1.35786839 -0.41465571  0.82446048 -0.49260754
  -0.79346193 -0.41787217 -0.19971715  