NN 16 32 16  -4.28577299 -1.33788061  0.05316677  0.68636881  2.69727363 -0.88788454
  -2.27296992 -2.42297159  3.75105372 -1.18573984 -0.33903652  0.06733602
   0.84613202 -0.1813807   0.28666452 -0.70018801 -0.96584234 
   0.50941446 -0.55673677 -0.21635428  0.14555178  0.82217282 -0.16333127
   0.16329113  0.67406722 -2.99895311  0.77961142  2.33635956 -4.53027266
   0.95188678  0.68178099 -2.43800292  1.46246193  0.72228121 
  -1.48676745  0.08322323 -2.45033427  1.0167765   3.05828535 -1.89550122
  -0.88439555 -0.90600432 -0.91110817  0.77727341 -0.68436333  0.251135
   1.48871482 -0.60876873 -0.25718045  2.32135542  0.22441563 
   1.74872236 -0.57462331 -1.44033446  1.21359997  0.3541084  -1.10538609
   0.76423533 -0.51605843 -1.68326152  0.95272119 -1.7319545   1.80808804
   1.82661085 -1.78461266  1.35079838 -2.09893722 -0.13472944 
  -0.04333171 -1.85434277  1.74617675 -1.33397989  0.12099709 -0.76816954
  -0.18655491 -2.14441743  1.27526041 -0.64982485  0.05552155  2.24726451
   1.59758411  2.401563   -0.18671349 -1.51007971 -0.683008   
  -0.38966498  1.24148481  2.19048242 -1.3157116   0.80489294  1.15981864
   2.35415126 -0.56645827  0.06827533 -0.22211376 -2.44231821  0.3835988
  -0.87915119 -1.4627243  -0.4189727   0.04774982  0.18614676 
   1.29610314  1.53014352  1.64707003 -2.14235826 -0.05561241  0.38857698
  -2.33284835  1.66110713 -0.56740127  0.63600692  0.84667587 -0.01737674
  -0.07559975 -0.45906142 -1.50806869  0.81135124 -0.79670187 
   0.92483627 -1.59714048  1.37134351 -0.45508956  0.62036543  4.56628971
  -2.54692596  0.00612212  2.81833239  2.5337861   0.3255419  -0.25632623
  -0.57733811 -3.04896296 -1.53273514 -0.15682815 -0.70038667 
   0.09218974  2.92297966 -0.69575262 -1.15501335  0.70599201 -1.27094537
  -1.45520073 -0.32863829 -1.77793958  2.50171827  1.48478646 -1.43837857
   1.13649032 -2.04705141  1.5472576  -1.91429618 -0.18043743 
  -1.23478558 -0.41542061 -0.8164731   1.28105     1.83069271 -0.49431643
   1.22955354 -0.81706208 -1.13363549  0.73859607  1.16179202  2.38869433
  -3.25227201  0.41479715 -0.84074507 -1.3703284   0.48842198 
  -1.00822036  0.48256181  0.21240558 -2.84682597 -2.74556986 -1.4259894
   0.35246228  4.79849733 -1.57973598  0.63442326 -0.47818077  3.14523482
  -1.30614608 -0.46106181 -0.13163738  0.05089796 -0.64098223 
   3.45634721 -0.77513235  0.26539948  2.06578431  1.65870287 -0.90974054
  -1.09545622  0.66937843  0.25399232 -1.41465991  0.70254184 -0.62550953
  -3.09733237  0.56050274  1.1634353  -1.27946468 -0.39169958 
  -0.31868067 -2.78143674  1.7125035   0.13626684 -0.03428508  0.34836658
  -3.63747861 -0.69294647 -1.78867515  1.18863694  3.37369209  0.03619659
  -0.48424567  1.33045133 -0.55124342 -0.82545944 -1.3785587  
  -0.62528283  0.55374601 -0.54363161  0.10664393  2.70244577 -2.21304617
   1.23085423  1.0340173   1.1080668   1.4999409  -2.31040861 -1.73121606
  -1.34067815  0.17071524 -0.3886203  -0.11690304 -0.13767114 
   2.1840306  -1.8857493   0.90682254  3.20797881 -2.43530703  0.69429006
   0.50431189 -1.02120892 -1.48193519 -0.00609328 -0.49951697 -0.27389269
   0.72018657  2.49558418 -2.3288462  -0.18937901  0.61085559 
   1.74562158 -1.14971966 -0.4080511   0.09138441 -0.11482389 -0.30524608
   3.25884009 -3.0810675  -1.14137892 -1.00778322 -0.64049275 -0.93800922
   1.27950903 -2.09968111  1.0508458   0.8386118   0.63972928 
   1.64024935  0.62482624 -2.9766683  -4.8987635   1.27616548  0.3767883
   0.59396639  1.60867156  0.73551573  0.53075243 -0.77271561 -1.26965817
  -0.39323839  1.6276107  -0.55035988  1.33964191  0.34114098 
  -1.71418368  0.62707552 -0.37882409  0.4698552   0.58652874 -2.24244507
   0.53682619  0.16862881  1.57935859 -0.8689542   1.50474706  0.34517429
   0.83327438 -1.25760641 -0.8455202   1.33447909 -0.80354458 
  -0.05864509 -2.61030075  2.37058171  0.04941676 -2.50339698  0.23381441
  -0.45788084  1.80823561 -0.04511704  1.55600781 -1.63627908 -0.31992222
   0.48160771 -1.0619464   0.64649229  0.67251205  0.1060308  
  -1.31969118  0.55825335 -0.82564621  2.42342497 -0.88879084  1.96000701
   1.60497937 -1.84889109  0.09387815 -1.84798382 -0.45593329  0.59092378
   1.78171019 -0.40567474 -0.30857267 -2.59892543  0.37216722 
  -0.38661206  2.96269768  1.26152174 -0.68703079 -0.23820447 -5.11385911
   1.37166545  3.75855771  1.34558283 -2.60308271  0.83721608  0.14061008
  -0.39883155 -0.95996958  0.88638348 -0.42875079 -0.29183544 
  -3.04212862  0.98944145  2.02332545 -0.10845307  1.68609988 -1.03964172
  -1.86264172  0.02081939  2.55663207 -0.98541487  0.38048719 -1.82491521
   0.3423819   0.44330822 -1.31260893 -0.56496346  0.62390436 
  -0.04994557 -0.98253418  0.58537497 -0.62873778  2.55050753 -1.13855743
   0.14097346  2.682682   -2.64841507 -0.98294647  1.47912533  1.0029439
   0.3386707  -0.90417499 -0.52164409 -1.44697982 -0.41068081 
  -2.10729685  0.19717083 -1.56951585  2.10674758 -0.96945929  0.98073744
   0.94527659 -0.83495327  1.15641738  1.41084928  2.05592353 -1.54305886
   0.76728162 -1.56047097  0.59836202 -0.42666328 -0.69534412 
   2.4090859   1.79201012 -2.31848703 -1.52524955 -3.81703718 -1.74153212
   0.9102738   0.59782952  1.45884174 -2.45625542  1.81201042  0.09304023
   0.93561144 -0.37611466 -0.7700746   0.2570041  -0.07845514 
   2.08021361  0.48874988 -2.20758664  0.1834515  -1.14050638 -0.52980279
   3.09600188 -3.37149676 -0.21271141 -0.24813674  0.28160946  0.85460983
  -0.13694133  1.35561739  0.81287113  1.53019639 -0.40201717 
  -0.68254211 -0.0447135   2.2254225  -0.31613521  1.93015662  1.92707734
  -3.64085337  0.40092947  0.33864675 -1.01692371 -3.64367401 -0.06376654
   2.28580786 -1.52258392 -0.17840577  3.50702486 -0.29387888 
  -0.61562308  3.24959641  1.14820726  0.0436382  -1.39155654  1.68381266
  -0.75535683  0.09155918 -0.89442367 -2.59657325 -0.13955436  0.11631501
  -0.98270332  0.70942752 -0.19650822  0.76766966 -0.72195137 
  -0.08123397 -0.80769924 -1.32674313 -0.19565717 -0.33290718  2.82611707
  -0.52789105  0.8597714   0.22159516 -3.25671713  1.06479737 -0.24857622
  -1.68178707  0.02103429  3.46887087 -1.69166269  0.7452783  
  -0.09040267  2.93235716 -0.03255285 -1.00306804  1.02552357 -1.87829542
  -2.65343703 -1.21232607 -0.5874038  -0.95199627 -0.25431885  0.74718123
   0.88434827  0.56824568  0.25461481  0.97079892 -0.20971835 
  -0.69106564 -0.0925234   3.384877    1.92153903  0.79715514  0.55334653
  -2.53908837 -1.63332629 -0.78239918  0.5901367  -2.23847564 -1.61802392
  -1.94113812  1.97790966  1.97897765  1.27632846  0.23527064 
   1.7917959   0.87228267 -1.31898112 -0.3462495  -0.83576899 -0.23047464
  -0.48907407 -0.58705813  1.92022421  1.77140176 -2.58789073 -2.21632273
  -0.56215787 -1.93594778  2.55618082  0.92570523 -0.58653873      3.90833048e+00  -1.18727529e+00   6.08319849e-01  -2.02457546e+00
   -9.58221820e-01   1.57298604e+00  -8.03628920e-01  -1.13032441e+00
    4.96660798e-01   5.47732349e-01  -2.54900532e-01  -3.37903295e+00
   -8.94247619e-01   6.91844634e-01   9.86880035e-01  -1.30582459e+00
   -3.53621504e-02   6.64642646e-02   7.77522310e-02  -9.73643887e-02
   -1.90432705e-01   1.73824736e+00   7.30459521e-01   2.15658317e+00
   -1.13733050e+00  -9.26448692e-01   2.31346796e-01  -1.12688860e-01
    6.42962668e-02  -1.12799149e-01   8.77339267e-02  -9.59624490e-01
    6.57127550e-02 
    4.93769829e-01   3.64273059e-01  -3.60780081e-01  -4.43837236e-01
    1.23996949e+00  -4.39019019e-01  -1.13417345e+00   9.39577282e-01
   -2.05035144e+00  -2.19063544e-01  -8.02284935e-01   1.04905221e-01
    1.23082543e+00  -8.00087530e-02   1.33304628e+00  -1.28346323e-01
   -2.86083487e-01  -1.24172106e+00   1.93457506e+00  -2.07922739e+00
   -1.32055258e+00   3.38013086e-01   6.11277432e-01   4.62297265e-02
   -1.40543839e+00   7.40336056e-01   5.48232804e-01  -4.65640778e+00
    1.45281554e+00  -1.72396398e+00   2.19966816e-01  -1.22308697e+00
    4.55150931e-01 
    5.48502989e-01  -3.28348925e-01   2.74338562e+00   1.26607814e+00
   -1.70285966e+00  -2.18648572e+00  -1.36341927e+00  -9.19075850e-01
    1.17344854e+00   1.11866336e+00   2.70503437e-01   6.46009019e-01
   -1.80475970e+00   1.87725996e-01  -5.82387105e-01  -1.21652122e+00
    2.15850551e+00   1.08741335e-01  -1.46766468e+00   1.48642793e+00
   -1.21564761e+00  -2.53069868e+00  -9.08226075e-01   1.17583625e+00
    1.32129613e+00   5.72043237e-01  -2.60584911e+00  -5.16510769e-01
    2.16639008e+00   3.55154189e-02  -2.15768503e+00   1.01902467e+00
   -2.89441218e-01 
   -1.59528803e+00   3.75214854e-02  -1.65764163e+00  -1.03280683e+00
    1.97368517e+00   1.26005279e+00   1.05435785e+00   3.10370551e-02
    4.52452266e-01  -9.45303080e-01   3.00579738e+00  -1.90221283e+00
    4.23087437e-02  -5.84343173e-01  -3.33701270e+00   9.42348346e-02
    3.84326973e+00  -1.52259345e-01   7.94545427e-03  -2.22766531e+00
   -1.00525245e+00   4.18618981e-01   6.95021341e-01  -2.78562614e+00
    6.45540117e-01   4.93132179e-01   5.76338155e-02   1.39160165e-01
   -2.75137570e-01   2.60532696e-01  -1.88185842e+00  -5.32718271e-01
   -2.72295740e-01 
   -2.12041834e+00  -1.30791924e+00  -2.42644631e+00  -5.76332131e-01
   -1.89251386e-01  -3.17824531e-01  -3.04866553e-01  -1.35794911e+00
   -3.94265239e-01  -3.14505802e+00   1.58774292e+00  -7.12557501e-01
   -2.67740218e-01  -2.73580459e+00   3.04842059e+00  -1.77695344e+00
   -1.34333759e-02  -1.78848050e+00   2.42922198e+00  -4.49908572e-01
    1.18030381e+00  -1.20690291e+00  -3.59889717e+00   2.10747031e+00
    1.70590449e+00   1.27621502e+00  -1.68953893e+00   1.92087233e-02
    3.71786023e-02  -3.03909289e-03  -1.01986222e+00   1.90422960e+00
   -2.54923628e-01 
   -1.89733583e+00  -2.03749703e-01   6.54372997e-01   2.88181783e-01
    1.19898522e+00  -7.43564899e-01  -5.77736865e-01  -3.58948235e+00
    1.24561483e+00   2.36586807e-01  -3.68936111e-01   6.13803741e-01
   -9.20015460e-01   1.99791472e+00  -6.05577461e-01  -2.21553082e+00
   -1.44907406e+00   8.44557853e-01  -4.24693075e-01  -2.51573590e+00
    4.04152809e+00   5.41401015e-01  -3.59185651e-01   2.48229217e-02
    6.44874418e-01   5.74801330e-01  -1.24326301e+00  -1.89931388e+00
   -3.91661053e+00   7.34925980e-01  -2.92517319e-01   3.35202677e-01
    3.77309093e-02 
    7.45290454e-01  -1.54244232e+00  -1.14891147e-02  -7.90621262e-01
   -1.95445437e-01  -2.97055673e+00   9.66504985e-01   1.20801367e+00
    6.70368642e-01  -2.06405630e+00  -5.93026132e-01   2.79476839e+00
    2.97201651e+00  -1.52122675e+00  -9.43944792e-01  -4.03580824e+00
   -7.09111312e-01   7.54817209e-02   1.26295095e-01  -7.24567380e-01
   -8.51474257e-01  -1.01198099e-02  -3.67023483e-01  -7.80947538e-01
   -1.20936102e+00  -2.11560410e+00   9.33096014e-01   5.68066326e-01
    4.39250663e-01   2.68119566e+00   1.19257681e+00   1.46039181e-01
   -4.18772814e-01 
    3.06603864e-02  -5.67043954e-01   2.17666425e+00  -6.22702063e-01
    2.06759321e+00   3.93989775e-02  -8.30030477e-01  -2.22467381e-01
   -1.68003169e-01   5.09918505e-01  -4.45409892e+00   1.51275456e-01
    4.71157404e-01  -2.04918103e+00  -4.61614428e-01   2.40391202e+00
   -2.58254533e+00  -4.76210457e-01  -2.08347928e+00  -2.14711147e-01
   -2.69609660e+00   6.26887980e-02  -3.05374174e+00   1.77813435e-01
   -2.19162035e-01   3.48344411e+00   2.91618560e-01   7.83227039e-01
   -1.49256994e+00   7.75876719e-01   1.30428476e+00  -2.41427881e-01
   -1.26657924e+00 
   -2.12917143e+00   2.50406342e+00   1.31290449e+00   1.61610244e+00
   -2.06344782e+00  -2.65939976e-01   1.27312725e+00  -2.41085319e+00
    2.48693866e+00   4.06483164e-01   7.85771246e-01  -1.72595776e+00
    1.11024868e+00  -1.83552945e+00   1.72430405e+00   1.09107162e+00
   -6.87659674e-01  -2.64100120e+00  -4.13460696e-01   4.89295392e-01
   -1.57513484e+00  -1.77197173e+00   2.36931993e+00  -1.26548463e+00
   -2.19637594e+00  -4.25989625e-01   4.86123370e-02   2.00161025e-01
   -1.51486383e+00   8.61481102e-02   1.50364862e+00  -2.08388557e+00
   -6.32638691e-01 
    1.26747090e+00  -1.09710281e+00  -9.67417231e-01  -1.59488909e+00
   -8.97665691e-02   1.54467971e-01  -1.15863774e+00  -2.64586563e+00
   -2.72439314e+00  -2.66513336e+00  -1.86222924e+00   2.15400434e+00
   -2.74574483e+00  -1.47845043e+00   4.16113257e-01   4.13001543e-01
    6.13832833e-01  -6.71388340e-02  -2.33576837e+00   1.65171645e+00
    1.44949609e+00   1.20797163e+00   5.06284034e-01  -2.51474169e+00
    2.72365318e+00  -9.89464030e-01   2.27665243e+00   6.73536998e-01
    2.92780444e+00   4.68958760e-01  -2.21962723e-03  -2.08507546e+00
   -5.11545945e-01 
    2.84867251e-02  -3.09621252e+00   5.31828150e-01   1.11682000e+00
   -5.11479072e-01   1.50557358e+00  -1.26826353e+00  -2.23468514e+00
   -2.04820846e+00  -2.70047174e-01   1.22170514e+00  -1.12085941e-01
   -2.58123133e+00   1.82260157e+00  -3.39311436e-01   3.58232655e-01
    1.51641613e-01  -1.52541799e+00   1.10769128e+00   1.65775316e+00
   -9.08179541e-01  -1.42750456e+00  -1.42965529e+00  -3.16408206e+00
   -1.56838318e+00  -1.65557259e+00   3.74836379e+00   1.01979077e+00
   -1.18652716e+00  -3.18181970e-01   1.54992020e+00   2.66213846e+00
   -6.28234713e-01 
   -1.12495776e+00   4.85147551e+00  -1.56705872e+00  -2.68517137e+00
   -2.28595742e+00  -1.26100166e+00  -1.17926144e+00  -2.21350058e-01
    1.12431103e+00  -2.44414593e+00  -2.71943429e+00   3.43029432e-01
   -6.59488328e-01   1.32418399e+00  -4.89541434e-01   1.60204177e+00
   -4.85295734e-01  -5.77803926e-01  -2.70800104e-02  -9.73498060e-01
    7.85591525e-01   1.76594053e+00  -6.52342787e-01   1.02047905e+00
    3.87891206e-01  -1.68087057e+00  -1.59542859e+00  -3.60603723e-02
    1.18890679e+00  -1.03097030e+00   1.85111067e+00   1.27270324e+00
   -7.63591922e-01 
   -4.26892116e-01  -1.01354394e+00  -2.54324383e+00  -2.14982628e+00
   -2.19955971e+00   1.02554869e+00  -1.23405680e-01  -1.95469068e-01
   -7.17659390e-01   3.81404194e+00   1.52509907e-01   2.22101324e+00
   -9.84603575e-01   4.59764726e-01  -5.97131591e-01  -1.36460505e+00
   -1.55303646e-01  -1.11604499e+00  -4.92314313e-01  -1.54925628e+00
    2.80325228e-01  -3.43367658e-01  -9.01718916e-01  -7.12899102e-01
   -1.69512875e-01  -2.07777141e-01  -2.03794495e+00   5.19748341e-01
    1.58040159e+00  -1.27823141e+00   2.12551769e+00  -4.57862758e-01
   -2.32269568e-01 
   -2.35212598e-01  -8.17087090e-01   4.15227422e-01   1.97548732e+00
   -2.50071561e+00   1.40752158e+00  -2.60127315e-01   1.21615590e+00
    9.48396702e-01  -7.77427335e-01  -9.57201417e-01   1.41602598e-01
   -1.74546280e+00  -7.92663928e-01  -2.81317711e+00   2.28149187e+00
   -3.20764025e+00   5.24360156e-01   1.05744973e+00  -8.54316807e-01
    9.28325838e-01  -5.56026109e-01   1.52428356e+00   3.85687890e-01
    2.32066025e-01  -2.17861667e+00   9.34453205e-01  -1.37620947e+00
   -2.02065680e-02  -1.27245166e+00  -9.82041201e-01   7.61181709e-01
   -6.44253855e-01 
   -6.22047401e-01   2.36423586e+00   3.14230911e-01  -1.16104982e+00
   -1.00877005e+00  -1.96822311e-01   1.01229519e+00   1.56525018e+00
   -1.11334549e+00   2.69734617e-01  -9.89005897e-01  -6.77182848e-01
    1.98008853e-01   3.95252554e-01   2.00872542e+00  -1.24622593e+00
    4.95280650e-01   2.36816072e-01  -1.52688747e+00   4.13063411e-01
   -8.32179680e-01   9.92181041e-01  -3.76626284e-01  -4.52283134e-01
    1.07397605e+00  -1.23901314e+00  -4.15546371e-01  -4.01852385e-01
   -2.78407535e+00  -1.36577678e-01  -2.04049623e+00  -3.04149441e+00
   -1.02423723e+00 
   -1.40177455e-01  -1.85504810e+00  -2.48239243e+00   2.20482259e+00
    1.43085747e+00   8.41272381e-01  -3.54778941e-01  -5.47547424e-01
    2.26281675e+00   1.25425538e+00   2.51960950e-01   5.76456527e-01
    6.96976355e-03   2.67340138e-01  -1.04556847e+00  -6.88104939e-01
   -2.77499103e-01  -1.99107713e+00  -9.21050278e-01   1.71105366e+00
   -3.62252149e-01   7.66434553e-01   4.89566644e-01  -1.61323904e+00
   -4.03940455e-01  -1.65914146e+00  -1.71639813e+00  -7.29480380e-01
    1.09345250e+00  -4.61703978e-01  -9.56345897e-01  -6.99992182e-01
   -1.98859150e-01  