NN 16 32 16   -2.49859909e+00  -4.33643389e-01  -5.71033904e-01   7.96664358e-01
    8.74231309e-01  -2.87146005e-01  -6.72678376e-01  -6.92672055e-01
    1.57940573e+00  -1.06197820e+00   5.59078525e-02   8.35735379e-01
    6.12129526e-01  -4.29064611e-02   8.46979784e-02  -1.40926058e-01
   -5.67706738e-01 
    2.41499662e-01  -4.90299263e-02  -5.05122135e-01  -7.66680958e-01
    6.20539219e-01  -2.72586255e-01   4.47303914e-02   6.19025731e-01
   -1.67402430e+00   4.42374562e-01   1.41764713e+00  -2.53338883e+00
    3.12619125e-01   5.69215636e-01  -9.55129328e-01   7.71784486e-01
    4.57885823e-01 
   -1.89940780e-01   1.38724646e-01  -1.78753560e+00   1.23546463e+00
    1.56379891e+00  -1.04523477e+00  -5.81262531e-01  -1.16780625e+00
   -7.60911827e-01   2.17658087e-01   1.16711497e-01   1.55129701e-01
    1.50985782e+00  -8.18426566e-01  -1.08859952e-02   8.36718678e-01
    2.78920624e-01 
    1.28879476e+00  -6.06193909e-01  -4.89379254e-01   7.32253889e-01
   -3.06326353e-01  -7.69647296e-01   9.50855604e-01  -8.09025432e-02
   -9.83289114e-01   7.54212228e-01  -9.44833615e-01   1.35304483e+00
    1.18275761e+00  -1.50393246e+00   7.66087243e-01  -1.03579843e+00
   -4.11118055e-01 
   -2.45451599e-01  -1.06542843e+00   1.15826905e+00  -8.86985654e-01
   -4.03647548e-01  -7.68352802e-01  -2.24375058e-01  -1.40337572e+00
    1.36383223e+00   1.40450714e-01  -2.69625444e-01   1.32856451e+00
    1.24504638e+00   1.31014349e+00   2.46725642e-01  -1.03353935e+00
   -6.85777753e-01 
   -1.92930130e-01   5.40434410e-01   7.31713062e-01  -7.41228441e-01
    9.51313488e-02   9.22047056e-01   7.39549073e-01   1.31168274e-01
   -6.76111485e-02  -2.97263828e-01  -6.88494591e-01   7.20234313e-01
   -5.96171113e-01  -9.31310170e-01  -9.43091105e-02  -2.71479744e-02
   -2.22625713e-01 
    3.20057041e-01   1.16011838e+00   1.11703745e+00  -1.26641608e+00
   -2.74825586e-01  -7.65366213e-02  -1.43788403e+00   7.25269339e-01
   -5.83631829e-01   3.40174697e-01   6.65205014e-01   5.97946411e-01
   -2.53335116e-01  -1.74789698e-01  -8.03520727e-01   6.48470052e-01
   -4.52408029e-01 
    1.43304542e-01  -1.07550141e+00   6.69072236e-01  -5.33712809e-01
    6.83620540e-01   2.58110161e+00  -1.21126411e+00  -1.43861326e-01
    1.63671118e+00   1.84689233e+00   8.26761934e-01  -9.37499889e-01
   -5.58867754e-01  -1.39753592e+00  -9.47564980e-01  -6.85213979e-02
   -7.10068413e-01 
    2.11935342e-01   1.82852390e+00  -9.81717926e-01  -2.17710458e-01
    7.46600885e-01  -8.49415806e-01  -6.35362042e-02  -1.48301751e-01
   -1.34348545e+00   1.85229767e+00   9.07833404e-01  -7.59342507e-01
    2.43393465e-01  -1.17334437e+00   5.82247130e-01  -6.19334222e-01
   -9.79919811e-02 
   -1.32768083e+00   1.89886221e-01  -8.89447545e-01   1.00945524e+00
    1.51543720e+00  -6.08534999e-01   1.12095724e+00  -4.19973167e-01
   -5.23102377e-01   1.24794169e+00   1.84579934e-01   1.39546618e+00
   -1.99388212e+00   1.62841679e-01   2.04898472e-02  -9.36542963e-01
   -3.31371025e-02 
   -5.43391150e-01   7.58089455e-01  -2.93810766e-01  -2.13170994e+00
   -1.77285766e+00  -7.72419057e-01   2.15111670e-01   2.72995739e+00
   -6.90670126e-01   7.98826831e-01  -8.92891049e-01   1.48332411e+00
   -5.70691233e-01  -5.01483758e-02   1.44087786e-01  -3.88202538e-02
   -6.65362375e-01 
    1.75257170e+00  -9.24320984e-01   6.33542316e-01   1.59495821e+00
    9.76280812e-01   8.45744398e-02  -1.32051202e+00   1.98994710e-01
    6.99927429e-01  -4.60621392e-01  -4.59294953e-01  -1.65331389e-01
   -1.93862929e+00   2.11327039e-01   5.21585787e-01  -3.46351135e-01
    7.94866394e-02 
    3.78842330e-01  -1.30619119e+00   5.95817945e-01  -3.83347576e-01
    4.63087027e-01  -1.57253612e-01  -2.59384608e+00   2.10924346e-01
   -1.42059528e+00   8.19490423e-01   2.14943039e+00   3.91980638e-01
   -2.07213060e-01   8.22758936e-01  -5.35268779e-01  -2.89347828e-01
   -8.05559219e-01 
   -7.28782196e-02  -2.82328263e-01  -7.01895104e-01   5.05861479e-01
    1.69930262e+00  -1.52102268e+00   9.17981701e-01   2.39792914e-01
    8.24142555e-01   1.29036986e+00  -1.73484255e+00  -1.51620495e+00
   -3.42801659e-01   4.82573019e-01  -2.02812624e-01  -1.73760764e-01
   -4.66612836e-02 
    4.07988340e-01  -1.94487190e+00  -7.87273892e-04   2.06358256e+00
   -1.88738439e+00   8.32116343e-01   1.30411445e-01  -1.85934284e-01
   -1.31267269e+00   1.82723454e-01  -1.35090971e-01  -6.29732619e-01
    5.68512889e-01   1.79894134e+00  -1.01739699e+00   5.02591046e-02
    6.18061417e-01 
    1.09220344e+00  -7.68767715e-01   1.42943621e-01   6.88821504e-03
    3.64326817e-02   6.36709066e-01   2.45960477e+00  -2.36824664e+00
   -1.25884191e+00  -2.66467453e-01  -3.48377104e-01  -7.09539634e-01
    1.33850931e+00  -1.21539924e+00   5.06779643e-01  -8.38934113e-02
    3.94625035e-01 
    1.21100018e+00   5.16897437e-01  -2.18373532e+00  -2.84771576e+00
    2.62401409e-01   1.66493363e-02   9.37903427e-01   1.47711768e+00
    5.08953284e-01  -3.81757961e-01  -8.11726924e-01  -2.26236696e-01
   -2.28866891e-01   1.75578276e+00  -4.76036694e-01   4.97709152e-01
   -2.92715811e-02 
   -1.07511542e+00   9.44410522e-02   1.25429065e-01   1.41103735e-01
    7.84245216e-01  -7.78728934e-01  -3.91887956e-01   1.28385061e-01
    1.23700840e+00  -4.54538595e-01   6.88549359e-01  -2.65774186e-01
    5.11677578e-01  -5.41242580e-01  -2.55263700e-01   5.06051370e-01
   -4.25731355e-01 
    1.50188668e-01  -1.36850344e+00   9.90460597e-01  -7.08246634e-01
   -1.71914862e+00   5.43972580e-01   3.34828559e-01   1.21341243e+00
    5.19449396e-01   1.55123080e+00  -1.62082576e+00  -7.39299513e-01
    2.38239196e-01  -1.00201318e+00   4.66928435e-01   3.95057690e-01
    8.40670184e-02 
   -8.43853727e-01   5.50139562e-01  -9.72761486e-01   1.36500154e+00
   -4.34666738e-01   1.78824225e+00  -1.41762649e-01  -8.07995788e-01
   -2.88510318e-01  -1.51349523e+00  -7.00401699e-01   3.71442872e-01
    1.27343270e+00   6.09448867e-01  -1.28082141e-01  -9.56704520e-01
    4.03178529e-01 
    2.66180025e-01   2.03102071e+00   1.10565710e+00   1.19901511e-01
   -4.82120539e-01  -3.07688927e+00   7.19346366e-01   2.41487505e+00
    1.06275737e+00  -1.13214600e+00   6.30453316e-01  -9.20415720e-01
   -6.21798058e-01  -3.11737046e-01   4.09722244e-01  -2.90608508e-02
   -1.41067490e-01 
   -2.22519481e+00   4.03827586e-01   1.36851245e+00  -6.35537691e-01
    1.18835693e+00  -7.33831744e-01  -2.11803580e-01  -4.48868271e-01
    1.42986635e+00  -1.06367622e+00   2.34224859e-01  -1.54201148e+00
    4.14535085e-01   5.92338920e-01  -7.88117114e-01  -5.64887571e-02
    5.66760399e-01 
   -5.76547074e-01  -5.84098154e-01   8.73258418e-01  -9.93794514e-01
    1.76907672e+00  -1.27927741e+00   2.49174157e-01   1.58893679e+00
   -1.66368159e+00  -6.54825359e-01   9.20941314e-01   3.61977633e-01
    6.24294792e-01  -5.66896535e-01  -2.47423924e-01  -2.09804704e-01
   -3.06937647e-01 
   -1.40417561e+00  -9.97173258e-02  -1.16338086e+00   1.61482945e+00
   -9.23206253e-01   6.94116501e-01   1.59938969e-01  -7.31568002e-01
    1.55539104e+00   1.52516415e+00   9.26746335e-01  -1.52618821e+00
    4.43559078e-01  -9.88899684e-01   2.77762046e-01  -3.05205741e-01
   -4.95864166e-01 
    1.42564572e+00   1.24548143e+00  -1.33088058e+00  -3.11968468e-01
   -2.30072951e+00  -4.22549348e-01   8.79147300e-01   3.25621357e-01
    8.85222981e-01  -2.14529499e+00   1.84846192e+00  -2.41238150e-01
   -1.27057540e-01  -1.67025018e-01  -4.50765856e-01  -2.43892369e-01
   -2.87007150e-01 
    1.25639616e+00  -6.02404379e-02  -1.20988061e+00  -3.38358936e-01
   -1.08853411e+00  -3.69245729e-01   1.60765137e+00  -2.41221054e+00
    1.92116657e-01  -3.58773976e-01   8.95426892e-01   1.18988902e+00
    1.08660961e-01   1.03306439e+00   8.45796499e-01   1.64745207e-01
   -5.37341756e-01 
   -8.62210980e-01  -6.87552970e-01   1.56241008e+00  -2.94034967e-01
    1.09634389e+00   1.10323232e+00  -1.67644827e+00  -6.76616033e-01
    1.16199089e-01  -6.59967992e-01  -2.16963107e+00   6.10738211e-01
    1.19993264e+00  -7.54851728e-01   1.28258107e-01   1.43590070e+00
   -1.72742177e-01 
   -6.23743030e-01   1.98867258e+00   1.22958686e+00   3.93975743e-02
   -3.55059690e-01   1.71039560e+00  -6.09101120e-01  -3.32557293e-01
   -8.83823124e-01  -6.59992098e-01  -4.46446051e-01  -3.69996481e-01
   -7.69591172e-01   5.39127190e-01  -7.40645201e-02   3.72417774e-01
   -3.52767582e-01 
   -2.63886675e-01  -1.26819271e+00  -6.68828701e-01   4.12440117e-02
    8.78343322e-01   2.07535405e+00  -6.28204816e-01   6.58609878e-01
    5.36676356e-01  -1.36278283e+00   8.47335913e-01  -2.23909230e-01
   -1.18081843e+00   1.61620972e-01   1.17758053e+00  -1.01103489e+00
    1.27449446e-01 
   -1.47423013e-01   1.25379537e+00   6.65092499e-01  -5.43138401e-01
    3.00210512e-01  -8.75845443e-01  -2.00326490e+00  -1.61022141e+00
    1.86842103e-01  -4.75747330e-01   1.95049361e-01   4.61088070e-01
    5.35197510e-01   2.82224131e-01  -1.93089642e-01   6.38443265e-01
    1.80568121e-01 
   -1.34053393e+00   9.19112173e-04   2.23012752e+00   1.18364097e+00
    7.14509359e-01   2.85559619e-01  -1.03592478e+00  -8.93816566e-01
   -3.11642106e-01   5.16334319e-01  -1.23112579e+00  -8.77584332e-01
   -1.09657561e+00   8.62832742e-01   6.98807856e-01   5.31696837e-01
    2.57351066e-01 
    1.13795314e+00   9.62323753e-01  -7.61656443e-01  -2.74481477e-01
   -5.90704314e-01  -2.81489365e-02  -8.19660317e-01  -2.21073411e-01
    1.11529316e+00   1.00462785e+00  -1.44450015e+00  -1.06495359e+00
   -1.98037469e-01  -1.08467879e+00   1.63095878e+00   1.43269980e-01
   -4.13080689e-01     2.51611493 -0.36551952 -0.14032214 -1.71075399 -0.20287905  0.30041605
  -0.26902053 -0.69483409  0.33964941  1.18071604  0.43267729 -2.26284631
  -0.81066073  0.33992157  0.36308842 -1.39748621 -0.55238816  0.48836429
  -0.11006012  0.80694356 -0.44499806  2.59719686  0.55751009  1.65762254
  -2.48549341 -1.04856898  0.64879328 -0.12070566 -0.32403227 -0.0873505
   1.01624164 -1.55397738 -0.2375993  
   0.40959443  0.14961978 -0.33018133  0.55804584  0.79506735 -0.33422297
  -1.29475931  0.96987221 -1.96495027 -0.56923924 -0.84090864  0.53524365
   1.68698579  0.4689362   1.80634502  0.52903832 -0.17906773 -0.65313782
   1.88616848 -1.40909102 -1.77604701  0.22599204  0.03465847  0.39249753
  -1.65147083 -0.09337211  0.90985484 -2.90281944  1.1624843  -1.46330772
  -0.03785189 -1.07093007  0.01880452 
   0.82477895  0.32415073  2.26829914  0.43767829 -1.83555122 -0.51403364
  -1.20233785 -0.97006041  1.4135385   1.27021997  0.02638139 -0.47021358
  -1.28445375  0.58700027 -0.03169207 -0.91431227  2.20397651 -0.40025188
  -1.16050067  1.09443963 -1.21467244 -1.72739253 -0.70833752  1.12052338
   1.21787269  1.48846687 -1.91670923 -0.91980644  1.35293258 -0.60027187
  -2.69903278  0.67687499 -0.38405205 
  -0.76876109  0.89961098 -1.16281728 -0.87624612  1.05013682  1.06940625
   1.1798449   0.24653612  0.24083564 -0.77918074  1.88543128 -2.15692938
   0.69655956 -0.8050561  -2.83555083  0.11315997  3.29226509 -0.37058759
   1.18272933 -1.64795846 -1.22018314  0.79910879  0.96911875 -2.37220429
   0.0478806   0.40476322  0.45298197 -0.00598944 -0.33065143  0.39782176
  -1.60797524 -0.18076527 -0.08615858 
  -0.95497415 -0.92092266 -1.62416595  0.23071061  0.18977221 -0.06347264
   0.45682863 -0.73977033 -0.49002121 -2.44094506  1.33846252 -0.38174818
  -0.5126095  -2.27843186  2.16798339 -0.61739785  0.12556752 -1.46088146
   2.46385896  0.14207503  1.43737381 -1.12054359 -2.45403999  1.79657929
   1.57836091  1.39300109 -1.34645183 -0.4421652  -1.17295358 -0.7127743
  -0.84193852  0.72661163 -0.09338467 
   0.07903644  0.02660203  0.6534138   1.05074924  0.71193036 -0.42945374
  -0.27007307 -3.02514545  0.72131066  0.03345675 -0.03297379 -0.21900048
  -0.41104191  1.7149205  -0.9886706  -1.31788835 -0.9011015   0.24705911
  -0.44523408 -2.37001207  4.06140917  0.51448348  0.81480775  0.00743626
  -0.32712164  0.4467321  -1.51050641 -1.28169217 -2.91246408  0.6189448
  -0.39270383 -0.14189027  0.05815909 
   0.35920536 -0.2250062   0.68572229 -1.29967927 -0.56695743 -0.84198857
   1.40440005  0.78984054 -0.16314163 -2.27485224 -0.44433514  1.54314215
   3.14751767 -1.20224039 -0.80107282 -3.36995297 -0.85146915  0.01997698
  -0.61185418  0.53592445 -0.90277928 -0.08023183 -0.40760218 -0.52296977
  -1.59674244 -1.46098965  0.9783557   0.56501133 -0.24675714  2.48681394
   0.15955348  0.58402428 -0.25000133 
   0.13987308 -0.84122616  1.69587673 -0.60759614  1.17433447  0.12456297
  -0.80508478  0.40190706  0.15561876  0.25527012 -3.47220914 -0.24494954
  -0.51064501 -0.60285654 -0.41140837  2.03583801 -1.62213547 -0.54872433
  -1.96273758  0.20535188 -2.35342585  0.02468853 -2.51022087  0.29780744
  -0.18170437  2.42530576  0.79502475  0.66710914 -1.43794547  1.47898061
   0.62873056 -0.29628255 -0.23571602 
  -1.3013482   1.70960536  0.93001916  0.82658727 -1.67478746 -0.12098183
   0.91448376 -2.02379687  1.45239288  0.16053221  0.20266878 -1.2364628
   0.85589249 -1.27394958  1.80212275  1.51384356 -1.00935165 -1.47997047
  -0.50239466  0.54216189 -1.21115855 -1.22191972  1.80316773 -1.74379108
  -0.98514031 -0.58088155  0.0357027   0.78280534 -0.86377398 -0.18172745
   1.01222663 -1.42880226 -0.46347391 
   0.70770175 -0.44022314 -0.36668653 -0.94465801 -0.14510304 -0.04360951
  -0.68732326 -2.10149828 -1.88001948 -1.67456631 -1.55373847  1.05151961
  -1.61775661 -1.31943983  0.07085951 -0.07178202  0.71069186  0.13453669
  -1.8151047   1.75858537  0.96730435  1.12343418  0.86007551 -2.119933
   2.41785739 -0.06824235  1.03279958 -0.07002211  1.72926727  0.19662415
   0.0454497  -1.25055564  0.12801891 
  -0.6733254  -1.73734642  0.21670834  0.6210848  -0.51732287  0.64950557
  -0.79418424 -2.06011393 -0.93300376 -0.06008657  0.89818557  0.73818734
  -2.37046012  1.71756686 -0.27095174  0.19584585  0.81186072 -0.94497293
   0.59518978  1.32446307 -0.50336043 -0.77980168 -0.96644846 -2.09419476
  -1.73537877 -1.51303179  2.5239199   0.64757909 -0.79022081 -0.50606606
   1.11419624  1.82439897 -0.11649289 
  -1.38961472  3.06384763 -0.77992644 -2.19311732 -1.74807204 -0.62287808
  -0.84106901  0.37632537  0.99276125 -1.76050992 -2.0430496  -0.14119854
  -0.92779865  1.43007817  0.27920615  1.15049785 -0.5953012  -0.40485781
  -0.10090988 -0.53624833  0.85994467  1.71497771 -0.31554692  0.62013618
   0.97310247 -1.85935636 -1.05416041  0.13178533  0.44683282 -0.62041812
   0.7249225   0.91598646 -0.3010673  
  -0.46084874 -0.50214926 -2.20007862 -1.61304119 -1.63427389  0.63653975
   0.34038126 -0.20891283 -0.22179478  2.17441045  0.039298    1.69488271
  -1.03530067 -0.0143693  -0.15062643 -1.16104039 -0.02653848 -0.84852045
  -0.10634781 -0.95803492  0.67574316 -0.40190722 -0.64542407 -0.56350089
   0.11673852 -0.37244592 -1.30769473  0.34499704  1.15232455 -0.98199588
   1.41134056 -0.38103203 -0.09797157 
  -0.30041419 -0.60987712  0.57331327  1.3678282  -1.8056617   0.92439455
  -0.26615547  0.50773672  0.7370533  -0.46962441 -0.92392638  0.03630694
  -1.48773024 -0.33998444 -1.98347418  1.48406577 -2.15801871  0.10931532
   0.61652117 -0.50952042  0.44546225 -0.57011387  0.99413384  0.11680568
   0.24996582 -1.74944528  0.84230566 -0.97977579  0.31758201 -0.71678434
  -0.53656493  0.46867661 -0.28458351 
  -0.76357633  1.17025832 -0.02974232 -0.75728656 -0.89565607 -0.25392502
   0.53518693  0.70950347 -0.49257337 -0.12769073 -0.49203293 -0.53061548
   0.14410601  0.30974708  1.02416649 -0.84891998  0.48450113  0.05624108
  -0.60275992  0.27693803 -0.17378826  0.50140564 -0.14023487 -0.17800321
   0.89485739 -1.03855065 -0.55748695 -0.32855775 -0.92273065 -0.1570919
  -1.38859505 -1.66508956 -0.7433179  
  -0.46796358 -0.96123185 -1.319375    0.66227416  0.70675634  0.61475195
  -0.37453848 -0.32020646  0.68184964  0.75376462 -0.24124447  0.0952529
  -0.50644291  0.14563449 -0.60761907  0.3057808  -0.04884389 -1.10512509
  -0.49993594  0.89998203 -0.80915473  0.14633443 -0.05209828 -1.14543304
  -0.44732835 -1.02362732 -0.921356   -0.24902375  0.63140642 -0.40449923
  -0.65743591 -0.26387368 -0.128866    