NN 16 32 16   -3.91059152e+00  -1.23958230e+00   4.68651201e-02   5.87912155e-01
    2.56171615e+00  -9.77492320e-01  -1.96843105e+00  -2.27778851e+00
    3.52943382e+00  -1.15795357e+00  -2.47877143e-01   2.74103889e-01
    9.12693861e-01  -2.32464341e-01   2.95653368e-01  -5.84645703e-01
   -8.83358976e-01 
    6.57259781e-01  -5.29210385e-01  -3.65480576e-01  -3.51248440e-02
    1.11010252e+00  -2.90595879e-01   2.54126993e-01   4.78429026e-01
   -2.74565059e+00   6.84678962e-01   2.23837384e+00  -4.05643081e+00
    8.33723170e-01   7.93160137e-01  -2.22174231e+00   1.35192405e+00
    6.31464570e-01 
   -9.84429936e-01   1.02106940e-01  -2.61408858e+00   8.23113601e-01
    2.84882715e+00  -1.84842071e+00  -7.38827669e-01  -8.07765971e-01
   -1.03621457e+00   5.44663211e-01  -4.17985527e-01   2.93168020e-01
    1.43216963e+00  -6.85109961e-01  -2.58452691e-01   2.07627087e+00
    1.61774170e-01 
    1.70007536e+00  -8.14678371e-01  -1.44151480e+00   1.07611292e+00
    2.57414032e-01  -1.15737436e+00   7.51918197e-01  -4.35613999e-01
   -1.61250781e+00   8.00100440e-01  -1.56712634e+00   1.64696201e+00
    1.77280251e+00  -1.59652467e+00   1.24384600e+00  -1.95469005e+00
   -1.85577694e-01 
   -1.67383777e-01  -1.62321078e+00   1.48455335e+00  -1.37292945e+00
   -7.45604547e-02  -7.02826952e-01  -1.33165789e-01  -2.08068757e+00
    1.19035085e+00  -5.28986894e-01   1.47593288e-01   2.17165465e+00
    1.56658573e+00   2.23876255e+00  -1.82489606e-01  -1.48731050e+00
   -6.98476937e-01 
   -3.88563129e-01   1.21473437e+00   1.96800761e+00  -1.37429874e+00
    6.69553972e-01   1.23529586e+00   2.00790434e+00  -4.98963663e-01
    3.82070445e-03  -2.72683417e-01  -2.03184380e+00   6.15068723e-01
   -8.64148471e-01  -1.48160059e+00  -5.13512398e-01  -6.84126587e-02
    5.59639453e-02 
    9.32422158e-01   1.47920357e+00   1.67379992e+00  -1.87040817e+00
   -7.47000184e-02   1.61219048e-01  -2.02167847e+00   1.59887018e+00
   -6.11574107e-01   5.01537624e-01   8.65292162e-01   1.86885674e-01
   -1.81474328e-01  -4.97245166e-01  -1.48415269e+00   7.69743225e-01
   -7.60416777e-01 
    6.86157232e-01  -1.25644793e+00   1.33681386e+00  -5.15777811e-01
    6.22931358e-01   4.21330159e+00  -2.26802087e+00   4.22276684e-02
    2.48071097e+00   2.42300285e+00   1.97701457e-01  -3.11875445e-01
   -6.59896708e-01  -2.75821922e+00  -1.42207967e+00  -1.27677781e-01
   -6.74690617e-01 
    2.13104719e-01   2.77753060e+00  -6.65605918e-01  -1.10666170e+00
    6.02264867e-01  -1.30902151e+00  -1.19952564e+00  -1.18797981e-01
   -1.70717689e+00   2.34761454e+00   1.41881519e+00  -1.30142407e+00
    9.76568015e-01  -1.81354139e+00   1.48057301e+00  -1.65430750e+00
   -1.12727634e-01 
   -1.26993348e+00  -1.88291785e-01  -5.48526424e-01   1.24670381e+00
    1.80683188e+00  -8.33631742e-01   1.29306019e+00  -9.11305859e-01
   -1.04116698e+00   7.58416430e-01   7.50536940e-01   2.08889708e+00
   -2.89573392e+00   5.13420701e-01  -7.65302051e-01  -1.36773482e+00
    3.48711429e-01 
   -7.01204748e-01   4.51290944e-01  -1.32749834e-01  -2.84078244e+00
   -2.38214730e+00  -1.51452116e+00   3.61943078e-02   4.24843718e+00
   -1.33203969e+00   2.41722006e-01  -4.93281345e-01   3.08146105e+00
   -1.15754673e+00  -4.31260335e-01  -1.65253774e-01  -2.00186816e-02
   -6.81110438e-01 
    3.05629500e+00  -8.74889877e-01   2.92721125e-01   2.04329262e+00
    1.58206609e+00  -5.52534820e-01  -1.31356634e+00   7.01823838e-01
    3.47720219e-01  -1.14736596e+00   5.31819265e-01  -5.91629830e-01
   -3.09892243e+00   4.58505617e-01   1.13288183e+00  -9.67168776e-01
   -2.15382810e-01 
   -4.31479797e-01  -2.38232260e+00   1.60232001e+00   1.79565242e-01
   -3.65134558e-01   3.74236244e-01  -3.49278377e+00  -1.71683517e-01
   -2.04114197e+00   1.12726154e+00   2.95906178e+00   1.12340501e-01
   -5.54466630e-01   1.20107284e+00  -6.33927635e-01  -7.90279902e-01
   -1.36616570e+00 
   -5.58538919e-01   3.61130738e-01  -6.34120764e-01   1.57448625e-01
    2.33956590e+00  -2.03785251e+00   1.14075684e+00   9.00856966e-01
    1.09750602e+00   1.55100994e+00  -2.27984013e+00  -1.83598158e+00
   -1.16402278e+00   2.90175593e-01  -4.82360027e-01  -1.21766410e-01
   -1.89393328e-01 
    1.64521557e+00  -1.83232451e+00   6.22783564e-01   3.03431100e+00
   -2.28649595e+00   7.00428916e-01   3.66239845e-01  -9.90043960e-01
   -1.57477373e+00  -2.27937051e-01  -5.40589872e-01  -1.72190637e-01
    8.14598793e-01   2.37690235e+00  -2.19546042e+00  -1.56630956e-01
    6.00734874e-01 
    1.70951738e+00  -1.07616341e+00  -1.68103615e-01   5.72610507e-02
   -2.87956084e-01  -2.62148989e-01   3.16214579e+00  -3.00691735e+00
   -1.10550198e+00  -1.05742362e+00  -4.02621566e-01  -8.88528940e-01
    1.21833039e+00  -1.83558592e+00   9.64049996e-01   6.22721674e-01
    5.73607332e-01 
    1.44891040e+00   6.53994266e-01  -2.99460108e+00  -4.45139759e+00
    1.23081161e+00   5.05210834e-02   5.92763591e-01   1.56289679e+00
    8.28838317e-01   1.49147963e-01  -9.72202322e-01  -1.32669519e+00
   -3.55462701e-01   1.59354881e+00  -5.81619195e-01   1.15265615e+00
    2.50645621e-01 
   -1.56045619e+00   6.21836510e-01  -2.77416201e-01   2.88458801e-01
    7.32053783e-01  -1.73674271e+00   3.10270974e-01   2.12173226e-01
    1.48512120e+00  -8.38895416e-01   1.31404078e+00   1.90893524e-01
    8.29200946e-01  -1.16217605e+00  -7.45606910e-01   1.19492079e+00
   -7.18977857e-01 
   -1.19744319e-01  -2.55877770e+00   2.21771061e+00   8.43579068e-03
   -2.42003601e+00   2.43439492e-01  -2.66614236e-01   1.55237476e+00
    7.11564664e-02   1.54246469e+00  -1.68424754e+00  -5.16805846e-01
    5.32553268e-01  -1.08045867e+00   6.32442481e-01   6.78735336e-01
    1.33939886e-01 
   -1.44848934e+00   5.50424243e-01  -7.84638198e-01   2.12557706e+00
   -8.52692445e-01   1.87134469e+00   1.31089875e+00  -1.68651217e+00
   -1.14544932e-01  -1.78369507e+00  -5.39873634e-01   5.83111917e-01
    1.74041887e+00  -1.01273659e-01  -3.18892173e-01  -2.38758311e+00
    3.03150155e-01 
   -1.56564420e-01   2.66398705e+00   1.21650181e+00  -6.67591755e-01
   -4.56576732e-03  -4.79678851e+00   1.31753194e+00   3.52719695e+00
    1.50969353e+00  -2.40731367e+00   7.99434137e-01  -2.38988705e-01
   -4.05050470e-01  -8.22183296e-01   8.01412730e-01  -3.21433444e-01
   -2.62699845e-01 
   -2.73819151e+00   8.79738183e-01   2.11619057e+00  -1.79971455e-01
    1.57287923e+00  -8.95035942e-01  -1.42734970e+00  -4.49537355e-01
    2.36465734e+00  -1.07148468e+00   2.87959274e-01  -1.75065313e+00
    4.29275046e-01   4.02421924e-01  -1.24354722e+00  -5.14525519e-01
    5.90632549e-01 
   -3.50321959e-01  -6.30647365e-01   5.65242103e-01  -7.69443223e-01
    2.44931079e+00  -1.13697998e+00   2.10205861e-01   2.49475196e+00
   -2.61328746e+00  -7.33527076e-01   1.28309389e+00   9.20648763e-01
    3.70683032e-01  -8.15778109e-01  -5.29708443e-01  -1.20469586e+00
   -3.91284548e-01 
   -1.96224047e+00   1.90647762e-01  -1.40748974e+00   2.14066066e+00
   -1.02819774e+00   1.23692505e+00   7.40029624e-01  -7.17740182e-01
    1.04393622e+00   1.55108765e+00   1.74542222e+00  -1.64990006e+00
    9.51050438e-01  -1.22014882e+00   7.07033324e-01  -2.38296121e-01
   -5.45437215e-01 
    2.17777529e+00   1.54616444e+00  -2.09567412e+00  -1.22879780e+00
   -3.76433852e+00  -1.54825657e+00   1.00569191e+00   5.88285123e-01
    1.29872609e+00  -2.54868913e+00   1.82726688e+00  -2.40066949e-01
    7.52309679e-01  -3.49015873e-01  -7.59126531e-01   1.43439730e-01
   -1.41656853e-01 
    1.89652444e+00   1.88766765e-01  -2.02988525e+00  -8.30234756e-02
   -1.25424182e+00  -5.81450707e-01   2.89949303e+00  -3.03266792e+00
   -1.24553907e-01  -3.83233279e-01   2.42836378e-01   8.72902437e-01
   -2.23008196e-01   1.40516038e+00   7.28710649e-01   1.25085880e+00
   -5.29180044e-01 
   -8.22560227e-01  -3.02764001e-01   1.98035578e+00  -1.85443125e-01
    1.55660312e+00   2.18201776e+00  -3.47935148e+00   2.54424715e-01
    1.61010058e-01  -8.29859284e-01  -3.28337518e+00   2.92306275e-01
    1.98090414e+00  -1.52805823e+00  -1.54549064e-01   3.20145222e+00
   -3.06026661e-01 
   -6.40054958e-01   2.92094725e+00   1.27972630e+00   2.01427301e-01
   -1.46370180e+00   1.89132057e+00  -5.40373868e-01   4.02013414e-02
   -8.23336002e-01  -2.34297074e+00  -9.59073679e-02   1.88720175e-02
   -8.73864277e-01   6.09484635e-01  -6.49836813e-02   8.14108470e-01
   -5.54669115e-01 
   -2.25394638e-01  -1.07968760e+00  -1.27616756e+00  -5.35363328e-03
   -8.83555086e-02   2.66531757e+00  -6.68509622e-01   7.27181175e-01
    2.50381589e-01  -2.89933663e+00   1.01053595e+00  -3.96051138e-01
   -1.56161775e+00  -6.78240870e-02   3.18851534e+00  -1.62628585e+00
    6.11291607e-01 
   -1.58318704e-01   2.52910161e+00   2.76566366e-01  -1.02596912e+00
    9.62732570e-01  -1.76667685e+00  -2.51021857e+00  -1.31719908e+00
   -6.38682442e-01  -8.94176701e-01  -1.47125649e-01   9.53418316e-01
    7.36321319e-01   4.72829675e-01   1.98809836e-01   9.75431426e-01
   -1.31720995e-01 
   -9.79342254e-01   3.02413966e-01   2.91106072e+00   1.67036477e+00
    9.07056840e-01   4.94312857e-01  -2.20977782e+00  -1.25057989e+00
   -8.19218864e-01   9.09735359e-01  -2.06508866e+00  -1.42965194e+00
   -1.80731446e+00   1.72894644e+00   1.77822774e+00   1.20694569e+00
    2.69133497e-01 
    1.55957325e+00   8.62119274e-01  -1.13248664e+00  -2.74470426e-01
   -9.24347807e-01  -2.86569452e-01  -4.91866928e-01  -5.18905207e-01
    1.82382100e+00   1.72789048e+00  -2.44655984e+00  -2.15129789e+00
   -5.45884568e-01  -1.79318157e+00   2.47555747e+00   8.38668898e-01
   -5.67385191e-01      3.67140183e+00  -1.23416417e+00   3.29850239e-01  -1.92214346e+00
   -9.30262734e-01   1.53256941e+00  -7.47402754e-01  -1.15804685e+00
    5.59652749e-01   7.98132321e-01  -7.04695393e-02  -3.24278785e+00
   -8.04916689e-01   6.00797450e-01   9.99121825e-01  -1.51675416e+00
   -2.57920518e-01   6.16747127e-02   8.51326127e-02   3.60110350e-02
   -3.53538249e-01   1.74888639e+00   5.97218655e-01   2.17981086e+00
   -1.58223329e+00  -7.92868088e-01   2.88594562e-01  -3.58838383e-02
   -1.06610894e-01  -1.68723799e-01   1.69257561e-01  -1.36576039e+00
   -1.09133523e-01 
    5.73638261e-01   4.10998573e-01  -3.40265701e-01  -2.56838922e-01
    1.24354038e+00  -3.29958767e-01  -1.20099339e+00   9.07693287e-01
   -2.05405606e+00  -2.00237498e-01  -7.14860768e-01   9.52341549e-02
    1.19524539e+00  -2.20905033e-01   1.46864023e+00   5.41073464e-02
    2.96893047e-02  -1.12828886e+00   2.04083480e+00  -2.07453084e+00
   -1.40251765e+00   2.94169828e-01   4.97909082e-01  -3.64381058e-02
   -1.29889254e+00   8.01493364e-01   7.08631167e-01  -4.39807855e+00
    1.34135793e+00  -1.59006659e+00   1.60262116e-01  -1.15333879e+00
    3.36482434e-01 
    6.93673254e-01  -6.86713067e-02   2.73389014e+00   1.12063455e+00
   -1.75955976e+00  -1.96579019e+00  -1.18987824e+00  -8.87572691e-01
    1.24549791e+00   1.02467272e+00   2.43132023e-01   6.63644114e-01
   -2.15573264e+00   7.89031212e-03  -4.26929332e-01  -1.16317247e+00
    2.30819703e+00   5.23702431e-02  -1.34612481e+00   1.32445104e+00
   -1.26290934e+00  -2.44394195e+00  -1.19068721e+00   1.26579307e+00
    1.30044458e+00   7.91509927e-01  -2.49447458e+00  -5.25111628e-01
    2.25243719e+00  -1.97641924e-01  -2.24282408e+00   1.01806007e+00
   -3.28038275e-01 
   -1.52744736e+00   3.13619469e-01  -1.53193100e+00  -1.01245046e+00
    1.89381631e+00   1.25529132e+00   1.26854830e+00   1.16031080e-01
    5.88942896e-01  -8.52833991e-01   2.83784431e+00  -1.96504401e+00
    3.77731811e-01  -7.96838572e-01  -3.20970984e+00   2.82091157e-01
    3.87580466e+00  -1.29645515e-01   1.41980412e-01  -2.27905751e+00
   -8.04656505e-01   6.03748619e-01   8.24723558e-01  -2.94138928e+00
    7.03678525e-01   5.38886966e-01  -9.22829839e-02   4.30883513e-02
   -3.41836977e-01   2.57038519e-01  -1.72064591e+00  -4.68560889e-01
   -1.48381571e-01 
   -1.97728144e+00  -1.16707933e+00  -2.30829248e+00  -4.90825059e-01
    1.81845613e-01  -4.58924177e-01  -3.27650353e-02  -1.30739621e+00
   -3.11316784e-01  -3.00266770e+00   1.56780053e+00  -6.77891152e-01
   -1.69527765e-01  -2.47723147e+00   2.86416803e+00  -1.68856035e+00
   -7.53288721e-02  -1.57031032e+00   2.61146594e+00  -2.90663830e-01
    1.33598016e+00  -1.18185854e+00  -3.25187669e+00   1.97922742e+00
    2.02756447e+00   1.20762417e+00  -1.46662545e+00  -1.38779292e-01
   -3.04339163e-01  -1.25496207e-01  -1.22986802e+00   1.87637918e+00
   -1.73741519e-01 
   -1.48382281e+00  -1.63673351e-01   7.69245251e-01   3.33361169e-01
    1.02971762e+00  -6.99881376e-01  -4.69265886e-01  -3.55439614e+00
    1.15412482e+00   1.48471837e-01  -3.18161534e-01   3.98301187e-01
   -9.43908146e-01   1.97297721e+00  -9.24663891e-01  -2.05863555e+00
   -1.37143879e+00   6.91827368e-01  -3.00987703e-01  -2.49980423e+00
    4.40999849e+00   5.00027481e-01  -9.24606071e-02  -1.26018659e-01
    3.63379401e-01   5.88302658e-01  -1.31768142e+00  -1.68162124e+00
   -3.77828198e+00   8.75287850e-01  -1.60072101e-01   3.61415435e-01
   -2.43747635e-02 
    8.39059042e-01  -1.34646695e+00   2.70632275e-02  -8.89521576e-01
   -2.15996848e-01  -2.38604087e+00   1.20887936e+00   8.84570741e-01
    7.03872891e-01  -2.06355358e+00  -4.93331752e-01   2.69651681e+00
    3.04218556e+00  -1.61029162e+00  -1.06343669e+00  -3.96176698e+00
   -1.04233197e+00  -2.84636829e-02  -5.95234395e-02  -6.51691420e-01
   -7.87490138e-01  -1.68630172e-01  -2.00670997e-01  -7.23776699e-01
   -1.43274116e+00  -2.03836907e+00   1.04751225e+00   3.65653795e-01
    3.45059861e-01   2.85022871e+00   8.26008973e-01   2.41978180e-01
   -4.07917109e-01 
    1.63213495e-01  -7.43885930e-01   2.16734061e+00  -5.42517221e-01
    1.79894672e+00  -1.00714388e-01  -9.00465048e-01  -2.05569074e-01
   -2.39310891e-01   5.32211451e-01  -4.35936502e+00   1.82384751e-01
    1.37555661e-01  -1.96036329e+00  -5.56955584e-01   2.22043297e+00
   -2.43327745e+00  -4.78238294e-01  -2.34315672e+00  -3.31042492e-01
   -2.57236715e+00  -1.30548123e-01  -2.95015325e+00   2.38218493e-01
   -4.77597473e-01   3.54808612e+00   4.50068973e-01   6.62094631e-01
   -1.41595044e+00   8.45145465e-01   1.17994211e+00  -1.78593822e-01
   -1.02577972e+00 
   -2.06041051e+00   2.44584795e+00   1.18157947e+00   1.38786427e+00
   -1.98844119e+00  -3.15391210e-01   1.26846205e+00  -2.38345047e+00
    2.25169447e+00   2.89226989e-01   7.35612690e-01  -1.52024268e+00
    1.15203969e+00  -1.72951528e+00   1.99606177e+00   1.24009636e+00
   -7.78447344e-01  -2.44634005e+00  -3.64957338e-01   5.38123632e-01
   -1.52497599e+00  -1.74460694e+00   2.20554599e+00  -1.35237713e+00
   -1.90653753e+00  -3.99776255e-01   4.14721000e-03   4.80594801e-01
   -1.33709117e+00  -2.64808654e-03   1.54949321e+00  -1.95014504e+00
   -5.66433423e-01 
    1.11896844e+00  -1.01208765e+00  -9.65055747e-01  -1.46598542e+00
   -9.89737092e-02   2.53431389e-01  -1.02765824e+00  -2.48420439e+00
   -2.54606429e+00  -2.63223186e+00  -1.90728152e+00   1.80883619e+00
   -2.64264057e+00  -1.44071116e+00   1.93487878e-01   3.01885376e-01
    5.28553784e-01  -1.20345251e-02  -2.20625913e+00   1.76335209e+00
    1.37024758e+00   1.24242457e+00   5.16134648e-01  -2.50511425e+00
    2.71018792e+00  -8.10516060e-01   2.04545533e+00   5.00838670e-01
    2.55816310e+00   3.76327520e-01  -5.63889259e-02  -1.92386446e+00
   -4.04951890e-01 
   -1.07308232e-01  -2.90155901e+00   3.94621877e-01   9.32401898e-01
   -5.82956494e-01   1.32929978e+00  -1.14678287e+00  -2.26681692e+00
   -1.81218668e+00  -1.49416149e-01   1.21573849e+00   5.10480189e-02
   -2.66051229e+00   1.81857103e+00  -3.38685567e-01   2.81305750e-01
    5.02524732e-01  -1.29790435e+00   1.07162551e+00   1.62569751e+00
   -7.65091394e-01  -1.35993462e+00  -1.40633900e+00  -2.80573776e+00
   -1.64048196e+00  -1.59576274e+00   3.56791137e+00   1.05185670e+00
   -1.13886188e+00  -3.48812295e-01   1.60265143e+00   2.60375811e+00
   -5.04484234e-01 
   -1.18570211e+00   4.48887650e+00  -1.38259131e+00  -2.58326281e+00
   -2.17016772e+00  -1.19507635e+00  -1.13722671e+00  -5.65376371e-03
    1.07102378e+00  -2.36974508e+00  -2.67091316e+00   3.35445778e-01
   -6.68742784e-01   1.32787826e+00  -2.16472473e-01   1.60684333e+00
   -7.15238953e-01  -6.04732539e-01   3.68647126e-03  -8.82050764e-01
    7.35676317e-01   1.81110876e+00  -6.58609156e-01   9.52302110e-01
    5.55454295e-01  -1.68682388e+00  -1.48626277e+00   9.60894701e-03
    1.09946250e+00  -9.28470841e-01   1.70833122e+00   1.24299414e+00
   -6.43962945e-01 
   -4.31565311e-01  -9.61323388e-01  -2.54561971e+00  -2.09428980e+00
   -2.10176298e+00   9.48763704e-01  -3.62898028e-02  -1.55052909e-01
   -6.93651866e-01   3.53469226e+00   6.34751686e-02   2.20971522e+00
   -9.78722809e-01   3.36869783e-01  -5.03033507e-01  -1.31822895e+00
   -1.11598906e-01  -1.11858030e+00  -4.22607445e-01  -1.47418248e+00
    3.24399445e-01  -3.51736112e-01  -8.96718874e-01  -7.04166071e-01
   -9.56414760e-02  -2.02210025e-01  -1.87116393e+00   4.90181002e-01
    1.60449348e+00  -1.24619649e+00   2.06142082e+00  -4.40807890e-01
   -2.11848656e-01 
   -2.71063261e-01  -8.14724299e-01   4.88499408e-01   1.92394853e+00
   -2.35608942e+00   1.29490527e+00  -2.54512159e-01   1.06293694e+00
    9.32688510e-01  -7.62987791e-01  -9.37725524e-01   5.94376243e-02
   -1.70320921e+00  -7.57109785e-01  -2.67628916e+00   2.10762248e+00
   -3.03174945e+00   4.03855613e-01   9.94109413e-01  -8.41858618e-01
    7.70806634e-01  -6.13930179e-01   1.41403405e+00   3.38307698e-01
    2.60798223e-01  -2.10080365e+00   9.06809897e-01  -1.35006715e+00
    1.42153039e-02  -1.15609025e+00  -9.31960354e-01   7.05411081e-01
   -5.77119868e-01 
   -5.80366611e-01   2.17413144e+00   3.25982725e-01  -1.09717246e+00
   -9.75081468e-01  -2.04305782e-01   9.38525601e-01   1.53521213e+00
   -1.06666554e+00   2.33112093e-01  -1.01341513e+00  -6.50962094e-01
    2.24685358e-01   3.95388781e-01   1.94697102e+00  -1.17367725e+00
    4.65734958e-01   2.64018026e-01  -1.37431080e+00   4.34623456e-01
   -7.54432402e-01   9.99017994e-01  -3.54901382e-01  -3.55881038e-01
    9.58694315e-01  -1.25439216e+00  -4.05317512e-01  -3.95964569e-01
   -2.53602152e+00  -1.49727857e-01  -1.88441181e+00  -2.90319597e+00
   -9.52603888e-01 
   -1.80935129e-01  -1.76548913e+00  -2.38981574e+00   1.94144928e+00
    1.35696603e+00   9.03474958e-01  -4.22822353e-01  -5.12478052e-01
    1.99843212e+00   1.24456420e+00   2.01893307e-01   4.48353226e-01
   -1.00559818e-01   2.58171182e-01  -1.05996214e+00  -5.74802525e-01
   -2.52663858e-01  -1.84990360e+00  -9.17515148e-01   1.65543531e+00
   -4.60266429e-01   7.69926110e-01   4.11850866e-01  -1.54083231e+00
   -5.19639129e-01  -1.57859527e+00  -1.64003074e+00  -6.12989995e-01
    1.11755518e+00  -5.15382014e-01  -8.96052864e-01  -6.62639782e-01
   -2.08568623e-01  