NN 16 32 16   -3.65196638e+00  -9.34375930e-01  -1.06372253e-01   5.97822337e-01
    2.40434227e+00  -9.57661846e-01  -1.98820372e+00  -2.00877223e+00
    3.04666664e+00  -1.38793765e+00  -1.86656514e-01   2.44360083e-01
    8.68699193e-01  -2.50925032e-01   2.20222324e-01  -5.26981346e-01
   -8.56334551e-01 
    6.05923093e-01  -5.00909673e-01  -4.90306514e-01  -3.19128867e-01
    1.13635837e+00  -5.24221967e-01   1.10168737e-01   5.37116128e-01
   -2.54163927e+00   7.00646252e-01   2.16023695e+00  -3.65637009e+00
    7.00822671e-01   6.83411151e-01  -1.99008281e+00   1.28726768e+00
    5.49902704e-01 
   -8.98756626e-01   9.18198851e-02  -2.61314147e+00   9.10967007e-01
    2.50129070e+00  -1.76130831e+00  -5.37441335e-01  -6.75175024e-01
   -1.03847496e+00   5.35155362e-01  -1.45951277e-01   2.41872967e-01
    1.48448369e+00  -7.49408069e-01  -2.31536128e-01   1.99353256e+00
    1.62130860e-01 
    1.62736441e+00  -9.08792930e-01  -1.28835900e+00   1.07544149e+00
   -3.21992159e-02  -1.12845070e+00   8.73565780e-01  -3.79576189e-01
   -1.46909982e+00   7.98092815e-01  -1.54012469e+00   1.74655694e+00
    1.70653415e+00  -1.58885936e+00   1.13143019e+00  -1.88293197e+00
   -2.35202426e-01 
   -2.76585276e-01  -1.53543842e+00   1.50469794e+00  -1.06760514e+00
   -2.33989878e-01  -6.79367265e-01   4.70614165e-02  -2.10114709e+00
    1.13949206e+00  -5.00395393e-01   4.91394849e-02   1.91431024e+00
    1.52444781e+00   2.13966977e+00  -1.70346717e-01  -1.47809010e+00
   -7.41838434e-01 
   -3.26090793e-01   1.12257371e+00   1.77135127e+00  -1.25278063e+00
    6.69501621e-01   1.32524279e+00   1.88428848e+00  -3.51078607e-01
   -6.02222170e-02  -2.47914212e-01  -1.99050775e+00   4.36854585e-01
   -8.28054791e-01  -1.42092845e+00  -4.61225100e-01  -1.35594839e-01
    2.22272829e-02 
    7.94705536e-01   1.64458566e+00   1.54593076e+00  -1.79665030e+00
   -8.32664473e-02   7.23736912e-02  -1.78267593e+00   1.22698106e+00
   -4.91163202e-01   5.65042107e-01   8.92217658e-01   3.66937377e-01
   -1.19018971e-01  -3.42529273e-01  -1.35988497e+00   8.70688139e-01
   -6.21089705e-01 
    8.90862590e-01  -1.30316204e+00   1.08510742e+00  -3.49544706e-01
    6.05191953e-01   4.00815217e+00  -2.00746128e+00  -1.84105189e-01
    2.36322272e+00   2.26514080e+00   4.96624169e-01  -5.82210624e-01
   -6.12066763e-01  -2.58013145e+00  -1.26627664e+00  -5.41353583e-02
   -6.32492874e-01 
    1.82345721e-01   2.62981239e+00  -8.70421046e-01  -9.30484019e-01
    7.39373229e-01  -1.33591319e+00  -1.16887036e+00  -1.41208877e-01
   -1.61309754e+00   2.33030152e+00   1.38190031e+00  -1.06300864e+00
    8.52545914e-01  -1.69898994e+00   1.37360550e+00  -1.52006867e+00
   -1.16098904e-01 
   -1.36806690e+00  -9.58963714e-02  -7.16199544e-01   1.21453152e+00
    1.80341365e+00  -8.44924431e-01   1.21014165e+00  -7.55181538e-01
   -9.91699987e-01   1.13142155e+00   5.50946015e-01   1.96631336e+00
   -2.61361112e+00   5.55588677e-01  -5.58070582e-01  -1.27893151e+00
    3.59815089e-01 
   -4.31362197e-01   4.41699669e-01   1.39795826e-02  -2.77106274e+00
   -2.07532176e+00  -1.41204635e+00   1.25438911e-01   4.04125756e+00
   -1.05304062e+00   6.41330763e-01  -6.76622378e-01   2.93741310e+00
   -9.91953817e-01  -3.18411552e-01  -1.50899385e-01  -5.72022854e-03
   -6.21077106e-01 
    2.81722642e+00  -8.44310277e-01   2.86195426e-01   1.89216815e+00
    1.52800472e+00  -6.07782146e-01  -1.19977456e+00   6.35514687e-01
    2.49724133e-01  -1.08923325e+00   4.34108782e-01  -4.33455928e-01
   -2.92928653e+00   4.26089214e-01   9.78576403e-01  -8.56614862e-01
   -1.42998690e-01 
   -2.40174687e-01  -1.95406401e+00   1.27060377e+00   1.57990683e-01
    5.17492325e-02   1.89216114e-01  -3.37251757e+00   1.51569906e-02
   -1.83824711e+00   9.91900879e-01   2.97286029e+00   6.70527854e-02
   -3.92490832e-01   1.27782648e+00  -6.31231494e-01  -6.62694776e-01
   -1.24132121e+00 
   -4.74624222e-01   2.67689382e-01  -4.41883519e-01   4.63547520e-02
    2.18494292e+00  -1.93512729e+00   7.48499123e-01   8.87294464e-01
    1.05034908e+00   1.61786215e+00  -2.27820088e+00  -1.74726926e+00
   -9.49799708e-01   3.78571109e-01  -3.66261540e-01  -1.36223501e-01
   -1.27544115e-01 
    1.46167990e+00  -1.81820267e+00   4.82645105e-01   2.89432235e+00
   -2.20307566e+00   7.00739877e-01   4.79000996e-01  -9.67021272e-01
   -1.67721733e+00  -5.49872657e-02  -4.02915832e-01  -2.70606838e-01
    7.34273704e-01   2.32841561e+00  -2.10845298e+00  -1.33389368e-01
    5.65280086e-01 
    1.42964922e+00  -1.07981598e+00  -3.04316178e-01   8.63865604e-02
   -1.65226084e-01  -1.81569112e-01   3.06245186e+00  -2.89995000e+00
   -1.32043761e+00  -7.40275178e-01  -3.91801864e-01  -8.73600139e-01
    1.30160144e+00  -1.82901995e+00   9.39914530e-01   5.25837261e-01
    5.46927602e-01 
    1.45706361e+00   6.77433473e-01  -3.10093370e+00  -4.10842604e+00
    8.85410095e-01   5.88530372e-02   9.33991834e-01   1.42918242e+00
    8.67252294e-01   2.04963526e-01  -1.00350279e+00  -1.14145746e+00
   -3.95934142e-01   1.67373022e+00  -6.05837973e-01   9.94657863e-01
    1.53375413e-01 
   -1.45131176e+00   4.07703619e-01  -1.97747581e-01   2.15647761e-01
    7.07201796e-01  -1.45090401e+00   1.11871839e-01   2.60046817e-01
    1.48412441e+00  -8.92309001e-01   1.12235414e+00   1.42211487e-01
    9.00811640e-01  -9.99564222e-01  -6.36214803e-01   1.20227770e+00
   -6.27959097e-01 
   -9.35120384e-02  -2.29988652e+00   2.21747477e+00  -7.56877290e-02
   -2.32938394e+00   2.85257308e-01  -1.93082884e-01   1.53235338e+00
    3.35570113e-01   1.62673414e+00  -1.61359217e+00  -4.59831011e-01
    6.64304583e-01  -1.07994076e+00   6.77589266e-01   6.76768967e-01
    1.72974273e-01 
   -1.27300520e+00   5.28191067e-01  -8.04121656e-01   2.01884290e+00
   -7.45857262e-01   1.87731988e+00   9.94374035e-01  -1.53747826e+00
   -2.80552043e-01  -1.81858309e+00  -6.87804508e-01   6.05302629e-01
    1.78232613e+00   1.40701450e-01  -2.50182991e-01  -2.18720252e+00
    3.62026941e-01 
   -1.03346785e-01   2.55981718e+00   1.23272657e+00  -5.30258848e-01
   -3.34770270e-01  -4.66388838e+00   1.22480737e+00   3.25201907e+00
    1.30263257e+00  -2.23902345e+00   6.62818482e-01  -2.98252406e-01
   -5.31938295e-01  -7.32079468e-01   6.79885065e-01  -3.10583280e-01
   -3.11288989e-01 
   -2.57637879e+00   8.97907004e-01   1.83257309e+00  -2.53364440e-02
    1.57833161e+00  -8.58354017e-01  -1.23845756e+00  -4.65340520e-01
    2.25123372e+00  -1.32524686e+00   3.65262597e-01  -1.84406850e+00
    5.51149866e-01   4.66388651e-01  -1.10242018e+00  -4.22020386e-01
    6.23968529e-01 
   -2.24524352e-01  -6.40521808e-01   6.15521928e-01  -8.42727302e-01
    2.26345542e+00  -1.23401193e+00   3.71486463e-02   2.31263840e+00
   -2.55155201e+00  -7.52000478e-01   1.29655809e+00   7.68234078e-01
    4.55797830e-01  -7.52803955e-01  -4.37759497e-01  -1.01841047e+00
   -3.39896956e-01 
   -1.95056717e+00   2.33966729e-01  -1.41109315e+00   2.06948228e+00
   -9.06155088e-01   9.18365925e-01   7.86058454e-01  -6.46719182e-01
    1.01349433e+00   1.51782630e+00   1.57940724e+00  -1.74565171e+00
    8.65145778e-01  -1.28336559e+00   6.29566748e-01  -1.67273224e-01
   -5.78194058e-01 
    1.89722674e+00   1.58845016e+00  -1.93551256e+00  -9.03117145e-01
   -3.57152604e+00  -1.23578810e+00   1.03688629e+00   5.64859305e-01
    1.38329041e+00  -2.45888498e+00   1.88903997e+00  -1.77996814e-01
    5.53847461e-01  -3.17563880e-01  -7.28112179e-01   1.46096125e-01
   -1.27938388e-01 
    1.79457019e+00   2.12450634e-02  -1.77882851e+00  -2.64240581e-01
   -1.05144280e+00  -5.46470287e-01   2.78193678e+00  -3.00550584e+00
   -1.70088351e-01  -2.08123807e-01   1.04623235e-01   8.87120574e-01
   -3.12668615e-01   1.23491616e+00   7.10885489e-01   1.04831973e+00
   -6.38874901e-01 
   -6.23740539e-01  -4.25059292e-01   1.92396961e+00  -2.32683602e-01
    1.65615401e+00   1.87741463e+00  -3.16614492e+00   4.03753491e-01
    2.09027952e-01  -8.21736582e-01  -3.06267375e+00   2.20648881e-01
    1.94366422e+00  -1.31843621e+00  -4.89940813e-04   3.01456252e+00
   -1.88762154e-01 
   -7.91557865e-01   2.66795888e+00   1.24476007e+00   3.81815882e-03
   -1.29246466e+00   1.99954614e+00  -4.62011917e-01  -9.19975495e-02
   -1.00539974e+00  -2.12875877e+00  -2.50239358e-01  -1.59270685e-01
   -9.31896771e-01   5.73800917e-01  -9.01634171e-02   7.23404132e-01
   -5.37107831e-01 
   -3.31263356e-01  -1.06022042e+00  -1.23980162e+00   1.17823902e-01
    2.58408328e-02   2.58143450e+00  -7.80829558e-01   8.01089051e-01
    4.02076427e-01  -2.52238822e+00   1.21620481e+00  -3.24408830e-01
   -1.44664302e+00  -6.57878028e-02   2.97044982e+00  -1.49768553e+00
    5.83689217e-01 
   -3.21216360e-01   2.23593868e+00   2.87252440e-01  -8.07130319e-01
    8.39066206e-01  -1.54382272e+00  -2.43576319e+00  -1.35842846e+00
   -4.86949675e-01  -9.23313861e-01  -1.74925668e-02   9.85686880e-01
    7.63985167e-01   4.88728839e-01   9.98211314e-02   1.02651721e+00
   -3.85758003e-02 
   -9.84868682e-01   1.98783414e-01   2.66797804e+00   1.66775029e+00
    1.02872845e+00   2.34283182e-01  -2.09756401e+00  -1.15928638e+00
   -7.72356375e-01   7.76779265e-01  -1.86083563e+00  -1.42621552e+00
   -1.66293943e+00   1.52898202e+00   1.65193684e+00   1.12863600e+00
    2.93096437e-01 
    1.44772415e+00   9.21978368e-01  -9.81144934e-01  -2.91911942e-01
   -9.19529923e-01  -3.19686007e-01  -4.72679925e-01  -5.37764288e-01
    1.70625459e+00   1.58230329e+00  -2.31709153e+00  -1.93646230e+00
   -4.82107370e-01  -1.64252070e+00   2.39823957e+00   7.82187950e-01
   -5.27004321e-01      3.46954662e+00  -9.47279719e-01   3.03314645e-01  -2.04090357e+00
   -9.80088739e-01   1.23702246e+00  -6.83530012e-01  -9.93542229e-01
    5.40051680e-01   7.46383790e-01   1.78562259e-01  -3.10440149e+00
   -8.05493164e-01   3.06265485e-01   9.24381141e-01  -1.66226038e+00
   -1.90609995e-01   1.08433500e-01   1.09385494e-01   3.07083012e-01
   -2.64140600e-01   1.88911702e+00   5.69052704e-01   2.07562426e+00
   -1.54410919e+00  -9.32183117e-01   5.49983298e-01  -8.87326088e-02
   -7.09710686e-02  -3.70297719e-01   2.14944123e-01  -1.40127651e+00
   -1.71635998e-01 
    6.45937204e-01   4.73368422e-01  -2.60146360e-01  -1.86901439e-01
    8.86775156e-01  -1.76452284e-01  -1.46864700e+00   9.69547878e-01
   -2.18562881e+00  -1.84216020e-01  -9.86226975e-01  -2.87897983e-02
    1.12252128e+00  -2.11569784e-01   1.59249587e+00   1.20320880e-01
    8.29414571e-02  -8.97695107e-01   2.06946423e+00  -2.08431498e+00
   -1.54351203e+00   2.03691466e-01   3.85545717e-01   1.38702554e-01
   -1.41095731e+00   6.86790942e-01   6.93536224e-01  -4.23249107e+00
    1.34715777e+00  -1.86225353e+00  -8.37120268e-03  -1.29308751e+00
    1.56408179e-01 
    5.86363457e-01  -1.10142056e-01   2.75945623e+00   1.08434368e+00
   -1.75189107e+00  -1.63781273e+00  -9.73845226e-01  -8.79436850e-01
    1.42482378e+00   1.10494711e+00   4.65017783e-01   4.82528000e-01
   -2.18325727e+00   3.11186876e-02  -4.31629724e-01  -1.23806604e+00
    2.26566050e+00  -1.63507262e-02  -1.41351182e+00   1.19870714e+00
   -1.37794173e+00  -2.58075108e+00  -1.23032615e+00   1.18178643e+00
    1.22911744e+00   8.55264647e-01  -2.30172999e+00  -5.41515393e-01
    2.01013894e+00  -2.46882305e-01  -2.36304869e+00   8.87720990e-01
   -3.57849408e-01 
   -1.44110216e+00   3.66338360e-01  -1.42444440e+00  -1.02864838e+00
    1.79682735e+00   1.40025446e+00   1.25487572e+00   2.77560387e-01
    4.88372088e-01  -8.34528612e-01   2.69957168e+00  -2.01205755e+00
    5.30316836e-01  -9.70568579e-01  -3.27193104e+00   7.07189705e-02
    3.84163286e+00  -1.89947408e-01   1.68960119e-01  -2.11256760e+00
   -1.04801175e+00   5.90735937e-01   7.66459506e-01  -2.87151061e+00
    5.40107561e-01   5.81173892e-01  -7.06640472e-02   1.55120181e-01
   -3.43715782e-01   2.43570852e-01  -1.71395821e+00  -6.21939511e-01
   -1.47881564e-01 
   -1.80598919e+00  -1.19039270e+00  -2.20966205e+00  -5.09248728e-01
    2.23082669e-01  -3.29095773e-01   1.81053996e-04  -1.24401938e+00
   -2.72162192e-01  -2.73751133e+00   1.39716364e+00  -5.27581717e-01
   -9.70655305e-02  -2.40807402e+00   2.69891598e+00  -1.66322926e+00
   -2.24719289e-01  -1.42267396e+00   2.47684047e+00  -1.46994266e-01
    1.36907974e+00  -1.33097265e+00  -3.11231797e+00   2.05715487e+00
    2.11073388e+00   1.36643237e+00  -1.51806191e+00  -2.05991783e-01
   -6.31902477e-01  -2.87375368e-01  -1.19167920e+00   1.63732446e+00
   -2.18337486e-01 
   -1.21882322e+00  -2.18439039e-01   6.17470116e-01   4.87834418e-01
    1.06065178e+00  -6.75969663e-01  -3.99519176e-01  -3.67739929e+00
    1.01663836e+00   1.16584709e-02  -1.22898883e-01   3.16466646e-01
   -8.49333204e-01   1.90062996e+00  -8.22212261e-01  -2.07684774e+00
   -1.45135224e+00   5.57956454e-01  -1.07201944e-01  -2.55922642e+00
    4.51702800e+00   4.59519758e-01   3.85833283e-02  -9.23027683e-02
    1.76930989e-01   4.79559234e-01  -1.36403679e+00  -1.59070320e+00
   -3.68549999e+00   8.07936429e-01  -1.59689786e-01   2.32622507e-01
   -2.19506820e-02 
    6.63916561e-01  -1.05811443e+00   1.52619516e-01  -1.12102799e+00
   -2.71749657e-01  -2.18875195e+00   1.09062323e+00   6.92391417e-01
    4.43429613e-01  -2.12522427e+00  -7.11199984e-01   2.56122574e+00
    3.01850961e+00  -1.74123770e+00  -1.15820536e+00  -3.86831745e+00
   -1.11399206e+00   1.63130114e-01  -3.56265785e-01  -2.96316207e-01
   -7.61743685e-01  -2.95481249e-01  -4.21021555e-01  -6.18985046e-01
   -1.31542865e+00  -1.64417198e+00   1.05174241e+00   3.55891262e-01
    4.11534719e-01   2.80181882e+00   6.68012420e-01   2.53509120e-01
   -3.97129612e-01 
    1.46294402e-01  -6.50060884e-01   2.16284623e+00  -6.65191894e-01
    1.60245580e+00  -2.23781288e-01  -9.00179869e-01  -1.21037471e-01
   -2.14097438e-01   5.38714409e-01  -4.23451828e+00   1.59757425e-01
    9.76017219e-02  -1.64486639e+00  -3.65847159e-01   2.19023393e+00
   -2.34155615e+00  -5.38299503e-01  -2.29007967e+00  -4.21770661e-01
   -2.42326076e+00  -2.24247532e-01  -2.76049245e+00   1.71657238e-01
   -5.19313708e-01   3.46294902e+00   5.15865849e-01   5.55174935e-01
   -1.42588590e+00   8.78996759e-01   1.14558819e+00  -1.29171079e-01
   -8.57565927e-01 
   -2.03941676e+00   2.36006654e+00   1.14194886e+00   1.33221379e+00
   -2.03600366e+00  -3.35993730e-01   1.22913338e+00  -2.33077518e+00
    2.17573011e+00   3.44522303e-01   7.10528157e-01  -1.44047849e+00
    1.15367016e+00  -1.52359405e+00   1.95969780e+00   1.20780857e+00
   -8.16981112e-01  -2.25679009e+00  -3.90075165e-01   5.37679708e-01
   -1.41101658e+00  -1.70861992e+00   2.10254466e+00  -1.33649113e+00
   -1.78315961e+00  -4.89888057e-01   1.01301212e-02   5.39226793e-01
   -1.30101792e+00  -9.77569374e-02   1.49441997e+00  -1.85843342e+00
   -5.25735526e-01 
    9.62917557e-01  -9.25714842e-01  -8.69995013e-01  -1.35583576e+00
   -1.30210891e-01   2.87724003e-01  -8.93459657e-01  -2.32908103e+00
   -2.40218629e+00  -2.60241188e+00  -1.82792702e+00   1.66539376e+00
   -2.46716390e+00  -1.40874621e+00   1.08209502e-01   1.66438983e-01
    6.03310473e-01  -9.79608986e-03  -2.11539501e+00   1.73722284e+00
    1.26653334e+00   1.24388101e+00   5.73448691e-01  -2.59676757e+00
    2.64693337e+00  -6.70382479e-01   1.94293817e+00   4.48034854e-01
    2.36715094e+00   3.51242860e-01   5.07025735e-02  -1.74856219e+00
   -2.96815150e-01 
   -1.77782924e-01  -2.74565612e+00   3.41747683e-01   8.76717783e-01
   -6.13008205e-01   1.22793986e+00  -1.13922080e+00  -2.19766265e+00
   -1.61032603e+00  -3.79489742e-02   1.15323061e+00   1.55202181e-01
   -2.63641174e+00   1.87593938e+00  -3.09332451e-01   1.97063840e-01
    5.51947356e-01  -1.27592164e+00   1.03001355e+00   1.66573511e+00
   -7.96215354e-01  -1.29583980e+00  -1.32436560e+00  -2.61672861e+00
   -1.68726718e+00  -1.60819520e+00   3.39323870e+00   1.02286516e+00
   -1.10477373e+00  -4.10242256e-01   1.58355315e+00   2.48320895e+00
   -4.22161674e-01 
   -1.27208315e+00   4.23571922e+00  -1.24045075e+00  -2.52178115e+00
   -2.04845773e+00  -1.25627686e+00  -1.14557817e+00  -5.72742226e-02
    1.10066381e+00  -2.28896716e+00  -2.61112922e+00   2.77596100e-01
   -6.99448823e-01   1.26987757e+00  -2.10208215e-01   1.62799559e+00
   -7.55426432e-01  -4.99641655e-01  -1.22313631e-01  -8.93305065e-01
    7.86171367e-01   1.78468968e+00  -5.80012686e-01   8.56840667e-01
    6.20183845e-01  -1.66685476e+00  -1.52087439e+00  -9.18565710e-02
    1.04588757e+00  -8.22796966e-01   1.52874936e+00   1.07543109e+00
   -6.33929355e-01 
   -4.36220578e-01  -9.55247764e-01  -2.51836063e+00  -2.03431606e+00
   -2.00453819e+00   9.20362107e-01   2.09941169e-02  -1.77382579e-01
   -6.39843071e-01   3.36210133e+00   7.21559828e-02   2.12551507e+00
   -1.01538608e+00   2.71056344e-01  -4.55723051e-01  -1.29597710e+00
   -6.35450976e-02  -1.08547361e+00  -3.85836503e-01  -1.40508863e+00
    3.57995740e-01  -3.88604620e-01  -8.88843661e-01  -6.89378124e-01
   -3.80256408e-03  -1.62109827e-01  -1.78993852e+00   4.69780834e-01
    1.54213550e+00  -1.19425475e+00   1.96357391e+00  -4.36195718e-01
   -1.90664015e-01 
   -2.78706681e-01  -7.98166681e-01   5.64208548e-01   1.91937751e+00
   -2.24000733e+00   1.23277001e+00  -2.03256498e-01   9.99210358e-01
    9.43249143e-01  -7.22617799e-01  -8.59559224e-01   6.99934116e-02
   -1.65573801e+00  -7.07102699e-01  -2.53550144e+00   2.00994774e+00
   -2.89569790e+00   4.01712514e-01   1.01987351e+00  -8.13837083e-01
    7.79870551e-01  -6.12410919e-01   1.39547797e+00   3.65298230e-01
    3.24618775e-01  -2.03129137e+00   9.36221952e-01  -1.29559228e+00
    7.30340347e-02  -1.05399881e+00  -8.63025970e-01   7.13729959e-01
   -4.57249322e-01 
   -5.70617006e-01   2.02254069e+00   2.75980276e-01  -1.10876357e+00
   -9.74488148e-01  -1.39333997e-01   9.76402993e-01   1.48321359e+00
   -9.23887656e-01   2.22091647e-01  -9.58907669e-01  -6.95812636e-01
    2.13966564e-01   4.35498894e-01   1.81540618e+00  -1.10423267e+00
    4.77040815e-01   2.91994522e-01  -1.25247649e+00   4.41696200e-01
   -6.59505228e-01   1.04950742e+00  -2.64871788e-01  -2.83336420e-01
    9.03492792e-01  -1.26930899e+00  -3.97061949e-01  -2.96003475e-01
   -2.30724249e+00  -9.96683799e-02  -1.73330611e+00  -2.78581370e+00
   -8.67532366e-01 
   -1.87997261e-01  -1.70582683e+00  -2.31332572e+00   1.82126538e+00
    1.35985767e+00   8.91115236e-01  -4.42996445e-01  -4.59617395e-01
    1.85509899e+00   1.22786184e+00   1.61405133e-01   4.29986847e-01
   -1.46813394e-01   2.32457071e-01  -1.03072546e+00  -4.67975863e-01
   -2.23454375e-01  -1.74850747e+00  -8.85945379e-01   1.59027558e+00
   -4.81439961e-01   7.55381737e-01   3.29658286e-01  -1.48380675e+00
   -5.13746921e-01  -1.48134852e+00  -1.61095402e+00  -5.49345100e-01
    1.09226279e+00  -4.95980028e-01  -8.66431983e-01  -6.12499874e-01
   -1.84650589e-01  