NN 16 32 16   -3.87717745e+00  -1.21033889e+00   9.59981816e-02   5.78790719e-01
    2.55655575e+00  -1.01749675e+00  -1.93364515e+00  -2.31108064e+00
    3.53925370e+00  -1.10872438e+00  -2.27208243e-01   2.71526334e-01
    9.64497166e-01  -2.15693175e-01   3.12424535e-01  -5.67874536e-01
   -8.66587809e-01 
    6.48798626e-01  -5.26289048e-01  -3.69426205e-01  -3.89564137e-02
    1.11178351e+00  -2.82762258e-01   2.45097503e-01   4.71922025e-01
   -2.74045773e+00   6.78623154e-01   2.23355563e+00  -4.04897044e+00
    8.26228369e-01   7.91381976e-01  -2.22352047e+00   1.35014589e+00
    6.29686409e-01 
   -1.04727636e+00   1.30753575e-01  -2.56756168e+00   8.73439978e-01
    2.81639956e+00  -1.87450920e+00  -6.98995186e-01  -8.25216187e-01
   -1.06915528e+00   5.19452030e-01  -4.26989027e-01   2.77990371e-01
    1.43555401e+00  -6.91569983e-01  -2.64912712e-01   2.06981084e+00
    1.55314149e-01 
    1.68900324e+00  -8.16867692e-01  -1.39993172e+00   1.06595814e+00
    2.39548829e-01  -1.15616949e+00   7.40042359e-01  -4.42046521e-01
   -1.62567158e+00   7.87888744e-01  -1.58897851e+00   1.64454104e+00
    1.75874005e+00  -1.60692865e+00   1.23344202e+00  -1.96509403e+00
   -1.95981674e-01 
   -1.30324693e-01  -1.63485310e+00   1.48932000e+00  -1.38058275e+00
   -4.93775611e-02  -6.90984369e-01  -1.42260275e-01  -2.05563773e+00
    1.20814175e+00  -5.31816202e-01   1.36959976e-01   2.16646781e+00
    1.55990547e+00   2.24361100e+00  -1.77641151e-01  -1.48246204e+00
   -6.93628482e-01 
   -3.87163935e-01   1.23189448e+00   1.96557659e+00  -1.36978471e+00
    6.68379688e-01   1.29327017e+00   2.04902080e+00  -4.96037476e-01
    2.81310434e-02  -2.30541494e-01  -2.00409521e+00   6.46063933e-01
   -8.19103909e-01  -1.44913739e+00  -4.81049193e-01  -3.59494534e-02
    8.84271505e-02 
    9.87344396e-01   1.44756609e+00   1.64017652e+00  -1.86942116e+00
   -4.66180078e-02   1.93331514e-01  -2.05462068e+00   1.59220647e+00
   -6.05534122e-01   5.04904761e-01   8.71455515e-01   2.05205998e-01
   -1.79955390e-01  -4.92657415e-01  -1.47956494e+00   7.74330976e-01
   -7.55829027e-01 
    6.81294449e-01  -1.30988904e+00   1.30217295e+00  -5.11570694e-01
    7.59203286e-01   4.22273244e+00  -2.20007317e+00   5.06164313e-02
    2.52531324e+00   2.41354207e+00   2.94020732e-01  -2.84957715e-01
   -6.62349457e-01  -2.72507738e+00  -1.38893783e+00  -9.45359388e-02
   -6.41548775e-01 
    1.92014589e-01   2.79744515e+00  -6.43048639e-01  -1.10797115e+00
    5.60047620e-01  -1.29930748e+00  -1.19644026e+00  -1.07947136e-01
   -1.70366451e+00   2.36189067e+00   1.42074041e+00  -1.29778789e+00
    9.75480674e-01  -1.80928894e+00   1.48482547e+00  -1.65005504e+00
   -1.08475175e-01 
   -1.30177940e+00  -7.94459281e-02  -5.15981628e-01   1.26956186e+00
    1.81044214e+00  -8.09252759e-01   1.35781697e+00  -9.16660547e-01
   -9.76933857e-01   8.23108350e-01   8.18743005e-01   2.15536965e+00
   -2.82534853e+00   5.80341701e-01  -6.98381051e-01  -1.30081382e+00
    4.15632429e-01 
   -6.83516437e-01   4.73160684e-01  -1.45753915e-01  -2.81094018e+00
   -2.36805620e+00  -1.44526242e+00   4.98732198e-02   4.28050413e+00
   -1.29465627e+00   2.75892390e-01  -4.45713033e-01   3.12551640e+00
   -1.13240431e+00  -3.89220020e-01  -1.23213459e-01   2.20216330e-02
   -6.39070123e-01 
    3.07236890e+00  -9.22173527e-01   3.20954980e-01   2.00468959e+00
    1.54723784e+00  -5.33547370e-01  -1.35538732e+00   6.56729921e-01
    2.98802582e-01  -1.19425804e+00   4.94136496e-01  -6.42334031e-01
   -3.09286289e+00   4.15985433e-01   1.09036165e+00  -1.00968896e+00
   -2.57902994e-01 
   -3.46327749e-01  -2.40496285e+00   1.56961563e+00   1.55690749e-01
   -3.05398351e-01   3.89276755e-01  -3.49992558e+00  -1.44756109e-01
   -1.97676485e+00   1.16126383e+00   3.00482612e+00   1.39476100e-01
   -5.26393423e-01   1.23403829e+00  -6.00962181e-01  -7.57314448e-01
   -1.33320024e+00 
   -5.66382241e-01   3.64915020e-01  -5.85506572e-01   1.65375971e-01
    2.30670350e+00  -2.02828926e+00   1.14286992e+00   8.95906715e-01
    1.10985107e+00   1.54705148e+00  -2.29806294e+00  -1.81850204e+00
   -1.14149381e+00   2.95447165e-01  -4.77088455e-01  -1.16494837e-01
   -1.84121755e-01 
    1.66000370e+00  -1.84631349e+00   6.23897637e-01   3.04721483e+00
   -2.24158384e+00   6.52630659e-01   4.43851586e-01  -9.72308811e-01
   -1.56112152e+00  -2.11968638e-01  -5.24574364e-01  -1.35659566e-01
    7.97390488e-01   2.39371869e+00  -2.17864409e+00  -1.39814621e-01
    6.17551209e-01 
    1.67227255e+00  -1.06843866e+00  -1.53428273e-01   2.05533893e-02
   -2.52926691e-01  -3.27044302e-01   3.17892557e+00  -3.01511756e+00
   -1.12775195e+00  -1.08569869e+00  -4.32338971e-01  -9.31278803e-01
    1.18813357e+00  -1.86199571e+00   9.37640200e-01   5.96311879e-01
    5.47197537e-01 
    1.42123383e+00   6.50537796e-01  -3.05218144e+00  -4.42868915e+00
    1.18852046e+00   1.18272727e-01   5.90675545e-01   1.55463160e+00
    7.79117424e-01   1.20144799e-01  -9.80507173e-01  -1.29943674e+00
   -3.61307876e-01   1.57829059e+00  -5.96877423e-01   1.13739792e+00
    2.35387393e-01 
   -1.53040128e+00   6.17469269e-01  -2.32307569e-01   2.98070928e-01
    7.21071034e-01  -1.71520789e+00   3.13125611e-01   2.29885332e-01
    1.52634746e+00  -7.95162373e-01   1.34578925e+00   2.22662689e-01
    8.77502482e-01  -1.12360091e+00  -7.07031761e-01   1.23349593e+00
   -6.80402708e-01 
   -2.76165057e-02  -2.59638492e+00   2.16159357e+00   2.88659784e-03
   -2.38542841e+00   3.10430736e-01  -2.73169349e-01   1.58779359e+00
    1.21997913e-01   1.56802829e+00  -1.65027633e+00  -4.36208389e-01
    5.34091160e-01  -1.04238273e+00   6.70518414e-01   7.16811269e-01
    1.72015819e-01 
   -1.43182274e+00   5.49542433e-01  -8.15179561e-01   2.14899785e+00
   -8.52488893e-01   1.83112270e+00   1.27033942e+00  -1.68456199e+00
   -1.74319416e-01  -1.78149382e+00  -5.43703848e-01   5.70492598e-01
    1.76451505e+00  -1.11659722e-01  -3.29278235e-01  -2.39796917e+00
    2.92764092e-01 
   -1.89935824e-01   2.63265409e+00   1.22998330e+00  -6.60693632e-01
   -1.50391322e-01  -4.83437217e+00   1.24893644e+00   3.53545007e+00
    1.48294745e+00  -2.41886637e+00   7.07670229e-01  -2.54671980e-01
   -4.44717289e-01  -8.86795736e-01   7.36800290e-01  -3.86045884e-01
   -3.27312285e-01 
   -2.72306393e+00   8.79960343e-01   2.12405109e+00  -1.80782363e-01
    1.55002078e+00  -8.69038259e-01  -1.41360249e+00  -4.52728503e-01
    2.38489438e+00  -1.04063648e+00   2.99950899e-01  -1.73875322e+00
    4.64445953e-01   4.17586204e-01  -1.22838294e+00  -4.99361239e-01
    6.05796829e-01 
   -3.09936381e-01  -6.86349278e-01   5.95889472e-01  -7.74171697e-01
    2.45377453e+00  -1.12348894e+00   2.30173705e-01   2.49496203e+00
   -2.58815639e+00  -7.15313991e-01   1.29414656e+00   9.40577843e-01
    4.05078333e-01  -7.99111883e-01  -5.13042217e-01  -1.18802964e+00
   -3.74618322e-01 
   -2.02759387e+00   2.01203459e-01  -1.40552036e+00   2.12066719e+00
   -1.02701026e+00   1.18106371e+00   7.39424768e-01  -7.55369530e-01
    9.97505816e-01   1.49694957e+00   1.68762533e+00  -1.71045517e+00
    8.80632445e-01  -1.28138989e+00   6.45792253e-01  -2.99537192e-01
   -6.06678286e-01 
    2.19106479e+00   1.55556055e+00  -2.10256663e+00  -1.20662841e+00
   -3.75290973e+00  -1.53772829e+00   9.60416968e-01   6.41689445e-01
    1.29161285e+00  -2.53664307e+00   1.84241505e+00  -1.86221005e-01
    7.71240661e-01  -3.33357663e-01  -7.43468321e-01   1.59097941e-01
   -1.25998642e-01 
    1.86080292e+00   2.77904081e-01  -2.01980191e+00  -3.62552313e-02
   -1.25877646e+00  -5.53148843e-01   2.89943978e+00  -2.99457231e+00
   -9.38153753e-02  -3.41637325e-01   2.79523216e-01   9.16821962e-01
   -1.82983083e-01   1.45475502e+00   7.78305290e-01   1.30045345e+00
   -4.79585403e-01 
   -7.42905852e-01  -3.40332920e-01   1.98742829e+00  -1.89921034e-01
    1.59750307e+00   2.15249234e+00  -3.46103300e+00   2.45605642e-01
    1.94080397e-01  -8.00424015e-01  -3.26500221e+00   2.86637903e-01
    2.01619579e+00  -1.50838117e+00  -1.34871999e-01   3.22112928e+00
   -2.86349596e-01 
   -6.34992730e-01   2.91970141e+00   1.29121512e+00   1.67658418e-01
   -1.48845430e+00   1.86814433e+00  -5.74040439e-01   4.77863656e-03
   -8.59413315e-01  -2.33979298e+00  -1.17348652e-01  -1.31553376e-02
   -8.68080373e-01   5.81567649e-01  -9.29006672e-02   7.86191484e-01
   -5.82586101e-01 
   -1.85683009e-01  -1.07116152e+00  -1.30455317e+00   5.85337206e-02
   -5.15930689e-02   2.69056274e+00  -6.42307193e-01   6.91851284e-01
    2.39129210e-01  -2.89423418e+00   1.09294548e+00  -3.20324900e-01
   -1.48673563e+00  -5.48070812e-03   3.25085872e+00  -1.56394247e+00
    6.73634986e-01 
   -1.14364595e-01   2.52417176e+00   2.99050563e-01  -1.04692384e+00
    9.48045994e-01  -1.76656281e+00  -2.53779480e+00  -1.29613291e+00
   -6.18215621e-01  -8.72020548e-01  -1.45956564e-01   9.50795450e-01
    7.45804332e-01   4.81074270e-01   2.07054432e-01   9.83676021e-01
   -1.23476400e-01 
   -9.16261292e-01   2.51199803e-01   2.93269390e+00   1.65477143e+00
    9.65123534e-01   4.61557184e-01  -2.19596538e+00  -1.24039116e+00
   -7.98401791e-01   9.23075767e-01  -2.05701635e+00  -1.42560776e+00
   -1.77361034e+00   1.74337483e+00   1.79265614e+00   1.22137408e+00
    2.83561892e-01 
    1.54565329e+00   8.33254383e-01  -1.14088049e+00  -2.80610826e-01
   -9.45602839e-01  -3.16530586e-01  -5.48153651e-01  -4.98575047e-01
    1.79077566e+00   1.68825020e+00  -2.47766390e+00  -2.17069572e+00
   -5.90579109e-01  -1.83291735e+00   2.43582169e+00   7.98933113e-01
   -6.07120976e-01      3.66103684e+00  -1.20768230e+00   3.96821847e-01  -1.88532956e+00
   -8.43431423e-01   1.58823727e+00  -7.66732649e-01  -1.12836867e+00
    5.69210474e-01   8.71898053e-01  -1.65833544e-02  -3.24901179e+00
   -8.03745926e-01   6.37413367e-01   1.05549350e+00  -1.46407580e+00
   -2.15791042e-01   1.28317688e-01   1.10581966e-01   7.37841238e-02
   -3.23706612e-01   1.73882214e+00   5.88756441e-01   2.29072539e+00
   -1.51106906e+00  -6.68190168e-01   2.82261333e-01  -1.69394029e-02
   -9.16560630e-02  -1.76717078e-01   1.85905963e-01  -1.32657581e+00
   -9.66922803e-03 
    5.33792651e-01   3.90484840e-01  -3.87174415e-01  -2.75855727e-01
    1.19833526e+00  -3.19046769e-01  -1.25147333e+00   8.50579369e-01
   -2.08100850e+00  -2.08725052e-01  -7.29365230e-01   6.96235817e-02
    1.12795181e+00  -2.52094099e-01   1.45257732e+00   6.98075949e-02
    1.01589510e-02  -1.16287706e+00   1.98662351e+00  -2.05671390e+00
   -1.46209203e+00   2.67174647e-01   4.49366775e-01  -4.79820846e-02
   -1.30201450e+00   8.05189145e-01   6.35902559e-01  -4.39152560e+00
    1.35293497e+00  -1.64177884e+00   1.01223444e-01  -1.16622504e+00
    2.86999038e-01 
    6.94739689e-01  -9.14874849e-02   2.69632994e+00   1.06624768e+00
   -1.83317946e+00  -1.97733580e+00  -1.21617826e+00  -9.50364828e-01
    1.27232497e+00   1.02333964e+00   2.54397376e-01   5.92980326e-01
   -2.16974188e+00  -2.19223894e-02  -4.29579892e-01  -1.17944922e+00
    2.20507660e+00   2.55070476e-02  -1.38303290e+00   1.36611474e+00
   -1.29655604e+00  -2.42622269e+00  -1.23078937e+00   1.28339751e+00
    1.28015096e+00   7.32704752e-01  -2.52512331e+00  -4.78820136e-01
    2.22999957e+00  -2.07906121e-01  -2.22338606e+00   9.86176514e-01
   -3.77358384e-01 
   -1.54537706e+00   2.97211138e-01  -1.55723769e+00  -1.02453550e+00
    1.87820252e+00   1.24877934e+00   1.25397276e+00   1.56801628e-01
    5.68942186e-01  -8.80751665e-01   2.83819204e+00  -1.98067951e+00
    3.82319961e-01  -8.25209907e-01  -3.20064592e+00   2.50180163e-01
    3.86837610e+00  -1.71768484e-01   1.33519861e-01  -2.24975705e+00
   -8.77851401e-01   5.72465806e-01   7.90460514e-01  -2.89180672e+00
    7.12097764e-01   5.41315525e-01  -7.94757671e-02   6.52711644e-02
   -2.97024123e-01   2.34346611e-01  -1.74974985e+00  -4.64458892e-01
   -1.59331274e-01 
   -1.99092553e+00  -1.18951044e+00  -2.30587905e+00  -5.00951786e-01
    7.18501302e-02  -4.90270174e-01  -5.23276309e-02  -1.33609915e+00
   -3.31366385e-01  -3.00037824e+00   1.58283452e+00  -6.61847889e-01
   -2.01261436e-01  -2.45553106e+00   2.81785517e+00  -1.73326222e+00
   -9.56745722e-02  -1.60724808e+00   2.56277418e+00  -3.28939877e-01
    1.32083802e+00  -1.25290240e+00  -3.25293669e+00   1.92980401e+00
    2.00355016e+00   1.17472406e+00  -1.48653989e+00  -1.77130115e-01
   -3.26490127e-01  -1.72238156e-01  -1.27534438e+00   1.86236367e+00
   -2.34458888e-01 
   -1.53601341e+00  -2.24770414e-01   6.65880720e-01   3.10976839e-01
    1.00785478e+00  -7.19028196e-01  -4.56667668e-01  -3.55438591e+00
    1.13453506e+00   8.00929416e-02  -2.77907595e-01   3.86008554e-01
   -9.48354743e-01   1.93978244e+00  -8.82268585e-01  -2.11292694e+00
   -1.44329631e+00   6.27187867e-01  -2.36681797e-01  -2.50557719e+00
    4.41375741e+00   4.71770649e-01  -1.76374202e-01  -1.30129731e-01
    3.97978877e-01   5.61570314e-01  -1.29876728e+00  -1.67283990e+00
   -3.80853627e+00   8.25699780e-01  -1.45284009e-01   4.21955134e-01
   -4.81039746e-02 
    8.09007452e-01  -1.32335731e+00  -1.00112276e-02  -8.79726211e-01
   -2.10210414e-01  -2.38393612e+00   1.20870270e+00   9.25133660e-01
    6.99470161e-01  -2.08185492e+00  -5.14494790e-01   2.71880474e+00
    3.05580491e+00  -1.61842256e+00  -1.04230517e+00  -3.95001330e+00
   -1.00955294e+00  -7.26463462e-02  -5.56347771e-02  -6.67190842e-01
   -8.43140878e-01  -2.03860531e-01  -2.11198385e-01  -7.02618284e-01
   -1.39405462e+00  -2.00623943e+00   1.03125671e+00   3.70926257e-01
    3.70151253e-01   2.84153669e+00   8.06140938e-01   2.70669937e-01
   -4.08280934e-01 
    1.77924870e-01  -7.19401470e-01   2.15522456e+00  -5.87903550e-01
    1.69867338e+00  -9.16886498e-02  -9.18984542e-01  -2.98312986e-01
   -2.17881865e-01   5.13860870e-01  -4.36133925e+00   1.63209433e-01
    1.26194434e-01  -1.94005289e+00  -6.46153882e-01   2.16597968e+00
   -2.50458164e+00  -4.78677794e-01  -2.39699968e+00  -3.59199133e-01
   -2.54946796e+00  -8.69303398e-02  -2.96377806e+00   1.87188796e-01
   -5.40021491e-01   3.45658404e+00   4.18585672e-01   6.57935308e-01
   -1.49809441e+00   8.32366291e-01   1.18830511e+00  -1.93436156e-01
   -1.10817765e+00 
   -2.06016756e+00   2.43811233e+00   1.17508191e+00   1.38479775e+00
   -1.99384498e+00  -3.00605428e-01   1.27895684e+00  -2.37726745e+00
    2.25278983e+00   2.91233725e-01   7.48108130e-01  -1.51776658e+00
    1.15226155e+00  -1.72808217e+00   2.00569539e+00   1.23787806e+00
   -7.80237153e-01  -2.44954443e+00  -3.51238542e-01   5.40470912e-01
   -1.52412345e+00  -1.74407403e+00   2.19720722e+00  -1.34619911e+00
   -1.90660292e+00  -3.90459985e-01   1.42573254e-02   5.00638628e-01
   -1.33542629e+00  -4.78995170e-03   1.56467848e+00  -1.94186419e+00
   -5.56144794e-01 
    1.09602917e+00  -9.88177073e-01  -9.58222525e-01  -1.43376471e+00
   -7.93410954e-02   2.44063220e-01  -1.02421377e+00  -2.49828308e+00
   -2.53860212e+00  -2.65516267e+00  -1.91043785e+00   1.78935177e+00
   -2.64113407e+00  -1.45421499e+00   2.08942089e-01   3.31105448e-01
    5.11108097e-01  -2.74684539e-02  -2.20693298e+00   1.75546699e+00
    1.35644877e+00   1.23312087e+00   5.14856771e-01  -2.53622071e+00
    2.72781987e+00  -8.19729700e-01   2.04051170e+00   4.83667582e-01
    2.52627513e+00   4.01191326e-01  -7.09593261e-02  -1.92043331e+00
   -4.17792248e-01 
   -1.06542034e-01  -2.90134737e+00   3.93318196e-01   9.29110545e-01
   -5.82698279e-01   1.32999868e+00  -1.14521425e+00  -2.26489752e+00
   -1.81102134e+00  -1.48825969e-01   1.21449135e+00   4.98682654e-02
   -2.65987570e+00   1.81652154e+00  -3.41015740e-01   2.80293832e-01
    5.01244056e-01  -1.29634680e+00   1.06999909e+00   1.62631209e+00
   -7.65978684e-01  -1.35852085e+00  -1.40603597e+00  -2.80503972e+00
   -1.64216268e+00  -1.59691910e+00   3.56859512e+00   1.05343980e+00
   -1.13798954e+00  -3.47165671e-01   1.60394503e+00   2.60107233e+00
   -5.04694174e-01 
   -1.18467164e+00   4.48918537e+00  -1.37845956e+00  -2.58063774e+00
   -2.16543171e+00  -1.19495136e+00  -1.13418912e+00  -2.61593199e-04
    1.07398210e+00  -2.36779105e+00  -2.66817122e+00   3.36789268e-01
   -6.67131704e-01   1.32818302e+00  -2.09975847e-01   1.60979854e+00
   -7.11694303e-01  -5.99957235e-01   7.77989014e-03  -8.77941950e-01
    7.38198913e-01   1.81158501e+00  -6.58047665e-01   9.60451153e-01
    5.60544756e-01  -1.68038298e+00  -1.48216020e+00   1.37542067e-02
    1.10531168e+00  -9.24914099e-01   1.71218707e+00   1.24567228e+00
   -6.35097466e-01 
   -4.32455152e-01  -9.61657234e-01  -2.55070358e+00  -2.09443066e+00
   -2.10138520e+00   9.47976860e-01  -3.65025789e-02  -1.54692611e-01
   -6.95733446e-01   3.52468026e+00   5.68712859e-02   2.20376025e+00
   -9.78517057e-01   3.30855859e-01  -5.04834885e-01  -1.31817415e+00
   -1.15090539e-01  -1.12645009e+00  -4.22752288e-01  -1.47545498e+00
    3.15778006e-01  -3.52501531e-01  -8.98422084e-01  -7.12387592e-01
   -1.01331361e-01  -2.10776176e-01  -1.87062807e+00   4.86299830e-01
    1.60051635e+00  -1.24763844e+00   2.05692571e+00  -4.43681246e-01
   -2.20334468e-01 
   -2.70331998e-01  -8.12851579e-01   4.91679172e-01   1.92652790e+00
   -2.35288886e+00   1.29642362e+00  -2.52679968e-01   1.06505936e+00
    9.34181092e-01  -7.60766944e-01  -9.35878805e-01   6.18903937e-02
   -1.70247488e+00  -7.55234792e-01  -2.67307655e+00   2.10959660e+00
   -3.02952946e+00   4.06904767e-01   9.97276521e-01  -8.40808901e-01
    7.73848749e-01  -6.12771962e-01   1.41612518e+00   3.41883143e-01
    2.62453095e-01  -2.09702482e+00   9.09272742e-01  -1.34868248e+00
    1.61138379e-02  -1.15465262e+00  -9.29071027e-01   7.07069447e-01
   -5.71767349e-01 
   -5.79749903e-01   2.17499789e+00   3.27585549e-01  -1.09634094e+00
   -9.73116937e-01  -2.03733663e-01   9.39544296e-01   1.53630231e+00
   -1.06581210e+00   2.34379236e-01  -1.01218505e+00  -6.50093338e-01
    2.25354846e-01   3.96152942e-01   1.94862985e+00  -1.17296889e+00
    4.66915508e-01   2.66120138e-01  -1.37265831e+00   4.35485093e-01
   -7.52499319e-01   9.99889174e-01  -3.53823310e-01  -3.53629024e-01
    9.59823644e-01  -1.25233131e+00  -4.04318189e-01  -3.95144907e-01
   -2.53494100e+00  -1.48746282e-01  -1.88301328e+00  -2.90268383e+00
   -9.49689773e-01 
   -1.80547205e-01  -1.76484405e+00  -2.38865165e+00   1.94213471e+00
    1.35900956e+00   9.04494189e-01  -4.22052088e-01  -5.11271679e-01
    1.99921923e+00   1.24579810e+00   2.02555083e-01   4.49314537e-01
   -1.00359649e-01   2.58692388e-01  -1.05869393e+00  -5.73629493e-01
   -2.50887150e-01  -1.84819354e+00  -9.16471895e-01   1.65648832e+00
   -4.59012185e-01   7.70512949e-01   4.12685912e-01  -1.53872859e+00
   -5.18382846e-01  -1.57616156e+00  -1.63941929e+00  -6.11953690e-01
    1.11890233e+00  -5.14465291e-01  -8.95027848e-01  -6.61954845e-01
   -2.05791745e-01  