NN 16 32 16   -2.08552741e+00  -2.07872261e-01  -4.43243001e-01   5.30751167e-01
    4.48644577e-01  -3.53707295e-01  -3.10655040e-01  -1.56335591e-01
    9.92412727e-01  -7.59271451e-01   2.90829043e-01   8.27305764e-01
    5.92027533e-01   6.47836229e-02  -1.10375158e-01   4.41312256e-02
   -3.79729562e-01 
    1.01580467e-01   3.13062781e-02  -2.18906510e-01  -8.24301656e-01
    4.63195919e-01  -2.08350902e-01   4.94397401e-03   3.22638834e-01
   -1.27083742e+00   2.83498896e-01   1.04261701e+00  -1.99242236e+00
    7.77162405e-02   4.50433845e-01  -2.31794830e-01   2.95352733e-01
    4.71224868e-01 
    7.65416524e-02   2.56970064e-01  -1.46205310e+00   9.35031970e-01
    1.03058726e+00  -8.01088586e-01  -6.28770468e-01  -1.39212239e+00
   -3.26858204e-01   1.93814378e-01  -8.71104022e-02   2.63440512e-01
    1.23101194e+00  -4.84204780e-01  -4.19508731e-02   4.18179023e-01
    4.88266310e-01 
    1.26342336e+00  -7.86334728e-01  -3.45945790e-01   4.84224812e-01
   -3.16737231e-01  -7.56803178e-01   9.09711913e-01   5.77990561e-02
   -4.92500899e-01   6.07247703e-01  -4.20496614e-01   1.20536637e+00
    6.90784492e-01  -1.20468399e+00   3.33773757e-01  -7.11201086e-01
   -4.77736079e-01 
   -8.93426199e-02  -7.66193930e-01   9.94470299e-01  -6.40350691e-01
   -3.44709540e-01  -7.94624521e-01   1.17859300e-01  -9.87950863e-01
    1.24649769e+00   2.71415353e-01   6.51729933e-02   1.02408786e+00
    9.67088976e-01   8.21919723e-01   6.11883649e-02  -7.25383903e-01
   -5.04334852e-01 
   -9.78202314e-02   1.74174452e-01   4.20305325e-01  -3.71047578e-01
   -2.63168235e-01   5.73851548e-01   2.07700154e-01   1.61169670e-01
   -1.58166782e-01  -2.69376635e-01  -2.82495827e-01   5.42503855e-01
   -4.30971771e-01  -5.80033134e-01  -3.17111041e-01   1.63134480e-01
   -3.65668619e-01 
    7.40148792e-02   1.10511919e+00   8.93361552e-01  -9.45585049e-01
   -3.48081379e-01   5.04668021e-02  -1.08558739e+00   4.37669602e-01
   -4.90264216e-01   4.22211424e-01   3.80921984e-01   5.53593966e-01
   -2.93427841e-01   1.30411624e-01  -4.95952295e-01   4.60388027e-01
   -3.39483284e-01 
    4.30681442e-01  -8.25229640e-01   7.71542929e-01  -2.62553040e-01
    4.39090586e-01   1.85713255e+00  -6.58446854e-01  -4.10885428e-01
    1.38480391e+00   1.21896454e+00   9.15491883e-01  -8.38435730e-01
   -1.68280966e-01  -6.47853748e-01  -6.27170579e-01  -4.06662222e-01
   -6.72595030e-01 
    1.00860813e-01   1.37934206e+00  -8.93182881e-01   7.70799746e-02
    3.88139182e-01  -6.88411879e-01   2.93943772e-01  -2.20673221e-01
   -8.49363315e-01   1.28109692e+00   7.47963288e-01  -6.53642264e-01
   -5.43790709e-02  -5.39123101e-01   4.77958860e-02  -6.07670016e-02
   -4.93182615e-02 
   -1.27724970e+00   6.51426815e-01  -7.14512063e-01   6.38212664e-01
    1.39446749e+00  -2.94729315e-01   1.38799250e+00  -4.75729544e-01
   -3.68523561e-01   1.08772940e+00  -6.01225814e-02   9.66434770e-01
   -1.40124408e+00  -5.82388683e-02   4.85650967e-02  -6.05115596e-01
   -1.44236225e-01 
   -2.85037649e-01   8.11211662e-01   1.20254618e-02  -1.57851329e+00
   -9.69934167e-01  -4.72044852e-01   8.16892676e-02   1.98883476e+00
   -3.67632261e-01   9.01212851e-01  -8.08327445e-01   1.09219971e+00
   -3.82770534e-01   2.39591515e-01  -9.49249563e-02  -4.79489017e-02
   -5.58307762e-01 
    1.37176614e+00  -8.02961178e-01   7.00295227e-01   1.41189931e+00
    6.98265882e-01   2.16926116e-01  -1.08960768e+00   1.11585955e-01
    6.42234025e-01  -3.91720683e-01  -5.86978045e-01   4.30718735e-03
   -1.17009705e+00  -7.28861673e-02  -4.67065939e-02  -3.47682238e-01
   -8.12440222e-02 
    2.08459177e-01  -1.35810483e+00   7.72176700e-01  -5.44897355e-01
    3.17954042e-01  -3.93118140e-04  -2.18521821e+00   2.97898711e-01
   -6.78284901e-01   6.43697146e-01   1.47121798e+00   5.16884816e-01
   -1.13400824e-02   6.62677123e-01  -1.77943396e-01  -3.01602533e-01
   -4.66521961e-01 
    4.08343266e-02  -3.60179409e-01  -5.93329692e-01   3.98616728e-01
    1.53907716e+00  -1.31110927e+00   6.53387196e-01  -3.51321877e-02
    6.11060708e-01   9.79260393e-01  -1.37592920e+00  -1.27924874e+00
   -2.93618368e-02   2.35595324e-01  -1.04551586e-01  -8.86817460e-02
   -1.27798240e-01 
   -2.03254092e-01  -1.51096148e+00  -1.60092849e-01   1.59274454e+00
   -1.63706669e+00   8.58003539e-01  -2.53585861e-02  -1.00610645e-02
   -1.34658547e+00   3.91020008e-01   1.50573655e-01  -4.21557272e-01
    1.20325586e-01   1.04481291e+00  -4.61259770e-01   2.56892922e-01
    5.57781733e-01 
    8.55445869e-01  -6.07805979e-01   2.88170335e-02  -2.24898272e-01
   -1.86433163e-01   5.47101324e-01   1.92478686e+00  -1.81364332e+00
   -1.03412204e+00   1.29551670e-02  -1.13669917e-01  -7.28797437e-01
    1.07675348e+00  -9.38080031e-01   1.65273488e-01  -1.51349697e-01
    3.45918511e-01 
    7.79753489e-01   3.80789341e-01  -1.62424571e+00  -2.31311819e+00
   -1.21832815e-01   2.17208542e-01   3.93828855e-01   9.87237079e-01
    5.64220014e-01  -3.92569082e-01  -6.40016368e-01   1.93144484e-01
   -3.34909829e-02   1.33905971e+00  -3.85790686e-01   3.04499932e-01
   -9.85820747e-02 
   -6.95789115e-01  -2.52216200e-02   1.75994937e-01  -1.57791664e-01
    9.95218962e-01  -6.92833512e-01  -8.69790923e-02  -8.67449510e-02
    1.06444974e+00  -3.37405349e-01   4.28373765e-01  -1.98348098e-01
    2.64186433e-01  -1.90384310e-01  -7.52599435e-02  -3.48045364e-03
   -3.74639439e-01 
    3.34912328e-01  -1.34224688e+00   7.20331662e-01  -9.66266162e-01
   -1.70836745e+00   6.90892804e-01   4.79628096e-01   1.10157170e+00
    3.48006807e-01   9.94906594e-01  -9.62128647e-01  -3.70058161e-01
    5.97627406e-02  -5.21626561e-01   2.88404170e-01   1.54778655e-02
    6.83869769e-02 
   -8.84931463e-01   5.25995736e-01  -9.13757807e-01   1.22683006e+00
   -4.78236034e-02   1.49783781e+00  -5.57446551e-01  -5.37498654e-01
   -1.85922282e-01  -1.08694889e+00  -6.98788276e-01   2.99103672e-01
    6.95431941e-01   3.64075736e-01   9.92445791e-02  -6.68557681e-02
    3.26557394e-01 
    6.18066514e-01   1.39658250e+00   7.95735379e-01   3.73471179e-01
   -9.89376723e-01  -2.26491060e+00   6.66291448e-01   1.73140628e+00
    6.57478884e-01  -4.48414551e-01   3.93734851e-01  -4.47858984e-01
   -7.24788301e-01  -2.26517824e-01   2.18229021e-01  -4.08639268e-01
   -2.77698279e-01 
   -1.80679101e+00   1.77242444e-01   9.00924804e-01  -5.19065498e-01
    8.64576512e-01  -5.65799222e-01  -5.15817070e-02  -3.21949361e-01
    1.01743186e+00  -9.03742392e-01   4.91845554e-01  -1.20236606e+00
    2.03550069e-01   4.59394106e-01  -1.73471051e-01   1.80844248e-01
    6.27459407e-01 
   -6.10880010e-01  -1.30691844e-01   7.14216452e-01  -7.35273028e-01
    1.58820349e+00  -1.00155408e+00   7.25305050e-02   1.36484949e+00
   -1.05714888e+00  -6.54236744e-01   8.26385768e-01   3.67006943e-01
    4.93250851e-01  -1.91700381e-01  -1.87654660e-01   7.06041291e-02
   -2.42638172e-01 
   -1.05604616e+00  -1.30285465e-01  -8.64316517e-01   1.58861481e+00
   -9.00359221e-01   3.06998520e-01   3.79684674e-01  -6.12761816e-01
    1.35276480e+00   1.32546249e+00   8.78475196e-01  -8.79901984e-01
    7.72811488e-02  -5.68576380e-01   3.62425717e-01  -4.44877161e-01
   -3.44390384e-01 
    1.65326067e+00   1.11174637e+00  -1.07100673e+00  -3.28326544e-01
   -1.07476782e+00   2.37578845e-02   9.17286023e-01   1.82015551e-01
    5.29267647e-01  -1.52598905e+00   1.20500569e+00  -5.80714826e-01
   -1.17440733e-01  -2.24637101e-01  -1.68716716e-01  -3.55036681e-01
   -2.85813154e-01 
    7.07383875e-01  -1.50763644e-01  -1.19700499e+00  -3.44911693e-01
   -1.07221334e+00  -2.73914075e-01   1.28105520e+00  -1.64633427e+00
    1.16032473e-01  -7.94081175e-02   8.75129000e-01   9.29509058e-01
    1.88133803e-01   6.08307253e-01   2.61726834e-01  -2.61591303e-01
   -4.61296786e-01 
   -5.14661246e-01  -7.60585085e-01   1.46120517e+00  -3.52811537e-01
    8.99064509e-01   8.92004519e-01  -9.62228826e-01  -5.93051784e-01
    7.98984539e-02  -6.81613549e-01  -1.52833771e+00   6.43231735e-01
    8.84185947e-01  -4.02784536e-01   2.07455442e-01   8.91102398e-01
   -1.13846213e-01 
   -2.15468833e-01   1.75532832e+00   9.31726552e-01  -5.29145517e-02
    1.72410750e-01   1.16290878e+00  -7.76451555e-01  -6.47062517e-01
   -7.98871162e-01   1.74583066e-01  -4.34854296e-01  -3.96574252e-01
   -5.96054200e-01   4.49412794e-01  -1.28647060e-01   1.54164942e-01
   -2.91678642e-01 
    3.70220271e-01  -1.18412184e+00  -4.74334984e-01   1.02155338e-01
    5.96235549e-01   1.96893578e+00  -1.66227077e-01   9.02589979e-01
    5.23619680e-01  -1.04328713e+00   4.00733879e-01  -6.58352741e-01
   -7.43454330e-01   1.08968435e-01   3.99092678e-01  -7.33882251e-01
   -1.06788589e-01 
   -1.00071359e-01   1.00514564e+00   4.12236102e-01  -4.65330480e-01
    3.28670710e-01  -9.30378323e-01  -1.64814509e+00  -1.53491168e+00
    3.01396280e-01  -9.77413127e-02   1.73675262e-01   2.62749378e-01
    6.10415781e-01   3.81286652e-01  -1.46235534e-01   3.87894961e-01
    4.30558208e-01 
   -1.14683000e+00   1.09619865e-01   2.07016672e+00   9.89422225e-01
    3.72867708e-01   5.28509360e-01  -3.78688693e-01  -6.13939177e-01
   -5.16441246e-01   3.87223584e-01  -7.37694599e-01  -5.21818637e-01
   -7.36454261e-01   4.32989799e-01   1.23692863e-01   1.95363137e-01
    1.77791457e-01 
    1.15408588e+00   9.59506408e-01  -7.00445395e-01  -2.16707699e-01
   -3.94228736e-01   9.32570179e-02  -6.92807391e-01   4.78640273e-03
    8.36408015e-01   6.59713257e-01  -1.33331054e+00  -8.67517565e-01
    5.26141359e-02  -5.30299303e-01   6.23024311e-01  -9.05570561e-02
   -3.22414565e-01     2.30563836 -0.23013696 -0.07611086 -1.82180981 -0.1289002   0.20558839
  -0.27797831 -0.65790302  0.21409831  1.32440412  0.11052372 -1.84804517
  -0.60724685  0.12667132  0.17872716 -1.22597115 -0.60765535  0.34619911
  -0.28603786  0.85511024 -0.65662728  2.26817162  0.41678394  1.2465603
  -2.12666958 -0.67158295  0.4330472  -0.04983482 -0.38624227  0.07375103
   0.9998149  -1.34996829 -0.19155635 
   0.51175639  0.02524457 -0.31286996  0.64937264  0.7610254  -0.16035992
  -1.19869171  0.71257952 -1.61215609 -1.05620395 -1.01722678  0.67533724
   1.69495985  0.32225214  1.81928448  0.59284896 -0.58690327 -0.64420337
   1.84000246 -0.74928041 -1.70224145  0.03227391 -0.08516391  0.60006867
  -1.62918112 -0.06991417  1.05135533 -2.22142939  1.44388207 -1.16576839
  -0.1773262  -1.0145634   0.10289101 
   0.72119746  0.36237834  1.66744723  0.20322674 -1.55694873 -0.32419642
  -1.11316978 -1.01392136  1.02563106  0.99872213 -0.03977166 -0.72224688
  -0.95681869  0.74784315  0.17123567 -0.50641676  2.03801295 -0.57676312
  -0.83119709  0.72279518 -0.96108572 -1.03889524 -0.58108262  1.07271354
   1.04055178  1.47294015 -1.73431418 -1.11966474  0.9241785  -0.66785457
  -2.41376441  0.76161465 -0.51459086 
  -0.42421855  0.79872787 -1.00288904 -0.8791502   0.48189722  0.59684429
   0.8661558   0.04800959  0.11514213 -1.01721972  1.3818497  -1.83624748
   1.03286825 -0.3746091  -2.06756204 -0.03051061  2.51558877 -0.45244239
   1.27862682 -1.54173234 -1.05965226  0.84895204  0.8181597  -1.88783672
  -0.05848281  0.34316247  0.43025796 -0.18085995 -0.4688926   0.48315238
  -1.41084715 -0.13036105 -0.15254963 
  -0.48995362 -0.64394731 -1.15646914  0.05796485  0.06887393  0.01479782
   0.5202557  -0.4027927  -0.2336165  -1.77291223  1.09254428 -0.47470801
  -0.1667504  -1.9122226   1.81919556 -0.41286712  0.33186812 -1.27052725
   2.10287937  0.03775218  1.42609739 -0.85405875 -2.07641788  1.41586592
   1.09348499  1.19730132 -1.14059583 -0.25550231 -1.05694827 -0.50159272
  -0.46226649  0.36270798  0.05561925 
   0.3255812   0.09470905  0.79100504  0.7943067   0.67328307 -0.18606373
  -0.20527613 -2.24388837  0.58437715  0.0562921  -0.21669042 -0.28706489
  -0.17033895  1.50728287 -1.01823772 -0.6288813  -0.62513153  0.08890256
  -0.6388643  -1.87968523  2.88679534  0.49311027  0.92031647 -0.21217631
  -0.39810046  0.01926683 -1.10994054 -1.30619703 -2.2643705   1.00925335
  -0.70711123 -0.32711389  0.11907096 
   0.40261528 -0.18169176  1.09180036 -1.06760115 -0.50949806 -0.55827122
   1.08673671  0.51110904 -0.14623437 -1.92652728 -0.15313396  1.08994644
   2.51323101 -0.74033942 -0.11143937 -2.70127762 -0.41963203 -0.20968584
  -0.6163708   0.70554228 -0.79473234  0.05866763 -0.39664756 -0.36239749
  -1.29956302 -1.31158406  0.72173361  0.61993555 -0.32354016  1.92100949
  -0.02127019  0.61570976 -0.08276708 
  -0.01554391 -0.31207468  1.59111681 -0.38210283  0.65358045  0.17674386
  -0.54287281  0.3241753   0.39493338  0.00906802 -2.61751328 -0.32246687
  -0.5141815  -0.26568386 -0.33653011  2.02122962 -1.22147386 -0.60905275
  -1.12149515  0.32766312 -2.1508639   0.16929617 -1.96728334  0.55698448
  -0.19403384  1.73872742  0.6110363   0.62094548 -1.25545735  1.66242925
   0.28874387 -0.14036229 -0.01499257 
  -0.86916408  1.30311913  0.67345871  0.52945793 -1.37094667  0.05666381
   0.7425911  -1.71958717  1.13294629  0.11784305  0.15849481 -0.98355184
   0.53257964 -0.90619234  1.57989552  1.4032489  -0.80427574 -1.10827491
  -0.34876628  0.50458274 -0.8928947  -0.97344395  1.33913561 -1.43020473
  -0.56344484 -0.37376825  0.05612634  0.60079725 -0.53739231 -0.16860449
   0.74410157 -1.10790609 -0.34883637 
   0.55887899 -0.18811706 -0.31231964 -0.77513476 -0.17627346 -0.10538803
  -0.415888   -1.5450274  -1.30292432 -1.35460052 -1.22931693  0.51986713
  -1.05299304 -1.13802504 -0.148643   -0.13722658  0.58602908  0.11086892
  -1.29003183  1.18507935  0.83475573  0.93489492  0.83458294 -1.74656424
   1.76729127 -0.11269365  0.79194682 -0.21431007  1.38219104  0.071789
  -0.06006253 -0.90538044  0.11057342 
  -0.6684294  -1.1566938   0.29603698  0.41812681 -0.5583315   0.51532795
  -0.49364371 -1.65675174 -0.6110202  -0.13442773  0.74608459  0.64969112
  -1.87391987  1.29232712 -0.11403286  0.14005365  0.70687887 -0.68013134
   0.3521032   1.26209452 -0.44367128 -0.5598081  -0.67290022 -1.76709328
  -1.26863944 -1.28193757  2.03332574  0.57574114 -0.45059783 -0.35514649
   0.76339112  1.41914472  0.05689695 
  -1.1775094   2.3956878  -0.58007781 -1.75617273 -1.2904836  -0.32821407
  -0.59816326  0.38256489  0.83377433 -1.45767932 -1.66950257 -0.09481555
  -0.70924654  1.17330554  0.3725673   1.09408364 -0.45064254 -0.44849768
  -0.0422597  -0.31921382  0.56923832  1.33304774 -0.15742397  0.39557732
   0.8539431  -1.55126528 -0.64364608  0.1130428   0.51335857 -0.45042751
   0.62752578  0.75445573 -0.10763926 
  -0.47507769 -0.21839354 -1.64947011 -1.06288169 -1.31721748  0.38073626
   0.46454397 -0.07697659  0.1542475   1.36844832  0.0635448   1.07292448
  -0.79884697 -0.02034728  0.04288363 -0.7875549  -0.29358663 -0.77345813
   0.12434275 -0.56012045  0.46816323 -0.50862512 -0.28937261 -0.45034021
  -0.17397735 -0.68309017 -0.77425578  0.24346806  0.75236558 -0.74772378
   1.12765867 -0.26654417 -0.0677365  
  -0.26392998 -0.51031582  0.42400425  0.9250912  -1.30348757  0.55928705
  -0.25042391  0.28550388  0.38921144 -0.43414215 -0.994015    0.3246233
  -1.30444815 -0.15597887 -1.41936398  1.03331622 -1.56419348 -0.06011096
   0.27200648 -0.24141225  0.45491585 -0.49467689  0.57745968 -0.03555757
   0.27781468 -1.34703619  0.64311606 -0.71286723  0.35215628 -0.40948164
  -0.2516873   0.33749024 -0.21828499 
  -0.45423175  0.39828442 -0.10943287 -0.56172532 -0.68377607 -0.242465
   0.06630278  0.24531691 -0.19276234  0.23652833 -0.7246927  -0.50860856
  -0.05404885  0.05200155  0.17432052 -0.54808771  0.00645435 -0.03601386
  -0.54003767  0.36243296 -0.14271901  0.36271201 -0.45814001  0.13877121
   0.05822066 -0.64350652 -0.14006553 -0.17995395 -0.17285144  0.01453578
  -0.77859306 -0.65487676 -0.76263905 
  -0.09677421 -0.40353129 -0.47470714 -0.07553295  0.04085772  0.2463927
  -0.28213758 -0.23585018  0.27845315  0.04716727 -0.72367258  0.2402259
  -0.38946744  0.14889106  0.00365244 -0.06649322 -0.27397099 -0.57589993
  -0.39961449  0.32989448 -0.5312686   0.11452466 -0.46561518 -0.58116116
  -0.16741628 -0.62752516 -0.88424459 -0.68827973  0.25275908 -0.04346857
  -0.78747287 -0.2448996  -0.06088551  