NN 16 32 16  -3.83730397 -1.06965153  0.00751799  0.47299779  2.32299114 -0.90012376
  -2.052965   -2.1321245   3.52451545 -1.11444008 -0.18190029  0.18946441
   0.91164077 -0.21111743  0.28903814 -0.54775809 -0.86142878 
   0.5751298  -0.51146764 -0.35590088 -0.14370565  1.15318401 -0.35570831
   0.25870109  0.49220768 -2.70847046  0.74551316  2.0702139  -3.92936076
   0.77487837  0.75192267 -2.15928711  1.33212536  0.60872891 
  -0.91568917  0.08502764 -2.48445993  0.91752257  2.71672595 -1.86731289
  -0.5485718  -0.65434431 -0.88280222  0.56819145 -0.2811525   0.35993839
   1.56107798 -0.6243563  -0.14447404  2.15159205  0.25812886 
   1.54033889 -0.72660109 -1.3416007   1.14434998  0.11582611 -1.18350774
   0.78560261 -0.42625263 -1.63190563  0.79684459 -1.55748571  1.75057605
   1.73463017 -1.61440968  1.22319022 -1.93483258 -0.20911644 
  -0.09729642 -1.62641112  1.46033185 -1.15608093 -0.18794526 -0.60441018
   0.0275068  -2.05664173  1.19351656 -0.63014732  0.14209725  2.12262262
   1.55841182  2.17849929 -0.18718683 -1.48083241 -0.70694679 
  -0.43949608  1.14655012  1.93222824 -1.35497667  0.68041655  1.14311568
   2.013738   -0.45345483  0.04285688 -0.21251107 -1.94386534  0.56085001
  -0.83931456 -1.4366879  -0.49969568 -0.08692105  0.04409815 
   0.84276688  1.50544006  1.64315582 -1.91497356 -0.01425862  0.19406026
  -1.92338339  1.37941085 -0.55076854  0.5514319   0.98261519  0.37409361
  -0.12771377 -0.43584343 -1.42891215  0.81559381 -0.68969496 
   0.55063901 -1.35286903  1.20693935 -0.40011279  0.7103337   4.18705838
  -2.09377819 -0.09195421  2.42174985  2.23060917  0.28679755 -0.39227422
  -0.67705105 -2.73808689 -1.43228901 -0.12751662 -0.68695941 
   0.11982433  2.74881346 -0.77349834 -1.11917163  0.58029151 -1.23413164
  -1.09419563 -0.1424198  -1.76719535  2.34496462  1.3440576  -1.33246068
   0.88814263 -1.80582861  1.42450365 -1.62776683 -0.13132013 
  -1.33605894 -0.19053299 -0.53911465  1.26099969  1.68875626 -0.8594497
   1.36878268 -0.94455312 -1.01863302  0.95487041  0.6203643   2.01020937
  -2.82920435  0.49871987 -0.68461023 -1.34144244  0.33876535 
  -0.56083746  0.48587856  0.0394925  -2.87919707 -2.224206   -1.33970681
   0.05137925  4.03494186 -1.45588622  0.35369687 -0.43597124  3.16846299
  -1.05040093 -0.35237372 -0.06031746  0.03454638 -0.60422755 
   3.01215332 -0.88361762  0.23724948  1.93836394  1.53419786 -0.55230538
  -1.37395631  0.57648102  0.30029355 -1.26305352  0.50931961 -0.44128551
  -2.94943201  0.48475478  1.12449234 -0.91251445 -0.17500738 
  -0.34266859 -2.21657597  1.44039484  0.18507429 -0.162601    0.42424832
  -3.48877451 -0.18239163 -1.75982864  1.19327477  2.98106545  0.08885441
  -0.45618122  1.28156097 -0.61360433 -0.70250439 -1.28428052 
  -0.57066044  0.28608564 -0.5348824   0.09324895  2.13970712 -2.00073491
   0.96191662  0.87014962  1.08374882  1.55823554 -2.36510041 -1.8553713
  -1.15485373  0.30751653 -0.48514387 -0.16384155 -0.2031177  
   1.70045877 -1.78127643  0.5795919   3.01919228 -2.18934062  0.74033985
   0.42237503 -0.93305058 -1.52003237 -0.09371361 -0.53548441 -0.204118
   0.8841323   2.39418978 -2.08972328 -0.09968567  0.65720867 
   1.53483139 -1.06568834 -0.17303461 -0.03908948 -0.21769437 -0.38032654
   3.22981367 -3.02846341 -1.25819235 -1.01204445 -0.51261734 -0.84919445
   1.211068   -1.92851464  0.89367202  0.53979774  0.49206909 
   1.4621082   0.67692279 -2.9520565  -4.27408834  1.06977097  0.22505787
   0.80436413  1.59944626  0.66651824  0.18206511 -0.75037647 -0.9771513
  -0.21617568  1.75158863 -0.43490749  1.23764623  0.35750667 
  -1.50362898  0.43915877 -0.32085067  0.24595547  0.63421897 -1.6662554
   0.13826929  0.30381679  1.47355447 -0.91775938  1.19692276  0.11095009
   0.80838438 -1.0974619  -0.74389195  1.13973905 -0.72692714 
  -0.11106389 -2.45121731  2.2590498   0.03915173 -2.38914538  0.41995887
  -0.22889922  1.47602735  0.03527487  1.67118689 -1.61944969 -0.45642222
   0.52722034 -1.14548723  0.64725675  0.6832462   0.15605398 
  -1.28985273  0.45997261 -0.8195181   2.22146269 -0.81672216  1.74160319
   1.14300639 -1.55941589 -0.2956826  -1.80843665 -0.58761004  0.53591662
   1.76416456  0.06942248 -0.28051862 -2.33626185  0.31763198 
  -0.23009177  2.65821131  1.14093187 -0.49586244 -0.2263016  -4.79485773
   1.13218569  3.48115363  1.3089321  -2.31512798  0.76642728 -0.31653591
  -0.46535364 -0.83068168  0.71856395 -0.36566143 -0.32764368 
  -2.64414232  0.80575412  1.91056989 -0.08735751  1.59320038 -1.02358154
  -1.42339439 -0.34139487  2.37246831 -1.08656362  0.25710856 -1.86281461
   0.49278182  0.41789251 -1.2259952  -0.49201311  0.59696389 
  -0.44416206 -0.73518692  0.64295003 -0.82363065  2.31933608 -1.24643627
   0.19987971  2.41170799 -2.58858332 -0.65899552  1.25630675  0.78815062
   0.35662363 -0.89169505 -0.56841932 -1.2128652  -0.4337299  
  -1.98243283  0.17691543 -1.34719112  2.07828886 -0.99255218  1.1629576
   0.753547   -0.60324581  1.0091732   1.47776871  1.5679072  -1.89463439
   0.86204052 -1.31703444  0.63532202 -0.28312048 -0.60270855 
   2.18790482  1.6206317  -1.99811905 -1.0919541  -3.74758952 -1.33791036
   0.96865111  0.47769335  1.09410537 -2.6170984   1.88909356 -0.07945487
   0.76056269 -0.30454344 -0.72189173  0.15371931 -0.11478416 
   1.86505626  0.20987892 -1.94180974 -0.12210986 -1.22073273 -0.50384478
   2.87410287 -2.94500903 -0.12664767 -0.33605345  0.25673929  0.94581348
  -0.22492976  1.30297235  0.76966262  1.20544069 -0.53179976 
  -0.5908261  -0.5142996   1.9623431  -0.24165424  1.61433418  1.99806113
  -3.43070814  0.36429325  0.29073196 -0.78881651 -3.25688856  0.24975338
   1.98194655 -1.478397   -0.12535989  3.13807558 -0.27848357 
  -0.77378454  2.83005082  1.22145329  0.10116506 -1.33074885  1.91007241
  -0.56264331 -0.06393361 -0.92842279 -2.26034768 -0.21072854 -0.04595845
  -0.86166451  0.57775922 -0.08519401  0.7690002  -0.56319268 
  -0.20056346 -1.04929726 -1.31483015  0.09808773  0.11993994  2.62863449
  -0.83496119  0.757777    0.23547512 -2.68931443  1.21174043 -0.28155751
  -1.43442287 -0.02471544  3.19725438 -1.51908349  0.6598807  
  -0.19600122  2.42615832  0.22373876 -0.93427068  0.94678101 -1.65167823
  -2.42697865 -1.43141926 -0.50169281 -0.92042621 -0.06187058  0.93790908
   0.78372142  0.52502269  0.20187814  1.02597125 -0.07305372 
  -1.10318262  0.29317747  2.81432866  1.67381721  0.96170066  0.24173472
  -2.08457808 -1.27213639 -0.69067533  0.87307971 -2.10240225 -1.51516124
  -1.81553177  1.6033636   1.65147611  1.1187033   0.21226317 
   1.53382029  0.94554366 -1.06800678 -0.29027604 -0.8515501  -0.4044941
  -0.51909312 -0.5513086   1.81475895  1.61270422 -2.38436228 -2.04137909
  -0.53465498 -1.75649638  2.45147034  0.78689441 -0.57746863      3.59259152e+00  -9.68718499e-01   3.82563605e-01  -1.99643566e+00
   -9.42249528e-01   1.32172340e+00  -5.80194952e-01  -9.61740191e-01
    6.18629543e-01   7.51067609e-01   1.85805554e-02  -3.19362087e+00
   -7.69834745e-01   6.18872366e-01   9.25043002e-01  -1.65750745e+00
    3.45237910e-02   1.41787368e-01   1.79112822e-01   2.51688956e-02
   -2.14667502e-01   1.88814443e+00   6.35046098e-01   2.20668222e+00
   -1.58331835e+00  -8.78622727e-01   3.75659472e-01  -2.14358748e-01
   -6.07963375e-02  -3.31210694e-01   2.55849496e-01  -1.29434301e+00
   -4.79992970e-02 
    5.01501782e-01   4.31207612e-01  -2.76308751e-01  -1.14759825e-01
    9.85155401e-01  -2.52038741e-01  -1.39009577e+00   1.09692553e+00
   -2.05026406e+00  -9.37872968e-02  -8.81025118e-01   5.68710273e-02
    1.21440896e+00  -1.73856197e-01   1.60140823e+00   1.40200411e-01
   -3.35680309e-02  -1.01300893e+00   2.09643335e+00  -1.96392498e+00
   -1.38815653e+00   2.20632843e-01   5.11107037e-01  -1.22323703e-02
   -1.35108138e+00   7.72176022e-01   8.45071162e-01  -4.30468242e+00
    1.36634365e+00  -1.71486485e+00   1.43470469e-01  -1.18159726e+00
    2.77824430e-01 
    6.19833161e-01  -3.11751165e-02   2.69711526e+00   1.02659539e+00
   -1.92251095e+00  -1.94893909e+00  -1.03905212e+00  -9.61103459e-01
    1.37570935e+00   9.94187006e-01   3.90795412e-01   6.02428846e-01
   -2.19988826e+00   1.09758218e-02  -4.96394601e-01  -1.21652388e+00
    2.19285023e+00  -2.03860074e-02  -1.40371345e+00   1.25868716e+00
   -1.26539115e+00  -2.49566311e+00  -1.15709070e+00   1.17698415e+00
    1.26838222e+00   6.71353409e-01  -2.46239010e+00  -5.23886027e-01
    2.14079553e+00  -2.42671801e-01  -2.31428212e+00   9.29194415e-01
   -4.04694285e-01 
   -1.44203729e+00   2.48127175e-01  -1.46468956e+00  -1.07918915e+00
    1.82459300e+00   1.21373900e+00   1.23976530e+00   1.68454906e-01
    5.64007937e-01  -8.69542009e-01   2.76620464e+00  -2.06483521e+00
    3.57993681e-01  -9.88527355e-01  -3.26813390e+00   2.09001491e-01
    3.71156594e+00  -1.22836967e-01   1.33900556e-02  -2.21627436e+00
   -1.00766982e+00   6.06295112e-01   8.79311058e-01  -2.96472584e+00
    5.12178130e-01   5.39019575e-01  -1.48136476e-01   1.50185996e-01
   -2.99821946e-01   2.52974938e-01  -1.81091576e+00  -7.38158628e-01
   -2.18030535e-01 
   -1.98897945e+00  -1.18444642e+00  -2.25647357e+00  -5.43588081e-01
    1.26196761e-01  -4.09565336e-01  -4.31879508e-03  -1.28879661e+00
   -2.33510595e-01  -2.90846101e+00   1.41700871e+00  -5.86877444e-01
   -1.30357845e-01  -2.44861946e+00   2.78537252e+00  -1.73898169e+00
   -2.01543168e-01  -1.54534413e+00   2.47937160e+00  -2.30360348e-01
    1.19862602e+00  -1.26589934e+00  -3.22715604e+00   2.01164391e+00
    2.08025794e+00   1.31505094e+00  -1.55116438e+00  -8.91962715e-02
   -3.86457197e-01  -1.72336713e-01  -1.27205096e+00   1.72216283e+00
   -2.35905390e-01 
   -1.52654385e+00  -1.70126706e-01   6.19002680e-01   3.85741237e-01
    1.08939326e+00  -6.72261998e-01  -3.53363105e-01  -3.53700766e+00
    1.18189136e+00   6.22394180e-02  -1.02111621e-01   3.71646599e-01
   -9.83471583e-01   1.95770965e+00  -7.99180535e-01  -2.02627761e+00
   -1.37230023e+00   6.51329677e-01  -7.59663478e-02  -2.49267683e+00
    4.55818505e+00   4.13017968e-01  -8.61494976e-02  -4.93992500e-05
    4.03372303e-01   6.39578598e-01  -1.42907946e+00  -1.61061275e+00
   -3.76690588e+00   7.36963143e-01  -2.03851487e-01   4.36603311e-01
    4.35533257e-02 
    7.86086999e-01  -1.27085277e+00   5.03353679e-02  -1.06513135e+00
   -6.91438638e-02  -2.32140458e+00   1.17263601e+00   9.17831363e-01
    6.64974146e-01  -2.06658046e+00  -6.49263977e-01   2.54438977e+00
    2.99121220e+00  -1.66166317e+00  -1.12240392e+00  -3.90545779e+00
   -9.95029122e-01   3.74147911e-02  -2.77478367e-01  -5.13599465e-01
   -9.02721872e-01  -1.69300784e-01  -3.03764737e-01  -5.67408018e-01
   -1.31384040e+00  -1.84363534e+00   1.07131822e+00   3.64087568e-01
    4.27378905e-01   2.90999350e+00   7.40847261e-01   3.09627654e-01
   -3.62196169e-01 
    5.13694679e-02  -7.27068375e-01   2.09716426e+00  -5.83471988e-01
    1.68626807e+00  -4.82118872e-02  -9.74752673e-01  -1.89934515e-01
   -3.50723741e-01   4.69819368e-01  -4.36108155e+00   2.05825190e-01
    1.77479731e-02  -1.84382807e+00  -4.95248606e-01   2.38770269e+00
   -2.25248255e+00  -4.62106951e-01  -2.27176901e+00  -3.85079179e-01
   -2.38551883e+00  -1.60432202e-01  -2.95028961e+00   1.93238944e-01
   -4.37962807e-01   3.48223042e+00   4.17724941e-01   5.67059825e-01
   -1.53096320e+00   7.20728549e-01   1.16529879e+00  -5.29938860e-02
   -9.76637573e-01 
   -2.03256823e+00   2.33538027e+00   1.16426297e+00   1.31670961e+00
   -2.08016381e+00  -2.73655081e-01   1.22341120e+00  -2.33510638e+00
    2.25282257e+00   3.62395363e-01   7.19164729e-01  -1.57154719e+00
    1.08667488e+00  -1.67146559e+00   1.87923467e+00   1.18200335e+00
   -8.62952121e-01  -2.35359815e+00  -3.84522873e-01   4.76204226e-01
   -1.48872789e+00  -1.70423190e+00   2.15476029e+00  -1.32675200e+00
   -2.02572922e+00  -4.97596419e-01  -4.73843312e-02   4.52179961e-01
   -1.44856070e+00  -6.41086118e-02   1.56847139e+00  -1.85938206e+00
   -6.17967105e-01 
    1.06370826e+00  -9.48433425e-01  -8.83560437e-01  -1.37644102e+00
   -9.32986795e-02   1.48136152e-01  -9.29100010e-01  -2.48520877e+00
   -2.45545422e+00  -2.67945682e+00  -1.81176711e+00   1.79099196e+00
   -2.49535111e+00  -1.42848125e+00   1.93955896e-01   1.83488614e-01
    5.96101990e-01  -4.03722171e-02  -2.17918357e+00   1.70570819e+00
    1.32625413e+00   1.24146304e+00   5.15940225e-01  -2.56450157e+00
    2.75697309e+00  -7.95783549e-01   2.05726792e+00   4.24475000e-01
    2.45149239e+00   4.34279618e-01  -6.19457570e-02  -1.85009753e+00
   -3.67078183e-01 
   -1.38499848e-01  -2.86632108e+00   3.52707733e-01   8.92946938e-01
   -6.22601247e-01   1.23970275e+00  -1.16725664e+00  -2.29786582e+00
   -1.73737363e+00  -1.11646342e-01   1.15061669e+00   5.00952369e-02
   -2.66353993e+00   1.80982757e+00  -3.89495926e-01   2.33300720e-01
    4.70831787e-01  -1.27537465e+00   9.87425671e-01   1.60623882e+00
   -7.58919494e-01  -1.33960336e+00  -1.40805695e+00  -2.78101942e+00
   -1.67469246e+00  -1.63498419e+00   3.41562322e+00   1.01042806e+00
   -1.21157913e+00  -3.51668113e-01   1.53976441e+00   2.51285658e+00
   -5.37509148e-01 
   -1.20187906e+00   4.37794937e+00  -1.31107483e+00  -2.56610595e+00
   -2.15305415e+00  -1.20010003e+00  -1.14700135e+00  -3.01933203e-02
    1.11370679e+00  -2.33624417e+00  -2.62329435e+00   3.03916325e-01
   -6.84653744e-01   1.37231168e+00  -2.27824225e-01   1.59851330e+00
   -7.18547741e-01  -5.87548150e-01  -2.75594232e-02  -9.12407581e-01
    7.65867153e-01   1.82310889e+00  -6.51188698e-01   9.39198237e-01
    5.65044365e-01  -1.67455768e+00  -1.48933735e+00  -8.73132667e-03
    1.05065805e+00  -8.71373709e-01   1.67593537e+00   1.24890953e+00
   -6.31648305e-01 
   -4.36973686e-01  -9.37384374e-01  -2.54334833e+00  -2.07463116e+00
   -2.07766053e+00   9.35109784e-01  -1.98658760e-02  -1.83512242e-01
   -6.76873445e-01   3.43610305e+00   4.49251997e-02   2.17765613e+00
   -1.00359080e+00   3.06960928e-01  -4.94417968e-01  -1.30089195e+00
   -7.50922439e-02  -1.12389837e+00  -4.31596703e-01  -1.45681945e+00
    3.34980963e-01  -3.76562035e-01  -8.88565704e-01  -7.25968017e-01
   -5.51658650e-02  -1.86800827e-01  -1.85138772e+00   4.69317004e-01
    1.56908908e+00  -1.24079232e+00   2.00602787e+00  -4.50242928e-01
   -2.25919487e-01 
   -2.60031077e-01  -7.92387123e-01   5.57658070e-01   1.95024721e+00
   -2.30080188e+00   1.28307543e+00  -2.16736319e-01   1.05403392e+00
    9.64830353e-01  -7.26240454e-01  -9.04171641e-01   7.73773847e-02
   -1.68517717e+00  -7.19759872e-01  -2.61505344e+00   2.08750750e+00
   -2.98504436e+00   4.35219035e-01   1.01775967e+00  -8.31736907e-01
    8.09167347e-01  -5.87837813e-01   1.42580300e+00   3.76900945e-01
    2.79906767e-01  -2.05937629e+00   9.44472416e-01  -1.32600931e+00
    3.55537967e-02  -1.08952402e+00  -8.73240333e-01   7.26335946e-01
   -4.97894230e-01 
   -5.99720069e-01   2.16176028e+00   3.30206445e-01  -1.07255378e+00
   -9.51466651e-01  -2.00954939e-01   9.49921460e-01   1.51718241e+00
   -1.04235797e+00   2.23821725e-01  -9.66178821e-01  -6.41366176e-01
    2.21483615e-01   4.10223201e-01   1.94657337e+00  -1.14637583e+00
    5.01960424e-01   2.93723009e-01  -1.30622485e+00   4.24193999e-01
   -6.89610988e-01   9.88158629e-01  -3.25469725e-01  -3.38426306e-01
    9.94953671e-01  -1.22779277e+00  -4.20427446e-01  -3.94412085e-01
   -2.47590050e+00  -1.51192522e-01  -1.86408565e+00  -2.86972299e+00
   -9.08049739e-01 
   -1.85177701e-01  -1.74686845e+00  -2.35439084e+00   1.90012616e+00
    1.34134624e+00   8.98568839e-01  -4.53778779e-01  -4.92487056e-01
    1.95047685e+00   1.23868607e+00   1.48563803e-01   4.34289000e-01
   -1.29384239e-01   2.49955859e-01  -1.06061281e+00  -5.23878363e-01
   -2.50057793e-01  -1.82425185e+00  -9.36217980e-01   1.64278597e+00
   -5.02579214e-01   7.52501150e-01   3.53267341e-01  -1.52103830e+00
   -5.39030653e-01  -1.55118728e+00  -1.62444799e+00  -5.94423458e-01
    1.10724942e+00  -5.04249813e-01  -8.83992501e-01  -6.34038978e-01
   -2.17243764e-01  