NN 16 32 16   -3.10571210e+00  -6.90545925e-01  -2.64673720e-01   4.90067262e-01
    1.84210950e+00  -9.22570308e-01  -1.42136874e+00  -1.57327775e+00
    2.50773770e+00  -1.35066432e+00  -8.26609710e-02   5.44921717e-01
    7.44515997e-01  -1.87732422e-01   2.76867758e-01  -3.32814811e-01
   -7.22745935e-01 
    5.03335880e-01  -3.41416174e-01  -3.28346965e-01  -4.24784364e-01
    9.86033740e-01  -3.31687720e-01   1.13093780e-01   5.01311072e-01
   -2.07358103e+00   8.00886175e-01   1.65264608e+00  -3.28300218e+00
    5.96119697e-01   7.00180001e-01  -1.64821770e+00   1.22917374e+00
    5.25559782e-01 
   -5.87522143e-01   1.17217770e-01  -2.40384301e+00   1.00502274e+00
    2.23539386e+00  -1.71415387e+00  -3.09662279e-01  -5.75383291e-01
   -1.00216053e+00   3.41767590e-01   2.08323259e-01   1.60006553e-01
    1.48848457e+00  -8.12337539e-01  -8.23153795e-02   1.66181190e+00
    1.86231514e-01 
    1.47294611e+00  -7.54387856e-01  -8.36644060e-01   6.50381000e-01
   -3.97296488e-02  -1.02185680e+00   9.81303545e-01  -2.31560867e-01
   -1.24279914e+00   8.21836872e-01  -1.29687812e+00   1.60711498e+00
    1.59022851e+00  -1.57120350e+00   9.63042389e-01  -1.78486042e+00
   -3.48404319e-01 
   -2.19233879e-01  -1.38994817e+00   1.22242580e+00  -9.73687765e-01
   -3.87555294e-01  -7.32866978e-01  -1.10569653e-01  -1.67194618e+00
    1.29302749e+00  -2.65833920e-01  -1.40590712e-01   1.68781445e+00
    1.51921218e+00   1.94002326e+00   3.86583701e-02  -1.41221390e+00
   -7.59504824e-01 
   -3.40539669e-01   1.05321348e+00   1.42040429e+00  -1.16761221e+00
    5.52313459e-01   1.04414222e+00   1.37150519e+00  -1.54528755e-02
    2.55646939e-03  -3.35507876e-01  -1.46685907e+00   6.43716414e-01
   -7.30673832e-01  -1.27160403e+00  -2.43839902e-01  -1.90960804e-01
   -3.27708762e-02 
    6.00463938e-01   1.39820740e+00   1.25686778e+00  -1.63353033e+00
   -3.39965457e-02  -3.40068283e-02  -1.65019779e+00   1.09124784e+00
   -4.83547041e-01   5.86993379e-01   7.88152951e-01   3.30863143e-01
   -1.86972250e-01  -3.97882150e-01  -1.16845116e+00   8.40403240e-01
   -5.57643574e-01 
    5.61166971e-01  -1.30294515e+00   9.87204545e-01  -5.62300912e-01
    6.38927120e-01   3.41347983e+00  -1.61925666e+00  -5.84907155e-02
    2.05837994e+00   2.01323207e+00   5.75309327e-01  -6.61243479e-01
   -7.03145721e-01  -2.34648082e+00  -1.23637039e+00  -5.60811609e-02
   -7.22519881e-01 
    2.98045477e-01   2.37359448e+00  -8.96601094e-01  -6.25325578e-01
    9.24143610e-01  -1.13716705e+00  -8.74623174e-01  -6.75398987e-02
   -1.54442104e+00   2.14962581e+00   1.10820236e+00  -1.14092500e+00
    6.02792838e-01  -1.72673217e+00   1.11424245e+00  -1.30859004e+00
   -1.23979116e-01 
   -1.38397038e+00  -1.67492853e-01  -7.88349183e-01   1.27786289e+00
    1.67995255e+00  -8.30240239e-01   1.20145965e+00  -5.68842358e-01
   -8.54109231e-01   1.18837124e+00   2.87908755e-01   1.88155287e+00
   -2.33108210e+00   5.24711038e-01  -3.06439164e-01  -1.19707699e+00
    2.72981457e-01 
   -5.81645984e-01   5.04077617e-01  -8.25264831e-02  -2.63019989e+00
   -1.80438935e+00  -1.08700293e+00   3.29965621e-01   3.56572585e+00
   -9.80793632e-01   5.91999608e-01  -7.53819264e-01   2.42639670e+00
   -7.41390135e-01  -2.53797140e-01   8.62362166e-03  -1.07213592e-03
   -6.21982112e-01 
    2.46246443e+00  -8.16178832e-01   4.63154183e-01   1.71728680e+00
    1.28313501e+00  -3.73831638e-01  -1.50163948e+00   5.53679298e-01
    3.06955860e-01  -9.00511212e-01   1.14674966e-01  -6.79965252e-01
   -2.54923228e+00   3.44333765e-01   8.41264874e-01  -6.23376576e-01
   -4.91470987e-02 
   -5.80997889e-02  -1.45034151e+00   1.01901842e+00  -2.66411826e-01
   -6.22124660e-02   1.64763894e-01  -3.02000376e+00   1.24411415e-01
   -1.84805850e+00   8.76250009e-01   2.69528274e+00   1.97442805e-01
   -3.98053068e-01   1.09636442e+00  -5.76960947e-01  -5.58411102e-01
   -1.13439924e+00 
   -3.61524571e-01  -5.73624399e-02  -6.97638351e-01   2.76262502e-01
    2.02387842e+00  -1.85781580e+00   7.63259103e-01   6.01982245e-01
    8.87146457e-01   1.53309643e+00  -2.05949766e+00  -1.67500160e+00
   -6.95487377e-01   5.65296920e-01  -4.34051847e-01  -1.59814630e-01
   -1.06463088e-01 
    1.05709899e+00  -1.84438421e+00   4.41775397e-01   2.45151196e+00
   -1.98481277e+00   1.07920787e+00   4.53960983e-01  -5.50552378e-01
   -1.58479240e+00  -9.36014807e-02  -4.26749384e-01  -4.36263771e-01
    7.30891089e-01   2.25636529e+00  -1.69440400e+00  -6.59025578e-02
    5.95827505e-01 
    1.27217234e+00  -1.03400591e+00  -6.40170797e-02   1.00308598e-01
   -2.50366813e-01   7.30383855e-02   2.95874940e+00  -2.67491218e+00
   -1.34271193e+00  -7.91862863e-01  -3.60392306e-01  -8.56715860e-01
    1.34066909e+00  -1.73298829e+00   5.62528713e-01   1.97700512e-01
    4.10402442e-01 
    1.44664907e+00   5.70314209e-01  -2.82771922e+00  -3.58386313e+00
    6.17870372e-01   7.09050463e-02   1.05163168e+00   1.64273219e+00
    5.36476928e-01   3.82031638e-02  -9.03228620e-01  -7.27986698e-01
   -2.49480356e-01   1.81540956e+00  -4.94638204e-01   9.21730033e-01
    1.52081532e-01 
   -1.35359039e+00   3.19441351e-01  -1.22818094e-01   2.12183097e-01
    7.06440228e-01  -1.05815344e+00  -4.90963335e-02   1.66856670e-01
    1.32325079e+00  -8.36261431e-01   9.23527852e-01  -2.03202752e-01
    7.67557935e-01  -8.12577647e-01  -4.82827412e-01   1.08838873e+00
   -5.34393346e-01 
   -2.74531411e-01  -1.92964544e+00   1.81797619e+00  -7.84387539e-02
   -2.14010150e+00   6.43893283e-01  -1.52525122e-02   1.32460528e+00
    3.48702043e-01   1.78577107e+00  -1.79185048e+00  -5.88623264e-01
    5.22825929e-01  -1.09698299e+00   5.25311398e-01   5.07370864e-01
    8.49277763e-02 
   -1.25277763e+00   5.40949702e-01  -9.70701906e-01   1.84255923e+00
   -7.31346690e-01   1.77276719e+00   7.29947798e-01  -1.29244717e+00
   -2.62184048e-01  -1.69408622e+00  -8.07928471e-01   6.97427531e-01
    1.68756940e+00   2.75195086e-01  -1.68630315e-01  -1.75464924e+00
    3.93218616e-01 
   -1.47064735e-02   2.34390177e+00   1.03841540e+00  -2.75447044e-01
   -4.58000180e-01  -3.89932967e+00   9.88681738e-01   3.27536370e+00
    1.38030982e+00  -1.73538958e+00   5.96182074e-01  -6.85056275e-01
   -5.16415011e-01  -4.94817094e-01   5.65266938e-01  -6.98836986e-03
   -1.74517377e-01 
   -2.37455736e+00   8.06976794e-01   1.63820619e+00  -4.61447139e-01
    1.55197095e+00  -1.01598546e+00  -6.25102071e-01  -5.06620331e-01
    2.01507753e+00  -1.30645691e+00   2.18738536e-01  -1.82142502e+00
    4.81152881e-01   5.56815384e-01  -1.11156146e+00  -3.32654396e-01
    5.89411789e-01 
   -5.02598422e-01  -4.06506834e-01   5.06907855e-01  -8.52386358e-01
    2.07392555e+00  -1.56284996e+00   3.76448992e-02   2.09110429e+00
   -2.26655909e+00  -6.54550003e-01   8.86694009e-01   6.19592273e-01
    5.15689019e-01  -7.41165223e-01  -3.66804684e-01  -6.62607312e-01
   -3.44960506e-01 
   -1.77838677e+00   2.89678984e-01  -1.42024533e+00   1.90843945e+00
   -1.00612426e+00   1.01433690e+00   5.81419307e-01  -6.77516912e-01
    1.24938864e+00   1.46785892e+00   1.51581481e+00  -1.68498518e+00
    7.14978469e-01  -1.23414432e+00   4.28891970e-01  -9.76240959e-02
   -5.99766874e-01 
    1.58377484e+00   1.41494020e+00  -1.92135159e+00  -5.25854424e-01
   -3.09270478e+00  -9.04958519e-01   9.37578728e-01   6.50276457e-01
    1.21841991e+00  -2.41861128e+00   2.02748052e+00  -2.11953766e-01
    2.22663325e-01  -2.45694770e-01  -7.48663024e-01   7.81666941e-02
   -1.79284913e-01 
    1.49006668e+00   5.76362231e-02  -1.54051016e+00  -2.38066564e-01
   -1.14536502e+00  -4.48009186e-01   2.29087906e+00  -2.84448815e+00
    4.97192597e-02  -3.84087478e-01   3.74330652e-01   1.07486191e+00
   -1.55210280e-01   1.26823877e+00   9.13704847e-01   7.65800124e-01
   -6.44488424e-01 
   -7.41856408e-01  -6.07639394e-01   1.88335352e+00  -2.85427673e-01
    1.24877177e+00   1.57020304e+00  -2.46453648e+00  -7.83877542e-02
    2.10061964e-01  -7.71875412e-01  -2.72158306e+00   3.70192483e-01
    1.55920323e+00  -1.13999391e+00   1.50633050e-01   2.49438838e+00
   -1.66670678e-01 
   -6.78941750e-01   2.33963393e+00   1.31237721e+00   5.77026468e-02
   -8.87142363e-01   2.11543792e+00  -3.61074991e-01  -5.50659672e-02
   -9.48269279e-01  -1.75880988e+00  -2.89800764e-01  -1.77155787e-01
   -7.84428394e-01   5.66569594e-01   2.43185757e-02   7.27828069e-01
   -3.35100169e-01 
   -3.88790668e-01  -1.22465848e+00  -8.28488950e-01   9.14430915e-02
    4.36395937e-01   2.27648336e+00  -8.25148965e-01   7.67883734e-01
    4.93041407e-01  -2.17179795e+00   1.23610733e+00  -1.57867615e-01
   -1.27945340e+00   7.84203685e-02   2.45541187e+00  -1.21680910e+00
    5.05157604e-01 
   -3.74824263e-01   1.81529872e+00   4.11792300e-01  -7.00976719e-01
    6.38917656e-01  -1.46773990e+00  -2.09077327e+00  -1.43675775e+00
   -2.02240905e-01  -6.69705805e-01  -9.65233616e-02   6.47493480e-01
    5.35773272e-01   3.81784421e-01   5.01101738e-02   9.54717919e-01
    1.53318304e-02 
   -1.25237629e+00   1.98310129e-01   2.44027240e+00   1.30957001e+00
    1.12372384e+00   2.44792624e-01  -1.43630073e+00  -1.15627750e+00
   -6.20095576e-01   7.15765112e-01  -1.81761962e+00  -1.28566691e+00
   -1.45776886e+00   1.27146557e+00   1.24327180e+00   9.67047546e-01
    2.94279817e-01 
    1.15752811e+00   1.00426842e+00  -9.27360794e-01  -3.55862007e-01
   -7.31711796e-01  -2.04792094e-01  -7.13075558e-01  -1.76519943e-01
    1.51292713e+00   1.44385159e+00  -1.89568274e+00  -1.52422321e+00
   -3.01116435e-01  -1.48389906e+00   2.31379053e+00   6.44507187e-01
   -4.46515054e-01     3.04849998 -0.72373075  0.12700046 -1.79990645 -0.75746767  0.80803659
  -0.41395089 -0.90690377  0.63062062  1.05666346  0.53423883 -2.71496972
  -0.81094378  0.2386294   0.60074652 -1.56893347 -0.4391903   0.29099253
   0.15390631  0.57704099 -0.2764702   2.33302151  0.40543487  1.96001916
  -1.89448398 -1.01138172  0.57108597 -0.18965243 -0.13098424 -0.407091
   0.51712376 -1.62461714 -0.2583358  
   0.47770366  0.30492844 -0.43489727  0.15044786  1.06273003 -0.40903328
  -1.37747199  1.09520933 -2.32425188 -0.21294491 -0.9183209   0.19079035
   1.32410351 -0.23190196  1.84184245  0.25837088  0.11091529 -0.79602764
   1.88233395 -1.98383492 -1.64729683  0.1048441   0.14853671  0.17215389
  -1.5400532   0.62656995  0.55486169 -3.72782963  1.18128727 -1.60776314
  -0.03119782 -1.30268659  0.10951649 
   0.74210486  0.11523243  2.74905592  0.72209205 -1.99394352 -1.27439922
  -0.96353576 -0.90904205  1.54852578  1.12346762  0.28071008  0.05067732
  -2.21020786  0.14373743 -0.46273524 -1.28118974  2.16464631 -0.10427288
  -1.45913505  1.1279171  -1.26651354 -2.32585945 -1.08445296  1.19647117
   1.22259619  0.93226345 -2.13817377 -0.60559985  1.68150796 -0.37833614
  -2.53105972  0.79542891 -0.38634143 
  -1.22211333  0.70555626 -1.3213457  -0.98393746  1.55397086  1.22316714
   1.33382866  0.4478535   0.40112265 -0.84830194  2.32209024 -2.29289029
   0.6402421  -0.99561107 -3.09071299  0.08322381  3.66570263 -0.28371148
   0.61208541 -1.97811273 -1.15844098  0.66777651  0.86083626 -2.72868343
   0.30795909  0.46353494  0.09293384  0.10093735 -0.29024397  0.25718583
  -1.71689099 -0.40395506 -0.10312517 
  -1.53327857 -1.07567187 -2.07911502 -0.27941184  0.22110763 -0.30244776
   0.25402179 -1.14101386 -0.2951331  -2.71089744  1.24072834 -0.35571631
  -0.28287698 -2.29407893  2.49485092 -1.47805427 -0.00903522 -1.48034679
   2.68662546  0.10862766  1.17108325 -1.39651295 -2.91712301  2.06071238
   1.97107178  1.4863289  -1.46029687 -0.30074774 -1.04553612 -0.57153512
  -0.99463142  1.37186746 -0.15018556 
  -0.60920997 -0.06145949  0.69266565  0.76986187  0.93393322 -0.67224914
  -0.39324111 -3.4017332   0.93706301  0.05999687 -0.06611657  0.11501009
  -0.58733397  1.97970337 -0.87201013 -1.99089714 -1.22219207  0.39144254
  -0.15342451 -2.72037466  4.4736266   0.39787598  0.26990053  0.14037055
  -0.1447543   0.52946361 -1.53888495 -1.50459098 -3.39529699  0.66425956
  -0.16629546  0.08641836  0.06505155 
   0.63177772 -0.5781609   0.33110949 -1.21467292 -0.58011125 -1.67813078
   1.3655845   0.83033504  0.29737709 -2.16262053 -0.59158627  2.22554226
   3.12420163 -1.52791237 -1.2319304  -3.74332155 -0.86851048  0.12339776
  -0.4291003  -0.03378346 -0.82855725 -0.38724217 -0.38047552 -0.61705904
  -1.65910371 -1.63070873  1.0917236   0.14320627  0.27006907  2.66528805
   0.61963297  0.7494969  -0.29878431 
  -0.03013595 -0.85805696  1.88692298 -0.5286984   1.43273909 -0.19494724
  -0.94197213  0.0486185  -0.15362224  0.38248602 -3.95454735  0.04573948
  -0.21171981 -1.38853925 -0.39087134  2.17396136 -2.0993601  -0.59192876
  -2.28696187 -0.32233693 -2.32056085 -0.30361067 -2.63738557  0.17657546
  -0.19842546  3.09532756  0.60939409  0.54860685 -1.58103809  1.04987942
   0.91021969 -0.32070482 -0.63766555 
  -1.81878423  2.13303085  1.07285785  1.18922636 -1.90706142 -0.2262343
   1.16624961 -2.04080677  1.98532389  0.23389514  0.47570692 -1.35132785
   1.05807868 -1.38525691  1.92215817  1.37653918 -0.85609411 -1.9669505
  -0.38082716  0.45821675 -1.41902209 -1.5500704   2.02803291 -1.42161425
  -1.64323863 -0.67781205  0.0650037   0.68172342 -1.22487749 -0.18413239
   1.40750933 -1.55086722 -0.51183667 
   0.67417193 -0.63431708 -0.66181242 -1.15174401 -0.28279718  0.1378624
  -0.86317274 -2.27474089 -2.2172269  -2.28829933 -1.79217416  1.63864097
  -2.14439574 -1.31635398 -0.08631159 -0.06736247  0.75086821  0.03394452
  -2.0004496   1.76295612  1.22608287  1.24731265  0.67297914 -2.51243253
   2.59825604 -0.4682909   1.46934873  0.15513747  2.10711519  0.30430103
   0.11695915 -1.45423083 -0.1134726  
  -0.37107703 -2.43028921  0.19250666  0.76599819 -0.42348538  1.01891662
  -0.93196825 -2.28813501 -1.35169884 -0.02230345  1.09580478  0.42992983
  -2.56946478  1.80765359 -0.41501587  0.22642167  0.66836812 -1.14988667
   0.86058139  1.41785286 -0.62691382 -1.03651426 -1.13980919 -2.61080843
  -1.82853455 -1.5802432   2.97743814  0.79934469 -1.10800946 -0.43629227
   1.37368201  2.09631003 -0.35724087 
  -1.37623674  3.79006446 -1.04060302 -2.46274143 -1.92958853 -0.96655864
  -1.04532964  0.28916341  0.99014207 -2.11721188 -2.52212307  0.06614757
  -0.82725198  1.32598749  0.2037018   1.49236977 -0.79079763 -0.40349729
  -0.04793432 -0.70524683  0.79343049  1.87466816 -0.4304591   0.90701688
   0.81714011 -1.79560844 -1.21494786  0.04284593  0.81143219 -0.79026035
   1.24560364  0.9849694  -0.45988235 
  -0.44806821 -0.80892318 -2.45704245 -1.92153379 -1.90288076  0.77913369
   0.13038279 -0.2235545  -0.53610567  2.90324371 -0.0121038   2.026286
  -1.0094117   0.09503718 -0.28413024 -1.20242342 -0.10660755 -1.0562237
  -0.30716174 -1.2164767   0.42384112 -0.44721585 -0.84628702 -0.66165101
   0.07999702 -0.21628186 -1.63067797  0.44181017  1.44324937 -1.14024718
   1.76365304 -0.46358214 -0.1937349  
  -0.31330459 -0.78957556  0.61252692  1.80909257 -2.09594254  1.10070075
  -0.19669924  0.86660126  0.89929503 -0.65535021 -0.82380195  0.01361819
  -1.59732421 -0.65123143 -2.34057832  1.8110241  -2.65282484  0.30351722
   0.93290448 -0.71803011  0.6489326  -0.67717005  1.2584301   0.35037167
   0.37848646 -1.92713335  0.89011864 -1.20255193  0.18400855 -0.94705548
  -0.80982642  0.66108035 -0.37384401 
  -0.64027914  1.7773943   0.28040853 -0.99831551 -0.90217007 -0.20373135
   0.85962849  1.28622438 -0.78047553  0.16762443 -0.76491705 -0.63666371
   0.22987684  0.45521916  1.59996899 -0.98610501  0.47003063  0.25861972
  -1.05053832  0.41195452 -0.52530271  0.860862   -0.23162207 -0.22131521
   0.91958038 -1.14985912 -0.51152953 -0.34136317 -1.87224317 -0.07151679
  -1.61961083 -2.52126406 -0.76433303 
  -0.30081578 -1.52667289 -2.11358159  1.57845443  1.29784233  0.82237056
  -0.48489576 -0.4206735   1.48037981  1.10534753  0.15177482  0.38297016
  -0.24568399  0.19709885 -0.87732004 -0.2248533  -0.1913588  -1.52757
  -0.70592564  1.43936741 -0.53591042  0.62602593  0.22781024 -1.39486843
  -0.50680071 -1.25125446 -1.49321969 -0.47986193  0.99256257 -0.52768094
  -0.80704733 -0.5266817  -0.13670941  