NN 16 32 16   -2.78973191e+00  -5.93505369e-01  -5.36311210e-01   6.64170702e-01
    1.33836610e+00  -6.37129403e-01  -1.00574079e+00  -1.22717444e+00
    1.86596173e+00  -1.29084815e+00  -2.31734497e-03   6.94569177e-01
    6.41614019e-01  -2.03316303e-01   1.64137702e-01  -2.98544261e-01
   -7.08205083e-01 
    4.47423717e-01   5.69961198e-02  -4.33040944e-01  -6.96141108e-01
    8.75103876e-01  -8.35184231e-02  -3.75938792e-02   5.60428131e-01
   -1.83075677e+00   6.32972562e-01   1.55491080e+00  -2.79799901e+00
    5.15144341e-01   6.93884792e-01  -1.25411447e+00   1.11958843e+00
    5.28840771e-01 
   -2.36158687e-01   3.20377644e-02  -2.13460915e+00   1.11303720e+00
    1.99697714e+00  -1.23123835e+00  -4.32282552e-01  -1.00825495e+00
   -9.07952355e-01   2.54929372e-01   2.74252476e-01   4.31901149e-02
    1.51476366e+00  -8.64390285e-01   5.21603452e-02   1.29500429e+00
    2.43508793e-01 
    1.35190869e+00  -7.10909575e-01  -7.26581289e-01   6.15166629e-01
   -2.64578480e-01  -8.77622617e-01   1.00447098e+00  -2.06179763e-01
   -1.17633888e+00   7.78990909e-01  -1.08146818e+00   1.35089888e+00
    1.33466633e+00  -1.60531799e+00   7.68390923e-01  -1.53142206e+00
   -4.47040922e-01 
   -2.94051426e-01  -1.19022788e+00   1.18303017e+00  -9.58031262e-01
   -4.11668896e-01  -7.82452057e-01  -1.48837517e-01  -1.53936707e+00
    1.32873211e+00  -4.01767101e-02  -2.47381821e-01   1.46528289e+00
    1.36214919e+00   1.68288656e+00   1.14353787e-01  -1.30768868e+00
   -7.54873929e-01 
   -2.85713793e-01   8.44263090e-01   9.51689512e-01  -9.93124888e-01
    3.02133203e-01   9.75619448e-01   1.04905711e+00   4.89444567e-02
   -3.96931738e-02  -3.35071524e-01  -9.10363620e-01   6.76948942e-01
   -6.23156089e-01  -1.11709259e+00  -2.05912774e-01  -1.89113553e-01
   -1.37067855e-01 
    2.90638262e-01   1.35306054e+00   1.17923278e+00  -1.34244038e+00
   -2.14242746e-01  -5.30371299e-02  -1.57300949e+00   8.28124218e-01
   -5.64169325e-01   4.48913319e-01   7.13366140e-01   5.97423830e-01
   -2.15694733e-01  -3.02177250e-01  -1.03112153e+00   7.46213641e-01
   -5.26710774e-01 
    5.28140404e-01  -1.23730663e+00   8.13620245e-01  -4.77276329e-01
    6.02195162e-01   3.05822520e+00  -1.49678307e+00  -1.32933671e-01
    1.87933790e+00   1.97145732e+00   8.10395384e-01  -8.47127203e-01
   -6.98730614e-01  -1.93165841e+00  -1.05441553e+00  -1.91339156e-02
   -7.40955659e-01 
    3.57450248e-01   2.06144587e+00  -9.80753937e-01  -4.70112981e-01
    6.97126664e-01  -1.09664598e+00  -5.04534580e-01  -1.44816700e-01
   -1.48976733e+00   2.00077655e+00   1.00900764e+00  -8.07591554e-01
    4.34643059e-01  -1.49697390e+00   9.04685530e-01  -1.02733784e+00
   -1.13057638e-01 
   -1.24516060e+00   1.44379130e-01  -7.89030185e-01   9.06289498e-01
    1.68933527e+00  -6.45098218e-01   1.27520044e+00  -6.46217393e-01
   -7.12224256e-01   1.33722231e+00   2.71507083e-01   1.60872719e+00
   -2.06217937e+00   4.10802676e-01  -1.03812193e-01  -1.05118879e+00
    1.88574385e-01 
   -6.38855652e-01   8.24788543e-01  -1.63523602e-01  -2.31037363e+00
   -1.81865842e+00  -9.73092742e-01   2.76940083e-01   3.10435064e+00
   -7.39209314e-01   7.27266349e-01  -8.29242224e-01   1.96549112e+00
   -5.59207604e-01  -4.35764987e-02   3.45628212e-02   3.09776253e-02
   -5.91166578e-01 
    2.13227623e+00  -1.01022247e+00   5.07162526e-01   1.69494389e+00
    1.13463063e+00  -6.87214710e-02  -1.35415924e+00   5.20182114e-01
    3.95301217e-01  -6.89556456e-01  -2.69752896e-01  -4.13120853e-01
   -2.19074972e+00   2.80968953e-01   7.16811415e-01  -4.37133045e-01
    3.60219049e-02 
    1.65787879e-01  -1.29050941e+00   9.62033105e-01  -3.36638557e-01
    3.11119180e-01  -1.90826928e-01  -2.74968416e+00   3.86097370e-01
   -1.69252116e+00   8.64131279e-01   2.45523620e+00   3.42477968e-01
   -2.95515463e-01   9.56445012e-01  -4.71343720e-01  -3.91990566e-01
   -9.82923362e-01 
   -2.35392714e-01  -2.46848931e-01  -8.07640423e-01   3.21086027e-01
    1.82748486e+00  -1.58116034e+00   7.18717438e-01   3.98028864e-01
    7.93369933e-01   1.46008997e+00  -1.90565577e+00  -1.67310947e+00
   -5.09095766e-01   5.86093939e-01  -3.20600698e-01  -2.18084126e-01
   -8.69256373e-02 
    7.37038680e-01  -1.90639921e+00   5.60104314e-03   2.37876206e+00
   -1.85756522e+00   1.05024186e+00   2.48996245e-01  -4.07306547e-01
   -1.39350164e+00   1.33472392e-02  -1.67926837e-01  -5.46340520e-01
    6.46138240e-01   2.11117120e+00  -1.45387083e+00  -2.23605459e-02
    6.08976773e-01 
    1.15692659e+00  -9.18970451e-01   2.37461820e-02   1.64342951e-01
   -1.61874799e-01   4.53320441e-01   2.72799128e+00  -2.46532902e+00
   -1.41094767e+00  -5.76908765e-01  -2.53894215e-01  -9.33639290e-01
    1.40282068e+00  -1.47161839e+00   4.71262127e-01   8.72966523e-03
    3.87482851e-01 
    1.45793709e+00   5.11918155e-01  -2.45579795e+00  -3.38764789e+00
    2.57411377e-01   2.37530749e-01   1.00906956e+00   1.51319190e+00
    5.55090316e-01  -3.79462065e-01  -1.10915944e+00  -5.20101823e-01
   -2.76460132e-01   1.86910530e+00  -5.22892174e-01   7.09508302e-01
    4.63776291e-02 
   -1.29062885e+00   2.10351948e-01   8.85441681e-02   1.95217414e-01
    7.76940262e-01  -7.50237885e-01  -2.21627155e-01   3.39944455e-02
    1.16033850e+00  -6.60130223e-01   7.44174320e-01  -1.75742719e-01
    6.44537238e-01  -6.60017697e-01  -3.75025628e-01   8.50302208e-01
   -4.62101835e-01 
   -1.42186624e-01  -1.55975655e+00   1.50119526e+00  -3.74753367e-01
   -2.11311011e+00   3.95809726e-01   7.24557874e-02   1.42864773e+00
    5.66272200e-01   1.62671074e+00  -1.71775653e+00  -6.35342188e-01
    3.42833272e-01  -9.74826118e-01   4.41224836e-01   4.43973257e-01
    5.28431292e-02 
   -1.12701413e+00   5.44829419e-01  -1.02526005e+00   1.56073854e+00
   -6.71796149e-01   1.82050932e+00   3.54271635e-01  -1.06980422e+00
   -2.27056717e-01  -1.64323545e+00  -6.67322594e-01   5.99864885e-01
    1.55485743e+00   4.40172854e-01  -1.26027641e-01  -1.44597476e+00
    4.27038120e-01 
    2.57509606e-01   2.23982662e+00   1.12539107e+00  -4.69168965e-02
   -2.58388480e-01  -3.53219599e+00   8.80882104e-01   2.75879292e+00
    1.25133817e+00  -1.32591732e+00   4.90645117e-01  -7.81909961e-01
   -5.62520149e-01  -2.89074123e-01   4.48568221e-01   1.35718406e-01
   -1.03735060e-01 
   -2.22477524e+00   5.39694524e-01   1.53197781e+00  -6.25894484e-01
    1.50503449e+00  -9.22805948e-01  -3.24981925e-01  -5.87043140e-01
    1.69531869e+00  -1.09348157e+00   2.86867327e-01  -1.63980272e+00
    5.03052219e-01   6.76270148e-01  -9.42690208e-01  -1.45685674e-01
    6.13394665e-01 
   -4.38621844e-01  -5.52057130e-01   6.78022583e-01  -1.13335414e+00
    1.79366391e+00  -1.39492283e+00   2.60908901e-01   1.83803818e+00
   -2.07222132e+00  -6.97305757e-01   9.43885415e-01   5.92860910e-01
    6.52126986e-01  -6.09699625e-01  -3.03888632e-01  -3.78796225e-01
   -3.02268218e-01 
   -1.55701123e+00  -2.45999439e-02  -1.23512653e+00   1.73326672e+00
   -9.56984066e-01   7.63711934e-01   5.07975916e-01  -8.01555711e-01
    1.44267223e+00   1.62876966e+00   1.26033988e+00  -1.56865749e+00
    5.74315971e-01  -1.17186827e+00   3.90817365e-01  -7.61459357e-02
   -5.39702118e-01 
    1.42834910e+00   1.34030625e+00  -1.35156214e+00  -5.65841706e-01
   -2.70222555e+00  -5.57971218e-01   7.64800125e-01   3.97810114e-01
    1.13466655e+00  -2.35379391e+00   1.98359447e+00  -1.35548487e-01
    1.00600935e-01  -1.16434278e-01  -5.78604271e-01   1.07482630e-01
   -1.16503243e-01 
    1.14175316e+00  -3.89342435e-02  -1.34303840e+00  -2.71305550e-01
   -9.35219920e-01  -4.82591388e-01   2.05377747e+00  -2.82271377e+00
    7.75673682e-04  -4.80980739e-01   5.50770623e-01   1.05965023e+00
   -1.47829526e-01   1.12590668e+00   9.19551979e-01   4.84944092e-01
   -6.43007866e-01 
   -7.98124407e-01  -8.06314749e-01   1.68675284e+00  -1.49179151e-01
    1.18290507e+00   1.26505051e+00  -2.10492390e+00  -3.76924616e-01
    2.08475217e-01  -6.76713090e-01  -2.36306705e+00   4.46536105e-01
    1.34324329e+00  -9.80492815e-01   1.44650573e-01   1.85122792e+00
   -2.07064980e-01 
   -8.22102637e-01   2.18044779e+00   1.33166644e+00   4.99522663e-02
   -6.14168282e-01   2.01732660e+00  -3.16093517e-01  -2.53657148e-01
   -1.12683671e+00  -1.28177346e+00  -4.94338610e-01  -2.83517426e-01
   -7.96741270e-01   5.54225024e-01  -6.01120954e-02   4.84340651e-01
   -3.70368246e-01 
   -3.15671820e-01  -1.36027974e+00  -6.34243866e-01   1.84418489e-01
    5.77766798e-01   2.08649491e+00  -8.19545796e-01   6.66903770e-01
    4.75877238e-01  -1.96414452e+00   9.47182337e-01  -1.11547173e-01
   -1.20306378e+00   6.97074922e-02   1.82662494e+00  -1.16345853e+00
    2.78653004e-01 
   -4.06839468e-01   1.46399237e+00   6.44709183e-01  -4.22745749e-01
    5.10240619e-01  -1.08984120e+00  -2.04274309e+00  -1.43485058e+00
   -2.08709740e-02  -5.34793440e-01   2.83547720e-02   5.73772276e-01
    5.33130373e-01   3.33264758e-01  -3.50944070e-02   8.48415032e-01
    1.14103739e-01 
   -1.36201372e+00   2.91876620e-02   2.17834794e+00   1.34681275e+00
    1.01995475e+00   9.72113005e-02  -1.27105749e+00  -8.72132388e-01
   -5.83046188e-01   5.46339058e-01  -1.63276521e+00  -1.35741683e+00
   -1.35279578e+00   8.88506910e-01   8.23097743e-01   5.50339042e-01
    1.24553645e-01 
    1.13664222e+00   8.25210553e-01  -8.03296436e-01  -2.59402010e-01
   -6.80877609e-01  -1.41437525e-01  -8.22102139e-01  -1.88739231e-01
    1.34353838e+00   1.17177642e+00  -1.75367742e+00  -1.22255485e+00
   -3.07019788e-01  -1.33212573e+00   2.07617730e+00   4.01522146e-01
   -4.18332292e-01     2.67517347 -0.53323834 -0.07627084 -1.71995473 -0.52221261  0.41653803
  -0.30072014 -0.81353631  0.57738257  1.17976013  0.57538219 -2.49245463
  -0.94666805  0.14557626  0.34300304 -1.55486397 -0.51230686  0.42867864
   0.10692993  0.64797205 -0.38307443  2.47529682  0.49225732  1.8816896
  -2.22596972 -1.05892425  0.37014064 -0.28368088 -0.28907232 -0.35390025
   0.62175581 -1.6205109  -0.26867548 
   0.52946245  0.2340282  -0.42802739  0.28014958  1.04448135 -0.39716264
  -1.30945818  0.97402281 -2.16981591 -0.56935854 -0.84493638  0.36030305
   1.47401097  0.15530875  1.81132846  0.37713055  0.10918737 -0.65386598
   1.81948786 -1.86535467 -1.63704646  0.29460078  0.09230025  0.31455875
  -1.49452185  0.25348418  0.7238101  -3.43422923  1.21142182 -1.47103602
  -0.04954834 -1.20610862  0.06214749 
   0.90200283  0.15992725  2.55266     0.56750656 -1.94597482 -0.8395991
  -1.1397997  -0.97353458  1.47794503  1.13442222  0.20466264 -0.19730077
  -1.71073015  0.43384678 -0.36672396 -1.15609102  2.15760765 -0.2854156
  -1.2465341   1.15828772 -1.22148889 -1.95988011 -0.92396195  1.17873468
   1.17488464  1.2039775  -1.81764223 -0.8848302   1.65599394 -0.47342944
  -2.60774736  0.79602483 -0.40456802 
  -0.97171529  0.80347708 -1.27131258 -0.88894778  1.26149118  1.11203988
   1.26166842  0.20780356  0.20778196 -0.88878962  1.99775055 -2.30856435
   0.62039922 -0.91253921 -3.07335029  0.0121498   3.62043233 -0.32220371
   0.88084251 -1.73749967 -1.20680676  0.74286757  0.95750395 -2.66778538
   0.11054407  0.41072673  0.36132841  0.07917576 -0.3415743   0.40320241
  -1.70779921 -0.32458912 -0.17088537 
  -1.13670882 -1.0537105  -1.81431116  0.00826294  0.32737591 -0.20133529
   0.30758425 -0.97609864 -0.43435545 -2.42085743  1.26312834 -0.29972979
  -0.39691796 -2.24185554  2.39677706 -1.05331022 -0.03101056 -1.30292199
   2.70465776  0.1903299   1.49145591 -1.12285875 -2.71219546  2.13086218
   1.69576171  1.55402347 -1.38863277 -0.47938853 -1.08892215 -0.67608647
  -0.84816683  0.99510202 -0.05531659 
  -0.23235159  0.00986285  0.6717352   0.91850021  0.80039036 -0.62196047
  -0.34489583 -3.35334557  0.94266262  0.07431669  0.00479109 -0.2066465
  -0.55652733  1.9033088  -0.94173257 -1.71863842 -0.91750362  0.31170361
  -0.3415406  -2.76143799  4.24749837  0.46527735  0.59951344  0.03450759
  -0.26891255  0.4895921  -1.60279702 -1.46995762 -3.16982171  0.62060312
  -0.30146032 -0.04500623  0.05131078 
   0.43841493 -0.45637199  0.39197226 -1.2469591  -0.54304248 -1.16540589
   1.3927724   0.87169171 -0.03075813 -2.26834725 -0.47276869  1.83162865
   3.22257179 -1.45410091 -1.14440561 -3.59651903 -1.01817701  0.11974655
  -0.51012261  0.30466183 -0.83995233 -0.36094587 -0.40357448 -0.63621728
  -1.79503053 -1.56297224  1.05538892  0.4378805   0.03244819  2.58246913
   0.41265215  0.7224482  -0.31845507 
   0.06911128 -0.75631433  1.86032942 -0.59148664  1.24010432 -0.08997352
  -0.96137619  0.38189557  0.09103793  0.32809913 -3.82008936 -0.04229078
  -0.45771613 -0.89430721 -0.39306891  2.16514769 -1.91864928 -0.51754232
  -2.24952108 -0.10881515 -2.26198727  0.05375515 -2.51346061  0.39941708
  -0.17779818  2.73473151  0.597623    0.47628637 -1.48240997  1.12532746
   0.85595663 -0.31622116 -0.40432204 
  -1.68105447  1.98669645  0.94434588  1.05008105 -1.81873267 -0.20076211
   1.1385652  -1.94571775  1.80282678  0.05629163  0.43491948 -1.34772897
   0.98505248 -1.34549524  1.80613501  1.39078609 -0.84132137 -1.70771468
  -0.40211909  0.41002144 -1.2537846  -1.45861092  1.92944751 -1.54169247
  -1.20203803 -0.69094116 -0.07818842  0.74238686 -1.08584953 -0.20411632
   1.08687507 -1.43947467 -0.47015932 
   0.66775614 -0.5600493  -0.47206518 -1.07191018 -0.28346793 -0.02676069
  -0.84812229 -2.24084724 -2.13007081 -2.01209508 -1.77727675  1.35280603
  -1.78986105 -1.33425033 -0.05309172 -0.14573149  0.68227327  0.08813207
  -1.91200841  1.82658186  0.98533737  1.16987575  0.76565357 -2.3758356
   2.41016253 -0.37815871  1.28871754 -0.04019291  1.93838637  0.20357215
   0.07829396 -1.30177415 -0.04123024 
  -0.59880353 -2.01597482  0.13629241  0.70480356 -0.47236803  0.74927871
  -0.85460599 -2.15190281 -1.10148562 -0.12353712  0.93165659  0.75321204
  -2.52749538  1.82526631 -0.36316527  0.17071198  0.8882092  -1.05439849
   0.78676692  1.27868319 -0.55788744 -0.89217064 -1.08389037 -2.28168976
  -1.84161641 -1.54725601  2.75740214  0.59345335 -0.91842397 -0.50154067
   1.24451249  2.00853367 -0.21407668 
  -1.41547537  3.40068236 -0.87731438 -2.3232174  -1.78941937 -0.80042167
  -0.96455379  0.428467    0.94533285 -1.97483046 -2.29306428  0.0231017
  -0.91431811  1.40147989  0.34080122  1.3556644  -0.70106035 -0.38408334
  -0.05397311 -0.57884905  0.8043016   1.79784259 -0.41330289  0.77751226
   1.04043463 -1.7918077  -1.12803165  0.0740086   0.67513357 -0.71428431
   0.89063924  1.01965211 -0.33977277 
  -0.48591802 -0.64363282 -2.35833274 -1.75593569 -1.8457887   0.71261407
   0.24710544 -0.23932424 -0.38806261  2.42480456 -0.08556561  1.95934558
  -1.06757855  0.05756222 -0.18998697 -1.18718175 -0.05711542 -0.99700769
  -0.2677417  -1.08188524  0.55415147 -0.44604701 -0.78389944 -0.69611593
   0.1239667  -0.33186159 -1.41847373  0.42450731  1.31065648 -1.04794806
   1.58581671 -0.38365326 -0.18017467 
  -0.29865722 -0.72480789  0.57682363  1.60054532 -1.94369889  0.97838523
  -0.19256713  0.73394243  0.81806798 -0.62163444 -0.87368142  0.03035323
  -1.49675743 -0.54549615 -2.21209285  1.60005574 -2.46250464  0.20543561
   0.81155811 -0.66279174  0.54702486 -0.64318113  1.1296651   0.24046863
   0.33477547 -1.87091693  0.86507263 -1.14677261  0.22133654 -0.82628977
  -0.69905335  0.60091039 -0.35511059 
  -0.6036183   1.51612049  0.18212195 -1.02077303 -0.95870437 -0.18935819
   0.84317493  1.14961964 -0.47063988  0.03470324 -0.66444839 -0.6172067
   0.3143005   0.36096192  1.21811633 -0.97141267  0.45527645  0.21029471
  -0.92395065  0.43592317 -0.49027552  0.78162531 -0.12417306 -0.21876626
   0.80847684 -1.19389337 -0.43796939 -0.17483374 -1.36223617  0.07992582
  -1.39960037 -2.10453509 -0.70238817 
  -0.3684144  -1.24601631 -1.76973698  1.1653763   1.07981328  0.69448872
  -0.45766617 -0.36644132  1.17382063  0.96496967  0.04126733  0.08949471
  -0.38546104  0.17554375 -0.82733957  0.01740471 -0.07675734 -1.28775796
  -0.61455755  1.19005802 -0.7179742   0.4135523   0.11406564 -1.19151295
  -0.47198371 -1.18893875 -1.35565817 -0.39277597  0.7921539  -0.50165395
  -0.80368733 -0.3908966  -0.16458964  