NN 16 32 16   -2.12268978e+00  -2.64611892e-01  -4.95594991e-01   4.89319532e-01
    5.22499527e-01  -2.40564628e-01  -3.52003728e-01  -2.89448127e-01
    1.08315081e+00  -8.61376340e-01   2.82591802e-01   7.76403427e-01
    5.38765250e-01   7.85311529e-02  -1.48548639e-01   6.01471726e-04
   -4.23259316e-01 
    1.92674455e-01   3.20989575e-02  -2.52422236e-01  -7.62367912e-01
    5.30496234e-01  -1.69488724e-01  -1.77890764e-02   4.08141485e-01
   -1.31940652e+00   3.75634866e-01   1.12838435e+00  -1.97984038e+00
    1.84460337e-01   5.33173555e-01  -2.04991884e-01   3.52304393e-01
    5.28176527e-01 
    1.43934610e-01   2.01094031e-01  -1.41490826e+00   9.43070648e-01
    1.18582409e+00  -8.32435770e-01  -7.35587326e-01  -1.32055653e+00
   -4.49487576e-01   2.40147784e-01  -3.81125573e-02   2.33400280e-01
    1.30664476e+00  -5.39917252e-01  -4.05490877e-02   4.13523643e-01
    4.83610930e-01 
    1.30775728e+00  -6.66036207e-01  -4.14275434e-01   4.84739485e-01
   -3.31955921e-01  -8.36497459e-01   9.13408820e-01   9.25187488e-02
   -5.18410374e-01   7.15009329e-01  -4.07542335e-01   1.29662017e+00
    8.14819134e-01  -1.28092100e+00   4.09585003e-01  -6.71386971e-01
   -4.37921964e-01 
   -2.09675973e-01  -7.16790579e-01   9.39932256e-01  -6.44364306e-01
   -4.28968565e-01  -8.23065521e-01   1.87638122e-02  -1.11568401e+00
    1.19561890e+00   2.23789726e-01   1.19766922e-02   1.05350741e+00
    9.37787034e-01   8.97229398e-01   2.62597292e-02  -7.90445411e-01
   -5.69396360e-01 
   -8.97156487e-02   2.34965398e-01   4.18783696e-01  -3.78586328e-01
   -2.16981448e-01   6.19711335e-01   3.12120833e-01   1.82095163e-01
   -1.00325670e-01  -2.43161782e-01  -3.26861418e-01   5.80061656e-01
   -4.15401657e-01  -6.43274143e-01  -2.62455089e-01   1.98845606e-01
   -3.29957493e-01 
    5.55287352e-02   1.15368356e+00   9.21248194e-01  -1.01404224e+00
   -4.35553997e-01   9.27762119e-02  -1.07589122e+00   5.55100925e-01
   -5.29472515e-01   3.63825840e-01   3.97022679e-01   5.59443815e-01
   -3.00247215e-01   4.81788541e-02  -5.16656194e-01   4.36829454e-01
   -3.63041857e-01 
    3.45784184e-01  -8.37655323e-01   8.00564232e-01  -1.53646606e-01
    5.37949286e-01   2.02562655e+00  -7.06143796e-01  -4.06915684e-01
    1.43989627e+00   1.36589873e+00   1.00151156e+00  -8.54299874e-01
   -1.87177350e-01  -7.62557515e-01  -6.05924429e-01  -3.81704814e-01
   -6.47637622e-01 
    1.43378381e-01   1.39505059e+00  -9.28834824e-01  -2.66927310e-02
    4.05335653e-01  -7.07699906e-01   1.89929419e-01  -1.49098283e-01
   -9.13118421e-01   1.29911456e+00   7.08591902e-01  -7.33540602e-01
   -4.42902894e-02  -7.61543478e-01   2.82515888e-02  -1.11109186e-01
   -9.96604457e-02 
   -1.23095864e+00   7.15570604e-01  -8.60289336e-01   6.98986530e-01
    1.48386631e+00  -1.48010631e-01   1.33252624e+00  -4.69759515e-01
   -4.01174029e-01   1.14339701e+00  -6.25463886e-02   1.00208050e+00
   -1.39445310e+00  -3.85256696e-02   1.04310878e-01  -5.51714453e-01
   -9.08350823e-02 
   -3.10257937e-01   8.99390010e-01  -1.70559870e-01  -1.70986013e+00
   -1.09811270e+00  -4.54333395e-01   2.71890305e-01   2.08831500e+00
   -2.50115398e-01   9.49028652e-01  -8.58371249e-01   1.20359456e+00
   -3.57622832e-01   2.60709418e-01  -4.04512300e-02  -1.47130683e-02
   -5.25071929e-01 
    1.34151966e+00  -8.73586120e-01   7.87240294e-01   1.48120320e+00
    7.09419204e-01   1.87280550e-01  -1.15666669e+00   1.32556572e-01
    6.47384698e-01  -3.71685993e-01  -5.46971705e-01   2.91749969e-02
   -1.23086408e+00  -1.05620745e-02  -3.31716785e-03  -3.26355113e-01
   -5.99168968e-02 
    2.36556727e-01  -1.38257449e+00   8.65395611e-01  -5.39152329e-01
    2.52729250e-01   7.05243854e-02  -2.22258074e+00   2.90230032e-01
   -7.91476375e-01   7.58642800e-01   1.55477714e+00   4.93747918e-01
   -4.39387290e-02   6.99461709e-01  -2.47578470e-01  -3.68793892e-01
   -5.33713320e-01 
    1.06342624e-01  -2.29634476e-01  -7.15398522e-01   4.34135081e-01
    1.63327228e+00  -1.28107862e+00   6.33445118e-01   1.45782621e-02
    6.64367818e-01   1.08739517e+00  -1.42201168e+00  -1.37788539e+00
   -7.74582340e-03   2.90645262e-01  -6.56036409e-02  -4.95133576e-02
   -8.86298512e-02 
   -1.13826227e-02  -1.68250223e+00  -1.29698855e-01   1.69855070e+00
   -1.56381412e+00   6.96839972e-01   5.77013752e-02  -1.84896051e-01
   -1.40887861e+00   3.10129633e-01   1.16938010e-01  -4.73074221e-01
    9.95165943e-02   1.14055092e+00  -5.21172249e-01   2.15796588e-01
    5.16685399e-01 
    9.43986688e-01  -7.33178176e-01   3.57149079e-04  -9.76570593e-02
   -1.50303718e-01   4.67080826e-01   1.86270063e+00  -1.91422348e+00
   -1.08342787e+00   4.37748457e-02  -1.81183932e-01  -6.57780053e-01
    1.15238357e+00  -1.06437097e+00   1.85502893e-01  -1.68818948e-01
    3.28449260e-01 
    8.04264030e-01   4.31304135e-01  -1.83635559e+00  -2.39154789e+00
   -1.88600827e-01   2.09705838e-01   5.30343434e-01   9.54184972e-01
    5.16185288e-01  -5.04141531e-01  -7.36364701e-01   2.29530585e-01
   -1.45872271e-01   1.39771867e+00  -4.30658563e-01   2.71068882e-01
   -1.32013125e-01 
   -8.20649849e-01   3.13470713e-02   9.76224049e-02  -1.56104473e-01
    9.31709994e-01  -5.71125068e-01  -2.00451123e-01  -9.41721064e-02
    1.02496829e+00  -3.64136984e-01   4.56664944e-01  -1.64265742e-01
    2.79336240e-01  -2.34011118e-01  -9.75240070e-02  -1.65361749e-02
   -3.87695160e-01 
    2.51905668e-01  -1.37451674e+00   7.94809547e-01  -9.48383084e-01
   -1.76210440e+00   5.88211239e-01   5.99755472e-01   1.09770263e+00
    5.24410132e-01   1.09245169e+00  -1.01576595e+00  -4.10554114e-01
    7.80225203e-02  -5.96855684e-01   3.21958645e-01   1.57397662e-02
    6.86488776e-02 
   -8.58625361e-01   3.22191471e-01  -8.62973671e-01   1.27976778e+00
   -1.04118637e-01   1.52661206e+00  -4.63995836e-01  -6.71803539e-01
   -1.98581309e-01  -1.18653470e+00  -7.01736820e-01   3.34764303e-01
    7.28214488e-01   4.09270142e-01   6.46280538e-02  -5.41553380e-02
    3.39257824e-01 
    4.84497680e-01   1.59442969e+00   7.26171292e-01   2.91967652e-01
   -1.09862462e+00  -2.37177136e+00   7.61295675e-01   1.93448990e+00
    6.94614355e-01  -6.02827064e-01   3.09452362e-01  -4.85964763e-01
   -7.08895533e-01  -2.04894902e-01   2.55370287e-01  -3.77814854e-01
   -2.46873864e-01 
   -1.91228922e+00   2.00461312e-01   8.99344471e-01  -5.39070603e-01
    8.74791819e-01  -4.49878736e-01  -1.27231787e-01  -4.02903758e-01
    1.02215934e+00  -9.86841336e-01   4.48772700e-01  -1.31474042e+00
    1.55141318e-01   4.96129485e-01  -2.81152373e-01   1.34917871e-01
    5.81533030e-01 
   -6.80011561e-01  -1.03793763e-01   5.28181692e-01  -8.39624586e-01
    1.53279706e+00  -9.63324581e-01   1.92065306e-02   1.37548853e+00
   -1.25826529e+00  -6.57784395e-01   7.75209309e-01   4.01272081e-01
    4.75619664e-01  -2.94603312e-01  -2.64838380e-01  -9.76704028e-03
   -3.23009341e-01 
   -1.15226980e+00  -1.65087712e-01  -7.75586608e-01   1.54475070e+00
   -8.32351874e-01   2.68875422e-01   2.96414039e-01  -6.78411356e-01
    1.46293274e+00   1.25156537e+00   9.01778764e-01  -1.05419700e+00
    2.43782340e-02  -6.63901054e-01   3.10606635e-01  -4.93512158e-01
   -3.93025381e-01 
    1.58001498e+00   1.13864582e+00  -1.09259488e+00  -3.34784968e-01
   -1.25422688e+00  -4.14970100e-02   8.99288403e-01   2.60258423e-01
    5.19220613e-01  -1.73556831e+00   1.27293362e+00  -4.53664468e-01
   -1.03114370e-01  -1.72840477e-01  -1.27387909e-01  -3.09654185e-01
   -2.40430658e-01 
    8.02138640e-01  -1.33454344e-01  -1.20481414e+00  -4.12701957e-01
   -1.02784339e+00  -4.17460300e-01   1.32526885e+00  -1.76949955e+00
    6.22540336e-02  -1.60699259e-01   9.30419158e-01   1.02791094e+00
    1.93045812e-01   7.29062611e-01   3.13196139e-01  -2.53818516e-01
   -4.53523999e-01 
   -4.89253586e-01  -7.72929290e-01   1.49329863e+00  -3.05727363e-01
    9.48920385e-01   9.94779420e-01  -9.50631606e-01  -7.11386120e-01
    6.81893283e-02  -5.79378216e-01  -1.62656186e+00   6.67464325e-01
    9.21024183e-01  -4.45904831e-01   1.93358463e-01   8.84402021e-01
   -1.20546589e-01 
   -2.55715087e-01   1.80265376e+00   1.04137705e+00   4.22283159e-03
    1.07751401e-01   1.31958159e+00  -7.87455596e-01  -5.96142426e-01
   -8.43736038e-01   1.16733774e-01  -5.06926847e-01  -3.96223999e-01
   -5.96392781e-01   4.60420613e-01  -1.09355529e-01   1.61369437e-01
   -2.84474148e-01 
    3.43365521e-01  -1.21750931e+00  -5.38156798e-01   1.39035973e-01
    6.95373389e-01   2.05064717e+00  -1.79446687e-01   7.24831801e-01
    5.18450077e-01  -1.02296002e+00   5.77295841e-01  -4.72474606e-01
   -7.68116342e-01   1.82444821e-01   4.65839796e-01  -6.74983142e-01
   -4.78894802e-02 
   -7.16181768e-02   1.02800579e+00   5.27196094e-01  -4.87988688e-01
    3.29100482e-01  -8.76950592e-01  -1.82227826e+00  -1.43251518e+00
    2.56724167e-01  -1.73496538e-01   1.49690654e-01   2.34109581e-01
    6.20437802e-01   3.74253964e-01  -1.66796559e-01   3.62269347e-01
    4.04932593e-01 
   -1.20953406e+00   1.38496560e-01   2.13087252e+00   1.09928109e+00
    3.92920541e-01   5.39475643e-01  -4.51314851e-01  -6.80360876e-01
   -5.35454314e-01   3.93560027e-01  -8.59916494e-01  -5.45709460e-01
   -7.75078409e-01   4.65374080e-01   1.45560662e-01   1.90368919e-01
    1.72797239e-01 
    1.17782226e+00   9.83166377e-01  -6.68567960e-01  -2.96246581e-01
   -4.77671337e-01   5.15893037e-02  -7.52415762e-01   6.60748170e-02
    9.45508157e-01   7.50898724e-01  -1.37154607e+00  -9.27979432e-01
    5.24834324e-02  -6.19310178e-01   6.78983128e-01  -7.95013051e-02
   -3.11358814e-01      2.30807242e+00  -2.57025048e-01  -1.08838602e-01  -1.89257127e+00
   -1.57491959e-01   2.06505154e-01  -3.16448706e-01  -5.50262833e-01
    1.47373314e-01   1.29473033e+00   7.28731163e-02  -1.85790899e+00
   -6.89758854e-01   2.08297666e-01   1.53853717e-01  -1.21769605e+00
   -5.73139566e-01   3.89604179e-01  -3.04805553e-01   8.62172117e-01
   -7.12846071e-01   2.35852475e+00   3.76565990e-01   1.34022455e+00
   -2.17253475e+00  -7.14197134e-01   4.82556382e-01  -3.18121999e-02
   -3.23151579e-01   3.60775378e-02   1.04412800e+00  -1.33853244e+00
   -2.15561126e-01 
    4.76348774e-01   7.17567272e-02  -2.52953986e-01   7.02498152e-01
    8.21337508e-01  -2.45935638e-01  -1.27481804e+00   7.81177931e-01
   -1.59771353e+00  -9.80755790e-01  -1.13326664e+00   6.67680972e-01
    1.74765486e+00   4.67193303e-01   1.80062403e+00   6.48778076e-01
   -6.24631176e-01  -5.93254688e-01   1.76322395e+00  -8.52417040e-01
   -1.77981829e+00   1.47547433e-02  -1.22567253e-01   6.51658862e-01
   -1.71437938e+00  -3.62656319e-02   9.83861522e-01  -2.34131212e+00
    1.38360937e+00  -1.13557517e+00  -1.69423785e-01  -1.07757298e+00
    8.31469205e-02 
    7.75262584e-01   4.16330211e-01   1.81571794e+00   2.68902667e-01
   -1.48526502e+00  -3.43154423e-01  -1.13836686e+00  -9.67066077e-01
    1.08388437e+00   1.05617682e+00  -5.34323953e-02  -6.49760044e-01
   -8.99447205e-01   8.14606446e-01   1.49826460e-01  -5.47454793e-01
    2.16623840e+00  -4.87320447e-01  -8.41745522e-01   7.41017939e-01
   -9.99438340e-01  -1.03271659e+00  -5.16899750e-01   1.04826713e+00
    1.07101307e+00   1.55387962e+00  -1.71394543e+00  -1.17483399e+00
    9.99667398e-01  -6.31508188e-01  -2.50090553e+00   7.74902205e-01
   -4.41030435e-01 
   -4.15176213e-01   8.21069172e-01  -9.67055196e-01  -8.22122678e-01
    5.46394342e-01   6.49874441e-01   9.33728202e-01   1.23442679e-01
    2.20436794e-01  -9.06990558e-01   1.54639171e+00  -1.90746792e+00
    9.74201726e-01  -3.75927697e-01  -2.20899669e+00  -6.57001940e-03
    2.71323891e+00  -4.09371618e-01   1.30939205e+00  -1.52431037e+00
   -1.01174859e+00   8.58580384e-01   8.49765577e-01  -1.87831406e+00
    2.58481584e-02   4.32883268e-01   4.03675003e-01  -1.56304870e-01
   -4.52382661e-01   4.75959341e-01  -1.51847401e+00  -6.74119022e-02
   -8.96858373e-02 
   -5.14579922e-01  -6.87549414e-01  -1.32256585e+00   1.11117980e-01
    1.25566188e-01   3.18330299e-03   4.67293768e-01  -5.35517173e-01
   -3.57599800e-01  -1.86167267e+00   1.10741991e+00  -4.80488648e-01
   -3.08369202e-01  -1.92782892e+00   1.82340914e+00  -4.10684191e-01
    3.43641895e-01  -1.24714798e+00   2.22944088e+00  -7.75357435e-02
    1.64441362e+00  -7.84415609e-01  -2.07369401e+00   1.44077209e+00
    1.18195669e+00   1.25907932e+00  -1.21930274e+00  -3.96388322e-01
   -1.11027144e+00  -5.85478124e-01  -4.82704563e-01   3.39495984e-01
    3.21754236e-02 
    2.52018971e-01   1.43894158e-01   7.46096754e-01   7.98158865e-01
    6.74032216e-01  -2.21088665e-01  -1.33723038e-01  -2.34862944e+00
    6.21860951e-01  -2.94322852e-03  -5.43037392e-02  -2.71292888e-01
   -1.71826240e-01   1.55143226e+00  -1.03098924e+00  -7.63381346e-01
   -5.94045611e-01   9.52347510e-02  -6.21506517e-01  -1.95154717e+00
    3.16145087e+00   5.05138690e-01   9.63325585e-01  -2.33492835e-01
   -3.31697328e-01  -6.26480449e-02  -1.15914097e+00  -1.26692193e+00
   -2.33325856e+00   9.87152864e-01  -6.82716954e-01  -2.30689607e-01
    1.25586245e-01 
    3.28982232e-01  -1.77995992e-01   9.21248789e-01  -1.15530572e+00
   -4.95802622e-01  -5.82468233e-01   1.12045113e+00   6.74280102e-01
   -2.58529505e-01  -2.10395382e+00  -2.12361983e-01   1.19640339e+00
    2.68139513e+00  -8.26715292e-01  -1.71297696e-01  -2.84145711e+00
   -5.10868762e-01  -1.75766620e-01  -5.55999382e-01   5.38517260e-01
   -8.25367717e-01   8.24933076e-02  -3.81339177e-01  -3.90083601e-01
   -1.38718402e+00  -1.45852094e+00   7.67346933e-01   6.20482975e-01
   -2.60525390e-01   1.95437076e+00  -8.63854401e-03   5.75709026e-01
   -1.43202314e-01 
   -1.11830085e-01  -3.49996044e-01   1.60388784e+00  -4.49781530e-01
    6.27434208e-01   1.03904091e-01  -6.11913222e-01   3.28116399e-01
    3.24504362e-01  -7.85008015e-02  -2.88928442e+00  -2.54276873e-01
   -4.60440257e-01  -2.80320376e-01  -4.18132477e-01   1.98866744e+00
   -1.44412274e+00  -6.30509683e-01  -1.33945542e+00   2.48700414e-01
   -2.25865739e+00   1.42961337e-01  -1.99989519e+00   3.46162514e-01
   -3.06756808e-01   1.68300507e+00   6.75984826e-01   6.30226058e-01
   -1.31394159e+00   1.64996561e+00   3.48021216e-01  -1.91467931e-01
   -1.54104164e-01 
   -1.02024222e+00   1.34840240e+00   7.27296138e-01   6.87723764e-01
   -1.39225380e+00   4.14287180e-02   7.51522819e-01  -1.79231522e+00
    1.14349664e+00   7.28199158e-02   1.83955196e-01  -9.91284745e-01
    6.12100687e-01  -9.36976610e-01   1.59948643e+00   1.43595881e+00
   -8.34081626e-01  -1.16206784e+00  -3.55027444e-01   4.81745677e-01
   -9.11458970e-01  -1.07578196e+00   1.44827213e+00  -1.52957248e+00
   -5.88918247e-01  -3.88997082e-01   8.12724147e-02   5.46184324e-01
   -5.90996295e-01  -1.92327986e-01   7.18327636e-01  -1.19018007e+00
   -3.54699236e-01 
    6.43641086e-01  -1.99269527e-01  -2.61487938e-01  -7.83703286e-01
   -1.36842917e-01  -7.51099979e-02  -4.18146595e-01  -1.71621442e+00
   -1.39638287e+00  -1.32347283e+00  -1.26742798e+00   5.98703087e-01
   -1.10310591e+00  -1.24496044e+00  -6.15544743e-03  -1.40367214e-01
    6.33768685e-01   9.22289819e-02  -1.44668984e+00   1.32865641e+00
    8.31243262e-01   9.40181059e-01   8.92244363e-01  -1.84231325e+00
    1.88478608e+00  -8.73087975e-03   8.27996031e-01  -1.84499853e-01
    1.43200889e+00   1.30381467e-01  -3.10720510e-02  -1.05686691e+00
    1.56453229e-01 
   -7.14177957e-01  -1.22368038e+00   2.73972732e-01   4.29162958e-01
   -5.56660331e-01   5.17840906e-01  -5.64966441e-01  -1.71742044e+00
   -6.20616292e-01  -1.14929855e-01   7.78828826e-01   6.57026451e-01
   -2.02520032e+00   1.44598670e+00  -1.67437387e-01   1.79294417e-01
    7.46257529e-01  -7.13050063e-01   4.15028181e-01   1.27092353e+00
   -4.00612170e-01  -5.81114781e-01  -7.90555148e-01  -1.76135417e+00
   -1.31925733e+00  -1.31848393e+00   2.07747449e+00   6.08774160e-01
   -5.18795493e-01  -3.87844083e-01   8.10828496e-01   1.56698611e+00
    3.81749591e-02 
   -1.22878672e+00   2.48724728e+00  -6.16601302e-01  -1.84492622e+00
   -1.33721494e+00  -3.76440129e-01  -6.28768488e-01   4.30649531e-01
    8.39512888e-01  -1.54671562e+00  -1.74105309e+00  -6.99678170e-02
   -7.09070929e-01   1.24152532e+00   3.87345425e-01   1.07955370e+00
   -4.85240874e-01  -4.37938182e-01  -3.85751903e-02  -3.46360141e-01
    5.87346176e-01   1.40617050e+00  -1.83119093e-01   4.22577581e-01
    8.24136972e-01  -1.65464737e+00  -6.55190589e-01   1.26805932e-01
    5.11443446e-01  -4.42828354e-01   6.83712964e-01   8.06452458e-01
   -1.38275058e-01 
   -4.50789781e-01  -2.51621095e-01  -1.69968726e+00  -1.11543364e+00
   -1.38071159e+00   4.15331857e-01   4.41608389e-01  -1.30287544e-01
    1.21544656e-01   1.46531789e+00   5.88406571e-02   1.15685576e+00
   -8.41029243e-01  -9.86215714e-03  -8.05812379e-03  -8.62121295e-01
   -2.55200760e-01  -7.72486987e-01   4.75654911e-02  -5.61651796e-01
    5.01114134e-01  -5.05496194e-01  -3.02706943e-01  -5.08265571e-01
   -1.49898590e-01  -7.05699832e-01  -8.00304995e-01   2.88702670e-01
    8.29541602e-01  -7.93173562e-01   1.16311113e+00  -2.90365992e-01
   -7.64769233e-02 
   -2.67181765e-01  -5.58496588e-01   4.01529888e-01   1.02288124e+00
   -1.33722415e+00   6.17589421e-01  -2.70072631e-01   3.87220108e-01
    4.20508484e-01  -4.63517866e-01  -9.61641624e-01   2.67396597e-01
   -1.32248733e+00  -1.83029205e-01  -1.54301139e+00   1.10484586e+00
   -1.67580366e+00  -1.16869798e-02   4.15324183e-01  -3.49680061e-01
    4.71680468e-01  -4.98787598e-01   6.35611760e-01   4.38148840e-04
    2.71165467e-01  -1.42995731e+00   6.83672360e-01  -8.12811055e-01
    3.47078090e-01  -5.15953736e-01  -3.32636700e-01   3.65448819e-01
   -2.35065330e-01 
   -5.36443911e-01   4.90401033e-01  -2.01070200e-01  -6.36821119e-01
   -8.25967105e-01  -2.42562511e-01   1.38768175e-02   2.86980855e-01
   -2.27805990e-01   1.48255089e-01  -7.82365289e-01  -5.13992981e-01
   -1.33866095e-01   5.04812695e-02   2.71929362e-01  -4.91627419e-01
   -5.76049283e-03  -9.09180049e-02  -5.39408401e-01   3.76500944e-01
   -1.54262453e-01   3.76776321e-01  -4.38819578e-01   1.19935079e-01
    1.00819153e-01  -7.32829716e-01  -2.05143447e-01  -2.00993668e-01
   -1.55207270e-01  -1.37249822e-01  -7.76056954e-01  -7.44093059e-01
   -8.07292159e-01 
   -1.31210574e-01  -4.29802864e-01  -5.21959841e-01  -1.17425624e-01
   -2.66102822e-03   2.30067352e-01  -3.06209163e-01  -2.71904237e-01
    2.48487719e-01   1.02220907e-02  -7.49276670e-01   2.08371412e-01
   -4.13264933e-01   1.16203728e-01  -3.71234685e-02  -9.63643696e-02
   -3.10663086e-01  -6.10560915e-01  -4.32026282e-01   2.89156937e-01
   -5.63296232e-01   8.72700929e-02  -4.96138119e-01  -6.29659080e-01
   -2.04767056e-01  -6.73992801e-01  -9.10187986e-01  -7.06498873e-01
    2.14536654e-01  -7.34569354e-02  -8.09022349e-01  -2.69314466e-01
   -1.30804543e-01  