NN 16 32 16   -3.67771747e+00  -1.16659741e+00   1.18482967e-02   5.20326391e-01
    2.43076671e+00  -1.00024634e+00  -1.92285918e+00  -2.17896471e+00
    3.25323297e+00  -1.22456085e+00  -2.21345807e-01   1.60709893e-01
    8.36547012e-01  -2.80644347e-01   2.12494308e-01  -5.90238481e-01
   -9.09152983e-01 
    6.45319961e-01  -5.94818739e-01  -4.76758057e-01  -2.29619508e-01
    1.10258165e+00  -4.19142777e-01   1.95447768e-01   5.31796107e-01
   -2.73778586e+00   6.16437924e-01   2.17064968e+00  -3.68722709e+00
    7.59882041e-01   7.35623277e-01  -2.08795682e+00   1.31020090e+00
    5.92613104e-01 
   -8.03493161e-01   7.83267996e-02  -2.52839123e+00   8.43887334e-01
    2.53482467e+00  -1.91197617e+00  -5.50971615e-01  -7.55145591e-01
   -9.42465314e-01   5.92024290e-01  -3.08285083e-01   3.61984450e-01
    1.56009620e+00  -6.87614626e-01  -1.76822752e-01   2.07874049e+00
    2.15350191e-01 
    1.64442311e+00  -6.66402523e-01  -1.30519815e+00   1.08531273e+00
    7.43502392e-02  -1.08571197e+00   7.93276345e-01  -3.10102866e-01
   -1.48300908e+00   8.59277380e-01  -1.56720619e+00   1.81102752e+00
    1.82163634e+00  -1.51469323e+00   1.27671689e+00  -1.80272618e+00
   -1.25842061e-01 
   -2.57777252e-01  -1.50272772e+00   1.53464801e+00  -1.08307600e+00
   -1.26829048e-01  -5.77657348e-01  -9.23199995e-03  -2.04552619e+00
    1.14921199e+00  -5.37619202e-01  -7.91312703e-03   1.99831755e+00
    1.53586251e+00   2.16142745e+00  -1.59627480e-01  -1.50006042e+00
   -7.31000777e-01 
   -3.89769236e-01   1.26932486e+00   1.85448244e+00  -1.29625169e+00
    7.66746748e-01   1.23522897e+00   1.99918195e+00  -4.52298204e-01
    1.97700269e-02  -2.19678578e-01  -1.90791338e+00   4.19035918e-01
   -8.12242772e-01  -1.41995003e+00  -4.46973302e-01  -7.05741390e-02
    5.80472282e-02 
    7.47649548e-01   1.55479411e+00   1.53978314e+00  -1.86687395e+00
   -9.09273097e-02   2.79660849e-02  -1.88362867e+00   1.27655410e+00
   -5.85737657e-01   5.06618099e-01   8.61659860e-01   2.61669694e-01
   -1.75157429e-01  -4.64265472e-01  -1.46077402e+00   7.62507581e-01
   -7.33828788e-01 
    7.23811390e-01  -1.32737681e+00   1.07805679e+00  -3.57739084e-01
    7.62710503e-01   4.11228766e+00  -2.08740326e+00  -6.98610215e-02
    2.35078780e+00   2.34383970e+00   4.06965043e-01  -4.12207851e-01
   -6.47755477e-01  -2.58655937e+00  -1.32696928e+00  -5.71042607e-02
   -6.27848467e-01 
    1.45076626e-01   2.68729446e+00  -8.19002190e-01  -1.02954296e+00
    6.74405011e-01  -1.39276269e+00  -1.05412644e+00  -1.92741038e-01
   -1.72749213e+00   2.31379586e+00   1.40975507e+00  -1.12561407e+00
    8.85144390e-01  -1.76015123e+00   1.40987402e+00  -1.59817331e+00
   -1.21547331e-01 
   -1.34610082e+00  -5.11015410e-02  -6.79884710e-01   1.16945008e+00
    1.74652940e+00  -1.03179239e+00   1.29107325e+00  -9.03189534e-01
   -1.06527990e+00   1.02179585e+00   6.16235719e-01   2.00866200e+00
   -2.71460709e+00   5.61624130e-01  -6.35338943e-01  -1.29277604e+00
    3.52670014e-01 
   -4.98503157e-01   4.72122601e-01  -4.17213107e-02  -2.85383306e+00
   -2.12058602e+00  -1.52455630e+00   2.48459160e-02   4.13033772e+00
   -1.13158299e+00   5.25024039e-01  -5.17052825e-01   2.95823464e+00
   -1.01426023e+00  -3.35927683e-01  -9.86327624e-02   3.06958581e-02
   -6.13305752e-01 
    2.92529712e+00  -8.79439043e-01   2.98049681e-01   1.95572757e+00
    1.51811722e+00  -5.89003523e-01  -1.39235823e+00   6.03365294e-01
    2.46321084e-01  -1.13704303e+00   3.27214250e-01  -3.93889037e-01
   -2.97242519e+00   3.77201745e-01   1.01671544e+00  -9.26913361e-01
   -2.03925173e-01 
   -2.50966389e-01  -2.13618350e+00   1.34232400e+00   2.28812655e-01
   -5.79201255e-02   3.36423238e-01  -3.47778473e+00  -4.24825227e-04
   -1.75543504e+00   1.09094050e+00   2.92314335e+00   3.49470107e-02
   -3.90831991e-01   1.29250123e+00  -5.70856507e-01  -6.69502165e-01
   -1.24661574e+00 
   -5.57053221e-01   2.88745873e-01  -5.27155755e-01   3.65657197e-02
    2.10076233e+00  -1.96539937e+00   9.05196409e-01   9.01299741e-01
    1.01434152e+00   1.50576043e+00  -2.30428177e+00  -1.85828563e+00
   -1.07321843e+00   3.54658014e-01  -4.68015238e-01  -1.42752420e-01
   -1.75938403e-01 
    1.66577602e+00  -1.86173449e+00   5.94676362e-01   2.87023625e+00
   -2.08814015e+00   6.77111032e-01   4.57633127e-01  -9.10220872e-01
   -1.54564068e+00  -8.95260597e-02  -3.91478405e-01  -1.76444132e-01
    8.36403280e-01   2.43845191e+00  -2.07033240e+00  -8.82582840e-02
    6.50685814e-01 
    1.47930594e+00  -1.13949164e+00  -1.85606917e-01  -1.59451724e-03
   -2.74156643e-01  -3.39439919e-01   3.09877281e+00  -2.93661760e+00
   -1.28057039e+00  -9.55995135e-01  -4.77657180e-01  -8.89973122e-01
    1.17442272e+00  -1.94548674e+00   8.31259704e-01   4.93483758e-01
    4.65944616e-01 
    1.46053039e+00   6.86764261e-01  -3.04645390e+00  -4.16399800e+00
    9.15880500e-01   2.33070367e-01   7.28918399e-01   1.51698804e+00
    8.70867924e-01   1.98025974e-01  -9.27304206e-01  -1.16627876e+00
   -3.31684761e-01   1.72259186e+00  -5.51782985e-01   1.11027535e+00
    2.39601484e-01 
   -1.45181338e+00   4.43051031e-01  -2.50775301e-01   3.02888710e-01
    6.73975769e-01  -1.57988190e+00   7.83167761e-02   3.49777028e-01
    1.44032087e+00  -9.24320423e-01   1.17303049e+00   1.76288896e-01
    8.42586958e-01  -1.02704913e+00  -6.65220476e-01   1.18600478e+00
   -6.58372955e-01 
   -5.72014371e-02  -2.34016452e+00   2.12663976e+00  -3.08777396e-02
   -2.38263154e+00   4.10940400e-01  -2.70559493e-01   1.55453521e+00
    2.10613181e-01   1.69991332e+00  -1.62364325e+00  -5.49239903e-01
    5.90162792e-01  -1.06031015e+00   6.50989120e-01   6.68861025e-01
    1.56210426e-01 
   -1.38692689e+00   4.40226419e-01  -7.96836785e-01   2.13844013e+00
   -8.00385527e-01   1.75798703e+00   9.71218688e-01  -1.56861529e+00
   -2.94027172e-01  -1.90716937e+00  -7.10763176e-01   5.30234804e-01
    1.74228674e+00   4.29540986e-04  -3.20220986e-01  -2.31059812e+00
    2.83208821e-01 
   -1.83672840e-01   2.62855526e+00   1.03342688e+00  -3.26648395e-01
   -2.86999701e-01  -4.58437839e+00   1.17186991e+00   3.47966434e+00
    1.31052320e+00  -2.34504047e+00   8.59356361e-01  -2.81890127e-01
   -4.55873738e-01  -7.16967338e-01   7.57178692e-01  -2.73402971e-01
   -2.50392693e-01 
   -2.63796643e+00   8.67231812e-01   1.92770799e+00  -1.07262746e-01
    1.57772643e+00  -8.74788686e-01  -1.25805180e+00  -4.07603733e-01
    2.34270162e+00  -1.21260455e+00   3.26589304e-01  -1.91660858e+00
    4.63770945e-01   4.17448721e-01  -1.20860769e+00  -4.92159593e-01
    5.78283934e-01 
   -2.79490544e-01  -6.86217450e-01   4.98600394e-01  -7.76528551e-01
    2.26847827e+00  -1.25169572e+00   1.77146219e-01   2.44358908e+00
   -2.61389156e+00  -7.16354534e-01   1.29697692e+00   7.79102524e-01
    4.70935348e-01  -7.89242486e-01  -4.59380547e-01  -1.08195904e+00
   -3.52276364e-01 
   -2.11062371e+00   3.55934530e-01  -1.38117238e+00   2.07649065e+00
   -9.10464820e-01   1.11137083e+00   8.04687201e-01  -6.23352784e-01
    1.00358637e+00   1.47412275e+00   1.68349919e+00  -1.72041796e+00
    8.56777289e-01  -1.24529781e+00   6.46314655e-01  -2.35756675e-01
   -5.68858906e-01 
    1.93332281e+00   1.67580901e+00  -1.91781180e+00  -1.06895051e+00
   -3.61976435e+00  -1.22193872e+00   1.01115597e+00   5.42915640e-01
    1.38951480e+00  -2.47214678e+00   1.94763434e+00  -2.96160789e-02
    7.16280556e-01  -2.87241926e-01  -6.83409541e-01   2.09686159e-01
   -6.67322306e-02 
    1.67695606e+00   3.71861596e-01  -1.82910930e+00  -1.64223671e-01
   -9.92593545e-01  -4.56626080e-01   2.76077586e+00  -3.00318368e+00
   -8.12599886e-02  -2.22381573e-01   1.83737204e-01   1.06885087e+00
   -1.78977226e-01   1.40071012e+00   8.44398968e-01   1.16024330e+00
   -4.92863614e-01 
   -5.45424519e-01  -5.45491346e-01   1.97420262e+00  -2.40164137e-01
    1.54839778e+00   1.94509389e+00  -3.28141682e+00   3.70058276e-01
    3.41456238e-01  -7.85924642e-01  -3.22234813e+00   1.62066574e-01
    1.95052294e+00  -1.40207627e+00  -5.55665900e-02   3.11537789e+00
   -2.45784372e-01 
   -7.37692923e-01   2.67657255e+00   1.23870351e+00   1.32474631e-01
   -1.35065875e+00   2.02258446e+00  -5.41911581e-01  -1.10513421e-01
   -8.76327591e-01  -2.20892550e+00  -1.64914247e-01  -1.34992578e-01
   -8.95219089e-01   5.98181143e-01  -7.51947042e-02   7.84044752e-01
   -5.24153424e-01 
   -2.65416412e-01  -1.07720795e+00  -1.29683360e+00   1.06376246e-01
    8.27483817e-03   2.68864296e+00  -9.05755458e-01   8.49503235e-01
    3.77844335e-01  -2.57345787e+00   1.11608350e+00  -3.25771077e-01
   -1.47014272e+00  -5.98265656e-02   3.04692878e+00  -1.54989480e+00
    5.92287247e-01 
   -2.54001445e-01   2.29437655e+00   2.69641061e-01  -7.92852049e-01
    8.68095129e-01  -1.62697859e+00  -2.45816929e+00  -1.26228249e+00
   -5.30225084e-01  -8.53015178e-01  -1.12410882e-01   1.00098197e+00
    7.93806549e-01   4.67868526e-01   1.69316373e-01   1.02713092e+00
   -5.40404046e-02 
   -9.66974188e-01   2.00647390e-01   2.89199985e+00   1.57016716e+00
    1.04304723e+00   3.21271467e-01  -1.90038965e+00  -1.23227159e+00
   -7.77072723e-01   7.94084019e-01  -1.94049622e+00  -1.49292021e+00
   -1.68976113e+00   1.56956612e+00   1.68998690e+00   1.17452583e+00
    2.82845392e-01 
    1.45053065e+00   9.22283311e-01  -1.02006180e+00  -2.60446003e-01
   -8.98202909e-01  -2.57404774e-01  -5.54478058e-01  -4.59802622e-01
    1.84323882e+00   1.57207767e+00  -2.29625201e+00  -1.98371779e+00
   -5.04261566e-01  -1.66594863e+00   2.45951352e+00   8.13846967e-01
   -5.21967412e-01      3.46838928e+00  -9.05181464e-01   2.43554958e-01  -2.02126125e+00
   -8.19216254e-01   1.40130945e+00  -6.68671813e-01  -1.13362821e+00
    6.57338314e-01   8.15119674e-01   9.55675317e-02  -3.14831774e+00
   -8.47417962e-01   4.50429831e-01   9.46286927e-01  -1.55285529e+00
   -8.33547386e-02   1.50660268e-01   2.19500572e-01   1.21938704e-01
   -2.67345347e-01   1.95484542e+00   5.56022094e-01   2.17557193e+00
   -1.52125745e+00  -7.96920278e-01   3.16687985e-01  -1.55061969e-01
   -1.96622509e-01  -3.72947354e-01   2.32192010e-01  -1.36565948e+00
   -1.22448073e-01 
    6.30102016e-01   4.40955270e-01  -2.76939633e-01  -9.25219564e-02
    9.37323620e-01  -1.99536286e-01  -1.46963102e+00   9.20548549e-01
   -2.16732263e+00  -2.35933064e-01  -1.00049579e+00  -3.72465575e-02
    1.12349233e+00  -1.66606695e-01   1.64807960e+00   1.00157016e-01
    1.36900700e-01  -9.80189648e-01   2.03388840e+00  -2.09506834e+00
   -1.55237029e+00   2.31555748e-01   3.51606828e-01   7.60395135e-02
   -1.40262153e+00   7.21312250e-01   7.86657739e-01  -4.25819390e+00
    1.35794554e+00  -1.77973687e+00   6.00460250e-02  -1.18451194e+00
    2.08166554e-01 
    6.86386876e-01  -9.48563514e-02   2.80217710e+00   1.10513890e+00
   -1.75906153e+00  -1.83387155e+00  -8.77394601e-01  -9.14643182e-01
    1.45352336e+00   1.07608313e+00   6.03510267e-01   5.70537112e-01
   -2.10877587e+00   2.38822369e-02  -4.28112054e-01  -1.29093182e+00
    2.35446509e+00   3.09429853e-02  -1.34950734e+00   1.22854411e+00
   -1.25477602e+00  -2.51720538e+00  -1.13426576e+00   1.26225173e+00
    1.28360896e+00   8.67499348e-01  -2.27919417e+00  -5.80526595e-01
    2.13644449e+00  -1.02149522e-01  -2.24870673e+00   9.98493037e-01
   -2.83565315e-01 
   -1.46096704e+00   3.42973830e-01  -1.45616535e+00  -1.06949437e+00
    1.79104981e+00   1.28416355e+00   1.32210694e+00   2.79067129e-01
    5.70452642e-01  -9.25165068e-01   2.72889168e+00  -2.05749377e+00
    4.95596830e-01  -9.13335192e-01  -3.23858184e+00   5.06224869e-02
    3.75912836e+00  -1.57282560e-01   1.27206842e-01  -2.21713372e+00
   -1.01060948e+00   6.74060986e-01   7.90377121e-01  -2.85123199e+00
    5.74436394e-01   5.64108253e-01  -5.50043129e-02   1.79606395e-01
   -3.11504062e-01   2.85007207e-01  -1.71402967e+00  -5.86778995e-01
   -1.50323171e-01 
   -1.87552977e+00  -1.25661091e+00  -2.24366695e+00  -6.23944698e-01
    1.71648420e-01  -3.28027738e-01   5.60241209e-02  -1.13955189e+00
   -3.09367242e-01  -2.80357683e+00   1.46921305e+00  -6.18399603e-01
   -8.70672355e-02  -2.43741502e+00   2.73482031e+00  -1.72714566e+00
   -1.53396303e-01  -1.45162342e+00   2.46849457e+00  -2.07602287e-01
    1.22549017e+00  -1.26421452e+00  -3.22413897e+00   2.16410905e+00
    2.01323479e+00   1.29965603e+00  -1.50668111e+00  -1.31250279e-01
   -4.18610597e-01  -2.49129444e-01  -1.16740256e+00   1.64552308e+00
   -1.98342215e-01 
   -1.40300715e+00  -1.48737400e-01   6.52599226e-01   5.18217442e-01
    1.11328381e+00  -6.83581609e-01  -3.17975473e-01  -3.58415960e+00
    1.19103143e+00   1.20155662e-01  -4.00358926e-02   3.86828227e-01
   -9.35264005e-01   1.94327060e+00  -7.55222151e-01  -2.00433932e+00
   -1.40872857e+00   6.37424308e-01  -7.56109658e-02  -2.50308302e+00
    4.54779890e+00   4.45217105e-01   3.89312898e-02   3.44106209e-02
    3.56827975e-01   5.70082402e-01  -1.40445507e+00  -1.55714814e+00
   -3.70020933e+00   8.11586906e-01  -1.78409940e-01   4.04990839e-01
    7.26538266e-02 
    7.07445706e-01  -1.16021343e+00   1.49798859e-01  -8.97004056e-01
   -2.01605415e-01  -2.28960720e+00   1.08469369e+00   7.17669303e-01
    5.45370741e-01  -2.09781857e+00  -7.07775682e-01   2.60384042e+00
    2.99482452e+00  -1.61383159e+00  -1.09883564e+00  -3.89103030e+00
   -1.09031418e+00   8.17471210e-02  -2.15463484e-01  -5.03340080e-01
   -7.79585464e-01  -3.11986219e-01  -3.24589836e-01  -6.85476023e-01
   -1.49056499e+00  -1.81082290e+00   1.03736216e+00   1.76584753e-01
    3.03947317e-01   2.76240581e+00   7.97431257e-01   3.62327122e-01
   -4.14246037e-01 
    1.39600968e-01  -7.41584905e-01   2.09297655e+00  -5.89737514e-01
    1.65428371e+00  -1.04709710e-01  -8.92217759e-01  -1.49328711e-01
   -2.80332766e-01   4.76322294e-01  -4.25624144e+00   1.68559718e-01
    6.07552786e-02  -1.79194094e+00  -3.93631907e-01   2.26760083e+00
   -2.41434172e+00  -5.44346717e-01  -2.25972377e+00  -4.04154450e-01
   -2.42558634e+00  -2.26647713e-01  -2.85727086e+00   1.57621599e-01
   -5.46089926e-01   3.37433203e+00   4.84719408e-01   5.78207255e-01
   -1.54830652e+00   7.85070098e-01   1.17132405e+00  -1.64398122e-01
   -9.34497524e-01 
   -2.04486526e+00   2.37246389e+00   1.17325148e+00   1.39461696e+00
   -1.98429759e+00  -2.90743269e-01   1.19893499e+00  -2.35028443e+00
    2.21057018e+00   3.39487919e-01   6.37073271e-01  -1.51114504e+00
    1.12862869e+00  -1.60005843e+00   1.95045476e+00   1.32455833e+00
   -8.26878745e-01  -2.32493679e+00  -3.61422591e-01   5.78758475e-01
   -1.52016901e+00  -1.71267926e+00   2.09520783e+00  -1.35688539e+00
   -1.84214461e+00  -4.04778965e-01   3.49764629e-03   5.01508690e-01
   -1.36254388e+00  -1.06154500e-01   1.49229477e+00  -1.83828860e+00
   -5.47353828e-01 
    1.03046948e+00  -9.66105859e-01  -8.79624677e-01  -1.35758884e+00
   -1.23903614e-01   2.38268243e-01  -9.35547403e-01  -2.41112469e+00
   -2.45673230e+00  -2.67791080e+00  -1.86498900e+00   1.72176173e+00
   -2.48295059e+00  -1.40918664e+00   1.71900312e-01   1.96904553e-01
    5.07555388e-01  -7.80079674e-03  -2.12158278e+00   1.72427919e+00
    1.25347775e+00   1.24773322e+00   5.62591096e-01  -2.56540481e+00
    2.63982997e+00  -7.90683780e-01   2.04520412e+00   4.16682824e-01
    2.39013933e+00   3.54906098e-01   3.24302887e-02  -1.80284339e+00
   -3.48174208e-01 
   -1.47928476e-01  -2.76407669e+00   3.18245297e-01   8.16019229e-01
   -6.22306018e-01   1.22047978e+00  -1.13535565e+00  -2.21306023e+00
   -1.67638415e+00  -1.43520461e-01   1.11759053e+00   1.17736564e-01
   -2.65845132e+00   1.85475326e+00  -3.56390953e-01   2.40237123e-01
    5.10551108e-01  -1.26540114e+00   1.03782405e+00   1.59435089e+00
   -7.80140611e-01  -1.28876199e+00  -1.44169596e+00  -2.71470236e+00
   -1.65580252e+00  -1.59177919e+00   3.40818945e+00   1.02041718e+00
   -1.20253604e+00  -3.84283082e-01   1.52774720e+00   2.57396971e+00
   -4.87590561e-01 
   -1.27210962e+00   4.35566889e+00  -1.32312918e+00  -2.55487931e+00
   -2.04116910e+00  -1.20807804e+00  -1.09618972e+00  -2.11327217e-03
    1.04818748e+00  -2.30482244e+00  -2.62028696e+00   3.44051753e-01
   -6.60799723e-01   1.26494735e+00  -1.43450343e-01   1.63319870e+00
   -7.08587107e-01  -5.14488873e-01  -4.55664246e-02  -8.97176118e-01
    8.27037423e-01   1.84204682e+00  -5.63021332e-01   8.87039585e-01
    6.26680286e-01  -1.65876785e+00  -1.47359285e+00  -1.20298094e-02
    1.13184796e+00  -8.75074123e-01   1.59621477e+00   1.09123392e+00
   -5.94446866e-01 
   -4.35919134e-01  -9.55373532e-01  -2.54578013e+00  -2.05877245e+00
   -2.03932777e+00   9.23301125e-01  -3.35860363e-03  -1.74613093e-01
   -6.64074383e-01   3.38958303e+00   4.53320589e-02   2.15081680e+00
   -1.00540926e+00   2.78368449e-01  -4.74117735e-01  -1.30559481e+00
   -8.39944575e-02  -1.11977307e+00  -4.08832831e-01  -1.43580754e+00
    3.28594010e-01  -3.85975887e-01  -8.93464303e-01  -7.19441593e-01
   -4.20206245e-02  -1.88979682e-01  -1.81665310e+00   4.63004313e-01
    1.55301751e+00  -1.22043781e+00   1.97986457e+00  -4.48169225e-01
   -2.22233852e-01 
   -2.51670963e-01  -8.02363064e-01   5.62594447e-01   1.94228140e+00
   -2.24089404e+00   1.26555580e+00  -2.21594263e-01   1.03634601e+00
    9.42407351e-01  -7.13932135e-01  -8.94797344e-01   6.68386310e-02
   -1.67455889e+00  -7.11514448e-01  -2.57394763e+00   2.07572450e+00
   -2.95097648e+00   4.28481789e-01   1.03061461e+00  -8.28481600e-01
    7.97067242e-01  -5.87347672e-01   1.40582737e+00   3.74489817e-01
    2.97056589e-01  -2.02610313e+00   9.39228761e-01  -1.32213342e+00
    3.70934537e-02  -1.07826130e+00  -8.61780571e-01   7.12102244e-01
   -4.76129360e-01 
   -5.62710405e-01   2.11150142e+00   3.48931027e-01  -1.07310016e+00
   -9.33527514e-01  -1.78948699e-01   9.74412069e-01   1.52080345e+00
   -9.75545276e-01   2.56746742e-01  -9.40885454e-01  -6.57264560e-01
    2.37834340e-01   4.29668971e-01   1.91584542e+00  -1.12492912e+00
    5.04427984e-01   3.20684269e-01  -1.27629164e+00   4.46647792e-01
   -6.68352276e-01   1.02079848e+00  -2.99178338e-01  -2.72669733e-01
    9.61358694e-01  -1.21442706e+00  -3.91938737e-01  -3.47171923e-01
   -2.40032811e+00  -1.04212061e-01  -1.78464075e+00  -2.82644934e+00
   -8.53255299e-01 
   -2.08874652e-01  -1.72288144e+00  -2.30646618e+00   1.89340870e+00
    1.33497222e+00   8.95039695e-01  -4.71649466e-01  -5.14292757e-01
    1.92391502e+00   1.25247203e+00   1.52554685e-01   4.14151841e-01
   -1.61454373e-01   2.58350016e-01  -1.03729140e+00  -4.76075671e-01
   -2.30910238e-01  -1.79515612e+00  -9.26147892e-01   1.63642981e+00
   -4.94948845e-01   7.21329699e-01   3.44496677e-01  -1.49042816e+00
   -5.16432130e-01  -1.50227923e+00  -1.64587010e+00  -5.67289206e-01
    1.07848911e+00  -5.05228751e-01  -8.84259347e-01  -6.15740495e-01
   -2.03912174e-01  