NN 16 32 16  -3.61607504 -0.92643818 -0.04093772  0.61866427  2.37052963 -0.98745911
  -1.86397827 -2.04069012  2.99054693 -1.28783005 -0.20727149  0.3272545
   0.83907743 -0.2077843   0.2593794  -0.47664538 -0.81335299 
   0.63706375 -0.54341156 -0.43520016 -0.22315666  1.09141401 -0.45409248
   0.00727173  0.53715034 -2.50640575  0.68514142  2.12532661 -3.66869701
   0.70071848  0.66180996 -1.95507226  1.28023451  0.54726289 
  -0.79644101  0.0646906  -2.5084668   0.89591728  2.51479064 -1.8482966
  -0.41581963 -0.702397   -0.96110773  0.55870863 -0.02511631  0.27751615
   1.50783745 -0.74724362 -0.16078185  1.99373535  0.17976406 
   1.6980537  -0.83906534 -1.26991753  0.99111624  0.04579763 -1.13161775
   0.8694311  -0.30634671 -1.37411563  0.87114055 -1.42481941  1.67536226
   1.7416693  -1.56591409  1.15439109 -1.84394821 -0.21441855 
  -0.37777386 -1.46999755  1.54190385 -1.16549423 -0.28062119 -0.62563755
   0.06619366 -2.00905245  1.11851735 -0.51061109 -0.01518038  1.94880898
   1.56327871  2.08190586 -0.1305399  -1.47066648 -0.73685003 
  -0.45222945  1.22386539  1.64234352 -1.25364177  0.74481806  1.22184686
   1.94387432 -0.33595991 -0.09581608 -0.25488136 -1.97588198  0.43166258
  -0.83322762 -1.38322433 -0.40612724 -0.12784476  0.02881807 
   0.7622559   1.51800617  1.49866558 -1.82026078 -0.10185225  0.04240186
  -1.79789842  1.19123686 -0.62274197  0.44423098  0.67760072  0.26588627
  -0.19794129 -0.430245   -1.42655676  0.78072791 -0.70367031 
   0.73169959 -1.27708402  1.10817418 -0.42538752  0.63944867  4.00014821
  -2.07342463 -0.16088722  2.27603888  2.21307905  0.42491481 -0.5416423
  -0.6204348  -2.57160498 -1.29380711 -0.0941632  -0.66802274 
   0.16050193  2.59154276 -0.94677887 -0.88916773  0.76807884 -1.28290731
  -1.04558518 -0.18070514 -1.58179134  2.37223561  1.35986271 -1.24795449
   0.7425879  -1.71467569  1.27286465 -1.55275998 -0.16570673 
  -1.35304273 -0.03779366 -0.6039983   1.24481989  1.72966857 -0.81682736
   1.25273454 -0.8652031  -0.86442781  1.14111928  0.57066776  1.92136942
  -2.57849277  0.56435047 -0.45975036 -1.25216377  0.37339057 
  -0.46111622  0.35367483 -0.08923583 -2.78879616 -1.95867134 -1.52203262
   0.08926068  3.92098726 -1.15214391  0.61061811 -0.77654048  2.86216839
  -0.99820011 -0.3446514  -0.11728715 -0.04482496 -0.65836192 
   2.86870382 -0.78673991  0.2691289   1.92278388  1.52637192 -0.60015475
  -1.26278136  0.64829562  0.19469348 -1.13653248  0.3738411  -0.41858709
  -2.8220786   0.39311933  0.94214578 -0.86471623 -0.15614227 
  -0.28778498 -2.01071779  1.3330324   0.01919671 -0.04351881  0.16243358
  -3.40930619 -0.05859511 -1.88943601  0.95420476  2.78127984  0.16545802
  -0.45883715  1.13303542 -0.73009848 -0.76006928 -1.33445982 
  -0.37897818  0.27599732 -0.51605008  0.11468445  2.20900528 -1.90628486
   0.80621997  0.82155     1.06276659  1.59098486 -2.24236594 -1.75829078
  -0.90456848  0.3291065  -0.38746284 -0.12440472 -0.11852772 
   1.50016772 -1.84757394  0.52752653  2.79523005 -2.21983957  0.77686889
   0.37161449 -0.98183814 -1.58546539 -0.04226234 -0.26069182 -0.23446716
   0.72129951  2.33561786 -1.99431846 -0.10967204  0.59473852 
   1.34145685 -0.95338446 -0.15030052 -0.02982413 -0.19629486 -0.21273832
   3.16106823 -2.84047787 -1.33397439 -0.81649964 -0.36370869 -0.8603453
   1.34125829 -1.77692759  0.88700119  0.52740528  0.54218706 
   1.43710941  0.72321533 -3.0940371  -4.00885022  1.02013108 -0.06562968
   0.88855806  1.51684999  0.78566586  0.18086444 -0.86159066 -1.14879758
  -0.31053109  1.75184209 -0.52075255  1.05562752  0.2169444  
  -1.39723767  0.43020777 -0.18934179  0.21264752  0.74658977 -1.44962815
   0.1758095   0.18646931  1.53096557 -0.87356693  1.05277941  0.14033374
   0.9119715  -0.97849035 -0.60266926  1.19804592 -0.60339209 
  -0.20258981 -2.3466805   2.09652383 -0.05573948 -2.42004055  0.28621377
  -0.41281565  1.56450224  0.0784615   1.48677586 -1.68956267 -0.4886792
   0.53894406 -1.25907522  0.53221832  0.56354045  0.04865586 
  -1.37010005  0.62574746 -0.83923411  1.94681395 -0.73032482  1.81807652
   0.95835528 -1.63676226 -0.26473596 -1.71836687 -0.69596567  0.68029175
   1.76001868  0.20612456 -0.23431953 -2.15690388  0.35656516 
   0.00631019  2.57559244  1.06683301 -0.57873555 -0.30817684 -4.59342985
   1.25477305  3.32177209  1.42231294 -2.06053063  0.70589323 -0.25795055
  -0.51830961 -0.64179397  0.66878905 -0.25597328 -0.26005364 
  -2.60427846  1.02244532  1.85019603 -0.18115627  1.59789483 -0.83658209
  -1.08219571 -0.45001179  2.24661725 -1.27938807  0.27636065 -1.71083924
   0.5648345   0.54144895 -1.08055943 -0.38523369  0.66287169 
  -0.22684034 -0.62801305  0.57316312 -0.90011444  2.27882369 -1.30515586
   0.16023202  2.22664969 -2.52738101 -0.71105608  1.258484    0.77839888
   0.48856521 -0.71816298 -0.40302383 -0.99393977 -0.32310407 
  -1.95924876  0.27718571 -1.38240253  2.01456417 -1.01390276  0.97130971
   0.70201195 -0.59513852  1.08160354  1.54415029  1.6908503  -1.74070472
   0.73085708 -1.33166478  0.5457259  -0.21608819 -0.62038523 
   1.82085526  1.5638571  -2.10259596 -0.83743062 -3.45520563 -1.1953005
   0.86179793  0.70650865  1.29115467 -2.46142948  1.932243   -0.23371686
   0.5057747  -0.29420277 -0.7475888   0.12233899 -0.1484473  
   1.77614982  0.08132744 -1.73251208 -0.22567021 -1.05987326 -0.46943311
   2.74611529 -2.93056592 -0.08956781 -0.17628615  0.34787077  0.90542756
  -0.22530447  1.29007582  0.82513542  1.07296526 -0.56604459 
  -0.62375904 -0.5541987   2.02979549 -0.40739286  1.55442351  1.80854581
  -2.97856683  0.18660309  0.18078932 -0.88973533 -3.17554246  0.26717143
   1.83089562 -1.35124713 -0.04746742  2.92184266 -0.25812441 
  -0.77226851  2.66976375  1.29291632 -0.07052101 -1.2579208   2.0674442
  -0.42483307 -0.11085273 -0.98660441 -2.08027855 -0.29211837 -0.10792802
  -0.90547546  0.61152763 -0.06018749  0.74465433 -0.49673614 
  -0.37147997 -1.11445727 -1.2129743   0.12316966  0.08951676  2.41453372
  -0.88240609  0.73461022  0.13325934 -2.65289369  1.2771926  -0.30489149
  -1.444354   -0.02003209  2.869346   -1.52247605  0.53386835 
  -0.30781597  2.16344688  0.28359883 -0.75965308  0.87979592 -1.5413886
  -2.37235767 -1.47607236 -0.41627548 -0.87057201 -0.24113436  0.95453078
   0.72536682  0.46203867  0.06501059  0.99061079 -0.07216235 
  -1.01627863  0.22252789  2.69511862  1.53864771  1.06649076  0.41311252
  -2.03515796 -1.15935015 -0.70419031  0.82817743 -1.91473509 -1.39113291
  -1.60306194  1.52482992  1.57305321  1.14377789  0.30527177 
   1.4445609   0.93741379 -1.06932551 -0.1949921  -0.83098751 -0.29299801
  -0.49937335 -0.52756818  1.75049786  1.50709264 -2.2436118  -1.89005548
  -0.42465526 -1.64039652  2.41742329  0.80863905 -0.49861107      3.44050022e+00  -9.55140713e-01   2.15540729e-01  -2.00586146e+00
   -8.71205497e-01   1.30259740e+00  -7.42742458e-01  -9.93989504e-01
    4.94407015e-01   9.36190575e-01   1.95559090e-01  -3.03086668e+00
   -9.09554154e-01   3.79425514e-01   8.75318398e-01  -1.58697720e+00
   -1.78855214e-01   1.35265321e-01   2.56460326e-01   3.09130796e-01
   -3.15436401e-01   1.98326674e+00   5.39887009e-01   2.08533910e+00
   -1.57832529e+00  -7.99809625e-01   3.92854625e-01  -1.80046743e-01
   -1.81029593e-01  -4.20541797e-01   2.98668071e-01  -1.37120465e+00
   -1.60763124e-01 
    6.13473983e-01   4.82566207e-01  -3.66972663e-01  -2.00637730e-01
    9.62529297e-01  -2.72053568e-01  -1.36506992e+00   1.05086308e+00
   -2.20528237e+00  -2.65274505e-01  -9.04092640e-01   5.43648395e-02
    1.34383454e+00  -4.44783071e-01   1.63423465e+00   7.50079880e-02
   -4.87152771e-02  -8.73701339e-01   2.18468744e+00  -2.05213465e+00
   -1.45664522e+00   2.50042057e-01   4.41312178e-01   1.06849487e-01
   -1.31236324e+00   6.10547559e-01   7.83420438e-01  -4.18269997e+00
    1.36045411e+00  -1.73970985e+00   3.45322168e-02  -1.39340986e+00
    1.77931835e-01 
    6.80091954e-01   3.44175455e-02   2.83890619e+00   1.00811946e+00
   -1.79485833e+00  -1.72718506e+00  -8.93344311e-01  -9.33711246e-01
    1.56581299e+00   1.16879843e+00   3.43589152e-01   6.15398984e-01
   -2.13466571e+00   6.14429532e-02  -4.05610438e-01  -1.31471358e+00
    2.22872690e+00   7.89905896e-02  -1.41076884e+00   1.11966180e+00
   -1.30022798e+00  -2.46890798e+00  -1.22264094e+00   1.27340791e+00
    1.27293264e+00   9.31553206e-01  -2.34270195e+00  -6.38451268e-01
    1.96065049e+00  -2.43820119e-01  -2.30677468e+00   8.54290979e-01
   -2.99014984e-01 
   -1.35340989e+00   4.46436603e-01  -1.38764309e+00  -1.00698567e+00
    1.72028014e+00   1.38037580e+00   1.19201569e+00   3.25876537e-02
    5.36014208e-01  -7.63152518e-01   2.66670604e+00  -2.10913949e+00
    5.46459912e-01  -9.19239095e-01  -3.22015522e+00   9.83998911e-02
    3.85177780e+00  -1.73685164e-01   2.21367464e-01  -2.12351642e+00
   -9.45455361e-01   5.90453258e-01   8.28847457e-01  -2.91308077e+00
    5.28596211e-01   5.63712413e-01  -1.21198817e-01   7.75238615e-02
   -3.99164747e-01   2.66811978e-01  -1.74484411e+00  -6.32082133e-01
   -1.65782531e-01 
   -1.75057912e+00  -1.20147082e+00  -2.18656330e+00  -5.51399503e-01
    2.51773577e-01  -3.94508357e-01   1.05583934e-01  -1.19035586e+00
   -2.36712799e-01  -2.65934828e+00   1.47459773e+00  -5.30057101e-01
   -1.95640788e-02  -2.41366040e+00   2.70271327e+00  -1.73544510e+00
   -1.89462369e-01  -1.40008379e+00   2.51602990e+00  -1.08919807e-01
    1.36580642e+00  -1.33106399e+00  -3.08808089e+00   2.11232089e+00
    2.10765541e+00   1.30928620e+00  -1.46963432e+00  -1.87779934e-01
   -5.26355146e-01  -2.70052717e-01  -1.16609426e+00   1.58221720e+00
   -1.62135057e-01 
   -1.22793509e+00  -2.66751549e-01   7.03355015e-01   6.00727412e-01
    1.07499393e+00  -6.61332369e-01  -3.54844897e-01  -3.53791369e+00
    1.04411492e+00   2.24359153e-02  -1.13861843e-01   4.49158323e-01
   -8.08984568e-01   1.91528637e+00  -8.03332447e-01  -1.99759588e+00
   -1.31209716e+00   6.10528276e-01   2.02703262e-02  -2.61070432e+00
    4.59804070e+00   4.47825246e-01   2.32966109e-02   6.66021247e-02
    2.97067338e-01   4.99956733e-01  -1.33738231e+00  -1.61746234e+00
   -3.65843142e+00   7.71573226e-01  -1.80880334e-01   3.50165136e-01
    1.00324909e-01 
    6.45629830e-01  -1.06531577e+00   1.74409548e-01  -1.03377202e+00
   -2.08348474e-01  -2.08757397e+00   1.12999982e+00   7.55512072e-01
    3.00889949e-01  -2.10232629e+00  -6.78516087e-01   2.55562723e+00
    2.98708472e+00  -1.73248458e+00  -1.06616845e+00  -3.83621314e+00
   -1.12712747e+00   1.01364042e-01  -2.93696505e-01  -2.55249158e-01
   -7.98498443e-01  -3.35662419e-01  -3.18339775e-01  -7.32918889e-01
   -1.47094446e+00  -1.72881982e+00   1.17817936e+00   3.49766564e-01
    3.55912821e-01   2.80856457e+00   7.31456218e-01   2.90244255e-01
   -3.84943163e-01 
    4.45336489e-02  -7.61130818e-01   1.99809755e+00  -6.89753686e-01
    1.62302075e+00  -1.36804981e-01  -8.75428699e-01  -1.06246730e-01
   -2.79993587e-01   4.45862601e-01  -4.22065019e+00   3.58894266e-02
   -1.43206464e-02  -1.72460205e+00  -4.27411798e-01   2.21398913e+00
   -2.32058409e+00  -5.71494212e-01  -2.33712527e+00  -3.95045247e-01
   -2.44173226e+00  -2.74836570e-01  -2.79524886e+00   1.77280244e-01
   -4.14639802e-01   3.36771336e+00   4.03330132e-01   5.82001419e-01
   -1.51253466e+00   7.86035985e-01   1.01555811e+00  -1.71791823e-01
   -8.95853026e-01 
   -2.02503636e+00   2.36698831e+00   1.11275009e+00   1.28569132e+00
   -2.06203452e+00  -3.53547673e-01   1.21405048e+00  -2.26674031e+00
    2.13135651e+00   3.09550504e-01   6.09386349e-01  -1.39013558e+00
    1.18339345e+00  -1.50722137e+00   1.98239277e+00   1.18704726e+00
   -8.53036482e-01  -2.27413262e+00  -3.69807270e-01   4.95117817e-01
   -1.43665887e+00  -1.68050408e+00   2.05993190e+00  -1.34257124e+00
   -1.82327252e+00  -5.69419301e-01   3.42114052e-03   5.37965001e-01
   -1.28703035e+00  -1.56952577e-01   1.51567494e+00  -1.81707905e+00
   -5.58474052e-01 
    9.20230616e-01  -9.39483189e-01  -8.70004376e-01  -1.31270207e+00
   -1.23308875e-01   2.52258925e-01  -8.82734026e-01  -2.40587584e+00
   -2.37520612e+00  -2.54937473e+00  -1.79449351e+00   1.61377965e+00
   -2.44878504e+00  -1.42012844e+00   5.63723523e-02   7.99350787e-02
    6.41087124e-01  -5.74839867e-02  -2.18066721e+00   1.72412543e+00
    1.27098180e+00   1.19252946e+00   5.80335858e-01  -2.70182739e+00
    2.59470813e+00  -6.45377897e-01   1.85979941e+00   4.24543482e-01
    2.28180993e+00   3.87751527e-01   4.51850707e-02  -1.75857936e+00
   -3.32933297e-01 
   -1.84640813e-01  -2.73549124e+00   3.24546356e-01   8.50016286e-01
   -6.06413748e-01   1.22247208e+00  -1.12323928e+00  -2.20825531e+00
   -1.59296847e+00  -3.03578304e-02   1.15593113e+00   1.12521533e-01
   -2.63884768e+00   1.85615486e+00  -3.44673274e-01   2.03593309e-01
    5.52048927e-01  -1.25594051e+00   1.01330050e+00   1.64749848e+00
   -7.88558986e-01  -1.28968099e+00  -1.32033254e+00  -2.60762561e+00
   -1.68134659e+00  -1.60065127e+00   3.34759801e+00   1.01793767e+00
   -1.13046919e+00  -4.20473810e-01   1.55571992e+00   2.45559901e+00
   -4.30378670e-01 
   -1.30449010e+00   4.24489549e+00  -1.20720816e+00  -2.52950366e+00
   -2.03755942e+00  -1.19377326e+00  -1.08284365e+00   3.01687994e-02
    1.09709055e+00  -2.26326000e+00  -2.58628911e+00   2.86008910e-01
   -7.01725023e-01   1.28267366e+00  -9.78112555e-02   1.61027363e+00
   -7.42766305e-01  -4.53096251e-01  -9.97990304e-02  -8.52729149e-01
    8.07846257e-01   1.85504891e+00  -5.00685831e-01   8.98220154e-01
    6.64214022e-01  -1.69661401e+00  -1.43618732e+00  -1.01141200e-02
    1.01534387e+00  -8.14368032e-01   1.52743258e+00   1.04209105e+00
   -5.69159615e-01 
   -4.40064125e-01  -9.53861163e-01  -2.52302446e+00  -2.02991191e+00
   -2.02938458e+00   8.84713585e-01   1.30427105e-02  -2.02895109e-01
   -6.40123769e-01   3.28320569e+00   4.29268845e-02   2.10807570e+00
   -1.02388776e+00   2.31696751e-01  -4.51900129e-01  -1.28898727e+00
   -1.01792312e-01  -1.10963492e+00  -4.11502663e-01  -1.39575281e+00
    3.48390089e-01  -4.11219730e-01  -8.92918853e-01  -7.18527406e-01
   -2.82736257e-03  -2.01801739e-01  -1.78176135e+00   4.54975026e-01
    1.50774049e+00  -1.19827995e+00   1.91600551e+00  -4.42484059e-01
   -2.31834009e-01 
   -3.27706221e-01  -7.99096691e-01   5.40009870e-01   1.88756960e+00
   -2.25383975e+00   1.21691909e+00  -2.12246561e-01   9.34635658e-01
    9.30755649e-01  -7.39300461e-01  -8.66096226e-01   3.49031839e-02
   -1.67193463e+00  -7.13131980e-01  -2.52133111e+00   1.97116130e+00
   -2.85970990e+00   3.56292030e-01   9.57097914e-01  -8.02484730e-01
    7.33418989e-01  -6.55635910e-01   1.35575259e+00   3.27739859e-01
    3.31269550e-01  -2.02745037e+00   8.99362142e-01  -1.27912311e+00
    8.15264318e-02  -1.05208329e+00  -8.97138106e-01   7.02155349e-01
   -4.83599195e-01 
   -6.03431212e-01   1.94914321e+00   2.29232660e-01  -1.09716756e+00
   -9.97590728e-01  -1.96901236e-01   9.02445916e-01   1.39972349e+00
   -9.58683026e-01   1.84259695e-01  -9.51455598e-01  -7.01668044e-01
    1.91200793e-01   4.04317471e-01   1.76615647e+00  -1.11100913e+00
    4.22962327e-01   2.38089354e-01  -1.25497137e+00   4.09442309e-01
   -6.71979027e-01   9.62562823e-01  -3.11301339e-01  -3.28997769e-01
    9.08755322e-01  -1.28510406e+00  -4.78541734e-01  -3.58188515e-01
   -2.29431267e+00  -1.37885689e-01  -1.78421874e+00  -2.77218821e+00
   -9.34724520e-01 
   -2.15420679e-01  -1.68623057e+00  -2.27305259e+00   1.82762052e+00
    1.36605110e+00   8.85217275e-01  -4.50607004e-01  -4.71213977e-01
    1.83237945e+00   1.23061132e+00   1.73569733e-01   4.35902138e-01
   -1.69819960e-01   2.42470342e-01  -1.00058118e+00  -4.27835002e-01
   -1.84987580e-01  -1.72283648e+00  -8.61219960e-01   1.57718966e+00
   -4.66280628e-01   7.24653200e-01   3.34702216e-01  -1.46486233e+00
   -4.94063347e-01  -1.42711532e+00  -1.61740557e+00  -5.50256145e-01
    1.08741880e+00  -5.10133159e-01  -8.76110256e-01  -5.94994846e-01
   -1.60574533e-01  