NN 16 32 16   -3.42071112e+00  -9.19224547e-01  -1.72906904e-01   6.46193172e-01
    2.26325741e+00  -9.48130816e-01  -1.65796857e+00  -1.89053150e+00
    2.82473371e+00  -1.26497091e+00  -1.93880718e-01   2.30920423e-01
    7.46453740e-01  -2.25961034e-01   2.66516797e-01  -4.43733994e-01
   -7.96543556e-01 
    7.46311434e-01  -5.16107425e-01  -4.65019380e-01  -3.45081123e-01
    9.72651598e-01  -3.60177312e-01   8.33957922e-02   5.13884295e-01
   -2.32057451e+00   7.33842783e-01   1.93989511e+00  -3.53183202e+00
    6.92325029e-01   6.75635243e-01  -1.83389507e+00   1.25354305e+00
    5.44087136e-01 
   -7.26438379e-01   2.44136377e-02  -2.60686018e+00   9.77500997e-01
    2.50237246e+00  -1.79349888e+00  -5.11534612e-01  -7.63367937e-01
   -9.99753531e-01   5.91946315e-01  -1.10706075e-01   8.31875153e-02
    1.46168816e+00  -8.25839535e-01  -1.85082339e-01   1.85676049e+00
    1.32809556e-01 
    1.61011943e+00  -7.89462460e-01  -1.33446782e+00   9.17180801e-01
    5.55737754e-02  -1.02920241e+00   8.20717562e-01  -2.95984722e-01
   -1.34086872e+00   7.71186627e-01  -1.40665562e+00   1.74299882e+00
    1.70411938e+00  -1.54813267e+00   1.08597318e+00  -1.81063266e+00
   -2.54994808e-01 
   -3.04372111e-01  -1.51388351e+00   1.41580063e+00  -9.73781352e-01
   -3.57136525e-01  -6.04602452e-01   5.45150710e-02  -1.88874172e+00
    1.24746597e+00  -4.81894057e-01  -1.84230354e-02   1.85633290e+00
    1.58383056e+00   2.05356375e+00  -1.00446815e-01  -1.44465748e+00
   -7.27800908e-01 
   -4.10912340e-01   1.26611084e+00   1.64643628e+00  -1.26992047e+00
    7.06928040e-01   1.18154646e+00   1.72629873e+00  -1.93259896e-01
   -3.90583918e-02  -1.98016706e-01  -1.78020414e+00   5.66728667e-01
   -7.46480483e-01  -1.29589974e+00  -3.36767435e-01  -1.15261237e-01
    4.40909668e-02 
    6.95086396e-01   1.55147370e+00   1.33117409e+00  -1.78496664e+00
   -1.12739849e-01  -5.63151838e-02  -1.85531403e+00   1.10189661e+00
   -5.50336369e-01   4.43207691e-01   7.43829634e-01   2.53333612e-01
   -2.97114653e-01  -4.81903356e-01  -1.44946381e+00   7.06854025e-01
   -7.35479430e-01 
    7.14040972e-01  -1.36593053e+00   1.06304385e+00  -3.48561560e-01
    6.66169691e-01   3.81612080e+00  -1.89421287e+00  -5.96273783e-02
    2.20078373e+00   2.18611967e+00   5.94248429e-01  -6.86269992e-01
   -6.07930271e-01  -2.44313275e+00  -1.21504653e+00  -4.40310958e-02
   -6.21908512e-01 
    2.72536059e-01   2.52117869e+00  -9.75832456e-01  -8.96378325e-01
    7.44414481e-01  -1.19836426e+00  -1.05004632e+00  -1.24109344e-01
   -1.63245634e+00   2.16032688e+00   1.23420813e+00  -1.14092301e+00
    6.74572663e-01  -1.76898200e+00   1.18401549e+00  -1.51193952e+00
   -1.95410297e-01 
   -1.43077864e+00  -1.33226165e-01  -7.33522906e-01   1.38121024e+00
    1.68126933e+00  -9.47566877e-01   1.17815324e+00  -6.51305257e-01
   -9.22260927e-01   1.20380979e+00   3.68127157e-01   1.92747007e+00
   -2.43629748e+00   5.22873899e-01  -4.10825615e-01  -1.23038882e+00
    3.40693472e-01 
   -5.04154275e-01   5.41717852e-01  -6.38657442e-02  -2.63833606e+00
   -2.06660674e+00  -1.24507820e+00   1.51440240e-01   3.81426696e+00
   -1.03109808e+00   5.62785445e-01  -7.13176169e-01   2.78830131e+00
   -8.66322251e-01  -3.00245714e-01  -5.36578472e-02   2.32690415e-02
   -6.00877264e-01 
    2.68295747e+00  -6.98045486e-01   2.81607053e-01   1.83952502e+00
    1.48562668e+00  -5.75302635e-01  -1.44405292e+00   7.17800340e-01
    1.74437837e-01  -1.01805413e+00   3.02476803e-01  -6.43417015e-01
   -2.68078739e+00   3.64894868e-01   9.23737383e-01  -7.82791699e-01
   -1.22973529e-01 
   -3.24248389e-01  -1.71643256e+00   1.16924026e+00  -1.24081646e-01
   -1.31162636e-01   3.35178201e-01  -3.34788672e+00  -8.04759775e-03
   -1.81555094e+00   9.72082137e-01   2.79213773e+00   1.27996796e-01
   -4.39051023e-01   1.14333736e+00  -7.01975853e-01  -6.90936204e-01
   -1.26479712e+00 
   -4.01322562e-01   2.07108931e-01  -6.38575338e-01   6.19417790e-02
    2.05051637e+00  -1.98045666e+00   8.16581456e-01   7.14150479e-01
    8.40596696e-01   1.58745275e+00  -2.20449406e+00  -1.62040389e+00
   -8.75309236e-01   3.51799156e-01  -4.23272284e-01  -1.31139834e-01
   -1.52168497e-01 
    1.36321449e+00  -1.87191051e+00   5.49549691e-01   2.71053022e+00
   -2.04495160e+00   9.51331529e-01   5.32089033e-01  -8.51672554e-01
   -1.53942974e+00  -1.64497895e-01  -4.17285274e-01  -3.51983830e-01
    7.66608700e-01   2.33089590e+00  -1.87134767e+00  -7.27173292e-02
    6.21587838e-01 
    1.27101617e+00  -8.77053635e-01  -3.53165219e-01   8.51933064e-02
   -4.22529203e-01  -2.50620698e-01   2.99001775e+00  -2.81244819e+00
   -1.46442951e+00  -7.56594928e-01  -4.36038073e-01  -9.42186650e-01
    1.40813169e+00  -1.80920945e+00   7.46712424e-01   3.74457872e-01
    4.45888530e-01 
    1.37028083e+00   6.51874671e-01  -2.94392351e+00  -3.93998575e+00
    8.38612575e-01   1.66745663e-03   9.91301445e-01   1.45044652e+00
    6.84170322e-01   6.02374724e-02  -9.18121600e-01  -8.91172612e-01
   -3.19489860e-01   1.77304030e+00  -5.51665577e-01   9.72153026e-01
    1.53053515e-01 
   -1.39509868e+00   2.82090515e-01  -1.46038533e-01   1.60471485e-01
    7.00636711e-01  -1.32954438e+00   1.15310274e-01   1.58682561e-01
    1.38490531e+00  -8.83954509e-01   1.01290292e+00  -3.42281307e-02
    8.08990185e-01  -9.73665243e-01  -6.15998656e-01   1.10044619e+00
   -6.25388413e-01 
   -2.11090562e-01  -2.15979611e+00   1.98776374e+00  -1.46478706e-01
   -2.32992637e+00   3.38923242e-01  -2.88006301e-01   1.46146157e+00
    2.88018711e-01   1.61567433e+00  -1.81196958e+00  -3.51427469e-01
    5.82105638e-01  -1.21924660e+00   5.16071718e-01   5.64224401e-01
    4.43137012e-02 
   -1.43530546e+00   4.22621226e-01  -9.50957648e-01   1.89418821e+00
   -7.90977952e-01   1.70252558e+00   9.87217202e-01  -1.54039665e+00
   -3.31987476e-01  -1.66591446e+00  -8.78385924e-01   7.10836055e-01
    1.68494177e+00   1.82127013e-01  -2.40178919e-01  -2.03825249e+00
    3.36574888e-01 
   -1.72911310e-02   2.64219836e+00   9.18684324e-01  -4.27588013e-01
   -4.76617783e-01  -4.32225021e+00   1.24656070e+00   3.26632888e+00
    1.36859016e+00  -1.99991528e+00   7.44009438e-01  -1.88921069e-01
   -5.73903047e-01  -6.36447337e-01   6.19980510e-01  -2.25048197e-01
   -2.65030967e-01 
   -2.46305186e+00   8.83331431e-01   1.90131515e+00  -2.81764116e-01
    1.57356399e+00  -8.71626878e-01  -7.38956966e-01  -6.29452161e-01
    2.08148260e+00  -1.12626518e+00   1.00586195e-01  -1.79331217e+00
    5.18408845e-01   5.26960205e-01  -1.12446093e+00  -4.12935304e-01
    6.12554800e-01 
   -2.38354065e-01  -5.14474125e-01   4.75685080e-01  -8.16926849e-01
    2.17751638e+00  -1.39546350e+00   1.21571616e-01   2.20582977e+00
   -2.56393950e+00  -7.77259919e-01   1.06481506e+00   7.61039650e-01
    4.90176042e-01  -7.16745657e-01  -3.98698477e-01  -9.11284070e-01
   -3.34497619e-01 
   -1.96587905e+00   3.14297396e-01  -1.35708697e+00   2.04446905e+00
   -9.93658707e-01   9.35293978e-01   7.12904092e-01  -5.95638577e-01
    1.16213707e+00   1.49977801e+00   1.63352107e+00  -1.74480585e+00
    7.79218510e-01  -1.33122017e+00   5.19387755e-01  -1.93706768e-01
   -6.15799112e-01 
    1.64730758e+00   1.56132989e+00  -1.96667871e+00  -8.03240376e-01
   -3.30403248e+00  -1.04390103e+00   1.01759689e+00   6.14819502e-01
    1.29460780e+00  -2.37723865e+00   1.93619376e+00  -7.86601292e-02
    4.03661726e-01  -1.92672673e-01  -7.08372674e-01   1.26933874e-01
   -1.19384413e-01 
    1.62330062e+00   1.11661333e-01  -1.62900106e+00  -2.73395303e-01
   -1.10615856e+00  -4.74707744e-01   2.64452829e+00  -2.84622686e+00
   -3.75240830e-02  -3.67922068e-01   3.08677893e-01   9.23482943e-01
   -1.48505013e-01   1.31847508e+00   8.47562523e-01   9.97712658e-01
   -5.72284336e-01 
   -7.36235912e-01  -6.16862986e-01   1.89624602e+00  -2.50113074e-01
    1.40905639e+00   1.74240317e+00  -2.90034692e+00   6.71115762e-02
    3.64046642e-01  -7.16032427e-01  -2.96239912e+00   1.28053596e-01
    1.65161999e+00  -1.29626082e+00  -1.60926283e-02   2.81227653e+00
   -2.44326807e-01 
   -8.19849591e-01   2.57173745e+00   1.31314651e+00  -4.41990605e-03
   -1.21536915e+00   2.03224925e+00  -4.93444056e-01  -9.81518102e-02
   -1.03887307e+00  -1.92400051e+00  -3.13109838e-01  -1.53746133e-01
   -9.28627118e-01   5.82265306e-01  -3.40507199e-02   7.29320856e-01
   -4.63303382e-01 
   -3.72162495e-01  -1.20445284e+00  -1.01267636e+00  -2.34196994e-02
    1.88531019e-01   2.37497709e+00  -8.00048964e-01   8.05240211e-01
    3.34376302e-01  -2.41712813e+00   1.20886337e+00  -3.14756283e-01
   -1.40182749e+00   1.67681039e-02   2.77313339e+00  -1.42232430e+00
    5.21090379e-01 
   -2.21828322e-01   1.99085610e+00   4.03326654e-01  -7.25930102e-01
    7.56458727e-01  -1.51706290e+00  -2.24323750e+00  -1.49906947e+00
   -3.55007973e-01  -7.92299764e-01  -1.37429175e-01   8.66839022e-01
    5.69885401e-01   4.49771399e-01   6.70659615e-02   9.85283928e-01
   -3.99778285e-02 
   -1.19232796e+00   1.25764417e-01   2.51437779e+00   1.46345314e+00
    1.05777810e+00   1.87771667e-01  -1.85235845e+00  -1.20255965e+00
   -6.95132698e-01   9.07030658e-01  -1.85148725e+00  -1.46726561e+00
   -1.66038218e+00   1.35490340e+00   1.41755349e+00   1.03619141e+00
    2.31421944e-01 
    1.36796400e+00   8.69968582e-01  -1.00554634e+00  -3.32272358e-01
   -8.44806380e-01  -3.78629470e-01  -5.38120320e-01  -3.28693128e-01
    1.61681494e+00   1.46735759e+00  -2.09166563e+00  -1.78604402e+00
   -4.59056815e-01  -1.64763454e+00   2.34148859e+00   7.50738825e-01
   -5.19724724e-01     3.29367402 -0.91632665  0.28873079 -1.97557811 -0.76342799  1.19160728
  -0.6913685  -0.86868971  0.56588165  0.97838428  0.27946225 -2.90304765
  -0.77640892  0.35967858  0.79312982 -1.64060768 -0.28253321  0.10573268
   0.23649505  0.19452568 -0.2961647   2.09519245  0.47051715  1.93153556
  -1.68938446 -0.87757808  0.37875354 -0.28014289 -0.13087429 -0.51682776
   0.32039135 -1.45976406 -0.27302351 
   0.54024577  0.51672669 -0.36801023 -0.13506853  0.97304087 -0.3216859
  -1.42401141  1.01194333 -2.22545043 -0.27503227 -1.03346397  0.11036034
   1.22062305 -0.24515877  1.62134212  0.13697067  0.14186872 -0.80148585
   1.94571418 -2.10882536 -1.61023191  0.288274    0.42194364  0.15587207
  -1.51678327  0.50155539  0.680368   -4.04734748  1.29175667 -1.76018826
   0.02869351 -1.37471901  0.06768782 
   0.65644776  0.08496718  2.93345593  0.9558029  -1.89630399 -1.49185293
  -0.83910055 -0.83812528  1.53025513  1.05976212  0.50867084  0.4517225
  -2.2134512  -0.0479067  -0.34868536 -1.22817467  2.26362676 -0.05466561
  -1.43775849  1.17687584 -1.34604149 -2.49025893 -1.00694972  1.13697295
   1.21688011  0.91205703 -2.07297309 -0.58819193  2.0850991  -0.23906663
  -2.38657809  0.8934942  -0.25456078 
  -1.34544704  0.46898913 -1.42778102 -0.94916395  1.67044478  1.34738761
   1.36729063  0.2927953   0.38201881 -0.8992725   2.53201796 -2.19987034
   0.49207094 -1.12208919 -3.17792497  0.02855354  3.72127359 -0.24118341
   0.187551   -2.1284601  -1.06556818  0.55453955  0.77298549 -2.8781531
   0.55971029  0.59102805  0.0093563   0.24496042 -0.33531129  0.26810608
  -1.7069156  -0.54225231 -0.13074855 
  -1.66473859 -1.20912842 -2.20838771 -0.54814392  0.30252741 -0.33173462
   0.19257361 -1.14826309 -0.34976269 -2.68077704  1.34135758 -0.40079491
  -0.17843947 -2.34842212  2.58163866 -1.69149789 -0.08129824 -1.34148715
   2.57890866  0.00630778  1.35074952 -1.25492384 -3.0594317   2.26259959
   2.09196764  1.52680176 -1.46541094 -0.0929985  -0.68850778 -0.32751374
  -1.06159671  1.44550929 -0.09103297 
  -0.92158598 -0.26950552  0.77262326  0.73800431  0.94936058 -0.73788725
  -0.44180544 -3.59387154  0.96897953  0.08371167 -0.05166328  0.38181729
  -0.67009417  1.80740906 -0.82818615 -2.11212929 -1.34645618  0.52677094
  -0.12684632 -2.58078046  4.59673756  0.36547236  0.09417821  0.04770538
   0.18250923  0.53485298 -1.41773203 -1.63319363 -3.43017618  0.77083352
  -0.27135902  0.18018857  0.07808931 
   0.73260302 -0.92294443  0.16680791 -1.16155937 -0.40548916 -1.99939387
   1.19370446  0.8039097   0.29919956 -2.11201117 -0.72873195  2.531247
   3.03093711 -1.47870031 -1.22518072 -3.83046411 -1.053899    0.13408618
  -0.31922309 -0.26034095 -0.79759097 -0.25003881 -0.56054191 -0.66315309
  -1.56571552 -1.67021601  1.05173892  0.13775246  0.37446552  2.65499977
   0.67959187  0.43565225 -0.38502362 
   0.07332569 -0.65526445  2.07119746 -0.66602813  1.53738189 -0.21350434
  -0.89851564 -0.05539871 -0.15777184  0.41630806 -4.11480819  0.10755762
   0.05720515 -1.5356647  -0.27976682  2.14217927 -2.2620222  -0.5351694
  -2.26665801 -0.4040869  -2.33823241 -0.21201397 -2.68553076  0.22718759
  -0.38989327  3.28952169  0.55356837  0.50709343 -1.61024817  0.88431699
   1.09814733 -0.14402364 -0.76323438 
  -1.93714526  2.23355604  1.11334252  1.28017841 -2.04873213 -0.38111043
   1.18461515 -2.24172036  2.09968628  0.28246785  0.60429184 -1.39248051
   1.15943208 -1.48057009  1.89199114  1.20990097 -0.82612642 -2.13661176
  -0.47489437  0.49881132 -1.43551468 -1.6447278   2.07353211 -1.40064471
  -1.76876247 -0.63539252  0.03089503  0.54554268 -1.26579964 -0.11396881
   1.44455918 -1.71508807 -0.57146143 
   0.78720169 -0.78174849 -0.8523382  -1.27674596 -0.1159918   0.28232318
  -0.88454403 -2.25739726 -2.32137626 -2.439186   -1.79585492  1.62663926
  -2.46280968 -1.4272645   0.10004808  0.09571354  0.74776837 -0.03846071
  -2.1123106   1.76547787  1.28710846  1.1941509   0.63198236 -2.59292138
   2.62149177 -0.44425599  1.64742224  0.38852551  2.25433055  0.31276745
   0.103629   -1.7048373  -0.18290016 
  -0.23238941 -2.57835025  0.33282421  0.76195234 -0.58234567  1.09044963
  -1.01439326 -2.2308601  -1.44432138 -0.04282747  1.15116083  0.19639521
  -2.60520491  1.8389163  -0.42540281  0.15124554  0.57120145 -1.18343831
   0.96784971  1.51311328 -0.7196549  -1.17170015 -1.27300168 -2.59140073
  -1.75033188 -1.67075577  3.25347092  0.93017506 -1.18521323 -0.35117119
   1.54861935  2.37183959 -0.41102145 
  -1.39977596  4.0090251  -1.17389412 -2.49203745 -2.02277391 -1.16639398
  -1.11716581  0.10492803  1.07419167 -2.21919811 -2.51190856  0.19407758
  -0.7629332   1.31970253  0.03811694  1.60030305 -0.8135447  -0.51657705
  -0.01208253 -0.78784907  0.7413637   1.75242753 -0.54354109  0.9561114
   0.74418958 -1.68748703 -1.39501329 -0.03463501  0.87572589 -0.81820515
   1.44003898  1.1020718  -0.54550303 
  -0.45065365 -0.85895333 -2.49288386 -1.99430262 -2.02034543  0.84374301
   0.08202854 -0.2451289  -0.57764112  3.12604469  0.02337692  2.06938577
  -1.03216476  0.19969268 -0.39890316 -1.26557246 -0.08675621 -1.0787482
  -0.38026362 -1.33379733  0.40350352 -0.41106514 -0.86937336 -0.69554687
   0.04448731 -0.21747698 -1.72409354  0.45218668  1.4529033  -1.16233203
   1.86498908 -0.42865512 -0.21706351 
  -0.32868043 -0.79854799  0.55817474  1.85635841 -2.20094359  1.16540604
  -0.18498497  0.91468454  0.92189512 -0.71858937 -0.8213512   0.02635112
  -1.64790962 -0.6973927  -2.45670911  1.88891063 -2.77074219  0.33289432
   0.95778188 -0.77548467  0.71253772 -0.67815077  1.32252778  0.33365902
   0.36363389 -1.99761511  0.90503206 -1.24029413  0.12374739 -1.01128082
  -0.86852927  0.69159649 -0.43517476 
  -0.6134388   1.91675131  0.22336742 -1.09882504 -0.97481668 -0.16836461
   0.91701464  1.41664656 -0.90173959  0.16327546 -0.94007252 -0.67230554
   0.22005236  0.41779051  1.72023167 -1.07213069  0.4240688   0.2510072
  -1.22528985  0.42645795 -0.63480821  0.97237288 -0.26771978 -0.30741363
   0.8736616  -1.26221591 -0.44792313 -0.32559194 -2.1494087  -0.12116984
  -1.70347772 -2.7050717  -0.87922674 
  -0.24178608 -1.63070129 -2.17991006  1.74302023  1.35131439  0.88997051
  -0.46261674 -0.48132429  1.73599325  1.23143534  0.16377549  0.4225178
  -0.20197302  0.25657177 -0.95407037 -0.34868715 -0.1714907  -1.63004904
  -0.82550408  1.5591784  -0.47287582  0.71016297  0.3061273  -1.41298156
  -0.50927637 -1.36061674 -1.56634651 -0.50952314  1.06665356 -0.5101923
  -0.83577867 -0.56867737 -0.12629673  