NN 16 32 16   -3.88391763e+00  -1.21880425e+00   7.51866515e-02   5.91510534e-01
    2.54933070e+00  -1.06243698e+00  -2.04002087e+00  -2.23905733e+00
    3.48250474e+00  -1.17275724e+00  -2.54819400e-01   2.40959279e-01
    9.10891762e-01  -2.62850952e-01   2.67451555e-01  -6.12301277e-01
   -9.11560789e-01 
    6.16413050e-01  -4.96940940e-01  -3.48139915e-01  -2.81263677e-02
    1.12072571e+00  -2.78574715e-01   2.11484757e-01   4.62137652e-01
   -2.76364973e+00   6.66220360e-01   2.20883587e+00  -4.03858458e+00
    8.06189472e-01   7.76674635e-01  -2.24125018e+00   1.33188318e+00
    6.11956703e-01 
   -1.00780332e+00   1.09234469e-01  -2.56555353e+00   8.74070499e-01
    2.77543877e+00  -1.88588648e+00  -7.10399488e-01  -7.70401943e-01
   -1.02249158e+00   5.89873252e-01  -3.32327354e-01   3.34302061e-01
    1.48416412e+00  -6.45820683e-01  -2.26408627e-01   2.10741661e+00
    1.93818234e-01 
    1.67678405e+00  -7.29629100e-01  -1.40362927e+00   1.11504581e+00
    2.63829519e-01  -1.12135532e+00   7.42328084e-01  -4.02908806e-01
   -1.59078907e+00   8.56049974e-01  -1.56400669e+00   1.70202323e+00
    1.80894591e+00  -1.54866110e+00   1.28625095e+00  -1.90935887e+00
   -1.43172743e-01 
   -1.30195342e-01  -1.66014835e+00   1.49039115e+00  -1.36937100e+00
   -1.06035482e-01  -7.23930922e-01  -1.08092437e-01  -2.07377247e+00
    1.23385534e+00  -5.30042343e-01   1.23545491e-01   2.12142757e+00
    1.53603058e+00   2.22328592e+00  -1.98675710e-01  -1.50301503e+00
   -7.14663041e-01 
   -3.90744381e-01   1.23579071e+00   2.01966698e+00  -1.36302898e+00
    6.81779581e-01   1.25163885e+00   2.01167146e+00  -4.36460676e-01
   -8.83558811e-03  -2.33624674e-01  -1.98854107e+00   6.42149705e-01
   -8.32866033e-01  -1.44712738e+00  -4.79082770e-01  -2.93876464e-02
    9.03935739e-02 
    9.75167304e-01   1.44939806e+00   1.69887959e+00  -1.88685114e+00
   -6.65461617e-02   1.87326033e-01  -1.99742962e+00   1.54965791e+00
   -5.77120656e-01   4.99721136e-01   8.78207281e-01   1.94343839e-01
   -1.83278989e-01  -4.74836853e-01  -1.46689378e+00   7.85055170e-01
   -7.43157867e-01 
    6.90656387e-01  -1.34337558e+00   1.25321632e+00  -4.73358402e-01
    7.50844744e-01   4.17855798e+00  -2.21140542e+00  -5.09490110e-04
    2.47873474e+00   2.36330034e+00   2.52638763e-01  -3.38543596e-01
   -6.94599206e-01  -2.77428730e+00  -1.43364802e+00  -1.39912542e-01
   -6.86258965e-01 
    1.54527015e-01   2.76455858e+00  -6.83660798e-01  -1.11253464e+00
    5.42875947e-01  -1.28098791e+00  -1.21155448e+00  -1.54756786e-01
   -1.69491454e+00   2.35773753e+00   1.37469018e+00  -1.35443090e+00
    9.11586329e-01  -1.86148567e+00   1.43424756e+00  -1.69691939e+00
   -1.59053092e-01 
   -1.35529125e+00  -1.64734032e-01  -4.99794564e-01   1.20225551e+00
    1.79135866e+00  -8.93193039e-01   1.25854857e+00  -9.36169098e-01
   -1.12189273e+00   7.44481420e-01   7.06463363e-01   2.04961532e+00
   -2.90476752e+00   4.76104527e-01  -8.04598074e-01  -1.40310815e+00
    3.09415406e-01 
   -6.98306622e-01   4.67918824e-01  -1.12134135e-01  -2.85989524e+00
   -2.36649295e+00  -1.41524017e+00   6.14435876e-02   4.25523991e+00
   -1.32211644e+00   2.62710156e-01  -4.88946330e-01   3.07507437e+00
   -1.16368923e+00  -4.16732254e-01  -1.51883765e-01  -6.53905756e-03
   -6.67740429e-01 
    3.05108984e+00  -9.81564131e-01   2.56340352e-01   2.00483715e+00
    1.54812214e+00  -5.52015042e-01  -1.35964291e+00   5.74765282e-01
    3.17120859e-01  -1.21608649e+00   4.60617676e-01  -6.57531269e-01
   -3.10615321e+00   3.84940624e-01   1.06627705e+00  -1.03391005e+00
   -2.81987596e-01 
   -3.21104259e-01  -2.48055827e+00   1.52959005e+00   2.03425940e-01
   -3.29949565e-01   2.86554013e-01  -3.50380687e+00  -2.71068723e-01
   -1.96520883e+00   1.09711977e+00   2.95981907e+00   6.08984256e-02
   -5.87139553e-01   1.17586436e+00  -6.58919888e-01  -8.15376979e-01
   -1.39115795e+00 
   -5.64192925e-01   3.22431151e-01  -5.27549485e-01   1.35306873e-01
    2.33771134e+00  -2.04998171e+00   1.05453873e+00   9.18679243e-01
    1.09052753e+00   1.54225219e+00  -2.28578557e+00  -1.81594735e+00
   -1.11638344e+00   3.11961872e-01  -4.70158099e-01  -1.08967558e-01
   -1.77191399e-01 
    1.73639873e+00  -1.84374593e+00   5.70147892e-01   3.04399837e+00
   -2.17512761e+00   6.85875634e-01   4.77595606e-01  -1.02066765e+00
   -1.59480291e+00  -2.24355926e-01  -5.09340097e-01  -1.30290680e-01
    7.94378046e-01   2.39725333e+00  -2.17370278e+00  -1.35306178e-01
    6.22492511e-01 
    1.67700239e+00  -1.02998285e+00  -1.49064070e-01  -3.12159381e-02
   -2.46519526e-01  -3.65526396e-01   3.21295666e+00  -2.99620659e+00
   -1.14298164e+00  -1.07000012e+00  -4.06625223e-01  -9.17733747e-01
    1.18683191e+00  -1.85741806e+00   9.42489247e-01   6.00723237e-01
    5.52046583e-01 
    1.47945288e+00   8.13307343e-01  -2.90733782e+00  -4.39733854e+00
    1.26565489e+00   2.67275357e-01   6.46889119e-01   1.53830510e+00
    8.74079530e-01   2.33246031e-01  -8.67391722e-01  -1.14057032e+00
   -2.08178852e-01   1.71803236e+00  -4.52069877e-01   1.28107044e+00
    3.80194939e-01 
   -1.54437504e+00   5.60235325e-01  -2.41895152e-01   2.88441678e-01
    7.52624623e-01  -1.76453012e+00   2.93435599e-01   2.21803000e-01
    1.51524383e+00  -8.32792950e-01   1.28978800e+00   1.93870551e-01
    8.54371577e-01  -1.15077836e+00  -7.32810259e-01   1.20306375e+00
   -7.06181206e-01 
   -1.11696109e-01  -2.51948278e+00   2.26540062e+00   3.84099229e-02
   -2.32889010e+00   2.94736082e-01  -2.90571206e-01   1.62058089e+00
    1.29273857e-01   1.55873330e+00  -1.61087045e+00  -4.13833794e-01
    5.34508380e-01  -1.02374575e+00   6.86506363e-01   7.31344255e-01
    1.88003768e-01 
   -1.36678956e+00   5.40885189e-01  -8.17471619e-01   2.15792103e+00
   -8.24576556e-01   1.86539718e+00   1.30645238e+00  -1.63269829e+00
   -1.58460552e-01  -1.75658077e+00  -5.25615342e-01   5.98693291e-01
    1.80232210e+00  -9.00412593e-02  -2.95197916e-01  -2.35892281e+00
    3.26844412e-01 
   -1.67619427e-01   2.66147454e+00   1.29167163e+00  -6.51798470e-01
   -8.58055915e-02  -4.79323254e+00   1.30654114e+00   3.53504162e+00
    1.57881775e+00  -2.36258265e+00   7.77897795e-01  -1.87728813e-01
   -3.50906960e-01  -8.05486598e-01   8.23966961e-01  -2.98881823e-01
   -2.40145614e-01 
   -2.70188495e+00   8.73136593e-01   2.14939901e+00  -7.44416295e-02
    1.56242837e+00  -8.91027493e-01  -1.42624701e+00  -3.85977752e-01
    2.43126630e+00  -1.06044244e+00   3.54168055e-01  -1.69709987e+00
    5.05444762e-01   4.63586292e-01  -1.17655201e+00  -4.44939691e-01
    6.57627754e-01 
   -2.86721022e-01  -7.16798246e-01   7.13034068e-01  -7.05575420e-01
    2.48626542e+00  -1.18160414e+00   2.03851985e-01   2.47324906e+00
   -2.52118357e+00  -6.97234743e-01   1.32782569e+00   9.45531256e-01
    4.33188945e-01  -7.74674727e-01  -4.84627411e-01  -1.15854274e+00
   -3.46203516e-01 
   -2.02796765e+00   2.30341355e-01  -1.45386968e+00   2.09641787e+00
   -1.01268424e+00   1.17700331e+00   7.62654639e-01  -7.62828609e-01
    9.27920862e-01   1.49851812e+00   1.66746607e+00  -1.69106295e+00
    8.47089788e-01  -1.27869645e+00   6.33264393e-01  -3.13770598e-01
   -6.19206146e-01 
    2.14284716e+00   1.65443991e+00  -2.02436640e+00  -1.25314710e+00
   -3.73626124e+00  -1.41887578e+00   1.05695527e+00   6.87239538e-01
    1.35215876e+00  -2.45957655e+00   1.93583050e+00  -6.87968435e-02
    8.61923630e-01  -2.48986504e-01  -6.57445784e-01   2.43287582e-01
   -3.99761053e-02 
    1.83716751e+00   2.72877436e-01  -2.06939909e+00  -8.81481208e-02
   -1.29227807e+00  -4.92166695e-01   2.87198317e+00  -2.98904565e+00
   -1.98380462e-01  -3.19329667e-01   2.33716718e-01   8.89484985e-01
   -2.28486553e-01   1.41259411e+00   7.31309746e-01   1.24756135e+00
   -5.26580948e-01 
   -7.16818848e-01  -4.26499004e-01   1.98609579e+00  -1.50829213e-01
    1.57980896e+00   2.05860347e+00  -3.47453208e+00   2.49757548e-01
    2.05036488e-01  -8.25954706e-01  -3.29979070e+00   2.57976451e-01
    1.99053943e+00  -1.52985660e+00  -1.58052952e-01   3.19782281e+00
   -3.09530549e-01 
   -6.54769749e-01   2.87761579e+00   1.21526222e+00   9.71508873e-02
   -1.56588476e+00   1.89894488e+00  -5.64257390e-01  -4.80827605e-02
   -8.70793973e-01  -2.33788965e+00  -1.46401727e-01  -6.64280859e-02
   -9.13617814e-01   5.31208347e-01  -1.38871856e-01   7.38702008e-01
   -6.28557290e-01 
   -1.01785794e-01  -1.02806665e+00  -1.25283102e+00   1.06783552e-01
    7.83314146e-02   2.70461096e+00  -6.93174126e-01   7.42176085e-01
    1.74949309e-01  -2.87915424e+00   1.12604177e+00  -2.60558479e-01
   -1.43142870e+00   2.95357674e-02   3.29290896e+00  -1.52000535e+00
    7.15685224e-01 
   -1.05737776e-01   2.50891019e+00   2.75709324e-01  -1.00711960e+00
    9.56096491e-01  -1.75662831e+00  -2.51408282e+00  -1.29400665e+00
   -5.15190277e-01  -8.52562091e-01  -8.22241839e-02   1.00860664e+00
    7.88862937e-01   5.26261916e-01   2.52963788e-01   1.02756018e+00
   -7.75670435e-02 
   -9.32315466e-01   1.91450820e-01   2.85905008e+00   1.71307839e+00
    9.35370695e-01   3.74737550e-01  -2.20006900e+00  -1.27639146e+00
   -7.85414735e-01   8.65363123e-01  -2.10199066e+00  -1.46761998e+00
   -1.80306427e+00   1.70676878e+00   1.75551473e+00   1.18265643e+00
    2.46420484e-01 
    1.53229421e+00   9.19491622e-01  -1.14492654e+00  -2.64004113e-01
   -9.06699257e-01  -2.58095335e-01  -4.47474415e-01  -4.99829224e-01
    1.86516414e+00   1.78416882e+00  -2.39462185e+00  -2.06965698e+00
   -4.80043836e-01  -1.72876240e+00   2.53040990e+00   8.92241877e-01
   -5.12532767e-01      3.64071400e+00  -1.18283461e+00   3.51634248e-01  -1.94394339e+00
   -9.15623654e-01   1.54883312e+00  -7.62850162e-01  -1.16669178e+00
    5.06071823e-01   8.30718893e-01  -2.03176429e-02  -3.23521511e+00
   -7.65837179e-01   6.12447214e-01   9.85879746e-01  -1.52916741e+00
   -2.52183244e-01   9.99354493e-02   5.90924451e-02  -3.44812498e-04
   -2.86127664e-01   1.77031259e+00   6.22327876e-01   2.14742888e+00
   -1.55232023e+00  -7.85840170e-01   3.00150378e-01  -2.69670823e-03
   -1.09675251e-01  -2.31491205e-01   1.75748318e-01  -1.38751563e+00
   -1.00871512e-01 
    5.99931427e-01   4.49712367e-01  -3.59878794e-01  -2.65679147e-01
    1.15872299e+00  -3.91299243e-01  -1.22650188e+00   8.39669474e-01
   -2.05647462e+00  -2.15473097e-01  -7.78787786e-01   1.74324637e-01
    1.26371522e+00  -2.56237719e-01   1.47682143e+00   1.68947518e-02
   -2.60187613e-02  -1.14158940e+00   1.91097161e+00  -2.08262691e+00
   -1.43040389e+00   2.61100637e-01   5.10269912e-01  -8.85948939e-02
   -1.34981195e+00   7.53218267e-01   7.00863041e-01  -4.38322049e+00
    1.38436212e+00  -1.57637042e+00   1.67185623e-01  -1.20323224e+00
    2.71088379e-01 
    7.33154056e-01  -4.48388322e-02   2.80467469e+00   1.07889953e+00
   -1.76931649e+00  -1.95928386e+00  -1.07738857e+00  -8.77652985e-01
    1.37896628e+00   1.03548067e+00   3.60033151e-01   6.04386406e-01
   -2.13191405e+00  -3.09285254e-02  -4.60052976e-01  -1.18178190e+00
    2.31418571e+00   4.41697596e-02  -1.36247717e+00   1.35789915e+00
   -1.32636479e+00  -2.41222169e+00  -1.14783285e+00   1.28055108e+00
    1.26007468e+00   7.65311733e-01  -2.40528771e+00  -4.76802898e-01
    2.28031480e+00  -1.37252925e-01  -2.18960376e+00   9.96405158e-01
   -2.95935747e-01 
   -1.54646375e+00   3.36829916e-01  -1.57480705e+00  -1.04579190e+00
    1.91452406e+00   1.27933470e+00   1.34162575e+00   2.16529061e-01
    5.98983357e-01  -9.09826655e-01   2.83686328e+00  -1.96825726e+00
    4.14835321e-01  -8.06222898e-01  -3.18771172e+00   2.21460250e-01
    3.88067245e+00  -1.35009865e-01   1.96136810e-01  -2.22690239e+00
   -8.33120369e-01   6.21636830e-01   7.96492696e-01  -2.85575449e+00
    7.27893994e-01   5.53013015e-01   6.61597691e-03   1.31430496e-01
   -2.68581182e-01   2.84860836e-01  -1.66089849e+00  -4.42763461e-01
   -9.78779899e-02 
   -2.02682201e+00  -1.18246367e+00  -2.28340188e+00  -4.80968567e-01
    1.06681632e-01  -3.74134520e-01  -1.48577351e-02  -1.25210920e+00
   -2.52240372e-01  -2.95736261e+00   1.59014705e+00  -6.98847504e-01
   -2.65342723e-01  -2.43840369e+00   2.81432403e+00  -1.68910997e+00
   -2.62040019e-02  -1.57605783e+00   2.56004084e+00  -2.02547271e-01
    1.29162222e+00  -1.27901376e+00  -3.25999916e+00   2.00490375e+00
    2.07925347e+00   1.29942648e+00  -1.47903970e+00  -4.78659749e-02
   -2.71185346e-01  -1.27730786e-01  -1.25073921e+00   1.90764120e+00
   -1.48517247e-01 
   -1.41979100e+00  -2.61444975e-01   7.30562406e-01   3.10499112e-01
    1.06058402e+00  -7.34915214e-01  -4.40709151e-01  -3.51186712e+00
    1.13962938e+00   1.23748736e-01  -2.94339927e-01   3.89413591e-01
   -9.19384784e-01   1.97614641e+00  -8.84023910e-01  -2.10110357e+00
   -1.43299473e+00   7.31947701e-01  -2.01588894e-01  -2.47478994e+00
    4.46001600e+00   5.60035366e-01  -1.47364876e-01  -6.82954795e-02
    3.68524161e-01   5.51733833e-01  -1.26344735e+00  -1.67400487e+00
   -3.79403476e+00   8.77011985e-01  -8.78055879e-02   3.99153485e-01
    7.77207368e-03 
    8.62877891e-01  -1.33173744e+00   1.42396693e-02  -8.88866802e-01
   -1.73653104e-01  -2.39855119e+00   1.10839800e+00   9.16672781e-01
    6.25595213e-01  -2.08110225e+00  -5.70401674e-01   2.73459470e+00
    3.06561297e+00  -1.61759068e+00  -1.06842143e+00  -3.93577574e+00
   -1.07939353e+00  -6.28938833e-03  -1.15639089e-01  -6.17610551e-01
   -7.82286364e-01  -1.97130224e-01  -2.42389688e-01  -6.60341732e-01
   -1.40513785e+00  -1.96371938e+00   9.93334998e-01   3.29702493e-01
    3.62333892e-01   2.82754694e+00   8.00821565e-01   2.70727575e-01
   -4.22746079e-01 
    1.31381349e-01  -7.38592624e-01   2.10328541e+00  -5.54830380e-01
    1.74251102e+00  -1.14786644e-01  -9.56620558e-01  -2.40599960e-01
   -2.16884602e-01   5.16550706e-01  -4.34133442e+00   8.89806009e-02
    9.38150067e-02  -1.94941426e+00  -5.77298248e-01   2.23997280e+00
   -2.39499155e+00  -5.27597268e-01  -2.35515077e+00  -3.32362669e-01
   -2.61567869e+00  -1.77705480e-01  -2.99212572e+00   2.94428082e-01
   -4.10988971e-01   3.52062942e+00   3.25623188e-01   6.51430583e-01
   -1.43314067e+00   7.95944837e-01   1.07787988e+00  -1.14444527e-01
   -1.05908028e+00 
   -2.05954317e+00   2.43564817e+00   1.14841028e+00   1.37151926e+00
   -2.00575128e+00  -2.94727305e-01   1.28378726e+00  -2.36949794e+00
    2.24512699e+00   2.92949364e-01   7.42694768e-01  -1.50271299e+00
    1.15087829e+00  -1.72825873e+00   2.01518681e+00   1.23194925e+00
   -7.99189332e-01  -2.45548796e+00  -3.41025626e-01   5.25583501e-01
   -1.52231311e+00  -1.74727582e+00   2.18471414e+00  -1.35060576e+00
   -1.91264546e+00  -3.90729391e-01   9.99691861e-04   5.09915347e-01
   -1.33575678e+00  -1.82379497e-02   1.57193349e+00  -1.93526092e+00
   -5.59826027e-01 
    1.09661591e+00  -9.64831547e-01  -9.02710110e-01  -1.38425780e+00
   -2.34143357e-02   2.81751565e-01  -9.75722256e-01  -2.45130123e+00
   -2.51874398e+00  -2.64795139e+00  -1.87681498e+00   1.83734957e+00
   -2.60930860e+00  -1.44187325e+00   2.51551561e-01   3.59121552e-01
    5.53323913e-01   2.72531998e-02  -2.14917836e+00   1.79192815e+00
    1.42209688e+00   1.26308067e+00   5.61993184e-01  -2.50247008e+00
    2.74328841e+00  -7.78168306e-01   2.11497396e+00   5.08172766e-01
    2.57891334e+00   4.46231802e-01  -9.41207095e-03  -1.88779688e+00
   -3.29485222e-01 
   -1.13645346e-01  -2.88781676e+00   3.85730658e-01   9.29651157e-01
   -5.87546873e-01   1.32050437e+00  -1.15362915e+00  -2.25126502e+00
   -1.81756065e+00  -1.59171291e-01   1.21104873e+00   6.10342275e-02
   -2.65946552e+00   1.81558028e+00  -3.28705906e-01   2.82650997e-01
    5.28169691e-01  -1.29608142e+00   1.08949464e+00   1.61854510e+00
   -7.66935737e-01  -1.36889512e+00  -1.41474101e+00  -2.78919183e+00
   -1.62987589e+00  -1.57659269e+00   3.56735261e+00   1.04157959e+00
   -1.12285908e+00  -3.63503357e-01   1.60395582e+00   2.61194839e+00
   -4.99522722e-01 
   -1.18370339e+00   4.48303069e+00  -1.36578466e+00  -2.57647987e+00
   -2.15730732e+00  -1.19233424e+00  -1.12595509e+00   1.22528987e-02
    1.08168968e+00  -2.36343467e+00  -2.66150503e+00   3.34725310e-01
   -6.65210457e-01   1.32386759e+00  -2.00203004e-01   1.61393193e+00
   -7.09383906e-01  -5.87946531e-01   1.06574418e-02  -8.64718020e-01
    7.42052478e-01   1.81598346e+00  -6.57044633e-01   9.77553186e-01
    5.70171024e-01  -1.66771557e+00  -1.47153428e+00   2.89865436e-02
    1.12017149e+00  -9.12527046e-01   1.72040722e+00   1.24753521e+00
   -6.17392956e-01 
   -4.32675311e-01  -9.56303772e-01  -2.55609541e+00  -2.09228564e+00
   -2.09825873e+00   9.43162367e-01  -3.80718744e-02  -1.48617871e-01
   -6.98149004e-01   3.51274016e+00   5.02252652e-02   2.20327245e+00
   -9.76586105e-01   3.24334137e-01  -4.97083958e-01  -1.31683265e+00
   -1.22220280e-01  -1.13263286e+00  -4.15069865e-01  -1.47530849e+00
    3.05451373e-01  -3.53523884e-01  -8.99344391e-01  -7.07739725e-01
   -1.04644050e-01  -2.19055912e-01  -1.86600428e+00   4.77852949e-01
    1.59918861e+00  -1.25477394e+00   2.05358075e+00  -4.42039937e-01
   -2.23293259e-01 
   -2.65456983e-01  -8.06633891e-01   5.15815599e-01   1.94254535e+00
   -2.33906922e+00   1.30392021e+00  -2.36341010e-01   1.07056607e+00
    9.48898792e-01  -7.49260492e-01  -9.23864120e-01   6.88217054e-02
   -1.69954772e+00  -7.40636508e-01  -2.65853106e+00   2.11251676e+00
   -3.02231600e+00   4.23478366e-01   1.01449543e+00  -8.36879378e-01
    7.93738003e-01  -5.97880063e-01   1.43271145e+00   3.53265722e-01
    2.67324750e-01  -2.08686614e+00   9.29585856e-01  -1.34028488e+00
    2.06286825e-02  -1.13489391e+00  -9.08064078e-01   7.13373813e-01
   -5.44614398e-01 
   -5.77266843e-01   2.17881435e+00   3.33928645e-01  -1.09424409e+00
   -9.67174342e-01  -2.02196615e-01   9.44692318e-01   1.54087936e+00
   -1.06162743e+00   2.36680570e-01  -1.00868402e+00  -6.48126518e-01
    2.27479955e-01   3.98999874e-01   1.95230084e+00  -1.17139259e+00
    4.72767112e-01   2.72938343e-01  -1.36784967e+00   4.37612987e-01
   -7.46642531e-01   1.00451561e+00  -3.49926412e-01  -3.47243279e-01
    9.62396677e-01  -1.24714249e+00  -3.98884200e-01  -3.92799600e-01
   -2.53112488e+00  -1.44165977e-01  -1.87738516e+00  -2.90044146e+00
   -9.40411204e-01 
   -1.79220897e-01  -1.76401022e+00  -2.38513427e+00   1.94148046e+00
    1.35269926e+00   8.99417924e-01  -4.28273308e-01  -5.07762660e-01
    1.99007487e+00   1.24364326e+00   1.91715367e-01   4.50736501e-01
   -1.00086665e-01   2.57806372e-01  -1.05647584e+00  -5.70527670e-01
   -2.53987108e-01  -1.85386454e+00  -9.23160807e-01   1.65448949e+00
   -4.68331886e-01   7.62685137e-01   4.06363017e-01  -1.54312150e+00
   -5.26481087e-01  -1.57702128e+00  -1.63624872e+00  -6.12737080e-01
    1.12046897e+00  -5.16623761e-01  -8.93147453e-01  -6.60862264e-01
   -2.11211225e-01  