NN 16 32 16   -3.77490531e+00  -1.10255541e+00   3.43957204e-02   5.71668913e-01
    2.40414221e+00  -9.15570626e-01  -2.02580407e+00  -2.02036994e+00
    3.26303694e+00  -1.35261071e+00  -2.34696058e-01   1.93458481e-01
    8.78245404e-01  -2.46655089e-01   2.57994223e-01  -5.63818510e-01
   -8.82117420e-01 
    5.92726376e-01  -5.19538288e-01  -4.67831298e-01  -2.61546328e-01
    1.15831625e+00  -5.08525947e-01   2.07484751e-01   4.87867334e-01
   -2.69461655e+00   7.65314857e-01   2.10151078e+00  -3.75017004e+00
    7.39409150e-01   7.01394262e-01  -2.14550627e+00   1.28353444e+00
    5.65280484e-01 
   -8.97470647e-01   1.07263359e-01  -2.58100771e+00   9.12301327e-01
    2.55444570e+00  -1.93929171e+00  -6.01649607e-01  -7.43548570e-01
   -1.00458374e+00   5.28556196e-01  -4.05940609e-01   2.65946426e-01
    1.46312489e+00  -7.78848221e-01  -2.57501154e-01   2.01583832e+00
    1.36858398e-01 
    1.56484849e+00  -5.89720852e-01  -1.39182002e+00   1.08109804e+00
    8.87078877e-02  -1.08641508e+00   7.30609795e-01  -3.31241717e-01
   -1.59546125e+00   8.80678984e-01  -1.61651219e+00   1.73605424e+00
    1.72656294e+00  -1.61899696e+00   1.18797313e+00  -1.90832186e+00
   -2.15684317e-01 
   -1.88913614e-01  -1.54308824e+00   1.51694002e+00  -1.13620606e+00
   -1.51685173e-01  -5.63593097e-01  -1.03054545e-01  -2.06976956e+00
    1.12934384e+00  -5.90030856e-01   7.33600958e-02   2.00736299e+00
    1.52453664e+00   2.13972271e+00  -1.96977827e-01  -1.51435961e+00
   -7.46950856e-01 
   -3.83346084e-01   1.15079357e+00   1.85827427e+00  -1.35567433e+00
    6.94352803e-01   1.24088640e+00   1.98495544e+00  -4.47194947e-01
   -3.43093206e-02  -2.57344438e-01  -1.96227817e+00   4.10143369e-01
   -8.39910748e-01  -1.45001267e+00  -4.97841669e-01  -1.05680829e-01
    2.31393793e-02 
    8.65424527e-01   1.53184488e+00   1.54917902e+00  -1.88721135e+00
   -1.24644537e-01   6.84471550e-02  -1.83899003e+00   1.27811356e+00
   -5.20416221e-01   5.64843678e-01   8.72161734e-01   2.65476735e-01
   -1.65488190e-01  -4.43852231e-01  -1.44597053e+00   7.89785660e-01
   -7.09102694e-01 
    6.80912999e-01  -1.27945842e+00   1.13497626e+00  -4.67013640e-01
    6.56921178e-01   4.14720518e+00  -2.09788422e+00  -1.31054316e-01
    2.38129356e+00   2.22595161e+00   3.10334710e-01  -4.33741972e-01
   -6.54960379e-01  -2.63785352e+00  -1.38206665e+00  -1.09443116e-01
   -6.81665111e-01 
    1.75263813e-01   2.78686657e+00  -8.00698811e-01  -9.45486029e-01
    6.97077269e-01  -1.34373021e+00  -9.90697565e-01  -1.16611094e-01
   -1.63674600e+00   2.43459058e+00   1.42318565e+00  -1.09426404e+00
    9.68669444e-01  -1.67798921e+00   1.50890624e+00  -1.51024951e+00
   -3.04782074e-02 
   -1.32020147e+00  -1.97436323e-02  -7.04692477e-01   1.13905466e+00
    1.75092964e+00  -1.03980516e+00   1.31734289e+00  -8.72372659e-01
   -1.06141304e+00   1.01948684e+00   5.93169453e-01   2.03209419e+00
   -2.71531652e+00   5.41619939e-01  -6.72954501e-01  -1.31949647e+00
    3.38302466e-01 
   -4.01245709e-01   3.51073946e-01  -1.11013478e-01  -2.83431617e+00
   -2.14939891e+00  -1.46021020e+00   1.00389407e-01   4.18403221e+00
   -1.11218154e+00   5.43669850e-01  -5.10160296e-01   2.98585099e+00
   -1.00041875e+00  -3.10913261e-01  -7.28660125e-02   5.87841828e-02
   -5.81869014e-01 
    2.89455777e+00  -7.82874580e-01   2.97529642e-01   1.94667940e+00
    1.51865038e+00  -6.18233053e-01  -1.45481036e+00   5.46854431e-01
    1.61874043e-01  -1.26138383e+00   2.79032863e-01  -5.05636721e-01
   -3.03552253e+00   3.33485843e-01   1.00061665e+00  -9.90353768e-01
   -2.62729122e-01 
   -2.61755356e-01  -2.17168275e+00   1.34272578e+00   1.97515396e-01
   -1.17742061e-01   2.32686576e-01  -3.51770613e+00  -1.17364741e-01
   -1.70312280e+00   1.02224161e+00   2.88904083e+00  -5.57987333e-02
   -4.65276584e-01   1.22477463e+00  -6.27828961e-01  -7.32093305e-01
   -1.31298318e+00 
   -5.63245581e-01   2.14428107e-01  -5.07481758e-01   9.98294126e-02
    2.10704698e+00  -1.98348340e+00   8.92676673e-01   9.11913873e-01
    1.02038298e+00   1.56941548e+00  -2.30517420e+00  -1.83236479e+00
   -1.03412184e+00   3.29652075e-01  -4.76670570e-01  -1.65091749e-01
   -1.91224046e-01 
    1.68077538e+00  -1.87137648e+00   5.83112101e-01   2.87297450e+00
   -2.02749635e+00   7.45600778e-01   4.29507192e-01  -8.63985052e-01
   -1.61292720e+00  -1.76893013e-01  -3.64389868e-01  -1.39965927e-01
    8.24254933e-01   2.44372445e+00  -2.07037589e+00  -9.44327145e-02
    6.56897555e-01 
    1.51598051e+00  -1.00218191e+00  -2.20240212e-01   3.50720095e-02
   -1.88660055e-01  -2.63359913e-01   3.18471414e+00  -2.98851557e+00
   -1.17065652e+00  -8.68992216e-01  -4.01464331e-01  -8.04985442e-01
    1.26561613e+00  -1.84540841e+00   9.31654788e-01   5.98874768e-01
    5.65992975e-01 
    1.52149507e+00   5.48209436e-01  -3.04940086e+00  -4.21000761e+00
    9.74099330e-01   1.87496347e-01   7.62086000e-01   1.52102324e+00
    8.50073812e-01   1.66560623e-01  -8.90261782e-01  -1.07152982e+00
   -3.09021919e-01   1.74204802e+00  -5.42264433e-01   1.11710957e+00
    2.50020187e-01 
   -1.46770762e+00   4.40700781e-01  -2.16661595e-01   2.68972377e-01
    6.90607935e-01  -1.57419657e+00   9.62636498e-02   3.08659308e-01
    1.44502237e+00  -9.64888136e-01   1.19361278e+00   1.85931090e-01
    8.78874611e-01  -1.03101013e+00  -6.82592717e-01   1.18438416e+00
   -6.68813049e-01 
   -2.14158436e-02  -2.39872006e+00   2.17014742e+00  -5.68869118e-02
   -2.44186785e+00   3.91517135e-01  -2.48340164e-01   1.53520813e+00
    1.75489413e-01   1.68765751e+00  -1.58174651e+00  -4.80781821e-01
    5.84379243e-01  -1.06201307e+00   6.62830750e-01   6.74504008e-01
    1.65938187e-01 
   -1.39287098e+00   5.29286826e-01  -7.53376395e-01   2.23357345e+00
   -8.10206705e-01   1.82280120e+00   1.09948443e+00  -1.51569267e+00
   -2.71649524e-01  -1.75398207e+00  -5.70599686e-01   6.46570629e-01
    1.84144917e+00   1.33044369e-01  -2.15786677e-01  -2.23022976e+00
    3.89872868e-01 
   -1.60517044e-01   2.54041462e+00   1.12828277e+00  -4.36274011e-01
   -1.91213887e-01  -4.65999219e+00   1.10662156e+00   3.47995807e+00
    1.29486670e+00  -2.40944211e+00   8.39780787e-01  -2.54628613e-01
   -4.70970664e-01  -7.43705334e-01   7.28851427e-01  -3.18298061e-01
   -2.88373090e-01 
   -2.67138859e+00   8.37794381e-01   1.92047176e+00  -2.70080595e-02
    1.61751540e+00  -8.94203107e-01  -1.37404055e+00  -3.85545892e-01
    2.32404210e+00  -1.24247549e+00   3.42805828e-01  -1.87830590e+00
    5.07472577e-01   4.53681377e-01  -1.18966446e+00  -4.67951077e-01
    6.02848129e-01 
   -3.21273130e-01  -7.18786139e-01   6.64330460e-01  -8.31601276e-01
    2.32221624e+00  -1.25861180e+00   1.94052823e-01   2.38608670e+00
   -2.61214333e+00  -6.81201836e-01   1.21792108e+00   7.56536523e-01
    4.14697492e-01  -8.20461447e-01  -5.03509209e-01  -1.14065047e+00
   -3.88261276e-01 
   -2.09579092e+00   3.08624609e-01  -1.33701676e+00   2.08651654e+00
   -9.05998024e-01   1.19438297e+00   8.41079560e-01  -6.41836171e-01
    9.55125945e-01   1.39837003e+00   1.68194058e+00  -1.71198603e+00
    8.81480328e-01  -1.27246530e+00   6.50430168e-01  -2.40217319e-01
   -5.72863612e-01 
    2.00099076e+00   1.62830997e+00  -1.98921963e+00  -1.00578459e+00
   -3.65967249e+00  -1.24119721e+00   1.06009997e+00   4.83678768e-01
    1.29492823e+00  -2.42503609e+00   1.99900295e+00   3.69297075e-02
    7.22899081e-01  -2.57511324e-01  -6.70327881e-01   2.23935524e-01
   -5.26525124e-02 
    1.72621006e+00   2.84738367e-01  -1.91368082e+00  -1.08426838e-01
   -1.05977934e+00  -4.94016798e-01   2.79753700e+00  -2.90619747e+00
   -1.79299599e-01  -2.29535261e-01   1.85876152e-01   1.07556885e+00
   -2.10955024e-01   1.36520177e+00   7.97596581e-01   1.18246487e+00
   -5.19364924e-01 
   -4.95259489e-01  -5.47951750e-01   1.96887458e+00  -2.49161320e-01
    1.60235110e+00   1.92974673e+00  -3.34015099e+00   3.80301215e-01
    3.36293446e-01  -8.63711320e-01  -3.23755471e+00   1.20106703e-01
    1.95831307e+00  -1.41234104e+00  -6.55925465e-02   3.12285104e+00
   -2.48651699e-01 
   -6.94457515e-01   2.70208166e+00   1.17081702e+00   1.26765316e-01
   -1.39926666e+00   2.02105821e+00  -5.59612983e-01  -1.13442496e-01
   -9.59668829e-01  -2.27178645e+00  -1.76492945e-01  -1.90594882e-01
   -9.35483505e-01   5.75584391e-01  -1.02515301e-01   7.62123904e-01
   -5.58728445e-01 
   -2.01459392e-01  -1.10300587e+00  -1.17530312e+00  -2.80916527e-03
   -8.98575464e-03   2.68876728e+00  -8.56589255e-01   7.83037535e-01
    3.95937248e-01  -2.68789050e+00   1.13136341e+00  -2.64968822e-01
   -1.43405244e+00  -1.65986304e-02   3.12367913e+00  -1.54484049e+00
    6.19196723e-01 
   -2.47156641e-01   2.38676336e+00   2.01746712e-01  -8.16789840e-01
    8.34336438e-01  -1.64601205e+00  -2.46314332e+00  -1.33589610e+00
   -5.59889189e-01  -9.58171738e-01  -1.63904204e-01   8.68819523e-01
    7.41184642e-01   4.15864432e-01   1.49561356e-01   9.79130619e-01
   -1.07585879e-01 
   -1.09304507e+00   2.81648211e-01   2.82425999e+00   1.53549656e+00
    1.02716344e+00   3.06110170e-01  -1.97550076e+00  -1.31515493e+00
   -8.22538013e-01   7.24731602e-01  -2.02414457e+00  -1.57934185e+00
   -1.77403871e+00   1.49106846e+00   1.63881555e+00   1.10181736e+00
    2.06376722e-01 
    1.45054050e+00   9.07529414e-01  -1.02059872e+00  -2.30519529e-01
   -8.47615631e-01  -3.01002146e-01  -5.15203244e-01  -5.09745685e-01
    1.85000147e+00   1.55418373e+00  -2.29509746e+00  -2.03862260e+00
   -5.28681118e-01  -1.71620259e+00   2.43825036e+00   7.82053410e-01
   -5.52285841e-01      3.51441540e+00  -9.71821329e-01   2.97001682e-01  -2.00754782e+00
   -8.03536074e-01   1.34954267e+00  -7.74796891e-01  -1.19004009e+00
    5.35369708e-01   7.52947935e-01   7.42315903e-02  -3.15223342e+00
   -8.45523059e-01   4.30707318e-01   1.03561363e+00  -1.56814211e+00
   -1.09658858e-01   1.06420130e-01   2.46980524e-01   8.08968866e-02
   -3.07757200e-01   1.88318377e+00   5.58902150e-01   2.09983362e+00
   -1.49564140e+00  -8.37625533e-01   3.27700479e-01  -2.06476549e-01
   -1.59539959e-01  -4.09394792e-01   1.49994835e-01  -1.32359497e+00
   -1.74002191e-01 
    7.03283933e-01   3.98140296e-01  -3.39262113e-01  -1.72735494e-01
    1.04119160e+00  -1.55011058e-01  -1.32219780e+00   9.71717671e-01
   -2.11984552e+00  -2.82003704e-01  -8.81812260e-01   1.53186608e-02
    1.21004757e+00  -2.14947715e-01   1.55255240e+00   7.61714037e-02
    1.23037803e-01  -9.30569417e-01   2.05884649e+00  -2.07488982e+00
   -1.41952842e+00   3.60781968e-01   4.87870380e-01  -1.92886417e-02
   -1.39216155e+00   7.04910385e-01   9.20525256e-01  -4.30329855e+00
    1.39597994e+00  -1.66982610e+00   1.32288032e-01  -1.25178663e+00
    2.49922180e-01 
    6.32769220e-01  -1.74934493e-01   2.73383256e+00   1.08439924e+00
   -1.81316831e+00  -1.87316868e+00  -9.78391630e-01  -9.41753958e-01
    1.34519572e+00   1.01938732e+00   5.37980261e-01   5.48225053e-01
   -2.20805379e+00   4.27289770e-02  -4.56672133e-01  -1.23556031e+00
    2.25652546e+00  -1.87358508e-02  -1.36852878e+00   1.31246374e+00
   -1.25532724e+00  -2.58903315e+00  -1.17033213e+00   1.17317720e+00
    1.24087875e+00   7.93729242e-01  -2.40317950e+00  -5.42258779e-01
    2.09319582e+00  -2.01661025e-01  -2.26715610e+00   9.69134191e-01
   -3.65844711e-01 
   -1.44134696e+00   2.85510677e-01  -1.47535898e+00  -1.01452732e+00
    1.81356864e+00   1.14795722e+00   1.24175320e+00   2.46129804e-01
    4.89773704e-01  -9.37914006e-01   2.70883333e+00  -2.07411217e+00
    4.66785985e-01  -8.89293246e-01  -3.16860038e+00   1.12174768e-01
    3.78961136e+00  -1.96140608e-01   1.83943223e-01  -2.29922935e+00
   -1.00115037e+00   5.98656183e-01   7.82290033e-01  -2.94129193e+00
    6.34637044e-01   5.46514026e-01  -1.26758898e-01   3.11371824e-02
   -3.46329975e-01   2.06559454e-01  -1.79288716e+00  -5.36027836e-01
   -1.89253332e-01 
   -1.92004933e+00  -1.22326855e+00  -2.23704271e+00  -5.97275962e-01
    1.03881221e-01  -4.59871989e-01   2.83978997e-02  -1.17285813e+00
   -3.13967309e-01  -2.76165766e+00   1.48890998e+00  -5.94476191e-01
   -6.10576597e-02  -2.43922104e+00   2.78430447e+00  -1.72853870e+00
   -1.97191020e-01  -1.50572960e+00   2.47962357e+00  -1.99804107e-01
    1.16507128e+00  -1.29417495e+00  -3.18872010e+00   2.11377510e+00
    2.02361530e+00   1.34469099e+00  -1.56788708e+00  -1.69305487e-01
   -3.14439968e-01  -2.96423227e-01  -1.25193424e+00   1.61984540e+00
   -2.11656913e-01 
   -1.39592706e+00  -1.67776221e-01   6.33620985e-01   4.31455761e-01
    1.03366660e+00  -6.83401158e-01  -3.55841750e-01  -3.53590495e+00
    1.21447484e+00   1.04391303e-01  -1.14405056e-01   3.39269298e-01
   -9.38884477e-01   1.95964430e+00  -8.41506987e-01  -2.04607445e+00
   -1.46752890e+00   6.15948334e-01  -1.52932419e-01  -2.51948941e+00
    4.51899301e+00   4.33213149e-01  -3.15155985e-02  -1.92923825e-02
    2.35143093e-01   5.12915816e-01  -1.39841166e+00  -1.58425682e+00
   -3.78073275e+00   7.64845305e-01  -1.91510026e-01   3.95064848e-01
   -1.94105491e-02 
    7.72711283e-01  -1.24081291e+00   6.90935241e-02  -9.95056187e-01
   -2.08789253e-01  -2.26196853e+00   1.03700935e+00   6.99306042e-01
    5.53998565e-01  -2.17325187e+00  -8.06568471e-01   2.60126795e+00
    2.84693828e+00  -1.66279222e+00  -1.13164822e+00  -3.90026380e+00
   -1.11829665e+00   9.24681839e-02  -2.42426258e-01  -4.39681747e-01
   -7.48438239e-01  -1.67001129e-01  -4.10442327e-01  -6.40069440e-01
   -1.36526131e+00  -1.77221316e+00   1.01981923e+00   3.05914646e-01
    3.47141459e-01   2.83570718e+00   8.05458578e-01   4.38400908e-01
   -4.34208695e-01 
    1.09831479e-01  -7.00328559e-01   2.18916475e+00  -6.02647107e-01
    1.55867275e+00  -1.77542599e-01  -9.59733578e-01  -2.15855022e-01
   -2.15549788e-01   5.19133461e-01  -4.27846249e+00   2.47011743e-01
    6.85972630e-02  -1.73787246e+00  -4.37847329e-01   2.20681672e+00
   -2.37647202e+00  -5.12295892e-01  -2.34091229e+00  -4.05699320e-01
   -2.35790087e+00  -2.45562548e-01  -2.88694198e+00   1.74226549e-01
   -5.02186425e-01   3.40289877e+00   4.59062795e-01   5.90977120e-01
   -1.57343005e+00   8.32703729e-01   1.14959424e+00  -5.06864261e-02
   -9.71105119e-01 
   -2.06348533e+00   2.33399362e+00   1.14267379e+00   1.35388867e+00
   -2.10089993e+00  -2.42746850e-01   1.18060075e+00  -2.35197203e+00
    2.24917852e+00   3.60864802e-01   6.71493279e-01  -1.57128864e+00
    1.02318835e+00  -1.57911724e+00   1.85859589e+00   1.26050379e+00
   -8.19590970e-01  -2.36830142e+00  -3.99409839e-01   4.85651217e-01
   -1.49490143e+00  -1.74671282e+00   2.06602255e+00  -1.33770443e+00
   -1.94734710e+00  -4.42234383e-01  -5.05754167e-02   4.48331158e-01
   -1.46112680e+00  -1.43951788e-01   1.49107740e+00  -1.81643903e+00
   -6.16111364e-01 
    1.05032882e+00  -9.21854473e-01  -8.53099431e-01  -1.36816153e+00
   -9.74012249e-02   1.98817779e-01  -9.22854708e-01  -2.48176210e+00
   -2.47753399e+00  -2.65635296e+00  -1.85372592e+00   1.77251111e+00
   -2.44849918e+00  -1.39030200e+00   1.94440621e-01   1.87434843e-01
    5.37250195e-01  -1.59483455e-02  -2.15352021e+00   1.72514607e+00
    1.26328308e+00   1.27103339e+00   6.00229255e-01  -2.58946522e+00
    2.67599666e+00  -7.80712778e-01   2.04050877e+00   4.42442816e-01
    2.41136968e+00   3.93914182e-01   5.04217669e-02  -1.81864193e+00
   -3.36876241e-01 
   -1.33457833e-01  -2.77017902e+00   3.51563879e-01   8.44463344e-01
   -6.18537285e-01   1.24333967e+00  -1.14700289e+00  -2.21798606e+00
   -1.68238460e+00  -1.38989747e-01   1.12081773e+00   1.30273122e-01
   -2.67055080e+00   1.87284611e+00  -3.32463290e-01   2.50181606e-01
    5.23836063e-01  -1.25134777e+00   1.03778657e+00   1.62738816e+00
   -7.67098311e-01  -1.28022134e+00  -1.43837990e+00  -2.69208889e+00
   -1.64280199e+00  -1.57563853e+00   3.44787838e+00   1.04155487e+00
   -1.17312782e+00  -3.63341595e-01   1.55338683e+00   2.60176468e+00
   -4.63804285e-01 
   -1.21552260e+00   4.35184350e+00  -1.28306494e+00  -2.54988213e+00
   -2.03680779e+00  -1.18600160e+00  -1.11018513e+00  -2.05119865e-02
    1.09846813e+00  -2.29233494e+00  -2.62767338e+00   3.29492419e-01
   -6.61963118e-01   1.31182099e+00  -1.71124867e-01   1.64400506e+00
   -7.16255534e-01  -4.97753991e-01  -4.46615494e-02  -8.80076422e-01
    8.32255572e-01   1.87685255e+00  -6.01230271e-01   9.51991223e-01
    5.92333438e-01  -1.63177787e+00  -1.45652418e+00   3.16036157e-03
    1.10851994e+00  -8.23607503e-01   1.66485133e+00   1.15610720e+00
   -5.75487704e-01 
   -4.35162201e-01  -9.42078267e-01  -2.54224252e+00  -2.06219399e+00
   -2.04479556e+00   9.37073461e-01  -7.33230730e-03  -1.65597050e-01
   -6.65943265e-01   3.40273025e+00   4.06340171e-02   2.16556992e+00
   -1.00517204e+00   2.88016898e-01  -4.71305643e-01  -1.29427730e+00
   -7.61566514e-02  -1.12075479e+00  -4.11109465e-01  -1.43431511e+00
    3.30447028e-01  -3.76218630e-01  -8.92855175e-01  -7.10075048e-01
   -4.56478782e-02  -1.80467825e-01  -1.82490772e+00   4.73914942e-01
    1.56599184e+00  -1.22351897e+00   1.99994618e+00  -4.39071152e-01
   -2.13282691e-01 
   -2.58819214e-01  -8.07000399e-01   5.43176557e-01   1.92934871e+00
   -2.25989856e+00   1.26322127e+00  -2.31092731e-01   1.03025269e+00
    9.30900473e-01  -7.26000887e-01  -9.04466964e-01   6.07346371e-02
   -1.67987182e+00  -7.19415644e-01  -2.58808178e+00   2.06867183e+00
   -2.96719741e+00   4.11714718e-01   1.02131098e+00  -8.35258960e-01
    7.83294537e-01  -5.93885116e-01   1.39872010e+00   3.57475735e-01
    2.87398826e-01  -2.04542063e+00   9.28685862e-01  -1.32600909e+00
    2.98515164e-02  -1.09228270e+00  -8.73133532e-01   7.06356909e-01
   -5.01392159e-01 
   -5.65500412e-01   2.13056078e+00   3.46532612e-01  -1.08081333e+00
   -9.29959922e-01  -1.76984757e-01   9.73653178e-01   1.54403477e+00
   -9.96753073e-01   2.49617365e-01  -9.67151320e-01  -6.41973997e-01
    2.47362107e-01   4.19824378e-01   1.93267301e+00  -1.12564564e+00
    5.07123933e-01   3.08865081e-01  -1.29013636e+00   4.46721852e-01
   -6.87926632e-01   1.01925767e+00  -3.06352265e-01  -2.85692120e-01
    9.53459818e-01  -1.21501123e+00  -3.76670254e-01  -3.55268923e-01
   -2.40647333e+00  -1.16389170e-01  -1.79904447e+00  -2.83636940e+00
   -8.61227513e-01 
   -1.84165097e-01  -1.72824592e+00  -2.31835162e+00   1.88660096e+00
    1.34298531e+00   9.06719025e-01  -4.55189189e-01  -4.91796638e-01
    1.94671820e+00   1.25556708e+00   1.45177664e-01   4.09594058e-01
   -1.45814199e-01   2.53725801e-01  -1.05267053e+00  -4.92602577e-01
   -2.41995346e-01  -1.79858957e+00  -9.38981922e-01   1.64859838e+00
   -5.06523692e-01   7.45261975e-01   3.46469321e-01  -1.48688740e+00
   -5.28314794e-01  -1.51691079e+00  -1.62977916e+00  -5.58659038e-01
    1.09117136e+00  -4.87734304e-01  -8.67012221e-01  -6.20811764e-01
   -2.00969613e-01  