NN 16 32 16   -3.69445035e+00  -8.64486240e-01  -2.05886956e-01   6.37328789e-01
    2.47437702e+00  -1.05949518e+00  -1.94518270e+00  -2.07907131e+00
    3.10348880e+00  -1.27772432e+00  -2.31970568e-01   2.19760153e-01
    8.84853293e-01  -2.21448838e-01   2.53421059e-01  -5.23969631e-01
   -8.51733800e-01 
    6.39674814e-01  -5.72554021e-01  -4.04406481e-01  -2.72816153e-01
    1.06317684e+00  -3.06251881e-01   1.07133669e-01   5.62878087e-01
   -2.61339186e+00   6.93421597e-01   2.10884799e+00  -3.71774422e+00
    7.43707760e-01   7.32193399e-01  -2.00376920e+00   1.30908830e+00
    5.91761447e-01 
   -9.21180338e-01   1.71810099e-01  -2.60074249e+00   8.32499433e-01
    2.54092999e+00  -1.80894274e+00  -5.81170331e-01  -7.69261785e-01
   -1.05764326e+00   5.31780429e-01  -2.39531149e-01   1.68406270e-01
    1.46171135e+00  -7.57709240e-01  -2.48419008e-01   1.99114131e+00
    1.45349837e-01 
    1.62747676e+00  -7.86655431e-01  -1.25086665e+00   1.01137105e+00
    4.75015829e-02  -1.08790252e+00   8.59726375e-01  -4.36595697e-01
   -1.55156653e+00   7.54936688e-01  -1.61248626e+00   1.70233123e+00
    1.70035929e+00  -1.62680050e+00   1.11755614e+00  -1.92542955e+00
   -2.59192346e-01 
   -2.04244011e-01  -1.45402834e+00   1.56904359e+00  -1.05772687e+00
   -1.34473960e-01  -6.21733509e-01   7.43036271e-02  -2.06946859e+00
    1.17395497e+00  -5.11203617e-01   3.00066103e-02   1.97022983e+00
    1.56860889e+00   2.19988947e+00  -1.22293351e-01  -1.44659202e+00
   -6.92712514e-01 
   -3.76719315e-01   1.19539917e+00   1.79733727e+00  -1.25320433e+00
    7.69860325e-01   1.26181978e+00   1.93923534e+00  -3.14431559e-01
   -4.26407411e-03  -1.98916268e-01  -1.97547125e+00   4.72325432e-01
   -8.07978804e-01  -1.40135918e+00  -4.29365288e-01  -7.54600662e-02
    6.14314525e-02 
    8.00328268e-01   1.56293832e+00   1.57088719e+00  -1.89144087e+00
    2.83000149e-02   3.26536681e-02  -1.88071813e+00   1.17603433e+00
   -5.44591560e-01   5.43330413e-01   7.96729539e-01   2.18886787e-01
   -2.07155081e-01  -4.77988932e-01  -1.44973098e+00   7.71824342e-01
   -7.17391727e-01 
    8.39563585e-01  -1.29932362e+00   1.09875649e+00  -4.99665302e-01
    5.26853840e-01   4.02939840e+00  -2.00746141e+00  -2.26441260e-01
    2.27441950e+00   2.22346699e+00   4.15104579e-01  -5.94672305e-01
   -6.74033748e-01  -2.69218166e+00  -1.36546899e+00  -1.27540072e-01
   -6.98402904e-01 
    1.68492359e-01   2.56596817e+00  -8.00881269e-01  -1.01425454e+00
    7.19024501e-01  -1.21030688e+00  -1.15674009e+00  -1.45564283e-01
   -1.58753839e+00   2.41579656e+00   1.36670430e+00  -1.17260786e+00
    8.41912333e-01  -1.76194860e+00   1.38521227e+00  -1.56933715e+00
   -1.25671657e-01 
   -1.36439773e+00  -1.33890065e-01  -6.56228525e-01   1.19031061e+00
    1.77078753e+00  -8.90862758e-01   1.21436563e+00  -8.51918595e-01
   -1.01682411e+00   1.11310171e+00   4.82523749e-01   1.93849303e+00
   -2.71795464e+00   5.20853621e-01  -6.39337077e-01  -1.33071959e+00
    3.17879944e-01 
   -4.34304152e-01   4.48732568e-01  -6.01672080e-02  -2.73915677e+00
   -1.99408859e+00  -1.53766606e+00  -1.46334842e-02   4.08419380e+00
   -1.08145048e+00   5.81758185e-01  -5.36181277e-01   2.99663698e+00
   -1.02966815e+00  -3.69793944e-01  -1.40728198e-01  -3.51400592e-04
   -6.31727514e-01 
    2.95895229e+00  -8.24310977e-01   3.28546069e-01   1.90395825e+00
    1.53498463e+00  -5.68070695e-01  -1.36597840e+00   5.94638312e-01
    2.63145308e-01  -1.12628320e+00   4.81728054e-01  -3.87763673e-01
   -2.84767164e+00   4.71528576e-01   1.06679117e+00  -8.31387834e-01
   -1.17680621e-01 
   -1.75996313e-01  -2.09472825e+00   1.39979228e+00   7.18361823e-02
   -3.40998177e-02   3.31330066e-01  -3.38555443e+00  -1.18885419e-01
   -1.83513304e+00   9.80796887e-01   2.90875195e+00  -3.40426841e-02
   -4.17203404e-01   1.27874127e+00  -6.19351963e-01  -6.76085106e-01
   -1.25346475e+00 
   -4.02469932e-01   2.88245353e-01  -4.23930269e-01   1.20429808e-01
    2.19200599e+00  -1.91946385e+00   8.48613379e-01   9.75356435e-01
    1.20298263e+00   1.64652644e+00  -2.24513979e+00  -1.66487200e+00
   -8.99618274e-01   4.62908241e-01  -3.12616997e-01  -3.23111959e-02
   -4.93327453e-02 
    1.60483306e+00  -1.86097562e+00   4.65695508e-01   2.83914942e+00
   -2.21862282e+00   6.94902546e-01   4.93515882e-01  -8.87587877e-01
   -1.70187000e+00  -1.63884582e-01  -4.70713836e-01  -2.36295875e-01
    7.21675913e-01   2.33117588e+00  -2.12513656e+00  -1.70501019e-01
    5.62783421e-01 
    1.32865512e+00  -1.05793177e+00  -3.24311763e-01   6.86762039e-02
   -2.38515183e-01  -2.66227363e-01   3.12036081e+00  -2.95356022e+00
   -1.39735893e+00  -8.90174617e-01  -5.05141347e-01  -8.99458828e-01
    1.19812026e+00  -1.94421666e+00   8.24822823e-01   4.58573524e-01
    4.56429301e-01 
    1.50207082e+00   7.01534394e-01  -3.11867831e+00  -4.05048032e+00
    9.61424513e-01   6.23750311e-02   8.57552922e-01   1.54272943e+00
    8.62607729e-01   2.13294741e-01  -8.08998558e-01  -1.12255697e+00
   -3.17589536e-01   1.73261668e+00  -5.34207447e-01   1.09631837e+00
    2.43110094e-01 
   -1.40176891e+00   4.14763508e-01  -2.38826616e-01   2.38469875e-01
    7.43555015e-01  -1.51544240e+00   7.19310543e-02   2.50042564e-01
    1.55044538e+00  -8.63473559e-01   1.10644514e+00   1.52562888e-01
    8.96048951e-01  -1.02073918e+00  -6.45327788e-01   1.18812578e+00
   -6.37862149e-01 
   -1.87356210e-01  -2.33782901e+00   2.18101032e+00  -1.26159707e-01
   -2.36431556e+00   2.98539622e-01  -2.96000147e-01   1.59260781e+00
    1.87234686e-01   1.50630560e+00  -1.70533761e+00  -5.18149704e-01
    5.23960371e-01  -1.18823245e+00   5.80786455e-01   5.91189504e-01
    7.57452010e-02 
   -1.31321174e+00   5.34967497e-01  -8.78003768e-01   2.17787290e+00
   -7.93464159e-01   1.78179287e+00   1.06119719e+00  -1.49588867e+00
   -2.85376140e-01  -1.73484138e+00  -6.26574817e-01   6.81720936e-01
    1.82761904e+00   1.79020311e-01  -2.24763863e-01  -2.16720294e+00
    3.90037473e-01 
    3.02533126e-02   2.57951515e+00   1.07272128e+00  -4.47837428e-01
   -2.30193147e-01  -4.63571153e+00   1.21561202e+00   3.45466573e+00
    1.49942571e+00  -2.22120981e+00   7.24806554e-01  -2.48237593e-01
   -4.26838047e-01  -6.74357032e-01   7.66481656e-01  -2.44484937e-01
   -2.28382310e-01 
   -2.66801037e+00   9.78293487e-01   1.84007050e+00  -1.69193921e-02
    1.58836314e+00  -8.92728114e-01  -1.21562671e+00  -4.16790199e-01
    2.33213796e+00  -1.22255946e+00   3.19250975e-01  -1.82017641e+00
    5.83496357e-01   4.96828225e-01  -1.11238429e+00  -4.05217733e-01
    6.55214294e-01 
   -2.49563334e-01  -6.80821666e-01   6.98568349e-01  -9.20912418e-01
    2.29517243e+00  -1.18914871e+00   9.93672297e-02   2.40127006e+00
   -2.49066030e+00  -7.03025728e-01   1.32430545e+00   7.81135402e-01
    4.74538929e-01  -7.29404668e-01  -4.15100119e-01  -1.01363794e+00
   -3.09418146e-01 
   -1.99322747e+00   2.19762122e-01  -1.42572335e+00   2.08976066e+00
   -9.32031175e-01   1.10577305e+00   8.51838880e-01  -6.73444618e-01
    9.98709102e-01   1.48957688e+00   1.52000167e+00  -1.80527512e+00
    8.22637462e-01  -1.35080026e+00   5.78401315e-01  -2.59083310e-01
   -6.30040097e-01 
    1.81248739e+00   1.67630191e+00  -1.99389349e+00  -9.50828431e-01
   -3.62206847e+00  -1.26041258e+00   9.46580484e-01   4.88400837e-01
    1.31464322e+00  -2.43183909e+00   1.96080790e+00  -7.81894516e-02
    6.10015058e-01  -3.21482636e-01  -7.48874380e-01   1.37472517e-01
   -1.36697002e-01 
    1.76217945e+00   2.60349264e-01  -1.78699845e+00  -1.43765827e-01
   -1.00566641e+00  -4.80545514e-01   2.78360699e+00  -2.95866286e+00
   -1.09796382e-01  -1.23686001e-01   2.56841069e-01   1.04066954e+00
   -1.91124844e-01   1.35387607e+00   8.36209550e-01   1.14810201e+00
   -5.14458922e-01 
   -5.79414273e-01  -5.81532105e-01   1.95085807e+00  -4.03065162e-01
    1.60163823e+00   1.76186071e+00  -3.25582358e+00   2.74449904e-01
    2.00859869e-01  -9.27205781e-01  -3.24911527e+00   4.71115801e-02
    1.84662876e+00  -1.47347265e+00  -1.43181449e-01   2.95640701e+00
   -3.30698547e-01 
   -8.22714742e-01   2.71541652e+00   1.18985103e+00   4.53262007e-02
   -1.30292901e+00   1.97524936e+00  -5.20354613e-01  -1.69515621e-01
   -9.72582212e-01  -2.11950846e+00  -2.50278098e-01  -1.89143581e-01
   -9.35483476e-01   5.44164373e-01  -1.11061395e-01   7.30209894e-01
   -5.59733524e-01 
   -2.21458417e-01  -9.90895580e-01  -1.28770726e+00   1.11455399e-01
   -4.07839729e-03   2.60297578e+00  -7.72922759e-01   8.46903874e-01
    2.97586375e-01  -2.55107428e+00   1.28233013e+00  -3.19859090e-01
   -1.40023646e+00   1.84425065e-03   3.05818674e+00  -1.47613688e+00
    6.38096757e-01 
   -2.62512455e-01   2.19070979e+00   3.20924516e-01  -8.90929912e-01
    8.54912705e-01  -1.61130948e+00  -2.45745984e+00  -1.37974847e+00
   -4.68383998e-01  -8.85253558e-01  -1.67475246e-01   8.82850642e-01
    7.35532143e-01   4.24856913e-01   8.68666216e-02   9.69564189e-01
   -9.90969304e-02 
   -1.02613995e+00   1.72525303e-01   2.75698693e+00   1.45450142e+00
    9.79868948e-01   2.53339226e-01  -1.99137778e+00  -1.28251477e+00
   -8.20038273e-01   7.01003766e-01  -2.04047371e+00  -1.55817245e+00
   -1.76558741e+00   1.46283270e+00   1.58107743e+00   1.06314469e+00
    1.94908647e-01 
    1.52775000e+00   9.00869407e-01  -9.82178137e-01  -2.98510914e-01
   -8.32845454e-01  -2.83843024e-01  -5.05743692e-01  -4.82241754e-01
    1.75675986e+00   1.58321289e+00  -2.25245091e+00  -1.92321499e+00
   -4.53206737e-01  -1.65138474e+00   2.45912965e+00   8.22025657e-01
   -5.01701120e-01      3.45527088e+00  -9.27227812e-01   3.09603747e-01  -2.00727725e+00
   -8.83376588e-01   1.34642765e+00  -7.24269403e-01  -9.83970149e-01
    5.37521020e-01   8.05513441e-01   2.03866152e-01  -3.10509622e+00
   -9.18447612e-01   3.94593821e-01   9.29192282e-01  -1.67162239e+00
   -5.47896496e-02   1.70070394e-01   2.68942916e-01   1.73714592e-01
   -1.23942095e-01   1.85848457e+00   5.91505409e-01   2.18898689e+00
   -1.55769367e+00  -8.06130973e-01   4.46018766e-01  -2.07062194e-01
   -1.43669495e-01  -4.20179683e-01   1.49649718e-01  -1.31239813e+00
   -1.13338343e-01 
    6.98144122e-01   4.79933379e-01  -4.00548075e-01  -2.28937596e-01
    9.58526086e-01  -2.18085648e-01  -1.45333739e+00   8.62587373e-01
   -2.19930641e+00  -2.45542209e-01  -8.88967062e-01  -8.21001690e-02
    1.14570759e+00  -2.88693077e-01   1.64928289e+00   8.12230702e-02
    6.87121245e-02  -9.55552636e-01   2.05784491e+00  -2.04843916e+00
   -1.50333030e+00   2.76167379e-01   4.07449390e-01   4.83400101e-02
   -1.33258758e+00   7.04233880e-01   6.99026948e-01  -4.17597181e+00
    1.36131249e+00  -1.82684484e+00   1.94638322e-02  -1.32865279e+00
    1.48106744e-01 
    5.96107721e-01  -5.48576779e-02   2.78953171e+00   1.07211705e+00
   -1.79674587e+00  -1.77757090e+00  -9.48043268e-01  -9.05216140e-01
    1.45389846e+00   1.12628711e+00   4.22294135e-01   5.77445517e-01
   -2.05300664e+00  -7.22341348e-03  -3.78017271e-01  -1.26297544e+00
    2.19571910e+00  -2.79971142e-02  -1.47386592e+00   1.16310842e+00
   -1.34836918e+00  -2.65379734e+00  -1.18088436e+00   1.21408045e+00
    1.18395245e+00   8.18587100e-01  -2.35031873e+00  -5.56477480e-01
    2.09701836e+00  -2.12954196e-01  -2.30497609e+00   8.05559571e-01
   -3.57282086e-01 
   -1.47759388e+00   4.23503268e-01  -1.42803059e+00  -1.03440100e+00
    1.76618362e+00   1.33438977e+00   1.26649040e+00   2.26956830e-01
    5.34494203e-01  -8.97902166e-01   2.68706461e+00  -2.01486768e+00
    4.86217842e-01  -9.03148093e-01  -3.29558195e+00   9.39680119e-02
    3.79591673e+00  -1.14873897e-01   1.59930812e-01  -2.19812219e+00
   -9.42811306e-01   7.00014305e-01   8.14152753e-01  -2.87217824e+00
    5.49568220e-01   5.16013319e-01  -1.05976200e-01   1.59567497e-01
   -3.72251602e-01   2.48682012e-01  -1.70352792e+00  -6.34384878e-01
   -1.69032592e-01 
   -1.81943015e+00  -1.23128875e+00  -2.15611816e+00  -5.04744348e-01
    1.29109538e-01  -3.45787403e-01   1.19842351e-03  -1.20309106e+00
   -3.03137939e-01  -2.73943724e+00   1.44620419e+00  -5.24939689e-01
   -1.28216708e-01  -2.44302218e+00   2.76174981e+00  -1.68357005e+00
   -2.16623230e-01  -1.43209056e+00   2.41475575e+00  -1.63489460e-01
    1.28998395e+00  -1.39099214e+00  -3.16332548e+00   2.09368590e+00
    2.09727685e+00   1.42102651e+00  -1.60606794e+00  -2.23934502e-01
   -5.10933742e-01  -2.86251331e-01  -1.26217028e+00   1.54852193e+00
   -2.27782859e-01 
   -1.25696274e+00  -2.80585722e-01   6.07814742e-01   4.69917840e-01
    1.08467657e+00  -6.88365066e-01  -4.48189583e-01  -3.63001825e+00
    1.01605655e+00  -2.53942783e-02  -2.05804084e-01   3.39693902e-01
   -9.31427454e-01   1.95795456e+00  -8.14249218e-01  -2.10996023e+00
   -1.44837997e+00   5.71646936e-01  -8.81297606e-02  -2.57599610e+00
    4.50275386e+00   4.88273130e-01  -5.26150196e-02  -3.96194420e-02
    2.28001002e-01   4.66233844e-01  -1.36095477e+00  -1.63839595e+00
   -3.68830258e+00   7.58009808e-01  -1.74383189e-01   3.26880007e-01
   -4.46362382e-02 
    6.88832326e-01  -1.02824833e+00   1.18411601e-01  -1.03605159e+00
   -1.31060898e-01  -2.22351664e+00   1.13372237e+00   8.64495670e-01
    5.17212961e-01  -2.11189138e+00  -7.85511993e-01   2.63763329e+00
    3.04013214e+00  -1.67524135e+00  -1.13981703e+00  -3.86033645e+00
   -9.91012202e-01   1.24511983e-01  -2.07458712e-01  -4.29336093e-01
   -8.13124064e-01  -2.85483398e-01  -3.97454209e-01  -6.16352777e-01
   -1.38173743e+00  -1.62319531e+00   1.08445309e+00   2.03952589e-01
    3.64448971e-01   2.78256354e+00   7.56742328e-01   4.54975547e-01
   -3.48519224e-01 
    1.71227399e-01  -6.73739113e-01   2.05202919e+00  -6.43311178e-01
    1.59336384e+00  -1.37252345e-01  -9.29672045e-01  -1.89658337e-01
   -2.60062908e-01   5.01893730e-01  -4.23800488e+00   7.60296249e-02
    8.08744174e-02  -1.78069418e+00  -3.47822382e-01   2.23283925e+00
   -2.43575960e+00  -5.89447284e-01  -2.28635180e+00  -4.41447419e-01
   -2.47466158e+00  -1.90904197e-01  -2.77878086e+00   2.54606645e-01
   -4.95397143e-01   3.37116642e+00   4.57737706e-01   6.16374129e-01
   -1.43516335e+00   7.96522607e-01   1.13545937e+00  -2.16006376e-01
   -9.38305567e-01 
   -2.06095599e+00   2.35433988e+00   1.12368965e+00   1.33969958e+00
   -1.97213274e+00  -2.88474371e-01   1.23514116e+00  -2.30521382e+00
    2.17609283e+00   3.43692430e-01   6.72033653e-01  -1.50354325e+00
    1.18650306e+00  -1.53302422e+00   1.96293157e+00   1.23368633e+00
   -8.35376132e-01  -2.31290464e+00  -3.40681624e-01   5.45394569e-01
   -1.47404074e+00  -1.71370575e+00   2.08299708e+00  -1.33726439e+00
   -1.84067109e+00  -4.76560132e-01   4.02393715e-02   5.22035215e-01
   -1.33631128e+00  -1.08446263e-01   1.54773548e+00  -1.85075499e+00
   -5.29962339e-01 
    1.01330098e+00  -9.14565376e-01  -8.26413800e-01  -1.33146210e+00
   -1.51320844e-01   1.71840774e-01  -9.41561325e-01  -2.41476214e+00
   -2.38398736e+00  -2.60613398e+00  -1.83591418e+00   1.68975026e+00
   -2.48229469e+00  -1.42531045e+00   1.37717115e-01   1.47216787e-01
    5.64882747e-01   2.49573715e-02  -2.16208765e+00   1.74364870e+00
    1.26888862e+00   1.24547842e+00   5.61608667e-01  -2.56476655e+00
    2.70525206e+00  -7.18105381e-01   1.90659515e+00   4.14818599e-01
    2.34991049e+00   3.86368735e-01  -1.13034994e-02  -1.79218842e+00
   -3.26759036e-01 
   -1.36945543e-01  -2.75315265e+00   3.62224796e-01   8.38093905e-01
   -6.16663290e-01   1.21805499e+00  -1.13902724e+00  -2.28895467e+00
   -1.60971376e+00  -8.34087394e-02   1.13506644e+00   1.01024163e-01
   -2.66067659e+00   1.86277514e+00  -3.91153747e-01   2.30679206e-01
    5.53719245e-01  -1.21452199e+00   9.58860732e-01   1.62711348e+00
   -7.21523443e-01  -1.26864792e+00  -1.38576145e+00  -2.69145645e+00
   -1.66967356e+00  -1.58213936e+00   3.36917566e+00   1.01826297e+00
   -1.20224127e+00  -3.52047118e-01   1.53248850e+00   2.51549137e+00
   -4.66777862e-01 
   -1.27767859e+00   4.28312194e+00  -1.33140812e+00  -2.55091971e+00
   -2.05346036e+00  -1.25011137e+00  -1.12460499e+00   1.68088333e-02
    1.03669541e+00  -2.30720748e+00  -2.60244910e+00   3.01154320e-01
   -6.77963076e-01   1.23539756e+00  -1.49440589e-01   1.60685363e+00
   -7.43133839e-01  -5.35275100e-01  -3.59413431e-02  -8.96234318e-01
    7.76057376e-01   1.78536661e+00  -5.80706739e-01   9.01093154e-01
    6.52988376e-01  -1.67975799e+00  -1.50196001e+00  -3.78902475e-02
    1.13036062e+00  -8.81928960e-01   1.54189624e+00   1.07605650e+00
   -6.16955083e-01 
   -4.36293877e-01  -9.53562875e-01  -2.53864580e+00  -2.04922403e+00
   -2.02360902e+00   9.16307738e-01   1.08886017e-02  -1.77660837e-01
   -6.54806402e-01   3.36863400e+00   5.95918415e-02   2.14089386e+00
   -1.00599243e+00   2.68054082e-01  -4.62150505e-01  -1.30031140e+00
   -7.69876330e-02  -1.10547807e+00  -3.96627087e-01  -1.42282559e+00
    3.45715315e-01  -3.86307395e-01  -8.92007880e-01  -7.08243889e-01
   -2.00625678e-02  -1.82474841e-01  -1.80171928e+00   4.71969873e-01
    1.55009235e+00  -1.20502922e+00   1.97138572e+00  -4.44946068e-01
   -2.08246384e-01 
   -2.88405934e-01  -8.03287888e-01   5.42070324e-01   1.91612270e+00
   -2.25786408e+00   1.24713558e+00  -2.06529646e-01   1.00333830e+00
    9.39783154e-01  -7.42423114e-01  -8.74761732e-01   6.52455126e-02
   -1.66814381e+00  -7.15216547e-01  -2.56187755e+00   2.02799253e+00
   -2.91852773e+00   4.01565039e-01   1.01454704e+00  -8.32904792e-01
    7.82792941e-01  -6.08993499e-01   1.39867785e+00   3.46815430e-01
    3.14559688e-01  -2.04602514e+00   9.25143857e-01  -1.30818869e+00
    5.09515881e-02  -1.06601775e+00  -8.80880493e-01   7.17403827e-01
   -4.83791492e-01 
   -5.81648096e-01   2.07026297e+00   3.04182691e-01  -1.09255409e+00
   -9.61413602e-01  -1.64265730e-01   9.75986818e-01   1.48636763e+00
   -9.48153859e-01   2.27217783e-01  -9.43633432e-01  -6.70013119e-01
    2.25044428e-01   4.33283841e-01   1.85726188e+00  -1.11486232e+00
    4.90926757e-01   2.93177459e-01  -1.26930440e+00   4.27537392e-01
   -6.61628905e-01   1.01910577e+00  -2.79915506e-01  -3.03861787e-01
    9.34381177e-01  -1.24950461e+00  -4.03872205e-01  -3.34695774e-01
   -2.36248219e+00  -1.05766596e-01  -1.77198953e+00  -2.80737351e+00
   -8.75048616e-01 
   -1.99635630e-01  -1.71359245e+00  -2.32010817e+00   1.83639809e+00
    1.33076399e+00   8.90305438e-01  -4.58801129e-01  -4.80559751e-01
    1.87216130e+00   1.22963280e+00   1.61093597e-01   4.13087424e-01
   -1.52663655e-01   2.36717585e-01  -1.04088351e+00  -4.85648349e-01
   -2.35133594e-01  -1.78016756e+00  -9.12483989e-01   1.60062880e+00
   -5.02264233e-01   7.36239091e-01   3.37663098e-01  -1.49056362e+00
   -5.22998944e-01  -1.51295161e+00  -1.62193542e+00  -5.55843041e-01
    1.09087493e+00  -5.11738993e-01  -8.74506857e-01  -6.20327410e-01
   -2.08602367e-01  