NN 16 32 16   -4.10821405e+00  -1.17569275e+00   1.53092476e-01   5.55289483e-01
    2.80697223e+00  -1.02052345e+00  -2.36591765e+00  -2.17347228e+00
    3.44721775e+00  -1.24066390e+00  -3.22906963e-01   2.57372252e-01
    9.29084003e-01  -2.02437656e-01   3.00166831e-01  -6.41735761e-01
   -9.21615267e-01 
    7.81178402e-01  -5.77943396e-01  -3.92881951e-01   6.97371888e-03
    8.87444878e-01  -2.65612659e-01   3.74885528e-01   3.88703881e-01
   -2.83506717e+00   7.96955455e-01   2.35147421e+00  -4.21718008e+00
    8.80223249e-01   6.98053193e-01  -2.36393025e+00   1.39476159e+00
    6.63137509e-01 
   -1.21648933e+00   2.97279474e-01  -2.50070339e+00   8.53621986e-01
    3.00727938e+00  -1.88646423e+00  -7.58896278e-01  -8.78227688e-01
   -9.50065858e-01   8.20330740e-01  -5.20705326e-01   2.62226006e-01
    1.50954860e+00  -6.25570198e-01  -2.29382899e-01   2.20507597e+00
    2.29283282e-01 
    1.78692119e+00  -8.74199516e-01  -1.46300830e+00   1.05687920e+00
    2.18809834e-01  -1.16582043e+00   8.05586082e-01  -4.88792128e-01
   -1.66115567e+00   9.08427703e-01  -1.58396534e+00   1.75523195e+00
    1.78580407e+00  -1.73302765e+00   1.25699364e+00  -2.04500260e+00
   -1.89466844e-01 
   -1.27249694e-01  -1.86006951e+00   1.49515031e+00  -1.36837874e+00
   -1.17962847e-01  -7.63648536e-01  -1.94039315e-01  -2.17337425e+00
    1.22712811e+00  -6.35218087e-01   9.08292024e-02   2.13096024e+00
    1.52860602e+00   2.26273248e+00  -2.32483234e-01  -1.54492749e+00
   -7.45412247e-01 
   -4.74706970e-01   1.25830606e+00   2.05172232e+00  -1.12937356e+00
    7.81670182e-01   1.19862000e+00   2.19817364e+00  -5.09779820e-01
   -3.73864526e-02  -1.85177373e-01  -2.21964616e+00   5.10665217e-01
   -8.44109914e-01  -1.44604101e+00  -4.42529353e-01   3.56441767e-02
    1.49623275e-01 
    1.07453519e+00   1.59919042e+00   1.64803617e+00  -1.98875050e+00
   -2.21736296e-01   3.43127401e-01  -2.06816076e+00   1.66665258e+00
   -5.43805853e-01   4.87725119e-01   9.67184662e-01   1.56676266e-01
   -1.15369227e-01  -4.53740506e-01  -1.45436059e+00   8.23568765e-01
   -7.43136934e-01 
    9.40879341e-01  -1.43658093e+00   1.26845522e+00  -3.31031357e-01
    6.10333157e-01   4.39652556e+00  -2.35522225e+00  -1.10657992e-01
    2.66828686e+00   2.42058039e+00   2.74848728e-01  -2.87283272e-01
   -5.86762091e-01  -2.86295069e+00  -1.43639567e+00  -1.12179196e-01
   -6.48438775e-01 
    7.05854465e-02   2.77663180e+00  -7.51126262e-01  -1.18535017e+00
    6.98710591e-01  -1.31040215e+00  -1.30166795e+00  -2.50273042e-01
   -1.73503530e+00   2.43935799e+00   1.48732643e+00  -1.21670924e+00
    9.97539996e-01  -1.90755669e+00   1.48171047e+00  -1.78015402e+00
   -1.70138481e-01 
   -1.30747812e+00  -2.85029232e-01  -6.95434723e-01   1.12088530e+00
    1.80075291e+00  -8.47079001e-01   1.33215455e+00  -7.45560195e-01
   -1.09758304e+00   8.44707443e-01   9.73320241e-01   2.28929246e+00
   -2.96930435e+00   4.57111048e-01  -8.01205436e-01  -1.32360307e+00
    4.36071924e-01 
   -6.82635040e-01   6.04097146e-01   1.62588534e-01  -2.81328234e+00
   -2.55588093e+00  -1.39098888e+00   1.77903983e-01   4.49175452e+00
   -1.45370459e+00   5.00992232e-01  -3.78308945e-01   3.27278157e+00
   -1.11672555e+00  -3.66850180e-01  -2.31232428e-02   1.29167135e-01
   -5.41555880e-01 
    3.24720763e+00  -8.33385049e-01   2.33389144e-01   1.98916820e+00
    1.61833176e+00  -7.36068584e-01  -1.17715018e+00   6.88638566e-01
    3.00088052e-01  -1.30031461e+00   6.23177069e-01  -5.51345603e-01
   -3.11506681e+00   5.27677983e-01   1.16116610e+00  -1.12081368e+00
   -2.97887877e-01 
   -5.31336632e-02  -2.70472666e+00   1.61266490e+00   4.06020758e-02
   -7.45773099e-02   4.53435357e-01  -3.56477117e+00  -3.34060872e-01
   -1.88870859e+00   1.12495994e+00   3.18341512e+00   9.97629311e-02
   -4.43845791e-01   1.33473029e+00  -4.89590407e-01  -7.29425047e-01
   -1.30003575e+00 
   -7.25839340e-01   5.28303124e-01  -5.47603316e-01   5.77017763e-04
    2.28178476e+00  -2.12203633e+00   1.17024745e+00   1.02913748e+00
    1.06180532e+00   1.53553359e+00  -2.37581643e+00  -1.73515915e+00
   -1.24946971e+00   1.97628881e-01  -4.90232158e-01  -1.65079371e-01
   -2.10534875e-01 
    1.86006307e+00  -1.78656794e+00   7.71292638e-01   3.17439238e+00
   -2.30836256e+00   7.90558980e-01   4.97304961e-01  -9.49451057e-01
   -1.48888706e+00   7.29160783e-02  -5.57504220e-01  -2.36449599e-01
    7.91703485e-01   2.50301706e+00  -2.19159344e+00  -1.22456150e-01
    6.77404907e-01 
    1.68537115e+00  -1.18813314e+00  -3.85508435e-01   2.43739952e-01
   -2.05812459e-01  -2.83282285e-01   3.14612792e+00  -3.06453788e+00
   -1.02201477e+00  -9.99798231e-01  -5.53351601e-01  -8.66887447e-01
    1.19141957e+00  -2.06272963e+00   9.68430620e-01   7.05976190e-01
    5.79165032e-01 
    1.55454739e+00   8.80856759e-01  -2.93509125e+00  -4.63656144e+00
    1.16765786e+00   1.76801033e-01   5.84512733e-01   1.63180262e+00
    8.37897595e-01   3.41914748e-01  -7.19888667e-01  -1.30811144e+00
   -2.97459070e-01   1.64438000e+00  -4.86790737e-01   1.31658750e+00
    3.81779092e-01 
   -1.71054862e+00   5.09420095e-01  -1.74122556e-01   3.79627321e-01
    6.58971590e-01  -1.94816634e+00   4.43338170e-01   2.51181996e-01
    1.53493653e+00  -1.00962530e+00   1.43772100e+00   3.74020864e-01
    8.59223490e-01  -1.13835962e+00  -7.78949788e-01   1.22973350e+00
   -7.39685890e-01 
   -7.05415983e-02  -2.45554134e+00   2.17709820e+00  -3.49626218e-02
   -2.56739282e+00   2.36737415e-01  -2.68829881e-01   1.75374694e+00
    8.38458232e-02   1.56681416e+00  -1.74945631e+00  -5.42156833e-01
    6.16994157e-01  -1.08180637e+00   6.52931056e-01   6.80363508e-01
    1.36755805e-01 
   -1.42967599e+00   5.85065937e-01  -8.07525781e-01   2.40404714e+00
   -7.71244343e-01   1.95175848e+00   1.11277068e+00  -1.81630571e+00
   -3.87115633e-02  -1.61840169e+00  -4.35096008e-01   6.97049672e-01
    1.75045332e+00  -2.15097824e-01  -3.29468420e-01  -2.49985004e+00
    3.24765683e-01 
   -3.70935949e-01   2.78232524e+00   1.25172953e+00  -5.78738628e-01
   -2.38553085e-01  -4.86678642e+00   1.30045082e+00   3.65727380e+00
    1.43158912e+00  -2.68594636e+00   7.55250644e-01   4.39894785e-02
   -4.17210283e-01  -8.14881734e-01   8.52015888e-01  -3.58831437e-01
   -2.68721654e-01 
   -2.81948543e+00   8.30498121e-01   2.18332351e+00   2.05908410e-02
    1.70761829e+00  -1.02241929e+00  -1.55497393e+00  -2.44854381e-01
    2.30219756e+00  -1.15452694e+00   2.63423813e-01  -1.85354645e+00
    3.74847170e-01   4.80008082e-01  -1.24434274e+00  -5.15419720e-01
    6.17008667e-01 
   -2.12431749e-01  -7.35106421e-01   5.49565916e-01  -7.69668689e-01
    2.47831058e+00  -1.07627736e+00   2.35563083e-01   2.56084547e+00
   -2.66154272e+00  -9.33797727e-01   1.44898431e+00   1.00766086e+00
    3.37554122e-01  -8.44270038e-01  -4.91627048e-01  -1.27025843e+00
   -3.66228930e-01 
   -2.04432490e+00   1.56111856e-01  -1.44234261e+00   2.09559644e+00
   -8.72825183e-01   1.13788888e+00   8.54252886e-01  -8.53303822e-01
    1.08010645e+00   1.40958375e+00   1.89526237e+00  -1.65950941e+00
    8.85204063e-01  -1.46653437e+00   5.78628665e-01  -4.13820831e-01
   -6.85079543e-01 
    2.16237225e+00   1.91454380e+00  -2.23246281e+00  -1.28516663e+00
   -3.78054804e+00  -1.60794562e+00   9.22892904e-01   5.66427472e-01
    1.51150590e+00  -2.27111011e+00   1.87772474e+00  -1.35272727e-01
    8.50852002e-01  -3.35219938e-01  -7.17942723e-01   2.27034562e-01
   -7.40378025e-02 
    1.88811508e+00   4.89842461e-01  -2.23501236e+00   2.54562631e-01
   -1.12122286e+00  -5.95983491e-01   2.90074451e+00  -3.09455875e+00
   -2.54369437e-01  -2.19992775e-01   2.84372835e-01   9.18304865e-01
   -1.28464018e-01   1.35386830e+00   7.67659831e-01   1.39525591e+00
   -4.49295660e-01 
   -7.38423340e-01  -3.76302865e-01   2.05195980e+00  -3.34376584e-01
    1.88908142e+00   2.00956960e+00  -3.50729300e+00   2.98908516e-01
    2.33028626e-01  -9.84384602e-01  -3.56707840e+00   1.59064676e-02
    2.00877530e+00  -1.58884139e+00  -2.35845673e-01   3.25168703e+00
   -3.76809356e-01 
   -7.25078470e-01   3.11418041e+00   1.22910848e+00   2.05900894e-01
   -1.41291436e+00   1.83064674e+00  -7.85976562e-01   1.33031781e-01
   -9.89584154e-01  -2.44388329e+00  -1.91033378e-01  -5.19030700e-02
   -1.01407147e+00   6.11735915e-01  -1.71428405e-01   7.21456355e-01
   -6.83068003e-01 
   -1.65194008e-01  -9.60727972e-01  -1.36162313e+00   5.72290623e-02
   -1.86060169e-01   2.70491478e+00  -6.98951339e-01   9.00626781e-01
    3.01893258e-01  -2.94225169e+00   1.12263336e+00  -2.27234271e-01
   -1.57443591e+00  -4.30780942e-02   3.37382128e+00  -1.61033261e+00
    7.22463740e-01 
   -1.77917056e-01   2.61266754e+00   1.02741624e-01  -9.77417251e-01
    1.03858404e+00  -1.80382297e+00  -2.56589744e+00  -1.23756644e+00
   -6.40697286e-01  -1.01126926e+00  -1.91177315e-01   9.11367923e-01
    7.81935824e-01   5.11843995e-01   2.46194622e-01   9.81508117e-01
   -1.70543738e-01 
   -7.73660613e-01   4.10953352e-02   3.23017160e+00   1.73075733e+00
    8.55879437e-01   5.57601468e-01  -2.26022771e+00  -1.41227849e+00
   -8.18750764e-01   7.59032276e-01  -2.12733912e+00  -1.48128696e+00
   -1.86378214e+00   1.86232523e+00   1.90512650e+00   1.26326272e+00
    2.83000870e-01 
    1.62048383e+00   1.04750954e+00  -1.20219053e+00  -1.61862606e-01
   -9.23607606e-01  -1.03737139e-01  -4.27388708e-01  -5.94352778e-01
    1.87009522e+00   1.84402031e+00  -2.42065982e+00  -2.16043462e+00
   -4.59005652e-01  -1.82504072e+00   2.54769484e+00   8.99125366e-01
   -5.35375432e-01      3.73586748e+00  -1.07532727e+00   4.95801227e-01  -2.03041177e+00
   -9.00885157e-01   1.54529031e+00  -8.22244494e-01  -1.12969454e+00
    3.82931864e-01   6.74175418e-01  -1.11579875e-01  -3.21810207e+00
   -7.84172436e-01   6.93766206e-01   1.06145027e+00  -1.45001649e+00
   -8.54641799e-02   5.55523575e-02   2.31097339e-01  -1.56795487e-01
   -1.88048606e-01   1.80107086e+00   8.16878340e-01   2.10299760e+00
   -1.36508214e+00  -9.03032325e-01   2.87609691e-01  -1.42567178e-01
   -4.66487297e-02  -2.08796586e-01   1.28945641e-01  -1.19289282e+00
    1.11288059e-02 
    5.15847547e-01   3.72783748e-01  -2.41807968e-01  -3.17372830e-01
    1.10287031e+00  -3.59274534e-01  -1.38426916e+00   8.69337938e-01
   -2.03656389e+00  -2.84369659e-01  -8.25045106e-01   3.80069003e-02
    1.12250518e+00  -1.65502182e-01   1.47379939e+00  -4.53458746e-03
   -9.66002269e-02  -1.26055625e+00   2.00371401e+00  -2.04927929e+00
   -1.46538838e+00   1.78216746e-01   4.16342308e-01   1.65695326e-02
   -1.25013531e+00   7.36007662e-01   7.67147966e-01  -4.60730575e+00
    1.56270411e+00  -1.63968339e+00   1.11837738e-01  -1.18452429e+00
    2.93858467e-01 
    6.44006330e-01  -1.81395181e-01   2.89467930e+00   1.24077697e+00
   -1.73006264e+00  -1.97719661e+00  -1.28293387e+00  -8.30477399e-01
    1.28156517e+00   1.03143858e+00   2.90610603e-01   5.85250650e-01
   -2.10136998e+00   1.96912533e-02  -4.76141758e-01  -1.20814711e+00
    2.12242807e+00   1.26528612e-01  -1.43668865e+00   1.44340983e+00
   -1.26010099e+00  -2.46628509e+00  -1.02972232e+00   1.23199105e+00
    1.31232080e+00   7.65412625e-01  -2.61261332e+00  -4.77977560e-01
    2.22718186e+00  -4.93990597e-02  -2.22782736e+00   9.54608128e-01
   -3.18436667e-01 
   -1.49775490e+00   2.42364628e-01  -1.59693091e+00  -1.03151619e+00
    2.00682541e+00   1.30974083e+00   1.18774432e+00   9.69053170e-02
    4.90376723e-01  -8.32629172e-01   2.93560345e+00  -2.00181464e+00
    2.86903692e-01  -8.67564365e-01  -3.17359067e+00   2.95036648e-01
    3.94948192e+00  -1.04595044e-01   1.01159247e-01  -2.19087181e+00
   -9.58323590e-01   5.79307307e-01   7.95606212e-01  -2.82455080e+00
    7.22547803e-01   5.02715133e-01   7.96581399e-02   1.71118094e-01
   -1.70973682e-01   2.41521081e-01  -1.65591529e+00  -5.02866945e-01
   -1.44799659e-01 
   -2.03165202e+00  -1.18121261e+00  -2.33942825e+00  -5.86664548e-01
   -4.94621915e-02  -3.94610594e-01  -5.05938429e-03  -1.21520160e+00
   -2.25606609e-01  -3.13460225e+00   1.60655466e+00  -6.83473849e-01
   -1.76555343e-01  -2.61011373e+00   2.94894008e+00  -1.78963977e+00
   -3.65152940e-02  -1.68125499e+00   2.54445022e+00  -4.25230757e-01
    1.17281791e+00  -1.16484413e+00  -3.40996052e+00   2.16134622e+00
    1.82541003e+00   1.15621626e+00  -1.53989729e+00   3.74558405e-03
   -2.12986806e-01  -4.42155907e-02  -1.10874732e+00   1.98363175e+00
   -1.86640493e-01 
   -1.65171840e+00  -3.29686450e-01   5.72731102e-01   2.65004527e-01
    1.23455704e+00  -6.57079364e-01  -5.25094794e-01  -3.66500208e+00
    1.10022377e+00   1.40614784e-01  -3.10810880e-01   3.87125429e-01
   -1.03722942e+00   1.89845765e+00  -6.82045572e-01  -2.10018817e+00
   -1.33331908e+00   7.18535008e-01  -2.51721936e-01  -2.45947087e+00
    4.33500905e+00   4.75625678e-01  -3.17972070e-01  -2.84142207e-01
    6.41768658e-01   6.84393010e-01  -1.22677926e+00  -1.76852672e+00
   -3.74915793e+00   7.80710303e-01  -2.14079623e-01   3.58187472e-01
    3.03644344e-02 
    8.54864943e-01  -1.49182540e+00  -1.19573994e-01  -8.56327295e-01
   -1.90742263e-01  -2.65343027e+00   9.07390086e-01   8.84448174e-01
    5.18561591e-01  -2.08478191e+00  -5.41412704e-01   2.74723414e+00
    2.99084155e+00  -1.61275921e+00  -1.12009760e+00  -4.01283566e+00
   -8.24748201e-01  -6.01149725e-02  -2.31344858e-02  -7.78619265e-01
   -8.80387294e-01  -1.66757906e-01  -3.27916739e-01  -8.74003197e-01
   -1.42313009e+00  -2.14765245e+00   8.19402506e-01   3.18643455e-01
    4.80292299e-01   2.64957699e+00   9.32596322e-01   1.26485461e-01
   -5.61804631e-01 
    1.10161843e-01  -6.50840324e-01   2.22855078e+00  -6.49584250e-01
    1.77346943e+00  -1.17732721e-01  -9.51065777e-01  -1.91061273e-01
   -1.87425416e-01   4.86920072e-01  -4.42739312e+00   2.80684476e-01
    2.80863011e-01  -1.91550918e+00  -5.78164828e-01   2.25778145e+00
   -2.57214168e+00  -5.32124967e-01  -2.32846632e+00  -2.15456893e-01
   -2.74606891e+00  -1.02250893e-01  -3.03575616e+00   2.60614698e-01
   -3.78700969e-01   3.46646287e+00   3.27428830e-01   6.67434345e-01
   -1.49335789e+00   8.17392740e-01   1.17988419e+00  -1.20181830e-01
   -1.16924396e+00 
   -2.16923542e+00   2.50449357e+00   1.23370137e+00   1.61018139e+00
   -2.06234225e+00  -2.52836906e-01   1.24832687e+00  -2.40273834e+00
    2.39881155e+00   3.11218476e-01   7.75545677e-01  -1.61823554e+00
    1.07438792e+00  -1.68725589e+00   1.86895432e+00   1.26634496e+00
   -6.38881809e-01  -2.58157766e+00  -3.73238593e-01   5.47574358e-01
   -1.51533016e+00  -1.86319530e+00   2.20991389e+00  -1.26360778e+00
   -1.93386496e+00  -3.17209617e-01   5.62962334e-03   3.18751290e-01
   -1.42185192e+00   9.70225191e-04   1.47857093e+00  -1.96102434e+00
   -5.55416072e-01 
    1.18621977e+00  -1.01979047e+00  -9.88088698e-01  -1.59646008e+00
   -1.57541986e-01   1.34806564e-01  -1.07076712e+00  -2.61020242e+00
   -2.63620065e+00  -2.61000783e+00  -1.96638055e+00   1.95628567e+00
   -2.62533093e+00  -1.44728901e+00   2.45116440e-01   2.09678152e-01
    5.05083717e-01  -7.40589614e-02  -2.33333730e+00   1.70836061e+00
    1.34208807e+00   1.28788497e+00   5.19245683e-01  -2.52685807e+00
    2.68998506e+00  -9.84792335e-01   2.06348505e+00   6.54474997e-01
    2.68295021e+00   4.79604127e-01   7.28430503e-03  -2.02962052e+00
   -5.10240969e-01 
   -1.98541764e-02  -2.95406059e+00   5.16419175e-01   1.01216071e+00
   -6.21543700e-01   1.43025508e+00  -1.17933797e+00  -2.26283630e+00
   -1.85697154e+00  -1.57778146e-01   1.21172313e+00  -3.25477584e-02
   -2.61941375e+00   1.92223609e+00  -3.22588791e-01   2.66128338e-01
    3.95298491e-01  -1.37337217e+00   1.13343579e+00   1.62245473e+00
   -7.85219963e-01  -1.34701006e+00  -1.35694147e+00  -2.88569014e+00
   -1.63446137e+00  -1.69512379e+00   3.67315137e+00   1.04576947e+00
   -1.21269082e+00  -3.13976431e-01   1.63360294e+00   2.65950947e+00
   -5.19140537e-01 
   -1.15148306e+00   4.64628035e+00  -1.40764688e+00  -2.60240619e+00
   -2.16638976e+00  -1.21479498e+00  -1.16540244e+00  -6.66724852e-02
    1.07746109e+00  -2.40512308e+00  -2.72619889e+00   3.98472564e-01
   -6.35278434e-01   1.34452672e+00  -3.13337297e-01   1.64838812e+00
   -6.48117638e-01  -5.69520381e-01  -3.19114667e-02  -8.98220845e-01
    7.68854029e-01   1.84521157e+00  -6.70568465e-01   9.91603057e-01
    4.40436585e-01  -1.64865887e+00  -1.47055127e+00  -2.50234086e-02
    1.15047676e+00  -9.42180726e-01   1.83750147e+00   1.27345421e+00
   -6.61105845e-01 
   -4.28405573e-01  -1.01280693e+00  -2.54115990e+00  -2.11832428e+00
   -2.14879049e+00   9.74300130e-01  -6.25467568e-02  -1.82307116e-01
   -7.06875684e-01   3.66294890e+00   1.29250505e-01   2.20080799e+00
   -9.76493605e-01   3.91796168e-01  -5.66133606e-01  -1.35032572e+00
   -1.23835464e-01  -1.11789995e+00  -4.42757051e-01  -1.52004226e+00
    2.99485628e-01  -3.52258672e-01  -9.02777159e-01  -7.12560614e-01
   -1.16689849e-01  -2.24948818e-01  -1.93937018e+00   4.94174085e-01
    1.58928642e+00  -1.24681517e+00   2.08427134e+00  -4.45399937e-01
   -2.25045234e-01 
   -2.51962930e-01  -7.97244139e-01   5.06877579e-01   1.98904618e+00
   -2.40855552e+00   1.34545343e+00  -2.44322163e-01   1.12469457e+00
    9.72682404e-01  -7.58663806e-01  -9.26383956e-01   1.15622006e-01
   -1.72315083e+00  -7.46176548e-01  -2.71797947e+00   2.19411567e+00
   -3.08517052e+00   4.78044401e-01   1.03166739e+00  -8.44340723e-01
    8.70695111e-01  -5.88672234e-01   1.47508788e+00   3.72965104e-01
    2.62117126e-01  -2.09393922e+00   9.41738083e-01  -1.36433151e+00
   -9.20832826e-03  -1.17206378e+00  -9.36352660e-01   7.61573951e-01
   -5.66354842e-01 
   -5.77875077e-01   2.27309577e+00   3.45777677e-01  -1.11408337e+00
   -9.70124529e-01  -2.08908928e-01   9.85304648e-01   1.58505140e+00
   -1.08987736e+00   2.58786612e-01  -1.00725831e+00  -6.40449390e-01
    2.38368117e-01   3.89309434e-01   2.00486766e+00  -1.20684866e+00
    4.97979883e-01   2.71175966e-01  -1.43229231e+00   4.29936952e-01
   -7.92893131e-01   1.00859299e+00  -3.62078591e-01  -3.77252006e-01
    9.99230836e-01  -1.23887478e+00  -3.75243557e-01  -4.02264758e-01
   -2.64492181e+00  -1.36682996e-01  -1.93884528e+00  -2.96436431e+00
   -9.57850106e-01 
   -1.68443605e-01  -1.79892987e+00  -2.41183904e+00   2.05302487e+00
    1.37935880e+00   8.94444151e-01  -4.20414077e-01  -5.09899944e-01
    2.10905508e+00   1.26803283e+00   1.72066694e-01   5.23549764e-01
   -5.00900866e-02   2.68013432e-01  -1.07326436e+00  -5.98359274e-01
   -2.60954296e-01  -1.91998393e+00  -9.41812162e-01   1.67586193e+00
   -4.54725425e-01   7.59080921e-01   4.45345005e-01  -1.59038659e+00
   -5.09770380e-01  -1.60507799e+00  -1.63981757e+00  -6.57614852e-01
    1.12241035e+00  -4.99113005e-01  -8.86222056e-01  -6.59616334e-01
   -2.03763440e-01  