NN 16 32 16  -4.15149572 -1.15192054  0.19197882  0.51120182  2.78554116 -1.13685033
  -2.18471386 -2.38500938  3.62759339 -1.16826842 -0.32381148  0.13987701
   0.92822342 -0.21804591  0.2995957  -0.67140241 -0.94270807 
   0.69920763 -0.57984945 -0.32375832  0.15316423  0.90683804 -0.25246023
   0.2571424   0.59833392 -2.94278608  0.85037334  2.36297694 -4.28767674
   0.98166058  0.75678551 -2.37058376  1.48448406  0.74654369 
  -1.19391009  0.09552368 -2.48403028  1.0261166   2.94228833 -1.87283995
  -0.83413183 -0.77459579 -0.96335278  0.75741996 -0.60058129  0.29683302
   1.53525165 -0.61559971 -0.2031919   2.29919364  0.25799081 
   1.70693446 -0.59840819 -1.46219629  1.14565705  0.21216614 -1.09568394
   0.7841553  -0.49438188 -1.75858671  0.95111645 -1.71997101  1.74617495
   1.81147009 -1.74247228  1.31476768 -2.06500238 -0.16496675 
  -0.17998742 -1.78540313  1.69273494 -1.50218788  0.00720428 -0.66683076
  -0.08822152 -2.20941122  1.26759053 -0.61281522  0.07313789  2.18425065
   1.5692474   2.3283358  -0.17273223 -1.50460236 -0.68752893 
  -0.39587674  1.18545887  2.04620371 -1.27240562  0.78546087  1.1675608
   2.30697179 -0.57211467  0.04135758 -0.20910268 -2.3028994   0.39775036
  -0.87982754 -1.45796427 -0.45630336  0.01760756  0.14108378 
   1.23349005  1.5997859   1.58219027 -2.03720309 -0.08323478  0.33987817
  -2.24967685  1.60836136 -0.58622939  0.47744685  0.95063586  0.08883937
  -0.09445753 -0.44618482 -1.48875374  0.80026131 -0.78192274 
   0.83208816 -1.51245984  1.22888136 -0.44354346  0.72142506  4.49831275
  -2.45472879 -0.15096344  2.67526219  2.44833668  0.40139034 -0.28584837
  -0.64576335 -2.88869249 -1.51926627 -0.16552709 -0.690492   
   0.16807054  2.91467565 -0.68712115 -1.09622813  0.65990752 -1.31583964
  -1.40888807 -0.28472171 -1.80932101  2.4051239   1.51666799 -1.24241244
   1.08787664 -1.94534898  1.53367612 -1.81262665 -0.15418666 
  -1.24481075 -0.36623584 -0.76654789  1.35857388  1.80230237 -0.82808056
   1.22795898 -0.67683448 -1.18450857  0.72543826  1.03746015  2.32439986
  -3.13967773  0.4330151  -0.83600547 -1.37888192  0.42804874 
  -0.82249625  0.54377798  0.23148901 -2.81632675 -2.74979337 -1.3234256
   0.22752826  4.65816723 -1.48791784  0.507888   -0.39543743  3.24132764
  -1.22874869 -0.37038942 -0.0259798   0.09402898 -0.57745305 
   3.35868775 -0.79872829  0.25483702  1.99561188  1.66120191 -0.72904099
  -1.29991547  0.65283098  0.23542112 -1.35405115  0.70512266 -0.56276412
  -3.05616361  0.53935977  1.17788872 -1.18680797 -0.33335749 
  -0.1542904  -2.69503411  1.60704788  0.21434959  0.06338979  0.29977168
  -3.68190101 -0.59235571 -1.7843704   1.09529672  3.2664104   0.02792032
  -0.47241137  1.33582642 -0.50062732 -0.76636061 -1.33116929 
  -0.61027586  0.42602017 -0.54706033  0.0577948   2.47468427 -2.21190804
   1.22085443  0.95398866  1.09639125  1.46410057 -2.34278204 -1.78119264
  -1.28606981  0.19250968 -0.48897169 -0.16672766 -0.195943   
   1.9708219  -1.89931735  0.69399235  3.2702814  -2.38878793  0.75227998
   0.40668906 -0.95864498 -1.53524086 -0.03254181 -0.57333912 -0.34556512
   0.67297113  2.43857778 -2.30959716 -0.2036033   0.5883871  
   1.65378808 -1.24192621 -0.3260323   0.13036303 -0.31643163 -0.29453394
   3.2431737  -3.03023791 -1.16570746 -1.06652828 -0.68621702 -0.96855162
   1.22118085 -2.0871972   0.95133282  0.71967641  0.55360875 
   1.62784142  0.74270633 -3.02463971 -4.70653225  1.22821228  0.33336636
   0.59649533  1.65747812  0.69627883  0.44268166 -0.72612294 -1.26576056
  -0.32325669  1.70457015 -0.50083811  1.3299431   0.37648172 
  -1.64236997  0.5930755  -0.23572041  0.40181952  0.5888272  -2.08675481
   0.34159786  0.27839197  1.51075942 -0.96106766  1.47233518  0.42712516
   0.90367512 -1.1456532  -0.80387293  1.26820567 -0.75947669 
  -0.18617799 -2.5275125   2.3132497  -0.06344059 -2.52595317  0.38098299
  -0.39820663  1.80450908  0.04164123  1.52033767 -1.68789534 -0.3958384
   0.49768376 -1.02546963  0.66959828  0.70244075  0.13897426 
  -1.36120656  0.57781529 -0.77514183  2.31694678 -0.89712714  1.91597424
   1.36125041 -1.89738743  0.02143712 -1.78119931 -0.45976377  0.51704767
   1.72107342 -0.35743822 -0.38182807 -2.60726337  0.28182022 
  -0.23167251  2.92736478  1.3389053  -0.52643939 -0.13998258 -4.98213763
   1.36590736  3.62079793  1.53900907 -2.54344417  0.90422196  0.21242341
  -0.25645937 -0.75208856  0.97654413 -0.27311539 -0.15981923 
  -2.82844847  0.72604347  2.18968788 -0.09372859  1.7566148  -0.9992978
  -1.73345672 -0.04679536  2.4811269  -1.0353523   0.38275201 -1.81506337
   0.39802043  0.48060919 -1.27969449 -0.50746603  0.65546248 
  -0.00745589 -0.88519806  0.39405728 -0.51967937  2.53428489 -1.08309188
   0.21642106  2.66386592 -2.70784216 -0.95299271  1.51275191  0.97948853
   0.39958587 -0.8479641  -0.4885066  -1.33777246 -0.36044823 
  -2.07487403  0.20244421 -1.45762995  2.02537835 -1.01086814  1.11475334
   0.95375004 -0.76521869  1.12983582  1.45105819  2.06707384 -1.5921314
   0.8921823  -1.44462923  0.63431522 -0.36281932 -0.63109997 
   2.27662586  1.79148244 -2.11780976 -1.50550514 -3.90745071 -1.63753176
   0.9537939   0.63402059  1.4196929  -2.42937206  1.8259442  -0.03458501
   0.87371317 -0.34959705 -0.73710672  0.23058611 -0.0824192  
   1.97236631  0.48408572 -2.25301093  0.28383479 -1.2066753  -0.60532382
   3.00386408 -3.19004649 -0.20077352 -0.22473715  0.24174833  0.84889737
  -0.14675381  1.40049654  0.79825378  1.46282065 -0.42680163 
  -0.58223492 -0.18953121  2.07209215 -0.22863793  1.95209662  1.93360759
  -3.62401357  0.23366749  0.31631662 -0.91283467 -3.59246755  0.02476796
   2.21270699 -1.53192875 -0.18495136  3.40147053 -0.3099223  
  -0.61787397  3.19663829  1.1829658   0.01491506 -1.47593458  1.78056106
  -0.70146641 -0.01360546 -0.91875462 -2.51884972 -0.13621419  0.09699335
  -0.90336581  0.6991919  -0.16190592  0.76122884 -0.68075905 
  -0.26490778 -0.899374   -1.36511168  0.02037438 -0.15465876  2.86621404
  -0.61765685  0.86156044  0.19491436 -3.07561506  1.14367529 -0.34064225
  -1.63581971 -0.0160145   3.40404346 -1.66082004  0.71851714 
  -0.14064326  2.77810967  0.16043697 -1.11075924  0.92009559 -1.80142477
  -2.60790706 -1.25400686 -0.66424076 -1.09267288 -0.2391646   0.85406481
   0.7999059   0.47879879  0.2392099   0.94854754 -0.22072873 
  -0.74715178 -0.00557897  3.19494374  1.87397874  0.83450646  0.53559884
  -2.4629578  -1.51981672 -0.84257145  0.58466886 -2.25943395 -1.61888247
  -1.94951429  1.8157455   1.85429776  1.20467053  0.19748716 
   1.70740056  0.91805019 -1.28712534 -0.22325177 -0.9701685  -0.12964701
  -0.4569019  -0.56671474  1.94609407  1.84262283 -2.50495839 -2.0969288
  -0.52623173 -1.80146428  2.57455945  0.928261   -0.55106808      3.74609053e+00  -1.13253819e+00   4.05334611e-01  -2.06951170e+00
   -1.01191532e+00   1.46451594e+00  -8.29957455e-01  -1.06708181e+00
    3.55648273e-01   5.94039370e-01  -1.11463648e-01  -3.31753009e+00
   -8.05164931e-01   6.13853331e-01   1.08096424e+00  -1.52979613e+00
   -1.38969068e-01   4.63026499e-02   2.26286979e-01  -2.24820529e-01
   -9.85166149e-02   1.65155543e+00   7.32056612e-01   2.13989778e+00
   -1.26276662e+00  -9.94605490e-01   2.46878481e-01  -1.84550940e-01
    6.60295948e-02  -2.38800200e-01  -4.83559385e-05  -1.08236028e+00
   -7.18314497e-03 
    5.71775082e-01   5.15810569e-01  -2.48142252e-01  -2.98731450e-01
    1.11869999e+00  -2.56297106e-01  -1.19728699e+00   8.59434877e-01
   -2.04037106e+00  -1.46253842e-01  -8.16482671e-01  -2.63122676e-02
    1.12459639e+00  -4.93394716e-02   1.36837467e+00  -6.95125132e-03
   -9.93223082e-02  -1.19152731e+00   2.01783433e+00  -2.08991371e+00
   -1.36344112e+00   3.35753046e-01   5.71848191e-01   1.27804615e-01
   -1.36898912e+00   7.16150460e-01   6.37283887e-01  -4.68177502e+00
    1.51740235e+00  -1.71349211e+00   1.61628049e-01  -1.19345124e+00
    4.20929926e-01 
    4.96518498e-01  -1.49009653e-01   2.71701623e+00   1.25978579e+00
   -1.87568308e+00  -2.09432007e+00  -1.21537560e+00  -8.29946895e-01
    1.23397869e+00   1.10927757e+00   3.62906585e-01   6.61030173e-01
   -1.86787929e+00   7.73616975e-02  -4.80600478e-01  -1.33200071e+00
    2.16300083e+00   3.54356430e-02  -1.26396599e+00   1.45753096e+00
   -1.32175810e+00  -2.57648783e+00  -9.28078149e-01   1.27157599e+00
    1.30134020e+00   6.42058893e-01  -2.50784093e+00  -3.76278484e-01
    2.31187958e+00  -9.43972503e-03  -2.04337825e+00   1.01906543e+00
   -2.39686835e-01 
   -1.59348134e+00   1.69440669e-01  -1.65165182e+00  -1.06288754e+00
    1.94444082e+00   1.24571788e+00   1.16540964e+00   5.99133255e-02
    4.48641425e-01  -9.41265838e-01   2.97983101e+00  -1.95271802e+00
    2.63100359e-01  -8.15234605e-01  -3.28884043e+00   1.78121911e-01
    3.82553212e+00  -1.96294042e-01  -5.37117431e-04  -2.20269214e+00
   -1.12181571e+00   4.32588954e-01   7.61738992e-01  -2.94587674e+00
    5.75765077e-01   4.64190209e-01   5.18301451e-02   1.90574055e-01
   -2.46447168e-01   2.64884065e-01  -1.73535495e+00  -5.98330442e-01
   -2.64913718e-01 
   -2.02952418e+00  -1.36885309e+00  -2.38335049e+00  -7.11509940e-01
   -7.55722590e-02  -2.96182433e-01  -2.34966764e-01  -1.30484955e+00
   -3.13793206e-01  -3.14216198e+00   1.57893270e+00  -7.28525337e-01
   -2.64465194e-01  -2.65009323e+00   2.93799979e+00  -1.78613480e+00
   -1.51317465e-02  -1.67439529e+00   2.48295444e+00  -4.03935157e-01
    1.19294689e+00  -1.12455595e+00  -3.54981550e+00   2.15748474e+00
    1.74431623e+00   1.20748149e+00  -1.58836961e+00  -1.54125017e-02
   -5.85742671e-02  -2.81298993e-02  -1.04756204e+00   1.96623946e+00
   -2.21852993e-01 
   -1.74070901e+00  -3.14443916e-01   5.84164194e-01   2.89496837e-01
    1.26647251e+00  -6.91856859e-01  -4.48966636e-01  -3.53607733e+00
    1.18772282e+00   1.96078680e-01  -1.97668099e-01   4.81985873e-01
   -9.66189271e-01   1.91663951e+00  -6.89324129e-01  -2.14980625e+00
   -1.42521111e+00   7.30851289e-01  -1.87554759e-01  -2.48504319e+00
    4.22183145e+00   5.56029614e-01  -2.52720650e-01  -2.28463413e-01
    6.24523247e-01   6.48348753e-01  -1.15719834e+00  -1.79814187e+00
   -3.89165728e+00   7.88226474e-01  -1.39698526e-01   4.16983042e-01
    7.89834183e-02 
    8.34008663e-01  -1.52446187e+00  -7.36835807e-02  -7.84858683e-01
   -1.32120030e-01  -2.72738695e+00   1.02003163e+00   1.05526037e+00
    6.90508522e-01  -2.01765574e+00  -5.68436907e-01   2.78250188e+00
    3.03411977e+00  -1.67862862e+00  -1.08386566e+00  -3.97958731e+00
   -8.91079706e-01   3.45754210e-02   1.27066559e-02  -6.70793891e-01
   -7.87436792e-01  -5.08563537e-02  -3.18799849e-01  -7.59422650e-01
   -1.21724863e+00  -2.08927937e+00   8.96121696e-01   5.15712980e-01
    5.52797214e-01   2.80656926e+00   1.15829772e+00   8.43727439e-02
   -4.19626438e-01 
    1.06429611e-01  -6.33717380e-01   2.23308854e+00  -6.23164255e-01
    1.95310962e+00  -1.86498130e-02  -9.62316506e-01  -2.22090620e-01
   -2.45526806e-01   5.75776196e-01  -4.45166643e+00   1.27710506e-01
    3.59891974e-01  -1.95950918e+00  -3.98420287e-01   2.37274153e+00
   -2.57232225e+00  -4.89664457e-01  -2.20173625e+00  -1.94353370e-01
   -2.63198112e+00  -1.43636215e-02  -3.01536652e+00   2.90980616e-01
   -3.62668594e-01   3.50835638e+00   3.30540080e-01   7.19868404e-01
   -1.47347189e+00   7.25690440e-01   1.28495576e+00  -2.21910775e-01
   -1.17986745e+00 
   -2.14249288e+00   2.52943158e+00   1.32928277e+00   1.67511733e+00
   -2.09835059e+00  -2.79142852e-01   1.27799624e+00  -2.37882632e+00
    2.47234803e+00   3.65021248e-01   8.24676732e-01  -1.59853256e+00
    1.07009779e+00  -1.74069198e+00   1.83504858e+00   1.19982983e+00
   -6.12462501e-01  -2.56290689e+00  -3.71337801e-01   5.03927540e-01
   -1.48036334e+00  -1.82410319e+00   2.35269590e+00  -1.22555726e+00
   -2.04136371e+00  -3.21014285e-01   2.90638587e-02   2.48911237e-01
   -1.45182917e+00   6.98738848e-02   1.49278948e+00  -1.99033770e+00
   -5.56660607e-01 
    1.17666096e+00  -1.01163763e+00  -9.73490880e-01  -1.62226070e+00
   -8.86314040e-02   9.90674916e-02  -1.12802432e+00  -2.65011068e+00
   -2.68200330e+00  -2.67082081e+00  -1.97482485e+00   2.03093491e+00
   -2.65994667e+00  -1.47253133e+00   3.52826136e-01   3.74713324e-01
    5.33452994e-01  -9.61999592e-02  -2.30382071e+00   1.67595495e+00
    1.35504341e+00   1.21257667e+00   4.92487990e-01  -2.50384619e+00
    2.72564968e+00  -1.00119843e+00   2.17328214e+00   5.85821495e-01
    2.80876693e+00   4.61546027e-01  -2.75824172e-02  -2.02321479e+00
   -5.22463665e-01 
    9.14399581e-03  -3.06260947e+00   5.14205435e-01   1.05757565e+00
   -5.75654697e-01   1.43110885e+00  -1.24123619e+00  -2.25682855e+00
   -1.95972969e+00  -2.03142646e-01   1.19398727e+00  -6.81068651e-02
   -2.61184422e+00   1.87445732e+00  -3.59748775e-01   3.01794283e-01
    3.11581252e-01  -1.41854381e+00   1.11991307e+00   1.61800872e+00
   -8.21301562e-01  -1.35360638e+00  -1.40570202e+00  -3.01433961e+00
   -1.61926490e+00  -1.70969907e+00   3.67779626e+00   9.80446726e-01
   -1.19907508e+00  -3.45342527e-01   1.58911168e+00   2.64557051e+00
   -5.81428488e-01 
   -1.13329454e+00   4.78900634e+00  -1.44929317e+00  -2.63101194e+00
   -2.21990909e+00  -1.22472186e+00  -1.15000410e+00  -1.46980940e-01
    1.11931322e+00  -2.40140304e+00  -2.70396669e+00   3.63440546e-01
   -6.46057684e-01   1.36875206e+00  -3.77321444e-01   1.62116459e+00
   -5.35494707e-01  -5.42309349e-01  -1.63241506e-02  -9.36243154e-01
    8.02802673e-01   1.82152405e+00  -6.17463220e-01   1.03312496e+00
    4.34949283e-01  -1.66332213e+00  -1.54022385e+00  -9.49516796e-03
    1.15437097e+00  -9.91880459e-01   1.84151833e+00   1.25788003e+00
   -6.76853705e-01 
   -4.28921201e-01  -9.81201509e-01  -2.52781349e+00  -2.13104160e+00
   -2.17481603e+00   1.01070361e+00  -7.90870075e-02  -1.66144833e-01
   -7.04619382e-01   3.72624289e+00   1.22229448e-01   2.23687816e+00
   -9.88747133e-01   4.36494220e-01  -5.65794851e-01  -1.34753976e+00
   -1.07064125e-01  -1.12231493e+00  -4.70635694e-01  -1.52926664e+00
    2.96210318e-01  -3.39025354e-01  -9.00841255e-01  -7.12515199e-01
   -1.39001174e-01  -2.05924678e-01  -1.96943905e+00   5.26723572e-01
    1.59657056e+00  -1.25317806e+00   2.12447681e+00  -4.21965819e-01
   -2.11404758e-01 
   -2.44204000e-01  -7.94804612e-01   4.64557198e-01   1.97298828e+00
   -2.47279956e+00   1.37161492e+00  -2.56835951e-01   1.14268543e+00
    9.64240766e-01  -7.65277968e-01  -9.58832582e-01   1.36787747e-01
   -1.73116773e+00  -7.55602756e-01  -2.76812775e+00   2.22370171e+00
   -3.15394417e+00   4.84145207e-01   1.02628630e+00  -8.50040407e-01
    8.92955841e-01  -5.66911882e-01   1.50250373e+00   3.64725930e-01
    2.28906868e-01  -2.14658195e+00   9.46350447e-01  -1.36004661e+00
   -1.73927320e-02  -1.21280938e+00  -9.41971492e-01   7.46597899e-01
   -6.14147999e-01 
   -5.93864539e-01   2.32928020e+00   3.58121018e-01  -1.11572684e+00
   -9.66184676e-01  -2.22610697e-01   9.98701655e-01   1.58043587e+00
   -1.11230657e+00   2.76696945e-01  -9.72750294e-01  -6.29478925e-01
    2.17936119e-01   3.93212349e-01   2.03495649e+00  -1.22309416e+00
    5.12893401e-01   2.77303891e-01  -1.47056560e+00   4.23710702e-01
   -7.96059063e-01   9.84794388e-01  -3.69727575e-01  -4.16525324e-01
    1.07038263e+00  -1.20754918e+00  -3.99679001e-01  -4.32387159e-01
   -2.71647836e+00  -1.34572187e-01  -2.00703300e+00  -3.00113474e+00
   -9.74969662e-01 
   -1.58789158e-01  -1.82541394e+00  -2.44711872e+00   2.10894672e+00
    1.40145881e+00   8.85191971e-01  -4.02834811e-01  -5.18688639e-01
    2.16566616e+00   1.28508987e+00   2.19052145e-01   5.51757007e-01
   -3.07540823e-02   2.69277543e-01  -1.07486311e+00  -6.51892708e-01
   -2.61668174e-01  -1.94719673e+00  -9.40072089e-01   1.69586135e+00
   -4.07601341e-01   7.73366426e-01   4.69191347e-01  -1.60016001e+00
   -4.78514553e-01  -1.64032493e+00  -1.67041778e+00  -6.78733884e-01
    1.13825289e+00  -4.96625744e-01  -9.08117688e-01  -6.84365294e-01
   -2.01152729e-01  