NN 16 32 16  -2.65014821 -0.48752063 -0.55584997  0.78046653  1.2744826  -0.51488671
  -0.82112622 -1.03073438  1.71265907 -1.28684409  0.02257133  0.843674
   0.60467589 -0.13471736  0.111651   -0.22710315 -0.63473661 
   0.46209582 -0.0200973  -0.42986922 -0.78159624  0.78545994 -0.17634428
  -0.06812451  0.59309295 -1.62375309  0.64688779  1.47299068 -2.82038309
   0.42394424  0.65732193 -1.08970555  0.96191925  0.50541549 
  -0.21497824  0.01960443 -2.00029583  0.98364179  1.79885192 -1.30532118
  -0.61267031 -1.03829604 -0.89290862  0.30661861  0.20911092  0.0977486
   1.51072877 -0.89193853 -0.01953133  1.12775393  0.22101442 
   1.27687684 -0.65571929 -0.62410452  0.6619554  -0.3695111  -0.84679916
   1.0872191  -0.06324051 -1.10806179  0.87661606 -0.94069703  1.35039665
   1.36919309 -1.53867136  0.80965493 -1.24481343 -0.38087819 
  -0.38126735 -1.06039653  1.04227648 -0.9160604  -0.48889162 -0.69306047
  -0.10823254 -1.47225052  1.24469341 -0.15275985 -0.34989841  1.5029406
   1.25444164  1.58687707  0.09118933 -1.28496998 -0.77691597 
  -0.23839094  0.7860092   0.84571376 -0.85200526  0.19452496  0.97974857
   0.98023915  0.110879   -0.06866084 -0.34919651 -0.79813193  0.72505657
  -0.61599581 -1.05503691 -0.19460228 -0.14006501 -0.1677565  
   0.36303427  1.2076283   1.13142799 -1.35175316 -0.19887118  0.00652575
  -1.45666989  0.83126296 -0.55138117  0.47203271  0.69773245  0.53410003
  -0.25386678 -0.29886883 -0.98523023  0.65561591 -0.52455898 
   0.2950229  -1.12205605  0.72315253 -0.41187644  0.59553444  2.85558176
  -1.4421101  -0.0430722   1.72016863  1.90100283  0.89733718 -0.88262083
  -0.67783925 -1.82955319 -1.01920338 -0.06586519 -0.73709702 
   0.38808856  1.91912015 -0.98000756 -0.40002671  0.66036047 -1.06518306
  -0.39932463 -0.06980565 -1.33832141  1.973529    1.06911054 -0.81172263
   0.35027939 -1.37989716  0.79948743 -0.901444   -0.124904   
  -1.32815206  0.41222039 -0.78567948  0.89562798  1.6342712  -0.65342961
   1.22783352 -0.40354553 -0.6872471   1.31740017  0.29039176  1.45647972
  -2.00984097  0.33319365 -0.12468399 -0.99947944  0.11201003 
  -0.67142158  0.77519501 -0.10128259 -2.28997731 -1.90099329 -0.74159827
   0.28770908  2.98892934 -0.66761814  0.91528029 -0.81240347  1.80192552
  -0.58857197 -0.00494196 -0.01006861  0.01030883 -0.62043245 
   1.90111674 -1.09362153  0.70543559  1.56690438  0.96566768 -0.0038908
  -1.29848491  0.38086184  0.41331608 -0.62187    -0.44476207 -0.45503177
  -2.15962175  0.17602413  0.56679585 -0.44826973 -0.01650842 
   0.13101736 -1.35443105  0.84714514 -0.35124993  0.25821872 -0.20920366
  -2.63483081  0.34826335 -1.6531228   0.8796839   2.36836742  0.28010895
  -0.3006305   0.91016596 -0.55550287 -0.40313875 -0.9515236  
  -0.09941695 -0.28675831 -0.71774883  0.33339388  1.67943248 -1.64394011
   0.72448741  0.33159693  0.90234124  1.34820631 -1.91812727 -1.59864828
  -0.51986057  0.56503116 -0.23357003 -0.20305089 -0.0976936  
   0.6251971  -1.92237357  0.19679437  2.20798443 -1.85148006  0.97613279
   0.20868884 -0.41433038 -1.41869582  0.12534534 -0.09810266 -0.59737729
   0.67092873  2.01704961 -1.26383724  0.08577652  0.657186   
   1.20577245 -0.96224549 -0.01455499  0.06268121 -0.18184165  0.44209011
   2.61511405 -2.36288984 -1.37294754 -0.53518752 -0.25655459 -0.7480906
   1.42825815 -1.43633387  0.57208795 -0.02907452  0.39815279 
   1.38914003  0.58283625 -2.33319929 -3.1670321   0.24847894  0.21278653
   0.98967621  1.44481353  0.67147333 -0.25615905 -0.97441338 -0.4754202
  -0.21296154  1.93363213 -0.47120985  0.66547596  0.07097299 
  -1.18630997  0.24907979  0.0876377   0.12467755  0.79010342 -0.75944117
  -0.28173812  0.10203706  1.17843973 -0.66569302  0.66340321 -0.24408172
   0.46785383 -0.64915119 -0.38410401  0.66691252 -0.49205339 
   0.00933081 -1.52332964  1.27992056 -0.40037831 -2.09504918  0.57591979
   0.34081168  1.21938649  0.4344399   1.61219488 -1.59533078 -0.6802624
   0.32214163 -0.99947694  0.47356136  0.48234422  0.08738962 
  -1.2305221   0.57394163 -0.90672835  1.45524557 -0.49675642  1.78945445
   0.11718061 -0.99034694 -0.40867426 -1.61570831 -0.56007665  0.51249259
   1.42186704  0.52932227 -0.18887458 -1.26889092  0.39488959 
   0.08644096  2.15374604  1.10243123  0.03188673 -0.47222224 -3.38920952
   0.80262389  2.54791947  1.20341623 -1.286543    0.44628581 -0.88522732
  -0.76619375 -0.37942503  0.33938664 -0.01437929 -0.23545711 
  -2.19146743  0.5157334   1.34140869 -0.57827537  1.32250455 -0.81747659
  -0.32553192 -0.58582235  1.65620412 -1.18430172  0.1222617  -1.52664828
   0.39130839  0.64858395 -0.91079332 -0.19229623  0.53651352 
  -0.48237244 -0.6279487   0.75023826 -1.14436006  1.7820383  -1.33527169
   0.20280067  1.73660516 -1.86925756 -0.75033954  0.90956512  0.47315007
   0.61613095 -0.65731057 -0.33461124 -0.40459047 -0.3465315  
  -1.49406645  0.04360824 -1.23497833  1.80651445 -1.08034991  0.75959164
   0.30130082 -0.72283258  1.47445657  1.62181262  1.14040203 -1.56769598
   0.55576384 -1.12663968  0.36862828 -0.13860846 -0.52392017 
   1.40142625  1.18171973 -1.33184754 -0.54936137 -2.523491   -0.47018078
   0.82665372  0.23695113  1.00694228 -2.21428532  1.98209549 -0.27990223
  -0.03144517 -0.14785593 -0.54717714 -0.04819145 -0.19192904 
   1.04940012 -0.12752932 -1.23597494 -0.44193411 -0.98734975 -0.46223274
   1.94610188 -2.61773885  0.03404349 -0.49351417  0.73164609  1.16618359
  -0.04963973  1.12814035  0.87713957  0.33815797 -0.60497763 
  -0.88611632 -0.72519271  1.64427911 -0.07484515  1.16672339  1.23727716
  -2.02794086 -0.35867039  0.16188311 -0.68598391 -2.22623627  0.70427699
   1.35349768 -0.81673698  0.19828508  1.84181353 -0.10927841 
  -0.69108297  2.13806017  1.23734458  0.10202115 -0.62379508  1.94597261
  -0.46935917 -0.28277481 -1.07026925 -1.06437289 -0.55226793 -0.30002412
  -0.8308652   0.56953299 -0.07999498  0.4201527  -0.38835239 
  -0.31778866 -1.41471103 -0.59856717  0.35731258  0.65295168  2.07967521
  -0.71644835  0.59017425  0.49578224 -1.64326338  1.13543234 -0.09012577
  -1.08176031  0.08024958  1.64216487 -1.02068514  0.30764078 
  -0.16180202  1.38187062  0.5856091  -0.51430791  0.45596775 -0.93992694
  -2.09911317 -1.50674369  0.06537031 -0.52548984  0.00969892  0.55524667
   0.49575098  0.29257229 -0.15208685  0.70540124  0.10059967 
  -1.26317263  0.16124211  2.20581305  1.3291437   0.87388207  0.26641788
  -1.20098096 -0.84830047 -0.42036376  0.50144448 -1.49019884 -1.07069367
  -1.19074407  0.95608064  0.88009515  0.61856709  0.23003544 
   1.13010586  0.80733252 -0.66344283 -0.31029941 -0.66665348 -0.13358579
  -0.77804475 -0.27575637  1.30356135  1.13119558 -1.48970959 -1.18890253
  -0.24840442 -1.22133056  1.97385331  0.38450962 -0.3875954       2.64092032e+00  -6.26530118e-01  -1.51384860e-01  -1.76957368e+00
   -4.51927041e-01   4.31230718e-01  -2.87474255e-01  -8.25242744e-01
    4.41748904e-01   1.14227461e+00   5.03878821e-01  -2.33502967e+00
   -1.03212323e+00   1.55137526e-01   2.58565515e-01  -1.52379297e+00
   -5.68549967e-01   3.61229518e-01  -9.86586767e-02   8.40254830e-01
   -4.14618886e-01   2.42794975e+00   3.93391603e-01   1.74690853e+00
   -2.35389456e+00  -1.10534281e+00   5.64147833e-01  -1.36624108e-01
   -3.39227871e-01  -2.66236183e-01   7.53152969e-01  -1.63156901e+00
   -3.55218217e-01 
    5.00352481e-01   2.06527946e-01  -3.49910094e-01   4.30473707e-01
    9.30190361e-01  -2.82321474e-01  -1.28630678e+00   9.74761337e-01
   -2.10492238e+00  -5.44699260e-01  -8.45273342e-01   4.43449933e-01
    1.64007019e+00   2.18179577e-01   1.94292116e+00   5.60146850e-01
   -1.99977815e-02  -5.90654099e-01   1.89580018e+00  -1.65501337e+00
   -1.73778704e+00   2.73187229e-01   6.28815716e-02   3.58097353e-01
   -1.53462173e+00   1.36808584e-01   9.29339382e-01  -3.23322814e+00
    1.26705269e+00  -1.39067009e+00  -2.92800895e-02  -1.03615673e+00
    1.31104271e-01 
    8.64286158e-01   3.22481438e-01   2.42376305e+00   5.07239883e-01
   -1.89273259e+00  -7.66713644e-01  -1.11252867e+00  -8.82956670e-01
    1.50043290e+00   1.11397316e+00   1.83138884e-01  -2.81591257e-01
   -1.48861158e+00   4.29366895e-01  -2.17873136e-01  -1.18844280e+00
    2.17182173e+00  -3.10003112e-01  -1.15367222e+00   9.39883945e-01
   -1.30298154e+00  -1.80305791e+00  -8.39770300e-01   1.16054513e+00
    1.15237746e+00   1.22431766e+00  -1.88263584e+00  -1.00102870e+00
    1.51435458e+00  -5.81444476e-01  -2.73745074e+00   7.80404648e-01
   -4.52577041e-01 
   -8.54169152e-01   8.10011363e-01  -1.21638451e+00  -8.42160995e-01
    1.32596192e+00   1.12111959e+00   1.24772371e+00   2.74990948e-01
    2.13614534e-01  -9.01325438e-01   2.01869199e+00  -2.22428984e+00
    7.25920522e-01  -9.36800966e-01  -2.94762760e+00   2.07605032e-02
    3.62982165e+00  -3.24997974e-01   1.00052987e+00  -1.60827436e+00
   -1.20860148e+00   7.37298825e-01   9.00451234e-01  -2.54314411e+00
    1.62602361e-01   5.02729489e-01   4.31933563e-01  -1.90514300e-02
   -2.79549964e-01   4.03168075e-01  -1.74289807e+00  -2.19438271e-01
   -6.40876570e-02 
   -1.05157152e+00  -9.39356854e-01  -1.69744364e+00   1.01467506e-01
    2.46197097e-01  -1.79059997e-01   3.52310286e-01  -7.89558728e-01
   -4.69173241e-01  -2.38637646e+00   1.26142272e+00  -3.65890481e-01
   -3.93686501e-01  -2.23594467e+00   2.38518466e+00  -8.70390899e-01
   -3.56753448e-03  -1.36997054e+00   2.65959011e+00   2.22028234e-01
    1.44561822e+00  -1.12403172e+00  -2.63630796e+00   2.10827152e+00
    1.56544084e+00   1.49989217e+00  -1.35006550e+00  -4.61400516e-01
   -1.06857073e+00  -7.45974030e-01  -8.05200372e-01   8.77913005e-01
   -5.89242324e-02 
   -1.62801026e-01  -8.55484926e-03   5.99915007e-01   9.36803744e-01
    8.59774421e-01  -5.34341962e-01  -2.63164415e-01  -3.25318841e+00
    8.72268961e-01   2.64073574e-02   6.71604508e-02  -1.86837788e-01
   -5.13689241e-01   1.91622847e+00  -9.61247865e-01  -1.63071276e+00
   -7.15669160e-01   2.51018957e-01  -3.64843467e-01  -2.65236570e+00
    4.15335653e+00   4.44740956e-01   5.74692300e-01  -3.04476656e-02
   -2.80730056e-01   4.72655244e-01  -1.59230077e+00  -1.39992640e+00
   -3.09675615e+00   6.66379779e-01  -3.10669255e-01   4.52569837e-02
    7.13690303e-02 
    4.00950125e-01  -3.14975148e-01   5.38291966e-01  -1.26687504e+00
   -5.42049205e-01  -1.03988881e+00   1.36990965e+00   9.84665211e-01
   -8.52777464e-02  -2.25240507e+00  -5.64717156e-01   1.82695656e+00
    3.30078853e+00  -1.31802099e+00  -9.45744948e-01  -3.50465784e+00
   -1.08353488e+00   1.09355065e-01  -5.23498737e-01   4.09501761e-01
   -9.57352663e-01  -2.69632793e-01  -4.48638914e-01  -5.56181477e-01
   -1.83159199e+00  -1.54268503e+00   1.11248257e+00   4.49673949e-01
   -6.54347242e-02   2.56331989e+00   3.17336419e-01   6.61039900e-01
   -2.73283654e-01 
    1.01547268e-01  -9.49239816e-01   1.80006912e+00  -5.59909487e-01
    1.24069000e+00   1.00815195e-02  -8.91050068e-01   2.51295152e-01
    6.61440948e-02   3.18040849e-01  -3.69917236e+00  -2.01688318e-01
   -5.08396987e-01  -8.21719839e-01  -4.78253703e-01   1.98075163e+00
   -1.80547713e+00  -5.89676573e-01  -2.27519926e+00  -1.32620127e-02
   -2.27754504e+00  -1.30277757e-02  -2.45476695e+00   1.73289239e-01
   -2.00954940e-01   2.50503661e+00   7.08572692e-01   5.70067214e-01
   -1.54635153e+00   1.27306220e+00   6.50647669e-01  -3.75000897e-01
   -4.36228167e-01 
   -1.52771375e+00   1.94194452e+00   9.38769841e-01   9.44019161e-01
   -1.78026264e+00  -2.06425023e-01   1.06062439e+00  -1.94730249e+00
    1.72858002e+00   3.13616009e-02   3.36790340e-01  -1.32875360e+00
    9.60752497e-01  -1.31273442e+00   1.82752900e+00   1.44356005e+00
   -8.80113224e-01  -1.62648867e+00  -4.05647103e-01   3.95736179e-01
   -1.27838421e+00  -1.37729897e+00   1.88366179e+00  -1.56217792e+00
   -1.12385463e+00  -6.77708670e-01  -8.20760894e-02   7.50053096e-01
   -9.94565421e-01  -2.03906620e-01   1.04420389e+00  -1.37412538e+00
   -4.76893513e-01 
    7.00370858e-01  -5.74254531e-01  -4.33651893e-01  -1.02183326e+00
   -2.23791193e-01  -4.16693916e-02  -8.64716476e-01  -2.17083552e+00
   -2.09221644e+00  -1.87263981e+00  -1.80648721e+00   1.22970119e+00
   -1.72013120e+00  -1.36773936e+00  -4.82194983e-02  -7.78362368e-02
    5.93120323e-01   6.66836906e-02  -1.91268156e+00   1.82126936e+00
    8.74837917e-01   1.14829674e+00   7.99865311e-01  -2.37383694e+00
    2.26768449e+00  -2.93404382e-01   1.23887319e+00  -1.16946724e-01
    1.85671556e+00   1.54804948e-01   6.04847563e-02  -1.34482933e+00
   -5.29063475e-02 
   -6.32807867e-01  -1.96254098e+00   1.01901772e-01   6.26275527e-01
   -4.97625511e-01   6.67259128e-01  -8.64762249e-01  -2.12312646e+00
   -1.07899381e+00  -1.41032115e-01   8.57865652e-01   6.79290104e-01
   -2.48266352e+00   1.72201845e+00  -3.40104616e-01   1.78997805e-01
    7.39089683e-01  -1.06032474e+00   6.79807303e-01   1.25325855e+00
   -6.03739332e-01  -8.95843506e-01  -1.10038294e+00  -2.22739502e+00
   -1.78827662e+00  -1.53832432e+00   2.62279128e+00   6.05987481e-01
   -9.60199398e-01  -5.17671258e-01   1.14221615e+00   1.91870988e+00
   -2.73584063e-01 
   -1.38223263e+00   3.19734901e+00  -8.11708556e-01  -2.26094870e+00
   -1.67006593e+00  -8.36879183e-01  -9.99246628e-01   4.07680673e-01
    8.99271662e-01  -1.96261891e+00  -2.26492404e+00   5.60964153e-02
   -9.49084342e-01   1.45444189e+00   3.06361847e-01   1.25292573e+00
   -7.28177891e-01  -4.01684469e-01  -1.41836700e-02  -5.89777488e-01
    7.73995723e-01   1.71891600e+00  -4.90569675e-01   7.40024366e-01
    1.02101790e+00  -1.79238455e+00  -1.08447147e+00  -1.79990721e-02
    6.28495915e-01  -6.19389767e-01   8.04565236e-01   1.10560109e+00
   -3.45443675e-01 
   -5.06267825e-01  -5.78976975e-01  -2.34042950e+00  -1.71493060e+00
   -1.77318510e+00   6.84429582e-01   2.92521225e-01  -2.35904603e-01
   -3.15083480e-01   2.28340975e+00  -7.90872941e-02   1.85407752e+00
   -1.08062574e+00  -1.87745878e-03  -1.89179029e-01  -1.17405501e+00
   -8.98715809e-02  -9.52126230e-01  -2.07283899e-01  -1.04394399e+00
    6.07775960e-01  -4.12750702e-01  -7.34554559e-01  -6.77898262e-01
    1.21328952e-01  -3.70494933e-01  -1.39133707e+00   4.15026716e-01
    1.21653448e+00  -1.00527227e+00   1.51286067e+00  -3.76711241e-01
   -1.74043364e-01 
   -2.94207209e-01  -6.78572310e-01   6.02351488e-01   1.57243827e+00
   -1.86773825e+00   9.72921508e-01  -1.51610942e-01   7.00253968e-01
    8.27363362e-01  -5.71709563e-01  -8.26049999e-01   5.60309675e-02
   -1.45049803e+00  -4.95702558e-01  -2.13462756e+00   1.54910826e+00
   -2.33518194e+00   2.02559643e-01   8.11770083e-01  -6.19489378e-01
    5.75021666e-01  -6.32229038e-01   1.13188868e+00   2.30616907e-01
    3.62453802e-01  -1.81220722e+00   8.67149673e-01  -1.09720652e+00
    2.72011902e-01  -7.61459286e-01  -6.53843594e-01   6.06038735e-01
   -2.76825445e-01 
   -7.32543921e-01   1.41763470e+00   8.28197179e-03  -9.94098825e-01
   -1.04513204e+00  -1.69151981e-01   7.95892678e-01   9.67545787e-01
   -4.06158220e-01  -9.01791202e-02  -5.66649122e-01  -6.83211133e-01
    2.44587104e-01   3.43854530e-01   1.03957348e+00  -9.75187868e-01
    4.88133900e-01   1.05051592e-01  -8.08210277e-01   2.75473268e-01
   -3.40877481e-01   7.15655594e-01  -4.60244404e-02  -3.22464701e-01
    7.78537637e-01  -1.29091600e+00  -5.37704884e-01  -1.66383830e-01
   -1.27893115e+00  -4.82123314e-02  -1.38493529e+00  -1.97875094e+00
   -7.90973936e-01 
   -3.40429657e-01  -1.12587927e+00  -1.50133982e+00   1.01694256e+00
    9.70936537e-01   6.64819249e-01  -4.79863224e-01  -3.64460983e-01
    1.00049872e+00   9.79425081e-01  -1.20795802e-01   7.49956747e-02
   -4.68173334e-01   2.07879876e-01  -7.03498260e-01   1.85778505e-01
   -7.61421406e-02  -1.16530198e+00  -6.01374319e-01   1.19930314e+00
   -7.71972883e-01   3.19245619e-01   1.90221204e-02  -1.10054879e+00
   -4.98854506e-01  -1.09260292e+00  -1.19238283e+00  -3.05355337e-01
    7.58489409e-01  -4.32719309e-01  -7.01670953e-01  -3.48468451e-01
   -1.11562120e-01  