NN 16 32 16  -3.89456726 -1.23220247  0.05309016  0.59507868  2.49186882 -1.00724778
  -1.96157281 -2.12636203  3.54787111 -1.12919923 -0.19510796  0.24093178
   0.91992762 -0.23896786  0.31143241 -0.56823711 -0.86757993 
   0.5169085  -0.5259386  -0.4271671  -0.12068641  1.05950401 -0.36730649
   0.22407285  0.36850777 -2.81664533  0.61645556  2.15397445 -4.02286602
   0.72993962  0.66694969 -2.3301441   1.2465979   0.52306278 
  -1.04591122  0.12501244 -2.46291366  0.81878896  2.82011459 -1.91634797
  -0.72433948 -0.6494749  -1.01096078  0.5365384  -0.37625436  0.31622788
   1.49230054 -0.67037847 -0.22054071  2.10890229  0.19968615 
   1.6584007  -0.74187053 -1.30466714  1.00545191  0.19910096 -1.11040056
   0.81956316 -0.53582019 -1.5876544   0.81086067 -1.65663348  1.64040939
   1.73699765 -1.6322738   1.21760972 -1.97831702 -0.21181398 
  -0.08102739 -1.67700417  1.52728839 -1.35458394 -0.13394871 -0.68273404
  -0.03801868 -2.09842761  1.22239022 -0.57394735  0.1326479   2.10561353
   1.56201514  2.19082768 -0.19125955 -1.49096651 -0.70724688 
  -0.40053146  1.27383397  1.98960474 -1.35839706  0.65554634  1.18855415
   1.94014842 -0.43344263  0.008821   -0.21743614 -2.04096293  0.59051425
  -0.85184808 -1.43663598 -0.50328606 -0.06035689  0.06619028 
   1.00280299  1.44921509  1.663971   -1.88276732 -0.0455157   0.17086744
  -1.99928968  1.5183142  -0.6271855   0.48012075  0.94009947  0.28344291
  -0.12586479 -0.42205293 -1.42885338  0.82555043 -0.70511747 
   0.74848652 -1.34338152  1.32004485 -0.40692686  0.73234968  4.21123241
  -2.11146467 -0.01706522  2.50509652  2.37332699  0.31906996 -0.31350825
  -0.67927475 -2.6907077  -1.39757761 -0.09987788 -0.65018855 
   0.14072763  2.74149522 -0.66311634 -1.16274549  0.55901433 -1.31055572
  -1.12037383 -0.18261605 -1.68147493  2.37052424  1.43832478 -1.3090262
   0.95361949 -1.83715823  1.46736624 -1.65158288 -0.1259344  
  -1.2942891  -0.17895844 -0.46780516  1.11728478  1.80854974 -0.78421955
   1.32687992 -1.00338928 -0.97102941  0.91230499  0.70213055  2.06354959
  -2.86800427  0.51930936 -0.75460275 -1.35182543  0.35941073 
  -0.69611432  0.45469739 -0.10876827 -2.86689084 -2.37502792 -1.39088608
   0.0822313   4.22376692 -1.28766215  0.35498976 -0.45629721  3.13041031
  -1.1146857  -0.38514767 -0.12332582  0.01481416 -0.63918249 
   3.06836013 -0.91386123  0.34461575  2.10460936  1.59712884 -0.55408517
  -1.29569455  0.70233369  0.30679848 -1.18957359  0.56172626 -0.47323509
  -2.98241371  0.51273426  1.1879977  -0.91262819 -0.16026694 
  -0.16265303 -2.51141194  1.50710655  0.26564555 -0.3583555   0.37893773
  -3.48015755 -0.20141788 -1.93530531  1.13055405  3.02372924  0.11332656
  -0.50310987  1.24955744 -0.58417186 -0.74048819 -1.31640992 
  -0.55185156  0.31360411 -0.46624191  0.06214695  2.32526659 -2.08014256
   1.05374558  0.96282419  1.15425561  1.60001522 -2.22461153 -1.79699992
  -1.08527843  0.36996389 -0.42072866 -0.06785485 -0.12776196 
   1.75683246 -1.79246136  0.66678374  3.14608477 -2.17967715  0.65540735
   0.56519061 -1.0212164  -1.45465456 -0.11969737 -0.45236645 -0.05218632
   0.87557664  2.44732396 -2.12022282 -0.08120927  0.67597247 
   1.61094504 -0.97560054 -0.09078693 -0.08027933 -0.19369568 -0.28431366
   3.22600096 -3.03745762 -1.15403744 -1.06103851 -0.46230695 -0.91328865
   1.19817727 -1.8574054   0.93112198  0.58826615  0.54067932 
   1.47094012  0.76896377 -3.08568933 -4.28929062  1.1463284   0.22215139
   0.5770614   1.55536174  0.78171047  0.23910776 -0.92708352 -1.2038744
  -0.29234004  1.68844937 -0.53521034  1.19409036  0.29705447 
  -1.47469729  0.51986639 -0.23075926  0.24428785  0.75779513 -1.7903609
   0.27801336  0.21909199  1.5287774  -0.83966196  1.30698971  0.21154551
   0.87120222 -1.08945684 -0.70577952  1.23214956 -0.67915046 
  -0.05427113 -2.56757578  2.16465476  0.08459669 -2.37915763  0.32532001
  -0.24667807  1.51502886  0.09080749  1.49413275 -1.66321721 -0.53051905
   0.44305223 -1.13121249  0.60150613  0.64275263  0.10300353 
  -1.37480548  0.59265693 -0.81556563  2.21644184 -0.75598251  1.92432113
   1.20940514 -1.59374371 -0.08960159 -1.66112197 -0.59095364  0.59660072
   1.82390772 -0.04627078 -0.27579789 -2.33995718  0.34624443 
  -0.19910883  2.5933278   1.19436739 -0.63557333 -0.21804577 -4.83726908
   1.22545178  3.52512132  1.44998118 -2.38526999  0.74352165 -0.31033234
  -0.47530253 -0.88878345  0.72198933 -0.39861841 -0.34212324 
  -2.69998237  0.84097859  2.0563218  -0.17947412  1.59552402 -1.0407618
  -1.47678912 -0.37857362  2.29295965 -1.19623464  0.30979502 -1.7837043
   0.44263571  0.40351684 -1.24625794 -0.51277057  0.58792183 
  -0.36499155 -0.7305035   0.65784154 -0.73020538  2.35620774 -1.23261756
   0.15843094  2.5503788  -2.51789433 -0.67902571  1.37467853  0.92573124
   0.45922308 -0.78144927 -0.4796745  -1.14880893 -0.34125061 
  -2.04223197  0.30685748 -1.364315    2.04618928 -1.01195463  1.22126146
   0.81933665 -0.7483878   1.01270112  1.48189156  1.58325489 -1.80918407
   0.79417875 -1.33046136  0.59946858 -0.33732733 -0.65300196 
   2.08768348  1.66817103 -2.22458084 -1.15911156 -3.71321211 -1.38308775
   0.95097278  0.60136374  1.30542771 -2.4682604   1.85921382 -0.13428188
   0.75673937 -0.34049691 -0.75496333  0.14581966 -0.13749365 
   1.85989409  0.31913779 -1.93066994 -0.0689776  -1.25283516 -0.38042742
   2.89742276 -3.03462436  0.03579548 -0.17243072  0.29747319  0.9383306
  -0.14256378  1.46208623  0.81153953  1.33546926 -0.44635117 
  -0.66702522 -0.37643582  2.02964962 -0.13368081  1.58710954  2.05185906
  -3.47797253  0.33414641  0.18894037 -0.81021471 -3.27989172  0.31686573
   2.05549513 -1.43170988 -0.08870955  3.2399303  -0.24018715 
  -0.6104606   2.89812719  1.23747333  0.09468086 -1.50877501  1.83337347
  -0.57756556 -0.01483462 -0.90154824 -2.31420403 -0.18673814 -0.04107238
  -0.88179764  0.56310039 -0.10436491  0.7652707  -0.59405034 
  -0.13329143 -1.02026593 -1.39466582  0.20766554 -0.01549452  2.61717158
  -0.81642977  0.76415256  0.16854083 -2.83009008  1.18471341 -0.31885009
  -1.50812145  0.00643161  3.22105828 -1.58344556  0.64383454 
  -0.11429509  2.42072815  0.2500945  -1.08214425  0.96652765 -1.74827565
  -2.50633277 -1.34085888 -0.62327525 -0.90825869 -0.14039736  0.93874879
   0.73455576  0.47582448  0.20073515  0.97631352 -0.12979568 
  -0.93125853  0.20624018  2.96007303  1.67840999  0.92494837  0.39032371
  -2.08082514 -1.24013208 -0.81232899  0.80293671 -2.09698221 -1.44824129
  -1.77987364  1.68958998  1.78030963  1.19789807  0.27121538 
   1.54795419  0.96080797 -1.17763046 -0.18511648 -0.87051365 -0.20511397
  -0.4427219  -0.4852818   1.88906817  1.74522966 -2.38711992 -2.03964578
  -0.49968544 -1.71638511  2.52193088  0.87656022 -0.52101179     3.65775004 -1.11229496  0.364757   -1.93004035 -0.91376751  1.46892533
  -0.69019827 -1.18169962  0.58680603  0.78067643  0.03813921 -3.2209449
  -0.72545098  0.66801344  0.95696597 -1.58209888 -0.13994872  0.14466789
   0.17325368 -0.03972332 -0.14883671  1.87772506  0.62833048  2.15310115
  -1.52180614 -0.85259874  0.32660335 -0.09005151 -0.10964651 -0.20610554
   0.2226201  -1.36173392 -0.07603274 
   0.49632605  0.43911154 -0.46703311 -0.27692228  1.05695505 -0.33534861
  -1.29976915  0.92533847 -2.0537534  -0.26155281 -0.82256425  0.11172345
   1.25676426 -0.31488835  1.53928243  0.00828187 -0.10748173 -1.1212022
   1.96086596 -2.0209563  -1.39596308  0.24660647  0.45353873 -0.01141523
  -1.31071607  0.72614377  0.72110048 -4.32623426  1.40864745 -1.67774913
   0.11796586 -1.20613289  0.24099867 
   0.7773219  -0.08829438  2.8075056   1.02785478 -1.8070571  -1.9564423
  -1.06132797 -0.81096458  1.40547353  1.03808356  0.39934154  0.53838118
  -2.15615448 -0.03495439 -0.48039752 -1.22294135  2.3365965   0.10197774
  -1.3357886   1.34483247 -1.33233256 -2.36910546 -1.20504767  1.37560175
   1.26143483  0.75925947 -2.37676261 -0.48009579  2.27014197 -0.15617894
  -2.17698135  1.00893948 -0.28559846 
  -1.58316961  0.31106273 -1.56449383 -1.07930593  1.822919    1.0987265
   1.24861263  0.08513958  0.5608294  -0.93127572  2.84703269 -2.02315519
   0.44773796 -0.88165909 -3.249697    0.14333921  3.76848131 -0.21748396
   0.08200549 -2.25844973 -0.90445917  0.53695459  0.77825678 -2.9352217
   0.70796873  0.52175962 -0.13151763  0.09817542 -0.29670605  0.29144491
  -1.81318221 -0.50356686 -0.23804029 
  -1.98241694 -1.19143926 -2.24411977 -0.5323903   0.02008691 -0.41671947
  -0.08861111 -1.23994583 -0.33372878 -2.91240379  1.49824253 -0.67337277
  -0.25587853 -2.44270383  2.87239554 -1.70187384 -0.1497121  -1.57451939
   2.46125281 -0.17350154  1.25145366 -1.31754086 -3.28316481  2.07510812
   2.02765309  1.3085507  -1.57851449 -0.08709514 -0.25150199 -0.19067223
  -1.27301716  1.8641816  -0.1896359  
  -1.39951572 -0.25028843  0.7512892   0.33030979  1.10283322 -0.73194214
  -0.41576922 -3.48355209  1.17113882  0.08921609 -0.18920911  0.36681256
  -0.91692614  1.95200658 -0.94422692 -2.03400037 -1.4359672   0.75160065
  -0.11369925 -2.48680121  4.4880718   0.5826057  -0.07426286 -0.01068564
   0.4048      0.51338056 -1.32323992 -1.71957602 -3.78073923  0.80030105
  -0.14857663  0.43288844  0.01793623 
   0.76069481 -1.24047673 -0.02957596 -0.8456959  -0.20806856 -2.414684
   1.10222586  0.86678832  0.60063503 -2.06460349 -0.58444353  2.78062607
   3.11579632 -1.64316619 -0.9958715  -3.93196061 -1.11172818 -0.09978218
  -0.12057079 -0.61166356 -0.8508571  -0.28499536 -0.15781183 -0.69057747
  -1.39117375 -1.96752263  1.00987135  0.36231422  0.46403805  2.7958195
   0.79323504  0.24955667 -0.42968056 
   0.2065814  -0.75461686  2.07288458 -0.56898411  1.83763602  0.07177469
  -0.86851065 -0.16715376 -0.22078178  0.49914762 -4.32733393  0.09092174
   0.090066   -1.93912806 -0.54002245  2.32912622 -2.31586438 -0.48078628
  -2.29504716 -0.30929241 -2.5392323  -0.07339038 -2.98501013  0.27742735
  -0.44628169  3.55530796  0.49426673  0.69942555 -1.41032469  0.81653784
   1.2150491  -0.09070253 -0.96301494 
  -2.05947703  2.38674613  1.14476135  1.37518389 -2.0180393  -0.2696739
   1.23633148 -2.34258346  2.2393688   0.28805953  0.72071299 -1.58086946
   1.13614554 -1.74342604  1.99342385  1.25963999 -0.83839896 -2.44835716
  -0.33420895  0.56585551 -1.58303839 -1.75501194  2.15038005 -1.31256712
  -1.92378548 -0.41150841 -0.00711875  0.49554168 -1.35239105 -0.05627514
   1.54020673 -1.91665306 -0.58355416 
   1.09958151 -0.95541179 -0.89727016 -1.40846377 -0.10016151  0.16580381
  -0.97025798 -2.4756315  -2.49782226 -2.67409556 -1.83713942  1.85001872
  -2.57659151 -1.44584522  0.18906738  0.22511107  0.55149674 -0.00650528
  -2.18401358  1.70975793  1.39515893  1.2430445   0.56561153 -2.55035846
   2.68207203 -0.88165336  2.11027557  0.40959157  2.53430308  0.44229586
  -0.040289   -1.9019166  -0.39414269 
  -0.12192729 -2.88524103  0.37893975  0.92847848 -0.60085041  1.32152075
  -1.15655046 -2.25092565 -1.79450228 -0.13859249  1.20342605  0.04252428
  -2.65617435  1.81148681 -0.32480951  0.27152087  0.51256782 -1.3136745
   1.07427333  1.63222738 -0.79296452 -1.3805743  -1.4063968  -2.77192927
  -1.63507698 -1.58238903  3.54840672  1.04852238 -1.11995463 -0.37813757
   1.60413156  2.59285203 -0.50259431 
  -1.21676493  4.4235538  -1.38418652 -2.58725977 -2.21233917 -1.24326418
  -1.15933065 -0.06650359  1.05918094 -2.36375965 -2.65381559  0.29475538
  -0.68213471  1.29947606 -0.25689035  1.55207196 -0.74531148 -0.61704383
  -0.04288973 -0.90664434  0.73578286  1.76235659 -0.65910557  0.90888555
   0.57134692 -1.73065843 -1.55280136 -0.0081635   1.08475531 -0.93511714
   1.63248136  1.18421229 -0.69883211 
  -0.4330338  -0.95259754 -2.54909461 -2.08781487 -2.09235321  0.94535366
  -0.02751617 -0.14001062 -0.69209831  3.50755926  0.05636834  2.21249809
  -0.97672816  0.32485055 -0.48351766 -1.3126057  -0.11195789 -1.12544121
  -0.40970104 -1.46944188  0.31731627 -0.35166152 -0.89824054 -0.69755322
  -0.09577101 -0.20539672 -1.85296652  0.48700038  1.60444803 -1.24813891
   2.06024519 -0.43179603 -0.20895498 
  -0.26273259 -0.80727451  0.52786412  1.94391241 -2.33137542  1.29107933
  -0.24750023  1.05658422  0.94201438 -0.73961185 -0.93129392  0.06856102
  -1.69744854 -0.73953924 -2.64534191  2.10245135 -3.02264938  0.41763026
   1.00502406 -0.83254731  0.78253409 -0.59941483  1.42666004  0.35500776
   0.26029839 -2.08186034  0.92854761 -1.34133121  0.02113064 -1.12579743
  -0.90002044  0.70440859 -0.54381568 
  -0.57241389  2.18465171  0.3467294  -1.08884941 -0.95435882 -0.197693
   0.95421435  1.55135581 -1.05448703  0.24314896 -1.00048712 -0.64303547
   0.23070556  0.40468169  1.96197324 -1.16606181  0.48585892  0.28852124
  -1.3576056   0.44340544 -0.73409181  1.01335676 -0.34302745 -0.3322745
   0.96812582 -1.23175638 -0.39089735 -0.38821577 -2.52256021 -0.13562357
  -1.86719766 -2.89567068 -0.91982563 
  -0.17642416 -1.76234438 -2.38531068  1.93794003  1.36276984  0.89982824
  -0.42280416 -0.5005372   1.98815965  1.24154939  0.19414507  0.45264846
  -0.09901563  0.25438528 -1.05590515 -0.56388466 -0.24899434 -1.84527235
  -0.9163208   1.65078207 -0.46237572  0.76685754  0.40237682 -1.5403724
  -0.52164086 -1.5688923  -1.63488931 -0.61167584  1.12050316 -0.51179968
  -0.89342477 -0.65729215 -0.2050073   