NN 16 32 16   -2.88285002e+00  -6.20978002e-01  -5.62586027e-01   7.50172331e-01
    1.57296509e+00  -7.41420584e-01  -1.12544024e+00  -1.39532879e+00
    2.13806719e+00  -1.34474148e+00  -2.05693995e-02   6.61161759e-01
    6.68302314e-01  -1.62152114e-01   2.47911857e-01  -2.93294303e-01
   -6.93274730e-01 
    3.67827969e-01  -1.54292815e-01  -5.05669156e-01  -4.63555253e-01
    8.66587881e-01  -2.12739668e-01   8.49665792e-02   5.80519558e-01
   -1.97810334e+00   6.74631741e-01   1.76397006e+00  -2.88394724e+00
    5.42515285e-01   6.68881241e-01  -1.44575178e+00   1.13943058e+00
    5.19787640e-01 
   -2.77302266e-01  -9.62592367e-02  -2.32355769e+00   1.13291993e+00
    2.17591637e+00  -1.38714728e+00  -5.59047273e-01  -6.84070210e-01
   -9.87129566e-01   1.99497336e-01   2.14921963e-01   9.41345008e-02
    1.46151585e+00  -8.75332338e-01  -5.43547092e-02   1.38735429e+00
    1.74456343e-01 
    1.37161852e+00  -8.01078258e-01  -8.34557864e-01   6.46343629e-01
   -2.34867346e-01  -9.70781864e-01   1.02183422e+00  -1.76118058e-01
   -1.15351678e+00   8.35987392e-01  -1.10952400e+00   1.37797952e+00
    1.40012553e+00  -1.65900029e+00   8.00712806e-01  -1.63119528e+00
   -4.52182448e-01 
   -1.53758454e-01  -1.26791146e+00   1.23075022e+00  -8.47916049e-01
   -3.33162836e-01  -6.34413869e-01  -1.19427841e-01  -1.61932383e+00
    1.29680195e+00  -9.01899893e-02  -2.33132759e-01   1.67291838e+00
    1.53416633e+00   1.79444070e+00   1.09158816e-01  -1.30973917e+00
   -7.04899932e-01 
   -3.16652858e-01   9.69745218e-01   1.11680085e+00  -1.07242201e+00
    3.90048967e-01   1.07967853e+00   1.18773137e+00  -3.09634717e-02
    3.07528762e-03  -3.10740226e-01  -1.14664084e+00   6.26704447e-01
   -6.50336470e-01  -1.15369377e+00  -2.48414991e-01  -1.67801691e-01
   -8.57745499e-02 
    4.99793865e-01   1.37684536e+00   1.18671536e+00  -1.34538768e+00
   -2.51705124e-01  -1.43376967e-02  -1.57402768e+00   9.35539300e-01
   -4.82688127e-01   4.56970679e-01   7.77738846e-01   6.10974020e-01
   -1.44368589e-01  -2.84818903e-01  -1.06897491e+00   8.23454185e-01
   -4.87316295e-01 
    5.36517498e-01  -1.31657305e+00   8.49890580e-01  -5.27179074e-01
    7.21875412e-01   3.29245214e+00  -1.60375520e+00  -8.35304071e-02
    1.79508834e+00   1.89381071e+00   5.76154354e-01  -7.61948454e-01
   -7.34931092e-01  -2.13893853e+00  -1.17393578e+00  -9.30697047e-02
   -7.90369224e-01 
    3.93011661e-01   2.11930275e+00  -9.21105953e-01  -4.68501156e-01
    7.75753437e-01  -1.15081356e+00  -6.11041666e-01  -1.38972057e-01
   -1.40416391e+00   2.16352771e+00   1.05180067e+00  -8.51617093e-01
    5.38367814e-01  -1.58127119e+00   1.04167456e+00  -1.08140085e+00
   -8.75915747e-02 
   -1.39303844e+00   9.25057829e-02  -9.17693072e-01   1.11052621e+00
    1.70217243e+00  -6.55186581e-01   1.14361337e+00  -5.75262728e-01
   -7.54705034e-01   1.32845094e+00   3.74681030e-02   1.62523173e+00
   -2.27000170e+00   4.44844462e-01  -3.10763373e-01  -1.15835581e+00
    1.53132707e-01 
   -6.44742328e-01   5.08896357e-01  -5.06883974e-02  -2.52186182e+00
   -1.99328051e+00  -9.13458044e-01   4.94229500e-01   3.27828283e+00
   -7.37303404e-01   7.33008359e-01  -7.84392501e-01   2.15596375e+00
   -5.43837169e-01  -6.35534061e-02   3.04022283e-02   7.20744319e-02
   -5.56088779e-01 
    2.32623868e+00  -9.25339958e-01   5.57867487e-01   1.62552673e+00
    1.19790636e+00  -2.82345150e-01  -1.47115399e+00   5.86173887e-01
    2.57605936e-01  -9.08228168e-01  -2.39067719e-01  -5.02025223e-01
   -2.33210960e+00   2.78056732e-01   8.05534706e-01  -4.96281969e-01
   -3.03248027e-03 
    6.45089192e-02  -1.37820235e+00   9.53550292e-01  -9.35185928e-02
    1.62983895e-01   1.32457920e-01  -2.87853903e+00   3.49991241e-01
   -1.76798292e+00   8.04487024e-01   2.52338915e+00   4.49207963e-01
   -2.42017179e-01   1.03999379e+00  -4.54654267e-01  -4.06738326e-01
   -9.85166788e-01 
   -3.81404093e-01  -1.85964949e-02  -7.47466832e-01   2.39534057e-01
    1.82927785e+00  -1.68828046e+00   7.86674706e-01   3.99645559e-01
    8.25080049e-01   1.57999725e+00  -1.89388200e+00  -1.77110441e+00
   -6.45864597e-01   5.69018380e-01  -3.85407078e-01  -1.81058356e-01
   -9.95370060e-02 
    9.02879457e-01  -1.98969751e+00   3.36561075e-01   2.37411496e+00
   -1.83093827e+00   9.98839570e-01   3.93585741e-01  -4.09960330e-01
   -1.46618884e+00  -4.80831471e-02  -2.34403887e-01  -4.98756571e-01
    7.41712929e-01   2.21171762e+00  -1.56080154e+00   3.73193632e-03
    6.30363730e-01 
    1.00388354e+00  -9.05376142e-01  -1.79460739e-03   1.74609910e-01
   -1.84983414e-01   3.28781907e-01   2.87967242e+00  -2.60139848e+00
   -1.44769103e+00  -6.64462703e-01  -3.88053626e-01  -8.38825859e-01
    1.37310920e+00  -1.59704602e+00   4.50893426e-01   3.08568221e-03
    3.47512001e-01 
    1.45541113e+00   4.52375703e-01  -2.56283504e+00  -3.55107074e+00
    4.19830661e-01   1.99074180e-01   1.22445821e+00   1.44615715e+00
    5.44332688e-01  -2.14536970e-01  -1.00537095e+00  -7.27211023e-01
   -2.24555796e-01   1.86510845e+00  -5.12543905e-01   8.25182270e-01
    1.14684550e-01 
   -1.33526303e+00   2.90672042e-01  -4.14736501e-03   1.24410308e-01
    7.24658544e-01  -8.21447082e-01  -7.74221446e-02   1.00543633e-01
    1.26657539e+00  -6.37312429e-01   8.09705549e-01  -1.87852783e-01
    6.67959325e-01  -7.16041827e-01  -4.26113480e-01   9.35417948e-01
   -4.83684495e-01 
   -1.88104485e-01  -1.77485372e+00   1.71461730e+00  -2.84645913e-01
   -2.11693001e+00   4.02699746e-01  -3.28607922e-02   1.20270401e+00
    4.19174971e-01   1.63725374e+00  -1.67552580e+00  -7.10493317e-01
    4.84641416e-01  -1.05576161e+00   4.84052108e-01   4.93386850e-01
    5.57834056e-02 
   -1.19130321e+00   4.96513300e-01  -1.04047855e+00   1.67306236e+00
   -6.19471207e-01   1.81928333e+00   6.12223156e-01  -1.19019402e+00
   -1.93050002e-01  -1.74535114e+00  -7.05907893e-01   6.83353756e-01
    1.60806361e+00   4.64847580e-01  -1.32548929e-01  -1.50250253e+00
    4.37396699e-01 
    4.10116502e-02   2.30867989e+00   1.02930596e+00  -1.27677790e-01
   -3.66418069e-01  -3.71961275e+00   9.78791278e-01   2.72875031e+00
    1.33579624e+00  -1.35948197e+00   6.09612288e-01  -8.98893672e-01
   -6.44185947e-01  -4.10288427e-01   4.76332240e-01   5.35872392e-02
   -1.71573415e-01 
   -2.38896954e+00   7.48191426e-01   1.39324119e+00  -4.34074905e-01
    1.52063992e+00  -1.04136551e+00  -5.66289426e-01  -4.89016544e-01
    1.66117598e+00  -1.20043250e+00   1.80026637e-01  -1.74289902e+00
    4.29384711e-01   5.31978860e-01  -1.13391106e+00  -2.86388307e-01
    5.25043363e-01 
   -5.33389634e-01  -4.31426380e-01   6.17389576e-01  -9.52890035e-01
    1.87606607e+00  -1.45834014e+00   1.17894548e-01   2.01327004e+00
   -2.16180171e+00  -6.55442748e-01   9.90906147e-01   6.03408241e-01
    5.85597272e-01  -6.29678940e-01  -3.32884456e-01  -4.42519241e-01
   -3.02284411e-01 
   -1.60368356e+00   8.66631911e-02  -1.24198257e+00   1.75408533e+00
   -9.69558574e-01   8.09002800e-01   4.01608129e-01  -6.86416044e-01
    1.37545482e+00   1.56447304e+00   1.37868082e+00  -1.72472656e+00
    6.17656110e-01  -1.24794927e+00   3.79316767e-01  -1.44590836e-01
   -6.14925554e-01 
    1.60690211e+00   1.36239693e+00  -1.51705090e+00  -7.98881065e-01
   -2.87034095e+00  -8.49970332e-01   7.92876701e-01   3.40260778e-01
    1.10849348e+00  -2.43653153e+00   2.01792354e+00  -2.35788620e-01
    9.32716581e-02  -1.43681778e-01  -6.93660194e-01   4.54319506e-02
   -1.73686870e-01 
    1.37262001e+00  -7.50004750e-02  -1.35810335e+00  -3.09550528e-01
   -9.07922362e-01  -3.60112644e-01   2.16501567e+00  -2.86276462e+00
    2.20823806e-02  -3.66508999e-01   4.90937278e-01   1.04900919e+00
   -9.44453740e-02   1.17584814e+00   9.43326733e-01   5.06897589e-01
   -6.22891924e-01 
   -8.80472591e-01  -7.68098688e-01   1.63030419e+00  -5.47614650e-02
    1.29147433e+00   1.47229510e+00  -2.29097897e+00  -2.35197367e-01
    1.76113252e-01  -8.06126327e-01  -2.56274446e+00   4.96406130e-01
    1.36807047e+00  -1.06799855e+00   1.03858013e-01   2.08849663e+00
   -2.20037869e-01 
   -8.13018542e-01   2.26588671e+00   1.18840501e+00  -8.20838674e-02
   -8.38271129e-01   2.09258475e+00  -2.99169593e-01  -2.93619616e-01
   -1.07105406e+00  -1.42140631e+00  -5.40711644e-01  -3.32182679e-01
   -9.09515750e-01   4.98125951e-01  -1.23840948e-01   4.73756657e-01
   -4.47173083e-01 
   -3.94480500e-01  -1.38337256e+00  -8.13159399e-01   4.45149750e-02
    6.38122641e-01   2.16806124e+00  -6.15595538e-01   6.99685808e-01
    3.63398908e-01  -2.11277058e+00   1.02588158e+00  -8.99631733e-02
   -1.28187006e+00   1.02656890e-01   2.13403904e+00  -1.17744927e+00
    3.66828654e-01 
   -3.50952224e-01   1.61092229e+00   7.11866971e-01  -5.70705942e-01
    5.74607558e-01  -1.15598758e+00  -2.10939622e+00  -1.36973991e+00
   -1.96054365e-02  -5.46738993e-01  -2.31012577e-02   7.84188748e-01
    5.91182329e-01   3.64158601e-01   7.03059232e-02   9.08507270e-01
    1.31476706e-01 
   -1.33943934e+00   1.93454706e-01   2.24025434e+00   1.45408507e+00
    1.07204208e+00   3.15245424e-01  -1.38273031e+00  -9.32524186e-01
   -4.71302615e-01   7.62486731e-01  -1.67875174e+00  -1.12514601e+00
   -1.31860795e+00   1.16041888e+00   1.13966338e+00   8.25085442e-01
    3.00654853e-01 
    1.17299488e+00   9.36944875e-01  -8.09776874e-01  -4.12063730e-01
   -6.54014337e-01  -2.22532010e-01  -8.19129816e-01  -2.25359254e-01
    1.44983000e+00   1.26730129e+00  -1.74183913e+00  -1.43059900e+00
   -2.97280499e-01  -1.39975008e+00   2.18489234e+00   4.88620685e-01
   -4.32732135e-01     2.83836744 -0.61407626  0.01637615 -1.79816217 -0.61202339  0.53209299
  -0.27828748 -0.81113789  0.61366593  1.10092098  0.56864706 -2.5379544
  -0.87932033  0.1996808   0.44348079 -1.63685658 -0.47465525  0.35845585
   0.19000488  0.56113358 -0.26976876  2.43026965  0.44554753  1.91184602
  -2.2186528  -1.18797052  0.51284422 -0.16971895 -0.2133018  -0.39403453
   0.66713854 -1.60365623 -0.26758779 
   0.48553466  0.33589837 -0.33490356  0.23334512  1.03368751 -0.3899276
  -1.32447343  0.93035386 -2.21618634 -0.414637   -0.85418142  0.35824631
   1.42147156 -0.09935243  1.87200021  0.38519478  0.02827037 -0.67217763
   1.78652901 -1.89225747 -1.60975575  0.25072935  0.27679196  0.25681575
  -1.47041485  0.43659166  0.72118326 -3.54609746  1.28140229 -1.57784015
  -0.01541296 -1.30287945  0.11127341 
   0.80092034  0.19723048  2.59111043  0.57912083 -1.93901602 -1.04819298
  -1.04378614 -0.90549237  1.50499672  1.04687506  0.30653663 -0.07201745
  -1.81045533  0.26297628 -0.38779727 -1.27613951  2.19430281 -0.24185011
  -1.3400272   1.01266833 -1.33612396 -2.11484597 -1.00820623  1.16055383
   1.19853606  1.08245737 -1.93374597 -0.85639451  1.65854906 -0.5021052
  -2.5840586   0.80009347 -0.41950821 
  -1.04377103  0.8273011  -1.28221538 -0.83792922  1.43652016  1.17749602
   1.32886641  0.39703155  0.35547181 -0.87004406  2.20999997 -2.38518722
   0.6724238  -1.02590166 -3.0019103   0.13862077  3.64226023 -0.30333199
   0.77083658 -1.81448025 -1.18122818  0.704839    0.97242606 -2.63950414
   0.24110823  0.46339774  0.25900405  0.17085125 -0.24242157  0.29746207
  -1.71532466 -0.38077393 -0.07362276 
  -1.32856935 -1.03876208 -2.0196303  -0.19577848  0.34477968 -0.2746163
   0.27564973 -1.129834   -0.39663984 -2.68027923  1.1696177  -0.32144124
  -0.29274529 -2.30623552  2.41014087 -1.22206598  0.01107008 -1.37672509
   2.66115331  0.04251591  1.23951691 -1.18268151 -2.79034673  2.02620284
   1.82156081  1.48596984 -1.47975489 -0.379207   -1.14960199 -0.59495597
  -0.92211169  1.15841008 -0.15382917 
  -0.46443078 -0.02875161  0.66225765  0.86749694  0.81938982 -0.65802864
  -0.31759892 -3.31284026  0.99627019  0.0173699  -0.04303955 -0.17178211
  -0.53636625  1.82402379 -0.93834433 -1.79223902 -1.1476016   0.2987324
  -0.17473297 -2.81202195  4.26734512  0.38773535  0.40499404  0.14898325
  -0.1596986   0.508939   -1.63334017 -1.49280228 -3.34897613  0.5922516
  -0.22982841  0.00965443  0.02829381 
   0.49338076 -0.56859519  0.33456403 -1.14473518 -0.53901412 -1.33780919
   1.38980514  0.76385905 -0.0081449  -2.25244526 -0.53255235  2.1207416
   3.18115272 -1.59493603 -1.17841611 -3.64684546 -0.99543721  0.12126073
  -0.49494349  0.29291257 -0.81346464 -0.46230179 -0.39219762 -0.7386176
  -1.75471194 -1.47804572  1.1924318   0.36211135  0.23290915  2.61531376
   0.55075965  0.69557454 -0.27532639 
   0.14985976 -0.9630358   1.88985302 -0.57342949  1.31487145 -0.0998902
  -0.91596741  0.27923219  0.06204849  0.39927456 -3.89093077 -0.01318559
  -0.37461465 -1.10287572 -0.5158848   2.06270819 -2.1487335  -0.56836395
  -2.38285689 -0.20038897 -2.28904339 -0.09086597 -2.51925358  0.23706121
  -0.24668715  2.75245146  0.70024105  0.5317594  -1.5889213   1.22263013
   0.87178038 -0.37351967 -0.54379275 
  -1.73442585  1.98059369  1.01370115  1.10927764 -1.91996455 -0.30542289
   1.07597933 -2.05809128  1.8178366   0.14282805  0.40690829 -1.27868574
   1.03181784 -1.41812952  1.88143357  1.28649373 -0.97469934 -1.8157066
  -0.44691256  0.46509685 -1.3256577  -1.51968196  1.89223582 -1.45808444
  -1.47369963 -0.71923425 -0.06556227  0.64150363 -1.17233364 -0.26205964
   1.24419758 -1.48484106 -0.56017294 
   0.67450429 -0.58860122 -0.59804872 -1.0936106  -0.25842726  0.07330462
  -0.84947179 -2.23292407 -2.16527632 -2.11430804 -1.78016201  1.44169871
  -1.92149105 -1.33480721 -0.1009976  -0.10693086  0.79742048  0.04499088
  -1.91623297  1.81990946  1.06953418  1.19898353  0.72969552 -2.51021612
   2.52100413 -0.34397547  1.3393599   0.065522    2.02625102  0.23030278
   0.06820097 -1.35850243 -0.04752618 
  -0.44139875 -2.11988028  0.17165505  0.66807834 -0.43784385  0.8521375
  -0.87071733 -2.19354213 -1.15756818 -0.09655352  0.96875131  0.65410839
  -2.58525614  1.88901698 -0.422701    0.19729923  0.84453383 -1.01421456
   0.84084854  1.32438908 -0.50206415 -0.80218965 -1.13094478 -2.32302668
  -1.85164443 -1.57434549  2.91893351  0.7083974  -1.01821265 -0.37129036
   1.36290671  2.12623912 -0.22386375 
  -1.41566001  3.51083012 -0.9127852  -2.35249721 -1.92354237 -0.93306178
  -1.06977866  0.20868058  1.0015128  -2.02535008 -2.43150507 -0.04374268
  -0.89443983  1.3299342   0.20621813  1.41028241 -0.84936012 -0.41480855
  -0.14326916 -0.62119055  0.77579227  1.75166677 -0.4318182   0.78491042
   0.88947127 -1.78030732 -1.26063497 -0.01588408  0.68748872 -0.78099709
   1.00775144  0.95926563 -0.47979939 
  -0.48502324 -0.72264681 -2.41530669 -1.83769799 -1.88046056  0.72039769
   0.26754468 -0.27902916 -0.43191932  2.57040034  0.01893926  1.9591186
  -1.0253759   0.05985005 -0.29137643 -1.23028927 -0.06939415 -1.03570715
  -0.28367347 -1.20535343  0.52252755 -0.45401251 -0.8188876  -0.71777622
   0.12757133 -0.33789265 -1.51446591  0.42100525  1.31171401 -1.05857073
   1.6363773  -0.40381226 -0.21730114 
  -0.28111995 -0.73178421  0.61215216  1.66910955 -2.00745664  1.04696795
  -0.18974675  0.80264056  0.86662961 -0.62256067 -0.87001539  0.02280038
  -1.54398252 -0.56707443 -2.27726715  1.68866354 -2.54900717  0.26397902
   0.86148013 -0.68847288  0.60035463 -0.61736306  1.18767964  0.30590322
   0.32353897 -1.9016338   0.90874677 -1.15272414  0.21353873 -0.85300684
  -0.70270984  0.62534938 -0.34975936 
  -0.60941007  1.6199928   0.23951607 -1.02871118 -0.93338934 -0.19939576
   0.84908443  1.23724436 -0.62632673  0.1035324  -0.77067232 -0.59413679
   0.29938621  0.40752029  1.42348538 -0.96066009  0.43133226  0.24926936
  -1.01761268  0.44801676 -0.51521386  0.851007   -0.17592399 -0.22931843
   0.83990729 -1.18783631 -0.43060066 -0.2261989  -1.60444797  0.02728931
  -1.46261039 -2.31264635 -0.72740193 
  -0.35829872 -1.35481955 -1.83230947  1.38698849  1.14079258  0.74225359
  -0.55368548 -0.41832914  1.24561791  1.040222    0.04193683  0.23974293
  -0.40272797  0.23897112 -0.79269919  0.00739236 -0.06529817 -1.39662356
  -0.68642946  1.3384806  -0.65432657  0.43664231  0.1410293  -1.27545886
  -0.50228862 -1.18360747 -1.4305433  -0.43005335  0.86201582 -0.55468781
  -0.81145782 -0.41109714 -0.15774908  