NN 16 32 16   -3.80274680e+00  -1.10986083e+00   3.06643404e-02   4.71379950e-01
    2.44583936e+00  -8.84557731e-01  -2.00895433e+00  -2.20855147e+00
    3.48581492e+00  -1.23556592e+00  -2.49537101e-01   2.06406453e-01
    9.18001525e-01  -2.30487444e-01   2.82504332e-01  -5.60844094e-01
   -8.73106368e-01 
    5.34540115e-01  -4.26944827e-01  -3.38956622e-01  -1.69323783e-01
    1.19674445e+00  -3.41529015e-01   2.98721650e-01   4.17788667e-01
   -2.67195959e+00   7.94403901e-01   2.01857648e+00  -3.98651284e+00
    8.12319280e-01   7.66963230e-01  -2.17036072e+00   1.34750886e+00
    6.27069036e-01 
   -9.53932834e-01   4.22239061e-02  -2.56614253e+00   8.52981060e-01
    2.66454240e+00  -1.87941517e+00  -6.61719128e-01  -7.89639926e-01
   -1.03870966e+00   4.51623586e-01  -3.79039630e-01   2.81810713e-01
    1.42137851e+00  -7.37883254e-01  -2.68232514e-01   2.04149770e+00
    1.34432132e-01 
    1.62542708e+00  -7.33629872e-01  -1.35683940e+00   1.10256300e+00
    1.17032575e-01  -1.16350032e+00   8.85817670e-01  -4.72864273e-01
   -1.56463634e+00   9.10559051e-01  -1.49583130e+00   1.76340260e+00
    1.76234688e+00  -1.57516391e+00   1.25536602e+00  -1.92662460e+00
   -1.75457647e-01 
   -1.85481054e-01  -1.74250693e+00   1.42414542e+00  -1.25162158e+00
   -1.86710053e-01  -6.49197496e-01  -3.01517547e-02  -2.01731709e+00
    1.21033776e+00  -6.68477936e-01   1.03598866e-01   2.13393128e+00
    1.47203221e+00   2.14124720e+00  -2.35975804e-01  -1.54159084e+00
   -7.57894693e-01 
   -4.58375499e-01   1.21508583e+00   1.88384401e+00  -1.34288351e+00
    6.45092792e-01   1.18885724e+00   1.99244517e+00  -4.78534271e-01
    1.76582311e-02  -2.48450655e-01  -1.97425545e+00   6.39568447e-01
   -8.37405435e-01  -1.43528026e+00  -4.99530768e-01  -7.35101912e-02
    5.38237838e-02 
    9.05433466e-01   1.48163496e+00   1.62165162e+00  -1.89733313e+00
   -3.72678482e-03   1.52546212e-01  -2.00724802e+00   1.47505459e+00
   -6.39800021e-01   4.95595838e-01   8.62453818e-01   2.82009846e-01
   -1.95873725e-01  -4.92245275e-01  -1.48347456e+00   7.67792875e-01
   -7.53276777e-01 
    6.64339966e-01  -1.33204207e+00   1.23833280e+00  -4.92427081e-01
    7.40009486e-01   4.22088191e+00  -2.10347360e+00  -1.77284442e-02
    2.43890052e+00   2.24311499e+00   2.93862164e-01  -3.83490411e-01
   -7.20359541e-01  -2.72165093e+00  -1.43545033e+00  -1.43637817e-01
   -6.90398572e-01 
    1.86372239e-01   2.80310106e+00  -7.18927389e-01  -1.07307789e+00
    6.27550395e-01  -1.21362635e+00  -1.07748073e+00  -1.30742614e-01
   -1.64567894e+00   2.42174209e+00   1.40886794e+00  -1.28392170e+00
    9.99328264e-01  -1.74839750e+00   1.50975606e+00  -1.58212720e+00
   -5.93712519e-02 
   -1.28049131e+00  -1.31581105e-01  -5.65945940e-01   1.20540238e+00
    1.72568030e+00  -8.51273724e-01   1.39534009e+00  -1.00182984e+00
   -9.99301864e-01   9.44668203e-01   6.13805592e-01   2.05330531e+00
   -2.84893068e+00   5.07432891e-01  -6.96267237e-01  -1.34272340e+00
    3.48890918e-01 
   -4.92980950e-01   4.26707180e-01  -4.69409624e-02  -2.82033416e+00
   -2.26952609e+00  -1.38102605e+00  -3.93922483e-02   4.13397582e+00
   -1.32578291e+00   3.71518366e-01  -3.71190422e-01   3.21159919e+00
   -1.04456369e+00  -3.43673936e-01  -4.36118672e-02   6.20692776e-02
   -5.87473786e-01 
    2.98929148e+00  -8.95429621e-01   2.65810532e-01   1.98345278e+00
    1.53519280e+00  -5.39169411e-01  -1.41475039e+00   6.97542207e-01
    3.15003298e-01  -1.24947667e+00   5.42738674e-01  -4.98246270e-01
   -3.00845635e+00   4.66796581e-01   1.10950801e+00  -9.47450584e-01
   -2.01391916e-01 
   -3.13469119e-01  -2.30638086e+00   1.56035771e+00   1.10071758e-01
   -1.77573273e-01   3.59808153e-01  -3.45311132e+00  -9.67194156e-02
   -1.77616840e+00   1.17229927e+00   2.96959110e+00   6.57900520e-02
   -4.63126419e-01   1.28996995e+00  -5.80398530e-01  -7.04762179e-01
   -1.27773040e+00 
   -5.73403247e-01   3.10699884e-01  -5.27118591e-01   1.17066506e-01
    2.25310951e+00  -2.05888467e+00   1.02895256e+00   9.03977284e-01
    1.13309769e+00   1.63972207e+00  -2.25658979e+00  -1.79325238e+00
   -1.09701105e+00   3.86722805e-01  -4.30335054e-01  -7.46772727e-02
   -1.34740184e-01 
    1.68803318e+00  -1.74679865e+00   6.62534102e-01   3.00103859e+00
   -2.28883716e+00   7.48636756e-01   4.01911772e-01  -9.77261134e-01
   -1.53681655e+00  -1.73806831e-01  -4.45883712e-01  -2.01482116e-01
    9.18917574e-01   2.38509471e+00  -2.12444824e+00  -1.09603366e-01
    6.42104617e-01 
    1.52540266e+00  -9.95090824e-01  -1.87292037e-01  -1.09908364e-01
   -2.80587767e-01  -3.65132793e-01   3.22931662e+00  -2.97791153e+00
   -1.27665563e+00  -1.11319219e+00  -5.10308539e-01  -8.75079713e-01
    1.18402646e+00  -1.94784120e+00   8.68162691e-01   5.24182034e-01
    4.67742487e-01 
    1.48547823e+00   6.09791935e-01  -3.03861652e+00  -4.30580340e+00
    1.10107992e+00   7.67230076e-02   5.03492235e-01   1.54202831e+00
    6.72573036e-01   1.73278366e-01  -8.24662983e-01  -1.07025732e+00
   -3.26253105e-01   1.65084819e+00  -5.49344641e-01   1.15112347e+00
    2.59063579e-01 
   -1.54799344e+00   4.85854975e-01  -3.29485039e-01   2.47450548e-01
    7.05558790e-01  -1.73194096e+00   1.58342721e-01   2.65959816e-01
    1.46910414e+00  -9.00327112e-01   1.17789656e+00   8.78520681e-02
    7.89404958e-01  -1.13138842e+00  -7.66668197e-01   1.14454878e+00
   -7.48711979e-01 
   -1.05485499e-01  -2.50904713e+00   2.24540817e+00   4.68854789e-02
   -2.38834574e+00   3.95703901e-01  -2.57268626e-01   1.59782112e+00
    1.16793842e-01   1.61548694e+00  -1.56279070e+00  -4.30172510e-01
    5.22342408e-01  -1.09823198e+00   6.68035417e-01   7.15797059e-01
    1.76706838e-01 
   -1.22852563e+00   4.70849966e-01  -8.53932812e-01   2.22529687e+00
   -8.20154982e-01   1.80257096e+00   1.17208537e+00  -1.64553418e+00
   -2.67957737e-01  -1.79953486e+00  -6.02114056e-01   5.32626049e-01
    1.75815923e+00   4.08381167e-03  -3.07048116e-01  -2.35569854e+00
    2.98914065e-01 
   -2.69642967e-01   2.54036418e+00   1.09316234e+00  -4.52132110e-01
   -1.64713638e-01  -4.88875821e+00   1.21802877e+00   3.50034904e+00
    1.44676982e+00  -2.28223989e+00   7.51190817e-01  -2.85180842e-01
   -3.94992003e-01  -8.24801660e-01   7.44364559e-01  -3.45069119e-01
   -3.01671568e-01 
   -2.64972744e+00   8.66525429e-01   1.94672995e+00  -7.43497606e-02
    1.65011343e+00  -9.38865305e-01  -1.42188000e+00  -3.24859085e-01
    2.35311765e+00  -1.08461889e+00   2.21290775e-01  -1.84818506e+00
    5.40847279e-01   4.57137380e-01  -1.17602108e+00  -4.50514863e-01
    6.50158196e-01 
   -3.61944566e-01  -7.46739003e-01   6.05909872e-01  -7.48034560e-01
    2.36133459e+00  -1.19871936e+00   2.36060034e-01   2.46331353e+00
   -2.57255427e+00  -6.45747763e-01   1.26575386e+00   8.35915131e-01
    4.33856480e-01  -8.44659310e-01  -5.10502894e-01  -1.18515825e+00
   -3.75611694e-01 
   -2.00835571e+00   2.26985108e-01  -1.38082040e+00   2.02532528e+00
   -1.00766383e+00   1.18617146e+00   7.81734448e-01  -7.22867846e-01
    1.00048505e+00   1.45556846e+00   1.56664984e+00  -1.92184702e+00
    8.46878518e-01  -1.33878878e+00   5.84489938e-01  -3.31080054e-01
   -6.52455843e-01 
    2.15374438e+00   1.54830249e+00  -2.12573391e+00  -1.01904805e+00
   -3.73500635e+00  -1.39636003e+00   8.98526633e-01   5.88527365e-01
    1.12871476e+00  -2.49050803e+00   1.99072498e+00  -6.09201314e-02
    7.63867363e-01  -3.32200009e-01  -7.40649036e-01   1.46994995e-01
   -1.30708260e-01 
    1.74395880e+00   3.04615901e-01  -1.98001758e+00  -1.36790022e-01
   -1.23730329e+00  -4.79415016e-01   2.93510007e+00  -2.98210211e+00
   -5.50848714e-02  -3.12036926e-01   3.56388964e-01   9.84300391e-01
   -2.31442038e-01   1.35259452e+00   7.69578233e-01   1.22725773e+00
   -5.12192728e-01 
   -6.10634457e-01  -4.61769448e-01   2.06026843e+00  -2.40348089e-01
    1.55684159e+00   1.95527933e+00  -3.38946570e+00   2.57504974e-01
    1.38764332e-01  -9.01804114e-01  -3.30935530e+00   2.43672675e-01
    2.00191825e+00  -1.50295148e+00  -1.40921734e-01   3.17148711e+00
   -2.98039781e-01 
   -6.63143928e-01   2.87280140e+00   1.27599609e+00   1.63289252e-01
   -1.43991143e+00   1.93174015e+00  -5.87514034e-01  -1.92248410e-02
   -9.35465411e-01  -2.26606234e+00  -2.13097537e-01  -1.26814018e-02
   -8.24493611e-01   5.82872957e-01  -7.05783869e-02   7.92438517e-01
   -5.55036561e-01 
   -1.04488802e-02  -1.04550338e+00  -1.22125233e+00   1.17490252e-01
    4.46461817e-02   2.61903777e+00  -7.94419146e-01   8.29390887e-01
    3.33922496e-01  -2.70535804e+00   1.26501572e+00  -2.77447968e-01
   -1.36043973e+00   6.86269582e-02   3.29473071e+00  -1.46233180e+00
    7.50458322e-01 
   -1.92518160e-01   2.40804063e+00   2.29429117e-01  -9.32945821e-01
    9.92797870e-01  -1.67546592e+00  -2.47400866e+00  -1.40429668e+00
   -5.31947185e-01  -8.78608634e-01  -1.37001641e-01   9.17774201e-01
    7.52795298e-01   4.92375548e-01   1.82752270e-01   9.97996949e-01
   -1.03287179e-01 
   -1.05506738e+00   2.94579612e-01   2.91687529e+00   1.61982924e+00
    9.27836559e-01   2.83226926e-01  -1.92823302e+00  -1.29433563e+00
   -7.60529993e-01   7.94130602e-01  -2.20069451e+00  -1.52584702e+00
   -1.81870135e+00   1.61439497e+00   1.67916785e+00   1.14873664e+00
    2.22656625e-01 
    1.55101284e+00   9.22141100e-01  -1.10262614e+00  -1.89757579e-01
   -8.05711685e-01  -3.51888911e-01  -5.54099282e-01  -4.40743441e-01
    1.88170884e+00   1.72734105e+00  -2.28352283e+00  -2.00790604e+00
   -5.18966405e-01  -1.71387358e+00   2.49056599e+00   8.55291297e-01
   -5.40937657e-01      3.59569835e+00  -1.01186575e+00   3.19876693e-01  -1.98644063e+00
   -8.91174477e-01   1.44183228e+00  -6.47395015e-01  -1.03394393e+00
    6.33857141e-01   7.22698630e-01  -1.03250833e-01  -3.22537708e+00
   -7.61059781e-01   6.10289399e-01   9.10359406e-01  -1.56519500e+00
   -1.04692162e-01   5.81955861e-02   1.29328541e-01   1.51650177e-02
   -3.67202321e-01   1.88461765e+00   5.67292248e-01   2.18213124e+00
   -1.56997939e+00  -9.16559918e-01   3.99123173e-01  -8.32096971e-02
   -1.11378604e-01  -2.59113190e-01   3.36639958e-01  -1.25387586e+00
   -1.15097325e-01 
    4.10099018e-01   3.79721273e-01  -3.88338675e-01  -2.69029203e-01
    1.02728070e+00  -2.42363711e-01  -1.38694270e+00   9.51006887e-01
   -2.09790107e+00  -1.75133354e-01  -7.65849400e-01  -1.23777096e-02
    1.14731930e+00  -3.06903058e-01   1.51105275e+00   1.06762209e-01
   -7.01914179e-02  -1.04834363e+00   2.07332031e+00  -2.05319564e+00
   -1.30772445e+00   2.63485775e-01   5.10632464e-01  -3.26445578e-02
   -1.29735772e+00   7.08604357e-01   7.36688201e-01  -4.35041873e+00
    1.36844916e+00  -1.71497845e+00   7.62387791e-02  -1.26630866e+00
    2.41647267e-01 
    8.05759441e-01  -6.04527993e-02   2.72915889e+00   1.02593368e+00
   -1.87790415e+00  -1.98044461e+00  -1.08767748e+00  -8.78696155e-01
    1.39783477e+00   1.04002452e+00   3.87287270e-01   5.93047532e-01
   -2.09103290e+00   7.30084901e-03  -4.03011701e-01  -1.23836461e+00
    2.21043324e+00   5.34626958e-02  -1.36773266e+00   1.25967321e+00
   -1.25584971e+00  -2.37325986e+00  -1.22148387e+00   1.36040192e+00
    1.27326254e+00   7.51808194e-01  -2.43374095e+00  -5.99738301e-01
    2.18931762e+00  -1.89225679e-01  -2.25790900e+00   9.71548705e-01
   -3.40280061e-01 
   -1.42346698e+00   2.01078012e-01  -1.43044724e+00  -1.04494065e+00
    1.85134403e+00   1.16376433e+00   1.28330499e+00   1.98366005e-01
    5.63005115e-01  -8.65359443e-01   2.80429761e+00  -2.04930853e+00
    3.98996509e-01  -8.82230435e-01  -3.31603879e+00   1.09706352e-01
    3.72516661e+00  -1.29306391e-01   7.42490407e-02  -2.23468403e+00
   -9.89688883e-01   6.49016572e-01   8.41498907e-01  -2.95519764e+00
    5.20384528e-01   5.02581209e-01  -4.87507192e-02   1.13176594e-01
   -2.78770009e-01   2.58620416e-01  -1.72975807e+00  -6.33238739e-01
   -2.12702596e-01 
   -1.96572703e+00  -1.21317286e+00  -2.30016000e+00  -6.12963287e-01
    7.44734605e-02  -4.64754772e-01  -1.72147986e-02  -1.22538660e+00
   -2.76205900e-01  -2.94905766e+00   1.39592076e+00  -6.40346188e-01
   -1.39426390e-01  -2.46953108e+00   2.80789021e+00  -1.77003671e+00
   -2.64446053e-01  -1.54668960e+00   2.55119347e+00  -2.33709800e-01
    1.18867609e+00  -1.22874409e+00  -3.24163983e+00   2.04400622e+00
    2.02179285e+00   1.28073603e+00  -1.56802032e+00  -1.05382525e-01
   -3.35541380e-01  -1.92599194e-01  -1.27418954e+00   1.68361134e+00
   -2.42288231e-01 
   -1.41455624e+00  -2.33997752e-01   6.72183861e-01   3.47989161e-01
    1.04466450e+00  -7.23549005e-01  -4.94972608e-01  -3.55404700e+00
    1.12975723e+00   1.04918668e-01  -1.93545565e-01   2.65855787e-01
   -1.01182225e+00   2.00127782e+00  -8.74138330e-01  -2.02153513e+00
   -1.49742695e+00   6.81711694e-01  -1.10188270e-01  -2.44557081e+00
    4.47700520e+00   4.92788641e-01  -1.38024826e-01   6.34558310e-02
    3.24439917e-01   5.61055708e-01  -1.44526612e+00  -1.65969193e+00
   -3.81232585e+00   6.94491787e-01  -1.97451576e-01   4.22059441e-01
   -2.88377478e-02 
    7.34749812e-01  -1.25712688e+00  -2.92793034e-02  -1.01180631e+00
   -1.17718047e-01  -2.31751731e+00   1.16367254e+00   9.28713947e-01
    6.11782903e-01  -2.09157909e+00  -5.98244920e-01   2.64986452e+00
    3.03137282e+00  -1.69046918e+00  -1.08589569e+00  -3.90188872e+00
   -1.05769784e+00  -5.79101591e-02  -1.52781678e-01  -5.86541579e-01
   -9.11312544e-01  -2.26547356e-01  -2.58064525e-01  -6.68048145e-01
   -1.34095133e+00  -1.93704813e+00   1.02897720e+00   3.77665072e-01
    4.28689482e-01   2.83911747e+00   7.72419028e-01   2.93886158e-01
   -4.07917900e-01 
    7.87763555e-02  -7.58538911e-01   2.03530652e+00  -6.06248810e-01
    1.72099272e+00   2.43196927e-02  -9.48538226e-01  -1.31340125e-01
   -3.37644146e-01   4.82566322e-01  -4.35516481e+00   2.10687670e-01
    2.32546690e-02  -1.95527201e+00  -5.25881237e-01   2.29847774e+00
   -2.31332130e+00  -4.81841183e-01  -2.32399569e+00  -3.07838778e-01
   -2.47808833e+00  -1.11082145e-01  -2.95066720e+00   2.74899122e-01
   -4.75469365e-01   3.50529231e+00   4.12355928e-01   6.50958335e-01
   -1.43868677e+00   7.17521437e-01   1.18465149e+00  -1.62644650e-01
   -9.89991062e-01 
   -2.05517531e+00   2.32882500e+00   1.16957287e+00   1.39590143e+00
   -2.03928955e+00  -2.31560819e-01   1.22270406e+00  -2.34159130e+00
    2.23240983e+00   3.27451089e-01   7.43532999e-01  -1.57177455e+00
    1.08104773e+00  -1.69843331e+00   1.97449858e+00   1.27528982e+00
   -8.39404322e-01  -2.40210782e+00  -3.33426248e-01   5.55591220e-01
   -1.52512825e+00  -1.74459397e+00   2.14012807e+00  -1.31155052e+00
   -1.95378154e+00  -4.02819759e-01  -1.38448662e-02   4.85619978e-01
   -1.40082691e+00  -5.75574641e-02   1.56882143e+00  -1.84474185e+00
   -5.69218949e-01 
    1.07476634e+00  -9.27841578e-01  -8.44822332e-01  -1.37412409e+00
   -1.01470820e-01   1.52938652e-01  -9.73168292e-01  -2.51729148e+00
   -2.47177505e+00  -2.66463612e+00  -1.85397634e+00   1.81421697e+00
   -2.50263288e+00  -1.41606097e+00   2.32314449e-01   2.59256163e-01
    5.37930137e-01  -7.44465462e-03  -2.17554280e+00   1.77506918e+00
    1.29187932e+00   1.25715704e+00   5.21225236e-01  -2.49823297e+00
    2.76269783e+00  -8.09385211e-01   2.10780036e+00   4.47984728e-01
    2.51189241e+00   4.40819607e-01  -3.95020294e-02  -1.83856483e+00
   -3.53406776e-01 
   -1.66475993e-01  -2.87817106e+00   3.50009699e-01   9.10885159e-01
   -6.02085860e-01   1.26004349e+00  -1.13527142e+00  -2.28366123e+00
   -1.78366444e+00  -1.37515253e-01   1.19736928e+00   5.19673168e-02
   -2.64511527e+00   1.75990765e+00  -3.57792820e-01   2.60651668e-01
    4.89625220e-01  -1.28542066e+00   1.02596002e+00   1.60236566e+00
   -7.84798866e-01  -1.39087106e+00  -1.39702905e+00  -2.80705414e+00
   -1.63909060e+00  -1.60782384e+00   3.47480345e+00   1.03857751e+00
   -1.17218600e+00  -3.56298422e-01   1.56268476e+00   2.52563339e+00
   -5.30623183e-01 
   -1.16968364e+00   4.42138766e+00  -1.28876219e+00  -2.56962729e+00
   -2.14501384e+00  -1.16752934e+00  -1.13345454e+00  -9.54299126e-04
    1.12900018e+00  -2.34548480e+00  -2.63843111e+00   3.17692070e-01
   -6.84152495e-01   1.40915067e+00  -2.22391864e-01   1.59850929e+00
   -6.99934088e-01  -5.87963719e-01  -1.01912428e-02  -9.11309949e-01
    7.67060980e-01   1.86350268e+00  -6.49571184e-01   9.52247707e-01
    5.48825630e-01  -1.67741540e+00  -1.45240880e+00   1.00632265e-02
    1.04941324e+00  -8.48735947e-01   1.71422990e+00   1.28661782e+00
   -6.08874021e-01 
   -4.36092914e-01  -9.38839374e-01  -2.54273010e+00  -2.08078901e+00
   -2.08956779e+00   9.26081321e-01  -3.96100744e-02  -1.80037749e-01
   -6.83870352e-01   3.45538428e+00   3.92317542e-02   2.18384626e+00
   -1.00042500e+00   3.15739238e-01  -5.09593745e-01  -1.31147375e+00
   -7.93959530e-02  -1.12516997e+00  -4.45140959e-01  -1.47090031e+00
    3.18480377e-01  -3.73662413e-01  -8.90936358e-01  -7.27695527e-01
   -7.25471834e-02  -2.01378725e-01  -1.87053897e+00   4.50911188e-01
    1.56728000e+00  -1.25111676e+00   2.00456693e+00  -4.51683330e-01
   -2.39265677e-01 
   -2.72534689e-01  -8.05857963e-01   5.34102197e-01   1.94333060e+00
   -2.32023515e+00   1.28141393e+00  -2.30834409e-01   1.05137893e+00
    9.48760649e-01  -7.36346043e-01  -9.11586761e-01   6.81938863e-02
   -1.69045264e+00  -7.38834025e-01  -2.62794888e+00   2.08606136e+00
   -3.00024931e+00   4.15779357e-01   1.00509108e+00  -8.34346450e-01
    7.84946076e-01  -6.04084301e-01   1.42246178e+00   3.58739594e-01
    2.71635950e-01  -2.07369179e+00   9.28985971e-01  -1.33329851e+00
    3.07397748e-02  -1.10976970e+00  -8.96707165e-01   7.13078844e-01
   -5.27316001e-01 
   -5.88442871e-01   2.15521823e+00   3.22546645e-01  -1.08414941e+00
   -9.64863263e-01  -2.07719323e-01   9.41923292e-01   1.51674800e+00
   -1.04911354e+00   2.26687988e-01  -9.85811148e-01  -6.55400327e-01
    2.14281932e-01   4.01281905e-01   1.93898365e+00  -1.15668498e+00
    4.79436848e-01   2.85511393e-01  -1.32984716e+00   4.30333828e-01
   -7.16015601e-01   9.93889292e-01  -3.40853812e-01  -3.45146818e-01
    9.78845760e-01  -1.24710528e+00  -4.21119675e-01  -3.93829921e-01
   -2.49712573e+00  -1.46779200e-01  -1.86726004e+00  -2.88008884e+00
   -9.31551841e-01 
   -1.90767473e-01  -1.74748325e+00  -2.35379507e+00   1.96140414e+00
    1.39317317e+00   9.08764442e-01  -4.19984953e-01  -4.91421173e-01
    1.97277574e+00   1.25248057e+00   2.10477004e-01   4.69067971e-01
   -1.08619182e-01   2.69926106e-01  -1.01212661e+00  -5.23267067e-01
   -2.13125250e-01  -1.82200933e+00  -8.79901913e-01   1.65790359e+00
   -4.41198058e-01   7.51482938e-01   4.08396274e-01  -1.51477339e+00
   -4.95506705e-01  -1.50681736e+00  -1.62610401e+00  -5.98691073e-01
    1.13577119e+00  -5.11095324e-01  -8.83291044e-01  -6.31739675e-01
   -1.59021173e-01  