NN 16 32 16   -3.78995091e+00  -1.04990078e+00  -1.08224656e-01   5.79857377e-01
    2.38597185e+00  -8.98155837e-01  -1.96053123e+00  -2.12991572e+00
    3.40491149e+00  -1.25445411e+00  -2.03388163e-01   2.09814094e-01
    9.34464266e-01  -2.10038253e-01   2.87082353e-01  -5.35760226e-01
   -8.54101258e-01 
    5.29203489e-01  -3.85456677e-01  -2.78403152e-01  -1.91507035e-01
    1.16220255e+00  -3.70765643e-01   2.80058262e-01   4.14313004e-01
   -2.75079851e+00   7.65494737e-01   2.10439598e+00  -3.78583222e+00
    8.06259771e-01   7.94988949e-01  -2.07120332e+00   1.36584660e+00
    6.47212604e-01 
   -8.79635337e-01  -1.21497259e-02  -2.60287355e+00   8.56043318e-01
    2.62218206e+00  -1.93059872e+00  -6.72583280e-01  -7.02073450e-01
   -9.62737223e-01   5.11660683e-01  -3.23820955e-01   2.76686946e-01
    1.48154912e+00  -7.41118915e-01  -2.43890639e-01   2.02855356e+00
    1.48335763e-01 
    1.59140270e+00  -6.25613548e-01  -1.34973374e+00   1.08815469e+00
    7.70818422e-02  -1.10901395e+00   7.70144717e-01  -4.03254187e-01
   -1.64731306e+00   8.72578845e-01  -1.51882570e+00   1.79348163e+00
    1.74914187e+00  -1.57118032e+00   1.22364601e+00  -1.88996038e+00
   -1.88290682e-01 
   -9.41702908e-02  -1.54440322e+00   1.41067479e+00  -1.13586172e+00
   -1.53050052e-01  -5.30360117e-01  -1.41656725e-01  -2.05328441e+00
    1.21413760e+00  -6.04746481e-01   1.74850387e-01   2.09895399e+00
    1.55269376e+00   2.18337210e+00  -1.57973686e-01  -1.46746694e+00
   -7.00904073e-01 
   -4.45726596e-01   1.21363618e+00   1.78928095e+00  -1.43038941e+00
    6.93791732e-01   1.25565774e+00   1.97378719e+00  -4.23889883e-01
   -4.04167248e-02  -2.22238598e-01  -1.91763874e+00   4.59806063e-01
   -8.45360091e-01  -1.44572657e+00  -4.99241126e-01  -1.05299227e-01
    2.40387068e-02 
    8.55068310e-01   1.55986624e+00   1.59598805e+00  -1.89809496e+00
   -5.42262730e-02   1.72525979e-01  -1.90370251e+00   1.36117068e+00
   -5.73184160e-01   5.16366867e-01   8.96992974e-01   3.77411126e-01
   -1.53949510e-01  -4.45983181e-01  -1.44213067e+00   7.96285717e-01
   -7.04741501e-01 
    7.46778234e-01  -1.26022599e+00   1.20293268e+00  -3.32044896e-01
    6.13022810e-01   4.19176371e+00  -2.14100408e+00   4.18332541e-02
    2.49598394e+00   2.30333119e+00   3.20829685e-01  -3.53096964e-01
   -6.23276283e-01  -2.58124801e+00  -1.30604983e+00  -1.66378504e-02
   -5.92906398e-01 
    1.39678911e-01   2.71800971e+00  -7.34529691e-01  -1.11812609e+00
    6.83051869e-01  -1.28522555e+00  -1.04431034e+00  -1.96708516e-01
   -1.72315937e+00   2.40429931e+00   1.34367709e+00  -1.19185874e+00
    9.34861552e-01  -1.77641119e+00   1.44926923e+00  -1.57467431e+00
   -9.44123125e-02 
   -1.35621419e+00  -6.09836030e-02  -6.47933969e-01   1.13453826e+00
    1.66646082e+00  -9.42767569e-01   1.37918067e+00  -9.38872017e-01
   -1.14041191e+00   1.00870077e+00   6.08122225e-01   2.00618591e+00
   -2.78277872e+00   5.25614656e-01  -6.79747474e-01  -1.33127870e+00
    3.28002046e-01 
   -4.34941477e-01   3.87719147e-01  -1.95667880e-03  -2.88295799e+00
   -2.21905890e+00  -1.34107258e+00   1.22054676e-01   4.16086879e+00
   -1.31723054e+00   4.90091861e-01  -5.02021592e-01   3.01316684e+00
   -1.06581583e+00  -3.51220896e-01  -9.78804982e-02   2.77281507e-02
   -6.09094378e-01 
    3.02075574e+00  -8.23665139e-01   3.88968660e-01   1.96234400e+00
    1.61597834e+00  -5.67873871e-01  -1.36547335e+00   6.55082786e-01
    2.95852613e-01  -1.24833554e+00   3.86619130e-01  -4.53079632e-01
   -2.93183034e+00   4.44162324e-01   1.10592363e+00  -8.92783366e-01
   -1.63266337e-01 
   -2.95765819e-01  -2.18586110e+00   1.43159785e+00   2.70362611e-01
   -7.11227941e-02   2.19375032e-01  -3.51494081e+00   8.97119377e-02
   -1.74399793e+00   9.43037574e-01   2.92497148e+00   7.05894511e-02
   -4.45914398e-01   1.27234948e+00  -5.92642193e-01  -6.90373841e-01
   -1.27141954e+00 
   -5.24802054e-01   2.05923453e-01  -4.26802297e-01   8.67233492e-04
    2.15833785e+00  -1.97741088e+00   9.61324093e-01   8.97458593e-01
    1.03284354e+00   1.59431075e+00  -2.27881669e+00  -1.87371744e+00
   -1.10505042e+00   3.48879357e-01  -4.76522665e-01  -1.62906098e-01
   -1.88721398e-01 
    1.65131766e+00  -1.88843919e+00   5.30160047e-01   3.02492774e+00
   -2.03484221e+00   7.00326802e-01   4.07871331e-01  -9.20522379e-01
   -1.48106302e+00  -7.84585532e-02  -4.37149908e-01  -2.52545449e-01
    8.39728937e-01   2.42619850e+00  -2.07130630e+00  -8.96450049e-02
    6.62902645e-01 
    1.53884869e+00  -1.04359859e+00  -2.38143884e-01   1.62049882e-02
   -1.65880291e-01  -3.11449201e-01   3.18578759e+00  -3.03574983e+00
   -1.19908675e+00  -9.06172529e-01  -3.91523026e-01  -8.09472692e-01
    1.29546292e+00  -1.83619027e+00   9.37817272e-01   6.12155670e-01
    5.72216916e-01 
    1.43584201e+00   7.10423380e-01  -3.06425088e+00  -4.19200888e+00
    1.05933531e+00   1.82775257e-01   7.59669876e-01   1.54934219e+00
    7.01611494e-01   2.15542255e-01  -8.74784966e-01  -1.02822527e+00
   -3.06689868e-01   1.69560892e+00  -5.23799062e-01   1.13464856e+00
    2.68450678e-01 
   -1.49540302e+00   4.44691679e-01  -2.74971643e-01   2.32986182e-01
    6.98183585e-01  -1.67800188e+00   1.43722321e-01   2.21921420e-01
    1.39496608e+00  -9.97636878e-01   1.20410905e+00   1.22334286e-01
    8.28375145e-01  -1.09309970e+00  -7.46411227e-01   1.12429534e+00
   -7.32008736e-01 
   -2.22312862e-02  -2.48835637e+00   2.24769291e+00   5.52325138e-03
   -2.34131701e+00   3.79266060e-01  -2.20213304e-01   1.56930130e+00
    1.99128458e-01   1.66628862e+00  -1.57428026e+00  -4.57823423e-01
    5.18905206e-01  -1.03826357e+00   6.87220998e-01   7.01477732e-01
    1.90746294e-01 
   -1.37317337e+00   4.55020691e-01  -8.21549460e-01   2.33261513e+00
   -8.19460613e-01   1.72224157e+00   1.19850288e+00  -1.49920328e+00
   -3.48213536e-01  -1.77834156e+00  -6.29704881e-01   5.37211510e-01
    1.76541560e+00   1.67887755e-02  -2.89288166e-01  -2.31309968e+00
    3.16255356e-01 
   -1.22481502e-01   2.56370334e+00   1.13170203e+00  -4.59091573e-01
   -2.08978172e-01  -4.72149825e+00   1.09896199e+00   3.48743770e+00
    1.25917925e+00  -2.34318264e+00   9.04949763e-01  -2.66577984e-01
   -4.67430487e-01  -8.04531962e-01   7.02383820e-01  -3.46353140e-01
   -3.14323491e-01 
   -2.66455770e+00   9.06349028e-01   1.80719085e+00  -1.05268048e-01
    1.64572388e+00  -9.40561230e-01  -1.48011842e+00  -4.56723826e-01
    2.29424832e+00  -1.28215866e+00   2.89094225e-01  -1.88880994e+00
    4.75392531e-01   3.66430598e-01  -1.25902707e+00  -5.18717974e-01
    5.54781154e-01 
   -3.96983526e-01  -7.47425465e-01   6.60841552e-01  -8.19917684e-01
    2.23747081e+00  -1.27101199e+00   2.32122758e-01   2.33868640e+00
   -2.70915313e+00  -7.38554272e-01   1.21159981e+00   8.17764978e-01
    3.81296085e-01  -8.89766931e-01  -5.57054706e-01  -1.19187369e+00
   -4.36875527e-01 
   -2.03529069e+00   2.21676326e-01  -1.33771560e+00   2.00793297e+00
   -9.11095859e-01   1.12329365e+00   7.31775689e-01  -7.25171628e-01
    1.00386764e+00   1.47353787e+00   1.72032048e+00  -1.79357473e+00
    8.70026310e-01  -1.28007575e+00   6.18795043e-01  -2.74848120e-01
   -6.06680307e-01 
    1.99032016e+00   1.70364879e+00  -2.03640718e+00  -9.75315983e-01
   -3.72594267e+00  -1.27549941e+00   1.00327124e+00   4.67188445e-01
    1.25708680e+00  -2.42877310e+00   2.01430856e+00   6.26459054e-03
    7.60102942e-01  -3.04422029e-01  -7.05352760e-01   1.87192857e-01
   -8.92291388e-02 
    1.69010413e+00   2.82887399e-01  -1.88855146e+00  -1.88665449e-01
   -1.15976507e+00  -4.77785222e-01   2.81479568e+00  -2.99807573e+00
   -1.44442488e-01  -1.84580913e-01   2.91383590e-01   9.94363998e-01
   -2.48212377e-01   1.36385541e+00   7.96634976e-01   1.17710138e+00
   -5.30730138e-01 
   -5.95495567e-01  -4.96671435e-01   1.92702964e+00  -2.46482716e-01
    1.49442832e+00   1.98965583e+00  -3.38470083e+00   4.65595834e-01
    2.59153879e-01  -8.78781350e-01  -3.31915810e+00   1.76356380e-01
    1.99693094e+00  -1.47444688e+00  -1.09807057e-01   3.09187632e+00
   -2.79777439e-01 
   -6.97935486e-01   2.87997907e+00   1.20391967e+00   1.31007275e-01
   -1.33220753e+00   2.04720124e+00  -5.31267796e-01  -1.17451238e-01
   -9.16708741e-01  -2.16505309e+00  -2.06037752e-01  -5.85819521e-02
   -8.18557308e-01   5.98286492e-01  -7.29120263e-02   7.94633443e-01
   -5.28713307e-01 
   -1.56618530e-01  -1.09025722e+00  -1.33034066e+00   1.63708237e-01
   -5.87132605e-02   2.60416286e+00  -8.50049485e-01   8.13972502e-01
    2.34797663e-01  -2.73653760e+00   1.14303715e+00  -3.23451748e-01
   -1.49209973e+00  -8.58802747e-02   3.09638547e+00  -1.57861235e+00
    5.90990408e-01 
   -1.35131008e-01   2.39543026e+00   2.55731035e-01  -8.92961618e-01
    9.86224205e-01  -1.69877663e+00  -2.40938364e+00  -1.35326097e+00
   -5.27443923e-01  -1.03099118e+00  -1.34462765e-01   9.31617351e-01
    7.68487315e-01   4.59925212e-01   1.72088898e-01   1.00421005e+00
   -8.50705819e-02 
   -1.06201542e+00   3.46824224e-01   2.78456856e+00   1.65097846e+00
    1.01943707e+00   3.53890313e-01  -2.01382583e+00  -1.17559058e+00
   -7.13560021e-01   7.57149342e-01  -2.04948784e+00  -1.49074609e+00
   -1.70343763e+00   1.62600407e+00   1.72548025e+00   1.19218968e+00
    2.93524877e-01 
    1.56655776e+00   8.34333116e-01  -1.04944264e+00  -2.38328365e-01
   -8.17552863e-01  -3.34341884e-01  -4.97111689e-01  -4.80406203e-01
    1.83744482e+00   1.63358542e+00  -2.33296445e+00  -2.03536446e+00
   -5.65562297e-01  -1.70218440e+00   2.44064325e+00   7.74249851e-01
   -5.60805770e-01     3.56273193 -0.95279302  0.33339082 -1.98856782 -0.76752377  1.36737897
  -0.73782514 -1.12577318  0.63309017  0.76040325 -0.04251435 -3.18919463
  -0.82734535  0.53257346  1.00523619 -1.51601634 -0.02111451  0.12421335
   0.20463082  0.08938165 -0.32089316  1.90029423  0.5725345   2.18327094
  -1.50310161 -0.75206384  0.28230922 -0.23401537 -0.13978885 -0.32753306
   0.16805048 -1.28241791 -0.09411126 
   0.71134969  0.41811321 -0.26742121 -0.0918735   1.0284586  -0.26815969
  -1.39380896  0.96837969 -2.09364823 -0.21231625 -0.86950281  0.14748979
   1.2727044  -0.17357659  1.60019791  0.0272923   0.06107092 -0.94881286
   2.0865886  -2.07545099 -1.33636968  0.35320194  0.48343284 -0.02290919
  -1.39290172  0.70467672  0.9285394  -4.31354322  1.46616735 -1.63871293
   0.20865223 -1.2096914   0.28259316 
   0.5767056  -0.0722388   2.70497038  1.11913686 -1.83121198 -1.92082295
  -1.04862238 -0.93771741  1.31852035  1.04326508  0.44346115  0.62183067
  -2.11031025  0.04521108 -0.41586051 -1.17742585  2.18306509 -0.07693174
  -1.32489786  1.2969068  -1.27849209 -2.59830367 -1.14642504  1.18051551
   1.22433595  0.77888908 -2.47867195 -0.65044701  2.08574536 -0.31021688
  -2.3128089   1.00131381 -0.38909515 
  -1.3997351   0.21845094 -1.46374097 -1.02812381  1.8509165   1.22499534
   1.30756576  0.34626287  0.55011786 -0.92779611  2.72494073 -2.0906763
   0.43327881 -1.02853936 -3.20936813  0.13260801  3.79908877 -0.17556327
   0.1016176  -2.19939328 -1.10371399  0.60974229  0.80844511 -2.86463145
   0.60887451  0.58664275 -0.06144019  0.19213887 -0.24489995  0.29232329
  -1.75336019 -0.61580641 -0.14618927 
  -1.91907709 -1.25835269 -2.25712964 -0.58369339  0.14061117 -0.48227282
  -0.02472617 -1.13847235 -0.31785814 -2.80828084  1.42372651 -0.58860678
  -0.03799457 -2.43614586  2.76982264 -1.79987726 -0.23926477 -1.50362614
   2.54733111 -0.27292335  1.15015315 -1.21796667 -3.25754407  2.14461841
   1.95050043  1.25420055 -1.52960599 -0.19913099 -0.33502839 -0.29888601
  -1.20253095  1.68584519 -0.2199769  
  -1.43114969 -0.17114568  0.66465984  0.37542019  1.08685253 -0.67764695
  -0.35356264 -3.53365492  1.18850337  0.05062674 -0.17540198  0.36810031
  -0.91699641  1.92722463 -0.91407127 -1.98247557 -1.42365719  0.66546079
  -0.10006168 -2.57048814  4.49387646  0.49421026  0.0573756  -0.05265699
   0.24876346  0.47176265 -1.42773278 -1.65630478 -3.79835073  0.76584322
  -0.18273172  0.37685431 -0.00540357 
   0.77675546 -1.23377823  0.078162   -0.93457622 -0.08778483 -2.24566151
   1.12991902  0.76262166  0.48523681 -2.17868377 -0.66796846  2.743357
   2.90343493 -1.63926776 -1.03946059 -3.92189301 -1.02581182  0.07910262
  -0.21725481 -0.52320052 -0.67831452 -0.19979749 -0.24272075 -0.74401889
  -1.31463286 -1.81152299  1.13207408  0.33991592  0.39170856  2.91399558
   0.74529652  0.36734129 -0.36444048 
   0.15382864 -0.69307755  2.14986028 -0.63771842  1.66746224 -0.14453761
  -0.90374885 -0.13651258 -0.21693206  0.44548205 -4.33653605  0.21985943
   0.09269044 -1.76754237 -0.46915357  2.24136311 -2.26377968 -0.42978363
  -2.24980085 -0.41539825 -2.33611357 -0.13296415 -2.99679686  0.22923089
  -0.4477393   3.49066806  0.53355359  0.62567042 -1.54003705  0.7963977
   1.21344777  0.01656504 -0.92479545 
  -2.0512457   2.30682432  1.15722029  1.38241372 -2.02945674 -0.2198655
   1.22846871 -2.34255734  2.24017831  0.34860087  0.75299372 -1.57940643
   1.09213486 -1.63125851  1.90666161  1.24763421 -0.8438058  -2.37043635
  -0.32467004  0.55166383 -1.50850165 -1.73382651  2.12873594 -1.33561597
  -1.92935516 -0.425178    0.01462843  0.5037617  -1.40438842 -0.08745047
   1.53691393 -1.85335865 -0.56167074 
   1.07669308 -0.97680564 -0.8238127  -1.35597775 -0.1341612   0.17730746
  -0.98240912 -2.52362626 -2.44706267 -2.65859233 -1.85707886  1.73352447
  -2.51208234 -1.39864792  0.15800151  0.23144874  0.49757312  0.01064523
  -2.19509995  1.74527462  1.29286157  1.25859573  0.54059492 -2.51203155
   2.69884344 -0.80369531  2.055383    0.40067349  2.40011854  0.40213832
  -0.03764799 -1.78831113 -0.37596714 
  -0.18904825 -2.78918649  0.37033943  0.93016459 -0.60515404  1.24383222
  -1.1492555  -2.23991544 -1.73238578 -0.11683115  1.16384393  0.15161444
  -2.6555389   1.8629337  -0.29935747  0.2755772   0.57196328 -1.27679368
   1.06465748  1.61717592 -0.72525176 -1.35510503 -1.39776042 -2.73730588
  -1.61129309 -1.54363749  3.45204632  0.99340439 -1.13397066 -0.40582393
   1.53605409  2.57928236 -0.44793215 
  -1.18635514  4.37940654 -1.28880612 -2.56964869 -2.06679552 -1.13812549
  -1.12200294 -0.0097125   1.10681354 -2.31380374 -2.64946823  0.31846211
  -0.68431771  1.37027316 -0.17964009  1.64168389 -0.70594483 -0.52946127
  -0.02977102 -0.88550826  0.80942151  1.9096595  -0.61015135  0.94480237
   0.56836157 -1.64577251 -1.43403665  0.02121118  1.06521599 -0.827476
   1.69282005  1.20910969 -0.58713608 
  -0.43586976 -0.9213638  -2.54456637 -2.06920282 -2.05753668  0.94755915
  -0.0051904  -0.16312097 -0.66827227  3.4166125   0.03426963  2.18377593
  -1.00830997  0.30523987 -0.48044987 -1.29306145 -0.05894965 -1.11985443
  -0.41492334 -1.44598535  0.34115639 -0.36684362 -0.88441769 -0.72077595
  -0.05098953 -0.17584311 -1.83145323  0.47384864  1.57755256 -1.23194965
   2.01332459 -0.43942725 -0.2095283  
  -0.26478353 -0.80820524  0.53197548  1.92544061 -2.28989667  1.26152328
  -0.23514776  1.02818389  0.92924757 -0.73701615 -0.9043087   0.06227464
  -1.68548082 -0.72920995 -2.60607455  2.06900536 -2.98555449  0.41230356
   1.01688299 -0.84421736  0.78913005 -0.59714636  1.40527326  0.35311005
   0.28310835 -2.06676488  0.92007991 -1.33204372  0.02914377 -1.1055318
  -0.88631312  0.70351835 -0.51982211 
  -0.58108763  2.11105382  0.31622219 -1.0982831  -0.96690236 -0.19300429
   0.95048784  1.52026069 -1.01833419  0.22761856 -0.98680184 -0.65889636
   0.23196145  0.40666279  1.89492124 -1.14736019  0.47503993  0.27373913
  -1.32934346  0.42702321 -0.71755862  1.00355026 -0.32251317 -0.33851464
   0.94071576 -1.2601092  -0.39956945 -0.37653881 -2.44021451 -0.12927515
  -1.83235725 -2.85203377 -0.922088   
  -0.18934334 -1.73675249 -2.3341403   1.88691453  1.32509495  0.8987497
  -0.47159809 -0.49824307  1.93073057  1.2441522   0.13776546  0.41403264
  -0.1495293   0.24949603 -1.06267699 -0.50598172 -0.25136851 -1.81683912
  -0.94921615  1.6418234  -0.51153981  0.73778349  0.34699477 -1.51259919
  -0.54066504 -1.5418124  -1.6316446  -0.57543509  1.09094011 -0.50478843
  -0.88181045 -0.62838627 -0.22622777  