NN 16 32 16   -3.11153402e+00  -7.14494339e-01  -2.72608921e-01   5.22218606e-01
    1.85621396e+00  -8.42416177e-01  -1.38154060e+00  -1.64523763e+00
    2.45552554e+00  -1.41935055e+00  -1.08073898e-01   5.39905140e-01
    7.27236066e-01  -1.92655027e-01   2.66904093e-01  -3.48643053e-01
   -7.32709600e-01 
    5.27873094e-01  -3.28176948e-01  -2.95881082e-01  -4.39916982e-01
    1.00657819e+00  -3.26826404e-01   1.24537481e-01   5.13406156e-01
   -2.05699325e+00   8.25547412e-01   1.67349564e+00  -3.26629502e+00
    6.23540129e-01   7.14253427e-01  -1.62854654e+00   1.23945711e+00
    5.45230940e-01 
   -5.70633488e-01   1.35066639e-01  -2.44784088e+00   9.75347784e-01
    2.20140303e+00  -1.63907644e+00  -3.99936599e-01  -5.99755905e-01
   -1.01364984e+00   3.33300219e-01   2.16532723e-01   1.58962347e-01
    1.48478748e+00  -8.26827089e-01  -9.57370826e-02   1.68203594e+00
    1.72809811e-01 
    1.52962429e+00  -7.17303707e-01  -8.18964686e-01   5.95275093e-01
   -6.64084443e-02  -1.00708360e+00   9.80665475e-01  -2.59868944e-01
   -1.20340474e+00   8.44172957e-01  -1.31088736e+00   1.62656691e+00
    1.60850948e+00  -1.57622360e+00   9.71347285e-01  -1.79242897e+00
   -3.40099423e-01 
   -2.77922598e-01  -1.38240959e+00   1.24102157e+00  -9.74625802e-01
   -3.78552178e-01  -7.49685562e-01  -8.32603816e-02  -1.66912116e+00
    1.30546816e+00  -2.35058467e-01  -1.22885038e-01   1.70498709e+00
    1.53651440e+00   1.94512063e+00   4.95915389e-02  -1.41274538e+00
   -7.48571655e-01 
   -3.56982467e-01   1.07905894e+00   1.42065425e+00  -1.18708224e+00
    5.34195886e-01   1.04350318e+00   1.36030909e+00  -5.52089460e-02
    1.09434879e-02  -3.30262383e-01  -1.47774526e+00   6.42165552e-01
   -7.38300313e-01  -1.27687346e+00  -2.50262770e-01  -1.81657641e-01
   -3.91937438e-02 
    6.40150285e-01   1.38537642e+00   1.23364277e+00  -1.61534071e+00
   -4.90860801e-03  -4.99036089e-02  -1.64543533e+00   1.09298507e+00
   -4.45910174e-01   5.96052980e-01   7.98952188e-01   3.42486567e-01
   -1.76461298e-01  -3.95088751e-01  -1.16265918e+00   8.47361988e-01
   -5.51851589e-01 
    5.89305772e-01  -1.27218644e+00   9.81673776e-01  -4.67328853e-01
    7.56108295e-01   3.48026224e+00  -1.59766472e+00   7.46584511e-02
    2.12114754e+00   2.06590390e+00   6.33687868e-01  -5.96530505e-01
   -6.15740187e-01  -2.27146852e+00  -1.14838552e+00   8.05123390e-03
   -6.34535011e-01 
    3.39222129e-01   2.40278458e+00  -9.10638893e-01  -6.32113200e-01
    9.09799979e-01  -1.12462888e+00  -8.66082655e-01  -1.04063279e-01
   -1.52891542e+00   2.12813384e+00   1.08080959e+00  -1.15549532e+00
    6.02331664e-01  -1.74033284e+00   1.10624646e+00  -1.33823135e+00
   -1.31975107e-01 
   -1.38421089e+00  -1.27210240e-01  -8.29754498e-01   1.25581306e+00
    1.66012745e+00  -7.91442902e-01   1.21834845e+00  -6.35762714e-01
   -8.75692980e-01   1.15040260e+00   3.06800533e-01   1.87009104e+00
   -2.32895447e+00   5.01747579e-01  -3.30876163e-01  -1.23797404e+00
    2.48544458e-01 
   -5.01139751e-01   4.82215372e-01  -1.17448499e-01  -2.63121323e+00
   -1.80318659e+00  -1.13166850e+00   3.40233150e-01   3.56795522e+00
   -9.35331259e-01   5.93668790e-01  -7.84848436e-01   2.43708807e+00
   -7.61177260e-01  -2.57455663e-01   4.16395335e-03  -3.32789369e-03
   -6.26441780e-01 
    2.47683186e+00  -8.75831686e-01   4.15901195e-01   1.71461648e+00
    1.28726882e+00  -3.47983349e-01  -1.49923594e+00   5.56239047e-01
    3.06382553e-01  -8.92632280e-01   1.66087089e-01  -6.87529623e-01
   -2.54185217e+00   3.40116122e-01   8.34568399e-01  -6.33651043e-01
   -5.58435735e-02 
   -6.20731705e-02  -1.54815546e+00   1.00819817e+00  -1.83860613e-01
   -1.91902806e-02   1.49978457e-01  -3.01626375e+00   1.89174453e-01
   -1.83104442e+00   8.98783398e-01   2.77895008e+00   2.19846693e-01
   -3.67899938e-01   1.11454797e+00  -5.53268916e-01  -5.36238682e-01
   -1.11070721e+00 
   -3.06547238e-01  -6.51499258e-02  -6.81110229e-01   1.67366801e-01
    2.01951457e+00  -1.89237800e+00   7.75083366e-01   5.37404707e-01
    8.80470307e-01   1.50556639e+00  -2.04750331e+00  -1.73246253e+00
   -7.19287916e-01   5.21009928e-01  -4.72864660e-01  -1.67756841e-01
   -1.45275901e-01 
    1.11953830e+00  -1.83824474e+00   4.86706747e-01   2.50554229e+00
   -1.96867704e+00   1.07527971e+00   4.83450227e-01  -5.39325552e-01
   -1.56049449e+00  -4.21101934e-02  -4.05031942e-01  -3.83254353e-01
    7.53436081e-01   2.30703223e+00  -1.64466244e+00  -3.90872630e-02
    6.45569072e-01 
    1.23210332e+00  -1.00843027e+00   2.56355583e-04   7.90340107e-02
   -2.55934286e-01   1.09494069e-01   2.90704273e+00  -2.67165448e+00
   -1.35724934e+00  -7.62815453e-01  -3.66906262e-01  -8.63269818e-01
    1.35367136e+00  -1.73173640e+00   5.70527521e-01   2.35773028e-01
    4.18401250e-01 
    1.40874913e+00   5.73820686e-01  -2.86931667e+00  -3.63718731e+00
    6.46368920e-01  -1.60503825e-02   1.00832597e+00   1.64299519e+00
    5.08732143e-01  -6.61414251e-03  -9.77370799e-01  -7.66891672e-01
   -3.01152344e-01   1.77213867e+00  -5.44708191e-01   8.80859591e-01
    1.02011545e-01 
   -1.33707048e+00   3.12689261e-01  -1.30216963e-01   2.25385140e-01
    7.25199898e-01  -1.04729553e+00   4.88372942e-03   1.32801932e-01
    1.34971764e+00  -8.27200373e-01   9.60348998e-01  -1.73480719e-01
    7.89775993e-01  -7.93276986e-01  -4.68238825e-01   1.09613744e+00
   -5.19804758e-01 
   -2.83147686e-01  -1.98472807e+00   1.82204649e+00  -1.08176228e-01
   -2.12397049e+00   5.30242832e-01  -2.41966833e-02   1.36117936e+00
    2.98438357e-01   1.75069855e+00  -1.82296075e+00  -6.52571963e-01
    4.68761089e-01  -1.14629917e+00   4.83116876e-01   4.82615114e-01
    4.27332546e-02 
   -1.25190952e+00   4.90066181e-01  -9.67520366e-01   1.84527486e+00
   -7.36157195e-01   1.72171171e+00   7.39708001e-01  -1.33043026e+00
   -3.06418867e-01  -1.72359389e+00  -8.28062829e-01   6.65934122e-01
    1.64213623e+00   2.42786065e-01  -2.09366630e-01  -1.80879695e+00
    3.52482301e-01 
    1.08488713e-01   2.29479551e+00   1.02504441e+00  -2.39363607e-01
   -5.01771209e-01  -3.99581162e+00   1.09110698e+00   3.21219203e+00
    1.42623209e+00  -1.70600548e+00   6.17243925e-01  -6.69241042e-01
   -5.18089478e-01  -4.81869169e-01   5.74707598e-01  -2.37086516e-02
   -1.65076716e-01 
   -2.35092697e+00   7.86434024e-01   1.64329426e+00  -4.85912450e-01
    1.60910750e+00  -1.00188178e+00  -5.84718622e-01  -5.64818336e-01
    1.97237157e+00  -1.32594834e+00   1.93127944e-01  -1.83978107e+00
    4.66711236e-01   5.57988510e-01  -1.11615338e+00  -3.46128292e-01
    5.84819873e-01 
   -4.49158458e-01  -4.22607746e-01   4.98803932e-01  -8.53740269e-01
    2.13860902e+00  -1.52519715e+00   1.04454549e-01   2.09402290e+00
   -2.22952234e+00  -6.48522386e-01   8.98704296e-01   6.55355076e-01
    5.57232965e-01  -7.00199340e-01  -3.35846548e-01  -6.63522678e-01
   -3.14002370e-01 
   -1.76012305e+00   3.15344388e-01  -1.41307834e+00   1.95413653e+00
   -9.90704926e-01   1.04673505e+00   5.83805372e-01  -6.55646464e-01
    1.26952216e+00   1.46600623e+00   1.50639901e+00  -1.68841288e+00
    6.93094915e-01  -1.21921255e+00   4.49428340e-01  -1.11694065e-01
   -5.79230504e-01 
    1.58957049e+00   1.48459214e+00  -1.90766077e+00  -5.35159085e-01
   -3.09160714e+00  -9.48789087e-01   9.36266721e-01   6.89904902e-01
    1.26248013e+00  -2.36727976e+00   2.03419062e+00  -1.50304322e-01
    2.63902346e-01  -1.90862264e-01  -7.04971510e-01   1.04275299e-01
   -1.35593399e-01 
    1.47235203e+00   1.54262082e-01  -1.48094241e+00  -2.32275139e-01
   -1.15355115e+00  -3.90696472e-01   2.30655713e+00  -2.79499523e+00
    1.12454266e-01  -3.12430754e-01   4.17584759e-01   1.14821279e+00
   -8.72789321e-02   1.32957706e+00   9.83811339e-01   8.25620680e-01
   -5.74381932e-01 
   -7.71496262e-01  -6.76605204e-01   1.87405282e+00  -2.99850813e-01
    1.21344490e+00   1.53404215e+00  -2.54656230e+00  -1.36410011e-01
    1.84236663e-01  -7.86624427e-01  -2.68117852e+00   3.29801344e-01
    1.51620715e+00  -1.18030104e+00   1.03896427e-01   2.53409023e+00
   -2.13407301e-01 
   -7.33623434e-01   2.33678843e+00   1.28145899e+00   2.84549125e-03
   -9.38815498e-01   2.05636891e+00  -4.03890014e-01  -1.43769826e-01
   -1.01661745e+00  -1.79248725e+00  -3.32665366e-01  -2.48793342e-01
   -8.69399194e-01   4.88504388e-01  -6.14245946e-02   6.67753451e-01
   -4.20843339e-01 
   -3.72358671e-01  -1.23673008e+00  -8.63361362e-01   8.64087410e-02
    4.83787947e-01   2.33318260e+00  -8.19479879e-01   7.91978549e-01
    4.52404280e-01  -2.15499790e+00   1.24709860e+00  -1.33693459e-01
   -1.26370225e+00   1.10217969e-01   2.46886391e+00  -1.23617534e+00
    5.18609652e-01 
   -3.62096654e-01   1.78605862e+00   3.82048914e-01  -6.71776235e-01
    6.24749939e-01  -1.47999594e+00  -2.08972404e+00  -1.48206303e+00
   -1.99308547e-01  -6.78093039e-01  -7.44868531e-02   6.46410962e-01
    5.23901531e-01   3.68184924e-01   3.70411645e-02   9.50071232e-01
    2.26282117e-03 
   -1.25757944e+00   1.34638468e-01   2.45072993e+00   1.32890927e+00
    1.09654798e+00   2.62845421e-01  -1.42909016e+00  -1.19453548e+00
   -6.40103882e-01   7.17558959e-01  -1.77351444e+00  -1.31887427e+00
   -1.47190604e+00   1.25588978e+00   1.22856666e+00   9.82047444e-01
    2.79574675e-01 
    1.17164203e+00   1.00939242e+00  -9.20992801e-01  -3.59390342e-01
   -7.91278131e-01  -2.83805044e-01  -7.22355172e-01  -2.06100070e-01
    1.51817363e+00   1.47205390e+00  -1.87748499e+00  -1.52809808e+00
   -3.16244484e-01  -1.49898744e+00   2.30656604e+00   6.76380975e-01
   -4.53739545e-01     3.04311334 -0.72759422  0.13394962 -1.81558272 -0.78872074  0.81194015
  -0.48942812 -0.93056815  0.58653134  1.10324782  0.43738772 -2.6835306
  -0.83779469  0.24207017  0.63797305 -1.53735441 -0.49187626  0.25396641
   0.10790005  0.61759892 -0.3611292   2.31483999  0.39236616  1.94982994
  -1.9041174  -0.99530374  0.53845211 -0.17485139 -0.09638612 -0.41032086
   0.52232301 -1.65632808 -0.27715853 
   0.52650105  0.35565478 -0.43369668  0.12141675  1.09169174 -0.37123428
  -1.31048256  1.12305863 -2.28834404 -0.21129921 -0.8152317   0.19689657
   1.36152893 -0.19904808  1.87344342  0.21615008  0.16517976 -0.7533698
   1.99504938 -1.98523649 -1.5814338   0.16309045  0.2312058   0.17823164
  -1.53528938  0.61781118  0.63545691 -3.69553413  1.25310255 -1.61207915
   0.04234173 -1.30389854  0.17487082 
   0.72850011  0.1008821   2.73449973  0.71022957 -2.00073575 -1.28426084
  -0.91106988 -0.8649196   1.56505002  1.07952968  0.33792113  0.05649822
  -2.21883125  0.10412194 -0.43558856 -1.2895424   2.19369305 -0.13117167
  -1.44983354  1.12745472 -1.28447115 -2.33982523 -1.11521068  1.1810736
   1.25108345  0.92875191 -2.10823486 -0.56763818  1.72722335 -0.33908397
  -2.51630014  0.83191907 -0.36344594 
  -1.1646655   0.67714232 -1.2866825  -1.01129067  1.54727459  1.22790302
   1.36358419  0.43247978  0.43415928 -0.8504929   2.35670634 -2.30489769
   0.63425011 -0.97135643 -3.14049671  0.02779019  3.69260105 -0.23278051
   0.613217   -1.96507782 -1.12470643  0.70946903  0.8713146  -2.71750848
   0.30328576  0.46087829  0.11631934  0.12804416 -0.31877489  0.30783716
  -1.67844927 -0.38076403 -0.09163587 
  -1.51934977 -1.08958575 -2.0644807  -0.26845011  0.21112673 -0.29996666
   0.25236929 -1.20361041 -0.28302398 -2.66784035  1.29985293 -0.33824575
  -0.29339562 -2.27679497  2.48976817 -1.5015695  -0.01560865 -1.47081261
   2.71399684  0.07204077  1.25947908 -1.36801154 -2.90745055  2.06253008
   1.96132281  1.43805533 -1.46395508 -0.32013412 -1.09403476 -0.54781473
  -0.97260187  1.40357147 -0.14793792 
  -0.6464081  -0.09133342  0.66935368  0.78001666  0.94843118 -0.66867492
  -0.40303408 -3.41396699  0.91916924  0.03734963 -0.05914553  0.1015819
  -0.6339758   1.95460524 -0.85511846 -1.93917493 -1.22522893  0.38197763
  -0.12952565 -2.70631673  4.47283825  0.39154205  0.23682666  0.14992578
  -0.07836766  0.54818721 -1.56758848 -1.50764929 -3.42523407  0.64581256
  -0.19982354  0.11273526  0.07064202 
   0.62619928 -0.56589998  0.31581879 -1.20752052 -0.61859026 -1.72481203
   1.26909695  0.81737049  0.2164532  -2.15972792 -0.62958391  2.284443
   3.1567077  -1.52647829 -1.21046899 -3.74835254 -0.93633386  0.09659801
  -0.41236157 -0.04584776 -0.86400899 -0.41359207 -0.37453008 -0.6139126
  -1.67349511 -1.67261789  1.05707553  0.07347227  0.31374916  2.55963753
   0.57052275  0.67140371 -0.34338937 
  -0.01463168 -0.86673001  1.85691225 -0.61387586  1.40046703 -0.18671974
  -0.91398082  0.06115809 -0.1552974   0.36685825 -3.94158061  0.02834661
  -0.16415505 -1.4203952  -0.40654822  2.08206676 -2.20942803 -0.58039392
  -2.25309618 -0.30070325 -2.36616067 -0.28851367 -2.64321869  0.2301289
  -0.23110824  3.07243278  0.67118623  0.62920268 -1.56783651  1.0769463
   0.9630088  -0.33501288 -0.66050196 
  -1.823919    2.14382199  1.0738026   1.19885874 -1.90139135 -0.24182427
   1.16683622 -2.03834308  1.98650699  0.20743871  0.46537875 -1.35221286
   1.06727621 -1.39255301  1.92605897  1.39302551 -0.85018881 -1.97450122
  -0.38293583  0.47060481 -1.42587125 -1.55937019  2.02643179 -1.41959266
  -1.62879937 -0.66545961  0.06656584  0.68046992 -1.21872358 -0.18156475
   1.39820541 -1.55326576 -0.51038031 
   0.67392577 -0.64982698 -0.6616398  -1.14808422 -0.26995072  0.1317876
  -0.88356209 -2.28458352 -2.239014   -2.27146252 -1.79768052  1.62426178
  -2.14587704 -1.3302656  -0.04998493 -0.05280515  0.74864532  0.01695103
  -2.00743378  1.8004313   1.19535581  1.22069276  0.65494711 -2.51115348
   2.59988097 -0.44742983  1.46278751  0.17832865  2.12860111  0.30566301
   0.11737918 -1.47933606 -0.11090125 
  -0.38623299 -2.43892089  0.14010239  0.6846787  -0.46817966  0.98049359
  -0.92029666 -2.28675977 -1.37787089 -0.09221504  1.0836789   0.38396148
  -2.56884974  1.76899602 -0.48785983  0.19130984  0.61848737 -1.16888753
   0.8502301   1.33135306 -0.65102787 -1.04551298 -1.17968154 -2.65651422
  -1.84153028 -1.63419709  2.9576607   0.78356778 -1.17640756 -0.42860533
   1.34947915  2.10127692 -0.43154092 
  -1.37925066  3.82603616 -1.02401144 -2.45285825 -1.9218187  -0.9607289
  -1.02182087  0.29204923  1.01304296 -2.11762398 -2.51186035  0.08582378
  -0.80785619  1.34870798  0.21860428  1.50987136 -0.76430171 -0.39472172
  -0.02794417 -0.71372344  0.82104905  1.88209828 -0.39766631  0.90119688
   0.80924033 -1.78490972 -1.20712771  0.0380376   0.81238658 -0.79090754
   1.26800122  0.98718195 -0.43817385 
  -0.44874422 -0.81616964 -2.46185454 -1.926801   -1.91120794  0.77680768
   0.12554269 -0.22643333 -0.53912975  2.90437409 -0.01433352  2.02213621
  -1.01092709  0.09446069 -0.29475521 -1.20833342 -0.11513671 -1.06216848
  -0.3128649  -1.22411099  0.41671041 -0.4479167  -0.84920696 -0.66804042
   0.07068997 -0.22851448 -1.6345204   0.43670411  1.43432001 -1.14119483
   1.75902578 -0.4661232  -0.20560027 
  -0.3156529  -0.79008342  0.60703536  1.80594272 -2.10347571  1.09767106
  -0.20149195  0.86014333  0.89762534 -0.66043888 -0.82902055  0.0108144
  -1.59933847 -0.65427414 -2.34626762  1.81048638 -2.6607405   0.29966385
   0.92734542 -0.7216829   0.64500237 -0.67839025  1.25796222  0.34541978
   0.3762699  -1.93328217  0.88381422 -1.20625997  0.177881   -0.95088485
  -0.81495085  0.65609211 -0.3836768  
  -0.6453927   1.76760962  0.26494483 -1.00608366 -0.91826984 -0.20918307
   0.84906796  1.27591599 -0.78719832  0.15642352 -0.77460448 -0.64275231
   0.22438441  0.44874692  1.58558488 -0.99349401  0.45419642  0.24352917
  -1.06307566  0.4042012  -0.53928098  0.85426965 -0.23797604 -0.23846826
   0.90897448 -1.16813177 -0.52010834 -0.34858825 -1.88564498 -0.07878265
  -1.62879339 -2.52951466 -0.78836014 
  -0.29627258 -1.52625299 -2.08698175  1.63664369  1.33411436  0.8546631
  -0.48255076 -0.40644121  1.51135876  1.14381075  0.16483766  0.4097117
  -0.24649153  0.21834526 -0.83032237 -0.20083885 -0.14507797 -1.52296566
  -0.70006029  1.5026729  -0.52629263  0.62609795  0.24555617 -1.35930795
  -0.48573582 -1.20977743 -1.47548085 -0.45994341  1.04493816 -0.52641808
  -0.79067526 -0.50863985 -0.080715    