NN 16 32 16   -2.88589166e+00  -7.16861934e-01  -4.80976961e-01   7.64445509e-01
    1.51585045e+00  -6.52309423e-01  -1.18231177e+00  -1.36326709e+00
    2.06617870e+00  -1.37610872e+00  -1.16633549e-02   6.48620775e-01
    6.28306654e-01  -1.97043801e-01   2.13939226e-01  -3.13038688e-01
   -7.19187474e-01 
    3.84169286e-01  -1.37357428e-01  -5.41807153e-01  -4.61733810e-01
    8.54629334e-01  -2.92968877e-01  -5.76092505e-02   6.24341130e-01
   -1.95524459e+00   6.20982493e-01   1.68734670e+00  -2.94733531e+00
    4.70487729e-01   6.21628673e-01  -1.44576255e+00   1.09773603e+00
    4.71212913e-01 
   -2.41391827e-01   1.03115933e-03  -2.26033436e+00   1.11678672e+00
    2.16166692e+00  -1.44816917e+00  -5.69230124e-01  -6.95981717e-01
   -9.50521842e-01   2.70904133e-01   2.52838519e-01   1.24615058e-01
    1.47651616e+00  -8.69685273e-01  -2.28968584e-02   1.38369274e+00
    1.99758954e-01 
    1.37118410e+00  -6.85868902e-01  -8.26459798e-01   6.43932151e-01
   -1.54766508e-01  -1.00340996e+00   1.04818217e+00  -1.14177857e-01
   -1.10265273e+00   8.36163612e-01  -1.07425381e+00   1.42693545e+00
    1.42914529e+00  -1.60971830e+00   8.33213968e-01  -1.56785034e+00
   -4.01998297e-01 
   -2.44831610e-01  -1.28807720e+00   1.15747453e+00  -9.24156845e-01
   -3.89407814e-01  -7.35500867e-01  -1.16082137e-01  -1.67107777e+00
    1.23704672e+00  -9.72023772e-02  -3.17811347e-01   1.64534205e+00
    1.46659483e+00   1.72613156e+00   5.51387235e-02  -1.36165899e+00
   -7.77618342e-01 
   -3.52966880e-01   9.72775056e-01   1.09996282e+00  -1.09069127e+00
    3.58306290e-01   1.04056493e+00   1.19320455e+00   3.77101317e-03
   -1.90365743e-02  -3.12163999e-01  -1.13655676e+00   6.26357849e-01
   -6.34134089e-01  -1.14875695e+00  -2.18159285e-01  -1.81478420e-01
   -1.00821343e-01 
    3.90999464e-01   1.41485085e+00   1.11814480e+00  -1.32654449e+00
   -2.54702194e-01  -9.12944025e-02  -1.61505118e+00   8.63982961e-01
   -5.94891457e-01   3.96972150e-01   6.38161587e-01   5.40112070e-01
   -2.34761096e-01  -3.72264023e-01  -1.09808769e+00   7.40023057e-01
   -5.71650557e-01 
    6.99841687e-01  -1.37630020e+00   8.51450688e-01  -5.54835895e-01
    7.41050330e-01   3.13280285e+00  -1.55969068e+00  -1.06774243e-01
    1.91062486e+00   2.06550018e+00   6.80533134e-01  -7.18400380e-01
   -6.64059372e-01  -2.08356785e+00  -1.10843451e+00  -4.58176038e-02
   -7.35692265e-01 
    3.94907363e-01   2.19182309e+00  -9.68345740e-01  -3.83154108e-01
    7.78317812e-01  -1.10171535e+00  -6.14798692e-01  -7.76592847e-02
   -1.41060581e+00   2.07866624e+00   1.07344375e+00  -8.19613778e-01
    5.27906568e-01  -1.54771265e+00   1.03218214e+00  -1.02021156e+00
   -6.46591982e-02 
   -1.39479294e+00   1.99899054e-01  -7.79773167e-01   1.12912627e+00
    1.73625768e+00  -7.13377786e-01   1.19350617e+00  -4.99237549e-01
   -6.54298360e-01   1.30194999e+00   1.17999680e-01   1.60617594e+00
   -2.20466481e+00   4.79586064e-01  -2.36862269e-01  -1.10893331e+00
    2.03291293e-01 
   -7.18399931e-01   6.75840764e-01  -6.94867893e-02  -2.46727730e+00
   -1.93876627e+00  -8.61181506e-01   4.26905242e-01   3.31859524e+00
   -7.89797560e-01   7.15279209e-01  -8.65413897e-01   2.04445611e+00
   -5.43032294e-01  -7.81679586e-02   1.93688725e-02   4.52674192e-02
   -5.74098648e-01 
    2.34677882e+00  -9.10220964e-01   5.59592276e-01   1.67119019e+00
    1.18171573e+00  -1.71515963e-01  -1.40904117e+00   5.06995852e-01
    3.15129240e-01  -7.73598263e-01  -1.89740266e-01  -4.46136849e-01
   -2.25812219e+00   3.06146787e-01   8.08749885e-01  -4.70375407e-01
    4.06592396e-02 
    1.40835516e-01  -1.24813761e+00   8.88973296e-01  -1.03209243e-01
    2.27320227e-01  -9.08031269e-03  -2.88080569e+00   3.23416298e-01
   -1.73977618e+00   9.54264424e-01   2.50459918e+00   4.39099440e-01
   -2.27359422e-01   1.01386874e+00  -4.74214004e-01  -3.88084122e-01
   -9.70526926e-01 
   -3.98402975e-01  -1.04924149e-01  -7.49824342e-01   2.56436766e-01
    1.82632398e+00  -1.70203331e+00   7.48735262e-01   4.46404113e-01
    8.30867136e-01   1.50410460e+00  -1.84627299e+00  -1.78265142e+00
   -6.03596137e-01   5.93971334e-01  -3.76171358e-01  -2.12513122e-01
   -1.01957073e-01 
    8.90473270e-01  -2.00150869e+00   1.58512289e-01   2.41270287e+00
   -1.87200816e+00   1.02809021e+00   3.26332711e-01  -3.60599668e-01
   -1.43614012e+00   9.01009226e-02  -3.23291186e-01  -5.10785075e-01
    6.77774171e-01   2.14799590e+00  -1.52862816e+00  -4.05699745e-02
    5.89705440e-01 
    1.03723873e+00  -8.41069583e-01   4.30855599e-02   1.84462821e-01
   -1.77300562e-01   3.79171418e-01   2.98311543e+00  -2.55003451e+00
   -1.31874531e+00  -5.80652373e-01  -2.96876205e-01  -7.39551765e-01
    1.47262902e+00  -1.49619295e+00   4.96654013e-01   8.86537060e-02
    4.40605200e-01 
    1.40102164e+00   6.08907434e-01  -2.55800255e+00  -3.46977803e+00
    4.15290844e-01   2.29889718e-01   1.25987469e+00   1.52520599e+00
    5.45474064e-01  -2.28491073e-01  -9.80683787e-01  -6.70720183e-01
   -1.54067450e-01   1.92976106e+00  -4.61801717e-01   8.50803038e-01
    1.58588489e-01 
   -1.32275066e+00   2.31299114e-01   5.83312974e-02   1.60562093e-01
    7.11613983e-01  -8.08795328e-01  -9.54980305e-02   6.63645292e-02
    1.21070077e+00  -7.17921415e-01   8.29994620e-01  -2.43261771e-01
    6.46552344e-01  -7.02394713e-01  -4.16455036e-01   9.19133883e-01
   -4.91156156e-01 
   -2.40666890e-01  -1.66307863e+00   1.63101928e+00  -2.84319266e-01
   -2.12279574e+00   4.82920655e-01  -6.29472750e-03   1.32707292e+00
    4.92921847e-01   1.73742081e+00  -1.69221977e+00  -6.80915325e-01
    4.71952481e-01  -1.00513129e+00   4.95729588e-01   5.23192504e-01
    9.57914753e-02 
   -1.15449703e+00   5.53724766e-01  -9.80316823e-01   1.57287053e+00
   -7.38545356e-01   1.89362820e+00   4.52219496e-01  -1.18198126e+00
   -2.64548260e-01  -1.82597073e+00  -8.08078790e-01   5.76362154e-01
    1.51578325e+00   3.66149192e-01  -1.88621177e-01  -1.57725445e+00
    3.54298631e-01 
    5.77883448e-02   2.30474841e+00   1.01782459e+00  -1.22699928e-01
   -4.86733155e-01  -3.66068387e+00   9.87166012e-01   2.64685286e+00
    1.27358574e+00  -1.46986480e+00   6.69533350e-01  -9.55294311e-01
   -6.34944972e-01  -3.92139763e-01   4.40728537e-01   4.05762300e-02
   -1.78078735e-01 
   -2.32896919e+00   6.48827467e-01   1.54578012e+00  -4.84650772e-01
    1.57377971e+00  -9.03326415e-01  -5.01378213e-01  -4.38597550e-01
    1.72237541e+00  -1.21052790e+00   2.17722716e-01  -1.74383916e+00
    4.27476210e-01   5.99206440e-01  -1.03881480e+00  -2.31282671e-01
    5.69537351e-01 
   -5.43825667e-01  -4.33595231e-01   6.52364007e-01  -9.10686044e-01
    1.83305899e+00  -1.49824260e+00   2.39249451e-02   2.13363866e+00
   -2.04281138e+00  -6.31531980e-01   9.81198755e-01   6.41878220e-01
    6.48627127e-01  -5.85093841e-01  -2.80980449e-01  -3.79645328e-01
   -2.63561234e-01 
   -1.54370697e+00   4.49427054e-02  -1.12094911e+00   1.76015126e+00
   -9.65184576e-01   9.07184547e-01   4.83295178e-01  -8.19472390e-01
    1.42842765e+00   1.59394460e+00   1.43773953e+00  -1.60142953e+00
    5.94597249e-01  -1.15827620e+00   4.44044612e-01  -4.90943658e-02
   -5.37333060e-01 
    1.55474927e+00   1.41742230e+00  -1.49744512e+00  -6.55562457e-01
   -2.85539212e+00  -6.68532667e-01   8.12529162e-01   4.16785427e-01
    1.18618590e+00  -2.41251398e+00   2.08086237e+00  -1.05194219e-01
    2.00754185e-01  -4.47733101e-02  -5.75177890e-01   1.44153564e-01
   -7.38654974e-02 
    1.22777142e+00  -1.53170084e-02  -1.45664839e+00  -3.30808223e-01
   -1.02187704e+00  -4.05397417e-01   2.10088358e+00  -2.85107800e+00
   -2.61347327e-02  -4.23394186e-01   5.08762436e-01   1.09963031e+00
   -1.23165994e-01   1.12876804e+00   8.94953572e-01   4.71169911e-01
   -6.69879521e-01 
   -7.93196444e-01  -7.76034807e-01   1.70932917e+00  -9.16815289e-02
    1.30703729e+00   1.43311876e+00  -2.15618483e+00  -3.00106065e-01
    2.28085538e-01  -5.91580241e-01  -2.56159911e+00   4.66751837e-01
    1.38935199e+00  -1.03080210e+00   1.45325284e-01   2.04400219e+00
   -1.78715059e-01 
   -7.99131537e-01   2.24617590e+00   1.25596364e+00  -5.59963586e-02
   -7.24940242e-01   2.08191525e+00  -3.01205216e-01  -2.66671995e-01
   -1.05654444e+00  -1.45982950e+00  -5.01297302e-01  -3.15645040e-01
   -8.50695098e-01   5.34373007e-01  -8.33460718e-02   5.02139697e-01
   -3.99195300e-01 
   -3.44471738e-01  -1.28951880e+00  -7.90477572e-01   1.25745993e-01
    6.26850727e-01   2.19681957e+00  -7.87750623e-01   6.73818426e-01
    4.81040590e-01  -1.99932812e+00   1.05074752e+00  -1.87513222e-01
   -1.24874491e+00   8.73408891e-02   2.01515857e+00  -1.16516948e+00
    3.50292573e-01 
   -3.04813699e-01   1.56156960e+00   7.09491608e-01  -5.45001434e-01
    5.80233384e-01  -1.14061022e+00  -2.09235962e+00  -1.40656917e+00
   -7.86709233e-02  -6.04225318e-01  -1.73647667e-02   7.22890124e-01
    5.72007035e-01   3.37446067e-01   3.78003427e-02   8.82943325e-01
    1.13212264e-01 
   -1.29961815e+00   6.82171291e-02   2.23289942e+00   1.36681336e+00
    1.11010464e+00   2.68578096e-01  -1.33810859e+00  -9.15453193e-01
   -4.92214806e-01   7.24531985e-01  -1.75139552e+00  -1.21536695e+00
   -1.35329676e+00   1.06103324e+00   1.00766718e+00   7.34827432e-01
    2.38472575e-01 
    1.17419929e+00   9.01961821e-01  -8.88555658e-01  -3.89296413e-01
   -6.84441305e-01  -1.87451958e-01  -8.83764194e-01  -2.77390210e-01
    1.36527831e+00   1.18817279e+00  -1.76904278e+00  -1.42023700e+00
   -3.12318510e-01  -1.43777313e+00   2.11127912e+00   4.24450112e-01
   -4.75569004e-01     2.79890227 -0.62265505 -0.070176   -1.80617037 -0.62286671  0.57583795
  -0.28005391 -0.76461906  0.50159218  1.10246718  0.53602251 -2.47178883
  -0.88497308  0.18737787  0.42329002 -1.68070714 -0.46904697  0.35140622
   0.23260811  0.58891592 -0.3132853   2.45435615  0.44990018  1.88215877
  -2.21595652 -1.21935766  0.53997027 -0.09226745 -0.15845039 -0.43741019
   0.69542054 -1.59746827 -0.27744336 
   0.57413156  0.30057332 -0.35685743  0.28067808  1.07240299 -0.39996834
  -1.28248349  0.97326952 -2.13032043 -0.34041602 -0.81290159  0.2947658
   1.4515294   0.0085301   1.92709127  0.37423779  0.01200656 -0.61952916
   1.81300236 -1.92046358 -1.59793441  0.2065353   0.2180559   0.31926125
  -1.52820316  0.46908062  0.67001821 -3.55140165  1.18854991 -1.5368105
   0.01119065 -1.27896027  0.14446862 
   0.86337906  0.21292141  2.64532791  0.51822648 -1.96357906 -1.0167397
  -1.00480753 -0.89684903  1.51994097  1.08859371  0.27610476 -0.06572883
  -1.7184359   0.23851156 -0.3432737  -1.26476791  2.20352841 -0.20184034
  -1.37449771  1.10229302 -1.33166842 -2.09998824 -0.97154503  1.19460534
   1.22527628  1.09407285 -1.8713705  -0.77822451  1.74760301 -0.40808371
  -2.533377    0.79579604 -0.37553654 
  -1.03691933  0.8483402  -1.27071789 -0.87607294  1.37448163  1.16754202
   1.28445738  0.26099033  0.32976679 -0.9128326   2.18504009 -2.37708162
   0.60025003 -1.02940605 -3.02158926  0.18324486  3.64730907 -0.29923775
   0.74457771 -1.76392451 -1.17419474  0.70388669  0.97334111 -2.63033524
   0.25309801  0.46982833  0.22774844  0.15984788 -0.2859964   0.32080387
  -1.74763826 -0.39115085 -0.10332308 
  -1.31850432 -1.07292838 -1.96261545 -0.10718042  0.32901604 -0.2197845
   0.27007815 -1.09397138 -0.42684929 -2.55668754  1.15815172 -0.3751191
  -0.33480572 -2.30865758  2.42499201 -1.10987216  0.05051414 -1.40794563
   2.71035004  0.19020701  1.1657662  -1.26425487 -2.83068059  2.05290903
   1.79013081  1.57748807 -1.43870466 -0.34250621 -1.10144753 -0.61707541
  -0.90409054  1.14878758 -0.1099102  
  -0.35417946  0.02733238  0.74350477  0.90868706  0.87118604 -0.67944003
  -0.32574814 -3.39235242  0.98551218  0.0805208  -0.02767514 -0.13064361
  -0.5190585   1.82535392 -0.83674846 -1.71658327 -1.07458039  0.38566884
  -0.20312877 -2.7937276   4.29660748  0.43408242  0.53886633  0.19670677
  -0.12812054  0.5361323  -1.62350904 -1.53300199 -3.18889553  0.60895291
  -0.24297456 -0.07288831  0.1059331  
   0.48707914 -0.46978352  0.44886242 -1.10502612 -0.55796756 -1.31564984
   1.41434108  0.85179777  0.06993692 -2.18629464 -0.58724781  2.1481303
   3.22378266 -1.52641471 -1.09100568 -3.60693965 -0.99045368  0.15386707
  -0.5251833   0.33066749 -0.80966071 -0.41751747 -0.40678657 -0.62935267
  -1.78685619 -1.43680236  1.22078789  0.41824853  0.2112795   2.65070538
   0.5782605   0.7353083  -0.20620611 
   0.14432722 -0.99206156  1.90364339 -0.51852429  1.38801725 -0.07377911
  -0.91974651  0.31600579  0.04754878  0.43942031 -3.83678152 -0.04017109
  -0.38846773 -1.08543408 -0.49038742  2.10443618 -2.07581184 -0.55032019
  -2.34028417 -0.17566701 -2.30205627 -0.07040212 -2.47957246  0.23651834
  -0.25951011  2.78758985  0.69442986  0.46104225 -1.5448578   1.20224865
   0.83201671 -0.41793256 -0.48832067 
  -1.71669443  1.97714937  1.02363825  1.06751667 -2.00945848 -0.27210559
   1.10834455 -2.03391007  1.86200087  0.13591393  0.4441888  -1.27036063
   0.98471468 -1.35661393  1.79142067  1.21680735 -0.9129448  -1.79068546
  -0.45643158  0.39328303 -1.25336456 -1.5166466   1.92616583 -1.53458379
  -1.44517412 -0.80492606 -0.04934436  0.63838473 -1.17261213 -0.25378458
   1.2068515  -1.4504049  -0.57163106 
   0.66640227 -0.59664448 -0.63225645 -1.11894716 -0.26114068  0.04494885
  -0.90531683 -2.20670914 -2.22816466 -2.11983618 -1.83179751  1.4066971
  -1.89741613 -1.34294141 -0.07161212 -0.09879814  0.72908588  0.01436906
  -1.91401293  1.82867093  0.97026077  1.17738166  0.69136322 -2.48778571
   2.45709434 -0.38001126  1.32217224  0.04945101  2.0210427   0.16383034
   0.06304641 -1.36038633 -0.09292182 
  -0.48778491 -2.06220358  0.19642016  0.71212603 -0.44672076  0.87881935
  -0.84070441 -2.20195021 -1.07487793 -0.05944161  1.02334226  0.64661359
  -2.57046669  1.9225249  -0.42604391  0.2035545   0.88492029 -1.01942041
   0.84412085  1.3131158  -0.48230306 -0.80739377 -1.05204449 -2.32215495
  -1.85696769 -1.55357747  2.88153394  0.70782808 -1.00885527 -0.39198741
   1.36673813  2.09820812 -0.18087463 
  -1.40526787  3.5487252  -0.87369268 -2.34595182 -1.83829405 -0.91441734
  -1.01628383  0.320026    0.98227011 -2.01126328 -2.43214316  0.06439421
  -0.86438067  1.35673482  0.29804539  1.44104071 -0.7782318  -0.36154579
  -0.1182797  -0.62336969  0.81700437  1.81442921 -0.39040301  0.79158113
   0.95699782 -1.76983074 -1.17408104 -0.01623223  0.75573086 -0.74248732
   1.00110886  0.97117623 -0.39362124 
  -0.47927197 -0.71463516 -2.3900912  -1.82199016 -1.88657557  0.69385846
   0.24747169 -0.27752707 -0.42207274  2.53416952 -0.01298501  1.96479335
  -1.03037581  0.04967866 -0.25377576 -1.2097241  -0.08283046 -1.03682124
  -0.29719304 -1.16068495  0.51028128 -0.4709007  -0.82538366 -0.70060623
   0.12840508 -0.33813133 -1.49609392  0.41807619  1.31690844 -1.06177136
   1.61372436 -0.39863273 -0.21807824 
  -0.27915534 -0.74033684  0.60115167  1.65420686 -1.99905496  1.0350553
  -0.19979511  0.79291008  0.85413744 -0.6285628  -0.87206781  0.01361482
  -1.54529541 -0.56433072 -2.27088388  1.67397139 -2.5422625   0.25281644
   0.85387725 -0.68805054  0.58531225 -0.6201105   1.1692724   0.29791436
   0.32549876 -1.89622787  0.89665105 -1.1586046   0.21325453 -0.85644757
  -0.70630957  0.61900339 -0.35908747 
  -0.67241214  1.5237574   0.18238558 -1.00694108 -0.99155088 -0.2386512
   0.78742914  1.13858841 -0.6147706   0.03928807 -0.76159626 -0.60672831
   0.30040341  0.38139727  1.31074301 -0.99214722  0.38072278  0.14344698
  -1.0142246   0.37748428 -0.55320125  0.72603016 -0.17574375 -0.28855723
   0.77885567 -1.23329158 -0.50635155 -0.25856272 -1.60276895 -0.01463852
  -1.49243517 -2.27205779 -0.81673159 
  -0.34579205 -1.33114555 -1.81327068  1.34366006  1.17347505  0.72583008
  -0.52885602 -0.39674873  1.21145526  1.03238112  0.02964591  0.24520624
  -0.39054716  0.23749351 -0.81053835  0.02343209 -0.04334951 -1.34583694
  -0.67448654  1.29862461 -0.61919651  0.45419412  0.13103232 -1.26845436
  -0.47650689 -1.15271909 -1.40222862 -0.44866389  0.85107778 -0.51609405
  -0.82292611 -0.39419251 -0.1399244   