NN 16 32 16   -4.31266979e+00  -1.28219424e+00   1.26896443e-01   7.30230010e-01
    2.75201467e+00  -1.00650118e+00  -2.16491962e+00  -2.38367640e+00
    3.61387830e+00  -1.21987176e+00  -3.59345230e-01   1.01118273e-01
    8.66604793e-01  -1.97250616e-01   2.93963260e-01  -6.88905373e-01
   -9.58918099e-01 
    6.28142685e-01  -6.23760776e-01  -1.62296461e-01   2.42701678e-01
    9.13786604e-01  -9.43884977e-02   1.18127373e-01   5.32445933e-01
   -2.89098847e+00   7.97689095e-01   2.30034474e+00  -4.51465776e+00
    9.61648550e-01   7.19582320e-01  -2.39111472e+00   1.48131975e+00
    7.43665836e-01 
   -1.40915188e+00   1.89165834e-01  -2.38538852e+00   9.67237656e-01
    3.09561671e+00  -1.92074238e+00  -7.57952898e-01  -8.53616079e-01
   -8.57009436e-01   7.52044578e-01  -5.32876917e-01   3.31122810e-01
    1.52609241e+00  -5.56993079e-01  -1.85519147e-01   2.37575540e+00
    3.02204331e-01 
    1.68838115e+00  -5.86849010e-01  -1.46319829e+00   1.09212618e+00
    2.76457431e-01  -1.14544661e+00   7.80346809e-01  -5.02694167e-01
   -1.76224729e+00   8.69928139e-01  -1.78708398e+00   1.72039190e+00
    1.73259709e+00  -1.86909071e+00   1.25718345e+00  -2.16122318e+00
   -2.25282934e-01 
   -1.26530941e-01  -1.76775142e+00   1.68132634e+00  -1.40893452e+00
    5.19469031e-02  -7.60562634e-01  -8.46604111e-02  -2.20307685e+00
    1.28465232e+00  -6.33370564e-01   7.50665916e-02   2.20760241e+00
    1.55846202e+00   2.34994797e+00  -2.22623509e-01  -1.53038620e+00
   -7.05948878e-01 
   -4.32931475e-01   1.16331208e+00   2.08767161e+00  -1.30744140e+00
    7.57653863e-01   1.15391284e+00   2.42039871e+00  -5.71142952e-01
    7.05410791e-02  -2.98548787e-01  -2.41586969e+00   3.85856811e-01
   -9.04552847e-01  -1.49487801e+00  -4.68863590e-01   1.43536664e-02
    1.46114366e-01 
    1.39499742e+00   1.59641803e+00   1.62833248e+00  -2.03624943e+00
    1.23377059e-02   3.80580512e-01  -2.30419538e+00   1.63228214e+00
   -4.91733122e-01   6.87804914e-01   9.33805730e-01   3.57068290e-02
   -3.06166327e-03  -3.68531521e-01  -1.41666079e+00   8.86404003e-01
   -7.09200777e-01 
    9.59769327e-01  -1.54928219e+00   1.17393227e+00  -3.50129901e-01
    6.06228232e-01   4.57667828e+00  -2.46620313e+00   7.75860945e-02
    2.84164110e+00   2.49710148e+00   4.05886624e-01  -2.74475560e-01
   -5.61504496e-01  -2.99462993e+00  -1.49511215e+00  -1.46869626e-01
   -6.69462200e-01 
    1.45519678e-01   2.92633240e+00  -6.74136304e-01  -1.09308336e+00
    7.32187636e-01  -1.26519043e+00  -1.50973612e+00  -3.12403399e-01
   -1.74510788e+00   2.50707287e+00   1.46363585e+00  -1.35305625e+00
    1.11799961e+00  -1.96469938e+00   1.55911640e+00  -1.84574875e+00
   -1.52534085e-01 
   -1.28037780e+00  -5.47868325e-01  -7.43932221e-01   1.34461557e+00
    1.77735875e+00  -6.71353195e-01   1.23330701e+00  -8.74307105e-01
   -1.15738244e+00   5.92879118e-01   1.06092661e+00   2.28786741e+00
   -3.27839107e+00   3.56706812e-01  -9.12808634e-01  -1.42964346e+00
    4.10301862e-01 
   -8.21607245e-01   4.81727040e-01   1.48858518e-01  -2.82642035e+00
   -2.63339513e+00  -1.56268524e+00   3.70419175e-01   4.78416138e+00
   -1.56623049e+00   5.86077822e-01  -5.01789588e-01   3.22249835e+00
   -1.23930869e+00  -3.92370162e-01  -9.05665109e-02   8.98454648e-02
   -5.94368350e-01 
    3.36801447e+00  -7.33705639e-01   2.31906119e-01   2.10089102e+00
    1.65454918e+00  -8.50392409e-01  -1.22299110e+00   7.36406660e-01
    1.97375702e-01  -1.40413052e+00   6.37348491e-01  -6.09709823e-01
   -3.15196154e+00   5.07949425e-01   1.14563277e+00  -1.27429762e+00
   -4.08240059e-01 
   -2.43858761e-01  -2.78567399e+00   1.60890447e+00   2.61384030e-01
   -4.63875402e-02   3.52136096e-01  -3.70122561e+00  -6.60729655e-01
   -1.79715539e+00   1.22804166e+00   3.24532944e+00  -2.16484582e-02
   -5.12658649e-01   1.30688793e+00  -5.64100423e-01  -8.39088194e-01
   -1.39306689e+00 
   -7.07576745e-01   4.22045468e-01  -4.64336669e-01   2.40368394e-02
    2.57108118e+00  -2.20787673e+00   1.29540268e+00   9.04355918e-01
    1.10751489e+00   1.40837678e+00  -2.34525166e+00  -1.75019211e+00
   -1.37461357e+00   1.20752760e-01  -4.46988308e-01  -1.67035982e-01
   -1.97583026e-01 
    2.02852548e+00  -1.84280193e+00   7.59028381e-01   3.24253405e+00
   -2.50248595e+00   8.37798161e-01   4.31550838e-01  -9.24432477e-01
   -1.57742938e+00  -3.03543965e-02  -5.30795187e-01  -3.33164433e-01
    7.11138239e-01   2.48346422e+00  -2.33465390e+00  -2.01545611e-01
    5.94730796e-01 
    1.75314680e+00  -1.17108720e+00  -4.02931338e-01   1.34098816e-01
   -1.11269596e-01  -3.69248891e-01   3.23147184e+00  -3.05907428e+00
   -1.12137150e+00  -1.05715716e+00  -6.40696440e-01  -9.59851338e-01
    1.24283999e+00  -2.08886856e+00   1.01832548e+00   7.78335101e-01
    6.09814061e-01 
    1.75498930e+00   5.89941293e-01  -2.97678504e+00  -4.84524809e+00
    1.21933354e+00   3.52487337e-01   5.70751184e-01   1.59900339e+00
    7.54273133e-01   4.94616655e-01  -7.18929967e-01  -1.27913072e+00
   -3.40663864e-01   1.69147950e+00  -5.09381720e-01   1.35337631e+00
    3.81200552e-01 
   -1.76147001e+00   6.11562463e-01  -2.81277340e-01   3.66127291e-01
    6.02406034e-01  -2.20402951e+00   4.91078676e-01   1.90936155e-01
    1.55580160e+00  -8.75539747e-01   1.45669344e+00   4.09034552e-01
    8.46109914e-01  -1.22283457e+00  -8.35878152e-01   1.30221749e+00
   -7.92106509e-01 
   -4.87384620e-02  -2.55897762e+00   2.31130266e+00  -2.88683167e-02
   -2.59548392e+00   2.12771936e-01  -3.59880618e-01   1.71460260e+00
   -7.30751929e-02   1.53618280e+00  -1.69734593e+00  -4.81297961e-01
    4.28130840e-01  -1.14490329e+00   5.97015462e-01   6.24741861e-01
    5.79532705e-02 
   -1.37674847e+00   6.04204475e-01  -7.62483554e-01   2.36909666e+00
   -8.78247894e-01   1.93526014e+00   1.59972960e+00  -1.84032797e+00
    6.43295006e-02  -1.81368317e+00  -4.17425313e-01   6.32018872e-01
    1.78737712e+00  -3.34850331e-01  -3.08953839e-01  -2.55629717e+00
    3.69545401e-01 
   -4.52650331e-01   2.99470556e+00   1.56117111e+00  -9.65206418e-01
   -2.71888695e-01  -5.08105752e+00   1.41444596e+00   3.57506054e+00
    1.34882230e+00  -2.56166281e+00   8.26668788e-01   1.92135724e-01
   -3.67808272e-01  -9.26316887e-01   8.87519901e-01  -4.17737203e-01
   -2.91107877e-01 
   -2.98603370e+00   8.11519044e-01   2.16066874e+00  -1.19364279e-01
    1.68882099e+00  -9.83372323e-01  -1.71022025e+00  -1.14406783e-01
    2.61081332e+00  -9.13147077e-01   4.19049485e-01  -1.77139767e+00
    4.07731601e-01   4.92503228e-01  -1.26558909e+00  -5.09849537e-01
    6.63681741e-01 
   -2.74691857e-02  -9.61868085e-01   5.22638996e-01  -6.14777805e-01
    2.54875188e+00  -1.14739861e+00   1.82842739e-01   2.63125218e+00
   -2.68472785e+00  -9.45386166e-01   1.47525062e+00   9.34790832e-01
    3.25103025e-01  -9.03140338e-01  -5.33828789e-01  -1.42412735e+00
   -4.11467014e-01 
   -2.09609588e+00   1.81657198e-01  -1.51773297e+00   2.12521521e+00
   -1.05224753e+00   1.20817323e+00   9.85292990e-01  -7.16207649e-01
    1.12553859e+00   1.41691285e+00   2.06082337e+00  -1.60398052e+00
    7.78693366e-01  -1.51160383e+00   6.42667230e-01  -3.73879950e-01
   -6.50055890e-01 
    2.35930047e+00   1.72912001e+00  -2.29119382e+00  -1.55421380e+00
   -3.87192314e+00  -1.77301934e+00   8.77566326e-01   5.27635404e-01
    1.33163779e+00  -2.47518074e+00   1.78188249e+00  -6.60993027e-02
    8.35444304e-01  -4.33104869e-01  -8.41620371e-01   1.61611715e-01
   -1.63340868e-01 
    2.02705943e+00   4.67384756e-01  -2.22284562e+00   1.84274466e-01
   -1.13149243e+00  -6.50204036e-01   3.05183241e+00  -3.40345115e+00
   -2.52865945e-01  -3.65376348e-01   2.06280190e-01   8.21791523e-01
   -2.05154067e-01   1.29584055e+00   7.28612100e-01   1.44151152e+00
   -4.75338496e-01 
   -7.27044846e-01  -4.05062179e-02   2.11836863e+00  -2.43346774e-01
    1.96519023e+00   1.92239558e+00  -3.61764995e+00   4.58784005e-01
    4.21617947e-01  -8.80174810e-01  -3.65854872e+00  -8.94006537e-03
    2.29075249e+00  -1.50918585e+00  -1.77688986e-01   3.48583128e+00
   -2.85110950e-01 
   -6.80015361e-01   3.24921414e+00   1.21544876e+00  -6.39894243e-03
   -1.34553357e+00   1.69452760e+00  -6.77183416e-01   9.26318705e-02
   -8.59546418e-01  -2.58131122e+00  -1.01201717e-01   1.35742328e-01
   -9.06831656e-01   7.47065394e-01  -1.50027167e-01   8.01870387e-01
   -6.72334773e-01 
   -2.29435283e-02  -9.08692184e-01  -1.31786209e+00  -1.19927300e-01
   -2.27345577e-01   2.83245795e+00  -5.16497092e-01   9.00652446e-01
    2.14080717e-01  -3.18796183e+00   1.12601877e+00  -2.36861986e-01
   -1.60126124e+00   4.49618417e-02   3.49893619e+00  -1.64139606e+00
    7.83582508e-01 
   -1.61395254e-01   2.87658033e+00   9.98561131e-02  -1.04564934e+00
    9.97717459e-01  -1.89486348e+00  -2.65832801e+00  -1.21256393e+00
   -6.18224537e-01  -1.00862474e+00  -2.71066274e-01   7.64814862e-01
    8.53586381e-01   5.37528266e-01   2.35268909e-01   9.47896201e-01
   -2.25946189e-01 
   -7.54217247e-01  -4.61707025e-02   3.27278254e+00   2.00968810e+00
    7.27688096e-01   6.84596019e-01  -2.53586551e+00  -1.57073966e+00
   -7.07114032e-01   6.56354882e-01  -2.20018557e+00  -1.56100281e+00
   -1.88749092e+00   1.96218773e+00   2.00148304e+00   1.28935106e+00
    2.62639794e-01 
    1.75475299e+00   9.75066583e-01  -1.33172257e+00  -2.89717125e-01
   -9.40637376e-01  -1.48749676e-01  -4.88647887e-01  -5.84757975e-01
    1.85303215e+00   1.75246162e+00  -2.56485952e+00  -2.25862948e+00
   -5.83567639e-01  -1.92377558e+00   2.52898712e+00   8.99765824e-01
   -6.03403317e-01      3.90005615e+00  -1.17628804e+00   6.39831148e-01  -2.01696812e+00
   -9.56908623e-01   1.57650536e+00  -8.35165227e-01  -1.11713585e+00
    4.19326847e-01   6.04237062e-01  -2.74303055e-01  -3.32735570e+00
   -9.14029199e-01   6.56714317e-01   1.01754304e+00  -1.34025052e+00
   -1.23162448e-01   5.78138656e-02   6.25873176e-02  -1.78169544e-01
   -1.46729647e-01   1.66482825e+00   7.38412508e-01   2.17653298e+00
   -1.22227376e+00  -9.94753653e-01   3.34230293e-01  -1.76252666e-01
    7.42626491e-02  -1.72292302e-01   7.90003694e-02  -1.00963297e+00
    1.65208826e-02 
    4.89485803e-01   3.75318375e-01  -4.32585786e-01  -4.00258139e-01
    1.23279741e+00  -3.08981044e-01  -1.18217142e+00   8.59610110e-01
   -2.07996829e+00  -2.25811376e-01  -8.36107527e-01   5.65231266e-03
    1.02390511e+00  -8.93149157e-03   1.31903731e+00   6.77200429e-02
   -2.06873960e-01  -1.21750718e+00   1.97610823e+00  -2.04534811e+00
   -1.38344522e+00   3.59950209e-01   5.55754203e-01   1.33620370e-01
   -1.32295565e+00   7.56575772e-01   4.48412325e-01  -4.67191805e+00
    1.37866785e+00  -1.83394321e+00   4.48441630e-02  -1.22707373e+00
    4.29451101e-01 
    4.85457510e-01  -2.41209825e-01   2.69770815e+00   1.27455191e+00
   -1.78373954e+00  -2.18018058e+00  -1.29985952e+00  -9.55437210e-01
    1.19882680e+00   1.14496558e+00   3.69241022e-01   6.67348473e-01
   -1.85508436e+00   9.58060814e-02  -6.04155658e-01  -1.26571744e+00
    2.09791484e+00   5.82646655e-02  -1.39347255e+00   1.48246871e+00
   -1.20938853e+00  -2.57850883e+00  -8.82389662e-01   1.13601269e+00
    1.41769272e+00   6.05300130e-01  -2.54461156e+00  -3.84696242e-01
    2.21462074e+00   6.46407907e-02  -2.10796500e+00   9.91682846e-01
   -2.61215963e-01 
   -1.55487086e+00   8.86280567e-02  -1.52364084e+00  -9.51411434e-01
    2.12198745e+00   1.18726044e+00   1.10902584e+00   1.48708306e-02
    5.06911614e-01  -8.94130724e-01   2.93656648e+00  -1.79292255e+00
    1.90911561e-01  -5.73647027e-01  -3.23271979e+00   2.50393396e-01
    3.96483165e+00  -6.32773462e-02   1.15908864e-02  -2.26382103e+00
   -9.14349648e-01   4.31629767e-01   6.74190473e-01  -2.89221832e+00
    7.08705402e-01   7.04548512e-01   8.23706112e-02   2.19582592e-02
   -2.99782733e-01   3.95725834e-01  -1.78610684e+00  -4.54536699e-01
   -1.50765032e-01 
   -2.13002401e+00  -1.24278339e+00  -2.33714681e+00  -5.45509626e-01
   -1.90542530e-01  -3.55849526e-01  -1.90807978e-01  -1.31615900e+00
   -2.67876388e-01  -3.18949027e+00   1.67435648e+00  -6.95478324e-01
   -1.85346274e-01  -2.69809479e+00   3.07324834e+00  -1.76352317e+00
    3.84653631e-02  -1.78172483e+00   2.40963532e+00  -4.34819664e-01
    1.13572697e+00  -1.19543348e+00  -3.53631012e+00   2.09572220e+00
    1.76425032e+00   1.24853331e+00  -1.56319264e+00   6.26853244e-02
    5.88518829e-02   1.14174632e-01  -1.01693022e+00   1.98930847e+00
   -2.03027472e-01 
   -1.69915800e+00  -2.84042430e-01   6.53411036e-01   2.01367167e-01
    1.29038314e+00  -6.51172970e-01  -4.91403404e-01  -3.51687233e+00
    1.23088860e+00   2.52750164e-01  -2.42179240e-01   4.39725781e-01
   -8.45239877e-01   1.94770946e+00  -6.10334317e-01  -2.17469969e+00
   -1.45287134e+00   8.35534907e-01  -2.46535771e-01  -2.51112432e+00
    4.19996389e+00   6.44123730e-01  -3.41820334e-01  -1.59289507e-01
    5.81792441e-01   6.07196726e-01  -1.14719576e+00  -1.88762566e+00
   -3.98369575e+00   8.07029558e-01  -8.10836047e-02   2.81412790e-01
    1.01805748e-01 
    6.83844030e-01  -1.53208173e+00   3.36779238e-02  -7.56196788e-01
   -2.42989102e-01  -2.87832960e+00   9.78224493e-01   1.17374330e+00
    6.85045931e-01  -2.07642799e+00  -6.33446878e-01   2.84075924e+00
    2.99815273e+00  -1.55544036e+00  -1.03123018e+00  -4.02883729e+00
   -8.31672658e-01   1.06308475e-01   7.23325383e-02  -6.28161377e-01
   -7.97983800e-01  -4.04021484e-02  -2.91632000e-01  -6.84928593e-01
   -1.25528080e+00  -2.12895457e+00   9.55241743e-01   5.12654195e-01
    4.71728533e-01   2.70976015e+00   1.19686642e+00   8.85842341e-02
   -4.12426113e-01 
    1.06403755e-01  -5.90126846e-01   2.23034849e+00  -6.43163773e-01
    1.93582327e+00  -9.66880772e-02  -9.33918950e-01  -2.98697993e-01
   -1.68019155e-01   5.30479483e-01  -4.46692860e+00   2.07363863e-01
    3.63245625e-01  -2.01341750e+00  -4.70017610e-01   2.35435043e+00
   -2.60850029e+00  -4.64714842e-01  -2.23101603e+00  -2.25057221e-01
   -2.64633674e+00   1.22660878e-02  -2.99920541e+00   2.33475463e-01
   -1.72600822e-01   3.44139764e+00   3.19139574e-01   7.96192541e-01
   -1.43070389e+00   7.98317396e-01   1.25035182e+00  -2.21617768e-01
   -1.27406427e+00 
   -2.13792494e+00   2.52919280e+00   1.32642507e+00   1.63081943e+00
   -2.09421433e+00  -2.62207892e-01   1.26397565e+00  -2.40211514e+00
    2.46606321e+00   3.98847694e-01   7.46739959e-01  -1.64966946e+00
    1.09461622e+00  -1.75712355e+00   1.76284480e+00   1.13747983e+00
   -6.69992032e-01  -2.62212796e+00  -4.46457023e-01   4.78910755e-01
   -1.54456640e+00  -1.75369647e+00   2.37556268e+00  -1.27703592e+00
   -2.14215132e+00  -4.34456540e-01   5.35956441e-02   2.31900359e-01
   -1.49491801e+00   8.36981681e-02   1.52147295e+00  -2.06747682e+00
   -6.16288529e-01 
    1.23333489e+00  -1.09521926e+00  -1.00680825e+00  -1.62477529e+00
   -5.38149255e-02   1.16252463e-01  -1.15204994e+00  -2.66355460e+00
   -2.71658267e+00  -2.64314600e+00  -1.88774041e+00   2.05262181e+00
   -2.68984526e+00  -1.54739593e+00   4.02954091e-01   3.82702600e-01
    5.44376758e-01  -9.68776015e-02  -2.32949419e+00   1.65077248e+00
    1.37767520e+00   1.18353864e+00   5.22974181e-01  -2.55811135e+00
    2.68308447e+00  -1.05308382e+00   2.22959230e+00   6.56802054e-01
    2.86698666e+00   4.73725059e-01  -1.02872696e-03  -2.11940135e+00
   -5.56300805e-01 
   -2.06359910e-02  -3.09831467e+00   5.05642158e-01   1.11353744e+00
   -5.54499391e-01   1.49879834e+00  -1.26465900e+00  -2.29092929e+00
   -1.99253674e+00  -2.41743166e-01   1.20743392e+00  -1.14439440e-01
   -2.61603958e+00   1.83560662e+00  -3.69497743e-01   3.50807637e-01
    2.14294718e-01  -1.47793424e+00   1.07511370e+00   1.65965229e+00
   -8.55418471e-01  -1.44303954e+00  -1.43155119e+00  -3.12618588e+00
   -1.55908223e+00  -1.63731573e+00   3.70037536e+00   1.01294614e+00
   -1.19338108e+00  -3.30999634e-01   1.53585213e+00   2.63857545e+00
   -6.25831050e-01 
   -1.08880193e+00   4.81716763e+00  -1.54422884e+00  -2.66896839e+00
   -2.20937036e+00  -1.26401390e+00  -1.18118213e+00  -1.34325018e-01
    1.09413937e+00  -2.43191218e+00  -2.72983434e+00   3.84643581e-01
   -6.38220860e-01   1.31481859e+00  -4.17867662e-01   1.63055161e+00
   -5.25623931e-01  -5.94281190e-01   2.44463886e-02  -9.39574020e-01
    7.45287785e-01   1.79626860e+00  -6.72026347e-01   1.05562812e+00
    3.88788692e-01  -1.65343978e+00  -1.55735766e+00  -3.43002242e-02
    1.20857028e+00  -1.01650279e+00   1.89202870e+00   1.30756519e+00
   -7.19388225e-01 
   -4.27062087e-01  -1.01414546e+00  -2.54359883e+00  -2.14585602e+00
   -2.19111362e+00   1.00312796e+00  -1.32430545e-01  -1.88060969e-01
   -7.24092495e-01   3.77699467e+00   1.25825104e-01   2.21316984e+00
   -9.85245065e-01   4.28398160e-01  -5.90049726e-01  -1.35974917e+00
   -1.60080860e-01  -1.13092526e+00  -5.00905178e-01  -1.53677964e+00
    2.66995092e-01  -3.52911532e-01  -9.06436453e-01  -7.20320886e-01
   -1.64175925e-01  -2.21163938e-01  -2.03008844e+00   5.03994297e-01
    1.58588939e+00  -1.27274132e+00   2.10879185e+00  -4.61199896e-01
   -2.47505265e-01 
   -2.36122754e-01  -8.03995625e-01   4.47787805e-01   1.99402371e+00
   -2.47484840e+00   1.40649276e+00  -2.43113968e-01   1.20079113e+00
    9.69406532e-01  -7.67153683e-01  -9.42075064e-01   1.46598934e-01
   -1.73934160e+00  -7.72974530e-01  -2.79588054e+00   2.27720281e+00
   -3.18078457e+00   5.27182490e-01   1.05535125e+00  -8.54043554e-01
    9.39470973e-01  -5.55762510e-01   1.52729857e+00   3.83101940e-01
    2.43329295e-01  -2.14937972e+00   9.51592256e-01  -1.37009208e+00
   -2.42337619e-02  -1.23725992e+00  -9.59823513e-01   7.67889996e-01
   -6.13233204e-01 
   -6.16583848e-01   2.33528809e+00   2.99210042e-01  -1.14945648e+00
   -1.01321683e+00  -2.15609731e-01   9.87106845e-01   1.57169197e+00
   -1.12387812e+00   2.52434384e-01  -1.01528538e+00  -6.61990456e-01
    2.06732566e-01   3.72296726e-01   2.01067165e+00  -1.23788586e+00
    4.75335910e-01   2.18057348e-01  -1.51532181e+00   4.11776487e-01
   -8.51836772e-01   9.66636474e-01  -3.92340343e-01  -4.64389683e-01
    1.04846989e+00  -1.25756831e+00  -4.10562391e-01  -4.14676605e-01
   -2.76937122e+00  -1.53941923e-01  -2.03075311e+00  -3.03215822e+00
   -1.03939619e+00 
   -1.36136733e-01  -1.84451060e+00  -2.47779592e+00   2.15116729e+00
    1.39869063e+00   8.61108364e-01  -3.74306544e-01  -5.25379600e-01
    2.21062464e+00   1.25058538e+00   2.21565773e-01   5.49297387e-01
    1.45204602e-03   2.57872964e-01  -1.06343366e+00  -6.83779516e-01
   -2.93388732e-01  -1.99322546e+00  -9.41910061e-01   1.70906968e+00
   -4.14576013e-01   7.68543409e-01   4.66831948e-01  -1.61857191e+00
   -4.60675004e-01  -1.67323876e+00  -1.68215003e+00  -7.03129413e-01
    1.10638815e+00  -4.76645772e-01  -9.22111084e-01  -6.99026830e-01
   -2.20155540e-01  