NN 16 32 16   -3.82128570e+00  -1.00842836e+00  -1.45452145e-01   5.60678524e-01
    2.33993868e+00  -8.66069885e-01  -2.01918946e+00  -2.13371857e+00
    3.42642613e+00  -1.19336860e+00  -2.12422446e-01   1.88173473e-01
    9.24286047e-01  -2.18632670e-01   2.77690982e-01  -5.45151597e-01
   -8.63492630e-01 
    4.97644995e-01  -4.20655513e-01  -2.92087762e-01  -1.94466729e-01
    1.15819778e+00  -4.23408638e-01   2.61727280e-01   4.01588776e-01
   -2.76592229e+00   7.41858270e-01   2.06648731e+00  -3.82885584e+00
    7.68432428e-01   7.52525184e-01  -2.11339416e+00   1.32365576e+00
    6.05021766e-01 
   -9.57362006e-01  -8.01163000e-03  -2.70468427e+00   8.37808561e-01
    2.56913638e+00  -1.84295190e+00  -6.87428326e-01  -7.27200169e-01
   -9.81324013e-01   4.78898041e-01  -3.61800554e-01   2.47718841e-01
    1.44721423e+00  -7.72572516e-01  -2.72366463e-01   2.00007773e+00
    1.19859938e-01 
    1.55504900e+00  -6.79182906e-01  -1.37298605e+00   1.07722555e+00
    9.02223508e-02  -1.15300101e+00   7.78767672e-01  -4.27598763e-01
   -1.65413122e+00   8.24810389e-01  -1.53771503e+00   1.77570926e+00
    1.72715259e+00  -1.60286136e+00   1.19738434e+00  -1.91622205e+00
   -2.14552352e-01 
   -7.98496471e-02  -1.60078487e+00   1.41900306e+00  -1.15451990e+00
   -1.89415033e-01  -6.01493177e-01  -1.54222372e-01  -2.06389587e+00
    1.19062883e+00  -6.37984909e-01   1.46905300e-01   2.07088441e+00
    1.51415737e+00   2.14269549e+00  -1.98013242e-01  -1.50750650e+00
   -7.40943630e-01 
   -4.23833200e-01   1.19625065e+00   1.81631149e+00  -1.41764046e+00
    6.80149581e-01   1.21947563e+00   1.96906173e+00  -4.24167278e-01
   -4.09527140e-02  -2.36045678e-01  -1.92464466e+00   4.22769954e-01
   -8.72549276e-01  -1.47224305e+00  -5.22210463e-01  -1.28268564e-01
    1.06936980e-03 
    9.48414566e-01   1.51532926e+00   1.68387244e+00  -1.91957921e+00
    1.70206672e-02   9.76107445e-02  -1.87309545e+00   1.31684526e+00
   -5.44698596e-01   5.48823266e-01   9.20993001e-01   3.79600147e-01
   -1.32664862e-01  -4.34824433e-01  -1.42924637e+00   8.09170018e-01
   -6.91857200e-01 
    7.47740939e-01  -1.29605031e+00   1.18575902e+00  -2.61135397e-01
    6.06070588e-01   4.14880660e+00  -2.19883560e+00   8.84786240e-02
    2.49990618e+00   2.34668992e+00   3.30690841e-01  -3.71386980e-01
   -6.25677492e-01  -2.58124080e+00  -1.30457344e+00  -1.51614516e-02
   -5.91429999e-01 
    1.18478973e-01   2.72130761e+00  -6.69307512e-01  -1.19548735e+00
    7.16777093e-01  -1.27086313e+00  -1.00267933e+00  -2.70456757e-01
   -1.73145221e+00   2.39710671e+00   1.34384890e+00  -1.17640340e+00
    9.37714975e-01  -1.77751958e+00   1.44854369e+00  -1.57539985e+00
   -9.51378512e-02 
   -1.40763130e+00  -4.90583927e-02  -6.81715771e-01   1.12173935e+00
    1.65227601e+00  -8.94551352e-01   1.40640159e+00  -9.91401208e-01
   -1.13225328e+00   9.91081752e-01   5.90140096e-01   2.00249573e+00
   -2.80279637e+00   5.16971744e-01  -6.90570375e-01  -1.34210160e+00
    3.17179144e-01 
   -4.38438622e-01   3.59635431e-01   3.21191093e-02  -2.84961001e+00
   -2.21153984e+00  -1.36461578e+00   1.17568874e-01   4.20590829e+00
   -1.36298882e+00   4.40562627e-01  -5.24498451e-01   3.00581006e+00
   -1.07900697e+00  -3.70105470e-01  -1.14857223e-01   1.07514254e-02
   -6.26071104e-01 
    3.00681338e+00  -8.06141093e-01   3.29012467e-01   2.02016295e+00
    1.57541550e+00  -5.13873934e-01  -1.36852715e+00   6.60961531e-01
    3.13217662e-01  -1.25659431e+00   4.17252382e-01  -3.98356035e-01
   -2.92034032e+00   4.70885084e-01   1.13006722e+00  -8.68639773e-01
   -1.39122744e-01 
   -2.68841681e-01  -2.24109646e+00   1.45121208e+00   2.97065778e-01
   -1.09520745e-01   2.13245144e-01  -3.50089404e+00   1.05265535e-01
   -1.72948133e+00   1.07938500e+00   2.94566014e+00   9.54756891e-02
   -4.22407404e-01   1.29425897e+00  -5.70884820e-01  -6.68616468e-01
   -1.24966217e+00 
   -5.09823179e-01   2.29514771e-01  -3.76982251e-01   8.12380582e-03
    2.18844766e+00  -1.98483797e+00   1.02612304e+00   8.64096999e-01
    1.06943910e+00   1.57810925e+00  -2.24945615e+00  -1.82630774e+00
   -1.09127563e+00   3.80772952e-01  -4.43752196e-01  -1.30135629e-01
   -1.55950929e-01 
    1.55733403e+00  -1.82169181e+00   4.11462358e-01   3.09242532e+00
   -2.17398417e+00   7.34914366e-01   3.05626116e-01  -8.69543412e-01
   -1.49411834e+00  -6.12668767e-02  -4.67049351e-01  -2.38334066e-01
    8.24148535e-01   2.40011350e+00  -2.10496946e+00  -1.23308170e-01
    6.29239480e-01 
    1.50483297e+00  -1.05577780e+00  -2.56496768e-01  -2.10239677e-02
   -1.57086017e-01  -3.55264234e-01   3.18091669e+00  -3.03967704e+00
   -1.21994535e+00  -9.28414309e-01  -4.12817814e-01  -8.40465535e-01
    1.26634391e+00  -1.86502582e+00   9.08932767e-01   5.83271165e-01
    5.43332410e-01 
    1.45726980e+00   6.97430581e-01  -3.03140006e+00  -4.17957685e+00
    1.13071344e+00   1.52496364e-01   8.20053087e-01   1.56140773e+00
    7.24127846e-01   2.33571696e-01  -8.35942101e-01  -9.95969824e-01
   -2.69695079e-01   1.74917982e+00  -4.83599261e-01   1.17484836e+00
    3.08650479e-01 
   -1.47712853e+00   4.54804362e-01  -2.11759642e-01   1.98441223e-01
    7.25971716e-01  -1.65545944e+00   2.04368895e-01   1.82684788e-01
    1.43720600e+00  -9.69700863e-01   1.23810982e+00   1.65828119e-01
    8.54161170e-01  -1.05778728e+00  -7.12036869e-01   1.15866969e+00
   -6.97634378e-01 
   -4.87527097e-02  -2.46957982e+00   2.25288591e+00   7.83694089e-02
   -2.36336023e+00   3.16207086e-01  -3.04657735e-01   1.57858916e+00
    1.43165891e-01   1.66918452e+00  -1.60390516e+00  -4.81677481e-01
    4.99677031e-01  -1.07566879e+00   6.51615749e-01   6.65872483e-01
    1.55141044e-01 
   -1.32391087e+00   5.15599788e-01  -8.21514029e-01   2.30795617e+00
   -7.42636567e-01   1.83070196e+00   1.25391294e+00  -1.47655650e+00
   -2.59834066e-01  -1.70711261e+00  -5.31231087e-01   6.13770156e-01
    1.85922804e+00   1.16521937e-01  -1.98006416e-01  -2.22181793e+00
    4.07537106e-01 
   -6.66935703e-02   2.60522652e+00   1.29611666e+00  -5.54027364e-01
   -1.80841787e-01  -4.71384021e+00   1.23195559e+00   3.41065154e+00
    1.29563634e+00  -2.31515969e+00   9.52737939e-01  -2.20193870e-01
   -4.23029061e-01  -7.55195915e-01   7.48953964e-01  -2.99782996e-01
   -2.67753347e-01 
   -2.63208276e+00   8.57615547e-01   1.85569455e+00  -1.13446231e-01
    1.63905998e+00  -9.61030196e-01  -1.45496951e+00  -4.25245924e-01
    2.30529310e+00  -1.25603200e+00   2.91889019e-01  -1.90233291e+00
    4.77126103e-01   3.74853457e-01  -1.25178265e+00  -5.11473554e-01
    5.62025574e-01 
   -3.15050387e-01  -7.74537070e-01   7.28321314e-01  -8.18515802e-01
    2.31084774e+00  -1.28977767e+00   2.65713677e-01   2.36240198e+00
   -2.62367354e+00  -6.43861944e-01   1.27389607e+00   8.56425223e-01
    4.31739789e-01  -8.41032309e-01  -5.06614654e-01  -1.14143364e+00
   -3.86435474e-01 
   -2.07832624e+00   2.66464695e-01  -1.36279341e+00   2.01860669e+00
   -9.46700053e-01   1.18720760e+00   7.23638204e-01  -7.40944049e-01
    9.93739197e-01   1.48509106e+00   1.71178448e+00  -1.73821572e+00
    8.58549016e-01  -1.27661813e+00   6.26877189e-01  -2.66765973e-01
   -5.98598161e-01 
    2.03582898e+00   1.68974936e+00  -2.03640598e+00  -9.39269715e-01
   -3.67121908e+00  -1.28394341e+00   9.87827711e-01   4.70149461e-01
    1.23142412e+00  -2.53443198e+00   2.02459762e+00  -1.72326291e-02
    7.73448144e-01  -2.95698118e-01  -6.98255442e-01   1.94290175e-01
   -8.21318208e-02 
    1.68267098e+00   3.05884098e-01  -1.88271288e+00  -1.70403865e-01
   -1.19120757e+00  -4.58833911e-01   2.81800742e+00  -2.98698477e+00
   -1.25309298e-01  -1.94989025e-01   3.06911416e-01   1.01589332e+00
   -2.24877347e-01   1.38084111e+00   8.16278374e-01   1.19674477e+00
   -5.11086739e-01 
   -5.40892944e-01  -5.22101496e-01   1.89590875e+00  -2.10489542e-01
    1.51081876e+00   1.99613759e+00  -3.42629345e+00   5.08434183e-01
    2.84559898e-01  -8.08362931e-01  -3.30831442e+00   1.54805948e-01
    2.00677143e+00  -1.46630973e+00  -9.91640586e-02   3.10251932e+00
   -2.69134440e-01 
   -6.68784069e-01   2.84802199e+00   1.16937144e+00   7.90107203e-02
   -1.34667908e+00   2.03635967e+00  -5.53662535e-01  -1.24411243e-01
   -9.27622152e-01  -2.20503689e+00  -2.33917202e-01  -8.27315599e-02
   -8.46352230e-01   5.75366059e-01  -1.02474130e-01   7.65071339e-01
   -5.58275411e-01 
   -1.23036012e-01  -1.06766452e+00  -1.33302108e+00   2.85454533e-01
    2.66046820e-02   2.62252021e+00  -8.33384185e-01   8.97535088e-01
    2.97832384e-01  -2.60813433e+00   1.21732361e+00  -2.48831372e-01
   -1.41168707e+00   8.04648281e-03   3.18710401e+00  -1.48789381e+00
    6.81708949e-01 
   -8.57538166e-02   2.36203878e+00   2.80690284e-01  -9.33412939e-01
    1.01652328e+00  -1.68388937e+00  -2.39777946e+00  -1.40359838e+00
   -5.09948957e-01  -1.03000278e+00  -1.20331696e-01   9.47955544e-01
    7.78146473e-01   4.73563805e-01   1.81686827e-01   1.01380798e+00
   -7.54726529e-02 
   -1.13128173e+00   3.53385960e-01   2.71252124e+00   1.66156222e+00
    9.38080782e-01   3.20242333e-01  -2.08310554e+00  -1.20118676e+00
   -7.30699850e-01   7.57609562e-01  -2.10397870e+00  -1.53937120e+00
   -1.78218941e+00   1.56132852e+00   1.65996597e+00   1.12667541e+00
    2.28010602e-01 
    1.55787874e+00   8.45843468e-01  -1.05125365e+00  -2.85300832e-01
   -8.09956145e-01  -3.14121638e-01  -5.07933161e-01  -5.19563679e-01
    1.82410543e+00   1.60935607e+00  -2.34752275e+00  -2.02835004e+00
   -5.63250792e-01  -1.71845328e+00   2.43114989e+00   7.64756489e-01
   -5.70299132e-01      3.56435395e+00  -9.61613269e-01   3.33959438e-01  -2.00019060e+00
   -7.81094426e-01   1.37847303e+00  -6.68926582e-01  -1.02624459e+00
    6.64677536e-01   7.68906345e-01   5.89430068e-03  -3.19493087e+00
   -7.88046667e-01   5.30767395e-01   9.98567078e-01  -1.55753416e+00
    3.32079369e-02   1.29595770e-01   2.08128410e-01   1.06466571e-01
   -2.94147328e-01   1.89869024e+00   5.73622484e-01   2.21470890e+00
   -1.49735950e+00  -7.73884819e-01   3.40583100e-01  -1.59338253e-01
   -8.35927555e-02  -3.12842510e-01   1.98912589e-01  -1.26783636e+00
   -4.13177217e-02 
    6.27355719e-01   3.96810690e-01  -3.30689740e-01  -7.85472504e-02
    9.89194677e-01  -2.97658188e-01  -1.39496219e+00   9.49367727e-01
   -2.09728524e+00  -2.47874520e-01  -7.82139489e-01   1.05175579e-01
    1.28000472e+00  -1.94878379e-01   1.65254947e+00  -5.85295790e-02
   -1.92402855e-02  -9.65313942e-01   2.14439554e+00  -2.03713743e+00
   -1.37136578e+00   2.86903717e-01   4.27034394e-01   7.98969608e-02
   -1.34518464e+00   6.94190964e-01   8.91310703e-01  -4.30522836e+00
    1.44059201e+00  -1.73762043e+00   1.84621149e-01  -1.17611727e+00
    2.67339047e-01 
    6.24928140e-01  -7.31999438e-02   2.73557971e+00   1.11122782e+00
   -1.83904446e+00  -1.90971640e+00  -1.04482578e+00  -8.99254373e-01
    1.31134949e+00   1.04519457e+00   4.60280939e-01   5.88404766e-01
   -2.13311144e+00  -4.23930658e-03  -4.12636397e-01  -1.16655093e+00
    2.20596075e+00  -6.36913251e-02  -1.34891612e+00   1.33257471e+00
   -1.32490505e+00  -2.57490571e+00  -1.13694216e+00   1.18823675e+00
    1.21988182e+00   7.78357535e-01  -2.40839114e+00  -5.99326672e-01
    2.15457938e+00  -2.91356188e-01  -2.28792552e+00   9.64269594e-01
   -3.65947403e-01 
   -1.46542696e+00   2.61555687e-01  -1.50017515e+00  -1.04191811e+00
    1.76227914e+00   1.19341925e+00   1.28819758e+00   2.50560787e-01
    4.98391628e-01  -9.68500639e-01   2.72352529e+00  -2.02182100e+00
    4.28285364e-01  -1.01008652e+00  -3.22494473e+00   1.25247283e-01
    3.72071750e+00  -2.25256612e-01   1.01878671e-01  -2.27042103e+00
   -1.07912640e+00   5.67909114e-01   8.50309025e-01  -3.03149973e+00
    5.14444938e-01   5.07836675e-01  -8.35070512e-02   1.35078005e-01
   -3.10256941e-01   2.42914633e-01  -1.75745721e+00  -6.52407611e-01
   -2.34897868e-01 
   -1.93698376e+00  -1.24336010e+00  -2.25386354e+00  -5.75424428e-01
    1.01937665e-01  -4.92113056e-01  -1.30630758e-04  -1.15987089e+00
   -2.94883867e-01  -2.86696094e+00   1.42752508e+00  -5.66055585e-01
   -4.42014979e-02  -2.44831292e+00   2.78432854e+00  -1.81187825e+00
   -2.69733898e-01  -1.51830566e+00   2.53248888e+00  -2.64000764e-01
    1.16050346e+00  -1.22486170e+00  -3.24223807e+00   2.10829944e+00
    1.97324506e+00   1.23771856e+00  -1.51108092e+00  -1.66808313e-01
   -3.21201829e-01  -2.62443649e-01  -1.21940935e+00   1.68491240e+00
   -2.35713714e-01 
   -1.40841416e+00  -1.87487123e-01   6.80058259e-01   3.69785487e-01
    1.14880607e+00  -6.54416811e-01  -3.52807332e-01  -3.56884067e+00
    1.16365254e+00   7.47227154e-02  -1.66058264e-01   3.64655659e-01
   -9.58365393e-01   1.90180033e+00  -9.18086347e-01  -1.91928733e+00
   -1.39154462e+00   7.04402283e-01  -9.55760942e-02  -2.53628359e+00
    4.54657218e+00   5.16763955e-01   9.48296749e-02  -8.12003565e-02
    3.04493431e-01   5.32155340e-01  -1.43511876e+00  -1.64381612e+00
   -3.76761546e+00   8.01992125e-01  -1.86225077e-01   3.45796120e-01
    3.30443185e-02 
    7.63102837e-01  -1.23598606e+00   7.21398594e-02  -9.16327708e-01
   -4.82009754e-02  -2.24427894e+00   1.14997480e+00   8.50273966e-01
    5.01577134e-01  -2.15003702e+00  -6.71725433e-01   2.74851458e+00
    2.95221141e+00  -1.61760858e+00  -1.01651757e+00  -3.91312983e+00
   -1.01971133e+00   5.62752902e-02  -1.63911557e-01  -5.07015276e-01
   -7.14517613e-01  -2.00575003e-01  -2.57119845e-01  -6.93626132e-01
   -1.34524556e+00  -1.79029454e+00   1.16176152e+00   3.44696209e-01
    3.96215654e-01   2.89752496e+00   7.81662426e-01   3.94355213e-01
   -3.34467449e-01 
    1.53773741e-01  -7.42417299e-01   2.08629330e+00  -6.54425838e-01
    1.66382040e+00  -1.84218141e-01  -9.44694277e-01  -1.00456974e-01
   -2.50362906e-01   4.12034682e-01  -4.33666890e+00   1.40553454e-01
    1.03662612e-01  -1.81884812e+00  -4.52403210e-01   2.21095933e+00
   -2.25089760e+00  -5.07529632e-01  -2.26184120e+00  -4.20299763e-01
   -2.45442937e+00  -1.56571833e-01  -3.03287086e+00   2.75682821e-01
   -3.78410607e-01   3.45201426e+00   5.42686891e-01   6.05475818e-01
   -1.45527324e+00   7.27880212e-01   1.12895574e+00   3.37011528e-02
   -9.61768373e-01 
   -2.04807185e+00   2.30163609e+00   1.16231541e+00   1.37712681e+00
   -2.05685604e+00  -2.41558623e-01   1.21190831e+00  -2.33899006e+00
    2.24379756e+00   3.42411237e-01   7.43096556e-01  -1.59159733e+00
    1.09115512e+00  -1.64078504e+00   1.88322737e+00   1.22134855e+00
   -8.54472021e-01  -2.37137490e+00  -3.52420524e-01   5.26372105e-01
   -1.51833816e+00  -1.73312041e+00   2.12364012e+00  -1.33394754e+00
   -1.96676206e+00  -4.48285346e-01   4.22029866e-03   4.67614495e-01
   -1.42958065e+00  -9.61939647e-02   1.52557011e+00  -1.84759558e+00
   -5.92798039e-01 
    1.08423696e+00  -9.42644625e-01  -8.04608431e-01  -1.35936657e+00
   -1.13110857e-01   1.75971828e-01  -9.66699698e-01  -2.50523614e+00
   -2.44516769e+00  -2.65709331e+00  -1.84939548e+00   1.76021954e+00
   -2.50145386e+00  -1.39589434e+00   1.88490021e-01   2.41666299e-01
    5.38435029e-01   2.73130737e-02  -2.18871908e+00   1.75581811e+00
    1.30909743e+00   1.27548330e+00   5.42985465e-01  -2.48513406e+00
    2.72561460e+00  -7.75802834e-01   2.07438066e+00   4.15299582e-01
    2.43561861e+00   4.17765829e-01  -2.18163268e-02  -1.78407582e+00
   -3.39476492e-01 
   -1.89733885e-01  -2.78969738e+00   3.71191181e-01   9.31244459e-01
   -6.08648446e-01   1.24386992e+00  -1.15033542e+00  -2.23989310e+00
   -1.73268071e+00  -1.17764850e-01   1.16523032e+00   1.50550230e-01
   -2.65697368e+00   1.86402300e+00  -3.01101243e-01   2.74009861e-01
    5.72803966e-01  -1.27880451e+00   1.06373957e+00   1.61472186e+00
   -7.26930331e-01  -1.35590494e+00  -1.39698538e+00  -2.73970952e+00
   -1.61358114e+00  -1.54546894e+00   3.45253428e+00   9.90494983e-01
   -1.13527865e+00  -4.07610362e-01   1.53385493e+00   2.57987084e+00
   -4.50068572e-01 
   -1.18546397e+00   4.38566478e+00  -1.28656948e+00  -2.56997062e+00
   -2.06793092e+00  -1.13622065e+00  -1.12124374e+00  -6.45410598e-03
    1.10888678e+00  -2.31470035e+00  -2.65059312e+00   3.20819002e-01
   -6.84331811e-01   1.37214434e+00  -1.79490829e-01   1.64419382e+00
   -7.02437780e-01  -5.28632889e-01  -3.00070607e-02  -8.86184829e-01
    8.09420508e-01   1.91197505e+00  -6.09252231e-01   9.46138604e-01
    5.65984088e-01  -1.64454812e+00  -1.43170481e+00   1.98989957e-02
    1.06645353e+00  -8.28003869e-01   1.69509028e+00   1.21153079e+00
   -5.85524767e-01 
   -4.35856750e-01  -9.21589589e-01  -2.54049661e+00  -2.06898406e+00
   -2.05881026e+00   9.48171354e-01  -4.06738788e-03  -1.63816547e-01
   -6.66657356e-01   3.42465670e+00   4.13545285e-02   2.18686862e+00
   -1.00822167e+00   3.09866606e-01  -4.79604176e-01  -1.29386907e+00
   -5.45223621e-02  -1.11525122e+00  -4.13452400e-01  -1.44591077e+00
    3.47559850e-01  -3.66952568e-01  -8.84317998e-01  -7.14983853e-01
   -4.61117537e-02  -1.70138601e-01  -1.83234092e+00   4.76219850e-01
    1.58127948e+00  -1.23124453e+00   2.01652123e+00  -4.36495352e-01
   -2.03644520e-01 
   -2.65475670e-01  -7.96617395e-01   5.41289072e-01   1.93392313e+00
   -2.29337553e+00   1.26537562e+00  -2.34876140e-01   1.03760453e+00
    9.41386938e-01  -7.33904936e-01  -9.07604090e-01   6.81726251e-02
   -1.68609443e+00  -7.29319120e-01  -2.60038023e+00   2.07982341e+00
   -2.98339599e+00   4.15678112e-01   1.01360615e+00  -8.33265759e-01
    7.87437825e-01  -5.97653246e-01   1.40426879e+00   3.65247699e-01
    2.84423988e-01  -2.05784107e+00   9.21929961e-01  -1.32835140e+00
    3.37124789e-02  -1.10371578e+00  -8.79436000e-01   7.13362258e-01
   -5.11597394e-01 
   -5.84619221e-01   2.10448618e+00   3.07864841e-01  -1.10060621e+00
   -9.72011614e-01  -1.94081442e-01   9.44828006e-01   1.51246549e+00
   -1.02209962e+00   2.25178439e-01  -9.90474156e-01  -6.64857642e-01
    2.27789909e-01   4.03630398e-01   1.88827230e+00  -1.14933689e+00
    4.65758194e-01   2.66324466e-01  -1.33440095e+00   4.23553948e-01
   -7.24217725e-01   9.99481615e-01  -3.26167878e-01  -3.46981460e-01
    9.36476894e-01  -1.26618744e+00  -4.07051877e-01  -3.79276009e-01
   -2.44714531e+00  -1.33966764e-01  -1.83843850e+00  -2.85529962e+00
   -9.33483571e-01 
   -1.89854805e-01  -1.73789026e+00  -2.33547042e+00   1.88504849e+00
    1.32124711e+00   8.96818005e-01  -4.73534225e-01  -5.00453495e-01
    1.92985733e+00   1.24285635e+00   1.36486717e-01   4.12384165e-01
   -1.50242246e-01   2.48769166e-01  -1.06565992e+00  -5.09101324e-01
   -2.53774523e-01  -1.81858400e+00  -9.52246074e-01   1.63928043e+00
   -5.13189352e-01   7.37259037e-01   3.45984728e-01  -1.51509076e+00
   -5.43091540e-01  -1.54598011e+00  -1.63337719e+00  -5.77754565e-01
    1.08817415e+00  -5.06154332e-01  -8.83819511e-01  -6.29214004e-01
   -2.30809397e-01  