NN 16 32 16   -3.93684907e+00  -1.18950066e+00  -6.48763813e-02   5.07379948e-01
    2.40586541e+00  -1.08109953e+00  -2.01075853e+00  -2.17978144e+00
    3.40622341e+00  -1.20339979e+00  -3.52892985e-01   8.62587485e-02
    8.18690732e-01  -3.60587518e-01   1.92195209e-01  -6.87634067e-01
   -9.88052194e-01 
    5.83288644e-01  -4.77009115e-01  -3.88632379e-01  -1.44668825e-01
    1.11576613e+00  -2.83701032e-01   3.07923401e-01   4.42044366e-01
   -2.76156452e+00   6.95745986e-01   2.18009629e+00  -3.89503419e+00
    8.33463819e-01   7.80195160e-01  -2.21023921e+00   1.36269403e+00
    6.39923074e-01 
   -1.00707158e+00   1.69669406e-01  -2.54231190e+00   8.18183131e-01
    2.73845887e+00  -1.89891973e+00  -5.89225857e-01  -8.23938735e-01
   -1.08049758e+00   4.85071384e-01  -3.91970153e-01   2.61927975e-01
    1.44491525e+00  -7.06242734e-01  -2.56176225e-01   2.07768224e+00
    1.63607158e-01 
    1.67384296e+00  -7.64361507e-01  -1.26134996e+00   1.05337569e+00
    1.54628452e-01  -1.12981303e+00   9.32962143e-01  -4.80602697e-01
   -1.57409712e+00   8.38882821e-01  -1.58719114e+00   1.70997179e+00
    1.77323345e+00  -1.57499771e+00   1.25630058e+00  -1.93916112e+00
   -1.72569540e-01 
   -9.24879271e-02  -1.63475208e+00   1.48912192e+00  -1.25283600e+00
   -1.13907048e-01  -6.14912222e-01  -3.81778204e-02  -2.09450550e+00
    1.23554409e+00  -5.80179998e-01   1.41211522e-01   2.11090659e+00
    1.53531235e+00   2.22901790e+00  -1.82165281e-01  -1.47515853e+00
   -6.91617881e-01 
   -4.57839027e-01   1.28327967e+00   1.94473548e+00  -1.34403163e+00
    6.37756043e-01   1.21496459e+00   1.94602745e+00  -4.84699317e-01
    2.07428204e-02  -2.28919319e-01  -1.99459722e+00   5.91589325e-01
   -8.35222100e-01  -1.45529220e+00  -5.19408773e-01  -7.51129152e-02
    5.25489051e-02 
    9.07663126e-01   1.48547303e+00   1.65174112e+00  -1.91126185e+00
   -9.61130478e-02   2.12571327e-01  -2.00321200e+00   1.41170361e+00
   -6.29150808e-01   4.41193339e-01   8.92157949e-01   3.25055755e-01
   -1.67909590e-01  -4.77433209e-01  -1.46909308e+00   7.82952699e-01
   -7.45299678e-01 
    5.96404312e-01  -1.35163897e+00   1.33257561e+00  -4.46635899e-01
    6.72666877e-01   4.25806442e+00  -2.05613879e+00  -9.94102446e-02
    2.42911675e+00   2.28977731e+00   2.51951313e-01  -3.50657094e-01
   -7.76506209e-01  -2.70642529e+00  -1.44154375e+00  -1.44328915e-01
   -6.94653381e-01 
    2.19673138e-01   2.73578989e+00  -7.16045591e-01  -1.15455304e+00
    5.22868766e-01  -1.27694101e+00  -1.13959700e+00  -7.40145415e-02
   -1.68356820e+00   2.37184524e+00   1.42742741e+00  -1.25580689e+00
    9.91815189e-01  -1.81106467e+00   1.49733845e+00  -1.62457039e+00
   -9.60361467e-02 
   -1.21149596e+00  -1.83891916e-01  -5.51932559e-01   1.18331238e+00
    1.81978487e+00  -8.36980378e-01   1.40625069e+00  -1.01813470e+00
   -1.05474975e+00   9.49373516e-01   6.61122826e-01   2.03640729e+00
   -2.83729654e+00   5.30046175e-01  -7.36188980e-01  -1.33274996e+00
    3.76076209e-01 
   -6.72900070e-01   4.27396516e-01  -4.92207883e-02  -2.83898881e+00
   -2.37486656e+00  -1.35301288e+00  -1.00845614e-02   4.17370968e+00
   -1.27874632e+00   3.17463127e-01  -4.28581969e-01   3.15800258e+00
   -1.10744738e+00  -4.14972115e-01  -1.41801902e-01  -3.44296341e-03
   -6.56827646e-01 
    2.91796389e+00  -9.11886875e-01   3.02319968e-01   2.00326546e+00
    1.53305051e+00  -6.05488259e-01  -1.39175342e+00   6.86143312e-01
    2.12855203e-01  -1.30083762e+00   4.34542911e-01  -5.66879634e-01
   -3.13514938e+00   3.90836573e-01   1.06464335e+00  -1.03304700e+00
   -2.83491161e-01 
   -2.37529545e-01  -2.43114947e+00   1.62592844e+00   1.58248197e-01
   -3.76385214e-01   4.46829878e-01  -3.43783310e+00  -2.28902511e-01
   -1.93188198e+00   1.11988729e+00   2.96376002e+00   1.40260685e-01
   -4.77824793e-01   1.28645614e+00  -5.55982729e-01  -7.11828505e-01
   -1.28810437e+00 
   -5.22076458e-01   2.75221912e-01  -5.57953146e-01   1.31040241e-01
    2.25363901e+00  -2.06061487e+00   1.04124580e+00   8.74276151e-01
    1.16077640e+00   1.58073467e+00  -2.25074989e+00  -1.81961125e+00
   -1.14553869e+00   3.68266876e-01  -4.46305105e-01  -9.74161026e-02
   -1.54138060e-01 
    1.59076231e+00  -1.81428756e+00   6.21163479e-01   3.05618498e+00
   -2.26006902e+00   6.88224845e-01   5.11962114e-01  -9.84398197e-01
   -1.54397466e+00  -2.55136187e-01  -4.71734657e-01  -1.76243789e-01
    8.81369478e-01   2.36159955e+00  -2.19769623e+00  -1.56553667e-01
    5.97549530e-01 
    1.59808479e+00  -9.65297850e-01  -1.73457701e-01  -1.23526485e-01
   -2.37758005e-01  -4.05611874e-01   3.21719588e+00  -3.04243817e+00
   -1.22656768e+00  -1.09655441e+00  -4.86814060e-01  -9.06427558e-01
    1.19414483e+00  -1.91510068e+00   8.83656650e-01   5.45502877e-01
    4.93410836e-01 
    1.54142097e+00   6.68572107e-01  -2.97655348e+00  -4.30675543e+00
    1.16730481e+00   2.00862369e-01   5.88319025e-01   1.59448296e+00
    8.54530281e-01   3.09242034e-01  -8.24425378e-01  -1.08860917e+00
   -2.59346890e-01   1.72729849e+00  -4.95817818e-01   1.23256165e+00
    3.36408076e-01 
   -1.50818530e+00   4.93011923e-01  -2.99534132e-01   2.07535183e-01
    7.04124029e-01  -1.79330007e+00   1.79343358e-01   2.50721886e-01
    1.51853917e+00  -8.59454972e-01   1.22084495e+00   1.28400192e-01
    7.91961144e-01  -1.13228342e+00  -7.63065002e-01   1.17314124e+00
   -7.36504962e-01 
   -1.44824930e-01  -2.57465728e+00   2.28099895e+00   6.78802946e-03
   -2.37616124e+00   4.16175267e-01  -2.40646947e-01   1.51806230e+00
    1.44752081e-01   1.49639720e+00  -1.58026487e+00  -4.44562767e-01
    4.77373769e-01  -1.08369474e+00   6.28526906e-01   6.68687007e-01
    1.30511404e-01 
   -1.29131975e+00   5.33569230e-01  -8.38416479e-01   2.20457505e+00
   -8.06331050e-01   1.86764494e+00   1.27236064e+00  -1.57440094e+00
   -1.13560977e-01  -1.64285493e+00  -5.97400484e-01   5.53367008e-01
    1.82722439e+00  -5.75028431e-02  -2.75412325e-01  -2.34023474e+00
    3.45908980e-01 
   -2.60961921e-01   2.68307960e+00   1.18043849e+00  -4.76132909e-01
   -1.54603170e-01  -4.80224986e+00   1.23975714e+00   3.54684093e+00
    1.56847109e+00  -2.25184981e+00   8.40399557e-01  -2.38063637e-01
   -3.50404113e-01  -7.76211770e-01   8.24507137e-01  -2.96248980e-01
   -2.39511791e-01 
   -2.66893817e+00   8.66463489e-01   1.97749646e+00  -1.26474347e-01
    1.57913913e+00  -9.63788702e-01  -1.43070002e+00  -3.92132804e-01
    2.38563237e+00  -1.10129865e+00   2.90163892e-01  -1.79950741e+00
    5.23530359e-01   4.52007557e-01  -1.19409845e+00  -4.60732603e-01
    6.39988261e-01 
   -3.88677174e-01  -7.95585420e-01   5.56001137e-01  -8.17387231e-01
    2.32883860e+00  -1.18981167e+00   1.99410714e-01   2.41879741e+00
   -2.64111949e+00  -7.68886021e-01   1.26080554e+00   8.22065873e-01
    3.85226071e-01  -8.90947796e-01  -5.70529599e-01  -1.24490974e+00
   -4.30091893e-01 
   -2.06224858e+00   3.11538793e-01  -1.37041386e+00   2.04223778e+00
   -9.74392873e-01   1.21875936e+00   8.76875595e-01  -6.37475239e-01
    1.06043910e+00   1.54546616e+00   1.61016491e+00  -1.79948256e+00
    9.04051052e-01  -1.27603346e+00   6.60608308e-01  -2.76706703e-01
   -5.95378321e-01 
    2.13138452e+00   1.64240978e+00  -2.09561291e+00  -1.15939317e+00
   -3.68628335e+00  -1.40830458e+00   8.74721439e-01   6.16321516e-01
    1.33985405e+00  -2.43889728e+00   1.95279939e+00  -1.13848621e-01
    7.65273784e-01  -3.45633747e-01  -7.42134832e-01   1.53927168e-01
   -1.27697938e-01 
    1.83395003e+00   2.61690055e-01  -1.97138548e+00  -7.65761590e-02
   -1.23734488e+00  -5.08991092e-01   2.88996041e+00  -3.02080998e+00
   -2.80644332e-02  -2.83381651e-01   3.15990306e-01   9.17089314e-01
   -2.17778263e-01   1.41294801e+00   7.52873994e-01   1.27822818e+00
   -5.03720767e-01 
   -7.33366320e-01  -4.12278281e-01   1.98418134e+00  -1.90836318e-01
    1.54920087e+00   1.97619935e+00  -3.47827264e+00   1.55316638e-01
    7.99131143e-02  -9.09809050e-01  -3.34382742e+00   2.10898559e-01
    1.94541746e+00  -1.56153198e+00  -2.05686399e-01   3.12535001e+00
   -3.54865590e-01 
   -6.36501966e-01   2.89177413e+00   1.24154056e+00   1.03752069e-01
   -1.53631092e+00   1.82177910e+00  -5.68578003e-01  -1.26988768e-02
   -8.88907051e-01  -2.28830545e+00  -1.90779630e-01  -4.50912679e-02
   -8.48558799e-01   5.47915886e-01  -9.88579542e-02   7.71098591e-01
   -5.88170037e-01 
   -1.85279362e-01  -1.02613580e+00  -1.31197568e+00   1.30135070e-01
    1.14208327e-02   2.60728104e+00  -7.76475752e-01   8.43537114e-01
    2.42588707e-01  -2.76164045e+00   1.19025935e+00  -3.49625694e-01
   -1.48542159e+00   1.03505859e-02   3.23827601e+00  -1.56668864e+00
    6.61143844e-01 
   -1.67708939e-01   2.38813355e+00   2.22298715e-01  -1.04590498e+00
    8.91885891e-01  -1.76796787e+00  -2.50682889e+00  -1.42264944e+00
   -6.50146256e-01  -9.10503020e-01  -1.90613084e-01   8.75865003e-01
    6.77980860e-01   4.14127423e-01   1.50240705e-01   9.26901501e-01
   -1.79217717e-01 
   -1.03245665e+00   1.98932869e-01   2.91552852e+00   1.60321534e+00
    7.94112483e-01   3.17656424e-01  -1.99183233e+00  -1.35319612e+00
   -9.48277324e-01   6.98497099e-01  -2.21392468e+00  -1.56332326e+00
   -1.88453617e+00   1.56791746e+00   1.67445216e+00   1.09302584e+00
    1.65785197e-01 
    1.57378420e+00   9.20557636e-01  -1.08042236e+00  -1.74909039e-01
   -8.45101945e-01  -2.90690695e-01  -4.81863274e-01  -3.50250732e-01
    1.93590554e+00   1.77164065e+00  -2.32278974e+00  -1.96377203e+00
   -5.00030184e-01  -1.67896129e+00   2.54793722e+00   9.02140319e-01
   -4.94111662e-01      3.61004313e+00  -1.00058377e+00   3.60625204e-01  -1.93549679e+00
   -8.84437935e-01   1.42030294e+00  -6.35891975e-01  -1.08548984e+00
    6.06555192e-01   7.49826828e-01   6.97020289e-03  -3.25210141e+00
   -6.91031639e-01   6.09594892e-01   9.15145817e-01  -1.58780084e+00
   -1.01594345e-01   9.98495887e-02   1.65659922e-01  -1.19303073e-01
   -2.45759532e-01   1.82284868e+00   6.23901155e-01   2.20760079e+00
   -1.57781623e+00  -9.52832932e-01   3.99018886e-01  -1.24458814e-01
   -7.41907580e-02  -2.62873405e-01   2.57616410e-01  -1.35875147e+00
   -1.10243624e-01 
    5.12037194e-01   4.92218059e-01  -3.83442912e-01  -2.73641690e-01
    1.07408672e+00  -3.05733259e-01  -1.32046210e+00   8.80925852e-01
   -2.05398887e+00  -1.62690441e-01  -8.76317864e-01   1.48100794e-01
    1.23543727e+00  -2.63746782e-01   1.51686007e+00   8.52730777e-02
   -6.14590704e-02  -1.07339026e+00   1.92431603e+00  -2.03923422e+00
   -1.36025413e+00   3.20532959e-01   5.78227593e-01  -2.16857702e-02
   -1.37405106e+00   7.45923448e-01   6.83054328e-01  -4.29814502e+00
    1.41665433e+00  -1.65451385e+00   1.54638440e-01  -1.28281702e+00
    2.69607515e-01 
    7.00862167e-01   5.19607918e-03   2.81468669e+00   1.10167307e+00
   -1.88845115e+00  -1.96779304e+00  -1.02894532e+00  -8.63044838e-01
    1.43923631e+00   1.04198603e+00   3.98066340e-01   6.29522077e-01
   -2.13271364e+00   4.92865645e-02  -4.41829273e-01  -1.21740198e+00
    2.35536624e+00   1.18078460e-01  -1.35337918e+00   1.22313512e+00
   -1.19056541e+00  -2.40211341e+00  -1.10793355e+00   1.31142986e+00
    1.24476022e+00   6.72960754e-01  -2.39329717e+00  -5.81003590e-01
    2.22424010e+00  -1.84242538e-01  -2.22659486e+00   9.63391317e-01
   -2.96276961e-01 
   -1.55511642e+00   2.70606645e-01  -1.50620543e+00  -1.05964674e+00
    1.86486841e+00   1.09892829e+00   1.34032059e+00   2.07842707e-01
    5.79636488e-01  -9.04829774e-01   2.81452577e+00  -1.94000737e+00
    4.89341063e-01  -8.99299580e-01  -3.21460004e+00   1.18277698e-01
    3.79393035e+00  -1.89358571e-01   1.31800350e-01  -2.26644155e+00
   -9.99176371e-01   5.64202685e-01   8.23920956e-01  -2.96196404e+00
    6.27528550e-01   5.64438618e-01  -2.32456909e-02   1.16976772e-01
   -2.72598746e-01   3.15317104e-01  -1.73009964e+00  -5.26377844e-01
   -1.78372454e-01 
   -1.93890561e+00  -1.23921552e+00  -2.32113321e+00  -6.38570645e-01
    1.08410225e-01  -4.30710038e-01   9.59633990e-04  -1.15946814e+00
   -3.23231035e-01  -2.98963143e+00   1.48716048e+00  -6.47076547e-01
   -1.62268810e-01  -2.46202596e+00   2.83744805e+00  -1.81527051e+00
   -2.32342096e-01  -1.53138860e+00   2.53791620e+00  -2.43315254e-01
    1.25519213e+00  -1.21889968e+00  -3.26215862e+00   2.07005260e+00
    1.97857801e+00   1.23229657e+00  -1.48510996e+00  -1.25385418e-01
   -2.85106100e-01  -1.78683378e-01  -1.23766581e+00   1.71166052e+00
   -2.15789631e-01 
   -1.43719774e+00  -1.86855268e-01   7.10661615e-01   3.51068911e-01
    1.10534838e+00  -7.47127627e-01  -4.32944581e-01  -3.51161470e+00
    1.19332623e+00   1.08739934e-01  -1.98939595e-01   4.11791816e-01
   -9.30076147e-01   1.98589340e+00  -8.86135056e-01  -2.05646642e+00
   -1.38599743e+00   7.31708914e-01  -1.49248723e-01  -2.45332339e+00
    4.53911612e+00   5.24395381e-01  -6.69655685e-02  -5.27773209e-03
    3.94588947e-01   6.24449516e-01  -1.36663139e+00  -1.67576119e+00
   -3.75829599e+00   8.18274313e-01  -1.57447122e-01   4.33751194e-01
    4.34668303e-02 
    7.65648579e-01  -1.27364696e+00  -3.65322704e-03  -9.08863609e-01
   -1.91439211e-01  -2.38461894e+00   1.10652099e+00   8.32255535e-01
    6.25975452e-01  -2.06344317e+00  -5.37595005e-01   2.70276399e+00
    3.07182734e+00  -1.65756200e+00  -1.05910176e+00  -3.91338475e+00
   -1.15301819e+00  -8.11021061e-02  -1.35660431e-01  -5.65583424e-01
   -8.94223774e-01  -2.94630230e-01  -1.60658094e-01  -7.03365988e-01
   -1.40993961e+00  -1.96697950e+00   9.78168190e-01   3.37413679e-01
    4.23869966e-01   2.80393062e+00   8.15211055e-01   2.41741550e-01
   -4.45693254e-01 
    1.55288693e-01  -6.69379525e-01   2.09686623e+00  -5.73665100e-01
    1.73546308e+00  -2.26327876e-02  -9.45021938e-01  -2.00929457e-01
   -2.37760284e-01   4.95968559e-01  -4.32921929e+00   1.54196958e-01
    5.57109869e-02  -1.93701741e+00  -4.72122141e-01   2.35957193e+00
   -2.30839353e+00  -5.17414409e-01  -2.33376561e+00  -3.27031341e-01
   -2.55651493e+00  -1.36999961e-01  -2.94474108e+00   2.73678355e-01
   -4.07424799e-01   3.52680095e+00   3.95365323e-01   6.56962078e-01
   -1.41705015e+00   7.69745020e-01   1.17362385e+00  -1.09502744e-01
   -9.87637987e-01 
   -2.05651832e+00   2.38297920e+00   1.19015292e+00   1.42501947e+00
   -1.96331031e+00  -2.25218896e-01   1.27203641e+00  -2.32842780e+00
    2.26570603e+00   3.07985995e-01   7.68496923e-01  -1.57395931e+00
    1.14445147e+00  -1.71979429e+00   2.02575673e+00   1.31156691e+00
   -8.10078139e-01  -2.39194957e+00  -3.07683374e-01   6.09107316e-01
   -1.51990382e+00  -1.73082675e+00   2.20829951e+00  -1.29008030e+00
   -1.88461158e+00  -3.69184120e-01   4.80696139e-02   5.44368642e-01
   -1.32385566e+00  -1.94628968e-03   1.57879045e+00  -1.89443508e+00
   -5.06387098e-01 
    1.09167125e+00  -9.41908072e-01  -8.53324569e-01  -1.42320052e+00
   -1.20406842e-01   1.45486935e-01  -9.56193220e-01  -2.48367537e+00
   -2.44807740e+00  -2.68509108e+00  -1.84412593e+00   1.81995339e+00
   -2.58410020e+00  -1.43269879e+00   1.64377046e-01   2.21536044e-01
    5.50789803e-01   2.86771982e-02  -2.20227082e+00   1.71316085e+00
    1.39527788e+00   1.26768115e+00   5.42749097e-01  -2.49032008e+00
    2.72157106e+00  -8.67659606e-01   2.10017611e+00   4.04696712e-01
    2.50196903e+00   4.46049604e-01  -4.68311774e-02  -1.85896518e+00
   -3.84352592e-01 
   -1.32655357e-01  -2.87165790e+00   3.80004670e-01   9.17244330e-01
   -5.95125494e-01   1.27466797e+00  -1.15073474e+00  -2.25961839e+00
   -1.78527880e+00  -1.37962230e-01   1.18829240e+00   7.25469193e-02
   -2.65333548e+00   1.79219898e+00  -3.35472776e-01   2.56915612e-01
    5.01862205e-01  -1.28474252e+00   1.04384101e+00   1.61951319e+00
   -7.90290072e-01  -1.36118378e+00  -1.40346699e+00  -2.78409433e+00
   -1.65631366e+00  -1.60414781e+00   3.52774172e+00   1.03856172e+00
   -1.15115262e+00  -3.51539335e-01   1.60031316e+00   2.56652561e+00
   -5.10748505e-01 
   -1.20844643e+00   4.39257941e+00  -1.36870156e+00  -2.59056170e+00
   -2.19993246e+00  -1.25800276e+00  -1.14693370e+00  -5.41679013e-02
    1.07256595e+00  -2.36573874e+00  -2.63444933e+00   2.99627190e-01
   -6.75672454e-01   1.31016595e+00  -2.80593429e-01   1.54601595e+00
   -7.44416372e-01  -6.21998983e-01  -3.93014958e-02  -9.34929339e-01
    7.34508570e-01   1.76284613e+00  -6.70433884e-01   8.97780587e-01
    5.76342355e-01  -1.73653292e+00  -1.55152136e+00  -2.57733157e-02
    1.08773759e+00  -9.18424466e-01   1.61786957e+00   1.20970069e+00
   -6.97450829e-01 
   -4.36154777e-01  -9.43315376e-01  -2.54533307e+00  -2.08423270e+00
   -2.09565328e+00   9.24148882e-01  -5.28626593e-02  -1.85771098e-01
   -6.87350960e-01   3.47248846e+00   3.14482358e-02   2.18466900e+00
   -1.00004218e+00   3.20770110e-01  -5.10678626e-01  -1.31351754e+00
   -8.98991728e-02  -1.13064892e+00  -4.50290899e-01  -1.47564900e+00
    3.07506236e-01  -3.78604764e-01  -8.96047331e-01  -7.29922803e-01
   -8.20099359e-02  -2.02477134e-01  -1.88347063e+00   4.43318679e-01
    1.56151225e+00  -1.25793653e+00   2.00946122e+00  -4.55208602e-01
   -2.47522807e-01 
   -2.60695626e-01  -8.07342827e-01   5.35695332e-01   1.94802698e+00
   -2.32082903e+00   1.29627390e+00  -2.34828760e-01   1.06629734e+00
    9.45383840e-01  -7.30255130e-01  -9.19367560e-01   7.02070912e-02
   -1.69340512e+00  -7.36225479e-01  -2.63492484e+00   2.10076985e+00
   -3.01094044e+00   4.24053457e-01   1.01553260e+00  -8.27421238e-01
    7.91828971e-01  -5.92977964e-01   1.42778342e+00   3.66132760e-01
    2.63583806e-01  -2.07361839e+00   9.41850072e-01  -1.33033327e+00
    3.19708498e-02  -1.11481463e+00  -8.86765586e-01   7.13513690e-01
   -5.24417710e-01 
   -5.69492831e-01   2.18935956e+00   3.52434517e-01  -1.08094655e+00
   -9.43211478e-01  -1.96733987e-01   9.60120972e-01   1.56331873e+00
   -1.04929631e+00   2.44394362e-01  -1.00068193e+00  -6.34869090e-01
    2.40166742e-01   4.02931136e-01   1.97516694e+00  -1.16127451e+00
    4.93661424e-01   2.94509953e-01  -1.34318860e+00   4.48591304e-01
   -7.29299976e-01   1.01515187e+00  -3.38871986e-01  -3.20593810e-01
    9.66730653e-01  -1.22408106e+00  -3.77763050e-01  -3.83098243e-01
   -2.50994392e+00  -1.32646568e-01  -1.85235201e+00  -2.88821488e+00
   -9.03185622e-01 
   -1.71881189e-01  -1.75761834e+00  -2.37180224e+00   1.94537117e+00
    1.38644947e+00   9.13906551e-01  -4.10581721e-01  -4.86411790e-01
    1.99733973e+00   1.25295892e+00   2.03073445e-01   4.56314904e-01
   -9.54049501e-02   2.60507031e-01  -1.04355611e+00  -5.53825004e-01
   -2.29828969e-01  -1.82844436e+00  -9.02350415e-01   1.66243783e+00
   -4.49231704e-01   7.77345369e-01   4.07355063e-01  -1.52003764e+00
   -5.10734890e-01  -1.54417955e+00  -1.62342052e+00  -6.01048346e-01
    1.13340932e+00  -5.01189124e-01  -8.79475584e-01  -6.46404326e-01
   -1.76076459e-01  