NN 16 32 16   -2.33478896e+00  -3.29060486e-01  -6.20191792e-01   6.90041511e-01
    6.98458251e-01  -3.09550828e-01  -4.24158254e-01  -4.27400619e-01
    1.23715923e+00  -8.33920318e-01   1.02333456e-01   8.56812010e-01
    3.77822260e-01  -2.01966958e-02  -9.70955252e-02  -1.15458844e-01
   -5.20130537e-01 
    2.65542176e-01   2.15686324e-02  -3.13184026e-01  -8.01218768e-01
    4.81330579e-01  -1.51796426e-01  -1.40565203e-01   4.74531411e-01
   -1.46576622e+00   3.13662694e-01   1.23570767e+00  -2.27536220e+00
    3.21311139e-01   5.75471705e-01  -4.60290160e-01   4.68239306e-01
    5.00884211e-01 
   -2.17590352e-02   2.04754994e-01  -1.60067864e+00   9.90490210e-01
    1.36903650e+00  -9.14907512e-01  -6.28283261e-01  -1.37220379e+00
   -5.87776665e-01   2.90373968e-01  -1.24465628e-03   2.24437713e-01
    1.42655223e+00  -6.45824378e-01  -3.25531845e-02   4.95583029e-01
    3.93937491e-01 
    1.21719884e+00  -6.38332542e-01  -3.25887793e-01   3.98105849e-01
   -4.46623587e-01  -9.31009318e-01   1.09039454e+00   4.08688726e-02
   -7.30983019e-01   7.19283308e-01  -5.21210626e-01   1.35250552e+00
    9.33680077e-01  -1.39889281e+00   4.49436610e-01  -7.65076628e-01
   -4.48417082e-01 
   -2.22800717e-01  -8.48186661e-01   9.73731164e-01  -7.70931417e-01
   -5.37437959e-01  -8.65328666e-01  -3.29256423e-02  -1.17108998e+00
    1.35282430e+00   2.27823244e-01  -2.02863859e-01   1.20971502e+00
    9.57732686e-01   1.12941663e+00   8.95657849e-03  -8.77022490e-01
   -6.55624098e-01 
   -1.24121697e-01   3.56044497e-01   5.61276309e-01  -5.29134264e-01
   -9.96321234e-02   7.25698007e-01   5.35283950e-01   2.01581996e-01
   -1.19890742e-01  -2.64190664e-01  -4.70233971e-01   6.96023042e-01
   -4.45942995e-01  -8.60632648e-01  -2.43881657e-01   1.65817157e-01
   -2.85949321e-01 
    1.20734374e-01   1.23636063e+00   1.00446959e+00  -1.07301215e+00
   -3.88299917e-01   2.87859055e-02  -1.27271234e+00   6.21758182e-01
   -5.48252002e-01   2.20597428e-01   5.48536329e-01   5.65423132e-01
   -2.50537454e-01  -1.00710859e-01  -5.64465738e-01   5.12555269e-01
   -3.80916584e-01 
    2.89791975e-01  -9.53722713e-01   7.16729952e-01  -2.79387516e-01
    5.20889746e-01   2.20763902e+00  -9.22693763e-01  -3.22972938e-01
    1.50655264e+00   1.53399467e+00   1.02115400e+00  -9.65184245e-01
   -3.19651037e-01  -1.16411431e+00  -7.60046324e-01  -2.86771175e-01
   -7.06634416e-01 
    3.28641203e-02   1.61456450e+00  -9.85933026e-01  -7.73750338e-02
    5.71938197e-01  -6.80233933e-01   1.65093445e-01  -1.13719339e-01
   -1.02821122e+00   1.52238739e+00   8.00942600e-01  -6.53828423e-01
    1.31823138e-01  -9.95690732e-01   3.02047696e-01  -2.14889036e-01
   -6.39705887e-02 
   -1.40928389e+00   5.23447429e-01  -8.51052029e-01   7.46734975e-01
    1.58505344e+00  -2.72344812e-01   1.31667131e+00  -3.53332615e-01
   -4.12798542e-01   1.29726911e+00   2.47132390e-02   1.17014548e+00
   -1.54745306e+00  -4.59832345e-02  -1.31067456e-01  -7.27309312e-01
   -1.17492071e-01 
   -4.15959873e-01   8.74428461e-01  -2.22228180e-01  -1.95289819e+00
   -1.29576610e+00  -5.70755239e-01   2.86911056e-01   2.34570894e+00
   -4.33189085e-01   9.89871422e-01  -8.70972286e-01   1.18060959e+00
   -4.24352378e-01   6.50606028e-02   1.69047418e-02  -8.76475542e-03
   -5.65268129e-01 
    1.41542732e+00  -9.87003056e-01   7.89930479e-01   1.51679519e+00
    8.43172887e-01   1.78697653e-01  -1.21949853e+00   6.89708759e-02
    6.38209772e-01  -4.25032708e-01  -5.24318432e-01  -1.65410013e-01
   -1.48775063e+00   5.48929641e-02   1.89333073e-01  -4.34248820e-01
   -7.28921349e-02 
    2.96256888e-01  -1.28386110e+00   7.13132046e-01  -6.37481620e-01
    4.51417637e-01  -2.28082961e-02  -2.55105610e+00   2.20752107e-01
   -1.02177484e+00   8.08379624e-01   1.73275009e+00   3.28275779e-01
   -2.38933500e-02   8.16540245e-01  -2.92653822e-01  -3.51182669e-01
   -6.51688520e-01 
    7.76697951e-02  -2.61645787e-01  -7.55581390e-01   4.89191305e-01
    1.62868320e+00  -1.40402179e+00   7.36511359e-01   3.44585638e-02
    7.80347837e-01   1.32981396e+00  -1.63636663e+00  -1.42440991e+00
   -3.56750737e-02   4.07244538e-01  -7.10655282e-02  -1.14950107e-01
   -9.00721935e-02 
    2.57325033e-01  -1.77523039e+00  -6.70913653e-02   1.73184838e+00
   -1.61794390e+00   7.41096464e-01   4.58221349e-02  -2.57934986e-01
   -1.47476554e+00   1.74902768e-01   4.66103803e-02  -7.05856397e-01
    2.40130483e-01   1.50189638e+00  -7.42639317e-01   2.43089295e-02
    5.41206846e-01 
    9.44304257e-01  -8.09022283e-01  -9.97100933e-03  -1.75334033e-02
   -1.87542315e-01   4.78566171e-01   2.15218909e+00  -2.02823294e+00
   -1.22365170e+00  -1.42992890e-01  -2.61891981e-01  -6.49584925e-01
    1.28152950e+00  -1.23643238e+00   2.00877187e-01  -1.27265682e-01
    2.92268629e-01 
    1.01346997e+00   5.47022780e-01  -1.98479244e+00  -2.50448537e+00
   -3.47389025e-02   4.25243034e-01   6.82243813e-01   1.21902329e+00
    4.23462602e-01  -5.52993435e-01  -6.92825511e-01   8.74256052e-02
   -1.49750688e-01   1.58231308e+00  -4.17058301e-01   4.01224214e-01
   -3.79032459e-02 
   -9.45997343e-01  -4.58741115e-02   1.07060230e-01   1.36488079e-03
    9.50816643e-01  -6.58905533e-01  -3.35252058e-01  -4.19811981e-02
    1.20366087e+00  -3.07096729e-01   6.07114217e-01  -1.70022647e-01
    3.18324947e-01  -4.00517735e-01  -1.99509937e-01   9.39865516e-02
   -4.06470983e-01 
    2.11817571e-01  -1.29571494e+00   9.03883572e-01  -7.69248907e-01
   -1.92047391e+00   6.60147849e-01   4.81892456e-01   1.17281700e+00
    5.31497435e-01   1.32933087e+00  -1.25170818e+00  -6.05813136e-01
    9.73520585e-02  -7.71614547e-01   4.33387875e-01   2.00907620e-01
    1.20657912e-01 
   -9.57113945e-01   3.89050552e-01  -9.77233296e-01   1.29590891e+00
   -9.94731022e-02   1.62879733e+00  -4.12539026e-01  -6.00004607e-01
   -2.80755896e-01  -1.41020884e+00  -7.10355460e-01   3.51917916e-01
    8.78464815e-01   4.76520835e-01  -7.75067657e-02  -4.19409762e-01
    3.71640370e-01 
    3.63067526e-01   1.84430499e+00   7.44956517e-01   3.38253789e-01
   -8.80657289e-01  -2.62737304e+00   7.44879062e-01   2.08803424e+00
    8.72696587e-01  -7.31676284e-01   3.83048245e-01  -6.74967354e-01
   -7.63000589e-01  -2.77022492e-01   3.37661545e-01  -3.42772707e-01
   -2.15735600e-01 
   -1.98745827e+00   3.42751130e-01   1.09080939e+00  -6.09086870e-01
    1.04036422e+00  -6.22741142e-01  -2.13824397e-01  -3.73191856e-01
    1.26137266e+00  -9.12375081e-01   3.33008892e-01  -1.37699412e+00
    1.52319202e-01   5.71152552e-01  -4.49152818e-01   6.61816955e-02
    5.84558067e-01 
   -7.00385604e-01  -1.49301713e-01   5.19480400e-01  -8.65258028e-01
    1.55171668e+00  -1.14700194e+00   1.56532090e-01   1.52062255e+00
   -1.50337746e+00  -7.55362579e-01   8.55537829e-01   3.37237683e-01
    6.18222573e-01  -4.37122891e-01  -2.91457720e-01  -6.06973115e-02
   -3.29065990e-01 
   -1.24299427e+00  -1.28162060e-01  -8.93371527e-01   1.76786931e+00
   -7.66504576e-01   4.96494018e-01   3.56768791e-01  -7.20925147e-01
    1.62415442e+00   1.52864759e+00   8.63618808e-01  -1.19871513e+00
    2.61597495e-02  -6.89643234e-01   3.83659492e-01  -4.40130190e-01
   -3.45156165e-01 
    1.63807488e+00   1.09495188e+00  -1.07243231e+00  -2.65679514e-01
   -1.55477725e+00  -1.76644021e-01   1.01390595e+00   2.93145919e-01
    7.27658417e-01  -1.84013899e+00   1.56618519e+00  -3.95515832e-01
   -5.22654730e-02  -8.09466716e-02  -9.25827636e-02  -1.99264819e-01
   -1.54901605e-01 
    9.59957379e-01  -1.56788236e-01  -1.26521535e+00  -3.62137403e-01
   -1.20707255e+00  -4.49767898e-01   1.41917894e+00  -1.99045315e+00
    9.53252422e-02  -2.01088765e-01   9.38092572e-01   1.21629448e+00
    1.32769205e-01   8.91976134e-01   4.14404557e-01  -1.98691210e-01
   -5.26231489e-01 
   -6.45928165e-01  -8.03208320e-01   1.54630000e+00  -3.00016847e-01
    1.10219271e+00   1.00630744e+00  -1.29863452e+00  -6.12643456e-01
    1.27752393e-01  -5.98481727e-01  -1.81035209e+00   7.26267035e-01
    1.04420408e+00  -6.02728282e-01   1.18266977e-01   9.93565221e-01
   -1.24524890e-01 
   -4.26185307e-01   1.79058362e+00   9.99974140e-01   1.29996524e-01
    6.51989055e-02   1.40638129e+00  -9.08831115e-01  -4.68981559e-01
   -8.07631864e-01  -1.94410146e-01  -5.02502460e-01  -4.12228029e-01
   -6.66386316e-01   4.33614663e-01  -1.72377972e-01   2.44771768e-01
   -3.50487462e-01 
    2.17805912e-01  -1.31837758e+00  -5.92495797e-01   8.48669782e-02
    7.45890552e-01   2.12542778e+00  -4.94146743e-01   6.85780527e-01
    5.83837886e-01  -1.17349533e+00   7.59930284e-01  -4.34420272e-01
   -8.79534383e-01   1.70079452e-01   7.17640639e-01  -8.33521954e-01
    3.68978145e-02 
   -1.56885473e-01   1.10357862e+00   4.56629735e-01  -3.99748804e-01
    3.47973872e-01  -8.43999456e-01  -1.86879513e+00  -1.53489994e+00
    2.96681726e-01  -3.49820311e-01   1.08936093e-01   4.50677765e-01
    6.04185763e-01   3.52770260e-01  -1.53856498e-01   4.65393699e-01
    3.14340141e-01 
   -1.18384022e+00  -1.22294998e-01   2.14539709e+00   1.27715674e+00
    4.64560217e-01   3.95303972e-01  -7.50215582e-01  -7.55733269e-01
   -3.17792056e-01   4.50160012e-01  -9.52086532e-01  -5.13641765e-01
   -8.40870891e-01   5.88621424e-01   3.64653299e-01   2.79206711e-01
    1.86880247e-01 
    1.13772719e+00   9.83541444e-01  -6.78193761e-01  -3.11006440e-01
   -5.09922985e-01   1.25207894e-01  -7.19088486e-01  -1.07308680e-01
    1.04653808e+00   9.23429825e-01  -1.38284713e+00  -9.75477714e-01
   -1.56423077e-02  -8.57097779e-01   1.12422136e+00  -2.15229923e-02
   -3.14266597e-01      2.44764377e+00  -3.58174982e-01  -9.33368957e-02  -1.82189716e+00
   -3.00486989e-01   2.64890568e-01  -2.81173016e-01  -6.43903948e-01
    2.43348310e-01   1.53560486e+00   2.50207480e-01  -1.97407741e+00
   -7.84398192e-01   3.13908773e-01   1.91283724e-01  -1.34411328e+00
   -5.91938351e-01   4.31036295e-01  -1.76232669e-01   8.78854199e-01
   -5.87089131e-01   2.42197497e+00   5.12686540e-01   1.55266384e+00
   -2.38321841e+00  -8.93845291e-01   4.86563561e-01   2.78957142e-02
   -3.83939643e-01  -7.45570383e-02   1.09327957e+00  -1.43802782e+00
   -2.01638224e-01 
    3.21439011e-01   1.64343649e-01  -3.66243687e-01   5.15815206e-01
    8.21969805e-01  -3.17433262e-01  -1.30481472e+00   7.49347898e-01
   -1.75205370e+00  -9.38036914e-01  -9.85648249e-01   5.33943019e-01
    1.74851927e+00   4.90366334e-01   1.83198421e+00   5.22324109e-01
   -3.84650480e-01  -6.86208648e-01   1.92246887e+00  -1.11147789e+00
   -1.77829248e+00   1.22148094e-01  -1.76885824e-01   5.14303314e-01
   -1.70485617e+00  -1.16742469e-01   9.34386867e-01  -2.47442059e+00
    1.27516744e+00  -1.27448384e+00  -1.10443953e-01  -1.00494588e+00
   -2.03842694e-03 
    7.82183060e-01   4.50131612e-01   1.95597092e+00   2.92832918e-01
   -1.68368278e+00  -4.23333447e-01  -1.18598981e+00  -9.95665818e-01
    1.22053977e+00   1.17015550e+00  -6.06893677e-02  -6.93504602e-01
   -1.02475405e+00   7.60250737e-01   8.39518416e-02  -7.15866037e-01
    2.25685404e+00  -5.16587559e-01  -9.79003711e-01   8.61340215e-01
   -1.17485320e+00  -1.32185344e+00  -6.14530774e-01   1.10111078e+00
    1.09630253e+00   1.62128866e+00  -1.85298278e+00  -1.05205541e+00
    1.15410380e+00  -6.93448356e-01  -2.60216813e+00   7.22455985e-01
   -4.50087432e-01 
   -5.66612846e-01   8.81085864e-01  -1.05701903e+00  -8.09519125e-01
    6.83778873e-01   8.75606143e-01   1.10666208e+00   1.28585201e-01
    2.88095952e-01  -8.83851687e-01   1.74605969e+00  -2.00377353e+00
    8.19148962e-01  -5.19692807e-01  -2.45016648e+00   8.04833716e-02
    2.97397394e+00  -4.13136726e-01   1.28152137e+00  -1.55969073e+00
   -1.10643499e+00   8.18358943e-01   9.87180803e-01  -2.17829814e+00
    6.14977365e-02   4.18325222e-01   5.11500402e-01  -9.48269317e-02
   -4.07568896e-01   4.79654907e-01  -1.58296528e+00  -4.72241627e-02
   -4.49117445e-02 
   -7.09638298e-01  -7.30400153e-01  -1.39823791e+00   2.10273541e-01
    1.38355071e-01   4.37163660e-02   5.14488580e-01  -6.03847789e-01
   -4.15103563e-01  -2.04491448e+00   1.21360096e+00  -3.89578685e-01
   -4.93853448e-01  -2.08190922e+00   2.07596047e+00  -2.79070002e-01
    3.37241003e-01  -1.38509868e+00   2.42515538e+00   3.17748299e-02
    1.73453636e+00  -8.96318290e-01  -2.26220651e+00   1.63521223e+00
    1.45168739e+00   1.48066636e+00  -1.31620694e+00  -3.52847675e-01
   -1.15787359e+00  -6.31383270e-01  -4.99291141e-01   5.21948861e-01
    8.96837513e-02 
    1.42622373e-01   7.78064971e-02   6.69725130e-01   9.58747855e-01
    7.99226257e-01  -3.03568845e-01  -1.34370227e-01  -2.66232220e+00
    6.41983511e-01   1.31007894e-02   9.84737964e-02  -2.20997540e-01
   -2.81316955e-01   1.70952182e+00  -9.50644529e-01  -1.04853985e+00
   -6.35169319e-01   6.34740259e-02  -5.27590750e-01  -2.08562781e+00
    3.58075871e+00   4.62464980e-01   8.64184242e-01  -1.55190026e-01
   -3.20869192e-01   2.02876648e-01  -1.29029042e+00  -1.20258306e+00
   -2.61504877e+00   8.45235401e-01  -5.13257342e-01  -1.16543368e-01
    1.41528846e-01 
    4.11293975e-01  -1.32041578e-01   1.00221688e+00  -1.32957443e+00
   -5.26374333e-01  -6.97223929e-01   1.23826168e+00   7.66746832e-01
   -1.89061425e-01  -2.12493549e+00  -3.52975772e-01   1.32325779e+00
    2.91885792e+00  -9.11155477e-01  -4.69877821e-01  -3.03503989e+00
   -6.94247768e-01  -5.87358957e-02  -6.95084756e-01   6.27296759e-01
   -9.48962097e-01   5.68341093e-02  -3.39614731e-01  -4.09139645e-01
   -1.49293660e+00  -1.54841159e+00   8.86829125e-01   7.14754096e-01
   -1.61037492e-01   2.28013257e+00   5.57419354e-02   6.33737104e-01
   -1.62199297e-01 
   -6.51572190e-03  -6.80592672e-01   1.77964604e+00  -3.63894496e-01
    9.10119468e-01   9.80369985e-02  -7.27413003e-01   2.68629158e-01
    2.28984181e-01   5.19721831e-02  -3.12362366e+00  -2.71254665e-01
   -5.05119611e-01  -3.75426923e-01  -4.44133617e-01   2.02386742e+00
   -1.48811958e+00  -6.04900110e-01  -1.63402109e+00   3.20411916e-01
   -2.28762341e+00  -4.62569155e-03  -2.20196210e+00   2.20073547e-01
   -3.10505445e-01   1.92799166e+00   8.14989788e-01   5.80872647e-01
   -1.45315112e+00   1.55347876e+00   4.04001253e-01  -3.01374340e-01
   -1.97407028e-01 
   -1.16338123e+00   1.56438840e+00   7.68048639e-01   6.76105903e-01
   -1.56346333e+00  -1.04579827e-03   8.41393412e-01  -1.95315065e+00
    1.20934413e+00   1.29831144e-02   1.93964422e-01  -1.18533721e+00
    7.23004718e-01  -1.15330832e+00   1.71410388e+00   1.50300997e+00
   -8.27401792e-01  -1.32522574e+00  -4.73403599e-01   5.64425533e-01
   -1.05375323e+00  -1.13326572e+00   1.65466795e+00  -1.73890072e+00
   -6.20985220e-01  -4.50783515e-01   6.73327115e-02   6.84027224e-01
   -6.65297757e-01  -1.88206379e-01   8.02818088e-01  -1.37887984e+00
   -4.09567366e-01 
    6.51751451e-01  -2.68556736e-01  -3.50107318e-01  -8.36807369e-01
   -1.33379617e-01  -9.54632640e-02  -5.27760837e-01  -1.95309661e+00
   -1.64902027e+00  -1.52606984e+00  -1.38521083e+00   7.99153116e-01
   -1.29655976e+00  -1.31294309e+00   2.65498063e-02  -1.81807132e-01
    7.62241643e-01   8.40760491e-02  -1.62805204e+00   1.43472415e+00
    8.60307060e-01   9.95677867e-01   9.28074310e-01  -2.06541819e+00
    2.10553666e+00  -3.21395031e-02   8.29875699e-01  -2.77005928e-01
    1.55050569e+00   1.18176527e-01  -7.44270910e-02  -1.22294770e+00
    1.25092899e-01 
   -7.29782198e-01  -1.42556395e+00   2.09966367e-01   5.16176397e-01
   -5.45589724e-01   5.76403886e-01  -6.67887215e-01  -1.89109136e+00
   -7.70521517e-01  -1.01049537e-01   8.39424095e-01   7.11142516e-01
   -2.23707976e+00   1.57759710e+00  -2.13000347e-01   2.12326199e-01
    8.06228442e-01  -8.21128442e-01   5.16083867e-01   1.31430843e+00
   -4.39602378e-01  -6.66210617e-01  -8.39918623e-01  -1.94223572e+00
   -1.49356520e+00  -1.41652774e+00   2.25841159e+00   6.07107232e-01
   -6.12274328e-01  -4.90131730e-01   9.24926586e-01   1.65982644e+00
   -2.48966510e-02 
   -1.33983630e+00   2.69815754e+00  -6.83657449e-01  -1.98200137e+00
   -1.46659358e+00  -5.23295287e-01  -7.70045145e-01   3.96283968e-01
    8.61704288e-01  -1.74236583e+00  -1.89392323e+00  -7.15119476e-02
   -8.24023188e-01   1.36403856e+00   3.52712316e-01   1.15496738e+00
   -6.32738908e-01  -4.72557339e-01   5.03448967e-03  -4.26574188e-01
    6.55251972e-01   1.47306991e+00  -3.21114236e-01   5.25835471e-01
    8.79297519e-01  -1.73831441e+00  -7.83578418e-01   1.11047427e-01
    4.77359743e-01  -4.79987889e-01   6.89667756e-01   9.47970802e-01
   -2.30381331e-01 
   -3.96126735e-01  -3.70357330e-01  -1.87585749e+00  -1.27521226e+00
   -1.57424912e+00   4.43132771e-01   3.31442932e-01  -2.07065396e-01
   -4.05357803e-02   1.62459079e+00  -3.26903920e-02   1.34745801e+00
   -9.57388587e-01  -5.14406884e-02  -7.26935579e-03  -1.06501376e+00
   -2.62957494e-01  -8.05192636e-01  -9.45917587e-02  -6.00206787e-01
    5.51718751e-01  -5.39628526e-01  -4.45880998e-01  -5.13430238e-01
   -1.23676531e-01  -7.20093808e-01  -9.50531028e-01   2.76928343e-01
    9.90319195e-01  -9.27438825e-01   1.19658337e+00  -3.71740690e-01
   -1.52974048e-01 
   -2.91423102e-01  -6.34140722e-01   4.34512465e-01   1.20007993e+00
   -1.52862662e+00   7.72847901e-01  -2.60139375e-01   3.94711297e-01
    5.59179379e-01  -5.01030321e-01  -9.30463953e-01   7.24426010e-02
   -1.41894768e+00  -2.88867297e-01  -1.84442391e+00   1.31472331e+00
   -1.97543553e+00   2.88005519e-02   5.24566855e-01  -5.06203100e-01
    4.49301127e-01  -5.37286982e-01   7.94303724e-01  -2.66484616e-03
    2.30556254e-01  -1.58359640e+00   7.76038808e-01  -9.18825556e-01
    2.08528109e-01  -6.03396362e-01  -4.38499693e-01   4.02106339e-01
   -3.07178561e-01 
   -6.17330004e-01   9.07594028e-01  -8.76376132e-02  -7.01238605e-01
   -8.85277589e-01  -1.91367958e-01   3.19089497e-01   5.94638611e-01
   -2.41840651e-01  -5.71557762e-03  -6.92819450e-01  -4.06769579e-01
    1.04381692e-01   2.04491447e-01   6.03744927e-01  -5.93018707e-01
    3.04770879e-01   3.38532737e-02  -5.38426249e-01   3.81964666e-01
   -8.90453623e-02   5.72667352e-01  -1.21577848e-01  -4.21448270e-02
    4.26261915e-01  -9.54894240e-01  -2.21064524e-01  -3.92740270e-02
   -2.90831436e-01  -4.52331396e-02  -8.55502517e-01  -1.04835132e+00
   -6.69149105e-01 
   -3.80947903e-01  -5.20001030e-01  -8.09620823e-01   1.80763280e-01
    2.58500654e-01   4.55462390e-01  -1.72089086e-01  -2.61416019e-01
    5.16746070e-01   3.89234899e-01  -3.31128703e-01   4.34479130e-02
   -5.89757728e-01   1.09126368e-01  -3.93223815e-01   1.88320758e-01
    4.46961224e-02  -7.75277388e-01  -3.35299546e-01   4.69656408e-01
   -5.28561124e-01   6.49659529e-02  -2.75214805e-01  -8.57818117e-01
   -1.29955025e-01  -7.48464735e-01  -8.30123839e-01  -3.77482803e-01
    3.31914785e-01  -1.71118963e-01  -7.10087717e-01  -7.43768817e-02
   -4.12571044e-02  