NN 16 32 16   -3.65494073e+00  -9.77127123e-01  -2.04749818e-02   5.15573967e-01
    2.29714922e+00  -1.03173879e+00  -1.87071282e+00  -2.05957073e+00
    3.04499143e+00  -1.23307149e+00  -1.89363939e-01   2.83986319e-01
    8.39375729e-01  -2.60681856e-01   2.12629056e-01  -5.20048701e-01
   -8.59965609e-01 
    6.20879395e-01  -5.04046060e-01  -4.45806172e-01  -2.13153442e-01
    1.11262474e+00  -4.54829373e-01   2.27919084e-02   5.44545035e-01
   -2.55872864e+00   6.36723648e-01   2.13227202e+00  -3.66918435e+00
    6.84689985e-01   6.88184832e-01  -1.94827721e+00   1.28754130e+00
    5.53791627e-01 
   -9.21501435e-01   1.25650421e-01  -2.56089524e+00   8.38582105e-01
    2.51239398e+00  -1.92100648e+00  -5.76791324e-01  -6.47320356e-01
   -1.05165766e+00   5.01995029e-01  -1.22182666e-01   1.86336617e-01
    1.44348145e+00  -8.01609433e-01  -2.55482755e-01   1.94677198e+00
    1.02983646e-01 
    1.60978255e+00  -7.60994696e-01  -1.36301616e+00   1.04142499e+00
    4.58740994e-02  -1.10600774e+00   8.01466135e-01  -2.86414473e-01
   -1.48333228e+00   7.92736025e-01  -1.50488158e+00   1.67671252e+00
    1.70663491e+00  -1.57426450e+00   1.13023048e+00  -1.87486403e+00
   -2.38078217e-01 
   -3.33784442e-01  -1.46429275e+00   1.48644220e+00  -1.17633427e+00
   -2.84681609e-01  -5.87963689e-01   6.90660104e-02  -2.09292302e+00
    1.12270701e+00  -5.05084932e-01   2.75313928e-03   1.93889944e+00
    1.51095227e+00   2.10976027e+00  -1.60062274e-01  -1.49201351e+00
   -7.58254295e-01 
   -3.74767670e-01   1.20362043e+00   1.72007057e+00  -1.23553675e+00
    7.00066674e-01   1.25297532e+00   1.92242961e+00  -3.17274937e-01
   -7.40435741e-02  -2.30014704e-01  -1.94970211e+00   4.69540212e-01
   -7.83226420e-01  -1.36559905e+00  -3.76040844e-01  -9.82797971e-02
    6.39452607e-02 
    7.24450109e-01   1.51921792e+00   1.51128839e+00  -1.82942190e+00
   -1.17449897e-01   6.78546688e-02  -1.80239671e+00   1.24955271e+00
   -5.83402979e-01   4.95180474e-01   7.60198906e-01   2.95836634e-01
   -1.88704523e-01  -4.06403878e-01  -1.39707405e+00   8.11641209e-01
   -6.71660489e-01 
    6.83372200e-01  -1.25811705e+00   1.17026221e+00  -4.01216903e-01
    5.75666981e-01   3.99063599e+00  -2.07556070e+00  -1.75225308e-01
    2.28563470e+00   2.21361972e+00   4.56820088e-01  -5.67692864e-01
   -6.62233815e-01  -2.58978923e+00  -1.31661173e+00  -1.08660739e-01
   -6.83303261e-01 
    1.14751430e-01   2.64073533e+00  -9.66986900e-01  -8.07691404e-01
    7.76173251e-01  -1.32527820e+00  -1.11232029e+00  -8.69636960e-02
   -1.59773919e+00   2.36147275e+00   1.37992622e+00  -1.20449446e+00
    7.84000104e-01  -1.70182664e+00   1.32550440e+00  -1.52657146e+00
   -1.30300370e-01 
   -1.34703160e+00   6.98644564e-03  -6.44627517e-01   1.24661763e+00
    1.77566703e+00  -8.40431868e-01   1.19465456e+00  -7.66604869e-01
   -9.14020054e-01   1.11102304e+00   5.60782848e-01   1.93111497e+00
   -2.56275920e+00   5.96933355e-01  -4.68874068e-01  -1.23822859e+00
    3.94937554e-01 
   -4.37219855e-01   4.65122409e-01  -5.45587753e-02  -2.74852762e+00
   -1.97516726e+00  -1.36972804e+00   2.43171979e-01   3.99964371e+00
   -1.07265656e+00   6.82605907e-01  -6.66857845e-01   2.95427725e+00
   -8.91859919e-01  -2.29597510e-01  -1.87871639e-02   7.47356022e-02
   -5.32876137e-01 
    2.79561554e+00  -8.27251072e-01   2.32864683e-01   1.91165809e+00
    1.60559316e+00  -5.17227242e-01  -1.24470514e+00   7.51228836e-01
    2.36824145e-01  -1.10490054e+00   4.08266758e-01  -4.55149061e-01
   -2.86605611e+00   4.05076626e-01   9.55630380e-01  -8.55000071e-01
   -1.43320305e-01 
   -2.30984421e-01  -2.06089426e+00   1.30676850e+00  -2.15064630e-02
    4.25007356e-02   2.32450510e-01  -3.36901200e+00  -2.85923655e-03
   -1.76917050e+00   1.05239399e+00   2.92121466e+00   2.10670080e-01
   -4.21421493e-01   1.22659137e+00  -6.70990455e-01  -6.87880627e-01
   -1.26477786e+00 
   -4.05047722e-01   3.01477589e-01  -5.63076285e-01   7.54784085e-02
    2.15343620e+00  -1.91008147e+00   7.59873360e-01   8.15178562e-01
    1.00419379e+00   1.54349275e+00  -2.32456401e+00  -1.79586441e+00
   -9.57971428e-01   3.39364678e-01  -4.08790478e-01  -1.73454971e-01
   -1.57729106e-01 
    1.45440908e+00  -1.78625681e+00   5.32216614e-01   2.82221826e+00
   -2.22573504e+00   8.19662334e-01   4.51919919e-01  -9.45721347e-01
   -1.64254437e+00  -5.70832146e-02  -2.63019285e-01  -2.62498953e-01
    7.40126302e-01   2.33665833e+00  -2.01475587e+00  -1.07535179e-01
    5.93232258e-01 
    1.44569158e+00  -9.39022477e-01  -1.89909384e-01   6.26809136e-03
   -1.49724680e-01  -2.32747729e-01   3.03180953e+00  -2.88132678e+00
   -1.32436969e+00  -7.88928780e-01  -3.79178144e-01  -8.46723736e-01
    1.34482463e+00  -1.77647688e+00   9.04372291e-01   5.37610564e-01
    5.48448356e-01 
    1.52071885e+00   6.92266042e-01  -3.08460108e+00  -4.03674988e+00
    9.00305632e-01   8.87626035e-02   9.42924461e-01   1.52681462e+00
    8.00410964e-01   1.68189632e-01  -8.76023090e-01  -1.11831861e+00
   -3.02102515e-01   1.76198287e+00  -5.06268259e-01   1.06457207e+00
    2.33768933e-01 
   -1.43817022e+00   4.02976618e-01  -2.49350696e-01   1.62609536e-01
    6.79033138e-01  -1.50046494e+00   1.07208848e-01   1.99427089e-01
    1.47837694e+00  -9.13645739e-01   1.00791389e+00   7.21770538e-02
    8.52146585e-01  -1.05336795e+00  -6.82136501e-01   1.13421272e+00
   -6.78622102e-01 
   -1.15044743e-01  -2.31482504e+00   2.19858332e+00  -1.99158038e-02
   -2.35653790e+00   4.22119515e-01  -1.51539266e-01   1.56068457e+00
    2.36921425e-01   1.60522342e+00  -1.53725565e+00  -3.52633060e-01
    6.41364846e-01  -1.07886967e+00   6.95476429e-01   7.11302961e-01
    2.03419455e-01 
   -1.31765340e+00   6.02483667e-01  -7.14656921e-01   2.02587742e+00
   -7.39807808e-01   1.84413490e+00   1.05395811e+00  -1.60931056e+00
   -1.66749261e-01  -1.72002418e+00  -6.37327365e-01   7.09319569e-01
    1.83025570e+00   2.20769975e-01  -1.76731482e-01  -2.11208665e+00
    4.19276467e-01 
   -5.63476422e-02   2.66927018e+00   9.84339975e-01  -5.77057419e-01
   -2.85374115e-01  -4.53588220e+00   1.15146865e+00   3.33109526e+00
    1.39340608e+00  -2.11526328e+00   6.37082280e-01  -2.83533314e-01
   -5.43783561e-01  -6.85511971e-01   6.53741099e-01  -2.99581568e-01
   -2.96262173e-01 
   -2.55711093e+00   9.18431325e-01   1.86698479e+00  -2.56244838e-01
    1.55781343e+00  -8.93049925e-01  -1.09220956e+00  -5.56219218e-01
    2.25379592e+00  -1.29761989e+00   2.36162745e-01  -1.79993912e+00
    5.11268272e-01   4.32847320e-01  -1.15752083e+00  -4.71634114e-01
    5.78770866e-01 
   -2.82763047e-01  -5.55794961e-01   6.03281404e-01  -8.78074116e-01
    2.22438438e+00  -1.30981414e+00   7.83621902e-02   2.27387916e+00
   -2.51413663e+00  -7.26128554e-01   1.27419673e+00   7.87740514e-01
    4.96115164e-01  -7.46390676e-01  -4.15063679e-01  -1.02045904e+00
   -3.32114566e-01 
   -2.03722723e+00   2.82415046e-01  -1.35696743e+00   2.00790821e+00
   -9.40603845e-01   8.92824890e-01   7.34605115e-01  -6.37220507e-01
    1.03625591e+00   1.51964387e+00   1.64747607e+00  -1.75834280e+00
    7.36989108e-01  -1.31415025e+00   5.50672101e-01  -2.19553044e-01
   -6.29729608e-01 
    1.84484756e+00   1.64626545e+00  -2.06491870e+00  -6.99424105e-01
   -3.47454008e+00  -1.06745102e+00   9.81774042e-01   7.14058671e-01
    1.36500520e+00  -2.42429243e+00   1.95140630e+00  -1.47694729e-01
    6.42644629e-01  -2.51226712e-01  -6.54217889e-01   2.15913431e-01
   -5.53933894e-02 
    1.75688869e+00   7.81621940e-02  -1.83172749e+00  -1.43032109e-01
   -1.08485304e+00  -4.36676903e-01   2.76811579e+00  -2.89673643e+00
   -1.79453573e-01  -2.36726868e-01   2.39756639e-01   8.84269455e-01
   -2.74677636e-01   1.28852079e+00   7.97264698e-01   1.08627196e+00
   -5.88323131e-01 
   -6.19255712e-01  -6.18357807e-01   2.00796802e+00  -4.56227932e-01
    1.52419052e+00   1.77093026e+00  -3.06449067e+00   1.62631702e-01
    2.12507181e-01  -8.33162300e-01  -3.19007844e+00   2.58931353e-01
    1.83698841e+00  -1.40253139e+00  -9.85573721e-02   2.89917995e+00
   -2.98603402e-01 
   -7.87252057e-01   2.64135259e+00   1.31224544e+00  -8.94640385e-02
   -1.31635836e+00   2.02811015e+00  -4.34930648e-01  -1.01998227e-01
   -9.77521217e-01  -2.07350892e+00  -2.63272646e-01  -9.93380259e-02
   -8.82841626e-01   5.95170065e-01  -7.10221510e-02   7.47413382e-01
   -5.07776393e-01 
   -3.84046362e-01  -1.12219235e+00  -1.08302624e+00   1.59635974e-01
    1.05067613e-01   2.48228749e+00  -7.64802467e-01   8.07904935e-01
    2.85652783e-01  -2.57610255e+00   1.33822447e+00  -2.18373732e-01
   -1.36153170e+00   2.75412172e-02   2.96215378e+00  -1.45092055e+00
    6.23640625e-01 
   -2.64569669e-01   2.12204791e+00   2.58066250e-01  -7.99914833e-01
    9.22527604e-01  -1.58499572e+00  -2.41462436e+00  -1.43368221e+00
   -4.03741746e-01  -8.64903833e-01  -1.63473336e-01   9.54915625e-01
    7.39283190e-01   4.64403845e-01   6.73656073e-02   1.00390829e+00
   -6.12909260e-02 
   -9.95530007e-01   1.53588538e-01   2.67012680e+00   1.48369926e+00
    1.04814816e+00   3.43175141e-01  -2.11311427e+00  -1.24769259e+00
   -7.43817713e-01   7.81071092e-01  -1.94133176e+00  -1.45444334e+00
   -1.68151892e+00   1.44751352e+00   1.51435333e+00   1.06775830e+00
    2.25844321e-01 
    1.37628273e+00   9.26544193e-01  -1.09620699e+00  -1.99200910e-01
   -8.58846975e-01  -2.91227033e-01  -5.02096247e-01  -5.28166931e-01
    1.68238471e+00   1.47361564e+00  -2.34762911e+00  -1.94411425e+00
   -5.13068752e-01  -1.65806293e+00   2.36655170e+00   7.57757947e-01
   -5.50076345e-01     3.44202077 -0.99428173  0.20488363 -2.01032807 -0.80111082  1.24422121
  -0.74395587 -1.09305635  0.49509661  0.85192167  0.24939165 -3.12155775
  -0.90120856  0.33805757  0.84775204 -1.58799795 -0.20105818  0.15701465
   0.23963377  0.22922083 -0.23539451  1.95584648  0.53966967  2.02888554
  -1.52609583 -0.77203095  0.35735734 -0.24201447 -0.31587426 -0.42477379
   0.18528705 -1.40884719 -0.20269725 
   0.59518526  0.5166099  -0.31649482 -0.18198066  0.95716734 -0.20985428
  -1.42894565  1.04299719 -2.239818   -0.17741429 -1.03427143  0.06754193
   1.27081733 -0.40308498  1.60860693  0.16272229  0.0287035  -0.8908105
   2.0760571  -2.053634   -1.48662176  0.20567937  0.45115659  0.06459283
  -1.38499229  0.71301332  0.71856779 -4.189365    1.37767871 -1.76532926
  -0.00528921 -1.39466663  0.18047615 
   0.63627585  0.03781411  2.86584278  1.03366807 -1.86622443 -1.68765321
  -0.94158676 -0.98989208  1.54551319  1.17132679  0.41039166  0.57978809
  -2.17963502  0.10859836 -0.3736536  -1.29947     2.21323178  0.10406423
  -1.3990232   1.18427458 -1.21411192 -2.48382519 -1.14556202  1.26202782
   1.27888412  0.83954263 -2.32525279 -0.56026059  1.97961116 -0.24178573
  -2.29907213  0.8451258  -0.2960402  
  -1.4372445   0.44060048 -1.42270003 -0.93894146  1.81386655  1.40192022
   1.18850486  0.13668545  0.47721    -0.80396042  2.69524269 -2.04713826
   0.52871102 -0.92737414 -3.11902389  0.19989864  3.9380512  -0.18927123
   0.3026307  -2.10081625 -0.95753381  0.54339191  0.80817549 -2.87377806
   0.62047233  0.69887424 -0.13888267  0.10379163 -0.34701213  0.27354159
  -1.74538242 -0.57180528 -0.08617002 
  -1.72843641 -1.17892634 -2.19554427 -0.5203059   0.29191915 -0.31002397
   0.03782476 -1.19232791 -0.29326126 -2.60473519  1.40476105 -0.51899667
  -0.05346372 -2.41577352  2.82390938 -1.62623725 -0.22662996 -1.39938687
   2.5493169  -0.01204225  1.3335083  -1.33925239 -3.10138599  2.1708991
   2.0777706   1.43063157 -1.48292723 -0.14679354 -0.50722823 -0.30430135
  -1.1156279   1.58707256 -0.11283407 
  -1.29132313 -0.2238559   0.67847969  0.61389072  0.96438835 -0.64771606
  -0.41237091 -3.61014907  1.07221828  0.01466054 -0.17594528  0.44220203
  -0.88362922  1.96543152 -0.87302044 -2.01749591 -1.25671606  0.54069783
  -0.14603267 -2.61998781  4.5470549   0.35586692  0.02338707 -0.04942807
   0.26685358  0.51715214 -1.39276047 -1.6116529  -3.64156318  0.78103178
  -0.24620911  0.34046596  0.02560704 
   0.74063369 -1.0656684   0.17085605 -1.08936684 -0.20278397 -2.12325554
   1.10898032  0.72410654  0.31107044 -2.05655172 -0.62327442  2.52055054
   3.04162678 -1.68946995 -1.16450705 -3.8602224  -1.10703318  0.16732899
  -0.33059359 -0.34914882 -0.75669413 -0.24374274 -0.31739021 -0.7131259
  -1.48911985 -1.74468629  1.12008188  0.22115101  0.33215034  2.75389905
   0.6345274   0.18527122 -0.41705936 
   0.05552548 -0.7020218   2.09459479 -0.68351001  1.60161091 -0.20358201
  -0.82181841 -0.14923602 -0.25941966  0.44705218 -4.22990595  0.13346445
   0.02940917 -1.68540007 -0.49455392  2.15398636 -2.32925124 -0.53819981
  -2.34422586 -0.48550844 -2.39882514 -0.2658042  -2.7542815   0.05444519
  -0.51293794  3.38940074  0.49916425  0.56237659 -1.54832353  0.89909982
   1.09731826 -0.16969633 -0.90871342 
  -2.0024419   2.40488096  1.16172882  1.29763185 -2.05175898 -0.35055019
   1.25051959 -2.26801223  2.17465943  0.34027018  0.64927099 -1.37637987
   1.20436232 -1.51311756  1.9906614   1.18731949 -0.83012587 -2.2271316
  -0.36756365  0.52427837 -1.39189521 -1.65022345  2.11952098 -1.30990653
  -1.80246138 -0.54682288  0.03910774  0.5832707  -1.24327349 -0.10928722
   1.54728074 -1.82914499 -0.50468801 
   0.92862497 -0.94882137 -0.8568864  -1.28687667 -0.0927611   0.28074912
  -0.90738958 -2.34074739 -2.41255773 -2.57322336 -1.80194086  1.65135745
  -2.45579663 -1.42755051  0.11496907  0.17980018  0.59132354 -0.00995435
  -2.10276771  1.76118092  1.27044071  1.1985546   0.57688561 -2.63054415
   2.60339219 -0.64256252  1.92944363  0.39455094  2.32498298  0.36289421
   0.03235334 -1.73400222 -0.29450485 
  -0.18457759 -2.73590537  0.32665464  0.85535239 -0.61024954  1.23087234
  -1.1271966  -2.212204   -1.59529896 -0.03245014  1.15987892  0.11850154
  -2.63974621  1.86146887 -0.33596251  0.20166412  0.55544171 -1.26038928
   1.01669766  1.65619874 -0.78675366 -1.29287799 -1.31948919 -2.60811897
  -1.67966063 -1.59962522  3.35938231  1.02411605 -1.12119409 -0.41908129
   1.56201705  2.46146325 -0.42718534 
  -1.30061303  4.22924239 -1.23197618 -2.53076437 -2.02659384 -1.21793636
  -1.11373423  0.01407817  1.07340661 -2.27508961 -2.60600521  0.30471905
  -0.7044      1.26715933 -0.1099501   1.62394915 -0.76174591 -0.47435553
  -0.09804705 -0.85632241  0.78330513  1.83313013 -0.53328901  0.87322633
   0.66103715 -1.6844772  -1.45191741 -0.04137049  1.03286396 -0.82481002
   1.51700562  1.04651918 -0.59108621 
  -0.43915985 -0.95350972 -2.52222652 -2.03013295 -2.03412213  0.88959046
   0.00614618 -0.20143819 -0.64628764  3.2901996   0.03854841  2.11341177
  -1.02460944  0.23894641 -0.45681533 -1.28945948 -0.09689828 -1.11448924
  -0.41362462 -1.39987895  0.34434838 -0.41332827 -0.89226659 -0.72473976
  -0.00703128 -0.20071547 -1.78082851  0.45193339  1.51435048 -1.20346271
   1.91963022 -0.44389904 -0.23400542 
  -0.29952886 -0.79364633  0.56560071  1.89814217 -2.24333139  1.22149391
  -0.19516451  0.96456448  0.94414915 -0.72286016 -0.85576707  0.05687794
  -1.65109017 -0.70361813 -2.52253017  1.97270765 -2.864169    0.38405437
   0.98674195 -0.8030603   0.76074792 -0.62847762  1.38253854  0.35309448
   0.32849543 -2.03136915  0.93004079 -1.28060737  0.09059282 -1.03390751
  -0.87116779  0.70372161 -0.45686157 
  -0.6062464   1.97802058  0.24446292 -1.09957103 -1.00068084 -0.16830179
   0.92907899  1.41762725 -0.93943369  0.19177505 -0.94530488 -0.70552654
   0.19573311  0.42023824  1.7735776  -1.11050475  0.44619485  0.25031984
  -1.25294887  0.40807739 -0.65671901  0.98806551 -0.28440333 -0.31350787
   0.90413762 -1.28900401 -0.45773527 -0.33125494 -2.30110409 -0.13037182
  -1.76342759 -2.77508574 -0.91414438 
  -0.18646723 -1.68838286 -2.27083727  1.83488163  1.39248882  0.90859477
  -0.43194176 -0.45059213  1.85607295  1.25253722  0.16851307  0.44563347
  -0.14934146  0.24699518 -1.0001304  -0.42653837 -0.1896968  -1.71528432
  -0.86684243  1.60295199 -0.46010164  0.75807571  0.3386206  -1.45438008
  -0.49986925 -1.42461266 -1.59374195 -0.53073026  1.10289635 -0.47747593
  -0.84314154 -0.59597319 -0.13697647  