NN 16 32 16   -3.85557362e+00  -1.01917574e+00  -1.47442374e-01   5.40258273e-01
    2.33050907e+00  -8.39675474e-01  -2.03939538e+00  -2.15065086e+00
    3.41270782e+00  -1.26178876e+00  -2.49502372e-01   1.64033995e-01
    8.87341580e-01  -2.51319801e-01   2.41464377e-01  -5.84840729e-01
   -8.99702418e-01 
    5.83707885e-01  -4.27732688e-01  -3.02341585e-01  -1.33586346e-01
    1.18402880e+00  -3.98287391e-01   3.39206305e-01   4.75766582e-01
   -2.67638377e+00   8.41891315e-01   2.07657694e+00  -3.84225563e+00
    8.53243655e-01   8.07422090e-01  -2.07537923e+00   1.40458872e+00
    6.80058230e-01 
   -1.00207734e+00   7.47154800e-03  -2.66454530e+00   9.60202261e-01
    2.59011458e+00  -1.85421379e+00  -7.06383565e-01  -6.81684832e-01
   -1.05664577e+00   4.17229046e-01  -4.07213938e-01   2.02976577e-01
    1.42685432e+00  -7.86142348e-01  -2.90085834e-01   1.99544601e+00
    1.11566101e-01 
    1.56493616e+00  -7.29660483e-01  -1.37321945e+00   1.10761993e+00
    1.15307030e-01  -1.15976289e+00   7.75201308e-01  -4.28716235e-01
   -1.65524296e+00   8.18172538e-01  -1.54724976e+00   1.73773124e+00
    1.73450957e+00  -1.62008894e+00   1.21214132e+00  -1.94459403e+00
   -2.18412975e-01 
   -1.06043011e-01  -1.60651814e+00   1.40076144e+00  -1.20105816e+00
   -2.17867339e-01  -5.77562635e-01  -7.86518811e-02  -2.04591097e+00
    1.21619939e+00  -6.27747784e-01   1.49414019e-01   2.08710912e+00
    1.52975580e+00   2.18789489e+00  -1.73680014e-01  -1.49557903e+00
   -7.27500794e-01 
   -4.26349998e-01   1.13177311e+00   1.87916475e+00  -1.34772526e+00
    7.43620971e-01   1.20252516e+00   1.97155340e+00  -4.17623540e-01
   -2.14623315e-02  -2.11695498e-01  -1.95884405e+00   4.97380246e-01
   -8.44622802e-01  -1.45634305e+00  -4.94091689e-01  -1.11522690e-01
    2.85772507e-02 
    9.18060982e-01   1.55360795e+00   1.63516855e+00  -1.87568543e+00
    8.29465029e-03   1.37583018e-01  -1.91605299e+00   1.32064141e+00
   -4.74805020e-01   6.07344571e-01   9.98656957e-01   4.24413141e-01
   -1.00062474e-01  -4.32182995e-01  -1.40204125e+00   8.37162393e-01
   -6.68719816e-01 
    5.77358366e-01  -1.29044105e+00   1.20077507e+00  -3.97031935e-01
    4.96357785e-01   4.15656316e+00  -2.20382111e+00  -4.37979816e-03
    2.41067442e+00   2.19554176e+00   1.82231839e-01  -4.33589825e-01
   -7.32038407e-01  -2.70177804e+00  -1.45120725e+00  -1.34880519e-01
   -7.12700262e-01 
    2.40850316e-01   2.77695281e+00  -7.05448002e-01  -1.04876107e+00
    7.31371451e-01  -1.23994615e+00  -1.06576889e+00  -1.74469336e-01
   -1.65905996e+00   2.45157905e+00   1.41130721e+00  -1.20061162e+00
    9.92918006e-01  -1.74089010e+00   1.51287535e+00  -1.53100625e+00
   -3.54861786e-02 
   -1.30525442e+00  -7.20356650e-02  -6.50836242e-01   1.26548964e+00
    1.76273085e+00  -8.97689043e-01   1.32905837e+00  -8.94248833e-01
   -1.12426631e+00   9.97151269e-01   6.28361031e-01   2.04633275e+00
   -2.76097233e+00   5.19842856e-01  -6.45141901e-01  -1.30780046e+00
    3.67739946e-01 
   -5.20609941e-01   3.88680378e-01   1.06694399e-02  -2.87200675e+00
   -2.20005674e+00  -1.40968224e+00   9.51802606e-02   4.09643328e+00
   -1.44878823e+00   3.83098240e-01  -5.21768171e-01   3.01136066e+00
   -1.12538458e+00  -4.45344888e-01  -1.25211365e-01  -3.41266391e-02
   -6.70876909e-01 
    2.95818595e+00  -8.48775074e-01   2.53490894e-01   1.93287396e+00
    1.44669045e+00  -5.87195121e-01  -1.41150651e+00   5.51534913e-01
    2.72131609e-01  -1.31542884e+00   4.06654935e-01  -4.54662368e-01
   -2.99959174e+00   4.23748700e-01   1.04749995e+00  -9.65103589e-01
   -2.27945308e-01 
   -3.83099128e-01  -2.14974426e+00   1.44546300e+00   7.13865731e-02
   -2.73644274e-01   3.37991694e-01  -3.47181468e+00   1.08714895e-02
   -1.68212568e+00   1.14513383e+00   2.97932020e+00   1.34748675e-01
   -4.43886267e-01   1.30321343e+00  -5.97116660e-01  -6.88601042e-01
   -1.27057539e+00 
   -4.70067532e-01   2.56010812e-01  -4.46610112e-01   1.26777793e-01
    2.23617441e+00  -1.96616658e+00   1.02410915e+00   8.90203358e-01
    1.10687113e+00   1.61906264e+00  -2.27095961e+00  -1.78756971e+00
   -1.07646191e+00   3.92363068e-01  -4.30456329e-01  -1.13210424e-01
   -1.35424176e-01 
    1.55990284e+00  -1.81177842e+00   4.80069127e-01   3.00991687e+00
   -2.19528108e+00   7.06537829e-01   4.51063727e-01  -9.47420023e-01
   -1.60363875e+00  -1.19425338e-01  -5.68752942e-01  -2.28142153e-01
    7.97576960e-01   2.38094074e+00  -2.12844410e+00  -1.49114068e-01
    6.07925640e-01 
    1.52039920e+00  -1.10377519e+00  -2.79136799e-01   1.95766399e-02
   -1.16074603e-01  -3.51482012e-01   3.12122366e+00  -3.01033592e+00
   -1.26661011e+00  -9.76685807e-01  -4.87742769e-01  -8.77992360e-01
    1.23847610e+00  -1.92622441e+00   8.98163553e-01   5.57693317e-01
    5.13984405e-01 
    1.48403906e+00   6.24066121e-01  -3.07693071e+00  -4.18809048e+00
    1.09049550e+00   1.33019517e-01   7.98480048e-01   1.58390560e+00
    6.54574486e-01   1.89605620e-01  -8.59010691e-01  -1.03045686e+00
   -3.07463550e-01   1.70361864e+00  -5.23195382e-01   1.15061367e+00
    2.72208696e-01 
   -1.45173073e+00   4.20099873e-01  -2.95482802e-01   2.68740677e-01
    6.61555496e-01  -1.67290150e+00   9.36346558e-02   2.42633945e-01
    1.44805430e+00  -9.63797859e-01   1.22316998e+00   1.37778202e-01
    8.34545387e-01  -1.07834425e+00  -7.31842998e-01   1.14866712e+00
   -7.21453899e-01 
   -1.55979280e-01  -2.43750117e+00   2.33057968e+00  -4.10666275e-02
   -2.36495909e+00   3.71942173e-01  -1.88104601e-01   1.47679656e+00
    1.77829178e-01   1.73786018e+00  -1.61523277e+00  -4.14724929e-01
    5.27228416e-01  -1.06451635e+00   6.73553103e-01   6.91254157e-01
    1.75790821e-01 
   -1.22860969e+00   4.93441607e-01  -8.34882108e-01   2.27442399e+00
   -7.77372202e-01   1.80052043e+00   1.19622337e+00  -1.50430941e+00
   -2.95179214e-01  -1.76761616e+00  -5.49245024e-01   5.98503956e-01
    1.83111349e+00   9.77647641e-02  -2.14170470e-01  -2.27129675e+00
    3.83210855e-01 
   -7.34961630e-02   2.55772917e+00   1.24274505e+00  -5.26080981e-01
   -1.60454718e-01  -4.79680830e+00   1.13378363e+00   3.44019051e+00
    1.33421092e+00  -2.31522294e+00   9.02215170e-01  -2.83128385e-01
   -4.68442650e-01  -7.97396002e-01   7.16249357e-01  -3.47534511e-01
   -3.15271595e-01 
   -2.67102582e+00   8.61245395e-01   1.85146443e+00  -5.12404314e-02
    1.58496808e+00  -9.69002216e-01  -1.40139717e+00  -3.77032842e-01
    2.35370521e+00  -1.17570753e+00   2.83242778e-01  -1.83641561e+00
    5.11937379e-01   4.27620592e-01  -1.21996357e+00  -4.90195601e-01
    5.95145740e-01 
   -4.17554683e-01  -7.97402043e-01   6.56691865e-01  -8.50652095e-01
    2.30331524e+00  -1.28138145e+00   2.54302105e-01   2.34055923e+00
   -2.63249619e+00  -6.30088544e-01   1.20796414e+00   7.77919139e-01
    3.56219675e-01  -9.00694539e-01  -5.72912803e-01  -1.21819326e+00
   -4.55643061e-01 
   -2.05492936e+00   2.57356405e-01  -1.37503019e+00   2.09545116e+00
   -9.90104984e-01   1.15636548e+00   7.78048179e-01  -6.85295865e-01
    9.10757994e-01   1.46443810e+00   1.61119391e+00  -1.81672629e+00
    8.13821174e-01  -1.32658124e+00   5.98309933e-01  -2.88124538e-01
   -6.24293046e-01 
    2.17575925e+00   1.65052900e+00  -1.98186288e+00  -9.46329714e-01
   -3.66234967e+00  -1.30405233e+00   9.73067033e-01   5.03046500e-01
    1.21008893e+00  -2.47116752e+00   2.04891182e+00  -1.92315111e-02
    8.27755342e-01  -2.36546850e-01  -6.41441511e-01   2.55681362e-01
   -2.49071142e-02 
    1.83030822e+00   2.02060572e-01  -1.89587296e+00  -1.35805283e-01
   -1.15149572e+00  -5.41807672e-01   2.82746171e+00  -2.96565937e+00
   -1.60687292e-01  -2.38961259e-01   2.07121087e-01   9.52089438e-01
   -2.32177920e-01   1.32513710e+00   8.03834950e-01   1.21491948e+00
   -5.24608152e-01 
   -6.27482630e-01  -5.12937271e-01   1.90152727e+00  -2.63833619e-01
    1.50486879e+00   2.01786356e+00  -3.42743905e+00   4.49956019e-01
    2.64275409e-01  -8.80048939e-01  -3.32335740e+00   1.99102708e-01
    1.97313180e+00  -1.48893590e+00  -1.31272587e-01   3.07799787e+00
   -3.01427536e-01 
   -6.79620706e-01   2.83755358e+00   1.15996396e+00   1.45626969e-01
   -1.33454326e+00   2.00623053e+00  -6.07484195e-01  -9.92489352e-02
   -9.33961373e-01  -2.24248161e+00  -1.99383645e-01  -6.22104728e-02
   -8.43332374e-01   5.83354860e-01  -9.54780882e-02   7.73488958e-01
   -5.53915020e-01 
   -1.47214780e-01  -1.04032043e+00  -1.26579533e+00   9.05511138e-02
    4.47569089e-02   2.67427069e+00  -7.14069958e-01   7.77206624e-01
    2.90818389e-01  -2.67727175e+00   1.20837062e+00  -2.70686012e-01
   -1.41679782e+00  -1.61357731e-03   3.18927041e+00  -1.49601628e+00
    6.82213685e-01 
   -1.30006478e-01   2.43304396e+00   2.12022979e-01  -9.03599319e-01
    8.97632833e-01  -1.61796262e+00  -2.46561891e+00  -1.40877023e+00
   -4.55444260e-01  -9.90268327e-01  -4.74385992e-02   9.47641183e-01
    7.80926442e-01   4.84921611e-01   1.85384220e-01   1.02416744e+00
   -7.49083583e-02 
   -1.23941087e+00   3.71972683e-01   2.72953494e+00   1.65239933e+00
    8.96622355e-01   3.08265890e-01  -2.07069266e+00  -1.23517622e+00
   -7.42188265e-01   7.32361520e-01  -2.12005711e+00  -1.52122058e+00
   -1.81824356e+00   1.53876798e+00   1.62944168e+00   1.09829964e+00
    1.96392578e-01 
    1.58665327e+00   8.91669190e-01  -9.93503610e-01  -2.76021263e-01
   -7.81319552e-01  -3.44213821e-01  -5.07057577e-01  -5.24116951e-01
    1.86909012e+00   1.64652449e+00  -2.30447627e+00  -1.99494539e+00
   -5.25397472e-01  -1.69906729e+00   2.48693417e+00   8.07797785e-01
   -5.30836193e-01      3.56338221e+00  -9.45072768e-01   3.79437368e-01  -2.01337001e+00
   -8.70391152e-01   1.38513543e+00  -6.21344269e-01  -9.59872538e-01
    6.34489432e-01   7.90935722e-01   3.19861585e-03  -3.17547801e+00
   -7.66389975e-01   5.75528181e-01   9.76941877e-01  -1.61156171e+00
    7.36250311e-03   1.15001609e-01   1.70609532e-01   1.08997125e-01
   -2.95077351e-01   1.86565687e+00   6.34749657e-01   2.22489651e+00
   -1.55898935e+00  -8.01967067e-01   3.96210597e-01  -1.74133937e-01
   -3.06931731e-02  -3.35210016e-01   2.29223761e-01  -1.26776733e+00
   -3.46829271e-02 
    6.33860472e-01   3.97450905e-01  -3.73644131e-01  -1.81263924e-01
    1.10559880e+00  -2.19306068e-01  -1.38887833e+00   8.90405832e-01
   -2.13945819e+00  -1.43209928e-01  -7.05191447e-01  -1.10574824e-01
    1.15757462e+00  -1.61506770e-01   1.59209786e+00   3.69046096e-02
    3.57525560e-02  -9.40069232e-01   2.15426414e+00  -1.99302447e+00
   -1.37262953e+00   3.08162830e-01   4.82053834e-01   2.85635419e-02
   -1.32886038e+00   7.85314343e-01   7.84816538e-01  -4.31190246e+00
    1.34309942e+00  -1.76030568e+00   1.41716382e-01  -1.26046313e+00
    2.83423940e-01 
    5.84762954e-01   4.00331065e-02   2.72803163e+00   1.08943914e+00
   -1.93953261e+00  -1.89718400e+00  -1.06184342e+00  -9.09596142e-01
    1.34952183e+00   1.02697504e+00   3.62847296e-01   6.49003118e-01
   -2.13817122e+00   1.67932731e-02  -4.15975759e-01  -1.16752315e+00
    2.21416670e+00  -8.13326445e-02  -1.38514637e+00   1.29515220e+00
   -1.32233897e+00  -2.56257916e+00  -1.12557883e+00   1.19751866e+00
    1.20447580e+00   7.31057819e-01  -2.43992041e+00  -5.44694116e-01
    2.14733570e+00  -2.88506336e-01  -2.27322187e+00   9.50908865e-01
   -3.86707864e-01 
   -1.47184998e+00   2.64868561e-01  -1.44836968e+00  -1.06099756e+00
    1.80119730e+00   1.18954242e+00   1.25243951e+00   2.65467743e-01
    5.07452555e-01  -9.49162218e-01   2.71162466e+00  -2.01328597e+00
    3.94152715e-01  -9.94527241e-01  -3.26962260e+00   1.90927693e-01
    3.75115959e+00  -1.83270944e-01   4.15700668e-02  -2.25311461e+00
   -1.05446777e+00   5.60728801e-01   8.19682576e-01  -2.99691612e+00
    5.00779362e-01   5.41973690e-01  -1.18316818e-01   1.16730898e-01
   -3.11625522e-01   2.44439436e-01  -1.78773548e+00  -6.61548336e-01
   -2.16120612e-01 
   -1.97425296e+00  -1.21821643e+00  -2.27440615e+00  -5.56079380e-01
    1.68027672e-01  -4.12507453e-01   1.44106413e-02  -1.22322486e+00
   -2.34645455e-01  -2.86533691e+00   1.44223420e+00  -5.60310471e-01
   -1.18025642e-01  -2.44080319e+00   2.74877056e+00  -1.76131475e+00
   -1.89881605e-01  -1.52396148e+00   2.54492704e+00  -2.69258249e-01
    1.17720951e+00  -1.22581856e+00  -3.22765479e+00   2.07141902e+00
    2.04214037e+00   1.31320318e+00  -1.56114335e+00  -1.38158906e-01
   -3.83633857e-01  -2.17796572e-01  -1.24125625e+00   1.71016479e+00
   -2.13611214e-01 
   -1.47872412e+00  -2.00948282e-01   6.18670827e-01   3.13786599e-01
    1.03673930e+00  -6.72317061e-01  -4.11513239e-01  -3.56651200e+00
    1.13318345e+00   5.97989522e-02  -1.76662712e-01   3.13063885e-01
   -9.67876908e-01   1.91392929e+00  -9.14036482e-01  -2.01866314e+00
   -1.42780014e+00   6.55488379e-01  -1.37474971e-01  -2.54944477e+00
    4.48978211e+00   4.51106233e-01  -3.59992249e-02  -3.40261584e-02
    2.61585928e-01   5.34530686e-01  -1.49612951e+00  -1.63942539e+00
   -3.78087403e+00   6.95003297e-01  -2.32481285e-01   3.39197882e-01
   -4.39093332e-02 
    7.82324896e-01  -1.34244035e+00  -3.34271041e-02  -1.11157825e+00
   -2.50877584e-02  -2.28815649e+00   1.18470695e+00   8.73990310e-01
    5.51111902e-01  -2.15817682e+00  -6.10462472e-01   2.51211007e+00
    2.92678058e+00  -1.70787963e+00  -1.10969822e+00  -3.92728418e+00
   -1.04651179e+00   4.92486578e-02  -2.17075696e-01  -4.84958391e-01
   -8.05772669e-01  -1.54189328e-01  -3.39927990e-01  -6.15404621e-01
   -1.22889334e+00  -1.78680154e+00   1.09023717e+00   4.07282268e-01
    4.25985327e-01   2.90522423e+00   6.95221905e-01   3.08340802e-01
   -3.81641755e-01 
    1.21161954e-01  -7.21892581e-01   2.09100983e+00  -6.54225196e-01
    1.63398105e+00  -1.40304158e-01  -9.57379554e-01  -1.63597358e-01
   -2.94504282e-01   4.06190224e-01  -4.35413894e+00   1.93559929e-01
    9.74998505e-02  -1.83415621e+00  -4.52033269e-01   2.24859881e+00
   -2.28855788e+00  -4.98074904e-01  -2.27619248e+00  -4.10743988e-01
   -2.42651832e+00  -1.62998346e-01  -2.96826713e+00   1.86860798e-01
   -3.94677170e-01   3.44310775e+00   5.21455256e-01   5.79085075e-01
   -1.47957689e+00   7.16439637e-01   1.14243579e+00  -8.78252369e-03
   -9.88424130e-01 
   -2.03524373e+00   2.33126569e+00   1.17977360e+00   1.35312993e+00
   -2.05818616e+00  -2.42537515e-01   1.21779836e+00  -2.32360365e+00
    2.26898682e+00   3.54089634e-01   7.07718367e-01  -1.59814784e+00
    1.09497538e+00  -1.64225466e+00   1.86305890e+00   1.22642810e+00
   -8.53215178e-01  -2.34563843e+00  -3.71589031e-01   5.18652942e-01
   -1.50423977e+00  -1.69952906e+00   2.15792939e+00  -1.31013547e+00
   -2.00354551e+00  -4.83018273e-01  -1.34132201e-02   4.59899442e-01
   -1.42286873e+00  -7.98432980e-02   1.55082058e+00  -1.84803296e+00
   -5.92024331e-01 
    1.06939937e+00  -9.54267588e-01  -8.44209161e-01  -1.36582397e+00
   -1.10263486e-01   1.61757367e-01  -9.61150400e-01  -2.51531817e+00
   -2.46082858e+00  -2.66994673e+00  -1.83570598e+00   1.75868477e+00
   -2.50114019e+00  -1.41303921e+00   1.89033020e-01   2.11142458e-01
    5.50460733e-01  -3.20728601e-02  -2.19821424e+00   1.73185518e+00
    1.27557352e+00   1.24236119e+00   5.20956902e-01  -2.52228948e+00
    2.72288278e+00  -7.84068235e-01   2.06012106e+00   4.08423609e-01
    2.43302069e+00   4.09619975e-01  -3.34900665e-02  -1.81237970e+00
   -3.69476543e-01 
   -1.53924647e-01  -2.83374336e+00   3.72108666e-01   9.18890514e-01
   -5.85084518e-01   1.24876279e+00  -1.15721922e+00  -2.26682866e+00
   -1.74225026e+00  -1.07020673e-01   1.15719599e+00   1.18193906e-01
   -2.65408623e+00   1.84542958e+00  -3.39441323e-01   2.64973883e-01
    5.12195817e-01  -1.26852185e+00   1.01158860e+00   1.62482379e+00
   -7.38850358e-01  -1.32998109e+00  -1.39602909e+00  -2.77494096e+00
   -1.64599471e+00  -1.57994416e+00   3.43185754e+00   9.93689980e-01
   -1.16468926e+00  -3.83270837e-01   1.52612705e+00   2.53432437e+00
   -4.81877952e-01 
   -1.18783855e+00   4.39114001e+00  -1.30081276e+00  -2.57331896e+00
   -2.08533233e+00  -1.12944748e+00  -1.12751523e+00  -4.21150006e-03
    1.11064911e+00  -2.32393868e+00  -2.65255851e+00   3.13420746e-01
   -6.98441761e-01   1.38735915e+00  -1.86070137e-01   1.64209501e+00
   -6.88790541e-01  -5.44688762e-01  -2.41345911e-02  -9.00096526e-01
    8.03576057e-01   1.90171315e+00  -6.24702444e-01   9.47289523e-01
    5.71437082e-01  -1.63882968e+00  -1.43189130e+00   1.18714873e-02
    1.05599392e+00  -8.42991796e-01   1.68661497e+00   1.22947767e+00
   -5.93630958e-01 
   -4.37239557e-01  -9.33476488e-01  -2.54087524e+00  -2.07120805e+00
   -2.06975638e+00   9.41205526e-01  -1.70899617e-02  -1.84087862e-01
   -6.71852317e-01   3.42971068e+00   4.00772870e-02   2.17316314e+00
   -1.01154293e+00   3.06884041e-01  -4.93206937e-01  -1.29745598e+00
   -6.72259162e-02  -1.11812187e+00  -4.30587903e-01  -1.44860823e+00
    3.41528008e-01  -3.73815192e-01  -8.87242708e-01  -7.25405357e-01
   -4.62596496e-02  -1.75845916e-01  -1.84949162e+00   4.71570077e-01
    1.56663025e+00  -1.23441688e+00   2.00159058e+00  -4.45956210e-01
   -2.20790986e-01 
   -2.61662826e-01  -7.93493402e-01   5.46814118e-01   1.93898392e+00
   -2.30262269e+00   1.26385895e+00  -2.26789116e-01   1.04088834e+00
    9.52067745e-01  -7.32478034e-01  -9.06350756e-01   7.42586988e-02
   -1.68319964e+00  -7.28769533e-01  -2.61031092e+00   2.07434362e+00
   -2.98944178e+00   4.20542217e-01   1.01051285e+00  -8.37721038e-01
    7.95169715e-01  -5.95076014e-01   1.41547300e+00   3.65759960e-01
    2.78879353e-01  -2.06598439e+00   9.29965600e-01  -1.33128611e+00
    3.09243962e-02  -1.09547733e+00  -8.77439206e-01   7.14356105e-01
   -5.11913541e-01 
   -5.91026445e-01   2.15576518e+00   3.47367103e-01  -1.05919430e+00
   -9.32587529e-01  -1.97633838e-01   9.55848153e-01   1.51651106e+00
   -1.03057415e+00   2.40129221e-01  -9.50380677e-01  -6.41702935e-01
    2.26651670e-01   4.17553525e-01   1.95716815e+00  -1.13719226e+00
    5.13964665e-01   3.12482765e-01  -1.28421513e+00   4.36114642e-01
   -6.70268081e-01   9.91686852e-01  -3.20099748e-01  -3.09848081e-01
    1.00366538e+00  -1.20438863e+00  -4.20083746e-01  -3.84820762e-01
   -2.45861101e+00  -1.42810551e-01  -1.84748208e+00  -2.85779904e+00
   -8.79170345e-01 
   -1.78065463e-01  -1.73656188e+00  -2.33752271e+00   1.90035407e+00
    1.36710893e+00   9.16537542e-01  -4.31235509e-01  -4.76197860e-01
    1.96891078e+00   1.25430418e+00   1.61202806e-01   4.31471016e-01
   -1.24443048e-01   2.53833998e-01  -1.05608489e+00  -5.10414980e-01
   -2.31712041e-01  -1.80163405e+00  -9.20789090e-01   1.65014092e+00
   -4.88539091e-01   7.66755394e-01   3.61090525e-01  -1.49685025e+00
   -5.23561956e-01  -1.52415631e+00  -1.61482760e+00  -5.74205504e-01
    1.11497276e+00  -4.86320627e-01  -8.66714279e-01  -6.25334379e-01
   -1.85524190e-01  