NN 16 32 16   -3.01857701e+00  -7.27163403e-01  -2.78177873e-01   5.71132312e-01
    1.74034628e+00  -1.05693403e+00  -1.33237468e+00  -1.41878523e+00
    2.37709057e+00  -1.25857923e+00  -1.13251816e-01   5.63423301e-01
    6.66241789e-01  -2.07584045e-01   2.29664991e-01  -3.28625406e-01
   -7.31146703e-01 
    4.81873483e-01  -4.37352316e-01  -3.28384541e-01  -5.24661083e-01
    8.71069032e-01  -2.22892152e-01   2.19527654e-02   4.65490047e-01
   -2.12024157e+00   6.15904827e-01   1.74501435e+00  -3.12791331e+00
    4.95312489e-01   6.03171722e-01  -1.60417063e+00   1.10995464e+00
    4.37436988e-01 
   -5.42580748e-01   3.73175709e-02  -2.30087052e+00   1.03450679e+00
    2.19862134e+00  -1.61970494e+00  -4.85651309e-01  -6.80855161e-01
   -1.07282216e+00   3.08823058e-01   2.05210025e-01   8.27042645e-02
    1.46669495e+00  -8.84893889e-01  -1.08691663e-01   1.51129614e+00
    1.40957540e-01 
    1.49801594e+00  -7.68100787e-01  -7.66292377e-01   5.61684967e-01
   -1.18504079e-01  -1.08475235e+00   1.01760157e+00  -2.36161543e-01
   -1.22861956e+00   8.07554704e-01  -1.19834618e+00   1.48413250e+00
    1.48536634e+00  -1.64979877e+00   8.53742397e-01  -1.76286807e+00
   -4.11691467e-01 
   -8.25689658e-02  -1.35061922e+00   1.20502848e+00  -9.85139062e-01
   -3.47134907e-01  -7.73674331e-01  -7.25322843e-02  -1.72104711e+00
    1.36101120e+00  -2.22987116e-01  -2.95373932e-01   1.61540722e+00
    1.50681534e+00   1.85776138e+00   8.21556551e-02  -1.37214735e+00
   -7.40500771e-01 
   -3.39521737e-01   1.10734770e+00   1.19629141e+00  -1.17786452e+00
    4.34822977e-01   1.01903624e+00   1.23282864e+00  -9.05499908e-02
    2.11583565e-02  -4.15115181e-01  -1.37954974e+00   4.90498695e-01
   -7.34946713e-01  -1.28845515e+00  -3.10472803e-01  -2.53566978e-01
   -1.19194788e-01 
    5.24128841e-01   1.42280929e+00   1.16798555e+00  -1.57095152e+00
   -1.70462951e-01  -4.23192614e-02  -1.67824810e+00   9.14208358e-01
   -5.04244438e-01   4.15663652e-01   7.39282080e-01   3.76650011e-01
   -2.59463492e-01  -3.72233688e-01  -1.22411312e+00   7.55003240e-01
   -6.09822173e-01 
    6.74372521e-01  -1.29911673e+00   1.01303538e+00  -5.43083832e-01
    8.59599752e-01   3.35814302e+00  -1.53473215e+00  -1.42573630e-01
    2.05001957e+00   2.04350523e+00   3.85677931e-01  -6.73441287e-01
   -6.74682162e-01  -2.20994850e+00  -1.08322672e+00  -9.51049235e-03
   -6.82476966e-01 
    3.66925893e-01   2.19674495e+00  -8.35507305e-01  -6.50978137e-01
    8.49888342e-01  -1.17930797e+00  -7.67950267e-01  -1.12105965e-01
   -1.62161643e+00   2.14452248e+00   1.12550596e+00  -9.79957217e-01
    5.11256531e-01  -1.65011324e+00   1.00182368e+00  -1.27414413e+00
   -1.59105124e-01 
   -1.29244719e+00  -8.71028425e-02  -7.66633730e-01   1.21381411e+00
    1.81069664e+00  -7.34873625e-01   1.21359062e+00  -6.74473035e-01
   -7.59373914e-01   1.28754722e+00   1.31694199e-01   1.72426416e+00
   -2.29082477e+00   4.47331569e-01  -2.75372856e-01  -1.20313315e+00
    2.21558687e-01 
   -5.87366479e-01   5.72918949e-01  -1.59968992e-01  -2.51084055e+00
   -1.93600949e+00  -1.06589868e+00   3.33534559e-01   3.49340818e+00
   -8.45206845e-01   5.76144319e-01  -7.81653324e-01   2.29373554e+00
   -7.13087141e-01  -1.72587313e-01  -4.95908075e-02   4.63304725e-04
   -6.32723106e-01 
    2.41580462e+00  -7.90882968e-01   5.60246912e-01   1.73919610e+00
    1.31460478e+00  -3.08868502e-01  -1.46404221e+00   6.68579980e-01
    2.31388952e-01  -9.06205557e-01  -1.18299287e-01  -6.11239288e-01
   -2.32054958e+00   3.63951334e-01   8.44970084e-01  -5.45030971e-01
    4.28091487e-03 
   -5.89754568e-02  -1.49416167e+00   1.09828849e+00  -1.35491659e-01
    1.37404481e-01   1.05105958e-01  -2.98010715e+00   1.51426591e-01
   -1.75999115e+00   8.56567666e-01   2.46871923e+00   2.55051525e-01
   -3.46197961e-01   1.14635378e+00  -4.70495142e-01  -4.82450852e-01
   -1.06164291e+00 
   -2.88186867e-01  -3.55773006e-03  -6.52843281e-01   3.01122927e-01
    1.99933215e+00  -1.74944900e+00   8.48224495e-01   5.08113558e-01
    8.36783566e-01   1.56654539e+00  -1.89984286e+00  -1.76360942e+00
   -6.10607974e-01   5.70495700e-01  -3.58812079e-01  -1.48544684e-01
   -5.88587341e-02 
    9.66571774e-01  -1.95495916e+00   4.37666647e-01   2.50157810e+00
   -1.93685100e+00   9.21237013e-01   3.56123063e-01  -4.93666494e-01
   -1.53983661e+00  -2.85262460e-02  -3.58248399e-01  -4.28105616e-01
    6.95746475e-01   2.23706117e+00  -1.64625622e+00   6.47821529e-03
    6.12056890e-01 
    1.18895484e+00  -8.84029806e-01  -1.01252241e-01   6.56231501e-02
   -1.57684396e-01   1.17176332e-01   2.97182294e+00  -2.60071370e+00
   -1.39118432e+00  -6.51024504e-01  -3.41678151e-01  -8.27739557e-01
    1.46644804e+00  -1.68959746e+00   6.03119430e-01   1.83460144e-01
    4.39163191e-01 
    1.23621750e+00   7.15459489e-01  -2.84184505e+00  -3.48450925e+00
    5.46656836e-01   1.74311197e-01   1.06426337e+00   1.49700298e+00
    5.06733313e-01  -1.98675323e-01  -1.00252935e+00  -6.20292025e-01
   -2.58422083e-01   1.81910256e+00  -5.34813200e-01   8.40687267e-01
    1.12755870e-01 
   -1.31402906e+00   2.40457587e-01  -5.18051501e-02   1.90597804e-01
    6.97926615e-01  -9.91705256e-01  -4.79832405e-02   1.10737528e-01
    1.28900971e+00  -7.25275845e-01   8.36715088e-01  -1.81261698e-01
    7.61693169e-01  -7.75383337e-01  -4.78028295e-01   1.01466898e+00
   -5.25987354e-01 
   -1.91559282e-01  -1.75588331e+00   1.77573387e+00  -1.35494048e-01
   -2.16143158e+00   5.75916589e-01  -4.38720767e-03   1.31531695e+00
    4.20849072e-01   1.66877306e+00  -1.72802952e+00  -6.76014444e-01
    4.39777458e-01  -1.05923531e+00   5.55742356e-01   5.15567117e-01
    9.54361405e-02 
   -1.31886229e+00   5.55931352e-01  -9.26464421e-01   1.78244824e+00
   -7.39456106e-01   1.80126854e+00   5.61602298e-01  -1.20538879e+00
   -2.65251092e-01  -1.75857066e+00  -6.80753134e-01   6.78444436e-01
    1.64972928e+00   3.73716311e-01  -1.80849832e-01  -1.64898415e+00
    4.11519986e-01 
   -4.95271389e-02   2.32212556e+00   9.78423978e-01  -5.84295427e-02
   -5.87741760e-01  -3.80678152e+00   9.18036392e-01   3.09490061e+00
    1.14278937e+00  -1.67523447e+00   6.95426853e-01  -8.26153548e-01
   -6.32077804e-01  -5.25948270e-01   4.33854524e-01  -2.98430767e-02
   -2.44052830e-01 
   -2.32175574e+00   7.42801337e-01   1.60531390e+00  -4.44530915e-01
    1.50916148e+00  -1.03409998e+00  -5.90012192e-01  -5.80115916e-01
    1.87608943e+00  -1.26227768e+00   1.47880764e-01  -1.80345320e+00
    5.26043576e-01   5.74890398e-01  -1.08415403e+00  -2.94514646e-01
    5.86403783e-01 
   -5.57521677e-01  -5.91710839e-01   6.28710016e-01  -9.82732974e-01
    1.90033970e+00  -1.54093238e+00  -6.13089166e-02   2.06067928e+00
   -2.24373944e+00  -6.77232878e-01   8.75333631e-01   4.79909354e-01
    4.47746724e-01  -7.99621096e-01  -4.62613691e-01  -7.00909430e-01
   -4.38210581e-01 
   -1.71616290e+00   1.54099982e-01  -1.24227338e+00   1.87914708e+00
   -1.04424333e+00   9.60599843e-01   6.03627188e-01  -8.18566824e-01
    1.20788262e+00   1.52417898e+00   1.56646794e+00  -1.65981977e+00
    6.51294461e-01  -1.27051415e+00   4.04367555e-01  -6.45738554e-02
   -6.03452182e-01 
    1.64096948e+00   1.51802131e+00  -1.67231639e+00  -6.14622986e-01
   -3.02785231e+00  -8.76304701e-01   7.89644306e-01   5.44782055e-01
    1.16237749e+00  -2.34836429e+00   2.26592384e+00  -7.59748454e-03
    2.75687754e-01  -1.69006174e-01  -6.63220344e-01   1.43118147e-01
   -1.03143162e-01 
    1.25264567e+00   1.32765129e-01  -1.49947121e+00  -1.84517356e-01
   -1.10131511e+00  -3.41461033e-01   2.21978778e+00  -2.81861484e+00
    4.28058535e-02  -3.81240930e-01   4.57742439e-01   1.17022688e+00
   -1.46955424e-01   1.22331334e+00   9.40941336e-01   6.97967183e-01
   -6.13582203e-01 
   -8.45842034e-01  -6.28129084e-01   1.67708304e+00  -2.81250624e-01
    1.32460023e+00   1.42927265e+00  -2.42693195e+00  -2.04358104e-01
    3.25020586e-01  -7.12962049e-01  -2.76439065e+00   2.16744055e-01
    1.49085406e+00  -1.11874288e+00   1.16540729e-01   2.29330747e+00
   -2.25283020e-01 
   -7.18330493e-01   2.32520455e+00   1.20479530e+00   1.70616516e-02
   -1.02176632e+00   2.13583564e+00  -3.87288924e-01  -2.47163043e-01
   -9.97988095e-01  -1.68261075e+00  -3.59828942e-01  -2.35350615e-01
   -8.05440919e-01   5.65349979e-01  -4.76405008e-02   5.82990453e-01
   -3.98137553e-01 
   -3.02193048e-01  -1.35134421e+00  -8.76282298e-01   2.43728813e-01
    5.59147902e-01   2.30392302e+00  -7.70364067e-01   7.47344466e-01
    4.40150190e-01  -2.17068588e+00   1.14634798e+00  -6.48156254e-02
   -1.17143492e+00   1.09363589e-01   2.33987503e+00  -1.12336555e+00
    4.90189335e-01 
   -3.22517634e-01   1.64886619e+00   4.79346535e-01  -7.06076406e-01
    5.16742555e-01  -1.29926259e+00  -2.07138380e+00  -1.49557541e+00
   -7.96311191e-02  -6.46111748e-01  -1.38607465e-01   6.86969748e-01
    5.03299559e-01   3.93668656e-01  -1.09355568e-02   8.93669063e-01
    1.23689987e-02 
   -1.17329250e+00   7.76518997e-02   2.40140993e+00   1.26019129e+00
    1.20080415e+00   1.57786311e-01  -1.29767880e+00  -1.07252744e+00
   -5.39547946e-01   7.92511509e-01  -1.86894154e+00  -1.35831854e+00
   -1.36040722e+00   1.24887156e+00   1.20708806e+00   9.06686899e-01
    2.95834034e-01 
    1.13754610e+00   1.04632810e+00  -9.85015593e-01  -2.61149049e-01
   -6.59432297e-01  -1.98506025e-01  -6.98478294e-01  -1.83096612e-01
    1.47587552e+00   1.35187407e+00  -1.80374375e+00  -1.47260261e+00
   -3.52280355e-01  -1.41405337e+00   2.23076423e+00   5.93539495e-01
   -4.28093748e-01      2.93122958e+00  -7.18434409e-01  -2.30310983e-03  -1.78484483e+00
   -6.86678139e-01   6.54779422e-01  -3.64153506e-01  -8.03769048e-01
    6.37186466e-01   1.10498187e+00   6.60656069e-01  -2.63524711e+00
   -8.51550717e-01   1.49327729e-01   5.86325385e-01  -1.70539585e+00
   -4.25818521e-01   2.92783210e-01   3.09935406e-01   5.65042163e-01
   -2.62633537e-01   2.30888768e+00   3.71902080e-01   1.98435205e+00
   -2.10615897e+00  -9.95118561e-01   5.04525319e-01  -1.94954878e-01
   -1.99911561e-01  -4.38000351e-01   5.68784040e-01  -1.62160720e+00
   -2.61257781e-01 
    5.42124481e-01   2.52868635e-01  -3.85793998e-01   1.85620572e-01
    1.04343301e+00  -2.37093995e-01  -1.39271121e+00   1.05296612e+00
   -2.30308091e+00  -2.80311372e-01  -8.61729041e-01   2.68765345e-01
    1.25659368e+00  -1.06677462e-01   1.84333444e+00   3.77787332e-01
    8.87921703e-02  -6.93768215e-01   1.96487904e+00  -1.92712190e+00
   -1.60409714e+00   3.40560825e-01   1.95007876e-01   2.72864947e-01
   -1.54488244e+00   5.07189430e-01   7.78441762e-01  -3.64556441e+00
    1.29246198e+00  -1.57950653e+00   1.50169523e-01  -1.14207783e+00
    1.55428105e-01 
    8.11355670e-01   7.33139894e-02   2.70741955e+00   6.76247596e-01
   -2.02422953e+00  -1.23164800e+00  -9.35005489e-01  -8.55317657e-01
    1.48381918e+00   1.16339129e+00   3.01293973e-01  -7.48660929e-03
   -2.07576106e+00   1.14013862e-01  -3.72203815e-01  -1.25515903e+00
    2.09259675e+00  -1.86824121e-01  -1.42215443e+00   1.16677876e+00
   -1.37858751e+00  -2.28891675e+00  -1.06767659e+00   1.27047410e+00
    1.18836495e+00   9.09013079e-01  -2.01425276e+00  -7.18372059e-01
    1.71380245e+00  -4.13204380e-01  -2.51914672e+00   6.90426776e-01
   -4.05095322e-01 
   -1.09525422e+00   6.82160002e-01  -1.34608074e+00  -1.04276794e+00
    1.47683960e+00   1.20119792e+00   1.30583688e+00   4.16310545e-01
    3.72829175e-01  -8.93854551e-01   2.24360601e+00  -2.33917105e+00
    6.47993067e-01  -1.08278879e+00  -3.10355835e+00  -6.57347011e-02
    3.58830931e+00  -3.06125214e-01   5.60024059e-01  -1.82953475e+00
   -1.17568984e+00   6.81349712e-01   8.44953367e-01  -2.62258535e+00
    3.88922905e-01   5.36045234e-01   1.70381048e-01   1.96964667e-01
   -1.83512398e-01   2.64599456e-01  -1.82009928e+00  -4.27410616e-01
   -1.32051588e-01 
   -1.48050889e+00  -1.10462263e+00  -1.95555047e+00  -2.82250745e-01
    2.10388405e-01  -2.55577341e-01   2.43897236e-01  -1.15924190e+00
   -3.55809404e-01  -2.54966275e+00   1.25560687e+00  -3.33039460e-01
   -2.91915162e-01  -2.30283272e+00   2.50110460e+00  -1.41681627e+00
   -3.20831324e-02  -1.37165968e+00   2.60695108e+00   2.19542516e-01
    1.25157817e+00  -1.33311206e+00  -2.90784513e+00   2.19665147e+00
    2.03541761e+00   1.56018218e+00  -1.51128287e+00  -2.23847385e-01
   -9.48833328e-01  -5.51543708e-01  -9.70828943e-01   1.27841491e+00
   -7.38609465e-02 
   -5.24301173e-01  -1.27021113e-02   7.25505142e-01   8.47207967e-01
    9.39788568e-01  -6.63655214e-01  -3.23956414e-01  -3.37848906e+00
    9.33887482e-01   1.10666878e-01  -1.29372979e-02   1.49795848e-02
   -4.74010510e-01   1.91069977e+00  -8.43922989e-01  -1.89371770e+00
   -1.24426663e+00   3.06557116e-01  -1.48791892e-01  -2.78676542e+00
    4.34192399e+00   3.64334844e-01   4.47199350e-01   1.47031188e-01
   -9.94029450e-02   4.87024267e-01  -1.57617817e+00  -1.54243616e+00
   -3.36023998e+00   5.76924983e-01  -2.12547537e-01  -2.97882350e-02
    6.05097739e-02 
    6.32572660e-01  -6.93125624e-01   3.01289419e-01  -1.26224208e+00
   -4.90670829e-01  -1.53116211e+00   1.27849418e+00   8.14188109e-01
    6.22689478e-02  -2.19278726e+00  -5.52628036e-01   2.11362956e+00
    3.06805339e+00  -1.53297695e+00  -1.22840377e+00  -3.71038817e+00
   -9.75604063e-01   8.09759402e-02  -4.30299839e-01   1.03862698e-01
   -8.50888551e-01  -3.88573050e-01  -3.75778888e-01  -7.08351195e-01
   -1.84276732e+00  -1.65159610e+00   1.18582787e+00   1.83060229e-01
    2.46207505e-01   2.58813331e+00   6.96801692e-01   7.00897941e-01
   -3.53904624e-01 
    1.07711616e-01  -9.17077580e-01   1.93440996e+00  -4.85456921e-01
    1.45977345e+00  -8.24522643e-02  -9.39512060e-01   2.64622826e-01
    2.72929014e-02   4.42317303e-01  -3.86923082e+00  -6.09890530e-02
   -3.02606366e-01  -1.18381651e+00  -4.70095591e-01   2.14835370e+00
   -1.97113057e+00  -5.03251442e-01  -2.28234169e+00  -2.03603732e-01
   -2.34558444e+00  -1.96672952e-01  -2.57798439e+00   2.74960677e-01
   -1.87631079e-01   3.00940378e+00   6.47638331e-01   5.67037659e-01
   -1.58729420e+00   1.15148909e+00   8.54771207e-01  -2.77961134e-01
   -5.07235413e-01 
   -1.78661351e+00   2.12527643e+00   1.00635050e+00   1.09631011e+00
   -1.86412040e+00  -2.88326732e-01   1.15268624e+00  -1.98671397e+00
    1.89355090e+00   1.31230284e-01   3.82698063e-01  -1.30767667e+00
    1.08718325e+00  -1.42041105e+00   1.85262126e+00   1.33371808e+00
   -9.24791328e-01  -1.90119378e+00  -4.08469501e-01   3.44643387e-01
   -1.40356155e+00  -1.51734687e+00   2.01625955e+00  -1.45616254e+00
   -1.63094929e+00  -7.37089367e-01  -8.42858053e-03   6.10174101e-01
   -1.23728234e+00  -2.25254513e-01   1.30799974e+00  -1.55348884e+00
   -5.73642958e-01 
    6.95560404e-01  -6.25709427e-01  -6.14265370e-01  -1.08494094e+00
   -2.38067533e-01   5.27615341e-02  -8.39712433e-01  -2.22208784e+00
   -2.18775268e+00  -2.27566800e+00  -1.74363178e+00   1.54515228e+00
   -1.95278550e+00  -1.37364311e+00  -7.39539024e-02  -1.50293313e-01
    7.46488533e-01   6.97179032e-02  -1.89274532e+00   1.84354274e+00
    1.15785303e+00   1.23558534e+00   6.94367353e-01  -2.49198204e+00
    2.58555451e+00  -4.63276708e-01   1.45928038e+00   9.24681149e-02
    2.10333955e+00   2.83614763e-01   5.99001670e-02  -1.41442162e+00
   -6.43508961e-02 
   -3.76161713e-01  -2.21048534e+00   2.02210350e-01   6.83259818e-01
   -5.29612390e-01   9.65573409e-01  -9.03519613e-01  -2.32518676e+00
   -1.15260474e+00  -9.56315519e-02   1.03514944e+00   5.30279997e-01
   -2.64403989e+00   1.92670948e+00  -5.04848610e-01   1.84627462e-01
    8.16216986e-01  -1.05937212e+00   7.90857901e-01   1.35215590e+00
   -4.92953400e-01  -8.59898048e-01  -1.15274471e+00  -2.44957869e+00
   -1.83707618e+00  -1.58390968e+00   2.94167749e+00   7.94149911e-01
   -1.11555077e+00  -3.70052266e-01   1.37461461e+00   2.19402241e+00
   -2.94691765e-01 
   -1.44185118e+00   3.70383674e+00  -1.03017098e+00  -2.41843874e+00
   -1.91400868e+00  -9.68158433e-01  -1.03232997e+00   3.28695701e-01
    9.52691024e-01  -2.06472825e+00  -2.47877163e+00   4.67601779e-02
   -7.78550829e-01   1.25925438e+00   3.04485007e-01   1.49575265e+00
   -8.12050811e-01  -4.30285665e-01  -4.41536371e-02  -6.72507789e-01
    7.78025444e-01   1.79277338e+00  -3.98593580e-01   9.05786352e-01
    8.45780039e-01  -1.78287583e+00  -1.23345068e+00   4.41481116e-02
    8.17416741e-01  -8.27835231e-01   1.19221707e+00   9.15186412e-01
   -4.40916019e-01 
   -4.68088578e-01  -7.36213556e-01  -2.43176839e+00  -1.87261233e+00
   -1.94079139e+00   7.68937023e-01   2.11558621e-01  -2.57017493e-01
   -4.79587140e-01   2.71918169e+00   3.83549221e-03   2.01580790e+00
   -1.03817942e+00   1.03561000e-01  -2.82724886e-01  -1.23296786e+00
   -4.55058563e-02  -1.05056831e+00  -2.96814782e-01  -1.19866048e+00
    5.08188474e-01  -4.34748363e-01  -8.20807859e-01  -7.18074738e-01
    1.03533473e-01  -2.91251306e-01  -1.54705277e+00   4.37916484e-01
    1.38475656e+00  -1.10259370e+00   1.70141376e+00  -4.13968377e-01
   -1.97766958e-01 
   -3.05402441e-01  -7.57620360e-01   6.34150890e-01   1.79067231e+00
   -2.05907365e+00   1.07522314e+00  -1.80403988e-01   8.38491732e-01
    9.09369448e-01  -6.30699021e-01  -8.15363073e-01   4.44899308e-02
   -1.56845108e+00  -6.15365842e-01  -2.29849244e+00   1.77098811e+00
   -2.60380102e+00   3.03528457e-01   9.27800375e-01  -7.02985321e-01
    6.60143140e-01  -6.62989067e-01   1.25502815e+00   3.51044904e-01
    3.78804904e-01  -1.90823993e+00   9.03071644e-01  -1.18365214e+00
    1.91881319e-01  -8.98417309e-01  -7.67930021e-01   6.72051644e-01
   -3.37953963e-01 
   -5.99422960e-01   1.64880243e+00   1.78789633e-01  -1.09069963e+00
   -9.64109843e-01  -1.84354419e-01   8.69033145e-01   1.26828896e+00
   -7.05938835e-01   9.73940536e-02  -8.11511129e-01  -6.65080840e-01
    2.38997035e-01   3.88788363e-01   1.42881969e+00  -9.85652109e-01
    4.02581984e-01   2.32235662e-01  -1.08384863e+00   4.36050671e-01
   -6.02462234e-01   9.09052342e-01  -1.96938185e-01  -2.98626147e-01
    8.21906806e-01  -1.24220748e+00  -4.56864715e-01  -2.59015647e-01
   -1.71195347e+00  -1.23942197e-02  -1.54424521e+00  -2.43333130e+00
   -8.07284041e-01 
   -3.37034572e-01  -1.46337504e+00  -2.03370544e+00   1.50965887e+00
    1.22656417e+00   7.68661895e-01  -5.24894519e-01  -4.06774736e-01
    1.30691948e+00   1.03474135e+00   7.36576801e-02   4.05470623e-01
   -2.63629648e-01   1.99921390e-01  -8.19477786e-01  -1.45325164e-01
   -2.06199980e-01  -1.51092565e+00  -6.81101598e-01   1.34372961e+00
   -5.82669151e-01   5.20494580e-01   1.86224301e-01  -1.43318779e+00
   -5.64370595e-01  -1.24253821e+00  -1.43044731e+00  -5.03486919e-01
    9.60051894e-01  -5.52943859e-01  -7.90398299e-01  -4.93977337e-01
   -1.74408846e-01  