NN 16 32 16   -4.09871826e+00  -1.14137288e+00   3.25896428e-01   4.93647633e-01
    2.83427403e+00  -1.13439614e+00  -2.12430643e+00  -2.45611173e+00
    3.61801608e+00  -1.17814421e+00  -3.12056726e-01   1.91509125e-01
    9.46424752e-01  -1.79836669e-01   3.31486546e-01  -6.32732968e-01
   -9.07860867e-01 
    7.14140498e-01  -6.01151461e-01  -3.17236536e-01   1.12140175e-01
    8.45146581e-01  -3.11986967e-01   2.53555739e-01   5.61692195e-01
   -2.95482166e+00   7.99423785e-01   2.32277784e+00  -4.30920122e+00
    9.22299468e-01   6.89354965e-01  -2.40724000e+00   1.41810352e+00
    6.81416579e-01 
   -1.19492219e+00   1.15420206e-01  -2.41164123e+00   9.34854091e-01
    2.95676523e+00  -1.95728570e+00  -8.20759288e-01  -8.80902814e-01
   -9.83637989e-01   7.03583805e-01  -6.41245010e-01   2.06992219e-01
    1.49571728e+00  -6.88453209e-01  -2.68790342e-01   2.23579897e+00
    1.95496333e-01 
    1.74587624e+00  -6.16646059e-01  -1.40659283e+00   1.12340120e+00
    2.28761330e-01  -1.13716404e+00   7.97280388e-01  -4.34993673e-01
   -1.68433175e+00   9.70961278e-01  -1.69541344e+00   1.72302524e+00
    1.84143434e+00  -1.74861999e+00   1.30949571e+00  -2.05673564e+00
   -1.57612689e-01 
   -1.70499392e-01  -1.75285176e+00   1.66286969e+00  -1.46551514e+00
   -7.79916359e-02  -6.53413083e-01  -1.03505833e-01  -2.18559441e+00
    1.26851341e+00  -5.74801800e-01   6.64549882e-02   2.21171693e+00
    1.59026472e+00   2.36078798e+00  -1.49601856e-01  -1.48751634e+00
   -6.71042893e-01 
   -4.03309336e-01   1.22072061e+00   2.05481175e+00  -1.22228701e+00
    8.51369024e-01   1.25415123e+00   2.28598178e+00  -5.54829612e-01
    7.61686026e-02  -1.81955118e-01  -2.31052300e+00   4.72340084e-01
   -8.48027053e-01  -1.39916134e+00  -4.02676750e-01   8.53515096e-02
    1.93600514e-01 
    1.22885153e+00   1.56210045e+00   1.50630046e+00  -1.98846878e+00
   -4.54535838e-02   2.96337454e-01  -2.31400453e+00   1.68992874e+00
   -5.58116712e-01   4.87837964e-01   9.06522308e-01   8.68552216e-02
   -1.09871425e-01  -4.61379744e-01  -1.48580899e+00   7.94138956e-01
   -7.83168906e-01 
    9.13016053e-01  -1.53827331e+00   1.21131020e+00  -3.25727298e-01
    6.76856252e-01   4.44701852e+00  -2.42354411e+00  -8.87034635e-02
    2.66514234e+00   2.45041972e+00   3.12862291e-01  -2.11800636e-01
   -6.50932774e-01  -2.88384590e+00  -1.47839646e+00  -1.49656257e-01
   -6.73165334e-01 
    2.12821965e-01   2.91755519e+00  -7.13821258e-01  -1.09290416e+00
    7.69297665e-01  -1.35970096e+00  -1.33893897e+00  -2.45967021e-01
   -1.77700185e+00   2.40156946e+00   1.54384463e+00  -1.23475321e+00
    1.09841059e+00  -1.94634300e+00   1.52681037e+00  -1.79124034e+00
   -1.37035342e-01 
   -1.25170036e+00  -4.09602048e-01  -7.25587218e-01   1.25112242e+00
    1.75395817e+00  -8.87631575e-01   1.16673011e+00  -7.48997658e-01
   -1.20210759e+00   6.65648274e-01   9.53296668e-01   2.22746290e+00
   -3.21490250e+00   3.27624121e-01  -9.38428772e-01  -1.47256422e+00
    3.28966651e-01 
   -8.56091238e-01   5.12461257e-01   1.67917764e-01  -2.83821400e+00
   -2.64398298e+00  -1.46590923e+00   1.83381471e-01   4.62755144e+00
   -1.56823885e+00   4.08580899e-01  -4.60723611e-01   3.18317650e+00
   -1.28556090e+00  -4.41487531e-01  -9.93933408e-02   3.08232387e-02
   -6.40666932e-01 
    3.39218299e+00  -8.15840076e-01   2.60481344e-01   2.02434171e+00
    1.67415821e+00  -7.03093621e-01  -1.33493882e+00   7.48919706e-01
    2.97040487e-01  -1.27671567e+00   7.46754303e-01  -5.47321449e-01
   -2.97136064e+00   5.99391374e-01   1.22148996e+00  -1.12724972e+00
   -2.72849141e-01 
   -1.70646120e-01  -2.72563815e+00   1.55041546e+00   1.12559793e-01
   -7.92280629e-02   3.47393677e-01  -3.69122181e+00  -5.60967744e-01
   -1.75712960e+00   1.12980700e+00   3.23655577e+00   7.64864331e-02
   -4.90664553e-01   1.31300799e+00  -5.16896379e-01  -7.91659600e-01
   -1.35628222e+00 
   -6.23667465e-01   4.29933961e-01  -5.13328592e-01   5.80114475e-02
    2.47991398e+00  -2.19090315e+00   1.17933487e+00   9.83348592e-01
    1.09480835e+00   1.46987047e+00  -2.33037781e+00  -1.82210683e+00
   -1.29398235e+00   1.65645568e-01  -4.97855830e-01  -1.76536250e-01
   -2.09017684e-01 
    1.91541768e+00  -1.82726938e+00   8.54735368e-01   3.29138657e+00
   -2.40526641e+00   7.22520043e-01   4.69023736e-01  -9.79190881e-01
   -1.48898947e+00   3.10077094e-03  -5.55289963e-01  -2.90586274e-01
    7.07435786e-01   2.50942549e+00  -2.23215480e+00  -1.39193453e-01
    6.52887566e-01 
    1.65739196e+00  -1.25337066e+00  -3.28539686e-01   4.08487118e-02
   -3.51968282e-01  -3.54400257e-01   3.16792221e+00  -3.05596917e+00
   -1.13511812e+00  -1.05503301e+00  -6.43624540e-01  -9.64713651e-01
    1.19882275e+00  -2.12314234e+00   9.20358881e-01   6.88572447e-01
    5.22801742e-01 
    1.60543076e+00   7.68248655e-01  -3.11312464e+00  -4.60642810e+00
    1.32267054e+00   2.42066832e-01   5.41172235e-01   1.63973037e+00
    6.38914547e-01   3.18280949e-01  -7.82998285e-01  -1.33562418e+00
   -3.58943028e-01   1.64771462e+00  -5.35815886e-01   1.29103901e+00
    3.41523551e-01 
   -1.67588457e+00   5.74038063e-01  -2.35053587e-01   3.68637316e-01
    6.08089273e-01  -2.03019982e+00   3.03813187e-01   2.65613837e-01
    1.48489191e+00  -1.02839696e+00   1.43824794e+00   3.57925144e-01
    8.52997467e-01  -1.20012522e+00  -8.45140478e-01   1.21848505e+00
   -8.01114689e-01 
   -1.93828441e-01  -2.52824112e+00   2.23794592e+00  -2.82327198e-02
   -2.57733704e+00   2.93969697e-01  -3.84360062e-01   1.78002352e+00
   -1.56142426e-02   1.55207330e+00  -1.76456033e+00  -4.08567825e-01
    5.08509073e-01  -1.04126570e+00   6.50845392e-01   6.80359116e-01
    1.20306179e-01 
   -1.30155802e+00   5.38430974e-01  -7.43865883e-01   2.37111971e+00
   -8.05556219e-01   1.94982743e+00   1.40103227e+00  -1.91046108e+00
    5.01384119e-02  -1.73428795e+00  -4.21274070e-01   6.08622021e-01
    1.79818247e+00  -3.10005712e-01  -3.20120730e-01  -2.53935284e+00
    3.42315212e-01 
   -3.14520865e-01   2.86598581e+00   1.36650354e+00  -6.18632435e-01
   -1.61096801e-01  -4.97345558e+00   1.29120036e+00   3.65260827e+00
    1.44423772e+00  -2.69665033e+00   7.79560991e-01   2.10348972e-02
   -3.97519784e-01  -8.69050860e-01   8.61338622e-01  -3.88708355e-01
   -2.75410043e-01 
   -2.87348083e+00   7.69898768e-01   2.21077985e+00  -6.19618043e-02
    1.68692371e+00  -8.55821792e-01  -1.67038660e+00  -1.40537493e-01
    2.47631590e+00  -1.02157308e+00   3.47065227e-01  -1.75185468e+00
    3.88460975e-01   5.09909365e-01  -1.22337863e+00  -4.84730826e-01
    6.67191123e-01 
   -2.64301131e-02  -8.84452466e-01   4.22555019e-01  -6.01858043e-01
    2.57511298e+00  -1.14999543e+00   1.98879463e-01   2.53176928e+00
   -2.70796135e+00  -1.00116213e+00   1.41188685e+00   9.30476366e-01
    3.17341593e-01  -9.14147981e-01  -5.53365051e-01  -1.40223910e+00
   -4.30152475e-01 
   -2.04865184e+00   2.50426591e-01  -1.40160503e+00   2.10242351e+00
   -1.06820424e+00   1.17840577e+00   9.40895050e-01  -7.31126811e-01
    1.12192153e+00   1.41049444e+00   2.01073711e+00  -1.63805404e+00
    8.78473574e-01  -1.46503320e+00   6.20579950e-01  -3.69845475e-01
   -6.38588141e-01 
    2.31942952e+00   1.76552823e+00  -2.17245185e+00  -1.42870083e+00
   -3.81455667e+00  -1.61310916e+00   1.01492217e+00   7.26463801e-01
    1.39183722e+00  -2.44054769e+00   1.86982051e+00  -3.41564574e-02
    9.03808919e-01  -3.04150982e-01  -6.82958744e-01   2.74361324e-01
   -3.33336467e-02 
    1.99906185e+00   4.83495599e-01  -2.23629789e+00   2.79644804e-01
   -1.23705140e+00  -5.98898515e-01   3.00924516e+00  -3.13965618e+00
   -2.29870019e-01  -2.68448185e-01   2.53906109e-01   8.17701531e-01
   -1.44103383e-01   1.38012691e+00   7.71017358e-01   1.43589322e+00
   -4.38430478e-01 
   -6.18498594e-01  -2.11540757e-01   2.08381286e+00  -2.50270079e-01
    1.86533348e+00   2.02953278e+00  -3.61886200e+00   2.76719667e-01
    3.58170544e-01  -8.49793534e-01  -3.54770602e+00   1.33058321e-01
    2.23106459e+00  -1.45909640e+00  -1.18310385e-01   3.44481211e+00
   -2.66422300e-01 
   -5.92046376e-01   3.17152255e+00   1.18630382e+00  -1.81562926e-02
   -1.51675215e+00   1.85519356e+00  -6.67233304e-01   6.39846134e-04
   -9.42941706e-01  -2.52887474e+00  -1.25937764e-01   8.01420242e-02
   -9.29081006e-01   7.00862378e-01  -1.53385620e-01   7.67097591e-01
   -6.71599864e-01 
   -2.38585697e-01  -1.02546142e+00  -1.35690107e+00   6.93628437e-02
   -1.46375946e-01   2.76734763e+00  -6.29149818e-01   7.34912758e-01
    1.55048000e-01  -3.13404577e+00   1.01031177e+00  -3.52815739e-01
   -1.70429971e+00  -9.08140426e-02   3.33414050e+00  -1.72670820e+00
    6.50182558e-01 
   -1.41930478e-01   2.71645713e+00   9.64292653e-02  -1.08210748e+00
    9.88761784e-01  -1.77984679e+00  -2.60342245e+00  -1.25118955e+00
   -6.36867111e-01  -1.04455916e+00  -2.84328216e-01   8.94217384e-01
    8.12447275e-01   4.79565941e-01   2.47863412e-01   9.55219690e-01
   -2.10206964e-01 
   -7.98086850e-01  -4.00027842e-03   3.22097698e+00   1.82483286e+00
    7.87486613e-01   5.51418657e-01  -2.43868904e+00  -1.49573023e+00
   -7.72409127e-01   7.39934508e-01  -2.24017672e+00  -1.51674028e+00
   -1.89012020e+00   1.87020034e+00   1.90134640e+00   1.25029359e+00
    2.44291237e-01 
    1.67724250e+00   9.16891620e-01  -1.27500575e+00  -2.38135805e-01
   -9.49806868e-01  -1.66743406e-01  -4.43882290e-01  -5.44124172e-01
    1.88793340e+00   1.76287258e+00  -2.54265735e+00  -2.17906827e+00
   -5.77014074e-01  -1.87204058e+00   2.50952412e+00   8.81031882e-01
   -5.95974618e-01      3.74212701e+00  -1.14016445e+00   4.06585509e-01  -2.05819266e+00
   -9.54758513e-01   1.63077912e+00  -8.51260988e-01  -1.03155683e+00
    3.97265730e-01   6.62698479e-01  -2.08865881e-01  -3.29886279e+00
   -8.36601963e-01   6.13404825e-01   1.00580897e+00  -1.45191239e+00
   -1.48414515e-01   1.18792160e-02   1.08337990e-01  -1.78392437e-01
   -1.13487236e-01   1.64305241e+00   7.01551671e-01   2.15277786e+00
   -1.29980844e+00  -9.43929597e-01   3.13727106e-01  -6.97298313e-02
   -4.94117963e-02  -2.15622125e-01   9.63088916e-02  -1.05001355e+00
   -2.61878755e-02 
    5.35374718e-01   4.72807275e-01  -2.55828174e-01  -2.62676282e-01
    1.23414940e+00  -2.98930561e-01  -1.17939544e+00   8.08506023e-01
   -2.03650084e+00  -1.94704546e-01  -7.43488225e-01   4.57299767e-02
    1.19045137e+00  -1.25633482e-01   1.50821675e+00   1.55341759e-02
   -7.16920638e-02  -1.15945102e+00   2.12176710e+00  -2.08455852e+00
   -1.33037055e+00   3.31216148e-01   5.05044020e-01   9.46803811e-02
   -1.25246355e+00   7.37301535e-01   6.92034492e-01  -4.70844030e+00
    1.47013797e+00  -1.61975049e+00   2.31167090e-01  -1.17162386e+00
    4.81487074e-01 
    4.77789190e-01  -9.94719102e-02   2.70846510e+00   1.27770329e+00
   -1.82453296e+00  -2.04702165e+00  -1.23143541e+00  -8.35918074e-01
    1.24864870e+00   1.08868677e+00   3.09678533e-01   6.74169583e-01
   -1.94086270e+00   6.24656971e-02  -4.90210899e-01  -1.23812086e+00
    2.12538414e+00   4.88324542e-02  -1.36244543e+00   1.49730208e+00
   -1.32207097e+00  -2.54032500e+00  -8.72282686e-01   1.23819634e+00
    1.36108633e+00   6.48883307e-01  -2.57041336e+00  -4.10399031e-01
    2.25733038e+00  -1.64667328e-02  -2.15040333e+00   9.51170684e-01
   -2.77161277e-01 
   -1.54093464e+00   1.71761175e-01  -1.54548164e+00  -1.01845529e+00
    1.94728333e+00   1.22533364e+00   1.15710830e+00   6.49080816e-03
    5.22686176e-01  -9.04378259e-01   2.97362541e+00  -1.97908777e+00
    2.13602895e-01  -8.08638653e-01  -3.32155765e+00   2.01886883e-01
    3.87342357e+00  -1.57884606e-01  -9.86781414e-02  -2.22184112e+00
   -1.07956613e+00   4.46045273e-01   7.61213459e-01  -2.91069604e+00
    5.94176902e-01   4.96258908e-01   1.65167245e-02   1.78837931e-01
   -2.42241617e-01   3.14987679e-01  -1.76560625e+00  -5.86131434e-01
   -2.48596938e-01 
   -2.05338114e+00  -1.32506736e+00  -2.33499328e+00  -6.66896237e-01
   -9.42425274e-02  -2.94047795e-01  -2.32965330e-01  -1.32280479e+00
   -2.80002118e-01  -3.08330557e+00   1.63734841e+00  -7.38127113e-01
   -2.42853173e-01  -2.61674953e+00   2.94556287e+00  -1.79660042e+00
   -2.80282563e-03  -1.63853123e+00   2.47671702e+00  -3.40579770e-01
    1.24749657e+00  -1.08778036e+00  -3.53948992e+00   2.21599784e+00
    1.79463683e+00   1.23542284e+00  -1.54009268e+00   4.97383321e-02
   -3.75147251e-02  -1.08412420e-02  -1.03404475e+00   1.97407684e+00
   -1.74116493e-01 
   -1.75507915e+00  -2.97212497e-01   4.86247251e-01   1.76961081e-01
    1.16330122e+00  -6.73165446e-01  -4.73009311e-01  -3.52932661e+00
    1.19178057e+00   1.12932172e-01  -2.34672379e-01   3.58892470e-01
   -9.89264614e-01   1.91564036e+00  -7.58545447e-01  -2.21985128e+00
   -1.39376824e+00   6.63476429e-01  -2.15433788e-01  -2.50989515e+00
    4.23263528e+00   5.24428961e-01  -2.52267666e-01  -2.87895671e-01
    5.48418160e-01   5.86554364e-01  -1.21513873e+00  -1.77172499e+00
   -3.88495555e+00   7.51646516e-01  -1.86648670e-01   3.90357877e-01
   -1.82236254e-02 
    8.75750175e-01  -1.54889465e+00  -4.80470048e-02  -7.22035533e-01
   -1.17912162e-01  -2.76565861e+00   9.28181204e-01   1.00105635e+00
    6.07836153e-01  -2.02127420e+00  -5.54038827e-01   2.83902540e+00
    3.04688856e+00  -1.66133496e+00  -1.07832374e+00  -3.98208650e+00
   -8.34050021e-01   6.95008383e-03   7.05876461e-02  -7.40520421e-01
   -8.35956515e-01  -1.40899356e-01  -3.24182923e-01  -8.19396739e-01
   -1.27843306e+00  -2.04514347e+00   8.76735362e-01   3.49711212e-01
    5.50050536e-01   2.73002948e+00   1.09671843e+00   1.12766360e-01
   -4.42636659e-01 
    2.99813732e-02  -7.00270565e-01   2.15365047e+00  -6.48060557e-01
    1.98802886e+00  -1.17257932e-02  -8.92791282e-01  -1.28542051e-01
   -2.23253098e-01   5.18302938e-01  -4.43461565e+00   1.21323922e-01
    3.75389816e-01  -2.02231695e+00  -4.29498735e-01   2.27273230e+00
   -2.55447754e+00  -5.21215803e-01  -2.19914358e+00  -1.90457069e-01
   -2.71973150e+00  -5.34297577e-02  -3.03528647e+00   3.43794716e-01
   -3.04769317e-01   3.55032711e+00   3.53408395e-01   7.79637337e-01
   -1.46966716e+00   7.63429630e-01   1.24971319e+00  -1.78940418e-01
   -1.16007063e+00 
   -2.14641133e+00   2.51233226e+00   1.32224494e+00   1.65437874e+00
   -2.10906416e+00  -2.98542792e-01   1.24240944e+00  -2.40860342e+00
    2.47254023e+00   3.55810000e-01   7.93938169e-01  -1.62996226e+00
    1.03528517e+00  -1.72690093e+00   1.77543838e+00   1.20338501e+00
   -6.12838881e-01  -2.54598594e+00  -4.18301600e-01   4.66719135e-01
   -1.48113203e+00  -1.82460924e+00   2.34768702e+00  -1.24943028e+00
   -2.05714219e+00  -3.59020548e-01  -3.50937013e-02   1.98534560e-01
   -1.50843343e+00   6.12661835e-02   1.42961306e+00  -2.00348011e+00
   -6.06474141e-01 
    1.19132861e+00  -1.00802097e+00  -9.78876443e-01  -1.61979865e+00
   -5.72535775e-02   1.03166963e-01  -1.11563085e+00  -2.64327583e+00
   -2.70258942e+00  -2.65556223e+00  -1.98924345e+00   2.01452444e+00
   -2.61162828e+00  -1.48122313e+00   3.46158834e-01   3.44820232e-01
    4.99729540e-01  -1.12829921e-01  -2.29656690e+00   1.69532106e+00
    1.31341318e+00   1.22799471e+00   5.13869825e-01  -2.51480691e+00
    2.68859048e+00  -9.95747730e-01   2.18185014e+00   6.03161297e-01
    2.81562814e+00   4.45395789e-01   7.26573775e-03  -2.07136443e+00
   -5.19116289e-01 
    1.15602439e-02  -3.05194142e+00   5.00745844e-01   1.03670677e+00
   -5.91103223e-01   1.40956353e+00  -1.24742302e+00  -2.28372366e+00
   -1.94498650e+00  -2.08738991e-01   1.19315157e+00  -7.86272112e-02
   -2.60952993e+00   1.87476068e+00  -3.86381897e-01   2.96512442e-01
    3.18657105e-01  -1.40738211e+00   1.10602328e+00   1.59530553e+00
   -8.09568129e-01  -1.34685969e+00  -1.41248142e+00  -3.00943081e+00
   -1.62045168e+00  -1.72545447e+00   3.65755673e+00   9.62153884e-01
   -1.22351898e+00  -3.48383563e-01   1.57680388e+00   2.64287486e+00
   -5.96004056e-01 
   -1.15304554e+00   4.74877959e+00  -1.46159340e+00  -2.63039352e+00
   -2.24997090e+00  -1.24482721e+00  -1.17894728e+00  -1.72167910e-01
    1.09595344e+00  -2.39861537e+00  -2.70573152e+00   3.50575637e-01
   -6.56059165e-01   1.35620113e+00  -3.85880343e-01   1.60839390e+00
   -5.71621230e-01  -5.56915672e-01  -3.07925975e-02  -9.37699548e-01
    7.87778806e-01   1.79037656e+00  -6.20621470e-01   1.01108835e+00
    4.27977636e-01  -1.68024771e+00  -1.56639565e+00  -2.32165250e-02
    1.14361797e+00  -1.01084384e+00   1.80989945e+00   1.23533276e+00
   -7.10319471e-01 
   -4.29388657e-01  -9.75539751e-01  -2.53808835e+00  -2.13044768e+00
   -2.17278996e+00   1.00630275e+00  -7.48830028e-02  -1.71653925e-01
   -7.00545738e-01   3.71416009e+00   1.21514670e-01   2.22759927e+00
   -9.87216521e-01   4.26124506e-01  -5.57529913e-01  -1.34549857e+00
   -1.18841583e-01  -1.12311232e+00  -4.63113025e-01  -1.52498904e+00
    2.93796232e-01  -3.40555750e-01  -9.01042026e-01  -7.05958752e-01
   -1.32886433e-01  -2.09308464e-01  -1.96884516e+00   5.23904557e-01
    1.58834523e+00  -1.25728953e+00   2.11838128e+00  -4.28801536e-01
   -2.15222555e-01 
   -2.35800445e-01  -7.98420342e-01   4.74482062e-01   1.97626374e+00
   -2.45943598e+00   1.36823514e+00  -2.55093599e-01   1.14860054e+00
    9.65468448e-01  -7.60843473e-01  -9.53442332e-01   1.32550176e-01
   -1.72963285e+00  -7.52951941e-01  -2.76310876e+00   2.21920805e+00
   -3.14201994e+00   4.88553680e-01   1.03295090e+00  -8.47850453e-01
    8.93930713e-01  -5.64266112e-01   1.49892397e+00   3.71191655e-01
    2.30226204e-01  -2.14072941e+00   9.51276590e-01  -1.36058784e+00
   -1.55125951e-02  -1.20722753e+00  -9.38255710e-01   7.48451911e-01
   -6.03513313e-01 
   -5.92769000e-01   2.29646823e+00   3.19009159e-01  -1.11089644e+00
   -9.84300373e-01  -2.31738150e-01   9.57364989e-01   1.56876809e+00
   -1.14556565e+00   2.62150335e-01  -1.01364874e+00  -6.38187588e-01
    2.20718935e-01   3.57774350e-01   2.04586933e+00  -1.21715560e+00
    4.73928924e-01   2.41887218e-01  -1.45611886e+00   4.28473132e-01
   -8.35463640e-01   9.56936900e-01  -3.99440182e-01  -4.11964479e-01
    1.02841129e+00  -1.23592683e+00  -4.12606391e-01  -4.31558710e-01
   -2.70300798e+00  -1.77058733e-01  -1.99426914e+00  -2.99663357e+00
   -1.00443064e+00 
   -1.55269028e-01  -1.82232136e+00  -2.43780139e+00   2.10801154e+00
    1.39607633e+00   8.81498412e-01  -4.10541509e-01  -5.09496795e-01
    2.15148517e+00   1.28623446e+00   2.01615429e-01   5.55002142e-01
   -2.91510650e-02   2.68343680e-01  -1.06850536e+00  -6.43366383e-01
   -2.56215596e-01  -1.95478224e+00  -9.48171930e-01   1.69483949e+00
   -4.22101395e-01   7.61716186e-01   4.66430129e-01  -1.60505519e+00
   -4.89248515e-01  -1.63437170e+00  -1.66329982e+00  -6.79732993e-01
    1.14260535e+00  -4.97527224e-01  -9.03195267e-01  -6.79238747e-01
   -2.04774414e-01  