NN 16 32 16   -2.92471600e+00  -6.87352715e-01  -5.57014088e-01   8.08005481e-01
    1.48955376e+00  -7.37384093e-01  -1.21524572e+00  -1.40980817e+00
    2.22143283e+00  -1.30298369e+00  -4.90036256e-02   6.23570302e-01
    6.19199449e-01  -1.94511769e-01   2.16448944e-01  -3.27754652e-01
   -7.24737643e-01 
    3.69362806e-01  -2.04051519e-01  -4.59284492e-01  -5.38967877e-01
    9.34103352e-01  -3.30643356e-01   8.64091268e-02   4.70036699e-01
   -2.04606545e+00   5.82594527e-01   1.77066172e+00  -2.90277167e+00
    5.43990843e-01   6.29670026e-01  -1.48871248e+00   1.10767408e+00
    4.76826936e-01 
   -3.85818311e-01  -6.87439456e-02  -2.30212619e+00   1.12595858e+00
    2.10629297e+00  -1.38777272e+00  -5.71724449e-01  -6.93360770e-01
   -9.90709352e-01   2.42494545e-01   2.81979446e-01   1.46309531e-01
    1.48104221e+00  -8.61293408e-01  -4.75774402e-02   1.39980179e+00
    1.81233612e-01 
    1.38953911e+00  -7.63535663e-01  -8.11379821e-01   5.75965088e-01
   -1.92919052e-01  -9.77605963e-01   1.07408747e+00  -2.06420565e-01
   -1.20115914e+00   7.96053320e-01  -1.11617296e+00   1.37846250e+00
    1.42357341e+00  -1.64825631e+00   8.12637224e-01  -1.63023471e+00
   -4.40258030e-01 
   -1.23694593e-01  -1.26004980e+00   1.18818839e+00  -9.21087331e-01
   -3.34599293e-01  -7.07079511e-01  -1.28125530e-01  -1.60390953e+00
    1.28925496e+00  -1.22145039e-01  -3.16199923e-01   1.64492459e+00
    1.54575169e+00   1.78327434e+00   8.30975302e-02  -1.34086075e+00
   -7.30961217e-01 
   -2.98546913e-01   9.97513116e-01   1.10159254e+00  -1.07843094e+00
    4.18122711e-01   1.01131626e+00   1.22387164e+00  -2.63515463e-02
    1.86292097e-02  -3.32699055e-01  -1.21931312e+00   5.78933139e-01
   -6.86151311e-01  -1.18214048e+00  -2.57965228e-01  -1.98607624e-01
   -9.53247868e-02 
    5.33659822e-01   1.38242339e+00   1.19514955e+00  -1.42339361e+00
   -1.40750094e-01  -1.52310455e-01  -1.57074533e+00   9.14482181e-01
   -5.35895755e-01   3.90357075e-01   7.64371214e-01   6.05075653e-01
   -1.50659644e-01  -3.03653097e-01  -1.08658208e+00   8.15326637e-01
   -5.04923466e-01 
    7.20995058e-01  -1.28009518e+00   8.70536429e-01  -3.47842146e-01
    7.12351969e-01   3.30200284e+00  -1.68235100e+00   8.08967819e-02
    1.91796208e+00   1.99713273e+00   5.80810525e-01  -6.53058072e-01
   -6.42371597e-01  -2.06804503e+00  -1.06842801e+00   1.58506389e-02
   -6.84861461e-01 
    3.16291289e-01   2.21622704e+00  -8.26665551e-01  -5.52910284e-01
    7.39117256e-01  -1.18291962e+00  -5.59445427e-01  -2.36299211e-01
   -1.52611718e+00   2.08054245e+00   1.11599452e+00  -8.64920644e-01
    5.18536113e-01  -1.58887939e+00   1.02326024e+00  -1.11682810e+00
   -1.06005901e-01 
   -1.42342118e+00   1.55817019e-01  -8.23952452e-01   1.09117702e+00
    1.73073479e+00  -5.76465817e-01   1.18984617e+00  -6.20699526e-01
   -7.06230343e-01   1.40026948e+00   1.22404908e-01   1.68468938e+00
   -2.26570071e+00   5.32507026e-01  -2.27588516e-01  -1.09544538e+00
    2.36307565e-01 
   -6.84297146e-01   5.25547694e-01  -9.98740352e-02  -2.53275205e+00
   -1.89219276e+00  -1.09019117e+00   4.94689972e-01   3.32891450e+00
   -7.84916898e-01   6.34707344e-01  -8.39168307e-01   2.13156820e+00
   -6.04738072e-01  -9.71064172e-02  -1.00983129e-02   2.89331195e-02
   -5.96589320e-01 
    2.31582511e+00  -9.18468138e-01   5.09453403e-01   1.61311152e+00
    1.17490753e+00  -3.18833786e-01  -1.54986746e+00   6.48626960e-01
    2.23481030e-01  -9.05496552e-01  -2.52425386e-01  -5.31385927e-01
   -2.31333366e+00   2.51064873e-01   7.80447370e-01  -5.18068170e-01
   -2.81198160e-02 
    1.20869493e-01  -1.42510385e+00   1.04237901e+00  -1.04731063e-01
    1.89998048e-01  -3.61937317e-02  -2.88414025e+00   3.29353087e-01
   -1.82002864e+00   7.92722072e-01   2.55144434e+00   4.78232803e-01
   -2.08181128e-01   1.04404317e+00  -4.54810959e-01  -3.99355522e-01
   -9.85323480e-01 
   -3.98520577e-01  -3.44626116e-02  -7.18837048e-01   1.28366562e-01
    1.85070900e+00  -1.69844311e+00   8.06490571e-01   3.41754573e-01
    8.16140226e-01   1.49109704e+00  -1.98233667e+00  -1.79575081e+00
   -6.60200242e-01   5.52198521e-01  -4.09615741e-01  -2.05304704e-01
   -1.23745668e-01 
    8.62308265e-01  -1.96382884e+00   2.29774924e-01   2.45702922e+00
   -1.89569374e+00   1.11299282e+00   4.06017158e-01  -3.20602035e-01
   -1.57542615e+00  -1.46116437e-02  -2.89480802e-01  -5.63514299e-01
    6.85570130e-01   2.18923913e+00  -1.58893465e+00  -1.66412307e-02
    6.02230618e-01 
    1.06750301e+00  -9.13201516e-01   9.51639048e-03   1.40506839e-01
   -2.05195086e-01   3.69277719e-01   2.89697365e+00  -2.60865946e+00
   -1.39867303e+00  -6.26230577e-01  -3.23035971e-01  -8.23318791e-01
    1.43864116e+00  -1.58773470e+00   4.95556072e-01   5.06851371e-02
    3.92174647e-01 
    1.45939144e+00   4.93797885e-01  -2.68834147e+00  -3.47848530e+00
    5.03599582e-01   1.01648129e-01   1.12643363e+00   1.51295500e+00
    6.17851812e-01  -2.19660407e-01  -1.04652225e+00  -7.34096563e-01
   -2.35612261e-01   1.86468677e+00  -5.26420425e-01   8.13518604e-01
    1.00808030e-01 
   -1.31621561e+00   2.11600277e-01  -4.47833245e-03   4.54177014e-02
    6.93471151e-01  -9.02404931e-01  -1.18282893e-01   1.76443993e-03
    1.21678009e+00  -7.31592526e-01   7.50347451e-01  -2.22642199e-01
    6.45440842e-01  -7.83143453e-01  -4.92924060e-01   8.94833957e-01
   -5.50495075e-01 
   -8.32538598e-02  -1.74997749e+00   1.65006590e+00  -1.83400496e-01
   -2.03167345e+00   4.47891028e-01  -1.06216478e-02   1.36891805e+00
    5.08903573e-01   1.72654174e+00  -1.68489593e+00  -6.17310153e-01
    5.67995317e-01  -9.62255825e-01   5.74592084e-01   5.87556013e-01
    1.46323382e-01 
   -1.22100543e+00   4.62930777e-01  -1.02180379e+00   1.66395527e+00
   -7.28616020e-01   1.89269716e+00   5.82195211e-01  -1.24378664e+00
   -1.94453103e-01  -1.65017151e+00  -6.78497797e-01   6.27188940e-01
    1.59521135e+00   4.26632164e-01  -1.69049986e-01  -1.56127819e+00
    4.00895643e-01 
    1.73805331e-01   2.25335378e+00   1.13994785e+00  -2.49673481e-01
   -2.80079061e-01  -3.78047726e+00   1.10789774e+00   2.73754873e+00
    1.31693778e+00  -1.46771262e+00   5.74761118e-01  -8.39247359e-01
   -5.79908026e-01  -3.78477176e-01   5.07359954e-01   8.84508872e-02
   -1.40545701e-01 
   -2.29819599e+00   7.28852175e-01   1.53317428e+00  -3.87754146e-01
    1.55608253e+00  -1.02897242e+00  -4.30294443e-01  -5.58408443e-01
    1.75578072e+00  -1.19088654e+00   1.82018665e-01  -1.69123977e+00
    5.04184822e-01   6.15499319e-01  -1.04437484e+00  -2.18890706e-01
    6.14579583e-01 
   -4.55385078e-01  -5.09357203e-01   6.87726362e-01  -9.67273660e-01
    1.99239452e+00  -1.54291445e+00   1.71242302e-01   1.95116753e+00
   -2.11304280e+00  -6.19912356e-01   9.61647770e-01   5.95599916e-01
    6.01509461e-01  -6.26824401e-01  -3.17574464e-01  -4.29871162e-01
   -2.86974419e-01 
   -1.65601718e+00   9.92414261e-02  -1.17403223e+00   1.75511190e+00
   -1.06110923e+00   1.05489140e+00   5.10181229e-01  -7.80766412e-01
    1.28140306e+00   1.56273631e+00   1.44330554e+00  -1.63405617e+00
    6.25577056e-01  -1.21220632e+00   4.11682939e-01  -1.00249358e-01
   -5.82559381e-01 
    1.52367661e+00   1.45066290e+00  -1.54390672e+00  -7.58424412e-01
   -2.91777771e+00  -7.53410200e-01   6.99643864e-01   4.78314832e-01
    1.18679135e+00  -2.42617107e+00   2.13550785e+00  -1.43788929e-01
    1.76748219e-01  -1.13280585e-01  -6.52705683e-01   1.04142058e-01
   -1.32732359e-01 
    1.27277648e+00   9.27899976e-02  -1.37518981e+00  -2.79358511e-01
   -9.25965415e-01  -2.75493577e-01   2.17733541e+00  -2.79789539e+00
    8.48378835e-02  -2.67240454e-01   5.73466202e-01   1.14358769e+00
   -2.84720093e-02   1.26226487e+00   1.00752734e+00   5.94463093e-01
   -5.58691319e-01 
   -7.52799852e-01  -8.20285890e-01   1.64077384e+00  -4.34942487e-02
    1.31218495e+00   1.40590791e+00  -2.32798557e+00  -1.73382196e-01
    2.33360457e-01  -7.43444363e-01  -2.61385119e+00   4.55206819e-01
    1.42696298e+00  -1.06797924e+00   1.28631485e-01   2.11545205e+00
   -1.95264397e-01 
   -7.89145038e-01   2.23573091e+00   1.20118798e+00  -1.06227452e-01
   -8.21076604e-01   2.09905388e+00  -2.57229302e-01  -3.20114177e-01
   -1.07138865e+00  -1.47296143e+00  -5.10079619e-01  -3.28920096e-01
   -9.18768045e-01   5.07443764e-01  -1.15786371e-01   4.86784025e-01
   -4.39118506e-01 
   -3.63342772e-01  -1.42531150e+00  -8.54346098e-01   1.15128210e-01
    6.03836735e-01   2.19897699e+00  -7.71244173e-01   8.17937918e-01
    4.57474251e-01  -2.00293604e+00   1.12129410e+00  -9.50939298e-02
   -1.24924474e+00   1.19477751e-01   2.16130864e+00  -1.15580192e+00
    3.94098253e-01 
   -3.20149247e-01   1.57379647e+00   7.08480962e-01  -6.96717888e-01
    5.87498654e-01  -1.24283077e+00  -2.09477273e+00  -1.41627016e+00
   -6.96321378e-02  -6.51308743e-01  -1.02262393e-01   7.59877532e-01
    5.56405835e-01   3.25166810e-01   2.53055644e-02   8.74263213e-01
    8.64763471e-02 
   -1.27614404e+00   1.25998925e-01   2.24203400e+00   1.39072429e+00
    1.05228978e+00   3.06823270e-01  -1.30572173e+00  -1.02235535e+00
   -5.84031486e-01   6.62615462e-01  -1.86381454e+00  -1.26027105e+00
   -1.40491396e+00   1.09133488e+00   1.07597448e+00   7.67622551e-01
    2.36965955e-01 
    1.19800958e+00   9.81911447e-01  -8.65012993e-01  -4.02233304e-01
   -6.79274526e-01  -1.66535388e-01  -8.50700488e-01  -1.60825790e-01
    1.48320123e+00   1.27447302e+00  -1.73159079e+00  -1.41391449e+00
   -2.81365288e-01  -1.38245549e+00   2.19869308e+00   5.18336473e-01
   -4.18931396e-01     2.83019536 -0.65535801 -0.06973039 -1.77132792 -0.64720043  0.60168607
  -0.34585676 -0.8037563   0.56401003  1.16482256  0.51769059 -2.49734927
  -0.90371283  0.20562465  0.62825184 -1.59917281 -0.50813245  0.29479778
   0.23193328  0.68764451 -0.31274845  2.33884345  0.36276078  2.01267177
  -2.17469669 -1.06016982  0.45903325 -0.09216766 -0.15974283 -0.44094979
   0.70506286 -1.62429625 -0.22209073 
   0.5073322   0.3238289  -0.32313699  0.2371836   1.04550191 -0.38295434
  -1.32016478  1.00106822 -2.17797995 -0.37214234 -0.86251791  0.36010122
   1.45245294 -0.04238126  1.92782505  0.32355711 -0.01402203 -0.65567639
   1.83913786 -1.87587508 -1.61437477  0.23362163  0.23857711  0.31954156
  -1.53628967  0.46289413  0.78506799 -3.56513558  1.27548825 -1.56188772
   0.05349289 -1.23269052  0.1412398  
   0.86366022  0.13815925  2.62194833  0.5393822  -1.91982676 -1.12648297
  -1.0078526  -0.81704709  1.50572225  1.10808967  0.3165357  -0.0926412
  -1.81708787  0.20085735 -0.32120989 -1.29000046  2.11526986 -0.18811378
  -1.34109977  1.11102225 -1.36102624 -2.12398688 -1.04357017  1.30329321
   1.21035631  1.05084984 -1.9353865  -0.85292402  1.73263678 -0.45280796
  -2.54684106  0.77387855 -0.39449439 
  -1.07150235  0.77410772 -1.24165624 -0.84031751  1.40126683  1.10188313
   1.2548152   0.31473744  0.33711918 -0.87297815  2.19956281 -2.35150796
   0.60629525 -0.99476939 -3.14348105  0.04581433  3.63379165 -0.28890327
   0.6701626  -1.89960357 -1.12437426  0.7079732   0.97544636 -2.72326836
   0.20113003  0.43261034  0.16535371  0.07194546 -0.30004211  0.31593009
  -1.78552914 -0.41497389 -0.15299279 
  -1.38444234 -1.02629096 -1.97020968 -0.19888665  0.28206972 -0.26982083
   0.26148864 -1.09186635 -0.40815914 -2.62844582  1.2425946  -0.29863106
  -0.27861799 -2.2988458   2.46482997 -1.29225096  0.03881276 -1.38302995
   2.6883584   0.14490428  1.22471154 -1.25535662 -2.78026482  2.0817974
   1.89900863  1.51644503 -1.48312915 -0.33843147 -1.01746139 -0.65857564
  -0.93816296  1.17678849 -0.10667515 
  -0.433267   -0.01226405  0.74788214  0.89795597  0.88024654 -0.59474412
  -0.35055552 -3.35291821  0.9681157   0.06794355 -0.07595766 -0.20475831
  -0.60093175  1.88627472 -0.96069148 -1.63832875 -1.04234583  0.33966443
  -0.21520854 -2.74526213  4.33700431  0.47689437  0.46583151  0.09190366
  -0.13087902  0.59989081 -1.5701769  -1.45533171 -3.35793312  0.64951274
  -0.21261481 -0.02655727  0.08756348 
   0.5446271  -0.54484406  0.33637354 -1.10924744 -0.44898329 -1.35849786
   1.43264555  0.7778499   0.01438569 -2.2192065  -0.4840594   2.18902025
   3.28519746 -1.60216061 -1.14184473 -3.662956   -0.98983003  0.17671476
  -0.4278329   0.25974187 -0.76643054 -0.45474671 -0.38805673 -0.71084447
  -1.72299687 -1.44650776  1.24349222  0.3557302   0.25468138  2.6799419
   0.58045536  0.69825964 -0.20508173 
   0.1508929  -1.00797349  1.80412388 -0.5870969   1.3184486  -0.10958148
  -0.93343648  0.34850888  0.05494662  0.39923825 -3.89940359 -0.03648998
  -0.34197775 -1.12578356 -0.42039479  2.03253694 -2.19057417 -0.59352385
  -2.33418926 -0.16557737 -2.39299669 -0.17100143 -2.62264782  0.35421813
  -0.20086984  2.76141263  0.66951898  0.56646411 -1.5553476   1.15783479
   0.85306413 -0.3207034  -0.53144711 
  -1.71683102  2.04421524  1.09325906  1.12925528 -1.85773138 -0.27068415
   1.10393891 -2.04128726  1.87309368  0.21169772  0.38393248 -1.27102179
   1.05037781 -1.39986587  1.88181025  1.36372005 -0.97224324 -1.7702754
  -0.46893757  0.47637283 -1.29370929 -1.45668036  1.97165144 -1.42609312
  -1.50120088 -0.65082838 -0.04784594  0.66611548 -1.1765897  -0.21293552
   1.29345234 -1.51503999 -0.50362459 
   0.6945073  -0.62254221 -0.61276185 -1.08200321 -0.24511126  0.05158001
  -0.87786602 -2.20807498 -2.2303438  -2.1777947  -1.77595362  1.4904252
  -1.9145452  -1.33022677 -0.08592882 -0.14409323  0.75797244  0.05644863
  -1.87013868  1.80669996  1.05309886  1.21448171  0.70537158 -2.48727171
   2.49668579 -0.42210906  1.39419311  0.03186997  2.04897889  0.22567471
   0.09364583 -1.34996023 -0.06470297 
  -0.4223277  -2.09722153  0.21920738  0.69701754 -0.43576732  0.87854006
  -0.88386847 -2.21052803 -1.13149632 -0.09203837  0.97867117  0.68217906
  -2.60031787  1.93522017 -0.40134596  0.21014271  0.89359637 -1.00388061
   0.84702896  1.34393671 -0.47776149 -0.79058281 -1.12778849 -2.31686527
  -1.84259017 -1.54438737  2.94912511  0.72089831 -1.00394948 -0.36079777
   1.39571166  2.18454519 -0.18595499 
  -1.41511745  3.54618447 -0.9428299  -2.37742136 -1.90640045 -0.93481891
  -1.05077223  0.26349861  0.97526665 -2.0403099  -2.45226567 -0.00778108
  -0.85651331  1.29701374  0.26083816  1.42913197 -0.86544631 -0.4072719
  -0.12452976 -0.61177228  0.75136765  1.77995295 -0.42683429  0.81730655
   0.88317981 -1.79194053 -1.22990138  0.0225521   0.7288391  -0.77547303
   1.06150863  0.93768802 -0.46764547 
  -0.46507379 -0.69923423 -2.39336843 -1.83566369 -1.87737051  0.75384489
   0.26752877 -0.22464869 -0.42772019  2.64224726  0.01730862  2.01591376
  -1.02069824  0.08855766 -0.23377544 -1.21239258 -0.03360743 -1.00926206
  -0.26277822 -1.16554139  0.55702805 -0.42627936 -0.80898592 -0.66695506
   0.13711118 -0.27813063 -1.49441839  0.46246945  1.37858522 -1.0613047
   1.6992282  -0.37565454 -0.14588897 
  -0.28802541 -0.74453062  0.5911441   1.6770348  -2.01010394  1.04907226
  -0.18590109  0.80984668  0.85732943 -0.64159405 -0.862197    0.01804408
  -1.55064842 -0.58710266 -2.2856772   1.69378327 -2.55922845  0.2629335
   0.87215758 -0.69703294  0.59939493 -0.62903217  1.19226339  0.29983692
   0.33322477 -1.91074383  0.89994374 -1.16005389  0.2074866  -0.86714789
  -0.719841    0.62357986 -0.36142144 
  -0.62439039  1.57716222  0.19631708 -1.04638459 -0.98035241 -0.22213436
   0.8050131   1.20070758 -0.66670805  0.07152507 -0.80761873 -0.61713216
   0.26544837  0.38388694  1.37768581 -0.98104478  0.38083384  0.2039666
  -1.05389266  0.41634057 -0.56487597  0.82409651 -0.20801686 -0.28697001
   0.80329962 -1.24074105 -0.46130903 -0.256219   -1.64750854 -0.00783913
  -1.4994178  -2.34343917 -0.81048625 
  -0.37273688 -1.37503607 -1.88705246  1.38001472  1.12806371  0.7390688
  -0.54557899 -0.45212786  1.2726603   1.03134898  0.08406765  0.21688636
  -0.40185196  0.22011484 -0.83212473 -0.0486897  -0.11465848 -1.40612986
  -0.68060901  1.31331821 -0.62691402  0.46236099  0.15962926 -1.28271652
  -0.49484584 -1.22849802 -1.46944714 -0.44341429  0.83220287 -0.57333777
  -0.83466417 -0.43972744 -0.18906939  