NN 16 32 16   -3.13279895e+00  -7.65354442e-01  -2.89251866e-01   5.35560393e-01
    1.88063564e+00  -8.30012258e-01  -1.40329786e+00  -1.64945559e+00
    2.45240644e+00  -1.49603553e+00  -2.02102081e-01   5.06262650e-01
    6.91235423e-01  -2.51883037e-01   2.18594977e-01  -3.97683816e-01
   -7.81750362e-01 
    5.43831708e-01  -3.45787392e-01  -2.68131548e-01  -5.67759568e-01
    1.00349427e+00  -4.57210702e-01   1.44564142e-01   4.70323959e-01
   -2.14575500e+00   7.22023116e-01   1.66425243e+00  -3.34118640e+00
    5.54843870e-01   6.75180660e-01  -1.69915481e+00   1.17294682e+00
    4.78720642e-01 
   -5.75872300e-01   1.65452992e-01  -2.43294339e+00   9.96729466e-01
    2.17671258e+00  -1.71678700e+00  -3.49300541e-01  -6.07202657e-01
   -1.08335594e+00   2.90213296e-01   1.26071447e-01   1.42534523e-01
    1.46530234e+00  -8.43347296e-01  -1.23550051e-01   1.65440809e+00
    1.45181951e-01 
    1.53380399e+00  -7.54422089e-01  -8.51639167e-01   5.83670630e-01
   -1.36501079e-01  -1.10142324e+00   9.77247072e-01  -3.05232333e-01
   -1.29669500e+00   7.78371011e-01  -1.33366395e+00   1.58810887e+00
    1.56919678e+00  -1.60836462e+00   9.17377634e-01  -1.84803932e+00
   -3.95709773e-01 
   -2.89784824e-01  -1.41128655e+00   1.30169743e+00  -9.75709806e-01
   -2.81974664e-01  -6.92167964e-01  -5.05593452e-02  -1.62862673e+00
    1.33698280e+00  -2.47519854e-01  -4.50306816e-02   1.74410793e+00
    1.55650696e+00   2.03812322e+00   1.07146459e-01  -1.35931070e+00
   -6.95136974e-01 
   -4.04208655e-01   1.04567263e+00   1.37501118e+00  -1.18684459e+00
    5.56235312e-01   1.04823281e+00   1.45217072e+00  -1.32090024e-01
    1.67714497e-02  -4.03022651e-01  -1.50662552e+00   6.10340780e-01
   -7.83127979e-01  -1.33128017e+00  -2.80520045e-01  -2.12948076e-01
   -7.04841794e-02 
    6.12202547e-01   1.33224827e+00   1.23205578e+00  -1.72576441e+00
   -6.08303380e-03  -9.04632967e-02  -1.68498705e+00   1.02818107e+00
   -4.85672124e-01   5.63838601e-01   8.37352128e-01   3.22769085e-01
   -2.61846367e-01  -4.46293756e-01  -1.23270655e+00   7.79107129e-01
   -6.20106447e-01 
    5.87873322e-01  -1.29183337e+00   1.04139768e+00  -5.85532714e-01
    7.59344094e-01   3.46320738e+00  -1.51468911e+00  -9.66944597e-02
    2.11164550e+00   2.14979263e+00   5.98942867e-01  -6.43160043e-01
   -6.59336130e-01  -2.31981265e+00  -1.17171725e+00  -1.29180671e-02
   -6.55504312e-01 
    4.22657951e-01   2.41288533e+00  -8.65342632e-01  -6.42409605e-01
    8.63923608e-01  -1.18222251e+00  -8.07408016e-01  -2.44460221e-02
   -1.64716679e+00   2.07876836e+00   1.12022518e+00  -1.09925729e+00
    6.50766164e-01  -1.74191890e+00   1.12463222e+00  -1.32143949e+00
   -1.15183251e-01 
   -1.32558919e+00  -1.28064570e-01  -8.51661428e-01   1.22562331e+00
    1.63046372e+00  -8.26609905e-01   1.28837567e+00  -6.12855834e-01
   -8.49704101e-01   1.09551093e+00   2.71884734e-01   1.83394215e+00
   -2.36673565e+00   4.91924409e-01  -3.45786067e-01  -1.25218691e+00
    2.34331588e-01 
   -4.81975058e-01   4.55794807e-01  -8.58760224e-02  -2.61205888e+00
   -1.78471321e+00  -1.26504077e+00   3.03888737e-01   3.60226188e+00
   -9.71559160e-01   5.63445679e-01  -6.20249006e-01   2.45560655e+00
   -8.17902602e-01  -2.70693365e-01  -6.06932113e-03  -1.43727511e-02
   -6.37486637e-01 
    2.49551819e+00  -7.85839082e-01   5.91820465e-01   1.73444092e+00
    1.36217950e+00  -3.33364842e-01  -1.47110123e+00   6.50498211e-01
    3.77025807e-01  -7.36588883e-01   1.62700686e-01  -6.18426933e-01
   -2.52472811e+00   4.24197252e-01   9.26843019e-01  -5.41519877e-01
    3.62875931e-02 
   -9.64618804e-02  -1.50850760e+00   1.13480536e+00  -2.58480138e-01
   -7.73550199e-02   2.39818903e-01  -2.97831797e+00   1.52170654e-01
   -1.84616166e+00   8.79847153e-01   2.80042011e+00   2.38902359e-01
   -4.07033751e-01   1.14823517e+00  -5.32886884e-01  -5.15970392e-01
   -1.09043892e+00 
   -3.19212579e-01   1.44964882e-03  -6.71583522e-01   2.01362704e-01
    2.07511903e+00  -1.84721518e+00   7.91317874e-01   6.68475777e-01
    8.77589914e-01   1.51791142e+00  -2.08722734e+00  -1.69657171e+00
   -7.60795127e-01   5.39918846e-01  -4.45947795e-01  -1.39681039e-01
   -1.17200100e-01 
    1.14374279e+00  -1.90580701e+00   4.81716793e-01   2.56777366e+00
   -2.01793789e+00   8.65203864e-01   5.05725511e-01  -6.20140631e-01
   -1.52315854e+00   1.27706752e-02  -3.51778400e-01  -4.36884294e-01
    7.70241139e-01   2.31837240e+00  -1.67304983e+00  -6.65906889e-02
    6.18065646e-01 
    1.34044996e+00  -1.03562817e+00   2.88315100e-03   8.06176186e-02
   -2.37699132e-01   1.25268733e-01   2.96075713e+00  -2.70415316e+00
   -1.31468896e+00  -7.42978809e-01  -3.16400114e-01  -8.11429955e-01
    1.41785552e+00  -1.64609350e+00   6.34460203e-01   2.99304008e-01
    4.81932230e-01 
    1.30426143e+00   6.08186339e-01  -2.93281575e+00  -3.64229398e+00
    6.61409422e-01  -4.91577678e-02   9.53599847e-01   1.62303235e+00
    4.38872045e-01  -4.37241965e-02  -9.10570415e-01  -8.46535155e-01
   -3.55026246e-01   1.70360451e+00  -5.83731962e-01   8.41906111e-01
    6.30580650e-02 
   -1.37176643e+00   3.70517295e-01  -1.31553917e-01   2.27349960e-01
    6.90819753e-01  -1.03558582e+00   4.78666593e-02   1.30612109e-01
    1.29470198e+00  -7.99208240e-01   9.05350800e-01  -1.10613338e-01
    8.10899219e-01  -8.44155897e-01  -4.75930418e-01   1.08857250e+00
   -5.27369696e-01 
   -3.14783317e-01  -1.97027378e+00   1.88535523e+00  -1.82980245e-01
   -2.05540906e+00   5.41820750e-01  -3.16239028e-03   1.40788711e+00
    3.80188792e-01   1.75432909e+00  -1.71820323e+00  -6.47415580e-01
    4.84122774e-01  -1.05598590e+00   5.36212552e-01   5.34562781e-01
    9.46809209e-02 
   -1.25181879e+00   4.65667335e-01  -9.12596611e-01   1.90776742e+00
   -8.64185466e-01   1.82055510e+00   7.57068673e-01  -1.37670167e+00
   -2.41849126e-01  -1.70316597e+00  -8.59794343e-01   6.76510597e-01
    1.68065965e+00   1.81545818e-01  -1.91775344e-01  -1.79053043e+00
    3.70748815e-01 
    5.91089131e-02   2.32987988e+00   9.24945269e-01  -1.49772937e-01
   -5.34269638e-01  -4.02834181e+00   8.97955291e-01   3.38840564e+00
    1.20354636e+00  -1.79937579e+00   6.15995226e-01  -5.98848611e-01
   -5.40140753e-01  -5.29764334e-01   5.33138512e-01  -6.53774309e-02
   -2.06745496e-01 
   -2.38839822e+00   8.12733212e-01   1.62596177e+00  -4.33099582e-01
    1.65050086e+00  -9.23939099e-01  -5.26409219e-01  -5.41305931e-01
    2.00378186e+00  -1.35634141e+00   1.66524020e-01  -1.73393475e+00
    5.40313833e-01   5.76198192e-01  -1.08096687e+00  -3.09833694e-01
    6.21114471e-01 
   -4.90948269e-01  -4.49559063e-01   4.84833795e-01  -8.82764199e-01
    2.05195097e+00  -1.58914003e+00   3.03318245e-02   2.02977975e+00
   -2.33873409e+00  -8.11199419e-01   8.46415913e-01   5.41305728e-01
    4.58887372e-01  -7.91062555e-01  -4.52800282e-01  -7.81470505e-01
   -4.31950196e-01 
   -1.77566926e+00   3.08236451e-01  -1.40457242e+00   1.92364806e+00
   -1.11690998e+00   9.31773120e-01   6.28461531e-01  -6.90196097e-01
    1.20160088e+00   1.56262472e+00   1.49106408e+00  -1.64195033e+00
    6.70917244e-01  -1.23894687e+00   4.15135665e-01  -1.45679073e-01
   -6.13215512e-01 
    1.58873911e+00   1.53465651e+00  -1.91199114e+00  -5.19989049e-01
   -3.21490110e+00  -9.99397520e-01   7.43186017e-01   6.73783869e-01
    1.19014595e+00  -2.33015698e+00   2.00530461e+00  -1.51447276e-01
    3.27287814e-01  -2.43196803e-01  -7.39003803e-01   7.33388184e-02
   -1.66529879e-01 
    1.49091382e+00   1.02825004e-01  -1.55104029e+00  -2.86798503e-01
   -1.18037012e+00  -4.24945675e-01   2.30079526e+00  -2.81133470e+00
    5.99068541e-02  -3.61952372e-01   3.63999553e-01   1.05102452e+00
   -1.77771884e-01   1.29311429e+00   9.29533554e-01   7.67973371e-01
   -6.32029241e-01 
   -8.16530050e-01  -5.76396516e-01   1.85782057e+00  -2.30392587e-01
    1.18073195e+00   1.63474620e+00  -2.58517943e+00  -2.12793768e-01
    2.29598660e-01  -7.98010222e-01  -2.76373629e+00   3.69427460e-01
    1.58557921e+00  -1.19721872e+00   1.12246325e-01   2.54102472e+00
   -2.06472811e-01 
   -7.46339026e-01   2.33834125e+00   1.19871627e+00   1.77675049e-02
   -1.05495318e+00   2.07712976e+00  -4.71804326e-01  -1.91882579e-01
   -1.02147061e+00  -1.79643020e+00  -3.47054780e-01  -1.94691174e-01
   -8.52850574e-01   4.76447236e-01  -8.98640546e-02   6.39011322e-01
   -4.49585469e-01 
   -4.49576711e-01  -1.27428845e+00  -8.57071171e-01   6.36024711e-02
    4.37816221e-01   2.32770848e+00  -8.76772068e-01   7.24119742e-01
    5.20780794e-01  -2.10760022e+00   1.16848061e+00  -2.38911603e-01
   -1.36161857e+00  -1.09973072e-02   2.41125577e+00  -1.29437166e+00
    4.60413338e-01 
   -3.44702360e-01   1.80087682e+00   5.16467968e-01  -7.38579968e-01
    6.62749430e-01  -1.40919848e+00  -2.08875212e+00  -1.48370849e+00
   -1.96802247e-01  -6.44924525e-01  -8.87473856e-02   7.62227520e-01
    5.83470287e-01   4.03864657e-01   8.85161540e-02   1.00109605e+00
    5.32876408e-02 
   -1.19295039e+00   1.88201747e-01   2.48380521e+00   1.31489193e+00
    1.11550314e+00   2.89043228e-01  -1.43550130e+00  -1.17385734e+00
   -5.90775834e-01   7.04385552e-01  -1.77584519e+00  -1.32749125e+00
   -1.48431629e+00   1.30924902e+00   1.25399828e+00   1.00635774e+00
    3.03884970e-01 
    1.18706267e+00   9.75404650e-01  -8.55580487e-01  -4.07061646e-01
   -8.35342131e-01  -3.24705160e-01  -7.10822183e-01  -2.82448507e-01
    1.47032370e+00   1.46268978e+00  -1.91964374e+00  -1.56854796e+00
   -3.69338980e-01  -1.56081880e+00   2.27772655e+00   6.45985949e-01
   -4.84134571e-01      3.06656143e+00  -8.49593372e-01   1.60609740e-01  -1.79763537e+00
   -7.96399492e-01   8.74800075e-01  -5.36512257e-01  -9.41925224e-01
    5.58156857e-01   1.07832948e+00   5.02055041e-01  -2.72834954e+00
   -9.26701489e-01   2.34183630e-01   6.68301310e-01  -1.56108634e+00
   -4.11122157e-01   2.65813390e-01   1.08481496e-01   6.66036706e-01
   -3.81154464e-01   2.21432998e+00   3.21611488e-01   2.05022662e+00
   -1.78452464e+00  -8.52076789e-01   5.06093271e-01  -2.06558038e-01
   -8.01410161e-02  -4.42655308e-01   3.78447851e-01  -1.61529586e+00
   -2.61679308e-01 
    5.99553017e-01   4.04902491e-01  -4.24437704e-01   1.03087242e-02
    1.09023056e+00  -3.89741281e-01  -1.35751131e+00   1.04636683e+00
   -2.30315820e+00  -2.06613468e-01  -9.00275422e-01   2.69036281e-01
    1.31935465e+00  -1.49335008e-01   1.82875530e+00   1.71042098e-01
    1.94188319e-01  -6.94491445e-01   1.88483427e+00  -2.03926997e+00
   -1.51566327e+00   2.51850345e-01   2.44197333e-01   1.99076907e-01
   -1.57060195e+00   5.88923885e-01   6.12117803e-01  -3.69201389e+00
    1.30573117e+00  -1.63252327e+00   9.74102787e-02  -1.34815473e+00
    1.69960908e-01 
    6.78231029e-01   1.53272423e-01   2.77608605e+00   7.72031354e-01
   -2.04024930e+00  -1.31763518e+00  -9.36669604e-01  -8.76112765e-01
    1.54369681e+00   1.08997240e+00   3.68547387e-01   1.08357844e-01
   -2.26183404e+00   1.59514990e-01  -3.75049315e-01  -1.28070913e+00
    2.15781297e+00  -1.27263206e-01  -1.39851839e+00   1.17237867e+00
   -1.27579267e+00  -2.34943423e+00  -1.09448930e+00   1.17991236e+00
    1.23033403e+00   9.03441184e-01  -2.14122587e+00  -5.85172422e-01
    1.71441209e+00  -4.08353027e-01  -2.50342392e+00   8.43210106e-01
   -3.56831138e-01 
   -1.14203267e+00   6.72445139e-01  -1.27536903e+00  -1.04422323e+00
    1.53531785e+00   1.24642364e+00   1.33207844e+00   4.29876324e-01
    4.03604406e-01  -8.45582998e-01   2.32071952e+00  -2.24550397e+00
    6.39033139e-01  -1.00189414e+00  -3.22071941e+00   3.57593772e-03
    3.68646348e+00  -1.86511696e-01   4.80034993e-01  -1.99476214e+00
   -1.09490342e+00   7.28376547e-01   8.83422622e-01  -2.77041255e+00
    3.43163072e-01   4.61240009e-01   1.02291465e-01   1.41497484e-01
   -2.28355051e-01   3.05516076e-01  -1.71661228e+00  -5.13541529e-01
   -1.06913818e-01 
   -1.50978210e+00  -1.08684907e+00  -2.00045484e+00  -2.63507808e-01
    2.73019299e-01  -4.29747341e-01   2.37360029e-01  -1.17165277e+00
   -2.28725071e-01  -2.63010614e+00   1.27067460e+00  -3.37657234e-01
   -2.11112253e-01  -2.27463889e+00   2.48225597e+00  -1.56615109e+00
   -6.73975834e-02  -1.38819385e+00   2.71696600e+00   7.40789538e-02
    1.34573102e+00  -1.31744180e+00  -2.96605053e+00   2.11686042e+00
    2.01077205e+00   1.39035253e+00  -1.48899356e+00  -4.27805765e-01
   -1.03916510e+00  -5.13148664e-01  -9.97969815e-01   1.38015029e+00
   -1.28709199e-01 
   -6.91186803e-01  -8.79597274e-02   6.58983966e-01   7.63454089e-01
    8.43961905e-01  -6.48384977e-01  -4.21354243e-01  -3.52435067e+00
    9.17102276e-01   6.06791643e-02  -1.91974322e-02   9.19088922e-02
   -6.53678047e-01   1.94428224e+00  -8.61649727e-01  -2.04031043e+00
   -1.25304819e+00   3.43066584e-01  -2.24925558e-01  -2.69754251e+00
    4.45741083e+00   3.30740564e-01   3.44021688e-01   7.06429399e-02
   -7.52886955e-02   4.41943622e-01  -1.61070340e+00  -1.47399004e+00
   -3.39353920e+00   6.10872344e-01  -2.55888930e-01   2.31238090e-02
    9.36571619e-03 
    6.39799324e-01  -6.21953256e-01   2.79800832e-01  -1.22110274e+00
   -5.32651784e-01  -1.67607853e+00   1.32534063e+00   9.11436014e-01
    2.10755731e-01  -2.14125277e+00  -5.84762810e-01   2.27358993e+00
    3.13934670e+00  -1.54293678e+00  -1.19998497e+00  -3.74987747e+00
   -9.19187070e-01   1.01966871e-01  -3.24877925e-01  -7.13216058e-04
   -8.99543527e-01  -3.99854185e-01  -3.86491056e-01  -6.01136068e-01
   -1.67104777e+00  -1.68111550e+00   1.17386633e+00   1.37927737e-01
    3.43673321e-01   2.63639061e+00   6.75626034e-01   6.98968356e-01
   -2.82813865e-01 
   -6.23129292e-02  -8.57183593e-01   1.85472467e+00  -5.72147828e-01
    1.47889237e+00  -1.56895169e-01  -9.25331596e-01   1.52214241e-01
   -2.04424727e-01   3.53836345e-01  -3.93819986e+00   1.24451594e-01
   -1.62603689e-01  -1.41684433e+00  -2.96596371e-01   2.14121129e+00
   -2.12278988e+00  -6.01018510e-01  -2.16943617e+00  -2.53559348e-01
   -2.41996469e+00  -3.24867970e-01  -2.65764584e+00   2.56632882e-01
   -2.27952440e-01   3.15647127e+00   7.12054948e-01   6.45211293e-01
   -1.51940694e+00   1.05175968e+00   9.81772345e-01  -2.32566585e-01
   -6.06406341e-01 
   -1.84286715e+00   2.16315235e+00   1.00995469e+00   1.16733851e+00
   -1.86889939e+00  -3.06411969e-01   1.17747218e+00  -2.10289554e+00
    1.95345046e+00   1.45049694e-01   4.54391467e-01  -1.38090198e+00
    1.05652977e+00  -1.44501353e+00   1.91833536e+00   1.38264921e+00
   -8.33709092e-01  -2.00670633e+00  -4.54280117e-01   4.01042642e-01
   -1.41514591e+00  -1.58743134e+00   2.03056323e+00  -1.47151168e+00
   -1.58964187e+00  -6.51159510e-01  -3.65353535e-02   6.37555227e-01
   -1.25803149e+00  -1.53755780e-01   1.33049562e+00  -1.61140197e+00
   -5.67143067e-01 
    7.17374731e-01  -7.45934733e-01  -6.45765750e-01  -1.18550063e+00
   -2.70046460e-01   1.19034046e-01  -9.03266263e-01  -2.25203550e+00
   -2.24341664e+00  -2.32950123e+00  -1.82746867e+00   1.64459033e+00
   -2.09973908e+00  -1.34703606e+00  -6.50657593e-02  -8.65143932e-02
    6.51107635e-01   1.85832173e-02  -1.97115643e+00   1.85716395e+00
    1.12932870e+00   1.23094899e+00   5.91735075e-01  -2.46085904e+00
    2.56372997e+00  -5.26695943e-01   1.61876852e+00   2.12458048e-01
    2.17169890e+00   3.19900952e-01   1.48636119e-01  -1.44355834e+00
   -1.33926976e-01 
   -3.03116598e-01  -2.44145695e+00   2.52406813e-01   7.52727845e-01
   -3.75617285e-01   1.05927799e+00  -9.11648743e-01  -2.23335468e+00
   -1.36959751e+00  -2.18881010e-02   1.10349741e+00   4.31971962e-01
   -2.56563532e+00   1.82777376e+00  -3.74950930e-01   2.62238740e-01
    6.93168175e-01  -1.08494347e+00   9.24120194e-01   1.46852945e+00
   -5.97572600e-01  -1.00099933e+00  -1.16598139e+00  -2.54834147e+00
   -1.77897860e+00  -1.52426115e+00   3.09386534e+00   8.66630327e-01
   -1.07136460e+00  -3.58738522e-01   1.46430603e+00   2.19458647e+00
   -2.84631829e-01 
   -1.38581896e+00   3.84752010e+00  -1.04553193e+00  -2.46504556e+00
   -1.93777728e+00  -9.64838417e-01  -1.02837539e+00   2.85999440e-01
    1.00220433e+00  -2.13561372e+00  -2.52549281e+00   9.35820207e-02
   -8.06463904e-01   1.35056115e+00   2.12605629e-01   1.51077578e+00
   -7.66506634e-01  -4.14685036e-01  -3.35308120e-02  -7.34724060e-01
    8.09895045e-01   1.88499270e+00  -3.96070231e-01   8.74488952e-01
    7.89898774e-01  -1.80398905e+00  -1.21238738e+00   2.59191637e-02
    8.02250821e-01  -8.11872598e-01   1.26724650e+00   9.79150689e-01
   -4.60113274e-01 
   -4.50122987e-01  -8.08338469e-01  -2.44153791e+00  -1.93111202e+00
   -1.91318844e+00   8.02896431e-01   1.28241909e-01  -2.14531152e-01
   -5.31633418e-01   2.95565185e+00   1.89037678e-02   2.05571677e+00
   -1.02030796e+00   1.24500612e-01  -3.00292389e-01  -1.20943270e+00
   -6.32073161e-02  -1.03206421e+00  -3.13299398e-01  -1.23934336e+00
    4.66125699e-01  -4.27218104e-01  -8.42229866e-01  -6.49102699e-01
    1.06306926e-01  -1.83152013e-01  -1.64448403e+00   4.46365187e-01
    1.46205962e+00  -1.13560743e+00   1.78431060e+00  -4.47440065e-01
   -1.65846824e-01 
   -3.07473124e-01  -8.01561442e-01   6.01244004e-01   1.81111096e+00
   -2.11471484e+00   1.10132171e+00  -2.13848054e-01   8.58452647e-01
    8.93641693e-01  -6.60156727e-01  -8.34783301e-01   3.88364538e-04
   -1.60874968e+00  -6.58590396e-01  -2.36140374e+00   1.81784516e+00
   -2.68334802e+00   2.97777895e-01   9.26380929e-01  -7.26255862e-01
    6.40762801e-01  -6.78099515e-01   1.26146754e+00   3.42132201e-01
    3.65825916e-01  -1.94331714e+00   8.82956733e-01  -1.21349097e+00
    1.64297821e-01  -9.62357950e-01  -8.18271667e-01   6.49582913e-01
   -3.98835476e-01 
   -6.48741329e-01   1.74713695e+00   2.44772520e-01  -1.01641468e+00
   -9.36506176e-01  -2.15093137e-01   8.39124351e-01   1.25244101e+00
   -7.94680869e-01   1.51606138e-01  -7.81339617e-01  -6.65783705e-01
    2.12309384e-01   4.43835443e-01   1.56129900e+00  -1.01158800e+00
    4.29590280e-01   2.22619302e-01  -1.08405470e+00   3.91709898e-01
   -5.61650756e-01   8.47175322e-01  -2.46578537e-01  -2.59652060e-01
    8.90143550e-01  -1.19742177e+00  -5.38760585e-01  -3.60088074e-01
   -1.91948488e+00  -8.50441073e-02  -1.64576664e+00  -2.54499383e+00
   -8.25710694e-01 
   -3.12230710e-01  -1.55161728e+00  -2.13860399e+00   1.59672475e+00
    1.27231630e+00   8.24851551e-01  -5.05928169e-01  -4.38892094e-01
    1.48619559e+00   1.10102278e+00   1.40917444e-01   3.80026677e-01
   -2.58779391e-01   1.97775259e-01  -8.73793211e-01  -2.48200445e-01
   -1.95299743e-01  -1.57005883e+00  -7.39699611e-01   1.46245225e+00
   -5.63102185e-01   6.05121822e-01   2.21686916e-01  -1.40399111e+00
   -5.14979181e-01  -1.28071394e+00  -1.50497202e+00  -4.80665754e-01
    1.00117686e+00  -5.61426559e-01  -8.23372316e-01  -5.36330728e-01
   -1.61901681e-01  