NN 16 32 16   -3.19662557e+00  -8.23169967e-01  -2.58423355e-01   5.48884449e-01
    1.83154746e+00  -8.88018785e-01  -1.54167059e+00  -1.56777378e+00
    2.78162534e+00  -1.25862718e+00  -3.11672005e-01   4.97352197e-01
    7.03704168e-01  -2.39051190e-01   2.49561215e-01  -4.09881905e-01
   -7.76526723e-01 
    5.15833492e-01  -5.21992358e-01  -3.27972984e-01  -3.71532656e-01
    9.46314262e-01  -2.29333810e-01   1.19032976e-01   3.66915938e-01
   -2.25804782e+00   6.33942293e-01   1.90567228e+00  -3.36655989e+00
    5.98897235e-01   7.06283557e-01  -1.69862784e+00   1.19939390e+00
    5.20255592e-01 
   -8.16193724e-01   1.60797075e-01  -2.48463401e+00   9.85156435e-01
    2.35699159e+00  -1.61716768e+00  -3.32680289e-01  -7.84559396e-01
   -1.00121947e+00   5.52252160e-01   5.52516001e-02   1.12153567e-01
    1.44862340e+00  -8.34101858e-01  -1.32421662e-01   1.72826663e+00
    1.46618314e-01 
    1.44446226e+00  -7.99383724e-01  -9.75110802e-01   6.96426196e-01
    7.05001336e-02  -9.78516856e-01   9.74662380e-01  -4.40482835e-01
   -1.39046697e+00   7.58559189e-01  -1.30887021e+00   1.57162910e+00
    1.62815933e+00  -1.58664410e+00   9.78490484e-01  -1.81989342e+00
   -3.47508737e-01 
   -2.83273603e-01  -1.43984297e+00   1.28775932e+00  -1.03734827e+00
   -3.36199997e-01  -6.43251027e-01  -3.19680808e-02  -1.70636143e+00
    1.25551453e+00  -2.95544734e-01  -1.13522860e-01   1.79684298e+00
    1.56801760e+00   2.04212314e+00   5.55879695e-02  -1.41893903e+00
   -7.14482291e-01 
   -4.10642379e-01   1.25188618e+00   1.49397046e+00  -1.22895605e+00
    5.79269920e-01   1.00133651e+00   1.49024813e+00  -1.34504144e-01
    4.32468167e-05  -2.72740776e-01  -1.63445587e+00   5.13296476e-01
   -7.91324984e-01  -1.31562282e+00  -2.66912991e-01  -1.53007430e-01
   -3.20426426e-02 
    7.13155174e-01   1.42278570e+00   1.27333836e+00  -1.67311182e+00
   -4.01514062e-02  -7.02546804e-02  -1.73749275e+00   1.11138719e+00
   -5.07199584e-01   6.11923871e-01   9.23783478e-01   3.80206208e-01
   -2.20045949e-01  -4.06183135e-01  -1.23007060e+00   8.14700350e-01
   -5.90201084e-01 
    6.26927582e-01  -1.34532451e+00   9.14848642e-01  -3.20921600e-01
    7.85524824e-01   3.61901214e+00  -1.77674298e+00   6.13120869e-02
    2.15188054e+00   2.10735515e+00   6.28699421e-01  -5.37935858e-01
   -5.93339962e-01  -2.35083716e+00  -1.14808007e+00  -1.52558617e-02
   -6.12010172e-01 
    2.32322407e-01   2.37441096e+00  -9.10374928e-01  -6.64276331e-01
    9.97256938e-01  -1.09743106e+00  -1.01503928e+00  -1.37028330e-01
   -1.54591690e+00   2.21981518e+00   1.26709592e+00  -1.08082690e+00
    6.63057177e-01  -1.72031585e+00   1.16840181e+00  -1.39782623e+00
   -1.30048250e-01 
   -1.46287469e+00  -6.02719326e-02  -8.04792446e-01   1.32398575e+00
    1.71394806e+00  -8.07362536e-01   1.29614803e+00  -7.49169675e-01
   -8.30265455e-01   1.14340032e+00   2.77694513e-01   1.85842457e+00
   -2.35901918e+00   5.76765889e-01  -3.30587829e-01  -1.19549246e+00
    3.09228913e-01 
   -5.14438684e-01   4.56857543e-01   4.04100134e-02  -2.54884849e+00
   -1.83157542e+00  -1.29163160e+00   1.90099711e-01   3.76316990e+00
   -1.14126313e+00   5.67985659e-01  -5.63448605e-01   2.52456634e+00
   -8.11895271e-01  -2.69396016e-01  -3.79034753e-02   4.19380035e-02
   -6.10937318e-01 
    2.57287837e+00  -6.96220016e-01   4.55799316e-01   1.79072434e+00
    1.35923846e+00  -4.78998364e-01  -1.40890956e+00   6.67716006e-01
    2.43070993e-01  -9.49558152e-01   1.72198352e-01  -6.41497227e-01
   -2.58984307e+00   3.35493909e-01   8.70265966e-01  -6.50529312e-01
   -6.05449108e-02 
   -1.38791986e-01  -1.64876427e+00   1.21099370e+00  -5.29074570e-02
   -3.71186687e-02   4.28748817e-01  -3.02847959e+00   1.96863737e-01
   -1.98056977e+00   8.63289193e-01   2.86811000e+00   4.62469388e-01
   -3.48892144e-01   1.18935968e+00  -5.46016957e-01  -4.84727659e-01
   -1.05835407e+00 
   -3.10257464e-01   6.88695950e-03  -4.97451713e-01   2.21726899e-01
    2.06957124e+00  -1.88322224e+00   8.55071589e-01   6.44097469e-01
    9.71702894e-01   1.60297077e+00  -2.06603361e+00  -1.61584450e+00
   -7.69526620e-01   5.70177235e-01  -3.54953145e-01   1.44245469e-02
   -5.06559927e-02 
    1.12199203e+00  -1.89735692e+00   4.62111760e-01   2.59483834e+00
   -2.05350080e+00   9.92975673e-01   3.57041920e-01  -6.38061152e-01
   -1.59900496e+00  -1.10563138e-01  -4.69976528e-01  -5.13500380e-01
    7.40336542e-01   2.28156393e+00  -1.76999778e+00  -1.19897253e-01
    5.70376411e-01 
    1.34215399e+00  -9.26093110e-01  -2.71046442e-03  -1.79449683e-02
   -2.89506826e-01   9.95539186e-02   2.97055155e+00  -2.76678845e+00
   -1.32631483e+00  -7.22934840e-01  -3.63566566e-01  -9.02411278e-01
    1.43578379e+00  -1.65866371e+00   6.48325006e-01   3.35545022e-01
    4.97555171e-01 
    1.31873421e+00   7.71119960e-01  -2.95104831e+00  -3.79155340e+00
    7.55636195e-01  -1.13888856e-01   1.00457129e+00   1.51124414e+00
    4.66970491e-01   4.40850740e-02  -7.91782124e-01  -1.08425126e+00
   -3.52512681e-01   1.71204504e+00  -5.58462929e-01   8.92163913e-01
    8.15991018e-02 
   -1.30077821e+00   3.56018596e-01  -1.39474328e-01   1.45749296e-01
    6.76623658e-01  -1.26674831e+00   1.23718992e-01   8.59326378e-02
    1.37803011e+00  -8.08172629e-01   9.35509753e-01  -3.10669322e-02
    7.66959820e-01  -8.99661824e-01  -5.34672657e-01   1.05400005e+00
   -5.72326647e-01 
   -1.33534749e-01  -2.05268648e+00   1.89574433e+00  -9.40694456e-02
   -2.15839098e+00   5.51985450e-01  -7.14468672e-03   1.38920094e+00
    3.84537791e-01   1.68780477e+00  -1.77781976e+00  -5.89394777e-01
    6.13353964e-01  -1.06269074e+00   5.99865728e-01   6.41932473e-01
    1.43743597e-01 
   -1.28472602e+00   4.76723485e-01  -8.93484588e-01   1.92311750e+00
   -9.10978381e-01   1.78226370e+00   7.77653775e-01  -1.33865163e+00
   -1.83255737e-01  -1.62661736e+00  -9.46683574e-01   6.51255933e-01
    1.62761040e+00   2.15515905e-01  -2.24161776e-01  -1.87771612e+00
    3.39272715e-01 
    1.15521487e-01   2.30869540e+00   9.96064327e-01  -2.50595399e-01
   -5.11657359e-01  -4.24168177e+00   1.04957816e+00   3.21835832e+00
    1.22694279e+00  -1.86187520e+00   7.04462049e-01  -5.03280871e-01
   -5.22346143e-01  -5.51557142e-01   5.39376961e-01  -1.27103943e-01
   -2.32628472e-01 
   -2.30336766e+00   7.72199189e-01   1.76391311e+00  -4.97726510e-01
    1.57505672e+00  -1.03710559e+00  -5.51671068e-01  -5.19086230e-01
    2.08469391e+00  -1.24607090e+00   3.72334187e-02  -1.66328134e+00
    4.94240853e-01   5.60792882e-01  -1.11764374e+00  -3.67243179e-01
    6.02848979e-01 
   -3.72431292e-01  -4.92911873e-01   5.22836753e-01  -8.21775755e-01
    2.17137218e+00  -1.40186394e+00   7.78050707e-02   2.15797416e+00
   -2.40034878e+00  -7.69707249e-01   1.02526929e+00   6.68515553e-01
    5.23194511e-01  -6.88687465e-01  -3.27973890e-01  -7.40531576e-01
   -3.04675360e-01 
   -1.92033842e+00   2.72722380e-01  -1.44474768e+00   1.91382160e+00
   -1.01552467e+00   9.82714507e-01   7.44634322e-01  -6.31506512e-01
    1.21620167e+00   1.54959136e+00   1.48667785e+00  -1.66664342e+00
    7.18660756e-01  -1.26646859e+00   4.52909226e-01  -2.12034660e-01
   -6.18235803e-01 
    1.50029320e+00   1.56293676e+00  -1.93965316e+00  -6.78255917e-01
   -3.25932165e+00  -1.02842153e+00   9.85950269e-01   6.29924113e-01
    1.27186165e+00  -2.30855019e+00   1.91222111e+00  -4.19384208e-01
    2.72791877e-01  -3.01340171e-01  -8.16255442e-01  -1.67070841e-02
   -2.31656418e-01 
    1.52950107e+00   1.16170839e-01  -1.58747345e+00  -2.23288983e-01
   -1.13706735e+00  -4.27169625e-01   2.40838045e+00  -2.86253409e+00
    5.88161481e-02  -2.96331257e-01   3.65961784e-01   9.49865674e-01
   -1.03806974e-01   1.34669403e+00   9.76525295e-01   8.64067191e-01
   -5.87548993e-01 
   -6.28813969e-01  -6.87826734e-01   1.82678268e+00  -2.39882006e-01
    1.18885382e+00   1.56276218e+00  -2.70137482e+00  -9.29665958e-02
    3.62504639e-01  -7.58038794e-01  -2.89280870e+00   3.31476488e-01
    1.54036708e+00  -1.30213911e+00   3.32977348e-02   2.69519835e+00
   -2.43810024e-01 
   -7.16491378e-01   2.44764425e+00   1.27185393e+00  -2.32872369e-02
   -1.14864739e+00   2.06097641e+00  -4.69490981e-01  -1.75286753e-01
   -9.83723788e-01  -1.78372525e+00  -3.66111887e-01  -2.39803058e-01
   -8.89878872e-01   5.21183745e-01  -1.00553077e-01   6.89925847e-01
   -4.58664658e-01 
   -3.59327336e-01  -1.21552722e+00  -9.11220107e-01   1.73912315e-01
    2.84284598e-01   2.26864837e+00  -8.00212608e-01   9.33161467e-01
    5.07988102e-01  -2.32660098e+00   1.25365285e+00  -1.76343580e-01
   -1.34687573e+00   5.64359066e-02   2.58888297e+00  -1.27992620e+00
    5.47057465e-01 
   -2.61934193e-01   1.86347752e+00   4.39475341e-01  -6.89844924e-01
    7.17860339e-01  -1.42191846e+00  -2.11627704e+00  -1.46476275e+00
   -2.34196572e-01  -6.26654188e-01  -1.52295244e-01   9.25278519e-01
    5.81006142e-01   4.10736178e-01   7.95252421e-02   9.91043297e-01
    3.20324895e-02 
   -1.17575527e+00   2.11313347e-01   2.41724638e+00   1.40676383e+00
    1.02940674e+00   2.98929079e-01  -1.62824594e+00  -1.06676499e+00
   -5.98318825e-01   7.08085883e-01  -1.81305197e+00  -1.35500620e+00
   -1.54122048e+00   1.36872607e+00   1.29966781e+00   1.07743614e+00
    3.09771246e-01 
    1.22050553e+00   9.93647798e-01  -9.78815650e-01  -3.48512676e-01
   -8.40272975e-01  -3.98863290e-01  -6.90905034e-01  -3.95564121e-01
    1.47163943e+00   1.42435968e+00  -1.97923703e+00  -1.74040753e+00
   -4.02975975e-01  -1.64459898e+00   2.24154926e+00   6.44504920e-01
   -5.55278188e-01      3.10556034e+00  -9.36806526e-01   1.48258977e-01  -1.83892642e+00
   -7.02760103e-01   9.85377622e-01  -5.16242400e-01  -8.54272826e-01
    4.51689397e-01   1.00344671e+00   6.23593211e-01  -2.73076844e+00
   -7.75080351e-01   4.05541724e-01   7.23312218e-01  -1.74146681e+00
   -3.82177837e-01   2.38318290e-01   2.74712384e-01   4.74013670e-01
   -3.00813725e-01   2.15741910e+00   3.52910023e-01   2.02947215e+00
   -1.80361357e+00  -9.69255913e-01   5.79706026e-01  -1.72018288e-01
   -9.98308656e-02  -4.24066039e-01   4.63932022e-01  -1.56049868e+00
   -2.09558299e-01 
    5.82102262e-01   3.51523865e-01  -4.79996636e-01  -2.05155359e-02
    9.77355454e-01  -3.43829939e-01  -1.46180701e+00   9.71893989e-01
   -2.38628213e+00  -2.28263882e-01  -1.04560410e+00   1.77123683e-01
    1.24713629e+00  -2.58007915e-01   1.77810458e+00   2.60783751e-01
    1.23177209e-01  -8.07325986e-01   1.87161742e+00  -1.95308436e+00
   -1.70603902e+00   1.92682900e-01   2.41399442e-01   1.54003993e-01
   -1.54172074e+00   4.87269416e-01   6.50174504e-01  -3.75112541e+00
    1.40543450e+00  -1.73942168e+00   5.80322924e-02  -1.34734590e+00
    8.21450729e-02 
    7.27783635e-01   9.33965378e-02   2.83738633e+00   7.81600705e-01
   -2.01589409e+00  -1.40467109e+00  -9.32593425e-01  -7.75350954e-01
    1.56779779e+00   1.08879755e+00   3.05218048e-01   1.69562734e-01
   -2.33004833e+00  -3.87798150e-04  -3.98073813e-01  -1.20283367e+00
    2.20531343e+00  -5.33238213e-02  -1.43750671e+00   1.20413027e+00
   -1.33585157e+00  -2.35528302e+00  -1.15922968e+00   1.23646621e+00
    1.16874899e+00   8.39168106e-01  -2.10405528e+00  -5.69737478e-01
    1.93142031e+00  -3.38708308e-01  -2.42164634e+00   8.48474597e-01
   -3.28034797e-01 
   -1.29806364e+00   6.52582322e-01  -1.32571753e+00  -9.89251513e-01
    1.62462401e+00   1.27733238e+00   1.44449033e+00   4.58721886e-01
    4.47220994e-01  -8.40255403e-01   2.41869416e+00  -2.20687137e+00
    6.35783842e-01  -1.11011329e+00  -3.11677030e+00   7.80629676e-02
    3.78347662e+00  -2.18741658e-01   4.71149961e-01  -2.08937128e+00
   -1.04601489e+00   6.39095512e-01   8.74981753e-01  -2.77706067e+00
    4.71297929e-01   5.53269613e-01   6.27351258e-02   1.94436818e-01
   -2.66103581e-01   3.10043545e-01  -1.69752330e+00  -4.80435588e-01
   -5.26488366e-02 
   -1.55160706e+00  -1.05390412e+00  -2.02986597e+00  -3.28981390e-01
    1.84324667e-01  -3.69927197e-01   2.00743204e-01  -1.16907733e+00
   -2.07815431e-01  -2.75796145e+00   1.28188565e+00  -3.76459032e-01
   -2.51001043e-01  -2.28967842e+00   2.54059804e+00  -1.65374593e+00
   -1.40045046e-02  -1.43035828e+00   2.64092274e+00  -1.33236356e-02
    1.32868678e+00  -1.33728994e+00  -2.94806886e+00   2.16902381e+00
    2.03998638e+00   1.34775494e+00  -1.53005601e+00  -3.84712749e-01
   -9.84936485e-01  -5.23263728e-01  -1.08774197e+00   1.44882364e+00
   -1.75632999e-01 
   -7.74784478e-01  -9.23859539e-02   7.15701510e-01   7.41863564e-01
    8.99578439e-01  -7.46087934e-01  -5.06352627e-01  -3.56667731e+00
    9.61642329e-01   1.37535462e-01  -1.05983111e-01   1.78137935e-01
   -6.60894840e-01   1.89437919e+00  -9.09738274e-01  -2.03917310e+00
   -1.37037679e+00   3.73519888e-01  -2.05184071e-01  -2.63017040e+00
    4.41859654e+00   3.25194262e-01   1.92835056e-01   7.36438890e-03
   -7.14143574e-02   5.43140196e-01  -1.58818243e+00  -1.61557072e+00
   -3.46121660e+00   6.58944347e-01  -2.17081478e-01   9.01337501e-02
    1.15157233e-02 
    6.63220553e-01  -8.77223343e-01   2.20172319e-01  -1.09029713e+00
   -5.04539594e-01  -1.79010389e+00   1.23290505e+00   8.48049060e-01
    8.12538576e-02  -2.15497131e+00  -5.15147301e-01   2.36548540e+00
    3.11730758e+00  -1.59484518e+00  -1.14218784e+00  -3.78804078e+00
   -1.07740369e+00   7.46657423e-02  -2.62605280e-01   3.43268520e-02
   -9.13537304e-01  -4.81060090e-01  -4.18614478e-01  -6.21744033e-01
   -1.71817381e+00  -1.78639466e+00   1.14339138e+00   7.80418367e-02
    3.28749157e-01   2.51637713e+00   6.24576478e-01   5.44968512e-01
   -3.60557604e-01 
    5.58976601e-02  -8.48214176e-01   1.94059739e+00  -5.76647235e-01
    1.53524940e+00  -1.97831826e-01  -9.13207467e-01  -1.33250497e-03
   -1.05460129e-01   4.14847619e-01  -3.93764008e+00   5.89983905e-02
   -4.91138069e-02  -1.34461766e+00  -3.81026466e-01   2.08778022e+00
   -2.10588741e+00  -5.72984214e-01  -2.27727561e+00  -3.14536384e-01
   -2.40071433e+00  -2.87185624e-01  -2.76466087e+00   2.78867680e-01
   -2.18461391e-01   3.16533150e+00   6.71607958e-01   5.78387653e-01
   -1.58925715e+00   1.09209779e+00   9.17071648e-01  -2.11575719e-01
   -6.57600332e-01 
   -1.81397429e+00   2.25945247e+00   1.11080649e+00   1.14758701e+00
   -1.89072761e+00  -2.81161300e-01   1.16638107e+00  -2.08542172e+00
    1.99789845e+00   3.01235663e-01   4.44711168e-01  -1.35867088e+00
    1.19955507e+00  -1.45754015e+00   2.03266784e+00   1.37681475e+00
   -9.08475647e-01  -2.00468843e+00  -4.11877676e-01   5.80433435e-01
   -1.48098713e+00  -1.49526908e+00   2.05944152e+00  -1.34630195e+00
   -1.72300956e+00  -6.34012405e-01   1.09590159e-01   7.42666063e-01
   -1.06726872e+00  -1.64804374e-01   1.53683013e+00  -1.66729591e+00
   -4.68121361e-01 
    6.86138098e-01  -7.89290009e-01  -8.01701947e-01  -1.21376587e+00
   -2.42564632e-01   1.50377784e-01  -8.09711361e-01  -2.28086113e+00
   -2.24625427e+00  -2.44063917e+00  -1.69092175e+00   1.65917028e+00
   -2.31031564e+00  -1.35568835e+00  -9.41627967e-02  -1.32941222e-01
    7.83186098e-01  -2.08523445e-02  -2.02323700e+00   1.67000502e+00
    1.30106472e+00   1.19153104e+00   6.10826150e-01  -2.55761778e+00
    2.63965913e+00  -5.43049640e-01   1.52428806e+00   1.96749432e-01
    2.10356848e+00   3.54809423e-01   2.66864284e-02  -1.53144996e+00
   -1.90696982e-01 
   -2.32903640e-01  -2.45075896e+00   2.96737978e-01   6.87627685e-01
   -3.99861315e-01   1.07341919e+00  -9.25803631e-01  -2.17734514e+00
   -1.40676142e+00  -7.30815961e-02   1.12020929e+00   3.23620633e-01
   -2.54483564e+00   1.84987514e+00  -3.97058440e-01   2.41949810e-01
    5.68629843e-01  -1.08805955e+00   9.89183328e-01   1.45144514e+00
   -6.33959951e-01  -9.82197771e-01  -1.22871581e+00  -2.56403091e+00
   -1.73849635e+00  -1.56012829e+00   3.20430641e+00   9.19305265e-01
   -1.17394683e+00  -2.82304434e-01   1.52933711e+00   2.32556189e+00
   -3.09264196e-01 
   -1.40297495e+00   3.88661283e+00  -1.13945260e+00  -2.47359995e+00
   -1.92673611e+00  -1.06401227e+00  -1.07667994e+00   2.64805961e-01
    9.41310367e-01  -2.17062542e+00  -2.57861015e+00   1.77897876e-01
   -8.19808176e-01   1.30561518e+00   2.23776266e-01   1.54292991e+00
   -8.07791104e-01  -4.27702887e-01  -2.91054443e-02  -7.13259581e-01
    7.78395845e-01   1.83684098e+00  -4.45087156e-01   8.94286480e-01
    8.11751619e-01  -1.76782317e+00  -1.25623040e+00  -2.22970942e-02
    8.63944977e-01  -8.51307708e-01   1.27547230e+00   9.91818921e-01
   -4.90335448e-01 
   -4.56358354e-01  -8.55872236e-01  -2.46684224e+00  -1.96383500e+00
   -1.97327740e+00   7.78457334e-01   9.09627846e-02  -2.91548534e-01
   -5.56805610e-01   2.99747491e+00   2.06426737e-02   2.01197836e+00
   -1.04493952e+00   1.34434283e-01  -3.94453036e-01  -1.24883269e+00
   -8.60694982e-02  -1.06559443e+00  -3.84612616e-01  -1.30563576e+00
    4.18097000e-01  -4.55070001e-01  -8.62787318e-01  -7.08377738e-01
    8.81744085e-02  -2.26076733e-01  -1.71322590e+00   4.05652669e-01
    1.39180182e+00  -1.15405486e+00   1.75272342e+00  -4.59607208e-01
   -2.46509888e-01 
   -3.20418579e-01  -8.05021656e-01   5.79546551e-01   1.83914519e+00
   -2.11951643e+00   1.14215721e+00  -1.86502461e-01   8.93568268e-01
    9.06373604e-01  -6.84725361e-01  -8.13725050e-01   3.46144237e-03
   -1.62246391e+00  -6.75333844e-01  -2.39111444e+00   1.86213469e+00
   -2.69124334e+00   3.18962301e-01   9.50847728e-01  -7.44718181e-01
    6.80527428e-01  -6.76503778e-01   1.28435153e+00   3.33378095e-01
    3.84986355e-01  -1.94115725e+00   8.95651180e-01  -1.21839397e+00
    1.55777544e-01  -9.73670289e-01  -8.40567886e-01   6.71307847e-01
   -3.93512362e-01 
   -6.55942988e-01   1.83141575e+00   2.57469036e-01  -1.04215674e+00
   -9.60021701e-01  -1.72835168e-01   9.09232128e-01   1.34416077e+00
   -7.70886264e-01   1.45269183e-01  -8.05227807e-01  -6.60642716e-01
    2.69157120e-01   4.51650516e-01   1.62097968e+00  -1.03444577e+00
    4.54314718e-01   2.24425926e-01  -1.09786690e+00   3.94586257e-01
   -5.77345842e-01   8.89148814e-01  -2.30289118e-01  -2.30994514e-01
    8.54496178e-01  -1.22683157e+00  -4.90495837e-01  -3.03304013e-01
   -1.97910640e+00  -9.04147195e-02  -1.60494650e+00  -2.57242387e+00
   -8.00917120e-01 
   -2.81180228e-01  -1.58459012e+00  -2.15193418e+00   1.63226683e+00
    1.25400095e+00   8.72309963e-01  -5.06848370e-01  -4.51859289e-01
    1.56195978e+00   1.15907033e+00   1.47204617e-01   3.78462705e-01
   -2.42585440e-01   2.22200219e-01  -8.92298695e-01  -3.21721936e-01
   -2.09911558e-01  -1.60558396e+00  -7.86405924e-01   1.52973991e+00
   -5.77880068e-01   6.42559595e-01   2.52877777e-01  -1.39084509e+00
   -5.63128379e-01  -1.34581153e+00  -1.50045153e+00  -4.64535430e-01
    1.05074457e+00  -5.62786414e-01  -7.89030715e-01  -5.68528767e-01
   -1.62521063e-01  