NN 16 32 16  -4.07659148 -1.15478032  0.31238301  0.47654679  2.84333115 -1.0332016
  -2.29780733 -2.21946017  3.5734882  -1.25308507 -0.26430264  0.27015768
   0.98053545 -0.15085256  0.35892863 -0.59854457 -0.87940334 
   0.71924215 -0.48383708 -0.27793453  0.076164    0.8699153  -0.24673881
   0.32311761  0.42936805 -2.9397498   0.75165079  2.37351781 -4.25462498
   0.91057252  0.72576821 -2.36031584  1.43444422  0.69931608 
  -1.22914764  0.2039422  -2.41718694  0.86136052  3.03179207 -1.91836651
  -0.81681617 -0.7416545  -0.93195741  0.79887561 -0.53631755  0.2208433
   1.52264719 -0.61851195 -0.20588378  2.26932563  0.25132635 
   1.88262491 -0.73896056 -1.37431667  1.07441744  0.29902757 -1.15142003
   0.85911893 -0.4384164  -1.6467992   0.97864767 -1.5404137   1.84548993
   1.89192758 -1.644744    1.37399451 -1.96996365 -0.07771206 
  -0.16119032 -1.72911517  1.6103489  -1.41083144 -0.10096471 -0.73373786
  -0.08685739 -2.22561509  1.27874326 -0.58704454  0.16596103  2.21971497
   1.57109767  2.32987166 -0.16278035 -1.50227459 -0.68552637 
  -0.35456683  1.19542068  1.96941293 -1.23945371  0.83017771  1.18146708
   2.23155875 -0.50012138  0.03690715 -0.18489024 -2.23321356  0.5452755
  -0.84958419 -1.4381557  -0.43359362  0.03997287  0.15693531 
   1.17470598  1.63833584  1.63331479 -1.97515809 -0.15703799  0.29395998
  -2.15334291  1.65220622 -0.52184212  0.54459076  0.89086989  0.12168523
  -0.12345439 -0.44342481 -1.45164581  0.82628053 -0.74750568 
   0.96326766 -1.51388656  1.24987791 -0.39379116  0.65964526  4.33779982
  -2.47030281 -0.15299502  2.7498637   2.5095107   0.37935031 -0.20652582
  -0.60824081 -2.8528402  -1.46795136 -0.15007136 -0.67961681 
   0.12931115  2.94683956 -0.62067187 -1.12808141  0.75741859 -1.29184736
  -1.34994088 -0.2584532  -1.77438541  2.43186667  1.49877523 -1.12539882
   1.09654085 -1.83185252  1.57342028 -1.74096069 -0.08848272 
  -1.26753256 -0.3388554  -0.68139632  1.19483812  1.80183357 -0.98004324
   1.25653092 -0.64996782 -1.19988533  0.75695275  0.99126081  2.2894021
  -3.07665437  0.43794486 -0.85402813 -1.37713188  0.41190443 
  -0.70489317  0.51971581  0.19659766 -2.88503022 -2.59352776 -1.49886899
   0.18578447  4.53229325 -1.47964426  0.5634304  -0.31352431  3.22368507
  -1.17891063 -0.36470391 -0.04489223  0.10960737 -0.56492197 
   3.28229798 -0.83131821  0.33382753  2.06855905  1.63208066 -0.71523823
  -1.33224318  0.68684322  0.24670377 -1.2832471   0.63418389 -0.61257995
  -3.07400263  0.52754491  1.18122092 -1.1366413  -0.30425307 
   0.04491163 -2.65900948  1.60324402  0.20693405 -0.04214747  0.37427142
  -3.59346955 -0.40366494 -1.82725403  1.1012604   3.28443617  0.14987042
  -0.40757399  1.38928438 -0.4250663  -0.696452   -1.2598187  
  -0.75301014  0.48560957 -0.46426429  0.02996523  2.45555266 -2.17282738
   1.17100714  1.05545988  1.09687093  1.51795899 -2.3576043  -1.71834552
  -1.23231137  0.19172403 -0.44866305 -0.10766643 -0.16351865 
   1.90620931 -1.87041878  0.81427731  3.23578522 -2.26939915  0.70338886
   0.49379637 -0.94874704 -1.52315885 -0.04898163 -0.44289403 -0.35838353
   0.74101996  2.48864036 -2.21934889 -0.1268742   0.65665204 
   1.76769423 -1.17976043 -0.25417295  0.07804271 -0.23085276 -0.37534268
   3.26107326 -3.03989681 -1.01120035 -1.04548268 -0.55240355 -0.96578983
   1.2384167  -2.01761356  0.974526    0.74093167  0.59914273 
   1.5684831   0.74786545 -3.05791111 -4.65462634  1.27462315  0.13451383
   0.47627642  1.62046818  0.69612913  0.40436877 -0.75223508 -1.3756146
  -0.38114792  1.62446134 -0.56952667  1.25450273  0.30674018 
  -1.69636947  0.57194595 -0.2496299   0.3797565   0.62192482 -2.05617384
   0.33852725  0.2518917   1.50355316 -0.96939528  1.38267641  0.45703532
   0.84821581 -1.1765902  -0.81994443  1.23605969 -0.77493725 
  -0.15732152 -2.44404297  2.31148448 -0.03667648 -2.51674872  0.29549959
  -0.34979673  1.76683839  0.14183128  1.62081819 -1.63595656 -0.43356414
   0.62994516 -1.0454976   0.70563745  0.73797029  0.17992922 
  -1.36384333  0.51632733 -0.80940498  2.3182369  -0.84118115  1.9444715
   1.29592437 -1.80000165 -0.05801634 -1.74754248 -0.49133935  0.55032938
   1.71355926 -0.24618357 -0.38283812 -2.56175784  0.28184949 
  -0.19158788  2.83420337  1.38102468 -0.59352558 -0.12399838 -4.94399183
   1.44401826  3.60499265  1.51127748 -2.58430453  0.80061813  0.11625342
  -0.28463771 -0.74936425  0.95026208 -0.27205703 -0.17024545 
  -2.86550753  0.85279385  2.16414344  0.02853407  1.67636159 -0.92762439
  -1.66919999 -0.17270892  2.44429187 -1.07692713  0.2566583  -1.7330203
   0.41364544  0.49161538 -1.23131663 -0.49506751  0.65542278 
  -0.06594553 -0.83993661  0.46718381 -0.62552962  2.52126799 -1.08459972
   0.31653742  2.51533274 -2.74248564 -0.95163026  1.39662522  0.97507617
   0.27245715 -0.89648505 -0.53461278 -1.35666818 -0.41140066 
  -2.11586275  0.17470425 -1.48542865  2.00914134 -1.03043274  1.06717489
   0.84628207 -0.84013179  1.05114195  1.3534806   1.9469826  -1.6766262
   0.88809721 -1.51824351  0.53828934 -0.42800467 -0.71782464 
   2.09050556  1.89119103 -2.20904277 -1.45827882 -3.84366138 -1.57553041
   0.96366262  0.62784282  1.47353588 -2.33200309  1.86144245 -0.16962629
   0.82334579 -0.35513198 -0.73981978  0.21510263 -0.09227565 
   2.02988692  0.34614902 -2.23962103  0.16480586 -1.1535648  -0.66024908
   2.99791459 -3.10635055 -0.30036769 -0.28011211  0.28390318  0.79418872
  -0.16409816  1.33511486  0.73828977  1.3899869  -0.47779898 
  -0.57282889 -0.24200128  2.12387244 -0.27363367  1.92281064  1.97262989
  -3.56017421  0.30018679  0.40530644 -0.93693665 -3.48296912  0.0831317
   2.14073044 -1.48335934 -0.13916697  3.410814   -0.28531876 
  -0.63926836  3.0985925   1.20788947  0.0799124  -1.53145163  1.81579482
  -0.64330245  0.04776497 -0.88860044 -2.50328734 -0.13005135  0.07069795
  -0.95512725  0.68984967 -0.15248766  0.7680906  -0.66573569 
  -0.11680035 -1.09903633 -1.4192498   0.00546652 -0.21595798  2.7518903
  -0.62503954  0.79688     0.24784478 -3.02349588  1.07806579 -0.31427666
  -1.65014977 -0.05924621  3.33990607 -1.68978483  0.66727589 
  -0.199172    2.73382092  0.14718142 -1.01729816  0.98041573 -1.78154206
  -2.59971967 -1.25021852 -0.63842764 -1.02538012 -0.28787612  0.92133693
   0.80599784  0.50216826  0.2784816   0.98139018 -0.17409014 
  -0.66963027  0.10074712  3.26822168  1.83764298  0.8773159   0.50373275
  -2.36218184 -1.399134   -0.80062602  0.648321   -2.10083297 -1.49439687
  -1.83789079  1.90391347  1.95747215  1.31747948  0.31472533 
   1.7188132   0.8247945  -1.24574514 -0.18121204 -0.9649768  -0.14222975
  -0.31109201 -0.68110322  1.86182071  1.81532008 -2.5220211  -2.19961603
  -0.4897771  -1.81999663  2.53572189  0.91009821 -0.55851146      3.74178051e+00  -1.17513479e+00   4.62829747e-01  -2.10119634e+00
   -9.84499821e-01   1.46371316e+00  -8.84218031e-01  -1.09313303e+00
    3.59548729e-01   5.72349099e-01  -1.28275201e-01  -3.29627417e+00
   -7.62156177e-01   5.77322051e-01   1.05434623e+00  -1.49300976e+00
   -1.78914893e-01   5.27106115e-02   1.71492379e-01  -8.60061456e-02
   -2.52719014e-01   1.66821595e+00   7.63748087e-01   2.13914628e+00
   -1.33890708e+00  -9.32962338e-01   3.89532795e-01  -3.40835891e-02
    2.92943876e-02  -1.47782113e-01   1.21338241e-01  -1.15782491e+00
   -3.10048633e-02 
    4.90321291e-01   5.61952724e-01  -3.35334688e-01  -3.43037006e-01
    1.07109271e+00  -2.80489769e-01  -1.18641846e+00   9.01593731e-01
   -1.98239199e+00  -2.46240054e-01  -8.13244828e-01   1.10806866e-01
    1.21457363e+00  -1.45591913e-01   1.38423292e+00  -7.36419332e-02
   -1.11258739e-01  -1.24210398e+00   2.01497763e+00  -2.10772724e+00
   -1.35815858e+00   3.14823647e-01   5.11289521e-01   5.79100123e-02
   -1.34365457e+00   7.51184357e-01   7.59660141e-01  -4.63210248e+00
    1.51265531e+00  -1.66277904e+00   1.58390736e-01  -1.24362090e+00
    3.44722446e-01 
    5.30823872e-01  -1.24016052e-01   2.83476277e+00   1.30976181e+00
   -1.68434027e+00  -2.05049066e+00  -1.23481141e+00  -8.31121944e-01
    1.20254424e+00   1.10157024e+00   3.71647174e-01   7.01172784e-01
   -1.94617979e+00   4.34378534e-02  -3.83641080e-01  -1.24696861e+00
    2.22371271e+00   4.02257483e-02  -1.34135277e+00   1.39356217e+00
   -1.36108526e+00  -2.55866851e+00  -8.98350489e-01   1.15036420e+00
    1.31417314e+00   7.28758517e-01  -2.53144404e+00  -5.00238428e-01
    2.25028852e+00  -6.50565047e-02  -2.19909000e+00   9.40495477e-01
   -2.62932100e-01 
   -1.51903548e+00   6.00976670e-02  -1.58541882e+00  -9.59634641e-01
    2.05251380e+00   1.26255614e+00   1.12109440e+00   1.13703256e-01
    4.97091451e-01  -8.32971199e-01   2.94712484e+00  -2.02477603e+00
    2.14783690e-01  -8.67832829e-01  -3.21767661e+00   2.61853550e-01
    3.89724884e+00  -1.68841343e-01  -3.93419984e-03  -2.21573610e+00
   -1.09560083e+00   4.70734410e-01   6.74311174e-01  -2.85838161e+00
    6.40861754e-01   5.03176647e-01   7.66131417e-03   1.05419524e-01
   -2.64704176e-01   2.73307261e-01  -1.72699579e+00  -4.93174877e-01
   -2.17027900e-01 
   -2.05331873e+00  -1.22521150e+00  -2.38343011e+00  -6.65612789e-01
   -6.38541540e-02  -3.62542657e-01  -2.12907524e-01  -1.24332830e+00
   -2.94988273e-01  -3.14479942e+00   1.47865080e+00  -7.02687355e-01
   -1.95564366e-01  -2.64509761e+00   2.98886689e+00  -1.75853789e+00
   -1.20502736e-01  -1.69663845e+00   2.49047725e+00  -3.56684147e-01
    1.12764531e+00  -1.10460308e+00  -3.48762092e+00   2.17224106e+00
    1.70206884e+00   1.11996909e+00  -1.53738086e+00  -5.49458893e-02
   -6.49753127e-02  -1.09959552e-01  -1.03189671e+00   1.95036254e+00
   -2.26097415e-01 
   -1.61098502e+00  -3.55332094e-01   6.52862357e-01   2.53436663e-01
    1.20374786e+00  -7.00464589e-01  -4.74975078e-01  -3.57975132e+00
    1.21367758e+00   1.27345473e-01  -2.01012477e-01   3.57373136e-01
   -9.96351297e-01   1.99192121e+00  -8.05241915e-01  -2.25302582e+00
   -1.36437251e+00   7.06655200e-01  -1.87377636e-01  -2.41568894e+00
    4.27275246e+00   6.07118584e-01  -1.86691717e-01  -2.25232349e-01
    5.57104684e-01   5.11600968e-01  -1.08447282e+00  -1.72020408e+00
   -3.83540929e+00   8.36671840e-01  -1.51210179e-01   4.01343056e-01
    3.27608262e-02 
    9.05551504e-01  -1.52469165e+00  -1.48675964e-02  -7.57300141e-01
   -1.41032301e-01  -2.63009059e+00   9.92106674e-01   1.06095463e+00
    5.95451431e-01  -2.10692638e+00  -5.35023141e-01   2.85008321e+00
    3.02345550e+00  -1.60970733e+00  -9.90391812e-01  -3.97758876e+00
   -9.11910213e-01   1.97593512e-02   4.94718111e-02  -6.33211930e-01
   -8.21472592e-01  -1.22712582e-01  -2.96350148e-01  -7.40867978e-01
   -1.32585877e+00  -2.07536209e+00   9.14900390e-01   4.90030199e-01
    5.25259261e-01   2.81049734e+00   1.15388511e+00   2.13662507e-01
   -4.08517874e-01 
    1.48895540e-02  -5.95740693e-01   2.14804509e+00  -6.68004243e-01
    1.84068504e+00  -1.38295468e-01  -9.61956582e-01  -3.06928252e-01
   -2.43606573e-01   4.88967803e-01  -4.46440733e+00   2.74593347e-01
    3.67622122e-01  -2.02318886e+00  -5.07922268e-01   2.29387847e+00
   -2.60210532e+00  -5.35745864e-01  -2.28791374e+00  -1.92121385e-01
   -2.69271830e+00  -1.05980892e-01  -3.02136317e+00   2.14891437e-01
   -3.28325542e-01   3.48464393e+00   2.52624604e-01   6.75025129e-01
   -1.48110535e+00   7.26163167e-01   1.17497674e+00  -2.19738040e-01
   -1.23998478e+00 
   -2.16027057e+00   2.58277949e+00   1.28583273e+00   1.66459458e+00
   -2.03195550e+00  -1.97045760e-01   1.30450887e+00  -2.40582191e+00
    2.48811309e+00   3.80606954e-01   7.94622991e-01  -1.55858092e+00
    1.08017529e+00  -1.65802437e+00   1.87679880e+00   1.28603965e+00
   -5.84769364e-01  -2.55682983e+00  -3.63085340e-01   5.46696994e-01
   -1.46598338e+00  -1.84097012e+00   2.31149296e+00  -1.23682427e+00
   -1.93410768e+00  -2.55641201e-01   4.92238715e-02   3.69685289e-01
   -1.38507722e+00   5.34433335e-02   1.52016008e+00  -1.99422354e+00
   -4.88869692e-01 
    1.19912286e+00  -1.00912977e+00  -9.28146705e-01  -1.60232031e+00
   -1.08305418e-01   1.47666486e-01  -1.11821562e+00  -2.59280560e+00
   -2.67584102e+00  -2.61529680e+00  -2.02634132e+00   2.01794548e+00
   -2.61132324e+00  -1.44788845e+00   3.39322857e-01   3.17134964e-01
    5.10157919e-01  -8.41224908e-02  -2.31683437e+00   1.76287657e+00
    1.33036412e+00   1.25724819e+00   5.19111650e-01  -2.48936034e+00
    2.63968432e+00  -9.64488754e-01   2.18381046e+00   6.40596378e-01
    2.80704183e+00   4.37613772e-01   6.81321696e-02  -2.03266597e+00
   -4.82935264e-01 
    4.29918101e-03  -2.99920877e+00   4.94699253e-01   1.01266560e+00
   -5.78116744e-01   1.40626700e+00  -1.21997619e+00  -2.27899865e+00
   -1.92918307e+00  -2.08183845e-01   1.18467031e+00  -3.93188491e-02
   -2.59154657e+00   1.89857746e+00  -3.47017764e-01   3.02898324e-01
    3.40442213e-01  -1.38933893e+00   1.15586534e+00   1.57238303e+00
   -7.82771527e-01  -1.33093963e+00  -1.40790394e+00  -2.97395590e+00
   -1.61898143e+00  -1.72800880e+00   3.66160715e+00   9.52784309e-01
   -1.22889203e+00  -3.67943029e-01   1.59272645e+00   2.65248786e+00
   -5.67543117e-01 
   -1.11340576e+00   4.67916557e+00  -1.44898685e+00  -2.64148554e+00
   -2.23521368e+00  -1.20151409e+00  -1.19534744e+00  -1.05863285e-01
    1.08290794e+00  -2.41645149e+00  -2.73449721e+00   3.28768741e-01
   -6.75470398e-01   1.37296053e+00  -3.73770224e-01   1.60778422e+00
   -6.42907693e-01  -5.84210377e-01  -7.08941909e-02  -8.92008338e-01
    7.32425580e-01   1.83035621e+00  -6.41136255e-01   1.00175324e+00
    3.98544292e-01  -1.71177960e+00  -1.51844631e+00  -5.70824947e-04
    1.11606540e+00  -9.56636313e-01   1.82238444e+00   1.25363566e+00
   -7.20034006e-01 
   -4.29186062e-01  -9.96669105e-01  -2.53782421e+00  -2.12459594e+00
   -2.16234213e+00   9.70278016e-01  -8.54048192e-02  -1.93944790e-01
   -7.05450670e-01   3.69110015e+00   1.24738796e-01   2.20608408e+00
   -9.82133629e-01   4.00461114e-01  -5.73428587e-01  -1.35151153e+00
   -1.24792548e-01  -1.12149589e+00  -4.70685409e-01  -1.52359928e+00
    2.81309190e-01  -3.61175594e-01  -9.03045987e-01  -7.13827424e-01
   -1.22610843e-01  -2.26233214e-01  -1.97544900e+00   4.91818835e-01
    1.57790716e+00  -1.25530039e+00   2.08471653e+00  -4.56296912e-01
   -2.37904623e-01 
   -2.53507084e-01  -7.99332898e-01   4.70043396e-01   1.96483017e+00
   -2.44676670e+00   1.35376122e+00  -2.48245163e-01   1.13457092e+00
    9.60880015e-01  -7.72961592e-01  -9.44207983e-01   1.25440037e-01
   -1.72716901e+00  -7.55235097e-01  -2.74825892e+00   2.19898845e+00
   -3.12118353e+00   4.73757590e-01   1.02695052e+00  -8.53644325e-01
    8.75328699e-01  -5.79242271e-01   1.48523335e+00   3.60613982e-01
    2.39987145e-01  -2.13931701e+00   9.40392027e-01  -1.35616655e+00
   -8.60478216e-03  -1.19742952e+00  -9.42026269e-01   7.48024235e-01
   -6.01270292e-01 
   -5.83923155e-01   2.27444226e+00   3.33636448e-01  -1.12121395e+00
   -9.83776041e-01  -2.22389950e-01   9.68633437e-01   1.57999049e+00
   -1.11450536e+00   2.57608585e-01  -1.01928982e+00  -6.42724662e-01
    2.32464750e-01   3.73612822e-01   2.01530238e+00  -1.21716531e+00
    4.79354840e-01   2.45890711e-01  -1.46333212e+00   4.32474935e-01
   -8.27134468e-01   9.79472121e-01  -3.85580105e-01  -3.96126091e-01
    1.00236871e+00  -1.24064750e+00  -3.90143274e-01  -4.17291235e-01
   -2.67571883e+00  -1.55006590e-01  -1.97012663e+00  -2.98017487e+00
   -9.88920780e-01 
   -1.50801349e-01  -1.80559563e+00  -2.41746093e+00   2.12549881e+00
    1.44713448e+00   9.15675603e-01  -3.77637573e-01  -4.68701481e-01
    2.14223385e+00   1.28824276e+00   2.35526304e-01   5.73868356e-01
   -1.95927488e-02   2.77619725e-01  -1.01468522e+00  -6.06938191e-01
   -2.16228130e-01  -1.92343472e+00  -8.91882880e-01   1.72011213e+00
   -4.06289627e-01   7.74391027e-01   4.82502823e-01  -1.56749217e+00
   -4.65749569e-01  -1.57429303e+00  -1.62247902e+00  -6.49857847e-01
    1.18661586e+00  -4.94188929e-01  -8.68113615e-01  -6.60781848e-01
   -1.34181832e-01  