NN 16 32 16   -4.17683292e+00  -1.23249499e+00   1.43286247e-01   6.58407489e-01
    2.82093849e+00  -1.00124111e+00  -2.18673973e+00  -2.41711213e+00
    3.69569871e+00  -1.20531543e+00  -3.88741750e-01   9.92490861e-02
    8.42174720e-01  -1.87783669e-01   2.89387720e-01  -6.92484575e-01
   -9.63608623e-01 
    6.51200485e-01  -6.11482813e-01  -1.30149615e-01   2.34342831e-01
    9.11543674e-01  -1.48157868e-01   1.34298185e-01   4.80634047e-01
   -2.94230515e+00   7.44051721e-01   2.26604146e+00  -4.45918374e+00
    9.53165465e-01   7.09034298e-01  -2.40868140e+00   1.47013833e+00
    7.26436666e-01 
   -1.29664542e+00   1.88301908e-01  -2.41924681e+00   9.35859937e-01
    3.10368940e+00  -1.86383257e+00  -8.92483193e-01  -8.09014941e-01
   -9.00634256e-01   7.11872255e-01  -5.83174426e-01   3.52738216e-01
    1.50866931e+00  -5.88304831e-01  -2.22596002e-01   2.29581957e+00
    2.63921565e-01 
    1.79560183e+00  -6.26839017e-01  -1.49437520e+00   1.04676782e+00
    3.27561337e-01  -1.14755805e+00   8.19044990e-01  -4.56202520e-01
   -1.68293025e+00   9.59136856e-01  -1.64588117e+00   1.89476532e+00
    1.83634943e+00  -1.75575982e+00   1.34152656e+00  -2.06120519e+00
   -1.41001145e-01 
   -1.63469356e-01  -1.76609114e+00   1.63966077e+00  -1.49591388e+00
    6.24351676e-02  -7.02808283e-01  -6.45893996e-02  -2.18556982e+00
    1.24778934e+00  -5.45689268e-01   1.24616123e-01   2.20613802e+00
    1.58157418e+00   2.36511029e+00  -1.94876083e-01  -1.50088895e+00
   -6.81468434e-01 
   -4.13040236e-01   1.25877924e+00   2.01282488e+00  -1.34115947e+00
    8.11911912e-01   1.12247568e+00   2.43875974e+00  -5.61197447e-01
    6.05317356e-02  -2.21549062e-01  -2.35695748e+00   4.12242415e-01
   -8.96566296e-01  -1.46514462e+00  -4.43247667e-01   3.12196063e-02
    1.68872257e-01 
    1.25153239e+00   1.69518334e+00   1.63165830e+00  -2.07640948e+00
   -1.15950044e-02   4.07613680e-01  -2.26614912e+00   1.63123021e+00
   -5.94978112e-01   6.45127613e-01   9.06899473e-01  -8.21644889e-02
   -2.17687679e-03  -3.77080933e-01  -1.42582233e+00   8.78899305e-01
   -7.19118111e-01 
    9.31734901e-01  -1.56373178e+00   1.21365960e+00  -3.88537740e-01
    6.50424044e-01   4.57060201e+00  -2.48692658e+00  -2.27497007e-02
    2.76374333e+00   2.48597015e+00   4.79213453e-01  -3.14599885e-01
   -5.75299552e-01  -2.89837800e+00  -1.49709990e+00  -1.43842259e-01
   -6.71742601e-01 
    9.94306858e-02   2.90720107e+00  -6.17107166e-01  -1.17318141e+00
    6.87032502e-01  -1.29975371e+00  -1.42221247e+00  -3.38945826e-01
   -1.83312443e+00   2.39503627e+00   1.48284535e+00  -1.31862939e+00
    1.09875881e+00  -1.99129342e+00   1.54328656e+00  -1.83896688e+00
   -1.68309966e-01 
   -1.15545756e+00  -4.67490703e-01  -8.48482191e-01   1.31936518e+00
    1.86601693e+00  -7.11618292e-01   1.11630794e+00  -7.39056002e-01
   -1.12497856e+00   6.15054288e-01   1.04065057e+00   2.29340857e+00
   -3.26897522e+00   3.41095959e-01  -9.22493109e-01  -1.42199286e+00
    4.00280332e-01 
   -7.61248046e-01   4.65640645e-01   1.26768196e-01  -2.82054218e+00
   -2.54120703e+00  -1.60434136e+00   4.35158966e-01   4.73578214e+00
   -1.61899058e+00   5.53494276e-01  -4.49718099e-01   3.24934653e+00
   -1.21663256e+00  -3.91361736e-01  -6.33006792e-02   1.07142582e-01
   -5.67502544e-01 
    3.44099992e+00  -8.06215428e-01   2.65318679e-01   2.06003865e+00
    1.74999645e+00  -7.87777200e-01  -1.27991586e+00   7.11856580e-01
    2.82390946e-01  -1.32330175e+00   7.00018494e-01  -5.87120856e-01
   -3.00273202e+00   5.84346048e-01   1.22626215e+00  -1.18697124e+00
   -3.26105815e-01 
   -2.44290922e-01  -2.71181944e+00   1.65241088e+00   2.01458079e-01
   -9.53291164e-02   3.86212397e-01  -3.67987384e+00  -5.90807217e-01
   -1.84900539e+00   1.23270249e+00   3.25045217e+00  -9.41217143e-02
   -4.76269361e-01   1.33408467e+00  -5.34565501e-01  -8.15353993e-01
   -1.36391227e+00 
   -6.59465390e-01   4.59146742e-01  -5.14566576e-01   8.66286361e-02
    2.60232104e+00  -2.19034016e+00   1.14466227e+00   1.04711595e+00
    1.15994206e+00   1.45015831e+00  -2.41186327e+00  -1.65260624e+00
   -1.31330829e+00   1.74764725e-01  -4.02960438e-01  -1.20894989e-01
   -1.50213974e-01 
    2.06771244e+00  -1.93533967e+00   7.99291561e-01   3.25925758e+00
   -2.42214691e+00   7.58519260e-01   5.01845530e-01  -9.90101780e-01
   -1.46116023e+00  -9.28320745e-03  -4.88308441e-01  -2.02233466e-01
    7.05733280e-01   2.49769173e+00  -2.29620400e+00  -1.59685449e-01
    6.30715440e-01 
    1.78820037e+00  -1.23965542e+00  -3.78369090e-01   1.47652672e-01
   -1.90251159e-01  -3.75893404e-01   3.22757612e+00  -3.02317367e+00
   -1.12789248e+00  -1.02212305e+00  -5.96253514e-01  -8.62300680e-01
    1.26132843e+00  -2.09960755e+00   1.00053660e+00   7.65677813e-01
    5.99278838e-01 
    1.66253670e+00   6.39848286e-01  -2.98473946e+00  -4.78624464e+00
    1.31314474e+00   2.17168370e-01   6.53768148e-01   1.59216193e+00
    6.80916829e-01   3.99820286e-01  -6.80599107e-01  -1.33202114e+00
   -3.45386276e-01   1.68558509e+00  -5.11954945e-01   1.34775687e+00
    3.78600732e-01 
   -1.75829443e+00   5.76932779e-01  -3.15987165e-01   3.20311703e-01
    6.34866247e-01  -2.16571062e+00   3.17916550e-01   2.23409609e-01
    1.55141034e+00  -9.40857495e-01   1.38152904e+00   3.80942375e-01
    8.17448027e-01  -1.23929568e+00  -8.72371057e-01   1.24801979e+00
   -8.30552365e-01 
   -6.92449308e-02  -2.54502135e+00   2.33376982e+00   1.37984505e-02
   -2.56174364e+00   2.46745235e-01  -2.00121236e-01   1.76257919e+00
    6.12705108e-02   1.63338032e+00  -1.61328463e+00  -4.53502942e-01
    5.20440149e-01  -9.54080873e-01   7.20717527e-01   7.47318131e-01
    1.84664674e-01 
   -1.28077674e+00   4.55614754e-01  -8.55729250e-01   2.36801718e+00
   -9.03705286e-01   1.87873575e+00   1.49783780e+00  -1.84561949e+00
    1.31861171e-01  -1.82041539e+00  -4.51817771e-01   6.35490541e-01
    1.73291412e+00  -4.21992747e-01  -3.70000883e-01  -2.58274137e+00
    3.07337746e-01 
   -4.00962041e-01   2.92566582e+00   1.40941790e+00  -7.85905860e-01
   -2.93977165e-01  -5.07604150e+00   1.35525744e+00   3.55519227e+00
    1.42657086e+00  -2.63228968e+00   6.91855541e-01   1.60268956e-01
   -3.88748506e-01  -9.22038177e-01   8.81146756e-01  -4.01251346e-01
   -2.94268773e-01 
   -2.96982420e+00   8.84248188e-01   2.11613082e+00  -2.68702298e-02
    1.66204368e+00  -9.51664923e-01  -1.75499831e+00  -1.11264234e-01
    2.57268376e+00  -9.73489557e-01   3.11875864e-01  -1.82694725e+00
    3.89786982e-01   4.66427658e-01  -1.27945015e+00  -5.18472403e-01
    6.51906707e-01 
   -5.09324767e-02  -8.64096711e-01   4.40148091e-01  -5.34706694e-01
    2.49971974e+00  -1.17224170e+00   1.47282209e-01   2.68332677e+00
   -2.79745200e+00  -1.04095120e+00   1.44923484e+00   9.02825137e-01
    3.29534235e-01  -9.15941068e-01  -5.37058544e-01  -1.40183569e+00
   -4.15886851e-01 
   -2.07145384e+00   9.10086290e-02  -1.50308141e+00   2.04535010e+00
   -1.08785062e+00   1.24972587e+00   9.39937751e-01  -8.68084067e-01
    1.25976510e+00   1.50002777e+00   2.04175950e+00  -1.49918659e+00
    7.71583421e-01  -1.48298366e+00   6.38213744e-01  -3.65383221e-01
   -6.52882160e-01 
    2.37925567e+00   1.70717991e+00  -2.20704969e+00  -1.49713755e+00
   -3.85214344e+00  -1.78834552e+00   9.39962076e-01   4.88500763e-01
    1.32946009e+00  -2.49324271e+00   1.80100695e+00  -6.97256857e-02
    8.31256857e-01  -4.62582163e-01  -8.36704246e-01   1.65277237e-01
   -1.59668472e-01 
    2.05187234e+00   3.79831708e-01  -2.26943039e+00   3.97487863e-02
   -1.13679191e+00  -7.04329961e-01   3.03137907e+00  -3.40032213e+00
   -2.98129229e-01  -3.97853535e-01   2.61233665e-01   9.07087727e-01
   -2.66032636e-01   1.25457681e+00   6.76422101e-01   1.37331979e+00
   -5.30412548e-01 
   -6.51203255e-01  -4.37057315e-02   2.07632107e+00  -2.23640493e-01
    1.97073482e+00   1.96627301e+00  -3.61104680e+00   5.05386502e-01
    3.84297336e-01  -8.43553609e-01  -3.67561273e+00  -4.93717198e-02
    2.30999339e+00  -1.49907545e+00  -1.58336043e-01   3.45027314e+00
   -2.67451896e-01 
   -6.83703383e-01   3.27583114e+00   1.12542022e+00   4.28398835e-03
   -1.40382658e+00   1.74221940e+00  -7.09284218e-01   1.60647623e-02
   -8.73937574e-01  -2.51192743e+00  -1.26477079e-01   9.48917129e-02
   -9.17393213e-01   7.01966392e-01  -1.69178419e-01   7.56437380e-01
   -6.90193895e-01 
   -3.15177193e-02  -1.01153850e+00  -1.40368416e+00  -3.25830182e-02
   -1.73960120e-01   2.76150628e+00  -5.02256310e-01   8.83849725e-01
    3.13057611e-01  -3.19453396e+00   1.08350676e+00  -3.76134821e-01
   -1.66002927e+00   1.18183518e-02   3.43040666e+00  -1.66658496e+00
    7.22256110e-01 
   -1.79819669e-01   2.89600837e+00   1.33418738e-01  -1.05534908e+00
    9.19202331e-01  -1.78765073e+00  -2.64451786e+00  -1.19743149e+00
   -6.52081959e-01  -9.73038428e-01  -2.85746401e-01   7.28163670e-01
    8.78070307e-01   5.57957512e-01   2.62272244e-01   9.71203013e-01
   -1.99151988e-01 
   -7.31918535e-01  -6.01881708e-03   3.27638827e+00   1.96350105e+00
    7.53421817e-01   5.64124112e-01  -2.49333244e+00  -1.50650007e+00
   -7.45214989e-01   6.37642363e-01  -2.27334902e+00  -1.59786208e+00
   -1.89835919e+00   1.91378392e+00   1.97081563e+00   1.24159051e+00
    2.36219045e-01 
    1.77476309e+00   8.66909761e-01  -1.29930108e+00  -3.66581681e-01
   -8.78112111e-01  -2.25492986e-01  -4.37059977e-01  -5.80763491e-01
    1.94210367e+00   1.81225049e+00  -2.53499960e+00  -2.16699278e+00
   -5.90591471e-01  -1.88135068e+00   2.55068131e+00   9.11986923e-01
   -5.81147014e-01      3.83602391e+00  -1.21195146e+00   4.90751493e-01  -2.06303172e+00
   -1.04850255e+00   1.58659055e+00  -9.06502544e-01  -1.16960767e+00
    3.07225874e-01   5.93574425e-01  -2.65066296e-01  -3.29084901e+00
   -9.45355042e-01   6.84430062e-01   1.03106979e+00  -1.39483639e+00
   -1.74364635e-01  -4.06218480e-03   6.03270143e-02  -1.52539848e-01
   -1.82946990e-01   1.64607812e+00   6.63192966e-01   2.09045073e+00
   -1.26029884e+00  -1.00497846e+00   2.48889632e-01  -1.03359440e-01
    4.71364476e-02  -1.75853375e-01   1.06576337e-01  -1.00081879e+00
   -5.19085608e-02 
    5.91243669e-01   4.13881670e-01  -3.06383119e-01  -3.80695142e-01
    1.21707281e+00  -3.38764233e-01  -1.23821889e+00   7.81817931e-01
   -2.06977854e+00  -1.90061820e-01  -8.31375840e-01   6.85230672e-02
    1.08333902e+00  -6.69356222e-02   1.49175922e+00   4.86696022e-02
   -2.29349361e-01  -1.17912093e+00   1.98674650e+00  -2.03315817e+00
   -1.33733376e+00   3.68493986e-01   5.64449519e-01   1.48493899e-01
   -1.27906042e+00   7.56905642e-01   4.85771666e-01  -4.63589158e+00
    1.48907638e+00  -1.76720463e+00   1.40080257e-01  -1.24773636e+00
    4.56334870e-01 
    4.71422297e-01  -2.78001001e-01   2.71266966e+00   1.32402182e+00
   -1.70718178e+00  -2.17910020e+00  -1.31061610e+00  -9.13950128e-01
    1.14545380e+00   1.18962878e+00   2.91961810e-01   7.82394989e-01
   -1.81516966e+00  -7.09729706e-03  -5.61249317e-01  -1.26198743e+00
    2.10013672e+00   6.29722499e-03  -1.43750244e+00   1.39974704e+00
   -1.29164484e+00  -2.63698174e+00  -8.72514379e-01   1.09942284e+00
    1.31009638e+00   6.36311629e-01  -2.59513101e+00  -4.90013111e-01
    2.22387028e+00   2.99576829e-03  -2.13847471e+00   9.13042227e-01
   -2.99971857e-01 
   -1.58635047e+00   2.88781146e-01  -1.52809842e+00  -1.00578114e+00
    1.98460252e+00   1.30831498e+00   1.17780976e+00  -4.17063653e-02
    6.54548567e-01  -8.62927883e-01   2.93749294e+00  -1.89499339e+00
    1.60027776e-01  -6.95160244e-01  -3.30529352e+00   2.43873410e-01
    3.88590531e+00  -9.27745308e-02  -9.49033830e-02  -2.16893824e+00
   -9.98427466e-01   4.97139645e-01   7.77112268e-01  -2.89605776e+00
    6.30646677e-01   6.13364803e-01   6.20740020e-02   2.16178214e-01
   -2.94778677e-01   3.73513582e-01  -1.71179600e+00  -5.10893457e-01
   -1.87434945e-01 
   -2.04443624e+00  -1.28962562e+00  -2.33523338e+00  -5.85564556e-01
    2.67341988e-02  -2.56970456e-01  -2.32526214e-01  -1.35550034e+00
   -2.84878200e-01  -3.07364731e+00   1.64853360e+00  -7.57300980e-01
   -1.90215814e-01  -2.65208923e+00   3.06676450e+00  -1.68213038e+00
    3.40280980e-02  -1.65470332e+00   2.47807654e+00  -3.66389189e-01
    1.21443425e+00  -1.10002369e+00  -3.56196992e+00   2.23282311e+00
    1.77751253e+00   1.37095903e+00  -1.67194518e+00   1.55958850e-03
   -5.45977546e-02   1.51415084e-02  -9.76705339e-01   1.96684931e+00
   -1.26192743e-01 
   -1.72703229e+00  -3.00715274e-01   6.19439320e-01   2.96598814e-01
    1.28108083e+00  -6.57771263e-01  -4.33686977e-01  -3.50820477e+00
    1.22579913e+00   2.56571167e-01  -1.75290742e-01   5.08254812e-01
   -9.27100411e-01   1.97216905e+00  -6.50658812e-01  -2.20142748e+00
   -1.48430441e+00   7.39224249e-01  -2.40557590e-01  -2.53274224e+00
    4.16545036e+00   5.72286891e-01  -2.43507038e-01  -2.62761149e-01
    5.92024272e-01   5.97839279e-01  -1.06159714e+00  -1.81429493e+00
   -3.95491617e+00   8.47059329e-01  -7.72935922e-02   3.54923215e-01
    9.09772889e-02 
    7.12700009e-01  -1.42018422e+00  -3.40885341e-02  -8.58429068e-01
   -2.77951798e-01  -2.80603277e+00   9.98543611e-01   1.13261976e+00
    6.38348499e-01  -2.17404992e+00  -6.49832962e-01   2.78231845e+00
    3.00664312e+00  -1.57694709e+00  -1.03303308e+00  -4.01554330e+00
   -8.17172942e-01   2.42221399e-02   1.41393200e-01  -6.51210810e-01
   -8.38892554e-01  -8.35713396e-03  -3.85742370e-01  -7.42713380e-01
   -1.24179738e+00  -2.24047586e+00   9.37647228e-01   5.63914333e-01
    5.23559851e-01   2.67466251e+00   1.19102830e+00   1.64200337e-01
   -4.53422475e-01 
    5.59385902e-02  -6.27087487e-01   2.13359444e+00  -6.48489948e-01
    1.97299697e+00  -6.82662426e-02  -8.51957175e-01  -1.94151577e-01
   -1.49388494e-01   5.56182810e-01  -4.45548257e+00   2.01890618e-01
    5.20035943e-01  -2.03665549e+00  -3.70963298e-01   2.33080567e+00
   -2.55730055e+00  -5.10832803e-01  -2.16171741e+00  -2.30409096e-01
   -2.69652023e+00  -6.99685947e-02  -3.02196887e+00   2.99048711e-01
   -2.60292212e-01   3.51835804e+00   3.50969775e-01   7.82673727e-01
   -1.39737856e+00   8.21896253e-01   1.32589509e+00  -3.07157697e-01
   -1.19446223e+00 
   -2.13903505e+00   2.54271648e+00   1.34770734e+00   1.67521649e+00
   -2.08998314e+00  -2.47371546e-01   1.28749305e+00  -2.41992062e+00
    2.50335530e+00   3.90187567e-01   8.19602193e-01  -1.63900842e+00
    1.06495479e+00  -1.73205719e+00   1.78599497e+00   1.19680744e+00
   -6.42562577e-01  -2.54526498e+00  -4.42428873e-01   5.16335564e-01
   -1.44097143e+00  -1.75335960e+00   2.43926975e+00  -1.24862858e+00
   -2.04960782e+00  -3.62682830e-01   4.75359977e-02   2.90087105e-01
   -1.48066087e+00   1.40790617e-01   1.50343936e+00  -2.06161538e+00
   -5.59468395e-01 
    1.23477987e+00  -1.02193909e+00  -9.01951705e-01  -1.57897692e+00
   -4.65858868e-02   1.02810177e-01  -1.12749701e+00  -2.61680553e+00
   -2.67284088e+00  -2.59659566e+00  -1.91820614e+00   2.13538191e+00
   -2.65594109e+00  -1.51421688e+00   4.73210289e-01   4.30020679e-01
    5.27175393e-01  -4.36606815e-03  -2.31823037e+00   1.74776854e+00
    1.40095162e+00   1.23672308e+00   5.39728109e-01  -2.41672110e+00
    2.73347571e+00  -1.00041280e+00   2.27300387e+00   6.82842428e-01
    2.92280591e+00   5.06099201e-01   5.10253128e-02  -2.05993585e+00
   -4.54215938e-01 
   -4.94380254e-02  -3.08223636e+00   5.16805899e-01   1.13896007e+00
   -5.85515968e-01   1.49919499e+00  -1.25732025e+00  -2.30580396e+00
   -1.94269607e+00  -1.97799357e-01   1.23000904e+00  -1.20924559e-01
   -2.62443801e+00   1.87139936e+00  -3.88757286e-01   3.55959990e-01
    3.07331149e-01  -1.44634370e+00   1.06993296e+00   1.66010242e+00
   -8.22252030e-01  -1.46171411e+00  -1.40575914e+00  -3.07800068e+00
   -1.55513154e+00  -1.60554625e+00   3.67556476e+00   1.00002967e+00
   -1.19093687e+00  -3.48272604e-01   1.53074792e+00   2.64788873e+00
   -5.88187264e-01 
   -1.07914597e+00   4.76454684e+00  -1.53558910e+00  -2.66339544e+00
   -2.22159827e+00  -1.27273398e+00  -1.22655910e+00  -1.50715701e-01
    1.04331994e+00  -2.43141959e+00  -2.73093017e+00   3.85756394e-01
   -6.60698839e-01   1.32834056e+00  -3.87540439e-01   1.62732120e+00
   -6.11080512e-01  -6.11711668e-01   3.43452982e-02  -9.21796722e-01
    7.24535995e-01   1.78857421e+00  -6.81955382e-01   1.03713626e+00
    3.87521464e-01  -1.67284741e+00  -1.57724211e+00  -5.29166104e-02
    1.17138443e+00  -1.03160835e+00   1.85793145e+00   1.30604517e+00
   -7.46160162e-01 
   -4.27333480e-01  -9.99496562e-01  -2.54259500e+00  -2.14149940e+00
   -2.18005539e+00   1.02448604e+00  -9.74168999e-02  -1.69000130e-01
   -7.20205631e-01   3.75526234e+00   1.29630730e-01   2.22908371e+00
   -9.86383809e-01   4.39636318e-01  -5.83966593e-01  -1.34911925e+00
   -1.28046001e-01  -1.13134681e+00  -4.83428325e-01  -1.53775141e+00
    2.91308075e-01  -3.34344131e-01  -8.98284826e-01  -7.25851641e-01
   -1.55828934e-01  -2.14653677e-01  -1.99357679e+00   5.25166505e-01
    1.60492958e+00  -1.25858710e+00   2.12855472e+00  -4.40271751e-01
   -2.24081466e-01 
   -2.37355532e-01  -7.99093646e-01   4.57245801e-01   1.98680736e+00
   -2.46868289e+00   1.39546173e+00  -2.37758108e-01   1.18890403e+00
    9.78095363e-01  -7.67207470e-01  -9.46184299e-01   1.46985597e-01
   -1.73569524e+00  -7.70354110e-01  -2.78914220e+00   2.25658894e+00
   -3.17130672e+00   5.19283750e-01   1.04520572e+00  -8.56882401e-01
    9.26380261e-01  -5.56615721e-01   1.52503129e+00   3.81585514e-01
    2.37405524e-01  -2.15272089e+00   9.55127894e-01  -1.36741667e+00
   -1.96466527e-02  -1.22293069e+00  -9.54058650e-01   7.60628897e-01
   -6.09473220e-01 
   -6.12593707e-01   2.34141919e+00   3.16355344e-01  -1.14533161e+00
   -1.00808355e+00  -2.17923035e-01   9.96488326e-01   1.58154809e+00
   -1.11467192e+00   2.56774243e-01  -1.00838770e+00  -6.55568975e-01
    2.20087510e-01   3.75499290e-01   2.02067610e+00  -1.23800776e+00
    4.78745148e-01   2.24395569e-01  -1.50263704e+00   4.15328446e-01
   -8.48882885e-01   9.73011001e-01  -3.86099554e-01  -4.47365067e-01
    1.04917914e+00  -1.25215260e+00  -4.00459032e-01  -4.12033653e-01
   -2.76115561e+00  -1.47311383e-01  -2.01519504e+00  -3.02809834e+00
   -1.02279393e+00 
   -1.79308764e-01  -1.83815445e+00  -2.47551031e+00   2.15570104e+00
    1.37915638e+00   8.40256756e-01  -4.06243863e-01  -5.61291697e-01
    2.17083943e+00   1.24119185e+00   2.29538703e-01   5.52872438e-01
   -2.77726443e-02   2.60392889e-01  -1.05105367e+00  -6.63343889e-01
   -2.90129068e-01  -1.99067538e+00  -9.30178207e-01   1.68681965e+00
   -4.06887403e-01   7.26492095e-01   4.65328850e-01  -1.63682841e+00
   -4.47376129e-01  -1.64749826e+00  -1.71803456e+00  -7.24220740e-01
    1.08344186e+00  -5.09296503e-01  -9.58936456e-01  -6.91817015e-01
   -2.37968907e-01  