NN 16 32 16   -3.65316226e+00  -9.05845615e-01  -8.88587338e-02   5.90699450e-01
    2.35201544e+00  -9.66345083e-01  -1.86544473e+00  -2.07809829e+00
    3.14115665e+00  -1.30001385e+00  -1.12207783e-01   3.22659987e-01
    8.90121546e-01  -1.97884536e-01   2.72951441e-01  -4.74359828e-01
   -8.03713033e-01 
    6.23646353e-01  -4.82013062e-01  -4.49668138e-01  -2.58468040e-01
    1.17776164e+00  -4.95277460e-01   1.16162026e-01   5.67079636e-01
   -2.55426797e+00   6.90887006e-01   2.18798066e+00  -3.63071615e+00
    7.22882145e-01   7.14474286e-01  -1.95693801e+00   1.32070930e+00
    5.83344321e-01 
   -9.26660784e-01   1.27177246e-01  -2.65538982e+00   8.26243410e-01
    2.47818101e+00  -1.79051249e+00  -4.62108330e-01  -7.84368596e-01
   -1.07393508e+00   4.87274692e-01  -2.00746736e-01   1.71435351e-01
    1.43219520e+00  -8.17620543e-01  -2.70904556e-01   1.92765956e+00
    9.62578647e-02 
    1.63214374e+00  -8.41715758e-01  -1.28596172e+00   1.07079281e+00
    1.46459796e-02  -1.13896153e+00   8.73634926e-01  -3.57811182e-01
   -1.47309333e+00   8.06496001e-01  -1.56517864e+00   1.70950716e+00
    1.71869228e+00  -1.59366328e+00   1.13014131e+00  -1.88500685e+00
   -2.37277312e-01 
   -2.70777526e-01  -1.55346542e+00   1.52200370e+00  -1.08226058e+00
   -2.16114864e-01  -6.58617561e-01   9.15290290e-02  -2.06751141e+00
    1.13609139e+00  -4.72086516e-01   5.20853221e-02   1.89610747e+00
    1.53624575e+00   2.15354278e+00  -1.48548733e-01  -1.46431300e+00
   -7.28061332e-01 
   -3.79758107e-01   1.12243966e+00   1.75839975e+00  -1.22869611e+00
    6.82415235e-01   1.27788404e+00   1.86450800e+00  -3.94907474e-01
   -7.94281909e-02  -2.70716335e-01  -1.99233826e+00   4.07162121e-01
   -8.63854811e-01  -1.44661939e+00  -4.77117979e-01  -1.61414721e-01
   -3.59259965e-03 
    7.82127910e-01   1.59476564e+00   1.56369682e+00  -1.78807998e+00
   -8.63727526e-02   2.88954229e-02  -1.80168956e+00   1.26078061e+00
   -5.13662266e-01   5.21697867e-01   8.74712783e-01   3.73287698e-01
   -1.38232324e-01  -3.60677863e-01  -1.37287488e+00   8.55965862e-01
   -6.35811982e-01 
    7.61488621e-01  -1.31552370e+00   1.11153200e+00  -4.07118493e-01
    5.69380691e-01   3.95144627e+00  -2.06267864e+00  -2.33402221e-01
    2.24814177e+00   2.15660626e+00   4.15231374e-01  -6.52414654e-01
   -7.01375176e-01  -2.66933870e+00  -1.34846047e+00  -1.34016629e-01
   -7.12374145e-01 
    1.71967052e-01   2.68996638e+00  -9.51668078e-01  -8.62827803e-01
    7.63068241e-01  -1.28849968e+00  -1.10063831e+00  -1.90658357e-01
   -1.55382850e+00   2.37132804e+00   1.40587121e+00  -1.07098979e+00
    8.48679109e-01  -1.69224791e+00   1.37641229e+00  -1.50733518e+00
   -1.03365415e-01 
   -1.34765506e+00  -7.35254941e-02  -7.21806049e-01   1.24141365e+00
    1.72540658e+00  -8.73092495e-01   1.26238868e+00  -8.77662690e-01
   -1.00216977e+00   1.08765914e+00   5.04601858e-01   1.93712944e+00
   -2.64086633e+00   5.14873912e-01  -5.63167363e-01  -1.31847284e+00
    3.20273762e-01 
   -4.25031064e-01   4.20017751e-01   1.13804194e-03  -2.70866128e+00
   -2.07096487e+00  -1.47615274e+00  -8.70617614e-03   4.04318662e+00
   -1.01814158e+00   6.41498098e-01  -7.05589454e-01   2.93218237e+00
   -1.00111018e+00  -3.26259033e-01  -1.18398411e-01  -1.32827150e-02
   -6.28639592e-01 
    2.88343102e+00  -8.28150522e-01   2.13529790e-01   1.78941823e+00
    1.55454324e+00  -6.31235623e-01  -1.26330033e+00   6.60554070e-01
    2.28241582e-01  -1.09799326e+00   4.12431883e-01  -4.49834101e-01
   -2.85954788e+00   4.13858953e-01   9.63890244e-01  -8.70508476e-01
   -1.56892305e-01 
   -1.66605705e-01  -1.95951938e+00   1.29044827e+00   9.06152043e-02
    3.58447171e-02   2.42818116e-01  -3.39203323e+00   2.18463085e-02
   -1.80112599e+00   1.03904682e+00   2.99122258e+00   1.86832648e-01
   -3.39795904e-01   1.32708920e+00  -5.65642919e-01  -6.13323445e-01
   -1.19194988e+00 
   -3.67580186e-01   3.79150816e-01  -4.72847479e-01   9.30830532e-02
    2.24375247e+00  -1.92075297e+00   8.74920701e-01   8.67054993e-01
    1.08172345e+00   1.64955925e+00  -2.22460808e+00  -1.71164356e+00
   -9.16522165e-01   4.29703210e-01  -3.38089243e-01  -8.24730613e-02
   -7.37936757e-02 
    1.46620739e+00  -1.86007946e+00   4.61284276e-01   2.94537430e+00
   -2.20289094e+00   7.54586506e-01   3.59366504e-01  -8.97904058e-01
   -1.64374881e+00  -6.07404730e-02  -3.73284726e-01  -2.70869846e-01
    7.38511764e-01   2.34311241e+00  -2.07246071e+00  -1.18454557e-01
    5.80214897e-01 
    1.35259242e+00  -1.02075232e+00  -2.68895967e-01   1.13449770e-01
   -2.34368618e-01  -2.44737550e-01   3.08969762e+00  -2.85374065e+00
   -1.41654210e+00  -7.83549882e-01  -4.51707614e-01  -9.21344405e-01
    1.32057835e+00  -1.87159347e+00   8.90810122e-01   4.84039084e-01
    5.05129425e-01 
    1.45517856e+00   7.31217908e-01  -3.03728292e+00  -4.09874601e+00
    9.35220764e-01   5.38453819e-02   8.55117287e-01   1.47734015e+00
    9.16626711e-01   2.37371144e-01  -9.71723079e-01  -1.08600006e+00
   -3.51461952e-01   1.72562782e+00  -5.49380712e-01   1.04639735e+00
    2.05114902e-01 
   -1.40417810e+00   4.20226350e-01  -2.13794539e-01   1.59975512e-01
    7.08007560e-01  -1.48476947e+00   1.48994310e-01   2.10701775e-01
    1.47282797e+00  -9.01041099e-01   1.10225981e+00   1.24988708e-01
    8.83726974e-01  -1.01908824e+00  -6.58217695e-01   1.18270212e+00
   -6.47534679e-01 
   -1.75978093e-01  -2.40574708e+00   2.11804488e+00  -6.50078520e-02
   -2.33379268e+00   2.92953572e-01  -3.57400806e-01   1.56759522e+00
    2.14350080e-01   1.51305817e+00  -1.74294574e+00  -5.45833581e-01
    5.38289940e-01  -1.19791546e+00   5.58745381e-01   5.64399405e-01
    6.06047119e-02 
   -1.28275955e+00   5.64585796e-01  -7.47780372e-01   2.04655244e+00
   -7.86234440e-01   1.89819125e+00   1.01338669e+00  -1.54262405e+00
   -1.95565872e-01  -1.75329760e+00  -6.23129107e-01   6.88835971e-01
    1.82963658e+00   1.97630837e-01  -1.86632273e-01  -2.13198240e+00
    4.17247059e-01 
    4.77383390e-02   2.56563495e+00   1.12431348e+00  -5.08133180e-01
   -2.02265430e-01  -4.64360252e+00   1.26310050e+00   3.32309424e+00
    1.38851598e+00  -2.17783698e+00   7.10487321e-01  -2.31614024e-01
   -4.89560003e-01  -6.73391103e-01   7.12422889e-01  -2.51902250e-01
   -2.52607958e-01 
   -2.56832899e+00   9.06697808e-01   1.87709294e+00  -1.45430387e-01
    1.58409149e+00  -9.22427987e-01  -1.13134326e+00  -5.49431651e-01
    2.21362778e+00  -1.32945184e+00   3.67155932e-01  -1.84031337e+00
    5.25590311e-01   4.49262594e-01  -1.13459996e+00  -4.40840866e-01
    6.05148049e-01 
   -1.78806578e-01  -5.55982010e-01   6.72584055e-01  -8.68370233e-01
    2.29052977e+00  -1.22199037e+00   6.92669251e-02   2.33966294e+00
   -2.49719779e+00  -6.88639554e-01   1.35033410e+00   8.72458767e-01
    5.18194152e-01  -6.84197633e-01  -3.65461566e-01  -9.51462594e-01
   -2.72949076e-01 
   -1.92481038e+00   2.07038756e-01  -1.45362429e+00   2.05313680e+00
   -8.59168027e-01   9.18487538e-01   7.88811595e-01  -6.95060434e-01
    1.04635327e+00   1.49493720e+00   1.58395335e+00  -1.82453696e+00
    8.28916244e-01  -1.31279300e+00   5.87418649e-01  -1.91799801e-01
   -6.02720635e-01 
    1.79878743e+00   1.58697682e+00  -2.01818048e+00  -8.34501203e-01
   -3.57334193e+00  -1.19453212e+00   9.18538018e-01   6.90298660e-01
    1.34434826e+00  -2.47821354e+00   1.83420427e+00  -2.01960404e-01
    5.36104493e-01  -3.43973944e-01  -7.63589562e-01   1.11648860e-01
   -1.62385654e-01 
    1.75517083e+00   1.07079970e-01  -1.77821756e+00  -1.44423112e-01
   -1.07775363e+00  -4.73176963e-01   2.78955574e+00  -2.93274235e+00
   -8.71441851e-02  -1.27156773e-01   1.77761685e-01   9.07524273e-01
   -2.38727004e-01   1.30578913e+00   7.92295973e-01   1.12121038e+00
   -5.65984249e-01 
   -5.96215634e-01  -4.54337826e-01   1.96394930e+00  -2.99394590e-01
    1.59800840e+00   1.87312960e+00  -3.14062685e+00   3.03785983e-01
    1.83617800e-01  -8.24658361e-01  -3.06959665e+00   2.57110225e-01
    1.93970923e+00  -1.32289389e+00   3.12495544e-03   3.00643483e+00
   -1.96889845e-01 
   -7.70758023e-01   2.64497879e+00   1.26916222e+00  -4.70395545e-04
   -1.31429755e+00   1.99559320e+00  -4.26519610e-01  -8.43565666e-02
   -9.97487036e-01  -2.13146741e+00  -2.33441602e-01  -1.43514470e-01
   -9.08218879e-01   5.85792548e-01  -7.60075702e-02   7.35721089e-01
   -5.24790874e-01 
   -3.90174882e-01  -1.07333794e+00  -1.13372547e+00   1.02394919e-01
    3.86009524e-02   2.53869940e+00  -8.63363257e-01   8.72775244e-01
    3.99110736e-01  -2.53096187e+00   1.24895088e+00  -2.25259016e-01
   -1.39915558e+00  -2.63493338e-02   3.00032334e+00  -1.46246591e+00
    6.18908838e-01 
   -2.90940818e-01   2.19359643e+00   2.50537058e-01  -8.74359466e-01
    8.45722647e-01  -1.56227892e+00  -2.36221487e+00  -1.48132158e+00
   -5.01723656e-01  -9.37267207e-01  -4.66829703e-02   9.73293720e-01
    7.34546311e-01   4.55189968e-01   7.35862212e-02   9.91155124e-01
   -7.39378832e-02 
   -9.77830427e-01   1.61327204e-01   2.69115733e+00   1.59579079e+00
    1.01384139e+00   2.19934251e-01  -2.05929811e+00  -1.21608820e+00
   -8.35039011e-01   7.53858703e-01  -1.87928625e+00  -1.44992814e+00
   -1.67763066e+00   1.50014868e+00   1.59993256e+00   1.10007708e+00
    2.64537518e-01 
    1.43985377e+00   9.37197291e-01  -1.05361826e+00  -2.34194284e-01
   -8.93157899e-01  -2.48311478e-01  -5.44484655e-01  -4.67570891e-01
    1.72083317e+00   1.56191629e+00  -2.33475845e+00  -1.92961910e+00
   -4.87550066e-01  -1.64853349e+00   2.39689972e+00   7.81932749e-01
   -5.27259521e-01      3.50268916e+00  -9.93396137e-01   2.53352234e-01  -2.05609055e+00
   -8.50617851e-01   1.27114312e+00  -7.32670432e-01  -9.59426007e-01
    5.26828270e-01   8.24256879e-01   7.74196268e-02  -3.07810960e+00
   -8.19012337e-01   2.91528366e-01   9.40991138e-01  -1.59329572e+00
   -2.44206157e-01   1.43873897e-01   1.16179975e-01   3.37028958e-01
   -2.73110189e-01   1.94280584e+00   4.98703792e-01   2.13800639e+00
   -1.50142171e+00  -8.31134066e-01   4.64245616e-01  -1.02321489e-01
   -8.68496989e-02  -3.81565369e-01   2.36703111e-01  -1.42418923e+00
   -1.42989170e-01 
    6.39309597e-01   5.15965502e-01  -2.72549882e-01  -2.22487199e-01
    9.20340709e-01  -1.93632361e-01  -1.39424596e+00   1.00901391e+00
   -2.17523749e+00  -2.06782745e-01  -9.09240013e-01   6.83146069e-03
    1.21640112e+00  -2.04120064e-01   1.57290059e+00   6.91088135e-02
    1.04375316e-01  -8.87978842e-01   2.12257904e+00  -2.09994678e+00
   -1.48232174e+00   2.45791003e-01   4.49510620e-01   8.88328375e-02
   -1.42175015e+00   6.46716820e-01   7.67751656e-01  -4.22035920e+00
    1.34200224e+00  -1.80206773e+00   4.38805273e-02  -1.29516701e+00
    1.81539996e-01 
    6.04988874e-01  -1.32696873e-01   2.78589111e+00   1.03240514e+00
   -1.78998666e+00  -1.61706303e+00  -9.58065949e-01  -8.50579718e-01
    1.46594169e+00   1.08244284e+00   4.43226946e-01   4.35635126e-01
   -2.23015889e+00   3.89097466e-02  -4.66999779e-01  -1.23196914e+00
    2.26565606e+00   2.97515815e-02  -1.42354589e+00   1.22101958e+00
   -1.37113669e+00  -2.54898384e+00  -1.29629787e+00   1.20960064e+00
    1.23309965e+00   8.40805036e-01  -2.28128489e+00  -4.90308232e-01
    2.00955495e+00  -2.40664812e-01  -2.34937260e+00   9.14603168e-01
   -3.52310641e-01 
   -1.41785123e+00   3.88042430e-01  -1.42144951e+00  -1.04173584e+00
    1.76290797e+00   1.41096976e+00   1.25515211e+00   2.21114664e-01
    4.88972494e-01  -8.08368541e-01   2.68885342e+00  -2.04691525e+00
    5.31044426e-01  -9.36515296e-01  -3.28990914e+00   4.63841841e-02
    3.81303523e+00  -1.60785438e-01   1.98416267e-01  -2.13871627e+00
   -9.98815267e-01   6.41531503e-01   7.86009080e-01  -2.88803412e+00
    4.93694493e-01   5.63451543e-01  -6.81366444e-02   1.53776818e-01
   -3.89371975e-01   2.60501478e-01  -1.68141817e+00  -6.41493066e-01
   -1.56398416e-01 
   -1.75002112e+00  -1.20324941e+00  -2.22001937e+00  -5.56039324e-01
    1.75401753e-01  -3.56929743e-01   1.72048645e-02  -1.12806444e+00
   -3.24282811e-01  -2.75648907e+00   1.41733757e+00  -4.99411375e-01
   -4.24743435e-02  -2.44219204e+00   2.76662406e+00  -1.71606526e+00
   -2.62479044e-01  -1.41624948e+00   2.58262794e+00  -1.35491088e-01
    1.30328420e+00  -1.32135211e+00  -3.12239097e+00   2.11001927e+00
    2.03641672e+00   1.26978605e+00  -1.44074960e+00  -1.87966303e-01
   -4.90916344e-01  -3.36166037e-01  -1.12277710e+00   1.63675175e+00
   -1.96382168e-01 
   -1.28885479e+00  -2.11925236e-01   6.23715559e-01   5.28112026e-01
    1.00757340e+00  -6.51391323e-01  -4.29924712e-01  -3.64333635e+00
    1.03889064e+00   9.95745758e-03  -1.77898019e-01   3.28797789e-01
   -9.37724558e-01   1.93804433e+00  -8.67442057e-01  -2.03511916e+00
   -1.36710612e+00   5.23659393e-01  -1.77006250e-01  -2.57895213e+00
    4.47541899e+00   3.73626746e-01   4.10521424e-03  -1.14984425e-01
    2.20684023e-01   5.48134214e-01  -1.43211311e+00  -1.60374358e+00
   -3.70337799e+00   7.69789173e-01  -2.58832348e-01   2.91870921e-01
   -3.32682256e-02 
    7.12933724e-01  -1.06725407e+00   1.81118401e-01  -1.11067673e+00
   -1.19410288e-01  -2.16229800e+00   1.20585853e+00   7.67763600e-01
    4.98669187e-01  -2.09436117e+00  -6.31063001e-01   2.55378446e+00
    3.06295480e+00  -1.72589050e+00  -1.13030352e+00  -3.85261289e+00
   -9.70828982e-01   1.92066552e-01  -3.34922885e-01  -3.25629605e-01
   -7.47595869e-01  -2.62093222e-01  -3.83244030e-01  -6.01183159e-01
   -1.27141062e+00  -1.55367923e+00   1.13921229e+00   3.40221784e-01
    4.58821849e-01   2.88315256e+00   6.74430358e-01   3.04958423e-01
   -2.92169456e-01 
    1.22614562e-01  -6.23264437e-01   2.10688315e+00  -6.47641610e-01
    1.62491210e+00  -1.62731407e-01  -9.34405640e-01  -8.48711821e-02
   -2.51398897e-01   5.00593839e-01  -4.23171620e+00   1.01987043e-01
    2.90662142e-02  -1.64883083e+00  -3.31933931e-01   2.28435587e+00
   -2.34596318e+00  -5.47136753e-01  -2.25250300e+00  -3.61761858e-01
   -2.46735179e+00  -2.29199363e-01  -2.76953923e+00   2.71864785e-01
   -4.86802416e-01   3.46038971e+00   4.48382655e-01   5.91438325e-01
   -1.44419515e+00   7.98719472e-01   1.11189229e+00  -1.42160679e-01
   -8.47092437e-01 
   -2.02194157e+00   2.35798212e+00   1.14433398e+00   1.33007662e+00
   -2.02635206e+00  -3.65100946e-01   1.21771729e+00  -2.32835737e+00
    2.15810549e+00   3.41355293e-01   6.73960038e-01  -1.41649957e+00
    1.16944051e+00  -1.54030007e+00   1.98390025e+00   1.21429479e+00
   -8.45445158e-01  -2.25513411e+00  -3.91678140e-01   5.52546581e-01
   -1.42472253e+00  -1.70339064e+00   2.09617204e+00  -1.33523388e+00
   -1.78654938e+00  -4.93016996e-01   3.15436611e-03   5.41345552e-01
   -1.27485380e+00  -1.03890606e-01   1.50355876e+00  -1.85188440e+00
   -5.27431849e-01 
    9.58058881e-01  -9.33393000e-01  -8.63117994e-01  -1.33859388e+00
   -9.23315262e-02   2.77196844e-01  -8.63961885e-01  -2.33811279e+00
   -2.39339979e+00  -2.61886022e+00  -1.78976575e+00   1.64946906e+00
   -2.44092792e+00  -1.43173280e+00   1.13153113e-01   1.33673251e-01
    6.10637748e-01  -9.26461729e-03  -2.09871720e+00   1.71900421e+00
    1.28520353e+00   1.22547156e+00   5.91386968e-01  -2.62145614e+00
    2.63293561e+00  -6.75602537e-01   1.96509582e+00   4.27832993e-01
    2.35993630e+00   3.78321399e-01   3.93272904e-02  -1.77067360e+00
   -2.90997351e-01 
   -1.76861535e-01  -2.74398462e+00   3.39402870e-01   8.73833178e-01
   -6.05349874e-01   1.23027602e+00  -1.13374959e+00  -2.19365498e+00
   -1.60920861e+00  -3.87276325e-02   1.15163185e+00   1.55386364e-01
   -2.63402558e+00   1.87180911e+00  -3.09591578e-01   2.01086046e-01
    5.52043384e-01  -1.27314188e+00   1.03182647e+00   1.66465143e+00
   -7.95712130e-01  -1.29211198e+00  -1.32258951e+00  -2.61640734e+00
   -1.68660159e+00  -1.60564537e+00   3.39444693e+00   1.02531242e+00
   -1.10387530e+00  -4.07640246e-01   1.58437258e+00   2.47976167e+00
   -4.19100091e-01 
   -1.28250263e+00   4.27458736e+00  -1.20699481e+00  -2.52112045e+00
   -2.05023357e+00  -1.20950521e+00  -1.09635037e+00  -2.47339774e-02
    1.13725922e+00  -2.26806043e+00  -2.58994655e+00   2.78699427e-01
   -6.85381055e-01   1.30263548e+00  -1.90764222e-01   1.62291548e+00
   -7.14263304e-01  -4.58140653e-01  -1.05732207e-01  -8.77402405e-01
    8.23448423e-01   1.83124922e+00  -5.22915166e-01   8.96454871e-01
    6.24945539e-01  -1.67040953e+00  -1.47593391e+00  -4.29663341e-02
    1.04650140e+00  -8.10107708e-01   1.56030609e+00   1.06698604e+00
   -5.82079427e-01 
   -4.40425959e-01  -9.65165595e-01  -2.52581375e+00  -2.03563903e+00
   -2.02975479e+00   8.97728876e-01   1.22705276e-02  -2.11691123e-01
   -6.41945792e-01   3.32540432e+00   6.39169478e-02   2.10172828e+00
   -1.02474004e+00   2.59157827e-01  -4.84672115e-01  -1.31358501e+00
   -8.08527182e-02  -1.10221509e+00  -4.16030530e-01  -1.42449407e+00
    3.46710940e-01  -4.00158879e-01  -8.90756871e-01  -7.29067596e-01
   -1.16179464e-02  -2.02240760e-01  -1.79809659e+00   4.45743947e-01
    1.50191925e+00  -1.19665636e+00   1.92368694e+00  -4.48019440e-01
   -2.34379737e-01 
   -2.73860559e-01  -7.90563719e-01   5.84463154e-01   1.93023062e+00
   -2.22468469e+00   1.23825094e+00  -1.87083436e-01   1.01354825e+00
    9.56874423e-01  -7.12439563e-01  -8.48019157e-01   7.81377557e-02
   -1.64912419e+00  -6.96010159e-01  -2.52197134e+00   2.01772305e+00
   -2.88028135e+00   4.21577595e-01   1.03390345e+00  -8.02847631e-01
    7.96175032e-01  -6.04767031e-01   1.40389683e+00   3.88281546e-01
    3.35348749e-01  -2.01188609e+00   9.52992653e-01  -1.28574807e+00
    8.79490981e-02  -1.04226556e+00  -8.49142460e-01   7.24139792e-01
   -4.27302569e-01 
   -5.66065880e-01   2.00950358e+00   2.76424876e-01  -1.10631634e+00
   -9.69043999e-01  -1.55269730e-01   9.65980602e-01   1.47361769e+00
   -9.29771388e-01   2.21491253e-01  -9.59185949e-01  -6.93235571e-01
    2.10333349e-01   4.29958843e-01   1.81231905e+00  -1.10330609e+00
    4.68674296e-01   2.90644827e-01  -1.25502065e+00   4.43312616e-01
   -6.60847948e-01   1.03949633e+00  -2.78121676e-01  -2.86391106e-01
    9.08897715e-01  -1.26143173e+00  -4.07625108e-01  -3.08820746e-01
   -2.30019396e+00  -9.81264281e-02  -1.74177612e+00  -2.78029129e+00
   -8.72532803e-01 
   -1.85328309e-01  -1.70379787e+00  -2.30788345e+00   1.82517006e+00
    1.37363894e+00   8.97414261e-01  -4.34950860e-01  -4.50222241e-01
    1.86015046e+00   1.23428940e+00   1.66598982e-01   4.32278509e-01
   -1.44305266e-01   2.35700236e-01  -1.02325222e+00  -4.60882876e-01
   -2.13947440e-01  -1.74000719e+00  -8.77230878e-01   1.59727912e+00
   -4.76031228e-01   7.59742977e-01   3.32115061e-01  -1.47124879e+00
   -5.07700334e-01  -1.46712056e+00  -1.60535532e+00  -5.43434465e-01
    1.10042716e+00  -4.90656064e-01  -8.59493125e-01  -6.07749012e-01
   -1.68412070e-01  