NN 16 32 16   -2.92778717e+00  -6.43685873e-01  -5.87001501e-01   8.11184157e-01
    1.46480073e+00  -7.27349085e-01  -1.23693952e+00  -1.37813239e+00
    2.21971986e+00  -1.28725958e+00  -4.67011875e-02   6.33398407e-01
    6.33431934e-01  -1.88574445e-01   2.23439632e-01  -3.20763964e-01
   -7.17746955e-01 
    3.85949216e-01  -1.75934696e-01  -4.47966483e-01  -5.17215948e-01
    9.56850440e-01  -3.03497234e-01   1.15638675e-01   4.72158464e-01
   -2.03755250e+00   5.93856919e-01   1.78336424e+00  -2.87983387e+00
    5.50064584e-01   6.51256108e-01  -1.46731462e+00   1.12907194e+00
    4.98224795e-01 
   -3.49303384e-01  -8.75758230e-02  -2.30782755e+00   1.11653244e+00
    2.12373795e+00  -1.37569828e+00  -5.19872094e-01  -7.26906232e-01
   -1.01337552e+00   2.26605370e-01   2.68583164e-01   1.39873132e-01
    1.46186508e+00  -8.61311123e-01  -4.90478599e-02   1.39833137e+00
    1.79763193e-01 
    1.42141464e+00  -7.34515202e-01  -8.05023369e-01   6.39478549e-01
   -1.65853862e-01  -9.47033952e-01   1.12433568e+00  -1.83524282e-01
   -1.16892923e+00   8.35531530e-01  -1.06949458e+00   1.42168468e+00
    1.45312124e+00  -1.60019866e+00   8.57873813e-01  -1.58499812e+00
   -3.95021441e-01 
   -1.22852794e-01  -1.24637114e+00   1.18621704e+00  -9.30394442e-01
   -3.02327984e-01  -6.67583302e-01  -1.08122251e-01  -1.58979246e+00
    1.29628377e+00  -1.33419290e-01  -3.10986516e-01   1.64291027e+00
    1.54015499e+00   1.79280960e+00   9.20494270e-02  -1.33190885e+00
   -7.22009321e-01 
   -3.11229952e-01   9.95672501e-01   1.09666284e+00  -1.08975887e+00
    3.96741167e-01   1.01972995e+00   1.20298619e+00  -1.85736227e-02
    1.48021305e-02  -3.29095901e-01  -1.20738012e+00   5.73928136e-01
   -6.82326581e-01  -1.18881797e+00  -2.64543854e-01  -2.05186249e-01
   -1.01903413e-01 
    4.95360106e-01   1.41285118e+00   1.21784688e+00  -1.41806922e+00
   -1.94563554e-01  -8.88236533e-02  -1.56862838e+00   9.93646745e-01
   -4.98906799e-01   4.09253608e-01   7.68134008e-01   6.26835834e-01
   -1.34673821e-01  -2.74369899e-01  -1.05996538e+00   8.41943346e-01
   -4.78306758e-01 
    6.92059288e-01  -1.29044412e+00   9.13110401e-01  -3.57036426e-01
    7.33898641e-01   3.34841793e+00  -1.62812564e+00   7.99879862e-02
    1.93790291e+00   2.00177016e+00   6.17106523e-01  -6.18063091e-01
   -6.16083468e-01  -2.03283314e+00  -1.03639621e+00   4.78824392e-02
   -6.52829660e-01 
    3.07772000e-01   2.22328039e+00  -8.42218718e-01  -4.84761549e-01
    7.23711183e-01  -1.18989485e+00  -6.04032938e-01  -1.50518812e-01
   -1.49154134e+00   2.10733077e+00   1.13190015e+00  -8.43649535e-01
    5.29914112e-01  -1.55625969e+00   1.05008696e+00  -1.09000137e+00
   -7.91791714e-02 
   -1.38241156e+00   1.29771784e-01  -8.60215794e-01   1.11996796e+00
    1.72841293e+00  -5.84149767e-01   1.19489193e+00  -6.14942263e-01
   -7.31775937e-01   1.39789804e+00   1.39448246e-01   1.68272499e+00
   -2.26644932e+00   5.36891054e-01  -2.28922163e-01  -1.09677903e+00
    2.34973918e-01 
   -6.95546958e-01   5.45019258e-01  -5.41169589e-02  -2.50729428e+00
   -1.89170958e+00  -1.06466657e+00   5.03712149e-01   3.35361505e+00
   -7.12727348e-01   6.75563096e-01  -7.77967374e-01   2.18296987e+00
   -5.52813952e-01  -3.95760691e-02   4.24133376e-02   8.14447701e-02
   -5.44077669e-01 
    2.33027153e+00  -9.18490561e-01   5.42737390e-01   1.56511720e+00
    1.18688045e+00  -3.19226210e-01  -1.53368245e+00   6.27492083e-01
    2.11461595e-01  -9.11625555e-01  -2.78843255e-01  -5.45226043e-01
   -2.31618923e+00   2.41959320e-01   7.74471409e-01  -5.24044131e-01
   -3.40957773e-02 
    1.28447769e-01  -1.38128364e+00   1.09422319e+00  -1.71521974e-01
    2.16595479e-01   7.66561222e-02  -2.83740786e+00   3.81014015e-01
   -1.80244605e+00   7.95258423e-01   2.54552150e+00   5.11012942e-01
   -1.92463210e-01   1.07975050e+00  -4.19163053e-01  -3.63707616e-01
   -9.49675574e-01 
   -3.89966213e-01  -3.46814769e-02  -7.69501777e-01   1.63160433e-01
    1.86422500e+00  -1.70011082e+00   7.92127980e-01   3.51634608e-01
    8.31997390e-01   1.49478105e+00  -1.94709433e+00  -1.78420280e+00
   -6.49221776e-01   5.62884461e-01  -4.03955549e-01  -1.99644513e-01
   -1.18085477e-01 
    8.91883316e-01  -1.97704967e+00   2.65950656e-01   2.45946517e+00
   -1.82161953e+00   1.09702196e+00   4.50282476e-01  -3.57659644e-01
   -1.58622919e+00  -1.08340375e-02  -2.72271173e-01  -5.45007172e-01
    6.83516668e-01   2.20808291e+00  -1.57014072e+00   2.15270035e-03
    6.21024549e-01 
    1.09458662e+00  -9.01923866e-01   2.73916430e-02   1.73139634e-01
   -1.66377789e-01   4.03181057e-01   2.93097563e+00  -2.57427588e+00
   -1.39869599e+00  -6.01728595e-01  -2.86902168e-01  -8.10587085e-01
    1.45080653e+00  -1.55622231e+00   5.26591686e-01   8.17207505e-02
    4.23210260e-01 
    1.47843455e+00   4.75741775e-01  -2.66753935e+00  -3.46217107e+00
    5.10284317e-01   1.40012808e-01   1.12687576e+00   1.47593249e+00
    6.71612338e-01  -1.82678463e-01  -9.79234381e-01  -6.81636257e-01
   -1.90798941e-01   1.89742976e+00  -4.91399926e-01   8.48539103e-01
    1.35828528e-01 
   -1.32872790e+00   2.37482984e-01  -2.71613111e-02   5.87463659e-02
    6.73756256e-01  -8.75292414e-01  -1.28987063e-01   3.03505122e-02
    1.23441203e+00  -7.17831884e-01   7.65184608e-01  -2.04047539e-01
    6.64758673e-01  -7.68084532e-01  -4.77852790e-01   9.09905228e-01
   -5.35423804e-01 
   -1.16499522e-01  -1.76506207e+00   1.64306555e+00  -2.41589596e-01
   -2.04184631e+00   4.48270889e-01  -1.95044226e-02   1.32311362e+00
    4.51828146e-01   1.65985372e+00  -1.72348463e+00  -6.69033750e-01
    5.06390436e-01  -1.01237162e+00   5.18308828e-01   5.31272756e-01
    9.00401259e-02 
   -1.22695520e+00   4.57557627e-01  -1.05572307e+00   1.68950806e+00
   -7.53717256e-01   1.84323465e+00   5.44116106e-01  -1.19969892e+00
   -1.82790837e-01  -1.62138959e+00  -6.69016728e-01   6.31957816e-01
    1.61391858e+00   4.23848393e-01  -1.65768901e-01  -1.55799711e+00
    4.04176727e-01 
    1.27582350e-01   2.26212604e+00   1.08412593e+00  -2.23935889e-01
   -3.71724078e-01  -3.78976078e+00   1.05046813e+00   2.73149727e+00
    1.34546543e+00  -1.47733449e+00   5.55343323e-01  -8.65122027e-01
   -5.80539338e-01  -4.10950478e-01   4.74894992e-01   5.59859259e-02
   -1.73010663e-01 
   -2.30842535e+00   7.56520461e-01   1.49144329e+00  -4.11787256e-01
    1.54085358e+00  -1.01558775e+00  -4.67860625e-01  -5.57802019e-01
    1.74090754e+00  -1.19168027e+00   1.87199430e-01  -1.70103174e+00
    5.00301069e-01   5.97669568e-01  -1.05792696e+00  -2.32442822e-01
    6.01027468e-01 
   -4.71033741e-01  -4.43185001e-01   6.60229403e-01  -9.87732074e-01
    1.99666323e+00  -1.50794398e+00   1.82772335e-01   1.94559651e+00
   -2.13473688e+00  -6.20601742e-01   9.61721788e-01   5.94725395e-01
    5.86089628e-01  -6.30218576e-01  -3.19044617e-01  -4.31341315e-01
   -2.88444572e-01 
   -1.67260140e+00   7.84558512e-02  -1.21642657e+00   1.78463838e+00
   -1.07455074e+00   9.93065947e-01   4.55669935e-01  -7.58678815e-01
    1.27822364e+00   1.53695894e+00   1.43027480e+00  -1.64943785e+00
    6.05585681e-01  -1.23225836e+00   3.88830777e-01  -1.23101520e-01
   -6.05411544e-01 
    1.55651148e+00   1.37234010e+00  -1.53631005e+00  -7.41514366e-01
   -2.91668188e+00  -8.11819572e-01   7.17744169e-01   4.00520557e-01
    1.16610151e+00  -2.45023248e+00   2.10613052e+00  -1.78842681e-01
    1.59455429e-01  -1.53559043e-01  -6.84634462e-01   7.22132793e-02
   -1.64661138e-01 
    1.28590088e+00  -7.85802216e-03  -1.40345607e+00  -3.02533566e-01
   -9.25581787e-01  -3.34340315e-01   2.18228760e+00  -2.86353762e+00
    7.44017790e-03  -3.63693327e-01   4.97465769e-01   1.05691016e+00
   -1.16026937e-01   1.18271592e+00   9.26702534e-01   5.13638288e-01
   -6.39516123e-01 
   -7.83832171e-01  -7.80279053e-01   1.65810153e+00  -1.02716338e-01
    1.29684339e+00   1.46406735e+00  -2.30628479e+00  -1.48795698e-01
    2.14205555e-01  -7.44444352e-01  -2.60485257e+00   4.59238261e-01
    1.42365041e+00  -1.06443640e+00   1.32990688e-01   2.11981125e+00
   -1.90905194e-01 
   -7.81514235e-01   2.25549484e+00   1.21606337e+00  -1.16153046e-01
   -8.38957009e-01   2.09395905e+00  -2.83039430e-01  -3.00779227e-01
   -1.06553688e+00  -1.44461652e+00  -5.22316810e-01  -3.25705668e-01
   -8.85681080e-01   5.12207102e-01  -1.10513097e-01   4.92057300e-01
   -4.33845232e-01 
   -3.80937672e-01  -1.43402108e+00  -8.34156762e-01   1.26845290e-01
    5.60234064e-01   2.20280554e+00  -7.60044824e-01   7.54548804e-01
    4.26523712e-01  -2.01968696e+00   1.12643513e+00  -1.02355931e-01
   -1.25622413e+00   9.68837447e-02   2.14333108e+00  -1.17377948e+00
    3.76120693e-01 
   -3.56530699e-01   1.61655715e+00   7.02182962e-01  -6.78455537e-01
    5.55876769e-01  -1.20207772e+00  -2.09750293e+00  -1.35487244e+00
   -3.39537794e-02  -6.28392915e-01  -7.77299722e-02   7.75113793e-01
    5.82077664e-01   3.49511983e-01   5.07189465e-02   8.99676595e-01
    1.11889729e-01 
   -1.29004662e+00   1.96325671e-01   2.23235701e+00   1.34855804e+00
    1.05577202e+00   3.22020096e-01  -1.32313854e+00  -9.81779247e-01
   -5.90233075e-01   6.81995732e-01  -1.87013225e+00  -1.25883936e+00
   -1.38908329e+00   1.09588312e+00   1.08095278e+00   7.72600844e-01
    2.41944248e-01 
    1.17366448e+00   9.38415479e-01  -8.89203418e-01  -3.94897821e-01
   -6.88851350e-01  -1.86620146e-01  -8.52699994e-01  -1.69963431e-01
    1.48621962e+00   1.24783321e+00  -1.74126683e+00  -1.42802891e+00
   -2.85612135e-01  -1.39627075e+00   2.18146227e+00   5.01105657e-01
   -4.36162211e-01     2.84618764 -0.65784414 -0.03812978 -1.76704529 -0.61149159  0.56867812
  -0.29038796 -0.80395838  0.60762047  1.14077274  0.56792794 -2.50429182
  -0.8474019   0.20425911  0.62799488 -1.63321057 -0.51062808  0.32778831
   0.26470527  0.67164505 -0.26713106  2.35808754  0.38200851  2.02309766
  -2.14977489 -1.09529365  0.49568154 -0.08919557 -0.16030181 -0.37809827
   0.71706342 -1.58654486 -0.19738044 
   0.47577778  0.34278242 -0.33125936  0.25140816  0.99374777 -0.36143646
  -1.36268402  0.97333285 -2.17913655 -0.37464901 -0.97432448  0.35877034
   1.39318657 -0.04488432  1.87662228  0.41000501 -0.0073177  -0.71945194
   1.7349579  -1.88729303 -1.68946904  0.21617649  0.24205611  0.23470669
  -1.59012612  0.47983136  0.74251009 -3.56036335  1.2266995  -1.58634992
   0.04757435 -1.27601     0.09136591 
   0.87225804  0.13255232  2.6182682   0.56069474 -1.91487234 -1.14078279
  -1.06183928 -0.85744069  1.49356378  1.1225761   0.25957115 -0.06846326
  -1.81010005  0.21050888 -0.31258405 -1.28643068  2.06743107 -0.19103195
  -1.3622086   1.10149125 -1.35883874 -2.1247187  -1.04582265  1.30227123
   1.19357818  1.0648221  -1.96551764 -0.88137589  1.70145455 -0.46889413
  -2.54514107  0.75268292 -0.41651026 
  -1.04535943  0.77340602 -1.24105117 -0.85218595  1.42822296  1.11472937
   1.27383216  0.34755532  0.34167215 -0.86354216  2.19869605 -2.35570507
   0.63240794 -0.99986613 -3.11790616  0.05341933  3.62498539 -0.26945236
   0.69330428 -1.89324269 -1.12276448  0.72570429  0.98088691 -2.70210175
   0.19796626  0.45090381  0.19725962  0.08216081 -0.28871824  0.32498355
  -1.7623128  -0.41972437 -0.12684364 
  -1.35770253 -1.04438932 -1.98073454 -0.21225899  0.28615756 -0.28722146
   0.24860032 -1.11608695 -0.4277739  -2.64053418  1.23880271 -0.29879295
  -0.27184726 -2.29677662  2.45991837 -1.32194354  0.00972953 -1.3683569
   2.68001819  0.09893553  1.25370879 -1.23499595 -2.77822573  2.06569659
   1.86869889  1.45604722 -1.48364403 -0.3768209  -1.04256661 -0.65592344
  -0.93336393  1.15935322 -0.13233202 
  -0.44632486 -0.02493877  0.73247828  0.89115727  0.85171408 -0.60028657
  -0.37977872 -3.35678946  0.96243273  0.06058257 -0.11311651 -0.20377247
  -0.63183759  1.88632101 -0.98971711 -1.64831605 -1.04481958  0.32300223
  -0.23876648 -2.73546791  4.31763553  0.46328237  0.44027832  0.06882388
  -0.12923878  0.61743482 -1.59893151 -1.45566404 -3.36974286  0.63143967
  -0.2376999  -0.01826009  0.05936656 
   0.52492476 -0.56399714  0.31560337 -1.13580739 -0.45998207 -1.3301151
   1.48131367  0.80196918  0.00831023 -2.25180879 -0.43382076  2.14251172
   3.2586978  -1.60579682 -1.1461514  -3.66615425 -0.95450598  0.16758551
  -0.39933045  0.27935005 -0.76602721 -0.43708114 -0.40055041 -0.72517012
  -1.70863969 -1.45871315  1.27824818  0.39188312  0.26493362  2.68208377
   0.59693396  0.7192861  -0.1980739  
   0.12549039 -0.97706082  1.8203941  -0.56739847  1.29362761 -0.1200858
  -0.95202136  0.33246158  0.04615468  0.39529407 -3.91070571 -0.01401972
  -0.35299531 -1.09252241 -0.44280613  2.04735287 -2.16689767 -0.60917909
  -2.34196555 -0.19000874 -2.38380888 -0.16753159 -2.60067205  0.30151692
  -0.23866025  2.75490974  0.66076291  0.5438588  -1.56954712  1.15374308
   0.85714292 -0.32375213 -0.54745048 
  -1.7162875   2.0526905   1.0900492   1.13839212 -1.86931223 -0.23758531
   1.1217496  -2.03792018  1.88560212  0.24485413  0.41110315 -1.24585413
   1.03590232 -1.3828568   1.90308322  1.36634965 -0.94351486 -1.76863199
  -0.44832806  0.47353869 -1.25916517 -1.4539893   1.97791671 -1.43201255
  -1.4999047  -0.64060125 -0.04299241  0.69739858 -1.17501425 -0.21699573
   1.31784836 -1.49000693 -0.47800078 
   0.68001633 -0.63295361 -0.63079634 -1.08664276 -0.27687309  0.03159527
  -0.90309793 -2.24325879 -2.23110168 -2.20069793 -1.79590027  1.44963361
  -1.92885766 -1.3371656  -0.11839488 -0.14684507  0.71016046  0.03984985
  -1.88814434  1.7875913   1.0285271   1.19788849  0.67922452 -2.49807768
   2.49510407 -0.44284865  1.36180043  0.0090755   2.00441195  0.20153077
   0.0573905  -1.3545412  -0.11074829 
  -0.4236457  -2.09756856  0.21682776  0.69533763 -0.44436373  0.87176188
  -0.89206442 -2.21974782 -1.1320816  -0.09200179  0.97375973  0.6723199
  -2.60361753  1.93336005 -0.40524586  0.21005789  0.88351018 -1.00658454
   0.83916889  1.34215062 -0.48193053 -0.79474346 -1.133025   -2.31550559
  -1.84214263 -1.54582025  2.93811479  0.71656322 -1.01297509 -0.36880614
   1.38712676  2.17878863 -0.19559009 
  -1.41634418  3.54097481 -0.94438692 -2.37741153 -1.90626836 -0.93889432
  -1.05354609  0.2607934   0.97263479 -2.04443767 -2.45303883 -0.01127457
  -0.85642972  1.2926888   0.2593852   1.42758107 -0.87026252 -0.41051582
  -0.12598862 -0.61255579  0.74566369  1.77541468 -0.42870817  0.81503583
   0.88190733 -1.79423988 -1.23210458  0.01790568  0.72548475 -0.77728006
   1.0559126   0.93473145 -0.473068   
  -0.47979615 -0.70269102 -2.40796515 -1.83589583 -1.87825832  0.7488013
   0.26971212 -0.23514852 -0.42692989  2.62042404  0.01787785  1.99723953
  -1.0219176   0.08448542 -0.24706693 -1.21412257 -0.04845894 -1.02234447
  -0.26022067 -1.18025428  0.54513506 -0.43245173 -0.81600091 -0.68012856
   0.13305765 -0.29358367 -1.49910178  0.45719747  1.35781907 -1.05986428
   1.68930909 -0.37509693 -0.16442659 
  -0.28739727 -0.74337521  0.59307876  1.67796917 -2.00782825  1.04960939
  -0.18426094  0.81145157  0.85878002 -0.63976794 -0.86095806  0.01892902
  -1.54947848 -0.58598674 -2.28440318  1.69454964 -2.55700066  0.26421864
   0.87361081 -0.69640261  0.60131189 -0.62817596  1.19320741  0.30132514
   0.33392186 -1.90855782  0.90121218 -1.15947814  0.20871241 -0.86537844
  -0.71856899  0.62485475 -0.3585064  
  -0.6233303   1.57855156  0.19846514 -1.04533198 -0.97756004 -0.22108581
   0.80709271  1.20265296 -0.66551832  0.07386139 -0.80545666 -0.61599182
   0.26706878  0.38482008  1.37959749 -0.98015861  0.38354397  0.20640595
  -1.05151314  0.41759136 -0.56192985  0.82581695 -0.20630712 -0.28442147
   0.80485437 -1.23793861 -0.45970364 -0.2552877  -1.64530279 -0.0061037
  -1.49774478 -2.34223742 -0.80640259 
  -0.37164337 -1.37262642 -1.88311032  1.38365112  1.13454681  0.74183077
  -0.54179301 -0.44871669  1.2755374   1.0358478   0.08795476  0.21883883
  -0.39995202  0.22195866 -0.82786597 -0.04452288 -0.1083863  -1.40269254
  -0.67589458  1.31606298 -0.62209372  0.46452736  0.16219974 -1.2780725
  -0.49096978 -1.22135444 -1.46724313 -0.44154956  0.83522461 -0.56990836
  -0.83204361 -0.43619371 -0.18080374  