NN 16 32 16   -2.75144650e+00  -6.25113097e-01  -5.40800837e-01   7.20546575e-01
    1.37707895e+00  -4.70753920e-01  -9.71936813e-01  -1.28645190e+00
    1.86012296e+00  -1.26798797e+00   2.61928201e-02   7.60672034e-01
    6.64211220e-01  -1.68580156e-01   1.27095123e-01  -2.64602797e-01
   -6.73865589e-01 
    3.74444816e-01   4.46943843e-02  -4.34762205e-01  -7.10954620e-01
    8.55561832e-01  -1.38940722e-01  -2.11796985e-02   5.47207148e-01
   -1.83816908e+00   6.17539704e-01   1.49986387e+00  -2.83958091e+00
    4.59812588e-01   6.39314211e-01  -1.23300321e+00   1.06323448e+00
    4.86062029e-01 
   -3.11775046e-01   4.20365161e-02  -2.11883155e+00   1.10838268e+00
    1.95750247e+00  -1.23442634e+00  -4.87127394e-01  -1.07245784e+00
   -9.46352764e-01   2.57552759e-01   2.07494793e-01   5.33455097e-02
    1.45169206e+00  -9.33615261e-01  -1.93584455e-02   1.22850826e+00
    1.82916195e-01 
    1.27485307e+00  -6.80958426e-01  -7.65748953e-01   6.02929796e-01
   -2.19799286e-01  -9.61771626e-01   1.00614080e+00  -1.73746348e-01
   -1.13989902e+00   8.04143985e-01  -1.05583204e+00   1.33595680e+00
    1.30179304e+00  -1.61949435e+00   7.52237707e-01  -1.53280122e+00
   -4.62961770e-01 
   -2.20785573e-01  -1.13214888e+00   1.13963418e+00  -9.10903196e-01
   -4.11225843e-01  -7.53356146e-01  -1.65488489e-01  -1.46760063e+00
    1.37810790e+00   2.35485282e-02  -2.31505611e-01   1.50316950e+00
    1.45313127e+00   1.78114923e+00   2.09002680e-01  -1.22856196e+00
   -6.78885496e-01 
   -2.41543164e-01   8.51768473e-01   9.08494861e-01  -9.89002739e-01
    2.86843271e-01   1.00011954e+00   1.05124067e+00   6.72561347e-02
   -4.44046311e-02  -3.40610102e-01  -9.40598349e-01   6.32446553e-01
   -6.14906115e-01  -1.11332500e+00  -1.96822239e-01  -1.78371675e-01
   -1.39246045e-01 
    3.48222591e-01   1.33080171e+00   1.16619017e+00  -1.37576339e+00
   -2.07070140e-01  -7.51591167e-02  -1.53708895e+00   8.27643474e-01
   -5.66753834e-01   4.23596605e-01   6.33008402e-01   4.99373568e-01
   -2.24921301e-01  -3.28622370e-01  -1.03624548e+00   7.14161048e-01
   -5.45801727e-01 
    4.87476134e-01  -1.22082763e+00   8.10460644e-01  -4.12061484e-01
    5.65195489e-01   3.05738652e+00  -1.49860678e+00  -4.35483498e-02
    1.87916805e+00   1.96155887e+00   8.49531679e-01  -8.42507765e-01
   -6.71860286e-01  -1.90188641e+00  -1.02096927e+00   1.08620251e-02
   -7.10384675e-01 
    3.35981765e-01   2.03809730e+00  -9.00767846e-01  -4.78979025e-01
    7.88875187e-01  -1.05772839e+00  -4.49029763e-01  -1.69145504e-01
   -1.41414492e+00   2.06200798e+00   1.05796354e+00  -7.61375381e-01
    4.41589536e-01  -1.50073675e+00   9.08454805e-01  -9.93677433e-01
   -8.76222301e-02 
   -1.38756070e+00   2.39209631e-01  -7.35511460e-01   8.61095995e-01
    1.64862723e+00  -5.34809765e-01   1.31923551e+00  -7.07200915e-01
   -7.03025172e-01   1.36522064e+00   2.78694299e-01   1.59089287e+00
   -2.11216946e+00   3.50739336e-01  -1.05813960e-01  -1.07428896e+00
    1.51303710e-01 
   -6.15042240e-01   7.04423145e-01  -2.31671277e-01  -2.35858149e+00
   -1.77818118e+00  -1.09323662e+00   2.52762713e-01   3.13995205e+00
   -7.74408041e-01   6.13623913e-01  -9.52861468e-01   1.75964324e+00
   -6.47648804e-01  -1.51545286e-01  -6.66642902e-02  -7.04870490e-02
   -6.92157042e-01 
    2.09320781e+00  -1.07669810e+00   4.39999776e-01   1.65456398e+00
    1.03694377e+00  -9.06125321e-02  -1.45611940e+00   4.34186004e-01
    3.47484654e-01  -7.51874939e-01  -3.51284607e-01  -4.37803416e-01
   -2.25633504e+00   2.04786707e-01   5.90141801e-01  -5.25362299e-01
   -5.36431091e-02 
    1.53478588e-01  -1.35565268e+00   9.44645558e-01  -2.80254994e-01
    3.21870290e-01  -1.72359430e-01  -2.77275483e+00   4.43962564e-01
   -1.57925264e+00   9.45915084e-01   2.43557990e+00   4.01539705e-01
   -2.19177811e-01   1.01859452e+00  -4.41987440e-01  -3.25157634e-01
   -9.21450758e-01 
   -2.74050998e-01  -2.67422096e-01  -8.17001285e-01   3.26354335e-01
    1.81201508e+00  -1.60247359e+00   7.12961631e-01   3.46301845e-01
    7.70538461e-01   1.44598796e+00  -1.89414637e+00  -1.69349160e+00
   -5.51817714e-01   5.37641296e-01  -3.28035912e-01  -2.53048670e-01
   -1.24792109e-01 
    6.68695280e-01  -1.91484358e+00   8.56392586e-02   2.39599369e+00
   -1.78085315e+00   1.03045932e+00   2.05120320e-01  -2.86510185e-01
   -1.38427387e+00  -1.99474327e-02  -9.82050181e-02  -4.89676750e-01
    6.49441876e-01   2.14983904e+00  -1.39991711e+00   1.36694227e-02
    6.51356211e-01 
    1.09461901e+00  -8.63107343e-01  -5.08602652e-03   1.30438526e-01
   -2.16005702e-01   4.64778857e-01   2.73180962e+00  -2.46609944e+00
   -1.40022947e+00  -5.65505621e-01  -2.39793599e-01  -8.98105850e-01
    1.41327979e+00  -1.45834684e+00   5.69760639e-01   1.60564652e-02
    3.91180057e-01 
    1.44332831e+00   5.03940576e-01  -2.44250446e+00  -3.36361366e+00
    2.90145165e-01   6.51271477e-02   1.02142111e+00   1.55724726e+00
    5.45496440e-01  -4.56800477e-01  -1.14036905e+00  -6.65776222e-01
   -2.68985610e-01   1.83315187e+00  -5.49003668e-01   6.75981787e-01
    1.53959994e-02 
   -1.32638069e+00   1.90575804e-01   8.08772512e-02   1.87507848e-01
    7.60449356e-01  -7.03443775e-01  -2.31065375e-01  -1.27554312e-02
    1.15571380e+00  -6.18891619e-01   7.46154262e-01  -2.05532208e-01
    6.05700173e-01  -6.86348922e-01  -3.91042382e-01   8.12579274e-01
   -4.84210816e-01 
   -3.22060987e-02  -1.65388338e+00   1.39504255e+00  -3.32885115e-01
   -2.05836963e+00   3.08690123e-01   8.76294750e-02   1.49906252e+00
    5.58787809e-01   1.53798654e+00  -1.73277300e+00  -7.22536718e-01
    3.52542915e-01  -9.76673667e-01   4.46748918e-01   4.46545865e-01
    5.47491576e-02 
   -1.18881199e+00   5.53058035e-01  -9.72919284e-01   1.52472294e+00
   -6.11747135e-01   1.79430334e+00   3.56400015e-01  -1.10631916e+00
   -2.62240808e-01  -1.65600791e+00  -6.20934470e-01   6.61498884e-01
    1.55470624e+00   4.31988897e-01  -1.56935396e-01  -1.44865825e+00
    4.19490908e-01 
    2.09993709e-01   2.20182128e+00   1.16001607e+00  -1.02980791e-01
   -2.47649516e-01  -3.55296799e+00   8.86513852e-01   2.68764976e+00
    1.29533096e+00  -1.31411222e+00   5.11400129e-01  -8.71701719e-01
   -5.74690206e-01  -3.18039077e-01   4.27734923e-01   1.04745174e-01
   -1.25336046e-01 
   -2.26752069e+00   5.56760925e-01   1.54030393e+00  -6.60041691e-01
    1.45084264e+00  -8.13561173e-01  -2.80204555e-01  -6.18840439e-01
    1.63551951e+00  -1.12495831e+00   2.26159381e-01  -1.67413300e+00
    4.58713495e-01   6.59285514e-01  -9.35509199e-01  -1.75367401e-01
    5.77118363e-01 
   -4.38862422e-01  -5.40719701e-01   7.46450102e-01  -1.09399284e+00
    1.87757602e+00  -1.37011777e+00   3.22322477e-01   1.78889068e+00
   -2.04612598e+00  -6.50205645e-01   9.54432529e-01   6.09555249e-01
    6.79000753e-01  -5.78330075e-01  -2.66815346e-01  -3.40553903e-01
   -2.68563085e-01 
   -1.59254853e+00  -3.94413144e-02  -1.17096525e+00   1.76497500e+00
   -9.68959895e-01   8.33425787e-01   4.80050969e-01  -8.04498579e-01
    1.43500560e+00   1.60459475e+00   1.31449222e+00  -1.55096721e+00
    5.15960458e-01  -1.20659808e+00   3.62918177e-01  -1.07114430e-01
   -5.52397095e-01 
    1.47916473e+00   1.28485811e+00  -1.33348617e+00  -6.45247041e-01
   -2.67608640e+00  -7.50043126e-01   7.48692923e-01   3.98444081e-01
    1.08765260e+00  -2.38935527e+00   1.96986487e+00  -2.49099176e-01
    6.04756250e-02  -1.59438818e-01  -5.92436495e-01   4.01766715e-02
   -1.65252761e-01 
    1.13253806e+00  -7.56239229e-02  -1.36630642e+00  -3.07602955e-01
   -9.91129362e-01  -5.25811364e-01   2.01542106e+00  -2.83571270e+00
   -2.53202467e-02  -5.37176390e-01   5.46740656e-01   1.04590770e+00
   -1.65805671e-01   1.09059702e+00   8.72662096e-01   4.38502320e-01
   -6.79221298e-01 
   -8.02245497e-01  -7.95747050e-01   1.64802181e+00  -7.66486677e-02
    1.15277621e+00   1.37893177e+00  -2.10437807e+00  -3.08128619e-01
    2.34567458e-01  -6.28578337e-01  -2.33552137e+00   5.15416206e-01
    1.39206475e+00  -8.83427467e-01   1.98671990e-01   1.91240315e+00
   -1.43865682e-01 
   -8.06580818e-01   2.18231534e+00   1.25870079e+00   1.37480158e-04
   -6.30971240e-01   1.99065717e+00  -3.82948702e-01  -3.17619415e-01
   -1.13870943e+00  -1.23994794e+00  -5.67866805e-01  -3.37197260e-01
   -8.37895692e-01   5.04079764e-01  -1.09596201e-01   4.33113515e-01
   -4.19612262e-01 
   -3.09211679e-01  -1.36087937e+00  -6.13638075e-01   3.19835303e-01
    6.40380844e-01   2.14352474e+00  -7.59913483e-01   6.80650867e-01
    5.39878822e-01  -1.91363104e+00   1.06563096e+00  -1.35866371e-03
   -1.09523331e+00   1.59868452e-01   1.83461671e+00  -1.05302334e+00
    3.72051962e-01 
   -3.29257997e-01   1.43988399e+00   6.21102253e-01  -4.03728452e-01
    4.89383365e-01  -1.02291014e+00  -2.06349700e+00  -1.51249930e+00
    2.95356411e-02  -4.41579511e-01   4.99931400e-02   6.00683163e-01
    5.55643354e-01   3.54275514e-01  -7.62730041e-02   8.64625043e-01
    1.35848005e-01 
   -1.31151217e+00   1.00215313e-01   2.19317768e+00   1.43155619e+00
    1.04158900e+00   2.83629749e-01  -1.24518476e+00  -8.59667276e-01
   -4.45184132e-01   7.10198142e-01  -1.50584109e+00  -1.16160727e+00
   -1.21538165e+00   1.05250033e+00   9.57215880e-01   6.91542250e-01
    2.68263493e-01 
    1.18555056e+00   8.01930613e-01  -7.56389896e-01  -2.69713660e-01
   -6.62409906e-01  -2.03163647e-01  -7.85491555e-01  -1.77156072e-01
    1.41060283e+00   1.18548930e+00  -1.65789205e+00  -1.23596892e+00
   -2.43548347e-01  -1.31692719e+00   2.07261741e+00   4.21198991e-01
   -3.83827483e-01      2.67244870e+00  -5.40598062e-01  -7.84825675e-02  -1.72701561e+00
   -5.12041215e-01   5.05987287e-01  -2.71008533e-01  -7.01189162e-01
    4.88650368e-01   1.23163377e+00   5.31588510e-01  -2.42644373e+00
   -9.64294129e-01   1.39952719e-01   3.88807798e-01  -1.53494581e+00
   -5.09062329e-01   3.81352941e-01   1.29408083e-01   7.28719213e-01
   -4.85828516e-01   2.45849081e+00   4.66323915e-01   1.90852715e+00
   -2.29967525e+00  -1.07397172e+00   4.62861848e-01  -1.63828314e-01
   -1.97624810e-01  -3.86176038e-01   6.92193547e-01  -1.63925123e+00
   -2.50192980e-01 
    5.61851870e-01   1.84210072e-01  -3.98116059e-01   2.74921705e-01
    1.04041050e+00  -4.02759273e-01  -1.33963070e+00   8.82015662e-01
   -2.19950082e+00  -5.26770644e-01  -8.31889494e-01   3.90289405e-01
    1.50488678e+00   1.34193983e-01   1.91083110e+00   3.10066471e-01
    5.85079301e-02  -6.36792071e-01   1.81758024e+00  -1.79046162e+00
   -1.61229630e+00   2.91285053e-01   1.11361003e-01   3.20666905e-01
   -1.50515617e+00   2.30951806e-01   7.71491594e-01  -3.37477695e+00
    1.28053503e+00  -1.46279741e+00   1.01098690e-03  -1.23019322e+00
    8.66552641e-02 
    9.08343050e-01   1.80733412e-01   2.52918445e+00   5.59286617e-01
   -1.94485187e+00  -8.25005165e-01  -1.09713862e+00  -9.85947136e-01
    1.47303988e+00   1.15079971e+00   2.05234135e-01  -2.22823692e-01
   -1.69436154e+00   3.95323260e-01  -4.20031004e-01  -1.15088497e+00
    2.13683251e+00  -2.56739065e-01  -1.27921511e+00   1.12392117e+00
   -1.21886662e+00  -1.91621648e+00  -8.64184748e-01   1.15442754e+00
    1.17023460e+00   1.19791336e+00  -1.84735983e+00  -9.19406102e-01
    1.59052975e+00  -4.74144178e-01  -2.64620594e+00   7.08484400e-01
   -4.26514025e-01 
   -1.00142259e+00   8.80647397e-01  -1.24932058e+00  -8.24124907e-01
    1.21767451e+00   1.06985052e+00   1.24201895e+00   2.20170905e-01
    2.24994941e-01  -9.92109090e-01   2.02884806e+00  -2.30447094e+00
    6.25916323e-01  -8.76840245e-01  -3.01152035e+00   8.59356129e-02
    3.70506698e+00  -3.62969913e-01   9.59117127e-01  -1.75438205e+00
   -1.17225267e+00   6.82721863e-01   9.72412063e-01  -2.69022024e+00
    1.75677344e-01   4.20545788e-01   3.67703253e-01   5.88473047e-02
   -3.72358761e-01   3.64287973e-01  -1.73174961e+00  -2.02231900e-01
   -1.50033101e-01 
   -1.16582343e+00  -9.53721025e-01  -1.81101853e+00   5.58249702e-02
    3.25880341e-01  -2.00997200e-01   3.62598835e-01  -9.94087616e-01
   -4.20160362e-01  -2.51806934e+00   1.34342474e+00  -2.56325840e-01
   -3.78943591e-01  -2.22955166e+00   2.33986857e+00  -1.01985534e+00
    7.97643459e-02  -1.30829812e+00   2.69202186e+00   1.17020287e-01
    1.60587467e+00  -1.09900145e+00  -2.61666441e+00   2.04181592e+00
    1.78426575e+00   1.53178901e+00  -1.42192870e+00  -5.00768305e-01
   -1.10277161e+00  -6.70133199e-01  -8.97989973e-01   1.01910755e+00
   -4.29701008e-02 
   -2.67773545e-01  -2.17088046e-02   6.26657506e-01   8.96348013e-01
    7.46965352e-01  -6.43914936e-01  -3.60310683e-01  -3.33240317e+00
    9.32063093e-01   5.42111134e-02  -2.38380083e-02  -2.47028670e-01
   -5.43579684e-01   1.88148707e+00  -9.79034520e-01  -1.74478315e+00
   -9.50211860e-01   2.44829228e-01  -3.54585241e-01  -2.77974768e+00
    4.16015629e+00   4.11155740e-01   5.11222461e-01   1.60815492e-03
   -3.31950949e-01   4.52364822e-01  -1.63838168e+00  -1.47400819e+00
   -3.23130627e+00   6.04690472e-01  -3.20140533e-01  -5.03291138e-02
   -2.15080276e-02 
    4.37990660e-01  -4.15015948e-01   4.64125193e-01  -1.21467746e+00
   -4.78365714e-01  -1.14362905e+00   1.41620319e+00   9.56724329e-01
   -4.98762952e-02  -2.23424920e+00  -4.60239602e-01   1.89344057e+00
    3.28006224e+00  -1.42922602e+00  -1.03688007e+00  -3.56960193e+00
   -9.88054237e-01   1.41653519e-01  -4.74815790e-01   3.66856549e-01
   -8.54200543e-01  -3.37011552e-01  -3.95860439e-01  -5.99134373e-01
   -1.82185174e+00  -1.51103533e+00   1.14369346e+00   4.28563873e-01
    6.39657893e-02   2.60602649e+00   4.42665145e-01   7.22318547e-01
   -2.44160132e-01 
    2.58056868e-02  -8.51021256e-01   1.76977971e+00  -6.34497018e-01
    1.20012763e+00  -9.20455772e-02  -9.13194952e-01   3.47860744e-01
    5.58833235e-02   2.74774035e-01  -3.77223196e+00  -7.36669721e-02
   -4.39735651e-01  -9.44501702e-01  -4.34212216e-01   2.06429491e+00
   -1.93614197e+00  -5.95128250e-01  -2.26779193e+00  -9.68646631e-02
   -2.34101921e+00  -4.62264795e-02  -2.57292058e+00   3.25815131e-01
   -1.75593433e-01   2.68624629e+00   5.95610557e-01   5.34509877e-01
   -1.51363037e+00   1.15373298e+00   7.79077760e-01  -3.38084254e-01
   -4.62014214e-01 
   -1.65412154e+00   1.94328973e+00   9.52871646e-01   1.03759345e+00
   -1.81423573e+00  -1.71671297e-01   1.11213438e+00  -1.96852129e+00
    1.78514434e+00   9.02738049e-02   4.33157641e-01  -1.33440538e+00
    9.57413505e-01  -1.32012808e+00   1.79130073e+00   1.39450452e+00
   -8.57845849e-01  -1.69590370e+00  -4.10054159e-01   4.16569101e-01
   -1.25825988e+00  -1.43836495e+00   1.92904787e+00  -1.57363231e+00
   -1.22815837e+00  -6.83477933e-01  -4.19968967e-02   7.50507885e-01
   -1.09411608e+00  -2.00203380e-01   1.11217860e+00  -1.42754805e+00
   -4.72352988e-01 
    6.84490039e-01  -5.33444982e-01  -4.58288325e-01  -1.04113729e+00
   -2.38575582e-01  -1.33399766e-02  -8.25868399e-01  -2.24310892e+00
   -2.12786541e+00  -1.97578903e+00  -1.74321745e+00   1.34180003e+00
   -1.76158919e+00  -1.34384970e+00  -6.45877557e-03  -1.07780617e-01
    7.01283422e-01   8.77507006e-02  -1.91157242e+00   1.85528808e+00
    9.86502782e-01   1.16192129e+00   8.10492935e-01  -2.38096599e+00
    2.41632579e+00  -3.18970903e-01   1.29641510e+00  -7.24431367e-03
    1.95271773e+00   2.30318200e-01   9.76527100e-02  -1.31751576e+00
   -2.13943507e-03 
   -5.97701948e-01  -1.99626323e+00   1.29078910e-01   6.96353609e-01
   -4.76051062e-01   7.53375266e-01  -8.48189006e-01  -2.14243075e+00
   -1.09618001e+00  -1.32473932e-01   9.46908958e-01   7.52753018e-01
   -2.52354142e+00   1.83485989e+00  -3.63685460e-01   1.70000824e-01
    9.03256908e-01  -1.04870825e+00   7.97926471e-01   1.27258586e+00
   -5.35085604e-01  -8.88821104e-01  -1.07872010e+00  -2.27610781e+00
   -1.82170501e+00  -1.54366772e+00   2.75149531e+00   5.96023012e-01
   -9.11956097e-01  -5.05040035e-01   1.23579858e+00   2.01743050e+00
   -2.04363050e-01 
   -1.41526544e+00   3.37454573e+00  -8.72607319e-01  -2.31201998e+00
   -1.78103999e+00  -8.06027570e-01  -9.75357494e-01   4.28294696e-01
    9.29013159e-01  -1.96322295e+00  -2.30086421e+00   3.03796665e-02
   -9.18117008e-01   1.37970663e+00   3.60635628e-01   1.35734224e+00
   -7.12708294e-01  -3.91372360e-01  -6.14686275e-02  -5.63172704e-01
    7.84556720e-01   1.77387576e+00  -4.23886084e-01   7.79290634e-01
    1.04611026e+00  -1.77935393e+00  -1.13232061e+00   6.78222458e-02
    6.91125495e-01  -7.21032041e-01   8.74807694e-01   1.00621729e+00
   -3.40183729e-01 
   -4.87284864e-01  -6.52883300e-01  -2.35214332e+00  -1.74876272e+00
   -1.83446437e+00   7.09984953e-01   2.53096676e-01  -2.47603310e-01
   -3.77091423e-01   2.41497697e+00  -7.16348352e-02   1.95105384e+00
   -1.07423214e+00   4.53468429e-02  -1.81974474e-01  -1.18074015e+00
   -6.59139320e-02  -9.94404772e-01  -2.65603306e-01  -1.07134607e+00
    5.58523122e-01  -4.55345448e-01  -7.88751197e-01  -6.90993524e-01
    1.39079613e-01  -3.16070913e-01  -1.42060614e+00   4.29974450e-01
    1.29644182e+00  -1.03881013e+00   1.57289389e+00  -3.78439949e-01
   -1.75563343e-01 
   -2.97560841e-01  -7.34089078e-01   5.64634328e-01   1.59070434e+00
   -1.94454912e+00   9.81683028e-01  -1.86881710e-01   7.20037384e-01
    8.07263207e-01  -6.14107339e-01  -8.65586405e-01   2.14479503e-02
   -1.49285884e+00  -5.53450480e-01  -2.21343331e+00   1.58213262e+00
   -2.45206634e+00   1.96770313e-01   8.05184161e-01  -6.57082667e-01
    5.38881170e-01  -6.50250707e-01   1.13045112e+00   2.28343321e-01
    3.37610450e-01  -1.87573237e+00   8.60333876e-01  -1.13953322e+00
    2.25501607e-01  -8.26180327e-01  -7.07489620e-01   5.88073146e-01
   -3.57912320e-01 
   -6.47623759e-01   1.45178745e+00   6.71377060e-02  -1.03808333e+00
   -1.04757209e+00  -1.82010261e-01   8.25205275e-01   1.03202485e+00
   -4.56704443e-01  -3.33911920e-02  -6.31508122e-01  -7.23720873e-01
    2.30115455e-01   3.46724258e-01   1.09473845e+00  -1.01554404e+00
    4.41169901e-01   1.49993867e-01  -9.12131568e-01   3.57146835e-01
   -4.54280887e-01   7.74936453e-01  -1.02592009e-01  -3.10786868e-01
    8.05780761e-01  -1.29275402e+00  -5.25372606e-01  -1.57958536e-01
   -1.40586032e+00   1.93457577e-02  -1.40985592e+00  -2.09872887e+00
   -7.96107130e-01 
   -3.43865202e-01  -1.21599413e+00  -1.71344242e+00   1.14383542e+00
    1.09741777e+00   7.19451990e-01  -4.38959656e-01  -3.49983855e-01
    1.18478474e+00   1.00723193e+00   1.70243730e-02   8.81370540e-02
   -3.89093576e-01   1.90732113e-01  -8.13686502e-01   4.97050657e-02
   -6.96915289e-02  -1.24149903e+00  -6.20154829e-01   1.22711189e+00
   -7.19395835e-01   4.43328218e-01   1.09983331e-01  -1.14449482e+00
   -4.83586301e-01  -1.15877995e+00  -1.31251892e+00  -3.58011802e-01
    8.06097269e-01  -4.59709702e-01  -7.62741255e-01  -3.77013914e-01
   -1.22116342e-01  