NN 16 32 16   -4.27662922e+00  -1.20172094e+00   2.09654371e-01   6.41411832e-01
    2.82927740e+00  -1.11306078e+00  -2.21131648e+00  -2.41392179e+00
    3.56978097e+00  -1.26957585e+00  -3.51286582e-01   8.29173583e-02
    8.42152411e-01  -2.22834379e-01   2.69510828e-01  -7.13357805e-01
   -9.83370531e-01 
    5.73727117e-01  -6.49622985e-01  -1.22774225e-01   1.49349090e-01
    8.70610773e-01  -1.49195658e-01   1.08979712e-01   4.57857346e-01
   -2.94223246e+00   7.09947624e-01   2.26906923e+00  -4.53123406e+00
    8.79668878e-01   6.44095118e-01  -2.47223785e+00   1.40019663e+00
    6.62542708e-01 
   -1.38976085e+00   1.74959938e-01  -2.38107707e+00   9.89785442e-01
    3.10645821e+00  -2.01754233e+00  -8.92187067e-01  -7.80730167e-01
   -9.74723581e-01   6.45575246e-01  -6.49296744e-01   2.83742753e-01
    1.43650603e+00  -6.48796976e-01  -2.74750957e-01   2.28652359e+00
    2.12972521e-01 
    1.75339241e+00  -6.17424049e-01  -1.47161691e+00   1.09243165e+00
    2.90081976e-01  -1.13156789e+00   7.87182647e-01  -4.86468702e-01
   -1.66319321e+00   9.28865517e-01  -1.73283288e+00   1.79317392e+00
    1.78086140e+00  -1.80187438e+00   1.30628211e+00  -2.11212452e+00
   -1.76184271e-01 
   -1.58563456e-01  -1.88471809e+00   1.61910083e+00  -1.44337672e+00
   -2.56563984e-03  -7.53276811e-01  -5.03238920e-02  -2.16168451e+00
    1.25884001e+00  -6.20510864e-01   4.18091230e-02   2.20593879e+00
    1.52344275e+00   2.29722074e+00  -2.57783691e-01  -1.56554638e+00
   -7.41109060e-01 
   -3.94496125e-01   1.20698319e+00   2.06962068e+00  -1.32387853e+00
    7.58833835e-01   1.14931561e+00   2.44450462e+00  -5.53036520e-01
    1.20135117e-01  -2.42524033e-01  -2.35947639e+00   4.41552321e-01
   -8.70310624e-01  -1.45042648e+00  -4.35961686e-01   4.72555707e-02
    1.79016270e-01 
    1.34412006e+00   1.59446106e+00   1.63016402e+00  -2.09098014e+00
   -3.28277776e-02   4.26868320e-01  -2.25820956e+00   1.63710498e+00
   -4.94432549e-01   6.81569551e-01   8.97950482e-01  -2.82316403e-02
   -1.03144295e-02  -3.70064361e-01  -1.42255953e+00   8.80505270e-01
   -7.15099510e-01 
    8.36606529e-01  -1.54560020e+00   1.24093343e+00  -3.88044320e-01
    6.30684235e-01   4.60657479e+00  -2.43667153e+00  -2.64257789e-02
    2.75531429e+00   2.44532891e+00   4.23286724e-01  -2.92950533e-01
   -5.78250087e-01  -2.97383569e+00  -1.52038804e+00  -1.72145516e-01
   -6.94738090e-01 
    1.54721772e-01   2.89215294e+00  -6.47259720e-01  -1.12549049e+00
    6.72604159e-01  -1.27385703e+00  -1.51691663e+00  -3.25691382e-01
   -1.74796615e+00   2.47957005e+00   1.48069053e+00  -1.36242801e+00
    1.09190229e+00  -1.96450230e+00   1.54166860e+00  -1.86319654e+00
   -1.69981881e-01 
   -1.21767881e+00  -4.30777619e-01  -7.83011721e-01   1.35525194e+00
    1.83354315e+00  -7.36696495e-01   1.15922865e+00  -7.76997248e-01
   -1.15149582e+00   6.24598098e-01   1.06945321e+00   2.30377393e+00
   -3.27021784e+00   3.60067133e-01  -9.03925036e-01  -1.42075986e+00
    4.19185460e-01 
   -7.43627524e-01   5.08174388e-01   1.32364524e-01  -2.84869239e+00
   -2.67617627e+00  -1.44706579e+00   4.12650973e-01   4.74734719e+00
   -1.46365230e+00   6.53751222e-01  -4.39777252e-01   3.28909798e+00
   -1.17643828e+00  -3.32163016e-01  -2.50398867e-02   1.55372089e-01
   -5.28841725e-01 
    3.41729087e+00  -7.61292238e-01   2.77254352e-01   2.06918028e+00
    1.73264789e+00  -8.74467564e-01  -1.24393152e+00   7.20595840e-01
    2.77701323e-01  -1.32001957e+00   6.81594635e-01  -5.57730153e-01
   -3.08075395e+00   5.76722368e-01   1.21560665e+00  -1.20432374e+00
   -3.38266175e-01 
   -2.09848414e-01  -2.78411771e+00   1.61206106e+00   1.75860898e-01
   -9.62490018e-02   4.31123520e-01  -3.67411320e+00  -6.19541374e-01
   -1.85436867e+00   1.22009794e+00   3.28415443e+00   1.20542329e-02
   -4.91782897e-01   1.32676061e+00  -5.41826044e-01  -8.16813815e-01
   -1.37079251e+00 
   -6.47382183e-01   5.04954232e-01  -5.53167576e-01   1.20134144e-01
    2.59579835e+00  -2.18096305e+00   1.16738218e+00   1.01553719e+00
    1.24164443e+00   1.51307973e+00  -2.36124749e+00  -1.67860130e+00
   -1.29499198e+00   1.80567449e-01  -3.71011295e-01  -9.10589688e-02
   -1.21606013e-01 
    2.07760513e+00  -1.89690545e+00   8.53005266e-01   3.19061784e+00
   -2.38668808e+00   8.09820957e-01   4.78858000e-01  -1.01870537e+00
   -1.58652056e+00  -5.40165869e-02  -5.34576153e-01  -2.82320092e-01
    7.19296595e-01   2.47465693e+00  -2.32609504e+00  -1.92986755e-01
    6.03289651e-01 
    1.73303627e+00  -1.23135007e+00  -3.33353149e-01   1.98046832e-01
   -1.69836480e-01  -3.58943748e-01   3.25962190e+00  -3.04921878e+00
   -1.13236646e+00  -1.08394528e+00  -6.07836518e-01  -9.65734515e-01
    1.22393262e+00  -2.08659416e+00   1.00193974e+00   7.61949353e-01
    5.93428313e-01 
    1.65100181e+00   6.45376987e-01  -3.01511808e+00  -4.79627156e+00
    1.18379559e+00   3.45327491e-01   5.49736501e-01   1.62195255e+00
    7.84035799e-01   4.48034023e-01  -7.27716479e-01  -1.27739352e+00
   -3.49291237e-01   1.67659335e+00  -5.20088444e-01   1.34266959e+00
    3.70493828e-01 
   -1.68498501e+00   5.92002314e-01  -3.25365333e-01   4.01893566e-01
    6.50646807e-01  -2.20425661e+00   4.07035936e-01   2.57962588e-01
    1.60223206e+00  -8.59172709e-01   1.44421333e+00   4.49341992e-01
    8.83325428e-01  -1.19003037e+00  -7.99863663e-01   1.33823198e+00
   -7.56092020e-01 
   -3.05514641e-02  -2.58020200e+00   2.32998023e+00  -1.46698841e-02
   -2.53662029e+00   3.13141361e-01  -2.36811514e-01   1.77741209e+00
    4.86624454e-02   1.60432314e+00  -1.62754579e+00  -4.12023985e-01
    5.53390729e-01  -1.01503127e+00   7.21366181e-01   7.49092580e-01
    1.82303989e-01 
   -1.32642816e+00   6.20979343e-01  -7.28021294e-01   2.37970995e+00
   -8.18748517e-01   1.86587301e+00   1.56538315e+00  -1.89321582e+00
    5.34372893e-02  -1.85630398e+00  -4.20939451e-01   6.33700073e-01
    1.77872759e+00  -3.29051211e-01  -3.17149143e-01  -2.56449247e+00
    3.61350096e-01 
   -3.57767944e-01   2.90572215e+00   1.30671103e+00  -8.99332164e-01
   -2.26068634e-01  -5.14308984e+00   1.25749393e+00   3.57583181e+00
    1.44497341e+00  -2.63771914e+00   7.00284347e-01   1.49834870e-01
   -4.00040305e-01  -9.59715843e-01   8.49743734e-01  -4.55513370e-01
   -3.28884044e-01 
   -3.00782541e+00   8.88842940e-01   2.12878735e+00  -1.34408724e-01
    1.69479471e+00  -9.88081935e-01  -1.72495682e+00  -1.73684919e-01
    2.55104430e+00  -9.59830623e-01   3.42665865e-01  -1.78705761e+00
    3.71566046e-01   4.46955682e-01  -1.30207378e+00  -5.46334231e-01
    6.27197047e-01 
   -1.00430669e-01  -9.28191650e-01   4.47056970e-01  -5.80793889e-01
    2.48820052e+00  -1.12744750e+00   1.27101127e-01   2.64026135e+00
   -2.75631806e+00  -1.00273569e+00   1.43115715e+00   8.99389747e-01
    2.81039703e-01  -9.32779291e-01  -5.73484324e-01  -1.46378289e+00
   -4.51122549e-01 
   -2.20007572e+00   2.01253900e-01  -1.48581046e+00   2.09522705e+00
   -1.04054892e+00   1.20121465e+00   9.03284444e-01  -7.87823635e-01
    1.10530519e+00   1.39185063e+00   2.02457762e+00  -1.55919679e+00
    7.40465726e-01  -1.54666631e+00   6.01384566e-01  -4.15162614e-01
   -6.91338554e-01 
    2.39451864e+00   1.74774819e+00  -2.25500445e+00  -1.46763477e+00
   -3.81290734e+00  -1.75850273e+00   9.42527647e-01   5.55739561e-01
    1.42489415e+00  -2.41265611e+00   1.85020716e+00   2.16958824e-02
    9.32462326e-01  -3.52255585e-01  -7.48696339e-01   2.54535747e-01
   -7.04168365e-02 
    2.05133816e+00   3.78416325e-01  -2.28407126e+00   1.37178618e-01
   -1.15985698e+00  -7.14985571e-01   3.07948428e+00  -3.34479396e+00
   -2.45372705e-01  -4.02101838e-01   2.27883093e-01   8.96253571e-01
   -2.39532081e-01   1.25578585e+00   6.93752008e-01   1.40665143e+00
   -5.10198589e-01 
   -6.64848620e-01  -9.34339531e-02   2.11677216e+00  -2.88253109e-01
    1.94118302e+00   1.94715844e+00  -3.60305352e+00   4.26073941e-01
    3.46229784e-01  -9.16717050e-01  -3.67141498e+00  -3.33375283e-02
    2.27206432e+00  -1.52919428e+00  -1.96350877e-01   3.46716939e+00
   -3.03772840e-01 
   -6.95755536e-01   3.24943638e+00   1.16845149e+00  -2.21803134e-02
   -1.40605492e+00   1.66163340e+00  -6.67613087e-01   1.95452069e-02
   -9.04438400e-01  -2.55588666e+00  -1.30285350e-01   9.24822071e-02
   -9.43963132e-01   6.95802751e-01  -1.87098530e-01   7.64799024e-01
   -7.09406136e-01 
   -1.73451952e-01  -7.94790837e-01  -1.32773892e+00  -2.01198020e-02
   -6.91407969e-02   2.82178137e+00  -4.31602176e-01   9.00006088e-01
    2.46801167e-01  -3.17868708e+00   1.22153162e+00  -2.04591481e-01
   -1.54663415e+00   1.09671835e-01   3.55067440e+00  -1.58965785e+00
    8.35320721e-01 
   -9.65396623e-02   2.83558195e+00   1.10336687e-01  -1.04993102e+00
    9.80743188e-01  -1.87937411e+00  -2.64726128e+00  -1.18141690e+00
   -6.28081248e-01  -9.51666324e-01  -2.46098865e-01   7.85354657e-01
    8.92771356e-01   5.78071697e-01   2.74495489e-01   9.87122781e-01
   -1.86719609e-01 
   -7.08216834e-01  -2.38239708e-02   3.32383154e+00   1.93107512e+00
    7.92048004e-01   6.02690861e-01  -2.46437385e+00  -1.60864052e+00
   -7.72761578e-01   6.30618184e-01  -2.22198069e+00  -1.55696517e+00
   -1.89598379e+00   1.95097031e+00   1.99319995e+00   1.28106797e+00
    2.54356709e-01 
    1.79475013e+00   8.84383033e-01  -1.29936814e+00  -3.15970880e-01
   -8.71335523e-01  -1.72912242e-01  -4.81696240e-01  -5.69932522e-01
    1.94733457e+00   1.79560480e+00  -2.54449226e+00  -2.20543441e+00
   -5.32113615e-01  -1.87635427e+00   2.57289310e+00   9.43671802e-01
   -5.59497339e-01      3.85172874e+00  -1.17426518e+00   5.79193562e-01  -2.01177612e+00
   -1.01433327e+00   1.63114368e+00  -7.97520861e-01  -1.16132533e+00
    4.77010915e-01   5.82146078e-01  -2.66951229e-01  -3.30794707e+00
   -8.97924139e-01   6.68694671e-01   9.82115691e-01  -1.37861926e+00
   -1.19564358e-01   2.07036354e-02   1.29698138e-02  -1.51570547e-01
   -1.34567895e-01   1.68910842e+00   7.32557983e-01   2.17266674e+00
   -1.22029828e+00  -9.69345331e-01   3.33833210e-01  -4.35216136e-02
    1.65286944e-02  -7.11784089e-02   1.48454756e-01  -1.02476602e+00
    1.53515490e-02 
    6.11088170e-01   3.89584430e-01  -3.56046161e-01  -3.87512443e-01
    1.13563425e+00  -3.20625427e-01  -1.23203832e+00   8.07678953e-01
   -2.07370609e+00  -1.88957867e-01  -8.41883425e-01  -1.39496843e-02
    1.02320583e+00   9.44493544e-03   1.32567806e+00  -5.72902412e-03
   -2.84078290e-01  -1.21732766e+00   1.99004674e+00  -2.03790948e+00
   -1.33482152e+00   3.68528634e-01   6.48233620e-01   1.28717808e-01
   -1.36281462e+00   7.47885396e-01   4.78769505e-01  -4.64248289e+00
    1.46304561e+00  -1.82399930e+00   5.71257204e-02  -1.27975883e+00
    4.17518331e-01 
    4.65282379e-01  -2.55858941e-01   2.74248469e+00   1.29136813e+00
   -1.80843955e+00  -2.19692647e+00  -1.32326544e+00  -1.01318730e+00
    1.19305650e+00   1.17042171e+00   3.24395166e-01   7.09701743e-01
   -1.87930372e+00   6.45193158e-02  -6.01830188e-01  -1.27759364e+00
    2.02592932e+00   7.96670381e-02  -1.46191669e+00   1.44414089e+00
   -1.20500037e+00  -2.60291171e+00  -8.21315908e-01   1.08432237e+00
    1.32012926e+00   5.63552237e-01  -2.60815573e+00  -4.16201511e-01
    2.13349394e+00   4.94504805e-02  -2.14023159e+00   8.86354907e-01
   -3.20178108e-01 
   -1.61979528e+00   1.08568654e-01  -1.63165775e+00  -9.92933339e-01
    2.03237188e+00   1.20715771e+00   1.06773268e+00   4.69545432e-02
    4.55437257e-01  -9.48953868e-01   2.94777505e+00  -1.86597142e+00
    9.71486321e-02  -6.51148037e-01  -3.23389318e+00   2.54593023e-01
    3.88876529e+00  -1.03529709e-01   1.18879099e-03  -2.20356046e+00
   -1.00780507e+00   3.76085837e-01   6.42736219e-01  -2.83686164e+00
    7.48191068e-01   6.68310107e-01  -6.86785261e-03   8.48681697e-02
   -2.77366234e-01   2.57744581e-01  -1.84742532e+00  -4.48870013e-01
   -2.07380836e-01 
   -2.07792041e+00  -1.26255391e+00  -2.38762613e+00  -5.81061958e-01
   -3.91238382e-02  -2.64961691e-01  -1.95841858e-01  -1.26657966e+00
   -3.17173467e-01  -3.18025430e+00   1.61749491e+00  -7.35530623e-01
   -1.68720410e-01  -2.70532090e+00   3.07015423e+00  -1.68880962e+00
    5.04690350e-02  -1.74851158e+00   2.48203245e+00  -3.88888248e-01
    1.10870367e+00  -1.14562176e+00  -3.54701461e+00   2.12795555e+00
    1.71487864e+00   1.30475953e+00  -1.58533623e+00   2.61081498e-02
    1.98266156e-02   4.00008521e-02  -9.66390864e-01   1.95909656e+00
   -1.72758182e-01 
   -1.80013328e+00  -3.23894215e-01   5.86446443e-01   3.06923721e-01
    1.23138011e+00  -7.49749147e-01  -4.58925860e-01  -3.43790194e+00
    1.19320188e+00   1.80881319e-01  -2.03662564e-01   5.63809281e-01
   -9.04609859e-01   1.96413504e+00  -6.28859533e-01  -2.26222063e+00
   -1.44135156e+00   7.04214590e-01  -2.37306330e-01  -2.58289802e+00
    4.10379790e+00   4.85989638e-01  -3.72197799e-01  -2.42224318e-01
    6.62212217e-01   5.46249466e-01  -1.10685201e+00  -1.92768082e+00
   -4.00638187e+00   7.60077541e-01  -1.70384555e-01   4.49843474e-01
    4.27543546e-02 
    7.20391632e-01  -1.45376697e+00   4.65391190e-02  -7.40399919e-01
   -2.27770800e-01  -2.82992909e+00   1.01220917e+00   1.13681329e+00
    6.79344460e-01  -2.09785099e+00  -6.50220971e-01   2.87178328e+00
    3.05320189e+00  -1.53934555e+00  -1.03354419e+00  -4.02547554e+00
   -7.85690959e-01   6.23726741e-02   1.35671533e-01  -6.81813184e-01
   -8.11773226e-01  -4.05681497e-02  -3.12687970e-01  -7.11005107e-01
   -1.22413530e+00  -2.12995332e+00   9.75913755e-01   5.21950942e-01
    5.18021710e-01   2.71553430e+00   1.19994394e+00   1.40902734e-01
   -3.93394549e-01 
    9.74750018e-03  -5.83360720e-01   2.12472427e+00  -6.56815657e-01
    1.84312807e+00  -5.50283110e-02  -9.63255494e-01  -3.89945376e-01
   -2.52636104e-01   5.70836168e-01  -4.47691677e+00   2.01238709e-01
    4.17228337e-01  -2.04598243e+00  -4.39158222e-01   2.35187733e+00
   -2.70894212e+00  -5.17903295e-01  -2.20696518e+00  -2.82798658e-01
   -2.64694157e+00  -6.62519318e-02  -2.95984995e+00   1.55865440e-01
   -3.52150514e-01   3.41601460e+00   2.60459730e-01   7.71457152e-01
   -1.51651275e+00   7.25361585e-01   1.29721712e+00  -4.18022611e-01
   -1.34809366e+00 
   -2.14151613e+00   2.54184847e+00   1.30268774e+00   1.62933105e+00
   -2.08955806e+00  -2.54567740e-01   1.30650575e+00  -2.40317674e+00
    2.46658836e+00   3.81929610e-01   7.85455877e-01  -1.61800156e+00
    1.09230846e+00  -1.75976061e+00   1.79755056e+00   1.15138401e+00
   -6.56873928e-01  -2.60489761e+00  -4.24085125e-01   4.75946725e-01
   -1.49439169e+00  -1.75849417e+00   2.39519711e+00  -1.28368364e+00
   -2.09714755e+00  -4.01231172e-01   4.41223893e-02   2.78018509e-01
   -1.47807878e+00   1.02799543e-01   1.53622916e+00  -2.05973019e+00
   -5.88736630e-01 
    1.22824276e+00  -1.04195577e+00  -9.40390475e-01  -1.59109217e+00
   -4.49548262e-02   1.00152249e-01  -1.15357783e+00  -2.67102359e+00
   -2.69120320e+00  -2.59444549e+00  -1.91358629e+00   2.08378770e+00
   -2.68358220e+00  -1.54945293e+00   4.37622933e-01   4.22738938e-01
    5.27925804e-01  -4.13949849e-02  -2.36127902e+00   1.70305421e+00
    1.38827551e+00   1.20168259e+00   5.38964290e-01  -2.49624243e+00
    2.70528162e+00  -1.01345761e+00   2.21658955e+00   6.69852359e-01
    2.87020247e+00   5.14090196e-01   1.19194225e-02  -2.10951195e+00
   -5.14398824e-01 
   -3.53353000e-02  -3.06576015e+00   4.83898644e-01   1.09448582e+00
   -5.98463397e-01   1.46912476e+00  -1.25984844e+00  -2.28139800e+00
   -1.97673345e+00  -2.45195439e-01   1.20531304e+00  -1.09056398e-01
   -2.61766080e+00   1.84874421e+00  -3.87039881e-01   3.44277498e-01
    2.70509538e-01  -1.47433755e+00   1.08041360e+00   1.62889848e+00
   -8.52294200e-01  -1.44523058e+00  -1.44897193e+00  -3.10076659e+00
   -1.56096284e+00  -1.64154395e+00   3.68934798e+00   9.92718812e-01
   -1.20794959e+00  -3.53554606e-01   1.53366996e+00   2.67612065e+00
   -6.25003899e-01 
   -1.05804775e+00   4.80404763e+00  -1.52600321e+00  -2.67205670e+00
   -2.20304577e+00  -1.25497655e+00  -1.18175464e+00  -1.26048625e-01
    1.09790264e+00  -2.43144505e+00  -2.73080050e+00   3.64792506e-01
   -6.38519497e-01   1.32466613e+00  -4.24013516e-01   1.62271397e+00
   -5.52242982e-01  -5.91432991e-01   2.31776473e-02  -9.25806252e-01
    7.30484010e-01   1.81648607e+00  -6.76342690e-01   1.07043810e+00
    3.83294555e-01  -1.66172676e+00  -1.55491905e+00  -2.34702567e-02
    1.19485465e+00  -9.96117850e-01   1.89364857e+00   1.31191260e+00
   -7.16082931e-01 
   -4.26591275e-01  -1.00658520e+00  -2.53914224e+00  -2.14377197e+00
   -2.18047671e+00   1.01458258e+00  -1.16601761e-01  -1.72765412e-01
   -7.21875562e-01   3.77769478e+00   1.33446679e-01   2.22504114e+00
   -9.84024816e-01   4.34651505e-01  -5.75378012e-01  -1.35293292e+00
   -1.44196673e-01  -1.12330955e+00  -4.83856184e-01  -1.53170417e+00
    2.81888743e-01  -3.43492067e-01  -9.03889196e-01  -7.10147416e-01
   -1.54483383e-01  -2.07850101e-01  -2.01443955e+00   5.16984909e-01
    1.60047644e+00  -1.26557107e+00   2.12555339e+00  -4.48620239e-01
   -2.26048442e-01 
   -2.40170547e-01  -8.03042759e-01   4.41618056e-01   1.97902236e+00
   -2.48182578e+00   1.39173841e+00  -2.47708023e-01   1.18171275e+00
    9.69776652e-01  -7.73860120e-01  -9.52236750e-01   1.40704548e-01
   -1.73866206e+00  -7.76602160e-01  -2.79896264e+00   2.25317696e+00
   -3.18424351e+00   5.10722543e-01   1.03755942e+00  -8.62891706e-01
    9.20534989e-01  -5.61027367e-01   1.51889525e+00   3.68879203e-01
    2.32184301e-01  -2.16633599e+00   9.45715402e-01  -1.37186334e+00
   -2.78670882e-02  -1.23122211e+00  -9.63751080e-01   7.56783377e-01
   -6.28716871e-01 
   -6.14785039e-01   2.33713984e+00   3.04868453e-01  -1.14709439e+00
   -1.00793100e+00  -2.14200218e-01   9.91655490e-01   1.57558863e+00
   -1.12137160e+00   2.54698773e-01  -1.01125938e+00  -6.59591979e-01
    2.08955058e-01   3.74534807e-01   2.01508281e+00  -1.23617634e+00
    4.80394631e-01   2.23346629e-01  -1.51147072e+00   4.13862194e-01
   -8.47130667e-01   9.69474381e-01  -3.89682728e-01  -4.59646847e-01
    1.05117046e+00  -1.25184444e+00  -4.06890753e-01  -4.13148181e-01
   -2.76650352e+00  -1.50483539e-01  -2.02718952e+00  -3.03026781e+00
   -1.03145209e+00 
   -1.33448926e-01  -1.84268644e+00  -2.47122843e+00   2.15535357e+00
    1.40820355e+00   8.64552349e-01  -3.70333754e-01  -5.20768257e-01
    2.21333611e+00   1.25445077e+00   2.24874655e-01   5.52073649e-01
    2.38406833e-03   2.60972822e-01  -1.05809547e+00  -6.77692559e-01
   -2.85444357e-01  -1.98643846e+00  -9.38190882e-01   1.71353371e+00
   -4.09014844e-01   7.71704664e-01   4.70041713e-01  -1.61164705e+00
   -4.55837363e-01  -1.66342097e+00  -1.67942130e+00  -7.01201339e-01
    1.11213793e+00  -4.72159787e-01  -9.19210196e-01  -6.96152426e-01
   -2.09226452e-01  