NN 16 32 16   -3.08410454e+00  -7.74012263e-01  -2.67010178e-01   4.93577386e-01
    1.83379708e+00  -7.99578697e-01  -1.53920421e+00  -1.57933660e+00
    2.77955441e+00  -1.30684496e+00  -1.91314878e-01   5.52453576e-01
    7.78535240e-01  -1.62727858e-01   2.96968542e-01  -3.31938243e-01
   -7.03401470e-01 
    4.14233886e-01  -3.89272142e-01  -2.57436350e-01  -4.76215503e-01
    9.77301363e-01  -3.21690566e-01   1.70990719e-01   4.90259875e-01
   -2.32635195e+00   6.23740604e-01   1.89067768e+00  -3.21319479e+00
    5.82005100e-01   6.97773822e-01  -1.66849217e+00   1.20264701e+00
    5.09662485e-01 
   -5.83883252e-01   1.05603479e-01  -2.37585207e+00   1.00499717e+00
    2.36563246e+00  -1.73737089e+00  -3.73780763e-01  -6.97550597e-01
   -9.90291388e-01   4.06964198e-01   9.33543244e-02   1.65160544e-01
    1.51477710e+00  -7.95688945e-01  -7.49425763e-02   1.74747417e+00
    1.91336830e-01 
    1.53431146e+00  -7.53402790e-01  -8.98771803e-01   7.34097690e-01
    3.32653119e-02  -9.57419171e-01   9.78744919e-01  -3.28557141e-01
   -1.29802055e+00   7.95186211e-01  -1.31145692e+00   1.62068931e+00
    1.68837586e+00  -1.51961927e+00   1.01913232e+00  -1.76754931e+00
   -2.94793515e-01 
   -2.92203945e-01  -1.40055284e+00   1.35099707e+00  -9.68742287e-01
   -3.14956470e-01  -6.76420095e-01   3.56786347e-02  -1.63600712e+00
    1.32460864e+00  -1.82844596e-01  -1.90348966e-01   1.74004548e+00
    1.56827770e+00   2.05340290e+00   1.14015761e-01  -1.36825260e+00
   -6.89724005e-01 
   -3.68822362e-01   1.17209660e+00   1.41135687e+00  -1.21944194e+00
    5.38994195e-01   9.86613528e-01   1.50081316e+00  -8.39316806e-02
    4.08612533e-02  -3.27053956e-01  -1.59439554e+00   4.72307583e-01
   -7.84869225e-01  -1.32123406e+00  -2.59138636e-01  -1.87162321e-01
   -5.03942690e-02 
    6.43136921e-01   1.45333034e+00   1.20541985e+00  -1.74051673e+00
   -1.02205073e-01  -5.72537637e-02  -1.70900590e+00   1.06613616e+00
   -4.84248939e-01   5.79728992e-01   9.05167762e-01   3.04885477e-01
   -2.55256347e-01  -4.41106611e-01  -1.24727206e+00   7.75175157e-01
   -6.32511832e-01 
    6.73488465e-01  -1.23708274e+00   9.78603751e-01  -3.27454170e-01
    8.33518560e-01   3.59672195e+00  -1.62729942e+00   1.67653518e-02
    2.19223949e+00   2.18164983e+00   5.77509831e-01  -5.61885328e-01
   -5.97573017e-01  -2.26271798e+00  -1.09663555e+00   4.47966340e-02
   -5.78532204e-01 
    2.68407289e-01   2.38394889e+00  -8.75059198e-01  -7.48767583e-01
    9.01315573e-01  -1.12512267e+00  -9.50527247e-01  -7.51814183e-02
   -1.60248017e+00   2.10414526e+00   1.28830842e+00  -1.03428910e+00
    6.64510437e-01  -1.72274445e+00   1.11397023e+00  -1.36327581e+00
   -1.30209726e-01 
   -1.43175159e+00  -1.05206329e-01  -8.47459569e-01   1.30543641e+00
    1.73267871e+00  -8.55931026e-01   1.20252085e+00  -6.60984691e-01
   -8.03164853e-01   1.10567469e+00   2.37185864e-01   1.89101623e+00
   -2.34679540e+00   5.70445998e-01  -2.68105271e-01  -1.19975869e+00
    3.08739146e-01 
   -4.57160144e-01   4.35320918e-01  -1.14564953e-01  -2.60536371e+00
   -1.88593076e+00  -1.24744708e+00   2.33321725e-01   3.71016618e+00
   -1.06075852e+00   5.59258794e-01  -5.20943399e-01   2.45757568e+00
   -8.20658117e-01  -2.54062293e-01   1.63945551e-03   1.07794278e-03
   -6.30045356e-01 
    2.56167365e+00  -7.25406708e-01   5.89722196e-01   1.69985381e+00
    1.44707062e+00  -4.11076173e-01  -1.46112658e+00   5.60859642e-01
    3.68103149e-01  -8.32815794e-01   1.58476152e-01  -6.10227382e-01
   -2.55379088e+00   3.60912606e-01   8.76947621e-01  -6.08870420e-01
   -1.66997546e-02 
   -1.50303912e-01  -1.48846137e+00   1.20147027e+00  -1.23761861e-01
   -1.22694306e-01   3.36202442e-01  -2.97387876e+00   1.52028868e-01
   -1.94442051e+00   7.81050180e-01   2.79877802e+00   2.95509138e-01
   -4.26342743e-01   1.11209352e+00  -5.66887773e-01  -5.45599802e-01
   -1.12500900e+00 
   -4.00427547e-01  -2.59748734e-02  -5.54727297e-01   8.78668695e-02
    2.00625999e+00  -1.82566402e+00   7.55519242e-01   6.51081149e-01
    8.53306995e-01   1.52281011e+00  -2.11755136e+00  -1.74688053e+00
   -8.52624340e-01   5.16117759e-01  -4.87585638e-01  -1.53977337e-01
   -1.61229516e-01 
    1.19592748e+00  -2.01092797e+00   5.24553856e-01   2.56498341e+00
   -1.96334266e+00   8.37222088e-01   4.72394776e-01  -6.16578120e-01
   -1.60149592e+00  -9.29803187e-02  -5.08985201e-01  -4.70285322e-01
    7.46672321e-01   2.28060093e+00  -1.70731065e+00  -1.04793705e-01
    5.84486122e-01 
    1.34596607e+00  -1.05567824e+00   1.57203040e-02   1.26568300e-01
   -2.51449623e-01   6.89318446e-02   2.99662258e+00  -2.70705356e+00
   -1.31856651e+00  -7.58269649e-01  -4.33886426e-01  -8.61959812e-01
    1.42750617e+00  -1.68341661e+00   6.46607335e-01   3.18218612e-01
    4.91508159e-01 
    1.33861355e+00   6.78139938e-01  -2.95876568e+00  -3.68083454e+00
    6.11303274e-01   3.25410655e-02   9.93643808e-01   1.54385912e+00
    3.88830556e-01  -3.91978347e-02  -7.18266428e-01  -9.69833204e-01
   -3.56887747e-01   1.74246847e+00  -5.58093117e-01   8.88458740e-01
    9.04627108e-02 
   -1.36794141e+00   3.73837998e-01  -2.08767899e-01   1.70705944e-01
    6.22737845e-01  -1.18122689e+00  -1.04624822e-02   1.01768511e-01
    1.34191514e+00  -8.51275082e-01   9.07698364e-01  -1.06828393e-01
    7.40898737e-01  -8.93958696e-01  -5.42881642e-01   1.03486228e+00
   -5.97223474e-01 
   -2.45735923e-01  -1.99880373e+00   1.87529526e+00  -1.86477544e-01
   -2.10450785e+00   5.56043613e-01   8.21427524e-02   1.31506883e+00
    2.68102249e-01   1.76255513e+00  -1.81615097e+00  -6.61882126e-01
    5.20212979e-01  -1.03899871e+00   5.33537685e-01   5.57694998e-01
    9.18915741e-02 
   -1.15599458e+00   3.94582670e-01  -9.98612734e-01   1.93915414e+00
   -8.38791656e-01   1.82076524e+00   7.21095394e-01  -1.33916319e+00
   -9.15924554e-02  -1.65513782e+00  -8.20062322e-01   6.79650801e-01
    1.70950501e+00   2.45558328e-01  -1.57748738e-01  -1.81043990e+00
    4.07826442e-01 
    3.40304707e-02   2.37877184e+00   9.41825731e-01  -2.45758221e-01
   -5.44234868e-01  -4.03214059e+00   9.95032813e-01   3.32169385e+00
    1.13043956e+00  -1.83099051e+00   7.07819280e-01  -5.81620508e-01
   -5.53251755e-01  -5.35731295e-01   5.06911466e-01  -1.16135440e-01
   -2.33240169e-01 
   -2.40141575e+00   8.38510129e-01   1.68943314e+00  -4.66174099e-01
    1.45950152e+00  -9.84336049e-01  -5.46448277e-01  -4.27995191e-01
    2.07637648e+00  -1.30097546e+00   1.19639454e-01  -1.75061412e+00
    5.11954656e-01   5.56683634e-01  -1.10285524e+00  -3.53806978e-01
    6.00231363e-01 
   -4.49022938e-01  -3.58151055e-01   5.45842082e-01  -8.52169225e-01
    2.07863512e+00  -1.50379493e+00  -9.86734552e-03   2.15111983e+00
   -2.37422975e+00  -8.06430706e-01   9.14871884e-01   5.99172260e-01
    4.84164355e-01  -7.33107176e-01  -3.83042707e-01  -7.58113721e-01
   -3.69328287e-01 
   -1.95756747e+00   1.41469063e-01  -1.43535401e+00   1.92689146e+00
   -1.09165446e+00   1.12280621e+00   6.28650061e-01  -6.46266143e-01
    1.19585948e+00   1.50439802e+00   1.57280372e+00  -1.58469990e+00
    7.31488411e-01  -1.23919971e+00   4.15546880e-01  -1.70297197e-01
   -6.10988275e-01 
    1.57645911e+00   1.52524216e+00  -1.89869106e+00  -5.16460988e-01
   -3.29480264e+00  -8.46567525e-01   9.52409367e-01   6.33732007e-01
    1.13534527e+00  -2.33014776e+00   2.10208806e+00  -1.29719323e-01
    3.72460298e-01  -2.18496623e-01  -7.07415242e-01   1.00950978e-01
   -1.25166375e-01 
    1.52638859e+00   3.22663876e-02  -1.55055329e+00  -2.85646581e-01
   -1.12679870e+00  -4.72756482e-01   2.36357836e+00  -2.92845608e+00
   -3.85093159e-02  -3.63192101e-01   2.27694602e-01   9.66450051e-01
   -1.88607110e-01   1.27371855e+00   9.07680564e-01   8.13795692e-01
   -6.55722615e-01 
   -6.32383990e-01  -5.54950601e-01   1.73022695e+00  -1.59696093e-01
    1.22477774e+00   1.50073088e+00  -2.58297654e+00  -4.44036754e-02
    3.99283687e-01  -7.23308334e-01  -2.92309639e+00   2.73416478e-01
    1.60098115e+00  -1.23366693e+00   1.31819639e-01   2.64509011e+00
   -1.93418408e-01 
   -7.26139663e-01   2.40159338e+00   1.25272066e+00  -3.79512040e-02
   -1.10848720e+00   2.09325417e+00  -4.44441258e-01  -1.35483286e-01
   -9.80933125e-01  -1.79965193e+00  -3.13252791e-01  -2.22536416e-01
   -8.60223361e-01   5.04359753e-01  -8.32128370e-02   6.75795893e-01
   -4.43633659e-01 
   -3.11102182e-01  -1.19381899e+00  -1.02673230e+00   1.04771495e-01
    4.23855402e-01   2.34824753e+00  -9.20946192e-01   7.85453350e-01
    5.88606558e-01  -2.24761927e+00   1.24231754e+00  -2.26579902e-01
   -1.36162708e+00   1.55823191e-02   2.46819958e+00  -1.27880031e+00
    5.13098081e-01 
   -3.73470276e-01   1.89784288e+00   4.93875737e-01  -7.74535582e-01
    6.64704788e-01  -1.52345100e+00  -2.06150349e+00  -1.48198853e+00
   -1.68059729e-01  -6.78236630e-01  -1.16373591e-01   8.34769189e-01
    5.48357125e-01   3.66868358e-01   4.33327143e-02   9.65437846e-01
    6.36248493e-03 
   -1.21260626e+00   3.08325708e-01   2.44884871e+00   1.41923847e+00
    1.14686926e+00   2.49296501e-01  -1.49565459e+00  -9.69341334e-01
   -5.66825796e-01   7.16062151e-01  -1.86306125e+00  -1.39322777e+00
   -1.48655141e+00   1.34233736e+00   1.28379986e+00   1.05794192e+00
    3.29159401e-01 
    1.20054417e+00   1.01675032e+00  -9.91319878e-01  -3.85389864e-01
   -8.57264437e-01  -3.37301239e-01  -6.88868628e-01  -4.01577620e-01
    1.46255994e+00   1.45853575e+00  -1.94706055e+00  -1.65977538e+00
   -4.26550445e-01  -1.61044850e+00   2.22360238e+00   6.21491493e-01
   -5.41621688e-01      3.07819404e+00  -8.83728269e-01   7.83235719e-02  -1.86891939e+00
   -7.52892587e-01   8.82909022e-01  -5.16912971e-01  -8.66304640e-01
    4.90059145e-01   9.63333835e-01   5.45067302e-01  -2.75874609e+00
   -8.36698021e-01   2.84502362e-01   6.66090498e-01  -1.64260246e+00
   -3.69583816e-01   2.84568344e-01   2.20894846e-01   5.41424632e-01
   -3.31300910e-01   2.20679075e+00   3.27929845e-01   2.06956056e+00
   -1.76188195e+00  -9.10012940e-01   5.36745523e-01  -2.10656253e-01
   -3.10340796e-02  -4.50637926e-01   4.19730844e-01  -1.60907522e+00
   -2.25183417e-01 
    5.77458314e-01   4.09024006e-01  -3.91446260e-01   5.53095034e-02
    1.05455787e+00  -3.14245742e-01  -1.38924275e+00   1.00554003e+00
   -2.30391855e+00  -1.95416694e-01  -1.00058709e+00   2.82755073e-01
    1.28348010e+00  -1.67251255e-01   1.84959871e+00   3.08092567e-01
    1.61602959e-01  -7.72068115e-01   1.89237074e+00  -1.99968804e+00
   -1.60551363e+00   2.14839934e-01   2.92501979e-01   7.48680609e-02
   -1.63953959e+00   5.87471061e-01   6.79883775e-01  -3.76009077e+00
    1.31295167e+00  -1.61072345e+00   1.67238781e-01  -1.32392911e+00
    1.49911344e-01 
    8.20407349e-01   1.23658465e-01   2.85031170e+00   7.20097843e-01
   -1.92056070e+00  -1.39953665e+00  -8.87381003e-01  -7.32667940e-01
    1.54076676e+00   1.11069628e+00   3.04140662e-01   2.25205822e-01
   -2.17332563e+00   4.50958902e-02  -4.05233584e-01  -1.29055146e+00
    2.19953777e+00  -7.67857856e-02  -1.46148046e+00   1.17470726e+00
   -1.36994050e+00  -2.31247770e+00  -1.10108038e+00   1.26230327e+00
    1.18061124e+00   9.24675339e-01  -2.01900676e+00  -6.16100614e-01
    1.90610933e+00  -2.91841734e-01  -2.48449161e+00   8.09174454e-01
   -3.02408293e-01 
   -1.29246591e+00   6.95915890e-01  -1.33040954e+00  -9.91516855e-01
    1.62109409e+00   1.30081093e+00   1.43881124e+00   4.42830936e-01
    4.43839371e-01  -8.25226377e-01   2.42111746e+00  -2.24666572e+00
    6.61078295e-01  -1.06557889e+00  -3.11924373e+00   6.14154000e-02
    3.72369009e+00  -1.81280770e-01   5.40882796e-01  -2.02586520e+00
   -1.02725614e+00   6.89399569e-01   8.76583237e-01  -2.71859918e+00
    4.77982776e-01   5.73788486e-01   4.20213159e-03   2.29772066e-01
   -2.68390299e-01   2.95953037e-01  -1.71440501e+00  -5.04331454e-01
   -2.71992881e-02 
   -1.58305328e+00  -1.04976031e+00  -2.03947271e+00  -2.85804601e-01
    2.38948399e-01  -3.70710098e-01   1.44103303e-01  -1.12442750e+00
   -2.57457593e-01  -2.66549292e+00   1.24697523e+00  -3.56855666e-01
   -1.87453367e-01  -2.29241890e+00   2.56339586e+00  -1.59729410e+00
   -1.08670134e-01  -1.46384168e+00   2.69274579e+00   7.97269142e-02
    1.17080724e+00  -1.36271067e+00  -2.97357025e+00   2.20173565e+00
    1.98078709e+00   1.42928197e+00  -1.51961356e+00  -4.07176437e-01
   -1.02742040e+00  -5.93042685e-01  -1.06813260e+00   1.34598149e+00
   -1.62110884e-01 
   -7.26243987e-01  -6.61520470e-02   6.66195408e-01   7.43484080e-01
    9.29764844e-01  -6.69120508e-01  -3.36374209e-01  -3.48656052e+00
    9.56335984e-01   8.99998495e-02   3.42971139e-02   1.10411548e-01
   -5.50263178e-01   1.89319714e+00  -8.74101292e-01  -2.04212124e+00
   -1.35336566e+00   3.79095100e-01  -1.84232271e-01  -2.66169893e+00
    4.48767069e+00   3.58994029e-01   3.16467623e-01  -1.38676820e-02
   -1.21127586e-01   4.90763164e-01  -1.54718992e+00  -1.45875232e+00
   -3.46959639e+00   7.38947983e-01  -1.49837646e-01   1.81416504e-02
    6.12186625e-02 
    6.52864264e-01  -7.66466403e-01   2.69841817e-01  -1.18420160e+00
   -4.41915079e-01  -1.70521502e+00   1.37670734e+00   9.34770957e-01
    2.49145659e-01  -2.13865912e+00  -6.36253238e-01   2.29142976e+00
    3.05731783e+00  -1.58589943e+00  -1.24994452e+00  -3.80963048e+00
   -9.03408126e-01   1.73832446e-01  -3.80952428e-01  -2.92785127e-03
   -8.31574569e-01  -4.44666062e-01  -4.40871261e-01  -6.26889087e-01
   -1.62372705e+00  -1.64268742e+00   1.14025331e+00   1.30192973e-01
    2.79655526e-01   2.71595882e+00   6.54879722e-01   6.94153290e-01
   -2.81128237e-01 
    2.15424428e-02  -8.96182287e-01   1.90960394e+00  -5.28669423e-01
    1.54683123e+00  -5.34601676e-02  -9.98498392e-01   2.82864061e-02
   -2.39440059e-01   4.20057191e-01  -3.92096368e+00   8.17419736e-02
   -2.21916030e-01  -1.29110757e+00  -3.58144487e-01   2.20108808e+00
   -2.14104249e+00  -5.73102303e-01  -2.12983687e+00  -3.18614781e-01
   -2.34356997e+00  -2.53978501e-01  -2.68074862e+00   2.16066618e-01
   -3.28731843e-01   3.16178881e+00   7.19141246e-01   5.79211214e-01
   -1.68300384e+00   1.06486767e+00   1.01614833e+00  -2.42386457e-01
   -6.40167741e-01 
   -1.80839913e+00   2.22860400e+00   1.08644802e+00   1.18625499e+00
   -1.82795669e+00  -2.76390408e-01   1.18935349e+00  -2.09019852e+00
    2.00106243e+00   2.30696873e-01   4.67545693e-01  -1.40102960e+00
    1.12931245e+00  -1.46974561e+00   1.97128085e+00   1.43763818e+00
   -8.42533511e-01  -1.97069882e+00  -4.51219250e-01   5.14870326e-01
   -1.44410274e+00  -1.52368690e+00   2.10441148e+00  -1.40795238e+00
   -1.64991622e+00  -6.16725101e-01   6.85992305e-02   7.02661414e-01
   -1.14190518e+00  -1.14041856e-01   1.42581123e+00  -1.64315472e+00
   -4.91271682e-01 
    6.61369120e-01  -7.52947920e-01  -7.30520544e-01  -1.17471864e+00
   -2.76824358e-01   1.33677283e-01  -8.58761246e-01  -2.28566202e+00
   -2.25938192e+00  -2.43896027e+00  -1.76261583e+00   1.67685262e+00
   -2.18326015e+00  -1.32131714e+00  -7.77930241e-02  -8.86732092e-02
    7.31843591e-01  -1.53224277e-02  -1.96653069e+00   1.76836326e+00
    1.19630345e+00   1.21541705e+00   5.63458991e-01  -2.49491962e+00
    2.68641309e+00  -5.03197383e-01   1.55389844e+00   2.11795131e-01
    2.14557366e+00   3.15171248e-01   4.94211776e-02  -1.45143010e+00
   -1.41849122e-01 
   -3.10044216e-01  -2.40590349e+00   2.77568881e-01   7.36576460e-01
   -4.26598973e-01   1.05335843e+00  -9.35794370e-01  -2.23800767e+00
   -1.34193740e+00  -1.03685252e-01   1.10967608e+00   3.98010024e-01
   -2.60425366e+00   1.88141602e+00  -4.00898530e-01   2.61743261e-01
    6.58618348e-01  -1.11636394e+00   9.39375910e-01   1.42908358e+00
   -6.16622038e-01  -1.00685574e+00  -1.22056160e+00  -2.55515848e+00
   -1.75462808e+00  -1.52829026e+00   3.10426631e+00   8.48280137e-01
   -1.15322639e+00  -3.53355205e-01   1.47394285e+00   2.32531180e+00
   -3.14877697e-01 
   -1.41799705e+00   3.86118092e+00  -1.14693725e+00  -2.51103076e+00
   -1.99648786e+00  -1.00178995e+00  -1.03242495e+00   2.75046106e-01
    9.51982621e-01  -2.12896255e+00  -2.54901756e+00   5.74771151e-02
   -7.88394196e-01   1.25848766e+00   2.00108383e-01   1.47241007e+00
   -7.90957249e-01  -4.32378764e-01  -8.08793374e-02  -7.45926170e-01
    7.76041997e-01   1.84746749e+00  -3.80061828e-01   8.80531407e-01
    7.81358272e-01  -1.87216595e+00  -1.30246681e+00   4.12254520e-02
    8.19101970e-01  -8.87129775e-01   1.22903553e+00   8.59114354e-01
   -5.28148136e-01 
   -4.52283887e-01  -8.31941608e-01  -2.46455192e+00  -1.95099004e+00
   -1.93960463e+00   8.04238762e-01   1.21187651e-01  -2.49644211e-01
   -5.48901765e-01   2.97546541e+00   2.21726383e-02   2.03781326e+00
   -1.03077697e+00   1.28828505e-01  -3.55338609e-01  -1.22935115e+00
   -6.52138966e-02  -1.05438380e+00  -3.45223425e-01  -1.27497767e+00
    4.39943218e-01  -4.33555140e-01  -8.48098991e-01  -6.92711712e-01
    9.31848749e-02  -2.09451284e-01  -1.67428952e+00   4.38302007e-01
    1.43348343e+00  -1.13688681e+00   1.77823168e+00  -4.51936456e-01
   -2.05204869e-01 
   -3.16375676e-01  -8.03984705e-01   5.79346091e-01   1.82329835e+00
   -2.12082962e+00   1.11525511e+00  -2.04467601e-01   8.75285647e-01
    8.92773085e-01  -6.79769558e-01  -8.19633974e-01  -1.34254226e-03
   -1.61431839e+00  -6.70974635e-01  -2.37658903e+00   1.83737960e+00
   -2.69093927e+00   3.04864399e-01   9.40333312e-01  -7.38566213e-01
    6.56702997e-01  -6.83470841e-01   1.27389676e+00   3.33834279e-01
    3.75364497e-01  -1.94726212e+00   8.82221299e-01  -1.22015320e+00
    1.60019750e-01  -9.77943495e-01  -8.35733083e-01   6.55308197e-01
   -4.02214698e-01 
   -6.59124643e-01   1.74955616e+00   2.15349141e-01  -1.03120211e+00
   -9.69917358e-01  -2.21820654e-01   8.36778880e-01   1.24279011e+00
   -8.01157183e-01   1.30492287e-01  -8.02678101e-01  -6.72352289e-01
    2.12668529e-01   4.31600972e-01   1.55826939e+00  -1.02292309e+00
    4.00993155e-01   1.97581129e-01  -1.09420696e+00   3.82740933e-01
   -5.77884683e-01   8.38062641e-01  -2.56185717e-01  -2.76884952e-01
    8.74346954e-01  -1.23105888e+00  -5.46877057e-01  -3.53840587e-01
   -1.94995861e+00  -1.00968331e-01  -1.64692082e+00  -2.55724913e+00
   -8.55965280e-01 
   -2.73426038e-01  -1.57346645e+00  -2.16786654e+00   1.59759126e+00
    1.28110819e+00   8.53213789e-01  -4.85131352e-01  -4.26443354e-01
    1.53796541e+00   1.12876733e+00   1.40129333e-01   3.80100403e-01
   -2.28827797e-01   1.99757155e-01  -9.00783979e-01  -2.99330568e-01
   -2.18966649e-01  -1.57832978e+00  -7.63038515e-01   1.50182442e+00
   -5.68805348e-01   6.54445138e-01   2.31729839e-01  -1.39283958e+00
   -5.36285068e-01  -1.31838467e+00  -1.49482830e+00  -4.65872635e-01
    1.04308935e+00  -5.41751169e-01  -8.02872741e-01  -5.57740782e-01
   -1.55678974e-01  