NN 16 32 16   -3.87618846e+00  -1.23284985e+00   7.84003374e-02   4.92908366e-01
    2.56127802e+00  -1.07904382e+00  -2.02837816e+00  -2.33247142e+00
    3.44206258e+00  -1.20859662e+00  -3.27617678e-01   1.71751716e-01
    8.67304562e-01  -3.12853649e-01   2.15264061e-01  -6.65035011e-01
   -9.63748283e-01 
    6.48041168e-01  -5.30979665e-01  -3.74772321e-01  -2.42729564e-02
    1.10274680e+00  -2.69650050e-01   2.42671968e-01   4.74296763e-01
   -2.73980393e+00   6.82477460e-01   2.23431629e+00  -4.04493882e+00
    8.31014181e-01   7.94801408e-01  -2.22010104e+00   1.35356532e+00
    6.33105840e-01 
   -1.02676873e+00   1.47626713e-01  -2.56137178e+00   8.68592443e-01
    2.82686643e+00  -1.86282798e+00  -7.32665930e-01  -8.05154473e-01
   -1.03438519e+00   5.44715157e-01  -3.69960042e-01   3.04191209e-01
    1.46465418e+00  -6.66440444e-01  -2.39783173e-01   2.09494038e+00
    1.80443688e-01 
    1.68611936e+00  -8.00154810e-01  -1.39503800e+00   1.09186072e+00
    2.31445414e-01  -1.12921023e+00   7.77108369e-01  -4.27234738e-01
   -1.59011462e+00   8.23555524e-01  -1.55500658e+00   1.67822451e+00
    1.79523727e+00  -1.57095965e+00   1.26941103e+00  -1.92912502e+00
   -1.60012671e-01 
   -1.27609909e-01  -1.64796889e+00   1.48999809e+00  -1.34849350e+00
   -5.30180654e-02  -6.97184247e-01  -1.27171263e-01  -2.05973829e+00
    1.21016884e+00  -5.26069016e-01   1.25731477e-01   2.17123069e+00
    1.56351788e+00   2.24853987e+00  -1.72712283e-01  -1.47753317e+00
   -6.88699614e-01 
   -3.80957996e-01   1.22360308e+00   1.97318418e+00  -1.36919404e+00
    6.45753937e-01   1.28765674e+00   2.04977938e+00  -4.95894316e-01
    5.02040513e-03  -2.51211639e-01  -2.01525218e+00   6.35157513e-01
   -8.32410147e-01  -1.46415188e+00  -4.96063690e-01  -5.09639504e-02
    7.34126535e-02 
    1.00412303e+00   1.39888594e+00   1.66511831e+00  -1.90824293e+00
   -3.38945784e-02   1.26821637e-01  -2.03001416e+00   1.54630965e+00
   -6.24385500e-01   4.70486405e-01   8.64026777e-01   1.77691633e-01
   -2.05404299e-01  -5.17851198e-01  -1.50475872e+00   7.49137193e-01
   -7.81022809e-01 
    6.75970851e-01  -1.32374207e+00   1.27139077e+00  -4.63421261e-01
    7.75657977e-01   4.21952154e+00  -2.19495714e+00   6.58550003e-02
    2.54393989e+00   2.42780735e+00   2.95508687e-01  -2.60776597e-01
   -6.45631683e-01  -2.70734171e+00  -1.37120217e+00  -7.68002720e-02
   -6.23813108e-01 
    1.95672452e-01   2.78936306e+00  -6.13379682e-01  -1.15037092e+00
    5.76628125e-01  -1.29255385e+00  -1.17447445e+00  -1.10868318e-01
   -1.70392964e+00   2.35604715e+00   1.42663130e+00  -1.30930021e+00
    9.65453295e-01  -1.81459836e+00   1.47951605e+00  -1.65536446e+00
   -1.13784600e-01 
   -1.32740850e+00  -1.24096689e-01  -5.01721163e-01   1.21869765e+00
    1.78602682e+00  -8.06472791e-01   1.30552542e+00  -9.11817423e-01
   -1.04126604e+00   7.59172908e-01   7.58318783e-01   2.09211292e+00
   -2.88758520e+00   5.18942913e-01  -7.59779840e-01  -1.36221261e+00
    3.54233640e-01 
   -6.82654340e-01   4.81194579e-01  -1.38715290e-01  -2.79291923e+00
   -2.35804195e+00  -1.43786463e+00   5.88236260e-02   4.30697348e+00
   -1.28085600e+00   2.85015545e-01  -4.27694060e-01   3.13787457e+00
   -1.11674710e+00  -3.74510193e-01  -1.08503632e-01   3.67314606e-02
   -6.24360295e-01 
    3.07951405e+00  -9.23606614e-01   3.18323140e-01   2.01248839e+00
    1.57545627e+00  -5.42783618e-01  -1.34919147e+00   6.42261259e-01
    3.35331066e-01  -1.16833712e+00   5.12923187e-01  -6.17036642e-01
   -3.07615938e+00   4.39894707e-01   1.11427092e+00  -9.85779686e-01
   -2.33993719e-01 
   -2.98229534e-01  -2.44454262e+00   1.56743139e+00   1.66203908e-01
   -3.01809013e-01   3.27289126e-01  -3.49483480e+00  -1.96116434e-01
   -1.98905009e+00   1.14881793e+00   2.99809864e+00   1.24378856e-01
   -5.40658536e-01   1.22145955e+00  -6.13540929e-01  -7.69893196e-01
   -1.34577899e+00 
   -5.68643136e-01   3.42142227e-01  -5.68947429e-01   1.20873849e-01
    2.29565040e+00  -2.03183606e+00   1.11935280e+00   8.85127929e-01
    1.07763318e+00   1.52300383e+00  -2.32543449e+00  -1.84173180e+00
   -1.17186376e+00   2.66190079e-01  -5.06345541e-01  -1.45751924e-01
   -2.13378842e-01 
    1.64515887e+00  -1.79340828e+00   5.92906652e-01   3.11054169e+00
   -2.27153283e+00   6.89249401e-01   4.21117161e-01  -9.29203719e-01
   -1.50996180e+00  -1.65913679e-01  -4.83203740e-01  -8.69820590e-02
    8.48939436e-01   2.43824016e+00  -2.13412262e+00  -9.52931521e-02
    6.62072678e-01 
    1.62466351e+00  -1.06305324e+00  -1.40248432e-01   5.84071098e-03
   -2.61912530e-01  -3.37216402e-01   3.21844222e+00  -2.99085135e+00
   -1.14249729e+00  -1.10158539e+00  -4.25932502e-01  -9.40154743e-01
    1.17756089e+00  -1.86914689e+00   9.30489020e-01   5.89160698e-01
    5.40046356e-01 
    1.45254332e+00   6.53224010e-01  -3.04238466e+00  -4.40450258e+00
    1.19173593e+00   1.55915075e-01   5.85185340e-01   1.56719511e+00
    8.03963592e-01   1.41542816e-01  -9.58442578e-01  -1.27349641e+00
   -3.33489477e-01   1.60599756e+00  -5.69170444e-01   1.16510490e+00
    2.63094371e-01 
   -1.52653865e+00   6.02140526e-01  -2.34454671e-01   2.90914321e-01
    7.32366258e-01  -1.73142111e+00   3.37683547e-01   2.03459227e-01
    1.51309846e+00  -8.05968371e-01   1.33426320e+00   2.08487041e-01
    8.64678343e-01  -1.13400666e+00  -7.17437514e-01   1.22309018e+00
   -6.90808461e-01 
   -6.91065927e-02  -2.58594195e+00   2.12933021e+00   2.48986027e-02
   -2.41974303e+00   2.91000563e-01  -3.10039847e-01   1.57569485e+00
    7.29385273e-02   1.53212040e+00  -1.69320255e+00  -4.85363726e-01
    4.87709154e-01  -1.08845644e+00   6.24444708e-01   6.70737563e-01
    1.25942112e-01 
   -1.42919970e+00   5.74259436e-01  -8.04028792e-01   2.14885353e+00
   -8.45339037e-01   1.86639224e+00   1.26092971e+00  -1.65432119e+00
   -1.48040131e-01  -1.76105549e+00  -5.14131843e-01   5.96685268e-01
    1.79194803e+00  -8.52498446e-02  -3.02868358e-01  -2.37155930e+00
    3.19173969e-01 
   -1.63559587e-01   2.64527908e+00   1.25148596e+00  -6.84647441e-01
   -1.55300813e-01  -4.83420844e+00   1.27430719e+00   3.51747131e+00
    1.49614046e+00  -2.40542702e+00   7.14667948e-01  -2.32870365e-01
   -4.30264132e-01  -8.73442193e-01   7.50153833e-01  -3.72692341e-01
   -3.13958742e-01 
   -2.72715808e+00   8.38069416e-01   2.11882370e+00  -2.18192606e-01
    1.53267476e+00  -9.40248325e-01  -1.43307850e+00  -5.09608778e-01
    2.31015984e+00  -1.11204534e+00   2.31689181e-01  -1.80768078e+00
    3.89746136e-01   3.43973816e-01  -1.30199532e+00  -5.72973627e-01
    5.32184441e-01 
   -2.92782454e-01  -6.95297416e-01   5.98287618e-01  -7.55798725e-01
    2.45076438e+00  -1.16441098e+00   2.30985339e-01   2.47594664e+00
   -2.58677361e+00  -7.17059439e-01   1.30464854e+00   9.34484410e-01
    4.07031731e-01  -8.01374003e-01  -5.15304337e-01  -1.19029176e+00
   -3.76880442e-01 
   -2.03091772e+00   2.44756092e-01  -1.38976553e+00   2.11685942e+00
   -1.02706567e+00   1.21658663e+00   7.39580267e-01  -7.41099824e-01
    1.01333719e+00   1.51528407e+00   1.68794679e+00  -1.69128840e+00
    9.00070118e-01  -1.26210658e+00   6.65075565e-01  -2.80253880e-01
   -5.87394974e-01 
    2.17018526e+00   1.58622758e+00  -2.11454438e+00  -1.15781430e+00
   -3.75657376e+00  -1.48153477e+00   1.00450717e+00   6.67267030e-01
    1.32823433e+00  -2.50117508e+00   1.87106113e+00  -1.43116730e-01
    8.15948327e-01  -2.94427315e-01  -7.04537973e-01   1.98028288e-01
   -8.70682948e-02 
    1.88253718e+00   2.99877317e-01  -2.01222114e+00   1.53436264e-02
   -1.25679106e+00  -4.75521948e-01   2.89728862e+00  -2.93039792e+00
   -3.92864997e-02  -2.76102509e-01   3.23126362e-01   9.73595337e-01
   -1.25240996e-01   1.51431538e+00   8.37865652e-01   1.36001381e+00
   -4.20025042e-01 
   -7.22546493e-01  -3.50463331e-01   1.98532997e+00  -1.74841197e-01
    1.63609952e+00   2.12213070e+00  -3.45969150e+00   2.54048717e-01
    2.17867706e-01  -7.78084545e-01  -3.24770282e+00   3.06091472e-01
    2.03985986e+00  -1.48478100e+00  -1.11271828e-01   3.24472945e+00
   -2.62749425e-01 
   -6.53186079e-01   2.89883662e+00   1.28068213e+00   1.46232364e-01
   -1.49005908e+00   1.84809071e+00  -5.69178432e-01  -1.77240560e-02
   -8.74401953e-01  -2.37118898e+00  -1.19689246e-01  -3.19279197e-02
   -8.84121542e-01   5.65168145e-01  -1.09300171e-01   7.69791981e-01
   -5.98985604e-01 
   -1.72786629e-01  -1.07461317e+00  -1.30224171e+00   8.43377914e-02
   -4.45186215e-03   2.70003682e+00  -6.46847951e-01   6.93584115e-01
    2.67469642e-01  -2.88120471e+00   1.11351122e+00  -2.94972820e-01
   -1.46468174e+00   1.70017797e-02   3.27334121e+00  -1.54145998e+00
    6.96117474e-01 
   -1.25779128e-01   2.46266655e+00   3.07325131e-01  -1.09339403e+00
    9.58603814e-01  -1.81082065e+00  -2.52184814e+00  -1.37001637e+00
   -6.43443266e-01  -9.22835808e-01  -1.68502745e-01   9.07682672e-01
    7.00403371e-01   4.35772492e-01   1.61752653e-01   9.38374243e-01
   -1.68778178e-01 
   -9.23855073e-01   2.06425060e-01   2.91513177e+00   1.63485071e+00
    9.55801799e-01   4.05450533e-01  -2.20289607e+00  -1.28711334e+00
   -8.46556239e-01   8.74448639e-01  -2.10897501e+00  -1.47333263e+00
   -1.82225912e+00   1.69491054e+00   1.74419184e+00   1.17290979e+00
    2.35097597e-01 
    1.52975589e+00   8.78839926e-01  -1.15318789e+00  -2.38846506e-01
   -9.45757208e-01  -2.84854473e-01  -4.89751552e-01  -5.15460219e-01
    1.84168227e+00   1.73367220e+00  -2.43150676e+00  -2.11891785e+00
   -5.41198316e-01  -1.78737119e+00   2.48136785e+00   8.44479278e-01
   -5.61574811e-01      3.62767230e+00  -1.21875120e+00   3.13618530e-01  -1.93122173e+00
   -9.32560876e-01   1.58621604e+00  -7.58463941e-01  -1.18466581e+00
    5.69444364e-01   7.99303217e-01  -2.36171090e-02  -3.25724811e+00
   -8.25957292e-01   6.17467614e-01   9.45456790e-01  -1.51842440e+00
   -2.22567257e-01   5.13876962e-02   5.38469914e-02  -1.76714384e-02
   -3.46519763e-01   1.73961350e+00   5.78452124e-01   2.17927525e+00
   -1.54327770e+00  -7.70223501e-01   2.58026601e-01  -9.87035806e-03
   -1.55531964e-01  -1.83059260e-01   1.42661583e-01  -1.35840436e+00
   -1.21363623e-01 
    5.43181397e-01   3.81700527e-01  -3.91239943e-01  -2.64587718e-01
    1.18772925e+00  -3.47407467e-01  -1.24401141e+00   8.81207309e-01
   -2.07285010e+00  -2.20651041e-01  -7.31710565e-01   8.68915968e-02
    1.16798503e+00  -2.47255709e-01   1.48541269e+00   1.46135843e-02
   -2.08062291e-02  -1.17028013e+00   1.97879215e+00  -2.04179601e+00
   -1.48212279e+00   2.60768633e-01   4.12928532e-01  -1.27246955e-02
   -1.30658765e+00   7.99187854e-01   6.71020192e-01  -4.38609400e+00
    1.35059528e+00  -1.63125241e+00   1.44075756e-01  -1.15707919e+00
    2.88069931e-01 
    7.05390891e-01  -8.71368739e-02   2.73777901e+00   1.05548034e+00
   -1.80821217e+00  -1.97324723e+00  -1.16663107e+00  -8.65919348e-01
    1.30016350e+00   1.01041606e+00   2.83133385e-01   6.13201928e-01
   -2.15226885e+00  -3.43604370e-02  -4.35441440e-01  -1.17875469e+00
    2.23812031e+00   5.48126655e-02  -1.36982558e+00   1.37606621e+00
   -1.30159508e+00  -2.41907299e+00  -1.23050422e+00   1.32313868e+00
    1.29294687e+00   7.55667740e-01  -2.45798502e+00  -4.43094525e-01
    2.29858810e+00  -1.74381315e-01  -2.18769763e+00   1.00918979e+00
   -3.23746494e-01 
   -1.56243332e+00   3.01443889e-01  -1.56733276e+00  -1.01758745e+00
    1.86332999e+00   1.23750208e+00   1.24636947e+00   1.45508075e-01
    5.46938709e-01  -8.79093139e-01   2.82621422e+00  -1.96673171e+00
    3.92736577e-01  -8.30871886e-01  -3.20131989e+00   2.58799286e-01
    3.85141845e+00  -1.90250667e-01   1.27080117e-01  -2.26322391e+00
   -8.84139717e-01   5.56201352e-01   7.88629990e-01  -2.92116022e+00
    6.89760796e-01   5.26868780e-01  -8.69258015e-02   5.14069182e-02
   -3.01384444e-01   2.18679797e-01  -1.75266148e+00  -4.75320271e-01
   -1.77924556e-01 
   -1.97941369e+00  -1.18677594e+00  -2.25218966e+00  -4.82723733e-01
    1.18301397e-01  -4.74645535e-01  -1.67953278e-02  -1.29372831e+00
   -2.82667967e-01  -2.96324658e+00   1.61545265e+00  -6.66855468e-01
   -1.96275393e-01  -2.44323980e+00   2.85688556e+00  -1.71518951e+00
   -6.82126246e-02  -1.53617160e+00   2.58401931e+00  -2.71762067e-01
    1.36598833e+00  -1.23547068e+00  -3.24939433e+00   2.00210346e+00
    2.05757074e+00   1.23844821e+00  -1.45014634e+00  -1.26875031e-01
   -2.85327598e-01  -1.27534299e-01  -1.23198762e+00   1.89250922e+00
   -1.49050404e-01 
   -1.54596163e+00  -2.26413768e-01   6.76022762e-01   3.14484760e-01
    1.01466705e+00  -7.21347145e-01  -4.43398026e-01  -3.53356792e+00
    1.14005469e+00   8.37013592e-02  -2.77393868e-01   3.89040925e-01
   -9.30024411e-01   1.93409758e+00  -8.87799598e-01  -2.09789536e+00
   -1.44154524e+00   6.25456106e-01  -2.28481738e-01  -2.50911142e+00
    4.41364169e+00   4.70403270e-01  -1.79602980e-01  -1.36543202e-01
    3.90410291e-01   5.42858483e-01  -1.29323293e+00  -1.67530291e+00
   -3.82488465e+00   8.35444654e-01  -1.33186727e-01   4.19894706e-01
   -4.71896169e-02 
    8.23106125e-01  -1.31923895e+00  -7.97557382e-03  -8.76895991e-01
   -1.77186244e-01  -2.38748789e+00   1.17592961e+00   8.69224536e-01
    6.85762365e-01  -2.07051725e+00  -5.49455890e-01   2.72804301e+00
    3.06452772e+00  -1.60013084e+00  -1.09490499e+00  -3.93619387e+00
   -1.03993288e+00  -6.87530687e-02  -1.07014643e-01  -6.83978391e-01
   -8.05818203e-01  -1.95749832e-01  -1.94033676e-01  -7.51823400e-01
   -1.42144902e+00  -2.02531260e+00   9.81716604e-01   3.01901221e-01
    3.12348174e-01   2.83881383e+00   7.78086535e-01   2.47952030e-01
   -4.48520302e-01 
    1.66150376e-01  -7.25693203e-01   2.13540034e+00  -5.96885886e-01
    1.68673506e+00  -9.40390519e-02  -9.18751041e-01  -2.85669353e-01
   -2.13566599e-01   4.99143283e-01  -4.35588383e+00   1.45398657e-01
    1.12761321e-01  -1.94802888e+00  -6.42161449e-01   2.15859663e+00
   -2.49381355e+00  -4.97171763e-01  -2.40260456e+00  -3.56024483e-01
   -2.57133078e+00  -9.63906509e-02  -2.96932186e+00   2.02628495e-01
   -5.18279108e-01   3.44981193e+00   4.16637590e-01   6.78418696e-01
   -1.48516970e+00   8.30404218e-01   1.17206601e+00  -1.81244087e-01
   -1.11402027e+00 
   -2.06000571e+00   2.45097877e+00   1.16666004e+00   1.38065732e+00
   -1.99358830e+00  -3.06411342e-01   1.28314886e+00  -2.37665909e+00
    2.25800722e+00   2.83381593e-01   7.39970200e-01  -1.51313514e+00
    1.15422411e+00  -1.73684361e+00   2.00935157e+00   1.24224701e+00
   -7.81057948e-01  -2.45015876e+00  -3.49755822e-01   5.36468778e-01
   -1.52030807e+00  -1.74501308e+00   2.19078024e+00  -1.33905644e+00
   -1.90321865e+00  -3.86618806e-01  -6.85705884e-04   4.99470994e-01
   -1.33185416e+00  -8.28328183e-03   1.56314159e+00  -1.93917338e+00
   -5.57213664e-01 
    1.09452196e+00  -9.88336459e-01  -9.58679178e-01  -1.43336192e+00
   -8.05925888e-02   2.43096390e-01  -1.02420137e+00  -2.49739022e+00
   -2.53795005e+00  -2.65566525e+00  -1.91161665e+00   1.78933774e+00
   -2.64098822e+00  -1.45454020e+00   2.09780005e-01   3.30950092e-01
    5.10302772e-01  -2.86399848e-02  -2.20722465e+00   1.75586451e+00
    1.35484933e+00   1.23134904e+00   5.12852335e-01  -2.53531293e+00
    2.72827652e+00  -8.20007946e-01   2.03969980e+00   4.83987311e-01
    2.52561995e+00   4.01067748e-01  -7.09318524e-02  -1.91974141e+00
   -4.18474517e-01 
   -1.07527950e-01  -2.90130924e+00   3.89396204e-01   9.24746798e-01
   -5.85580574e-01   1.32916789e+00  -1.14540554e+00  -2.26907526e+00
   -1.81143999e+00  -1.49670131e-01   1.21319202e+00   4.71603105e-02
   -2.65974372e+00   1.81437830e+00  -3.45750636e-01   2.79587084e-01
    4.98768969e-01  -1.29720831e+00   1.06658870e+00   1.62334005e+00
   -7.65933037e-01  -1.35806997e+00  -1.40571863e+00  -2.80862219e+00
   -1.64220520e+00  -1.60172837e+00   3.56366101e+00   1.05328057e+00
   -1.14068842e+00  -3.48326384e-01   1.59967978e+00   2.59669173e+00
   -5.09510380e-01 
   -1.18578932e+00   4.48359683e+00  -1.37897792e+00  -2.58055043e+00
   -2.16940330e+00  -1.19601652e+00  -1.13752674e+00  -2.12044321e-03
    1.07220835e+00  -2.36778055e+00  -2.67002750e+00   3.35221729e-01
   -6.68114697e-01   1.32543240e+00  -2.11961563e-01   1.60787246e+00
   -7.16791803e-01  -6.03381398e-01   2.73305268e-03  -8.77372872e-01
    7.33378869e-01   1.80885956e+00  -6.60178446e-01   9.58098248e-01
    5.57882956e-01  -1.68331131e+00  -1.48300187e+00   1.42243279e-02
    1.10489659e+00  -9.24887373e-01   1.70954114e+00   1.24307585e+00
   -6.39701025e-01 
   -4.32373592e-01  -9.61717240e-01  -2.55017054e+00  -2.09374237e+00
   -2.10010752e+00   9.49150195e-01  -3.55804771e-02  -1.52954926e-01
   -6.95473439e-01   3.52466545e+00   5.76081671e-02   2.20447008e+00
   -9.78310812e-01   3.31390836e-01  -5.03740289e-01  -1.31803135e+00
   -1.13996939e-01  -1.12540838e+00  -4.21287977e-01  -1.47497549e+00
    3.16906470e-01  -3.52115490e-01  -8.98319004e-01  -7.11251707e-01
   -1.00685027e-01  -2.09109660e-01  -1.86910195e+00   4.87013470e-01
    1.60107654e+00  -1.24728999e+00   2.05805178e+00  -4.42751029e-01
   -2.18491262e-01 
   -2.69965026e-01  -8.12198787e-01   4.94412517e-01   1.92900666e+00
   -2.34997410e+00   1.29706926e+00  -2.51988287e-01   1.06631563e+00
    9.34836946e-01  -7.59204550e-01  -9.35259209e-01   6.36848315e-02
   -1.70224357e+00  -7.54380431e-01  -2.67015148e+00   2.11186948e+00
   -3.02830329e+00   4.09448375e-01   9.99208405e-01  -8.39684726e-01
    7.75285605e-01  -6.12376027e-01   1.41667745e+00   3.44709488e-01
    2.64684202e-01  -2.09364889e+00   9.10461586e-01  -1.34816830e+00
    1.69920095e-02  -1.15390475e+00  -9.27661782e-01   7.08803898e-01
   -5.68027267e-01 
   -5.79057677e-01   2.17586722e+00   3.28657322e-01  -1.09598488e+00
   -9.71733301e-01  -2.03406099e-01   9.40398627e-01   1.53733696e+00
   -1.06516397e+00   2.34862903e-01  -1.01165056e+00  -6.49631743e-01
    2.25796816e-01   3.96866386e-01   1.94931015e+00  -1.17254550e+00
    4.68085993e-01   2.67525190e-01  -1.37153057e+00   4.35783151e-01
   -7.51411273e-01   1.00079218e+00  -3.53083315e-01  -3.52361709e-01
    9.60309261e-01  -1.25121895e+00  -4.03397810e-01  -3.94931462e-01
   -2.53432506e+00  -1.48245358e-01  -1.88194132e+00  -2.90222008e+00
   -9.47913308e-01 
   -1.80382487e-01  -1.76475087e+00  -2.38831936e+00   1.94230964e+00
    1.35948984e+00   9.04684791e-01  -4.21859239e-01  -5.11006994e-01
    1.99935018e+00   1.24605682e+00   2.02786372e-01   4.49464396e-01
   -1.00307609e-01   2.58844133e-01  -1.05842091e+00  -5.73407999e-01
   -2.50595736e-01  -1.84778311e+00  -9.16181894e-01   1.65664968e+00
   -4.58713710e-01   7.70679274e-01   4.12883581e-01  -1.53839257e+00
   -5.18188562e-01  -1.57567050e+00  -1.63918114e+00  -6.11838718e-01
    1.11911154e+00  -5.14296800e-01  -8.94786292e-01  -6.61829437e-01
   -2.05220732e-01  