NN 16 32 16   -3.68741689e+00  -9.35124299e-01  -7.16357094e-02   5.82723664e-01
    2.41611085e+00  -9.35639534e-01  -1.95064670e+00  -2.02331419e+00
    3.14665222e+00  -1.23723806e+00  -1.93797023e-01   2.56830609e-01
    8.93904017e-01  -2.20662184e-01   2.78523638e-01  -4.95949135e-01
   -8.25174149e-01 
    6.59909140e-01  -5.96700385e-01  -5.18183202e-01  -3.10085958e-01
    1.06290023e+00  -4.75395640e-01   1.44994995e-01   6.15582547e-01
   -2.58991836e+00   6.55469777e-01   2.20662960e+00  -3.62984549e+00
    7.46111968e-01   7.12336060e-01  -2.00717579e+00   1.32121115e+00
    5.82963242e-01 
   -9.22087443e-01   2.04979376e-01  -2.62496342e+00   8.16573593e-01
    2.51155300e+00  -1.72801283e+00  -4.92701551e-01  -7.82962967e-01
   -1.05471453e+00   5.59122245e-01  -2.36568235e-01   2.00728749e-01
    1.47001702e+00  -7.55152224e-01  -2.38131405e-01   1.99044333e+00
    1.56110462e-01 
    1.64852525e+00  -8.04771682e-01  -1.26262597e+00   1.05312376e+00
    4.17957926e-02  -1.08950576e+00   9.30790219e-01  -4.18327951e-01
   -1.47433434e+00   7.71829117e-01  -1.52487019e+00   1.74650751e+00
    1.73571165e+00  -1.57301421e+00   1.15902288e+00  -1.88423107e+00
   -2.16954384e-01 
   -2.04578963e-01  -1.46363156e+00   1.59209261e+00  -1.03794665e+00
   -1.99074856e-01  -6.19433994e-01   9.45095719e-02  -2.08752907e+00
    1.19211135e+00  -4.91680197e-01   6.49206977e-02   1.96171210e+00
    1.59463205e+00   2.20618550e+00  -1.07916572e-01  -1.41202517e+00
   -6.79353575e-01 
   -2.97497931e-01   1.13810211e+00   1.83606202e+00  -1.21799880e+00
    7.57648781e-01   1.27618438e+00   1.90287721e+00  -3.62917970e-01
   -3.11905155e-02  -2.31802256e-01  -1.99299576e+00   4.87773735e-01
   -8.01800203e-01  -1.38732204e+00  -4.28300129e-01  -9.04879844e-02
    6.07098508e-02 
    8.01527915e-01   1.51529423e+00   1.56701543e+00  -1.82265208e+00
   -7.98122219e-02   3.73282803e-03  -1.82618646e+00   1.26039739e+00
   -5.67814658e-01   5.35432942e-01   8.17009968e-01   2.76431337e-01
   -1.71421577e-01  -4.02660399e-01  -1.41951130e+00   8.08329339e-01
   -6.87341718e-01 
    8.24086389e-01  -1.31350613e+00   1.12482560e+00  -3.70972725e-01
    5.53007254e-01   4.01097109e+00  -2.01790594e+00  -1.15756300e-01
    2.36200877e+00   2.22430021e+00   4.97287932e-01  -6.25864225e-01
   -6.25991068e-01  -2.60083379e+00  -1.30642298e+00  -6.31086373e-02
   -6.43456827e-01 
    1.91084839e-01   2.63770178e+00  -8.86429738e-01  -9.74736540e-01
    6.97778983e-01  -1.30161020e+00  -1.15126380e+00  -1.42146726e-01
   -1.61418628e+00   2.33788416e+00   1.38879931e+00  -1.06573084e+00
    8.69958377e-01  -1.69328323e+00   1.39352254e+00  -1.51928495e+00
   -1.12661717e-01 
   -1.32170355e+00  -1.10359506e-04  -6.40773675e-01   1.15605213e+00
    1.80970704e+00  -8.44669218e-01   1.30242296e+00  -9.02200232e-01
   -9.68305591e-01   1.15117842e+00   5.93159795e-01   2.03064741e+00
   -2.58681056e+00   6.01402717e-01  -5.58447154e-01  -1.25060896e+00
    3.96093316e-01 
   -4.15735203e-01   3.62231000e-01  -3.63287517e-02  -2.72068566e+00
   -2.05419230e+00  -1.48305293e+00  -8.76047354e-02   4.03737913e+00
   -1.18403734e+00   4.88153450e-01  -6.58188730e-01   2.97697455e+00
   -1.05601964e+00  -3.63921502e-01  -1.89631290e-01  -6.99882777e-02
   -6.79616885e-01 
    2.79093184e+00  -8.62038413e-01   2.30195116e-01   1.88963725e+00
    1.46199099e+00  -6.46984555e-01  -1.28655191e+00   6.27105995e-01
    2.07469543e-01  -1.14924321e+00   3.81577738e-01  -5.03248439e-01
   -2.95821652e+00   3.53756969e-01   9.60165566e-01  -9.33231261e-01
   -2.16004140e-01 
   -2.82072749e-01  -2.02743402e+00   1.33424342e+00   1.00046079e-01
   -4.74769986e-02   2.35715801e-01  -3.38864510e+00   2.19602536e-02
   -1.81575852e+00   1.00285309e+00   2.95612618e+00   3.16628550e-02
   -3.84121001e-01   1.28015158e+00  -6.07479868e-01  -6.60980232e-01
   -1.24000354e+00 
   -4.08620173e-01   2.37786832e-01  -4.55279572e-01   4.75283646e-02
    2.20263974e+00  -1.96687788e+00   8.10625251e-01   9.04854321e-01
    1.07438920e+00   1.64252351e+00  -2.27200989e+00  -1.66473222e+00
   -9.53448065e-01   3.93913065e-01  -3.77066622e-01  -1.27504955e-01
   -1.17489726e-01 
    1.51362636e+00  -1.77468654e+00   4.68015222e-01   2.90258986e+00
   -2.24734525e+00   7.81071312e-01   3.83496901e-01  -8.97809422e-01
   -1.65081107e+00  -1.71868912e-01  -3.91124696e-01  -2.04875330e-01
    7.43550636e-01   2.35967562e+00  -2.09570373e+00  -1.36304362e-01
    5.89565205e-01 
    1.39545969e+00  -1.06539443e+00  -3.47066830e-01   1.40421676e-01
   -1.69773989e-01  -2.12186043e-01   3.07887275e+00  -2.88954921e+00
   -1.32337185e+00  -8.75614705e-01  -4.13900162e-01  -8.68292156e-01
    1.26568042e+00  -1.86259932e+00   8.87667582e-01   5.17471495e-01
    5.19193057e-01 
    1.58783125e+00   6.46961798e-01  -3.09536550e+00  -4.06192389e+00
    1.03441926e+00   2.72974476e-02   8.35783157e-01   1.42767234e+00
    8.62807424e-01   2.30747670e-01  -8.77064058e-01  -1.10022285e+00
   -3.23047021e-01   1.75370144e+00  -5.46806028e-01   1.07401164e+00
    2.30518700e-01 
   -1.43403246e+00   4.15242006e-01  -1.97989817e-01   1.95482155e-01
    7.12907075e-01  -1.45903366e+00   1.12002628e-01   2.73598044e-01
    1.51787352e+00  -8.53586881e-01   1.07669496e+00   1.44016901e-01
    8.81144596e-01  -1.01235917e+00  -6.45738781e-01   1.19227766e+00
   -6.38477475e-01 
   -8.43606542e-02  -2.44276548e+00   2.19283993e+00  -3.94275091e-02
   -2.29963481e+00   1.53790812e-01  -3.51213160e-01   1.57277969e+00
    2.34234133e-01   1.50338978e+00  -1.66162116e+00  -4.97894109e-01
    6.06783839e-01  -1.14079901e+00   6.12075161e-01   6.07483207e-01
    1.07058885e-01 
   -1.26800497e+00   5.77313948e-01  -8.06377184e-01   2.06094459e+00
   -7.14922618e-01   1.90368551e+00   1.06115273e+00  -1.56065395e+00
   -2.01029428e-01  -1.73745875e+00  -6.70544121e-01   6.75571864e-01
    1.80989283e+00   1.66772742e-01  -2.28030473e-01  -2.17244197e+00
    3.86776268e-01 
    5.31733538e-02   2.51047623e+00   1.17999570e+00  -4.45220126e-01
   -1.92006941e-01  -4.67076022e+00   1.21865772e+00   3.41508073e+00
    1.38486014e+00  -2.23943215e+00   6.94976919e-01  -2.14715191e-01
   -4.60447380e-01  -6.53341531e-01   7.60228547e-01  -2.43957039e-01
   -2.34878447e-01 
   -2.54644012e+00   9.04618754e-01   1.93582105e+00  -9.02412867e-02
    1.65861040e+00  -9.22523136e-01  -1.16901246e+00  -4.79426119e-01
    2.34517349e+00  -1.18913954e+00   3.49525763e-01  -1.77653100e+00
    6.08402743e-01   5.20332601e-01  -1.07194385e+00  -3.57819090e-01
    6.87887443e-01 
   -2.29856203e-01  -6.39622743e-01   6.61645045e-01  -9.19239523e-01
    2.29831219e+00  -1.22244342e+00   1.39005045e-01   2.33736521e+00
   -2.52510488e+00  -7.55372950e-01   1.31083851e+00   8.10384677e-01
    4.58795512e-01  -7.19506309e-01  -4.22109974e-01  -9.97754416e-01
   -3.18614415e-01 
   -1.95369270e+00   1.74423859e-01  -1.47053610e+00   2.06018113e+00
   -9.62963739e-01   9.95823661e-01   7.73560560e-01  -5.56169042e-01
    1.06067136e+00   1.56333912e+00   1.57511645e+00  -1.79320676e+00
    8.74989898e-01  -1.29852092e+00   6.26596782e-01  -1.79288008e-01
   -5.81335420e-01 
    1.99066568e+00   1.57716028e+00  -1.98430467e+00  -8.94262077e-01
   -3.57912097e+00  -1.26033002e+00   9.86108277e-01   6.25150538e-01
    1.37614275e+00  -2.45107994e+00   1.83845460e+00  -2.23449825e-01
    5.52791496e-01  -3.38955481e-01  -7.50943321e-01   1.33462287e-01
   -1.40919174e-01 
    1.83996110e+00   1.59636763e-01  -1.72122999e+00  -1.71349507e-01
   -1.01310838e+00  -4.52611435e-01   2.77041677e+00  -2.95366229e+00
   -6.28403231e-02  -1.69150934e-01   2.39108155e-01   9.80630274e-01
   -1.87279249e-01   1.35042067e+00   8.27047845e-01   1.16500045e+00
   -5.22382025e-01 
   -6.51085005e-01  -4.93152624e-01   1.95927261e+00  -2.93860630e-01
    1.60043449e+00   1.90607906e+00  -3.17092154e+00   3.28159629e-01
    2.02316101e-01  -8.49837343e-01  -3.15165214e+00   1.54078047e-01
    1.87719026e+00  -1.38541727e+00  -6.07048783e-02   2.95421131e+00
   -2.49262398e-01 
   -7.70270573e-01   2.70320525e+00   1.23731243e+00   4.90029940e-02
   -1.30072671e+00   2.05965292e+00  -4.34428927e-01  -8.98439662e-02
   -9.33415559e-01  -2.09745927e+00  -2.57477292e-01  -1.66833648e-01
   -9.18022172e-01   5.95105979e-01  -6.92798195e-02   7.48875439e-01
   -5.17910735e-01 
   -3.28068261e-01  -1.08607163e+00  -1.19581807e+00   9.11277444e-02
   -2.11240976e-02   2.60721105e+00  -8.29757552e-01   8.51041055e-01
    4.71067628e-01  -2.49489893e+00   1.31288517e+00  -3.03670860e-01
   -1.40120112e+00  -9.90902007e-03   3.05285758e+00  -1.45820245e+00
    6.33483620e-01 
   -3.12057827e-01   2.27685778e+00   2.84180527e-01  -8.09508973e-01
    7.98472135e-01  -1.53773968e+00  -2.39877679e+00  -1.32546571e+00
   -4.88175301e-01  -8.50543081e-01  -1.04407811e-01   9.25193686e-01
    7.49073464e-01   4.67478607e-01   1.29088959e-01   1.01578335e+00
   -5.60463351e-02 
   -1.06245578e+00   2.62395522e-01   2.74990676e+00   1.53427945e+00
    9.85993152e-01   2.62142155e-01  -1.97322871e+00  -1.20594656e+00
   -8.01821687e-01   7.74651762e-01  -1.92392405e+00  -1.45126632e+00
   -1.68937935e+00   1.51451312e+00   1.66174026e+00   1.11122142e+00
    2.75794470e-01 
    1.45380026e+00   9.29646089e-01  -9.95481906e-01  -2.77653096e-01
   -9.48281278e-01  -2.72644721e-01  -5.16876742e-01  -4.52853550e-01
    1.69830824e+00   1.59179095e+00  -2.27828265e+00  -1.98222819e+00
   -4.80075520e-01  -1.64194075e+00   2.42546174e+00   7.74003575e-01
   -5.30617534e-01      3.47441130e+00  -9.62123424e-01   2.87785246e-01  -2.04290365e+00
   -9.30889354e-01   1.30631620e+00  -6.43061484e-01  -9.57839832e-01
    5.78893640e-01   7.67277948e-01   1.59910685e-01  -3.09082478e+00
   -7.86998899e-01   3.62607214e-01   8.84231710e-01  -1.66962483e+00
   -1.58544797e-01   1.09452378e-01   1.66169785e-01   2.42572713e-01
   -3.24094636e-01   1.91929183e+00   6.05925585e-01   2.10210730e+00
   -1.62297090e+00  -8.96317457e-01   5.40380248e-01  -1.06086609e-01
   -1.33669367e-01  -3.19428813e-01   2.92231971e-01  -1.33163886e+00
   -1.39159789e-01 
    7.28135775e-01   5.38747333e-01  -1.68056637e-01  -1.70301239e-01
    1.02639144e+00  -1.87831819e-01  -1.35886803e+00   9.85950591e-01
   -2.13259740e+00  -1.78745700e-01  -9.52064041e-01   2.70593109e-02
    1.27773516e+00  -2.52811858e-01   1.61254600e+00   1.99252401e-01
    1.06404329e-01  -8.01608472e-01   2.13371498e+00  -2.04779733e+00
   -1.42691182e+00   3.38802631e-01   5.08884030e-01   1.20452351e-01
   -1.34704569e+00   6.52386051e-01   8.61991713e-01  -4.22415696e+00
    1.40237137e+00  -1.66476487e+00   1.17309076e-01  -1.30668784e+00
    2.66757251e-01 
    5.84255350e-01  -7.36348319e-02   2.79081964e+00   1.04991112e+00
   -1.79783379e+00  -1.69899893e+00  -9.42596389e-01  -8.88400262e-01
    1.46676823e+00   1.13501365e+00   4.46560358e-01   4.83306800e-01
   -2.10913790e+00   7.38659703e-03  -4.82808214e-01  -1.26701174e+00
    2.20741786e+00  -7.46987482e-03  -1.48605145e+00   1.21756583e+00
   -1.35842186e+00  -2.60570299e+00  -1.20399048e+00   1.23136790e+00
    1.20279735e+00   8.39311532e-01  -2.29095489e+00  -4.79843045e-01
    2.06736473e+00  -1.80988348e-01  -2.32274784e+00   8.57614252e-01
   -3.47670499e-01 
   -1.48286860e+00   4.61113253e-01  -1.37479281e+00  -1.02156188e+00
    1.76724284e+00   1.33122866e+00   1.24685034e+00   1.88942415e-01
    4.75900125e-01  -8.67110243e-01   2.67146848e+00  -1.98638384e+00
    5.49343935e-01  -9.29948274e-01  -3.25077944e+00   1.10389950e-01
    3.80258468e+00  -1.72230236e-01   1.64281217e-01  -2.21811284e+00
   -9.79972830e-01   6.37870682e-01   8.12044317e-01  -2.96375224e+00
    4.83004599e-01   5.68541762e-01  -4.43266444e-02   1.18642726e-01
   -3.72590515e-01   2.56397272e-01  -1.66418329e+00  -6.56901301e-01
   -1.78767572e-01 
   -1.79258770e+00  -1.17150141e+00  -2.17164933e+00  -5.02223437e-01
    1.56172276e-01  -4.07682792e-01   4.52730526e-02  -1.13945543e+00
   -2.85195807e-01  -2.78325988e+00   1.44999471e+00  -4.69685363e-01
    1.83910722e-03  -2.42292705e+00   2.83055263e+00  -1.71765463e+00
   -2.64617339e-01  -1.40488556e+00   2.48781330e+00  -1.42872859e-01
    1.34568712e+00  -1.33697854e+00  -3.13918930e+00   2.11954087e+00
    2.13433262e+00   1.35118456e+00  -1.41376766e+00  -2.10323701e-01
   -4.71142359e-01  -2.73032935e-01  -1.16221392e+00   1.62276101e+00
   -1.69879009e-01 
   -1.26651485e+00  -2.07066192e-01   6.56026777e-01   5.52927357e-01
    1.06779990e+00  -6.54613909e-01  -3.76789141e-01  -3.62860785e+00
    1.09421090e+00   5.58158113e-02  -1.20186972e-01   3.31401250e-01
   -8.94423190e-01   1.95870539e+00  -8.32990438e-01  -2.04958017e+00
   -1.38560835e+00   5.40309223e-01  -9.54695075e-02  -2.51924361e+00
    4.52980972e+00   4.14069841e-01   3.38580208e-02  -1.39379714e-01
    1.75776693e-01   5.48788060e-01  -1.37704264e+00  -1.57020276e+00
   -3.75123309e+00   8.43018836e-01  -1.40896290e-01   2.85595054e-01
   -2.14925730e-03 
    6.93822919e-01  -1.04551952e+00   1.44243497e-01  -1.13073958e+00
   -2.81595259e-01  -2.22977719e+00   1.13193825e+00   8.15848317e-01
    5.24813940e-01  -2.10575631e+00  -6.74668716e-01   2.51908100e+00
    3.05744064e+00  -1.69786171e+00  -1.16343842e+00  -3.88717276e+00
   -1.04997401e+00   1.51608134e-01  -2.33373089e-01  -3.67269021e-01
   -7.94328194e-01  -2.85993791e-01  -3.85899102e-01  -5.12999029e-01
   -1.37892974e+00  -1.69696659e+00   1.05166767e+00   2.89701965e-01
    4.50210703e-01   2.76728344e+00   7.23997113e-01   3.55685537e-01
   -3.61176365e-01 
    1.78514141e-01  -6.44959022e-01   2.14827091e+00  -6.40605585e-01
    1.63161782e+00  -1.16493412e-01  -8.96395288e-01  -1.33415625e-01
   -1.84112918e-01   5.02687484e-01  -4.23483197e+00   1.81242503e-01
    1.73106619e-02  -1.70110447e+00  -3.76171804e-01   2.23525444e+00
   -2.34517459e+00  -4.82084010e-01  -2.32694533e+00  -3.71956435e-01
   -2.37536443e+00  -1.09786762e-01  -2.78761348e+00   3.27736419e-01
   -4.05765778e-01   3.46339330e+00   4.63318533e-01   6.42234187e-01
   -1.43918788e+00   8.71468770e-01   1.14322285e+00  -1.26010047e-01
   -8.39987551e-01 
   -2.03662263e+00   2.34674051e+00   1.17416404e+00   1.35356668e+00
   -1.98763698e+00  -3.23682614e-01   1.22650881e+00  -2.36337072e+00
    2.17253310e+00   3.69245829e-01   7.24659666e-01  -1.47079219e+00
    1.15700479e+00  -1.52896455e+00   1.95822586e+00   1.23954456e+00
   -8.25751880e-01  -2.24964773e+00  -3.95255421e-01   5.88462721e-01
   -1.41446822e+00  -1.70004006e+00   2.13059469e+00  -1.35671591e+00
   -1.77611070e+00  -4.64755157e-01   4.14804096e-02   5.51481003e-01
   -1.30724099e+00  -5.14307501e-02   1.50378254e+00  -1.88064995e+00
   -5.08219426e-01 
    9.71826332e-01  -9.29936845e-01  -8.57921467e-01  -1.30422814e+00
   -1.42701733e-01   2.62912601e-01  -9.42466069e-01  -2.34368915e+00
   -2.41419636e+00  -2.59164643e+00  -1.84881246e+00   1.70484056e+00
   -2.48870191e+00  -1.40022503e+00   1.46254048e-01   1.85947138e-01
    6.01605524e-01  -8.63638679e-03  -2.12708120e+00   1.75652172e+00
    1.25847084e+00   1.21777294e+00   5.47830515e-01  -2.60005349e+00
    2.67365674e+00  -6.54567749e-01   1.93008958e+00   4.21946357e-01
    2.36139098e+00   3.47825471e-01   2.56008509e-02  -1.75353759e+00
   -2.99642950e-01 
   -1.34605445e-01  -2.76389341e+00   3.68375726e-01   8.71940554e-01
   -5.71717472e-01   1.26951856e+00  -1.13719812e+00  -2.25712435e+00
   -1.58614770e+00  -1.20702088e-02   1.14367606e+00   1.17344396e-01
   -2.63875266e+00   1.88519457e+00  -3.38077770e-01   2.31342616e-01
    5.28162044e-01  -1.23769441e+00   9.79836845e-01   1.69178818e+00
   -7.61158189e-01  -1.25358726e+00  -1.32555905e+00  -2.62906927e+00
   -1.70261157e+00  -1.59401104e+00   3.39254084e+00   1.05002220e+00
   -1.14082581e+00  -3.57004868e-01   1.59284788e+00   2.47369819e+00
   -4.21809125e-01 
   -1.28606447e+00   4.26492199e+00  -1.29405976e+00  -2.53236366e+00
   -2.08156234e+00  -1.29921390e+00  -1.14157214e+00  -4.80052622e-02
    1.06400928e+00  -2.30713070e+00  -2.59577202e+00   2.63762529e-01
   -6.89783264e-01   1.22344688e+00  -2.11927643e-01   1.57957571e+00
   -7.57144584e-01  -5.22693225e-01  -8.85446204e-02  -9.26799404e-01
    7.78995367e-01   1.74782625e+00  -5.81945215e-01   8.56205626e-01
    6.44626420e-01  -1.70302723e+00  -1.54981119e+00  -1.04297568e-01
    1.08105588e+00  -8.77403928e-01   1.48898195e+00   1.05117842e+00
   -6.56609945e-01 
   -4.37772626e-01  -9.61827997e-01  -2.53291061e+00  -2.04432813e+00
   -2.02119390e+00   9.11912664e-01   3.51111491e-03  -1.96147920e-01
   -6.49129301e-01   3.36042280e+00   5.96929650e-02   2.11212627e+00
   -1.01817326e+00   2.62073949e-01  -4.70950586e-01  -1.30053858e+00
   -8.42468173e-02  -1.10404016e+00  -4.04061966e-01  -1.41683356e+00
    3.37220964e-01  -3.93468659e-01  -8.95031585e-01  -7.08241272e-01
   -1.62988676e-02  -1.82635669e-01  -1.81335689e+00   4.63217736e-01
    1.52995482e+00  -1.20293672e+00   1.95210904e+00  -4.47941641e-01
   -2.19546489e-01 
   -2.86396518e-01  -8.00516799e-01   5.45624644e-01   1.91516016e+00
   -2.25313374e+00   1.23706125e+00  -2.10866965e-01   9.90490044e-01
    9.34661957e-01  -7.34550393e-01  -8.67444855e-01   6.69900425e-02
   -1.66199255e+00  -7.11845702e-01  -2.54928882e+00   2.01265727e+00
   -2.90831627e+00   3.89071144e-01   1.01165147e+00  -8.21555378e-01
    7.74018717e-01  -6.17653174e-01   1.39482815e+00   3.47990992e-01
    3.16138800e-01  -2.04258640e+00   9.26033861e-01  -1.30062691e+00
    6.07456652e-02  -1.06507246e+00  -8.72785924e-01   7.09664998e-01
   -4.77475088e-01 
   -5.68272904e-01   2.08586541e+00   3.32410669e-01  -1.07552682e+00
   -9.29079596e-01  -1.51332691e-01   9.96475148e-01   1.51578023e+00
   -9.31540154e-01   2.50654174e-01  -9.21122872e-01  -6.57065933e-01
    2.39803815e-01   4.45114063e-01   1.88743143e+00  -1.10172290e+00
    5.19532067e-01   3.25660525e-01  -1.23190321e+00   4.46227531e-01
   -6.32572272e-01   1.04102854e+00  -2.63965149e-01  -2.56355494e-01
    9.50218099e-01  -1.21099400e+00  -3.81360400e-01  -3.17599336e-01
   -2.32912610e+00  -9.13286654e-02  -1.74323466e+00  -2.79326510e+00
   -8.19886613e-01 
   -1.92358893e-01  -1.70996085e+00  -2.32411843e+00   1.82500576e+00
    1.35594216e+00   8.87622260e-01  -4.47655006e-01  -4.58510257e-01
    1.86064590e+00   1.22180413e+00   1.57703727e-01   4.25366825e-01
   -1.48852737e-01   2.27889650e-01  -1.03312355e+00  -4.68129515e-01
   -2.20501449e-01  -1.76067620e+00  -8.94926829e-01   1.59327831e+00
   -4.89722412e-01   7.47429208e-01   3.26085005e-01  -1.48722497e+00
   -5.07079981e-01  -1.48696284e+00  -1.61793644e+00  -5.53546517e-01
    1.09501404e+00  -5.02740846e-01  -8.77169731e-01  -6.08400735e-01
   -1.92082723e-01  