NN 16 32 16   -3.34946562e+00  -8.88664899e-01  -4.87335530e-02   5.81117455e-01
    2.15587148e+00  -8.94539034e-01  -1.68055199e+00  -1.71651423e+00
    2.80074839e+00  -1.32997350e+00  -9.71703200e-02   3.87419282e-01
    8.28300404e-01  -1.62333109e-01   3.38875202e-01  -3.67654847e-01
   -7.19862249e-01 
    6.31689583e-01  -5.12594637e-01  -3.50934492e-01  -3.39743180e-01
    9.53310890e-01  -3.00432364e-01   9.34401033e-02   3.93481638e-01
   -2.24297425e+00   6.66966062e-01   1.93187854e+00  -3.48203703e+00
    6.18415883e-01   6.85029430e-01  -1.82350007e+00   1.22051269e+00
    5.26769598e-01 
   -7.35674646e-01   1.34830307e-01  -2.58868744e+00   1.05702839e+00
    2.46150141e+00  -1.67638835e+00  -4.79018570e-01  -7.64509142e-01
   -1.01225498e+00   5.64042109e-01   4.99705185e-02   1.19854562e-01
    1.47647185e+00  -7.98278477e-01  -1.57368800e-01   1.83710982e+00
    1.59184769e-01 
    1.57811247e+00  -7.85585255e-01  -1.19231613e+00   8.41245987e-01
    6.36215591e-02  -9.99104881e-01   8.73690613e-01  -3.85656078e-01
   -1.34894359e+00   7.52386367e-01  -1.36245004e+00   1.68886450e+00
    1.66519387e+00  -1.55677517e+00   1.05713569e+00  -1.80601848e+00
   -2.86487838e-01 
   -3.17562837e-01  -1.53232938e+00   1.33686122e+00  -1.11501419e+00
   -3.33626799e-01  -6.40892889e-01  -5.30352119e-02  -1.74356839e+00
    1.26794373e+00  -4.13233096e-01  -9.15094178e-02   1.86665601e+00
    1.55634985e+00   2.01405710e+00  -7.86820188e-02  -1.46065553e+00
   -7.46303363e-01 
   -4.60070270e-01   1.30199015e+00   1.46172988e+00  -1.29435392e+00
    7.21804939e-01   1.10377107e+00   1.60073399e+00  -1.43691536e-01
   -7.99325248e-02  -2.74665167e-01  -1.72786131e+00   5.32272364e-01
   -8.18206592e-01  -1.35007284e+00  -3.78215868e-01  -1.79889439e-01
   -3.39730597e-02 
    7.96833054e-01   1.52731714e+00   1.29596590e+00  -1.78788772e+00
    1.87597376e-02  -8.01958856e-02  -1.78159535e+00   1.12801786e+00
   -4.73321579e-01   5.83418617e-01   7.81768547e-01   3.41958454e-01
   -2.62272109e-01  -4.30459387e-01  -1.34607422e+00   7.71932927e-01
   -6.49582635e-01 
    6.96418579e-01  -1.39920098e+00   1.04399854e+00  -4.00253381e-01
    7.49064214e-01   3.67528333e+00  -1.88912462e+00  -8.55529282e-04
    2.21326703e+00   2.21577169e+00   5.49001347e-01  -5.84463878e-01
   -5.88960782e-01  -2.39708015e+00  -1.19366350e+00  -1.99756506e-02
   -6.04251989e-01 
    1.92450000e-01   2.48646919e+00  -8.61108698e-01  -8.09621167e-01
    8.07875522e-01  -1.16624927e+00  -9.73774823e-01  -1.67511673e-01
   -1.55625312e+00   2.18207719e+00   1.24465169e+00  -1.20785358e+00
    6.21564982e-01  -1.79393490e+00   1.15060561e+00  -1.51078841e+00
   -2.09658860e-01 
   -1.52600836e+00   5.03540119e-02  -7.66546178e-01   1.32839602e+00
    1.60960406e+00  -7.59333022e-01   1.19302728e+00  -7.21793554e-01
   -8.84324417e-01   1.15156537e+00   3.99118528e-01   1.92890020e+00
   -2.47282678e+00   5.48721272e-01  -4.22436588e-01  -1.22956185e+00
    3.18523512e-01 
   -5.52148771e-01   4.96564029e-01  -3.68312549e-02  -2.62144174e+00
   -2.01824991e+00  -1.27215476e+00   2.31170252e-01   3.85376288e+00
   -1.00824190e+00   6.24367294e-01  -7.70438442e-01   2.63402909e+00
   -8.82031317e-01  -3.05553466e-01  -7.37049640e-02   1.55589784e-02
   -6.25328583e-01 
    2.67132674e+00  -6.81359970e-01   3.10238540e-01   1.87427657e+00
    1.49876926e+00  -5.20443404e-01  -1.48584504e+00   6.64871896e-01
    3.12740374e-01  -8.92898042e-01   2.42881429e-01  -6.19451949e-01
   -2.61697293e+00   3.86684027e-01   9.81839261e-01  -6.71423101e-01
   -4.48858637e-02 
   -2.84925866e-01  -1.83306995e+00   1.25694705e+00  -2.37475009e-01
   -1.40466104e-01   3.23711544e-01  -3.23587099e+00   1.46813576e-01
   -1.82477019e+00   1.00037194e+00   2.79840036e+00   3.00673303e-01
   -4.11672902e-01   1.14317412e+00  -6.36029691e-01  -6.05576838e-01
   -1.18652103e+00 
   -3.73685938e-01   2.08898677e-01  -5.79076501e-01   9.96934639e-02
    2.02693322e+00  -1.96494358e+00   8.23917191e-01   6.72937162e-01
    8.99771122e-01   1.56851439e+00  -2.14683764e+00  -1.68124816e+00
   -9.23903315e-01   3.92025693e-01  -4.26132380e-01  -8.87213208e-02
   -1.47799882e-01 
    1.36509530e+00  -1.78285539e+00   4.80388875e-01   2.68088962e+00
   -2.00625210e+00   9.55002915e-01   4.89912808e-01  -8.59208289e-01
   -1.59597199e+00  -1.58644450e-01  -4.90041118e-01  -3.52571793e-01
    8.27587527e-01   2.35135839e+00  -1.81404047e+00  -6.08935359e-02
    6.34910997e-01 
    1.28425412e+00  -9.26913944e-01  -1.75419464e-01   3.51697395e-02
   -4.44285857e-01  -4.69345474e-02   3.03055346e+00  -2.88915407e+00
   -1.36356397e+00  -8.12547237e-01  -3.76536505e-01  -9.23091108e-01
    1.39960757e+00  -1.71673491e+00   7.30840314e-01   3.40941214e-01
    4.63217894e-01 
    1.47866599e+00   6.04139539e-01  -2.99783444e+00  -3.82694612e+00
    8.50881920e-01   1.33594593e-01   8.93632420e-01   1.57710340e+00
    6.69034312e-01   1.64727577e-01  -9.30019738e-01  -8.75636015e-01
   -2.72783912e-01   1.81782492e+00  -5.05918275e-01   9.99118280e-01
    1.86446161e-01 
   -1.36991392e+00   3.53495479e-01  -1.13152805e-01   9.65001048e-02
    6.75272531e-01  -1.26423035e+00   1.36229096e-01   1.31208122e-01
    1.43790247e+00  -8.31709827e-01   1.06406835e+00  -4.07960519e-02
    7.79371405e-01  -9.55184204e-01  -5.84207808e-01   1.08193793e+00
   -5.96241548e-01 
   -1.96985100e-01  -2.14866482e+00   1.91922687e+00  -1.09063140e-02
   -2.32574686e+00   4.05323788e-01  -1.92390766e-01   1.50539735e+00
    3.23141107e-01   1.66641301e+00  -1.83969906e+00  -4.26632794e-01
    6.56138792e-01  -1.14990871e+00   5.91069023e-01   6.25941988e-01
    1.12069071e-01 
   -1.41762159e+00   3.99700638e-01  -7.76805492e-01   1.94638255e+00
   -9.37254055e-01   1.80947399e+00   1.01174575e+00  -1.50657468e+00
   -3.79566450e-01  -1.68391442e+00  -7.90809930e-01   7.40005413e-01
    1.71721466e+00   2.48213789e-01  -1.96801134e-01  -1.95069243e+00
    3.76872303e-01 
    6.88110479e-02   2.50725288e+00   8.97946562e-01  -4.63666828e-01
   -5.68606952e-01  -4.36063340e+00   1.08801530e+00   3.23585479e+00
    1.29808120e+00  -1.93866624e+00   6.89640408e-01  -3.73451910e-01
   -6.12097862e-01  -7.03521048e-01   5.30787784e-01  -2.72730924e-01
   -3.36408593e-01 
   -2.39644481e+00   8.18172631e-01   1.81125471e+00  -3.99798774e-01
    1.70427781e+00  -9.08863140e-01  -7.90237508e-01  -5.54878470e-01
    2.07511045e+00  -1.16921507e+00   1.15644764e-01  -1.73473392e+00
    5.30246504e-01   5.28774089e-01  -1.12076813e+00  -3.85055700e-01
    6.19230743e-01 
   -3.74725799e-01  -4.83225366e-01   4.91250513e-01  -8.49386454e-01
    2.25154926e+00  -1.31958574e+00   8.86421885e-02   2.17364517e+00
   -2.38496656e+00  -7.77189296e-01   1.08190058e+00   7.72358256e-01
    4.95828801e-01  -6.67071200e-01  -3.56626580e-01  -8.15671777e-01
   -2.97497914e-01 
   -1.82010195e+00   3.46268049e-01  -1.39604248e+00   1.98951009e+00
   -9.96080244e-01   9.53652019e-01   7.35317115e-01  -7.64840438e-01
    1.17495106e+00   1.49212574e+00   1.64126232e+00  -1.69342253e+00
    8.54891883e-01  -1.30053044e+00   5.22216888e-01  -2.01225959e-01
   -6.07696171e-01 
    1.64792779e+00   1.50205320e+00  -2.07083053e+00  -6.39074269e-01
   -3.24092103e+00  -1.03852291e+00   9.06452928e-01   6.63976823e-01
    1.34457994e+00  -2.28537634e+00   1.95740509e+00  -1.86522727e-01
    4.16787363e-01  -1.82945522e-01  -7.33984565e-01   7.72206766e-02
   -1.45780147e-01 
    1.57606614e+00   5.94366764e-02  -1.64806805e+00  -2.70721832e-01
   -1.17409897e+00  -4.43047341e-01   2.65049098e+00  -2.82340089e+00
   -7.73259707e-02  -3.90567547e-01   2.79249760e-01   8.75107443e-01
   -1.58976108e-01   1.28074247e+00   8.30243237e-01   9.30499192e-01
   -6.26933128e-01 
   -7.12970475e-01  -5.71010924e-01   1.89480980e+00  -2.76603259e-01
    1.43340171e+00   1.65599292e+00  -2.82028692e+00  -4.94092785e-03
    3.90565310e-01  -7.07813618e-01  -2.91942049e+00   2.58704712e-01
    1.68528638e+00  -1.24513263e+00   5.13806033e-02   2.84776041e+00
   -1.82320158e-01 
   -6.97085937e-01   2.49096342e+00   1.26080455e+00   6.23271976e-03
   -1.22071751e+00   2.12498754e+00  -4.25499130e-01  -1.38629668e-01
   -9.83306064e-01  -1.94005952e+00  -3.60170968e-01  -1.40347781e-01
   -8.97231979e-01   5.81066515e-01  -4.02215810e-02   7.41015410e-01
   -4.42335553e-01 
   -4.15020262e-01  -1.23832722e+00  -9.12643444e-01   4.02714672e-02
    2.42886452e-01   2.36426539e+00  -8.60947226e-01   8.97444578e-01
    3.18874770e-01  -2.39262349e+00   1.20465163e+00  -1.85383964e-01
   -1.36729030e+00   8.47073401e-02   2.78089183e+00  -1.32217858e+00
    5.70347734e-01 
   -2.22711933e-01   1.92109608e+00   3.80706942e-01  -8.09271724e-01
    7.83641415e-01  -1.47219313e+00  -2.21698298e+00  -1.49096259e+00
   -3.33692871e-01  -7.63360578e-01  -2.28242838e-01   8.54097435e-01
    5.29540164e-01   3.85096496e-01   3.55462644e-02   9.39473583e-01
   -5.87849293e-02 
   -1.22763700e+00   2.13820659e-01   2.48841965e+00   1.39892052e+00
    1.07310379e+00   2.44437093e-01  -1.76367092e+00  -1.16063336e+00
   -6.39962472e-01   7.84479125e-01  -1.85153695e+00  -1.38202769e+00
   -1.62082380e+00   1.38517603e+00   1.42484048e+00   1.07494209e+00
    2.81962987e-01 
    1.36460544e+00   9.22972758e-01  -9.59309814e-01  -3.08384777e-01
   -8.46740157e-01  -2.97216834e-01  -5.25614928e-01  -3.95627635e-01
    1.60965409e+00   1.51250940e+00  -2.04429079e+00  -1.75168071e+00
   -3.53165862e-01  -1.60964329e+00   2.37812582e+00   7.67900122e-01
   -4.74617875e-01     3.26602686 -0.85639144  0.39601098 -1.90356842 -0.74714348  1.06078683
  -0.62273858 -0.9212116   0.62287395  0.9752384   0.3214228  -2.82518301
  -0.7305604   0.37063334  0.81946489 -1.62623916 -0.31631413  0.23172929
   0.18829563  0.32527268 -0.22099203  2.16821111  0.49041921  1.9965539
  -1.60492687 -0.92934733  0.45264287 -0.17500701 -0.03420979 -0.42870925
   0.31500245 -1.57586985 -0.21029864 
   0.57209911  0.46563955 -0.43257736 -0.14568797  0.9799761  -0.33464746
  -1.3714567   0.97980773 -2.26198557 -0.27029088 -0.91806448  0.1771065
   1.31526169 -0.22985136  1.63609134  0.11538564  0.17873675 -0.78745589
   2.02269124 -2.13877735 -1.57916905  0.32379259  0.43446055  0.14285303
  -1.56221618  0.45468269  0.77135543 -3.98207726  1.25957552 -1.69675164
   0.11491421 -1.2908241   0.09462295 
   0.65043025  0.06778355  2.84063492  0.84683211 -2.01356241 -1.49202142
  -0.91363022 -0.84577418  1.48445348  1.04929465  0.4173282   0.31173167
  -2.28472951 -0.13083645 -0.27758379 -1.21120915  2.1610263  -0.09346743
  -1.42278797  1.25383568 -1.39772613 -2.4442582  -1.10333407  1.22877024
   1.21526851  0.8341424  -2.16180584 -0.56596802  2.01678041 -0.33499794
  -2.37680119  0.8138342  -0.34854301 
  -1.30384671  0.4621594  -1.39847237 -1.01324363  1.49571016  1.29920198
   1.33930368  0.22094866  0.3958559  -0.83839213  2.50077299 -2.26974594
   0.53249507 -1.03328122 -3.31429935 -0.12591202  3.70376139 -0.23634379
   0.23265276 -2.17072493 -1.0513723   0.57299646  0.79511266 -2.88874658
   0.4415655   0.44160566 -0.08624582  0.17264435 -0.34759303  0.26396335
  -1.77678292 -0.60911461 -0.21699007 
  -1.61684547 -1.0565323  -2.09280924 -0.34146213  0.24546866 -0.40442412
   0.15286089 -1.12256412 -0.24809451 -2.74986514  1.36839013 -0.33599832
  -0.2261998  -2.32423298  2.63450706 -1.66399092 -0.02462322 -1.43513529
   2.67725659  0.0169019   1.38931052 -1.36202467 -2.93549895  2.16216082
   2.02431324  1.50186831 -1.48776559 -0.29562858 -0.89781837 -0.37361458
  -1.08656978  1.48917997 -0.124672   
  -0.86501511 -0.17878657  0.78096303  0.73940232  0.94007661 -0.7291873
  -0.41977275 -3.59150232  0.96380662  0.01793312 -0.06412232  0.37708839
  -0.69673879  1.84063119 -0.89208525 -2.05033015 -1.32967976  0.47533993
  -0.11596666 -2.65183211  4.54560045  0.34599171  0.09342981  0.10879825
   0.20959505  0.54812406 -1.50907329 -1.58688705 -3.43317533  0.74313548
  -0.31652115  0.21817326  0.08270607 
   0.84569952 -0.9222158   0.17746043 -1.10908187 -0.37928583 -1.93903657
   1.22867002  0.83526767  0.28335221 -2.08848779 -0.62239954  2.49856532
   3.05429849 -1.45287456 -1.20663695 -3.837493   -1.05392364  0.15037954
  -0.26110742 -0.19301476 -0.84414439 -0.24315438 -0.51009191 -0.59804106
  -1.65821413 -1.72009267  1.13123249  0.09212944  0.3715121   2.64043045
   0.69753481  0.54303984 -0.32935795 
   0.0415764  -0.70621309  2.05045152 -0.60318091  1.56781836 -0.19306023
  -0.98097809 -0.05979687 -0.18216409  0.38353251 -4.06432078  0.11144096
  -0.0620399  -1.47197196 -0.36040764  2.22747047 -2.15082303 -0.53603566
  -2.30850299 -0.34020717 -2.32034919 -0.24421351 -2.68149574  0.194696
  -0.25262743  3.24103309  0.6161255   0.53232274 -1.59353419  0.8711028
   0.96987401 -0.20511256 -0.75636299 
  -1.90036553  2.21498779  1.09851043  1.20981516 -1.97767714 -0.3463114
   1.15323659 -2.21418604  2.00280837  0.29844367  0.50963138 -1.35173384
   1.16703002 -1.47985045  1.99398435  1.28198735 -0.8867515  -2.11032032
  -0.4737083   0.53884352 -1.48976067 -1.62665935  2.04985573 -1.38373297
  -1.73797112 -0.60253365  0.04626684  0.64296677 -1.1788184  -0.14003631
   1.49259273 -1.69929637 -0.53847485 
   0.80155286 -0.71945384 -0.80195893 -1.22494927 -0.11761181  0.21043141
  -0.85485134 -2.26336292 -2.28685362 -2.41253362 -1.76865097  1.67118203
  -2.39297781 -1.43074368  0.04561168  0.02440451  0.76302895  0.01900935
  -2.10907171  1.7554603   1.34921254  1.2468863   0.6898093  -2.60574036
   2.57560745 -0.4964329   1.60594311  0.31287549  2.22713159  0.36675159
   0.1105554  -1.66841599 -0.16558954 
  -0.23897131 -2.52652786  0.30278865  0.6891933  -0.58889443  1.05375846
  -1.02259783 -2.22074969 -1.43597794 -0.07128189  1.11400493  0.22217584
  -2.59887722  1.85922641 -0.42626173  0.15140868  0.53776601 -1.18747005
   0.96082538  1.47568096 -0.73605515 -1.11073709 -1.28387951 -2.56661575
  -1.75527581 -1.6806896   3.20354306  0.90362586 -1.18979463 -0.38513447
   1.51363965  2.36623341 -0.42623406 
  -1.34388226  3.98782036 -1.11887531 -2.48658657 -1.93176444 -1.10224518
  -1.09673981  0.20012671  1.03611039 -2.19896646 -2.53798409  0.23127649
  -0.78964409  1.35159858  0.15143638  1.61258933 -0.80602243 -0.46277665
   0.0210341  -0.7302346   0.74827206  1.82837113 -0.51372825  0.97545707
   0.75461761 -1.68481116 -1.29636294  0.01578495  0.89031161 -0.76718995
   1.46015326  1.12795939 -0.46597672 
  -0.45033522 -0.85886377 -2.47947749 -1.9800199  -1.98815883  0.84370702
   0.10287685 -0.25593336 -0.57139189  3.10222696  0.05062889  2.06114824
  -1.02961174  0.19863703 -0.40681177 -1.26164604 -0.05549613 -1.06071277
  -0.3629994  -1.32818077  0.43179152 -0.41590188 -0.85725933 -0.69721368
   0.06852818 -0.20929817 -1.70816534  0.44114857  1.44624404 -1.15547332
   1.84260635 -0.44184262 -0.20398776 
  -0.31801544 -0.79281648  0.57966145  1.855555   -2.1703713   1.16383717
  -0.1764493   0.9116723   0.92802682 -0.70255251 -0.81166735  0.02468096
  -1.63796669 -0.67827404 -2.43116581  1.88143237 -2.74910046  0.33933165
   0.96786218 -0.76941325  0.71675602 -0.66282844  1.32360172  0.34017215
   0.36810402 -1.97765544  0.91411978 -1.2294963   0.13173033 -0.98952785
  -0.84522963  0.68630084 -0.41037479 
  -0.62756493  1.91809206  0.25593545 -1.06155177 -0.95298568 -0.17116208
   0.91985035  1.40078852 -0.87430255  0.17756417 -0.89532125 -0.65769805
   0.23733643  0.43906705  1.72344488 -1.05366255  0.4498468   0.26407393
  -1.18278962  0.41674036 -0.59737087  0.95169163 -0.2495531  -0.27919387
   0.89203737 -1.22962756 -0.46148272 -0.33094958 -2.11348799 -0.11004666
  -1.68416264 -2.67495533 -0.83782955 
  -0.24046679 -1.62164803 -2.19734995  1.64506677  1.27195666  0.88406342
  -0.47519595 -0.46362591  1.67410391  1.19212156  0.12938118  0.37439974
  -0.2091361   0.21992036 -0.97587061 -0.38428978 -0.23985536 -1.62778307
  -0.84598346  1.54824684 -0.56811301  0.71136981  0.27258725 -1.41241141
  -0.56962169 -1.42348444 -1.52901224 -0.48336597  1.057345   -0.53312652
  -0.80672696 -0.58940538 -0.18714747  