NN 16 32 16   -3.14085443e+00  -6.96901199e-01  -2.44835469e-01   5.23310814e-01
    1.95836074e+00  -8.49444109e-01  -1.41751001e+00  -1.58064616e+00
    2.52421336e+00  -1.46364607e+00  -1.85408026e-01   5.18570945e-01
    7.48436046e-01  -1.81108990e-01   2.84420146e-01  -3.31858647e-01
   -7.15925194e-01 
    4.98227482e-01  -4.66100795e-01  -3.10342790e-01  -4.78091485e-01
    9.10275807e-01  -3.80545438e-01   3.87533330e-02   4.85643486e-01
   -2.24550141e+00   6.95106037e-01   1.67818831e+00  -3.32611104e+00
    4.89717350e-01   6.00779548e-01  -1.76348682e+00   1.10861481e+00
    4.14388632e-01 
   -6.01185136e-01   9.49573199e-02  -2.39764983e+00   1.01020198e+00
    2.21352913e+00  -1.71755140e+00  -4.04552406e-01  -6.27548718e-01
   -1.07666411e+00   3.28512352e-01   5.58937442e-02   1.17421794e-01
    1.46869418e+00  -8.48416829e-01  -1.17749105e-01   1.66020903e+00
    1.50982898e-01 
    1.51670598e+00  -7.79451246e-01  -8.97420389e-01   6.67409652e-01
   -1.05431267e-01  -1.03369734e+00   1.00098871e+00  -2.90171384e-01
   -1.27115184e+00   8.70437725e-01  -1.33976217e+00   1.56484201e+00
    1.60083457e+00  -1.59111467e+00   9.50601099e-01  -1.81481586e+00
   -3.62486308e-01 
   -2.90895375e-01  -1.36386794e+00   1.30670143e+00  -1.00511392e+00
   -2.89074314e-01  -7.39972481e-01   1.41031548e-02  -1.67074572e+00
    1.29848210e+00  -2.87442407e-01  -1.24424645e-01   1.68040202e+00
    1.51741340e+00   1.98522986e+00   6.13314378e-02  -1.40512572e+00
   -7.40951995e-01 
   -3.65965378e-01   1.12885187e+00   1.40520311e+00  -1.19673383e+00
    5.71488612e-01   1.04291558e+00   1.50690765e+00  -6.35434232e-02
    2.43779307e-02  -3.81375944e-01  -1.52505450e+00   5.81796701e-01
   -7.48526035e-01  -1.29155274e+00  -2.41286884e-01  -1.73714915e-01
   -3.12510179e-02 
    6.43364773e-01   1.41298478e+00   1.23940215e+00  -1.72844474e+00
   -5.73384276e-02  -4.10472582e-03  -1.66516972e+00   1.05032212e+00
   -4.71212608e-01   5.87065188e-01   8.60136218e-01   3.28198093e-01
   -2.55455764e-01  -4.44003872e-01  -1.22726878e+00   7.84544900e-01
   -6.14668676e-01 
    5.45042962e-01  -1.30206546e+00   1.03615913e+00  -6.04988149e-01
    6.85676112e-01   3.46865998e+00  -1.52954932e+00  -1.76418108e-01
    2.05549447e+00   2.07487300e+00   5.15849417e-01  -7.04960569e-01
   -7.45391561e-01  -2.41564033e+00  -1.25759705e+00  -9.87978708e-02
   -7.41384115e-01 
    3.95843418e-01   2.33569757e+00  -9.55755972e-01  -5.11845369e-01
    9.05149001e-01  -1.12466929e+00  -9.31467193e-01   1.83786059e-02
   -1.59656421e+00   2.16021276e+00   1.15597009e+00  -1.07627555e+00
    6.69466407e-01  -1.72647597e+00   1.13945629e+00  -1.30661541e+00
   -1.00359173e-01 
   -1.33817409e+00  -1.31559052e-01  -8.59299751e-01   1.29911950e+00
    1.71667259e+00  -9.01193798e-01   1.22627457e+00  -5.63067401e-01
   -8.01144601e-01   1.17957774e+00   1.83814939e-01   1.80274132e+00
   -2.35132681e+00   5.29241866e-01  -3.01025870e-01  -1.20742671e+00
    2.79091786e-01 
   -4.96725583e-01   5.10038810e-01  -3.55568805e-02  -2.60299381e+00
   -1.91813670e+00  -1.12350044e+00   3.52408737e-01   3.64603937e+00
   -9.59309844e-01   5.84867578e-01  -5.62026952e-01   2.44897511e+00
   -8.00448495e-01  -2.52296686e-01   1.46878532e-02   6.38442316e-03
   -6.16729463e-01 
    2.49304282e+00  -8.20125209e-01   5.84653466e-01   1.63893434e+00
    1.30461792e+00  -4.06763688e-01  -1.45546719e+00   6.01059669e-01
    3.32985677e-01  -7.85995297e-01   1.30601778e-01  -6.24906674e-01
   -2.59445617e+00   3.64839775e-01   8.58130164e-01  -6.10232731e-01
   -3.24252618e-02 
   -5.58610957e-02  -1.46356893e+00   1.15637044e+00  -2.72927159e-01
   -7.92630711e-02   3.33419697e-01  -2.93707835e+00   1.79696156e-01
   -1.82307246e+00   8.60944536e-01   2.81817307e+00   2.54714780e-01
   -3.91692382e-01   1.16125952e+00  -5.15061339e-01  -4.98144847e-01
   -1.07261337e+00 
   -3.37570944e-01   2.23229902e-02  -6.34582886e-01   2.47868631e-01
    2.06314586e+00  -1.80853278e+00   8.45755900e-01   7.48242973e-01
    9.28377567e-01   1.60066863e+00  -2.07732574e+00  -1.66993929e+00
   -7.34074761e-01   5.74992675e-01  -3.93876320e-01  -8.76095643e-02
   -6.51286247e-02 
    1.13390163e+00  -1.95953849e+00   5.84587487e-01   2.51649363e+00
   -1.97053063e+00   8.74957217e-01   5.37057967e-01  -6.35923484e-01
   -1.55357015e+00  -4.63559393e-02  -3.62757339e-01  -4.79574715e-01
    7.72957469e-01   2.30710678e+00  -1.67785929e+00  -7.14001458e-02
    6.13256189e-01 
    1.39260488e+00  -1.05248220e+00  -2.96834699e-02   1.07815240e-01
   -1.80876337e-01   3.30907257e-02   2.97473290e+00  -2.68795118e+00
   -1.38340469e+00  -7.51633302e-01  -3.45476997e-01  -8.23549914e-01
    1.42639623e+00  -1.64138333e+00   6.42312588e-01   3.07156393e-01
    4.89784615e-01 
    1.32482629e+00   6.91557624e-01  -2.92902970e+00  -3.61845982e+00
    5.69897020e-01   3.41463390e-02   1.03557420e+00   1.59345386e+00
    4.80950007e-01  -7.33981487e-03  -7.94020975e-01  -7.63828579e-01
   -3.02416405e-01   1.77009238e+00  -5.27852823e-01   8.97785250e-01
    1.18937204e-01 
   -1.38496608e+00   3.73945262e-01  -1.41008391e-01   2.14609630e-01
    6.88266458e-01  -1.08093937e+00  -2.53018568e-03   1.82275917e-01
    1.27757910e+00  -8.47887452e-01   8.78178753e-01  -1.27476738e-01
    7.75343536e-01  -8.64892455e-01  -5.00468942e-01   1.06403398e+00
   -5.51908220e-01 
   -2.63263433e-01  -1.92651185e+00   1.96169137e+00  -2.46861140e-01
   -2.10688302e+00   7.10639147e-01   1.58952403e-01   1.31653351e+00
    4.20781354e-01   1.75544515e+00  -1.66962703e+00  -6.32829650e-01
    5.40074844e-01  -1.04399584e+00   5.65690379e-01   5.64040608e-01
    1.24158748e-01 
   -1.22481508e+00   4.30736761e-01  -9.70271530e-01   1.92423300e+00
   -8.81243185e-01   1.74086203e+00   7.59910023e-01  -1.34192655e+00
   -2.36659140e-01  -1.69505540e+00  -8.48672099e-01   7.08375872e-01
    1.70507694e+00   2.46840392e-01  -1.67818020e-01  -1.76657311e+00
    3.94706139e-01 
    9.77846461e-03   2.38128244e+00   8.95077244e-01  -1.54268426e-01
   -5.58680834e-01  -3.95774268e+00   9.06713086e-01   3.42836060e+00
    1.18758363e+00  -1.79926428e+00   6.63358004e-01  -5.86553663e-01
   -5.29911981e-01  -5.06517691e-01   5.43290402e-01  -5.52255414e-02
   -1.96593606e-01 
   -2.35682870e+00   8.30954634e-01   1.67426939e+00  -4.26411205e-01
    1.66555926e+00  -9.09416523e-01  -5.46885741e-01  -3.98764215e-01
    1.97332453e+00  -1.37248734e+00   1.72127489e-01  -1.70517346e+00
    5.90336848e-01   6.39069050e-01  -1.03662382e+00  -2.65490643e-01
    6.65457522e-01 
   -4.66886032e-01  -4.27873583e-01   5.47841970e-01  -8.94524853e-01
    2.00450408e+00  -1.51554366e+00   2.03453359e-02   2.11730304e+00
   -2.37604385e+00  -7.94589296e-01   8.57235030e-01   5.52279378e-01
    4.46694813e-01  -7.78398025e-01  -4.41060073e-01  -7.69730296e-01
   -4.20209988e-01 
   -1.89293477e+00   2.06934440e-01  -1.42057204e+00   1.97508486e+00
   -1.03531975e+00   9.92030450e-01   5.32892278e-01  -6.41945584e-01
    1.21492361e+00   1.49973051e+00   1.53937678e+00  -1.64533542e+00
    7.14752730e-01  -1.26327175e+00   4.16175135e-01  -1.44639603e-01
   -6.12176043e-01 
    1.51519289e+00   1.49891093e+00  -1.92926299e+00  -4.97199081e-01
   -3.34223526e+00  -9.14549488e-01   7.88720356e-01   4.73477188e-01
    1.15317698e+00  -2.28886436e+00   2.04880887e+00  -9.19414267e-02
    3.10855811e-01  -2.38943774e-01  -7.66990396e-01   4.53522245e-02
   -1.94516473e-01 
    1.44787083e+00   9.59877210e-02  -1.54633894e+00  -2.73419891e-01
   -1.13055971e+00  -4.97093541e-01   2.30373316e+00  -2.90001866e+00
    8.78391141e-02  -3.55942806e-01   3.31072684e-01   1.02125353e+00
   -1.71507459e-01   1.28228778e+00   9.24261720e-01   7.62701537e-01
   -6.37301075e-01 
   -7.33885223e-01  -5.27443044e-01   1.85802144e+00  -3.39758499e-01
    1.22804496e+00   1.53263141e+00  -2.54633521e+00  -1.26878690e-01
    1.98425042e-01  -8.72001565e-01  -2.88325900e+00   2.54895113e-01
    1.55272088e+00  -1.22785045e+00   8.47426521e-02   2.51352104e+00
   -2.33976484e-01 
   -6.95782190e-01   2.38047046e+00   1.21398127e+00   1.52895294e-02
   -1.06591551e+00   2.08192188e+00  -4.59714311e-01  -1.59940914e-01
   -1.03634077e+00  -1.79262352e+00  -3.35572411e-01  -1.61252907e-01
   -8.33057002e-01   5.19166521e-01  -6.10601164e-02   6.67815260e-01
   -4.20781530e-01 
   -4.04752474e-01  -1.20774002e+00  -8.06814243e-01   2.76616846e-02
    3.74486072e-01   2.32097579e+00  -8.42923065e-01   7.61942276e-01
    5.43598224e-01  -2.14680353e+00   1.22556179e+00  -1.83660831e-01
   -1.31977807e+00   5.74404414e-02   2.46910862e+00  -1.23651880e+00
    5.18266197e-01 
   -2.78593571e-01   1.85712844e+00   5.07754669e-01  -7.53862740e-01
    6.92737019e-01  -1.40491921e+00  -2.07197427e+00  -1.44264215e+00
   -1.61970026e-01  -5.94632434e-01  -8.77196275e-02   8.07914711e-01
    6.08541858e-01   4.35621459e-01   1.16457366e-01   1.02903726e+00
    8.12288531e-02 
   -1.14738661e+00   2.60417589e-01   2.45771581e+00   1.27862864e+00
    1.23061081e+00   2.02100336e-01  -1.40996488e+00  -1.04469939e+00
   -6.04026307e-01   7.22121418e-01  -1.84266628e+00  -1.36650071e+00
   -1.47949586e+00   1.32974544e+00   1.27560864e+00   1.02796809e+00
    3.25495324e-01 
    1.19154084e+00   9.57172859e-01  -9.25158594e-01  -3.88300080e-01
   -8.29777168e-01  -3.15901373e-01  -6.82733576e-01  -3.19163835e-01
    1.51555427e+00   1.45124522e+00  -1.90679902e+00  -1.57238691e+00
   -3.68690501e-01  -1.58536374e+00   2.26515349e+00   6.33412890e-01
   -4.96707630e-01      3.08795974e+00  -7.97490827e-01   1.72143712e-01  -1.82318639e+00
   -7.62705901e-01   8.68753460e-01  -4.75006932e-01  -9.01936234e-01
    5.77745977e-01   1.02502446e+00   5.64985262e-01  -2.70991685e+00
   -8.00097799e-01   2.60252078e-01   6.72444184e-01  -1.62192425e+00
   -3.38441280e-01   2.99862843e-01   1.18444204e-01   5.97564234e-01
   -3.03097999e-01   2.26009813e+00   3.90078193e-01   2.00083216e+00
   -1.79555387e+00  -9.65043382e-01   6.47786547e-01  -1.88595265e-01
    1.65988976e-02  -3.89180672e-01   4.52023883e-01  -1.59396753e+00
   -2.20140487e-01 
    5.74433287e-01   3.94213778e-01  -4.70638786e-01  -1.75835081e-02
    1.11106418e+00  -3.58861409e-01  -1.33296230e+00   1.06957964e+00
   -2.33350217e+00  -2.69491837e-01  -9.05265588e-01   2.62077338e-01
    1.31228968e+00  -2.14641240e-01   1.79511790e+00   2.56351853e-01
    1.65719460e-01  -7.05613721e-01   1.90206660e+00  -2.04252780e+00
   -1.53372799e+00   2.90276591e-01   2.84665798e-01   1.23257493e-01
   -1.57827889e+00   5.92038516e-01   6.43741005e-01  -3.70991334e+00
    1.29400990e+00  -1.60411314e+00   1.10929662e-01  -1.36360552e+00
    1.58118275e-01 
    7.73233492e-01   1.09917542e-01   2.79787774e+00   7.96250202e-01
   -1.93600319e+00  -1.37936563e+00  -9.69517705e-01  -8.20552007e-01
    1.52304546e+00   1.12740698e+00   3.26297930e-01   1.70977486e-01
   -2.20410564e+00   1.67232521e-01  -2.80937872e-01  -1.29311552e+00
    2.13888553e+00  -9.46688061e-02  -1.37093064e+00   1.22004742e+00
   -1.31795428e+00  -2.32918282e+00  -1.12473294e+00   1.28395650e+00
    1.21995576e+00   9.30275976e-01  -2.08248043e+00  -6.06080677e-01
    1.77222523e+00  -3.63258003e-01  -2.47210940e+00   8.64296834e-01
   -3.14597514e-01 
   -1.23955848e+00   6.43867539e-01  -1.34963703e+00  -1.03151333e+00
    1.53303851e+00   1.27904286e+00   1.38249001e+00   4.55598192e-01
    3.81114856e-01  -8.91465786e-01   2.35515080e+00  -2.23612732e+00
    6.38968102e-01  -1.08507375e+00  -3.18369445e+00   5.17297625e-03
    3.64315042e+00  -2.27507769e-01   4.93352246e-01  -1.96312260e+00
   -1.11407081e+00   6.60075309e-01   8.57137950e-01  -2.76420553e+00
    4.05960618e-01   5.01789390e-01   7.58497098e-02   2.20166338e-01
   -2.31178497e-01   3.04529101e-01  -1.73086758e+00  -5.21536463e-01
   -1.08143058e-01 
   -1.50683295e+00  -1.10296734e+00  -1.99922824e+00  -3.11965074e-01
    2.60303769e-01  -4.23004161e-01   1.92158038e-01  -1.16218355e+00
   -2.64259426e-01  -2.64248540e+00   1.18196717e+00  -3.57773161e-01
   -2.35429195e-01  -2.31987490e+00   2.48841488e+00  -1.53170098e+00
   -1.15157665e-01  -1.38854026e+00   2.64071239e+00   1.00735204e-01
    1.26264641e+00  -1.31246002e+00  -2.98302967e+00   2.19623824e+00
    2.02756061e+00   1.43693561e+00  -1.57499768e+00  -4.13481286e-01
   -1.01301352e+00  -5.18710073e-01  -1.07542568e+00   1.32297742e+00
   -1.66383350e-01 
   -7.19585334e-01  -7.57825681e-02   6.82080659e-01   7.63113570e-01
    8.12837100e-01  -6.67910788e-01  -4.44046710e-01  -3.50022342e+00
    9.33275001e-01   8.05642270e-02  -5.66078503e-02   9.81403920e-02
   -6.53220310e-01   1.98524259e+00  -9.10940027e-01  -2.07638930e+00
   -1.27461960e+00   3.28418087e-01  -2.23610945e-01  -2.72411788e+00
    4.42127448e+00   3.28768154e-01   3.14946312e-01   7.42977456e-02
   -1.48497717e-01   3.89934212e-01  -1.58909212e+00  -1.52408152e+00
   -3.41055557e+00   5.77745966e-01  -2.35098780e-01   5.21863446e-02
   -2.15436892e-02 
    5.98528496e-01  -6.68936084e-01   2.35577944e-01  -1.23457983e+00
   -4.94984389e-01  -1.67143901e+00   1.38943239e+00   9.48850279e-01
    1.97828883e-01  -2.17806172e+00  -5.35933665e-01   2.24499866e+00
    3.10592449e+00  -1.59995731e+00  -1.21640432e+00  -3.77163589e+00
   -8.75523744e-01   8.50207223e-02  -3.53282829e-01  -3.73847970e-02
   -9.09957789e-01  -4.36790448e-01  -3.74028668e-01  -6.69227848e-01
   -1.61308349e+00  -1.64939549e+00   1.16003512e+00   1.54160959e-01
    3.42678431e-01   2.65992791e+00   6.21064922e-01   7.16809016e-01
   -2.99339130e-01 
    5.12272348e-02  -8.12159877e-01   1.99422793e+00  -5.06838613e-01
    1.57209034e+00  -1.46279251e-01  -8.87785565e-01   8.80000154e-02
   -1.04806994e-01   4.44981229e-01  -3.94061649e+00   1.29623427e-01
   -1.22677583e-01  -1.28742243e+00  -3.10671008e-01   2.21537949e+00
   -2.05034182e+00  -5.29697448e-01  -2.16379764e+00  -3.14258472e-01
   -2.28235639e+00  -2.37219013e-01  -2.63448490e+00   2.00921429e-01
   -2.69944535e-01   3.20870960e+00   7.56216990e-01   5.76211289e-01
   -1.58804803e+00   1.16197771e+00   1.06206066e+00  -1.64041404e-01
   -5.36952167e-01 
   -1.84299063e+00   2.19746630e+00   1.02387254e+00   1.18215264e+00
   -1.84900564e+00  -3.01517427e-01   1.19601367e+00  -2.05665752e+00
    1.97041496e+00   1.81718995e-01   4.76284668e-01  -1.36368902e+00
    1.09873808e+00  -1.44203227e+00   1.97480208e+00   1.39273396e+00
   -8.28196093e-01  -2.01179148e+00  -3.95526481e-01   4.31372693e-01
   -1.42904497e+00  -1.59276460e+00   2.02296848e+00  -1.43081904e+00
   -1.62761084e+00  -6.32490177e-01   2.11500262e-02   6.55115362e-01
   -1.20420480e+00  -1.53180419e-01   1.39051721e+00  -1.59863225e+00
   -5.18260752e-01 
    7.10669800e-01  -7.35570758e-01  -6.56966356e-01  -1.18392864e+00
   -2.17901415e-01   1.15591349e-01  -8.37007580e-01  -2.32982236e+00
   -2.21614079e+00  -2.33103273e+00  -1.74311155e+00   1.61409550e+00
   -2.07351597e+00  -1.35847930e+00  -5.85634681e-02  -1.03386024e-01
    7.23178916e-01   3.57230005e-03  -2.00043580e+00   1.82523053e+00
    1.16096146e+00   1.21779726e+00   6.43295276e-01  -2.51237987e+00
    2.63837782e+00  -4.72410959e-01   1.57591827e+00   2.54866482e-01
    2.14328005e+00   3.80391753e-01   1.23429025e-01  -1.47230676e+00
   -1.16604244e-01 
   -3.36483255e-01  -2.43063828e+00   2.71597579e-01   7.95387471e-01
   -3.84655967e-01   1.06959466e+00  -9.30021353e-01  -2.25661678e+00
   -1.34793779e+00  -3.20018999e-02   1.12268648e+00   3.97539762e-01
   -2.59091813e+00   1.86345135e+00  -3.84560757e-01   2.85004451e-01
    7.10103899e-01  -1.10702765e+00   9.28328205e-01   1.46005070e+00
   -5.94067915e-01  -1.03318099e+00  -1.18332120e+00  -2.56372761e+00
   -1.75222380e+00  -1.48303649e+00   3.04696953e+00   8.36340864e-01
   -1.11848200e+00  -3.79785916e-01   1.42918197e+00   2.24687879e+00
   -2.93652367e-01 
   -1.40822178e+00   3.79644788e+00  -1.12471750e+00  -2.49576584e+00
   -1.99756478e+00  -1.02630684e+00  -1.06195476e+00   2.83017490e-01
    9.27394438e-01  -2.15826293e+00  -2.55672586e+00   8.38040395e-02
   -7.98898542e-01   1.26290036e+00   2.12008404e-01   1.44980006e+00
   -8.45259277e-01  -4.73115489e-01  -6.98245115e-02  -7.45096840e-01
    7.23927497e-01   1.81679492e+00  -4.01134686e-01   8.49512590e-01
    7.72555321e-01  -1.89162501e+00  -1.26616569e+00   9.19771786e-03
    8.04917195e-01  -8.81869164e-01   1.20531328e+00   8.96546297e-01
   -5.48863891e-01 
   -4.51078288e-01  -8.18903607e-01  -2.45137553e+00  -1.93751040e+00
   -1.91517068e+00   8.03322776e-01   1.31668256e-01  -2.25420290e-01
   -5.31594097e-01   2.96622081e+00   3.01634688e-02   2.03701567e+00
   -1.02400944e+00   1.29016953e-01  -3.26146953e-01  -1.22515970e+00
   -5.65252018e-02  -1.03396527e+00  -3.14388426e-01  -1.25682924e+00
    4.60624456e-01  -4.23334011e-01  -8.45321670e-01  -6.55970277e-01
    1.05760836e-01  -1.91488755e-01  -1.66247133e+00   4.38663122e-01
    1.44267226e+00  -1.13434237e+00   1.77957379e+00  -4.46806727e-01
   -1.77691440e-01 
   -3.09681373e-01  -8.04891327e-01   5.93347502e-01   1.80704370e+00
   -2.12119222e+00   1.10220534e+00  -2.17764971e-01   8.60941121e-01
    8.86390762e-01  -6.64507914e-01  -8.39949803e-01   1.41166074e-03
   -1.61038711e+00  -6.65331256e-01  -2.36333439e+00   1.81908502e+00
   -2.69144472e+00   2.94653032e-01   9.23827181e-01  -7.26880222e-01
    6.36342954e-01  -6.80050159e-01   1.26162760e+00   3.38947847e-01
    3.63286526e-01  -1.95139492e+00   8.82252604e-01  -1.21347747e+00
    1.66884337e-01  -9.68748758e-01  -8.22469614e-01   6.43411793e-01
   -4.06147685e-01 
   -6.51179160e-01   1.74228283e+00   2.36243275e-01  -1.02047624e+00
   -9.45911366e-01  -2.17693434e-01   8.31791108e-01   1.24524724e+00
   -7.99928797e-01   1.46370322e-01  -7.88289032e-01  -6.69938895e-01
    2.06104820e-01   4.40873566e-01   1.55326484e+00  -1.01572827e+00
    4.20374801e-01   2.14461162e-01  -1.09171599e+00   3.85992868e-01
   -5.69442366e-01   8.43083582e-01  -2.49640698e-01  -2.68789622e-01
    8.83539749e-01  -1.20677160e+00  -5.45246039e-01  -3.65462441e-01
   -1.92851329e+00  -9.08660578e-02  -1.65116733e+00  -2.54871515e+00
   -8.40027383e-01 
   -3.15531006e-01  -1.55596292e+00  -2.15113434e+00   1.58277136e+00
    1.24991567e+00   8.14231644e-01  -5.15890842e-01  -4.51414611e-01
    1.47973965e+00   1.09085736e+00   1.29586697e-01   3.73006629e-01
   -2.63804139e-01   1.91024625e-01  -8.89943154e-01  -2.64073370e-01
   -2.12854845e-01  -1.58222085e+00  -7.56674508e-01   1.45014907e+00
   -5.75115280e-01   5.98475202e-01   2.17695277e-01  -1.41640995e+00
   -5.25859732e-01  -1.30429258e+00  -1.51741576e+00  -4.89248803e-01
    9.88502500e-01  -5.71012150e-01  -8.34300079e-01  -5.45601793e-01
   -1.88986494e-01  