NN 16 32 16  -3.85354047 -1.17852419  0.02551346  0.4526756   2.35522823 -0.80796274
  -1.990893   -2.23999363  3.50963808 -1.19510175 -0.18505431  0.23065243
   0.91928611 -0.22971357  0.27663074 -0.56016548 -0.87383617 
   0.5306019  -0.47670667 -0.32231862 -0.13736562  1.19164881 -0.29986013
   0.25213172  0.46611279 -2.63225829  0.82255443  2.05149095 -3.97259146
   0.82345106  0.78076513 -2.12483641  1.36657606  0.64317961 
  -0.96764686  0.03261275 -2.52934526  0.89254565  2.67570277 -1.81868821
  -0.62042692 -0.69707342 -0.92750224  0.54950941 -0.27823358  0.33093355
   1.51069448 -0.6677225  -0.18777771  2.10828837  0.21482519 
   1.57053198 -0.71294606 -1.36639856  1.13357123  0.10833313 -1.17318076
   0.7838702  -0.41301149 -1.6104011   0.8422593  -1.49573267  1.75082758
   1.76208831 -1.58305429  1.25228025 -1.90574254 -0.18002641 
  -0.07947367 -1.63921038  1.46133539 -1.18467821 -0.18313397 -0.56499331
   0.01968131 -1.970897    1.24772279 -0.60216161  0.20691687  2.19828549
   1.56778601  2.23361626 -0.14502231 -1.43866789 -0.66478227 
  -0.43860019  1.15109824  1.875345   -1.39006836  0.6551065   1.15749792
   2.0109126  -0.44518798  0.01511791 -0.20878721 -1.95903882  0.6205971
  -0.86519682 -1.46348781 -0.51975699 -0.10698236  0.02403684 
   0.88937023  1.46743109  1.6563003  -1.85413143 -0.00541288  0.17753438
  -1.97708731  1.36749041 -0.58805162  0.5558742   0.8633849   0.32224213
  -0.1757291  -0.47590761 -1.4680683   0.77643766 -0.72885111 
   0.47892304 -1.31803523  1.22714718 -0.44243359  0.67252527  4.21001556
  -2.089487   -0.03178392  2.43669537  2.25454515  0.31884865 -0.34401623
  -0.67386382 -2.72601959 -1.43349328 -0.12872089 -0.68816368 
   0.19869796  2.72237068 -0.70950107 -1.08595745  0.67955333 -1.21184484
  -1.09910855 -0.19849043 -1.69891702  2.42737592  1.37034378 -1.35907769
   0.94270731 -1.78362594  1.469158   -1.58311248 -0.08666578 
  -1.35251473 -0.17667451 -0.58378231  1.22788152  1.68368766 -0.77017145
   1.34981498 -0.98905462 -1.01366576  0.97652963  0.65339885  2.0524345
  -2.80101209  0.50235363 -0.67279242 -1.32962463  0.35058315 
  -0.49180467  0.39826831  0.01678728 -2.82751986 -2.27073343 -1.3706842
  -0.05443996  4.06883342 -1.44267835  0.36842537 -0.42896519  3.16071567
  -1.07738223 -0.38302619 -0.07892336  0.01594048 -0.62283344 
   2.94927097 -0.8376509   0.23372794  1.98536285  1.50129853 -0.54053226
  -1.43348997  0.6230229   0.29423891 -1.29878256  0.49494846 -0.51559414
  -3.01082283  0.46687101  1.09301    -0.94399679 -0.20648972 
  -0.43188228 -2.23887743  1.53468027  0.1814336  -0.17530335  0.32297872
  -3.42888365 -0.20662941 -1.80237645  1.12594346  2.90315404  0.08371662
  -0.51283618  1.22982831 -0.66629574 -0.7551958  -1.33697193 
  -0.48483185  0.26370255 -0.53017027  0.08775183  2.22782065 -2.04220863
   0.94037086  0.9316221   1.07232398  1.55803477 -2.37416065 -1.85111998
  -1.12997111  0.33564287 -0.46605747 -0.14475515 -0.18403131 
   1.63642742 -1.78673366  0.63298468  2.99016728 -2.26910043  0.74271475
   0.36713259 -1.00335043 -1.54213589 -0.18824866 -0.49006653 -0.22879706
   0.87479735  2.35880312 -2.13073091 -0.14069329  0.61620105 
   1.54122249 -1.05539936 -0.20129027 -0.06457231 -0.22912055 -0.33931135
   3.25224437 -3.00929016 -1.25899009 -0.99986147 -0.43523407 -0.83057611
   1.22355783 -1.90667256  0.91280832  0.55893404  0.51120539 
   1.49808372  0.64072039 -3.0119021  -4.30455479  1.05712008  0.08951729
   0.77059343  1.50426241  0.61697485  0.18641212 -0.8176781  -1.05191517
  -0.28732016  1.68695354 -0.50069501  1.17185871  0.29171915 
  -1.47702905  0.46837473 -0.32483747  0.30671161  0.68558181 -1.68039819
   0.12657006  0.32685352  1.50117818 -0.87674763  1.20842885  0.14125467
   0.84109764 -1.07189498 -0.71388988  1.16974112 -0.69692507 
  -0.13980008 -2.48326729  2.26048566 -0.02598912 -2.38811097  0.2918711
  -0.29991402  1.44703437 -0.01540814  1.55271743 -1.68792917 -0.51511277
   0.46973112 -1.21012899  0.56106794  0.59705739  0.06986517 
  -1.25292284  0.45532459 -0.85696624  2.27828167 -0.90530937  1.69971687
   1.1709439  -1.56821522 -0.31264482 -1.79156721 -0.57454073  0.57248604
   1.76002764  0.01724709 -0.28988084 -2.34562407  0.30826977 
  -0.14304913  2.58797972  1.23900679 -0.49661844 -0.09789903 -4.82315204
   1.08435834  3.57957043  1.35239953 -2.26603282  0.74675636 -0.29101898
  -0.39780207 -0.78930326  0.77343303 -0.31079235 -0.2727746  
  -2.62730293  0.819123    1.93150632 -0.1018092   1.62974801 -0.97334448
  -1.43940122 -0.30646523  2.36643598 -1.10589658  0.22241139 -1.84293136
   0.49554856  0.41812301 -1.22129768 -0.48731559  0.60166141 
  -0.42720902 -0.74433278  0.70088313 -0.80795252  2.34031147 -1.22173817
   0.23099008  2.45297032 -2.54372642 -0.593929    1.26851636  0.8061091
   0.39319358 -0.8621312  -0.53076103 -1.17520691 -0.39607162 
  -1.99445957  0.25302135 -1.41170384  2.05179657 -0.96313361  1.10839528
   0.74196013 -0.70072384  0.98861993  1.45284365  1.5477202  -1.90189849
   0.88333214 -1.32857406  0.61020529 -0.30823721 -0.62782528 
   2.19987199  1.59825878 -2.09123938 -1.04296102 -3.76485888 -1.34930985
   0.85083833  0.51128645  1.11826071 -2.54383185  1.92195282 -0.09459997
   0.76916354 -0.31278285 -0.72494679  0.15066425 -0.11783922 
   1.83388101  0.21723178 -2.00090952 -0.17454663 -1.2774488  -0.50295272
   2.89348107 -2.92882201 -0.11191055 -0.32797251  0.34581943  0.92903463
  -0.25289877  1.31540066  0.75899473  1.1947728  -0.54246765 
  -0.66246858 -0.48823355  2.04426806 -0.27219687  1.54353237  2.00954788
  -3.38567409  0.33101515  0.22950848 -0.90472184 -3.27047946  0.25736725
   1.94103884 -1.52599137 -0.17352008  3.0899154  -0.32664376 
  -0.69020691  2.86300262  1.20401658  0.17254892 -1.38350684  1.94142065
  -0.61920594 -0.04061156 -0.93536387 -2.25620721 -0.23882223 -0.00579365
  -0.86210816  0.57882361 -0.0780257   0.77616852 -0.55602437 
  -0.17127664 -1.03028961 -1.26245948  0.15887653  0.03190891  2.56858904
  -0.74283509  0.71095192  0.26469252 -2.71258634  1.32638005 -0.23120288
  -1.38744813  0.04033832  3.24231405 -1.47402383  0.70494036 
  -0.1166188   2.39954545  0.25377487 -0.94706061  0.99840701 -1.70044652
  -2.47927609 -1.43406166 -0.52735698 -0.90467401 -0.12965722  0.94050889
   0.77060319  0.51226566  0.19037554  1.01446865 -0.08455632 
  -1.11019324  0.35390039  2.82159398  1.67865933  0.97202732  0.32121229
  -2.04083992 -1.17559057 -0.67924545  0.86822608 -2.11329781 -1.47268718
  -1.79072588  1.63676963  1.69025357  1.15748076  0.25104063 
   1.5590316   0.94751598 -1.07807448 -0.23977801 -0.80111862 -0.42185736
  -0.56123561 -0.52136608  1.85101038  1.68232277 -2.35286577 -2.00535097
  -0.49380204 -1.71813775  2.48981551  0.82523957 -0.53912346      3.61948991e+00  -1.02026540e+00   3.45915539e-01  -1.98301208e+00
   -8.93370132e-01   1.42941257e+00  -6.56506389e-01  -1.03480441e+00
    5.96689197e-01   7.62483903e-01  -9.64578648e-02  -3.21110118e+00
   -8.48728150e-01   6.23137678e-01   8.86412749e-01  -1.58431929e+00
   -5.03108097e-02   9.44201963e-02   1.14044194e-01   5.93420304e-02
   -2.80029386e-01   1.86613903e+00   6.28730636e-01   2.13544495e+00
   -1.61809088e+00  -8.32678236e-01   3.30597114e-01  -1.93685030e-01
   -1.36820297e-01  -3.32835271e-01   2.33912210e-01  -1.30490465e+00
   -1.10104684e-01 
    4.88210850e-01   4.39263033e-01  -3.54295526e-01  -2.29752734e-01
    1.09813359e+00  -2.75550297e-01  -1.31837031e+00   1.01013750e+00
   -2.09425379e+00  -1.35317491e-01  -7.56339031e-01   1.22361539e-02
    1.16684959e+00  -2.42223264e-01   1.52650662e+00   1.23384394e-01
   -1.80832081e-02  -9.63209188e-01   2.05551911e+00  -2.01708422e+00
   -1.27251454e+00   2.70921177e-01   5.91241861e-01  -4.33025846e-02
   -1.29287941e+00   7.68645285e-01   7.48583994e-01  -4.32675004e+00
    1.36266928e+00  -1.72910361e+00   7.18067646e-02  -1.28991725e+00
    2.89870981e-01 
    6.69181594e-01   2.11169577e-02   2.71418738e+00   1.02718649e+00
   -1.86911888e+00  -1.94919827e+00  -1.05182737e+00  -9.62332170e-01
    1.37286322e+00   1.03234765e+00   3.73245713e-01   5.86187764e-01
   -2.09421040e+00   2.36085181e-03  -4.47567261e-01  -1.17418529e+00
    2.23353695e+00  -1.09739440e-02  -1.38943858e+00   1.24689427e+00
   -1.28552225e+00  -2.46000833e+00  -1.13452956e+00   1.21453932e+00
    1.23952832e+00   7.23454848e-01  -2.47321884e+00  -5.86788506e-01
    2.17137672e+00  -2.62114913e-01  -2.30928362e+00   9.39312978e-01
   -3.90666209e-01 
   -1.51295959e+00   2.38367520e-01  -1.47899456e+00  -1.02558943e+00
    1.87048962e+00   1.24272935e+00   1.22485804e+00   2.16497178e-01
    5.06834092e-01  -8.54184708e-01   2.77716492e+00  -2.07315202e+00
    3.26171811e-01  -9.33482049e-01  -3.22876350e+00   2.64153370e-01
    3.75248380e+00  -1.62890163e-01   1.17010166e-01  -2.20071791e+00
   -1.04392005e+00   5.67696724e-01   8.74421450e-01  -2.94093208e+00
    5.35743320e-01   5.42881355e-01  -1.37408557e-01   1.23737381e-01
   -2.83697897e-01   1.64962868e-01  -1.77459556e+00  -6.64957306e-01
   -1.90802471e-01 
   -1.98438710e+00  -1.18599335e+00  -2.27547127e+00  -5.42178528e-01
    1.20947149e-01  -4.10212681e-01  -3.21683441e-02  -1.31138273e+00
   -2.56120658e-01  -2.91394446e+00   1.36315785e+00  -5.96055342e-01
   -1.28684099e-01  -2.45520814e+00   2.81218742e+00  -1.72806825e+00
   -2.54753846e-01  -1.55799441e+00   2.45150610e+00  -2.30508937e-01
    1.17975601e+00  -1.25913509e+00  -3.23785263e+00   2.00556109e+00
    2.08572393e+00   1.31171178e+00  -1.59295493e+00  -8.96939809e-02
   -4.16307753e-01  -1.66753164e-01  -1.26662192e+00   1.72629870e+00
   -2.58634671e-01 
   -1.53332613e+00  -1.14591385e-01   6.46648994e-01   3.82434522e-01
    1.05937214e+00  -6.58985175e-01  -3.62418137e-01  -3.51540305e+00
    1.18880901e+00   5.88275978e-02  -1.36469073e-01   4.44320263e-01
   -9.55426583e-01   2.06222589e+00  -8.19287080e-01  -2.08096245e+00
   -1.35765719e+00   6.28750753e-01  -5.41300900e-02  -2.53101452e+00
    4.56818085e+00   4.30217812e-01  -5.34892110e-02  -6.98671260e-02
    2.58421142e-01   6.05295483e-01  -1.31975861e+00  -1.64737582e+00
   -3.74868860e+00   7.50955675e-01  -1.08737788e-01   4.64200810e-01
    3.95279935e-02 
    8.08224145e-01  -1.28372096e+00  -2.44510057e-02  -1.04893704e+00
   -1.02658986e-01  -2.30938663e+00   1.10635907e+00   8.66495746e-01
    5.95529451e-01  -2.04456433e+00  -7.10058075e-01   2.55855268e+00
    2.95938132e+00  -1.66314933e+00  -1.15342677e+00  -3.91356155e+00
   -1.06895547e+00  -3.36736489e-02  -2.68517026e-01  -5.69228413e-01
   -9.19156270e-01  -1.71517632e-01  -2.92354682e-01  -6.21195072e-01
   -1.38853177e+00  -1.94552249e+00   1.01875988e+00   3.35012785e-01
    3.30919428e-01   2.88771599e+00   7.53400285e-01   2.63198440e-01
   -4.48775570e-01 
    6.74720905e-02  -7.63936104e-01   2.03697990e+00  -6.16354819e-01
    1.74686230e+00   2.19289561e-02  -9.72537747e-01  -1.57185595e-01
   -3.01465822e-01   5.07983661e-01  -4.34484494e+00   1.84067274e-01
   -1.00663316e-02  -1.93011619e+00  -5.45817208e-01   2.34632106e+00
   -2.23027106e+00  -4.19258261e-01  -2.32890612e+00  -3.18076891e-01
   -2.39376536e+00  -1.19505706e-01  -2.94697674e+00   3.06412379e-01
   -4.10659974e-01   3.55348981e+00   3.58821042e-01   6.22155175e-01
   -1.42568739e+00   7.22008405e-01   1.11995425e+00  -1.17421855e-01
   -9.50557804e-01 
   -2.03367595e+00   2.35369980e+00   1.18121493e+00   1.34484855e+00
   -2.06939765e+00  -2.32808596e-01   1.23292024e+00  -2.30665744e+00
    2.25689956e+00   3.66497898e-01   7.19596593e-01  -1.55899715e+00
    1.09234660e+00  -1.65794952e+00   1.92389602e+00   1.22026442e+00
   -8.38801028e-01  -2.37004344e+00  -3.21010564e-01   5.04168164e-01
   -1.49704848e+00  -1.70987873e+00   2.16169634e+00  -1.29156373e+00
   -2.03114387e+00  -4.56119045e-01   1.83250321e-02   4.53332767e-01
   -1.41647722e+00  -7.61145815e-02   1.61611374e+00  -1.82502239e+00
   -5.75831145e-01 
    1.06638476e+00  -9.23443403e-01  -8.89479444e-01  -1.37313247e+00
   -9.08929941e-02   1.66536657e-01  -9.32336062e-01  -2.47739640e+00
   -2.47350252e+00  -2.68112041e+00  -1.81003492e+00   1.82879557e+00
   -2.50173115e+00  -1.42201856e+00   2.06612875e-01   2.09695778e-01
    6.00397170e-01  -3.50926100e-02  -2.16659785e+00   1.71059920e+00
    1.34807796e+00   1.25250002e+00   5.39871995e-01  -2.57343088e+00
    2.75455238e+00  -7.92107004e-01   2.08150629e+00   4.30829532e-01
    2.47649783e+00   4.23344806e-01  -5.52661876e-02  -1.85700848e+00
   -3.57995560e-01 
   -1.70059454e-01  -2.86731874e+00   3.61408066e-01   9.47292733e-01
   -5.96237518e-01   1.24898485e+00  -1.13815538e+00  -2.27644918e+00
   -1.74838248e+00  -1.00821320e-01   1.20555649e+00   7.86954040e-02
   -2.63845751e+00   1.79741905e+00  -3.63618190e-01   2.43587001e-01
    5.36194762e-01  -1.28209616e+00   1.02311480e+00   1.60737069e+00
   -7.57299536e-01  -1.38547269e+00  -1.36588470e+00  -2.80400160e+00
   -1.66522273e+00  -1.60391300e+00   3.45548712e+00   9.98651246e-01
   -1.16737022e+00  -3.61642821e-01   1.55731898e+00   2.50875691e+00
   -5.08163638e-01 
   -1.16173650e+00   4.41635484e+00  -1.26800083e+00  -2.56354984e+00
   -2.13115236e+00  -1.16597834e+00  -1.12214646e+00   1.26022698e-02
    1.14082370e+00  -2.33712437e+00  -2.62561461e+00   3.20215493e-01
   -6.81195134e-01   1.41010380e+00  -2.07876518e-01   1.60359994e+00
   -6.93167599e-01  -5.67539125e-01  -3.81833343e-03  -8.97007338e-01
    7.79113518e-01   1.87312684e+00  -6.47148492e-01   9.77486068e-01
    5.64168640e-01  -1.65857387e+00  -1.43798779e+00   2.65140233e-02
    1.06702951e+00  -8.32065758e-01   1.72546013e+00   1.29415044e+00
   -5.81197783e-01 
   -4.35794316e-01  -9.41840156e-01  -2.54066029e+00  -2.07634323e+00
   -2.08099602e+00   9.37570983e-01  -2.74205892e-02  -1.75511553e-01
   -6.79343237e-01   3.44898570e+00   4.63401103e-02   2.17692385e+00
   -1.00231298e+00   3.20357549e-01  -5.05515701e-01  -1.31066152e+00
   -7.26067351e-02  -1.12001307e+00  -4.33493278e-01  -1.46643637e+00
    3.30024408e-01  -3.66740275e-01  -8.90056309e-01  -7.24016518e-01
   -6.69071789e-02  -1.92712031e-01  -1.85565979e+00   4.60179497e-01
    1.56822826e+00  -1.24351709e+00   2.00891852e+00  -4.43840796e-01
   -2.27458145e-01 
   -2.61683268e-01  -7.95407679e-01   5.53632728e-01   1.94945793e+00
   -2.31011454e+00   1.28256077e+00  -2.20927031e-01   1.05856875e+00
    9.61525379e-01  -7.28502965e-01  -9.05853670e-01   7.59769801e-02
   -1.68676833e+00  -7.25204024e-01  -2.61706785e+00   2.08816101e+00
   -2.98805382e+00   4.30644615e-01   1.01697937e+00  -8.30709968e-01
    8.00289717e-01  -5.91312438e-01   1.42643904e+00   3.76995217e-01
    2.76470291e-01  -2.06377232e+00   9.43134349e-01  -1.32784979e+00
    3.81247264e-02  -1.09566482e+00  -8.80756161e-01   7.25247367e-01
   -5.04317350e-01 
   -6.02363127e-01   2.15578516e+00   3.20603171e-01  -1.07629807e+00
   -9.60448865e-01  -2.03466764e-01   9.42899183e-01   1.51057317e+00
   -1.04630551e+00   2.19554146e-01  -9.72426408e-01  -6.46834604e-01
    2.18467610e-01   4.06623791e-01   1.93958463e+00  -1.14916353e+00
    4.91389943e-01   2.84808877e-01  -1.31306774e+00   4.20387646e-01
   -6.98495037e-01   9.84000446e-01  -3.30379567e-01  -3.47177138e-01
    9.88776865e-01  -1.23859118e+00  -4.26844269e-01  -3.98178477e-01
   -2.48419795e+00  -1.56063877e-01  -1.86869161e+00  -2.87299606e+00
   -9.22233788e-01 
   -1.88430922e-01  -1.74904689e+00  -2.35988711e+00   1.89680751e+00
    1.32886291e+00   8.90757493e-01  -4.60466847e-01  -4.99709714e-01
    1.94701717e+00   1.23284100e+00   1.42961363e-01   4.29938209e-01
   -1.30767619e-01   2.47051073e-01  -1.06586728e+00  -5.28828736e-01
   -2.60695075e-01  -1.83199460e+00  -9.42796568e-01   1.63837541e+00
   -5.10200387e-01   7.47237159e-01   3.49166780e-01  -1.52886410e+00
   -5.42992002e-01  -1.56349210e+00  -1.63014586e+00  -6.00623779e-01
    1.09862444e+00  -5.08826010e-01  -8.90213588e-01  -6.37702198e-01
   -2.31534312e-01  