NN 16 32 16   -4.12867547e+00  -1.11884278e+00   1.91223003e-01   5.57511809e-01
    2.75740591e+00  -9.46162609e-01  -2.36496666e+00  -2.15863200e+00
    3.50927285e+00  -1.19262427e+00  -2.90733472e-01   3.16414453e-01
    9.71949988e-01  -1.55973794e-01   3.50831856e-01  -5.91416579e-01
   -8.71296085e-01 
    7.56774038e-01  -5.93922500e-01  -4.10763425e-01  -9.93639911e-03
    9.10688422e-01  -3.01398160e-01   3.53523762e-01   3.94103291e-01
   -2.83585274e+00   8.03479542e-01   2.36730176e+00  -4.20941008e+00
    8.67673919e-01   7.01816661e-01  -2.36449223e+00   1.38043036e+00
    6.48806276e-01 
   -1.27181076e+00   2.95947660e-01  -2.46519064e+00   8.13592399e-01
    2.98473077e+00  -1.93527947e+00  -7.45386566e-01  -9.04399524e-01
   -9.43508248e-01   8.19631939e-01  -5.41154213e-01   2.24523741e-01
    1.49629480e+00  -6.49396091e-01  -2.54275522e-01   2.17971275e+00
    2.03920062e-01 
    1.76243956e+00  -8.69546487e-01  -1.46135864e+00   1.09070137e+00
    2.23352449e-01  -1.19005996e+00   8.46740019e-01  -4.41437201e-01
   -1.66027558e+00   9.23713013e-01  -1.57401413e+00   1.76069264e+00
    1.80111629e+00  -1.71247488e+00   1.26812235e+00  -2.03295007e+00
   -1.77414318e-01 
   -1.56956443e-01  -1.86127182e+00   1.50952000e+00  -1.37199156e+00
   -1.13120759e-01  -7.81736985e-01  -1.40011579e-01  -2.13626950e+00
    1.26923441e+00  -5.91948835e-01   1.07907672e-01   2.13247091e+00
    1.54349386e+00   2.28188182e+00  -2.27902728e-01  -1.52712892e+00
   -7.27613678e-01 
   -4.62072742e-01   1.22027780e+00   2.07928350e+00  -1.16347254e+00
    7.67230025e-01   1.17301294e+00   2.22159971e+00  -5.17146401e-01
   -4.53074808e-02  -2.01992593e-01  -2.21146997e+00   4.88428535e-01
   -8.57563828e-01  -1.45904317e+00  -4.65075836e-01   2.01696931e-02
    1.34148791e-01 
    1.11745731e+00   1.62640716e+00   1.65812771e+00  -2.01920469e+00
   -1.83559712e-01   2.87721406e-01  -2.03517255e+00   1.62660610e+00
   -5.46205709e-01   5.09766189e-01   9.73182431e-01   1.41356123e-01
   -1.27011263e-01  -4.67615140e-01  -1.45209847e+00   8.24598336e-01
   -7.42107363e-01 
    9.09942446e-01  -1.40040653e+00   1.31430276e+00  -4.85476230e-01
    5.91784740e-01   4.31988327e+00  -2.32002771e+00  -2.31658943e-01
    2.69226690e+00   2.41562633e+00   2.02634776e-01  -3.20737284e-01
   -6.27352545e-01  -2.92998746e+00  -1.47724881e+00  -1.55839811e-01
   -6.92099390e-01 
    1.60577752e-01   2.81872545e+00  -7.07790815e-01  -1.12116237e+00
    7.33045856e-01  -1.27599280e+00  -1.22327815e+00  -2.18761025e-01
   -1.75056601e+00   2.48335044e+00   1.56312015e+00  -1.17760720e+00
    1.04064672e+00  -1.85047593e+00   1.54311528e+00  -1.71550960e+00
   -1.05494062e-01 
   -1.33428225e+00  -3.10913960e-01  -6.84099236e-01   1.10543367e+00
    1.78447508e+00  -8.99584567e-01   1.33380892e+00  -7.50406355e-01
   -1.10323840e+00   8.31409509e-01   9.51315637e-01   2.27065892e+00
   -2.97000538e+00   4.63452318e-01  -8.21596701e-01  -1.34845776e+00
    4.11217238e-01 
   -6.78667397e-01   5.86376630e-01   9.18372444e-02  -2.81385939e+00
   -2.51034808e+00  -1.41666874e+00   1.06083452e-01   4.50525852e+00
   -1.55546796e+00   4.32268070e-01  -4.32480641e-01   3.19034177e+00
   -1.17385572e+00  -4.16761132e-01  -8.31468559e-02   7.20492016e-02
   -5.98673813e-01 
    3.28317791e+00  -7.68455525e-01   2.03755260e-01   2.05772686e+00
    1.64304409e+00  -7.35288949e-01  -1.19921992e+00   7.44316025e-01
    4.07078660e-01  -1.21400074e+00   6.78176846e-01  -4.61718433e-01
   -3.02367714e+00   6.00006204e-01   1.24237400e+00  -1.03930901e+00
   -2.16383199e-01 
   -1.36866401e-01  -2.66572751e+00   1.60263236e+00  -9.14702477e-02
   -1.67265690e-01   4.10697150e-01  -3.56431265e+00  -4.41108793e-01
   -1.88044456e+00   1.10970876e+00   3.09065690e+00  -2.25806525e-03
   -5.42844411e-01   1.22965928e+00  -5.76830420e-01  -8.16538684e-01
   -1.38714939e+00 
   -6.71410588e-01   5.22157411e-01  -5.51390831e-01   4.44878536e-02
    2.33341149e+00  -2.15269605e+00   1.19185939e+00   1.03857464e+00
    1.09655574e+00   1.57556138e+00  -2.30718135e+00  -1.66649358e+00
   -1.19425490e+00   2.71785569e-01  -4.43555187e-01  -1.19648163e-01
   -1.65103667e-01 
    1.78005387e+00  -1.76149891e+00   6.80100054e-01   3.21003652e+00
   -2.35512280e+00   8.04924291e-01   4.07557000e-01  -9.69006663e-01
   -1.50650476e+00   1.12828825e-02  -6.20091029e-01  -3.00062567e-01
    7.32438419e-01   2.43926990e+00  -2.25675132e+00  -1.89836219e-01
    6.10024838e-01 
    1.64528722e+00  -1.20366468e+00  -3.45700558e-01   2.35481102e-01
   -2.72854061e-01  -2.68555303e-01   3.21865511e+00  -3.04281777e+00
   -1.02278954e+00  -1.01268313e+00  -4.93661917e-01  -8.72468108e-01
    1.20984854e+00  -2.03176126e+00   9.72139235e-01   7.10276917e-01
    5.83465758e-01 
    1.61614097e+00   8.49938583e-01  -2.95178302e+00  -4.59444984e+00
    1.25199998e+00   1.33349511e-01   6.33698409e-01   1.65201785e+00
    7.50273911e-01   2.93961130e-01  -7.39114133e-01  -1.30584685e+00
   -2.78881529e-01   1.66646744e+00  -4.77113052e-01   1.32621195e+00
    3.91403542e-01 
   -1.65557523e+00   5.08400313e-01  -1.53185026e-01   3.81313472e-01
    7.10638895e-01  -1.97144630e+00   4.73360661e-01   2.48262421e-01
    1.52782072e+00  -1.00059823e+00   1.47385661e+00   4.15964083e-01
    9.09813258e-01  -1.10276815e+00  -7.42152972e-01   1.26641860e+00
   -7.03000793e-01 
   -1.03976887e-01  -2.43543792e+00   2.17722885e+00  -6.10036738e-03
   -2.54851233e+00   2.59924010e-01  -2.84935638e-01   1.77340573e+00
    1.04574510e-01   1.59409911e+00  -1.72411278e+00  -5.41446272e-01
    6.15773422e-01  -1.07478717e+00   6.61656251e-01   6.90723551e-01
    1.47115848e-01 
   -1.36904555e+00   6.12710651e-01  -7.88750760e-01   2.40293421e+00
   -8.03112564e-01   2.00117179e+00   1.11790447e+00  -1.79189558e+00
   -5.92421746e-02  -1.63343412e+00  -4.21715086e-01   7.43806932e-01
    1.80332184e+00  -1.72287549e-01  -2.87059336e-01  -2.45870435e+00
    3.65911367e-01 
   -2.47213274e-01   2.76975339e+00   1.20878630e+00  -4.83500378e-01
   -6.60199353e-02  -4.89270857e+00   1.30443461e+00   3.65138962e+00
    1.37144027e+00  -2.70720013e+00   8.24153104e-01   1.16310241e-01
   -3.45414512e-01  -7.55156665e-01   9.10070273e-01  -3.00428436e-01
   -2.10318654e-01 
   -2.80977203e+00   8.30098564e-01   2.21818583e+00   3.56469392e-02
    1.69095170e+00  -1.01898701e+00  -1.55682137e+00  -2.52166478e-01
    2.36365384e+00  -1.12064090e+00   3.10734635e-01  -1.80675318e+00
    4.07764010e-01   5.12779120e-01  -1.20837369e+00  -4.79302037e-01
    6.53126350e-01 
   -2.03885089e-01  -7.12144081e-01   6.15214199e-01  -8.07758129e-01
    2.51655276e+00  -1.12276349e+00   2.72138701e-01   2.54750416e+00
   -2.59040477e+00  -8.62960792e-01   1.48768754e+00   1.01631918e+00
    3.66920693e-01  -8.08590137e-01  -4.63849966e-01  -1.23886175e+00
   -3.34832249e-01 
   -2.04870618e+00   1.06698525e-01  -1.46025951e+00   2.09747510e+00
   -8.94557959e-01   1.13301900e+00   8.21253673e-01  -9.05064316e-01
    1.04984882e+00   1.36350209e+00   1.86891510e+00  -1.66619589e+00
    8.72300026e-01  -1.47527200e+00   5.53094421e-01  -4.42151135e-01
   -7.13409848e-01 
    2.20282540e+00   1.79360203e+00  -2.28856080e+00  -1.22087302e+00
   -3.76647062e+00  -1.60003198e+00   8.99128331e-01   6.29482834e-01
    1.42006625e+00  -2.37024714e+00   1.88358657e+00  -1.40601264e-01
    8.47551837e-01  -3.20187746e-01  -7.16988922e-01   2.17744853e-01
   -8.33275119e-02 
    1.89101372e+00   4.53060452e-01  -2.22327977e+00   2.03426576e-01
   -1.07302150e+00  -6.06268328e-01   2.92494548e+00  -3.08307955e+00
   -2.62299620e-01  -2.17012292e-01   2.95531952e-01   9.23560755e-01
   -1.14164550e-01   1.40020377e+00   7.73374259e-01   1.40472986e+00
   -4.39821710e-01 
   -7.38472366e-01  -3.15774062e-01   2.05066797e+00  -3.91141621e-01
    1.87021353e+00   2.02730145e+00  -3.50142736e+00   2.59216858e-01
    2.98523002e-01  -9.46174308e-01  -3.55482125e+00   1.83028760e-02
    2.01423730e+00  -1.58333065e+00  -2.22055111e-01   3.27058140e+00
   -3.57914988e-01 
   -6.84982482e-01   3.11048977e+00   1.22779881e+00   2.41921192e-01
   -1.41655464e+00   1.84581457e+00  -7.85604660e-01   1.62428945e-01
   -9.82801219e-01  -2.43883480e+00  -1.62209286e-01  -1.44304737e-02
   -9.79076124e-01   6.40503604e-01  -1.39474160e-01   7.54386819e-01
   -6.50137539e-01 
   -2.34533254e-01  -9.22463388e-01  -1.37514076e+00   2.73499010e-02
   -1.49625122e-01   2.70572195e+00  -7.09846970e-01   9.25508761e-01
    3.21259189e-01  -2.93494808e+00   1.07830606e+00  -2.40378831e-01
   -1.56749841e+00  -4.83934314e-02   3.37034403e+00  -1.61355896e+00
    7.19237394e-01 
   -1.28124669e-01   2.67782528e+00   1.27513204e-01  -9.42115274e-01
    1.01830022e+00  -1.73892282e+00  -2.53799992e+00  -1.21802233e+00
   -6.02463830e-01  -9.83252445e-01  -1.60817726e-01   9.71390887e-01
    8.09364881e-01   5.58461650e-01   3.01885164e-01   1.03820292e+00
   -1.13848939e-01 
   -8.68582922e-01   8.73435672e-02   3.24959300e+00   1.64472457e+00
    7.47814709e-01   4.92251954e-01  -2.25365712e+00  -1.53414686e+00
   -7.89277077e-01   7.43895135e-01  -2.20314014e+00  -1.52981144e+00
   -1.95050148e+00   1.76203847e+00   1.82797796e+00   1.18688785e+00
    2.06625996e-01 
    1.61811742e+00   1.03279299e+00  -1.21331547e+00  -1.59071284e-01
   -9.05402670e-01  -1.12615440e-01  -4.32117518e-01  -5.69415884e-01
    1.85891512e+00   1.82473374e+00  -2.44063849e+00  -2.14802411e+00
   -4.64344591e-01  -1.83869701e+00   2.53749242e+00   8.90163840e-01
   -5.44336958e-01      3.73525433e+00  -1.12067146e+00   4.42917248e-01  -2.06695290e+00
   -9.03910265e-01   1.54283746e+00  -7.94682412e-01  -1.05252037e+00
    3.31613980e-01   6.12178719e-01  -1.83414510e-01  -3.23364437e+00
   -7.52140216e-01   6.42216318e-01   1.07894122e+00  -1.45822019e+00
   -1.29761743e-01   3.63991450e-03   1.97823976e-01  -1.22859542e-01
   -2.77411358e-01   1.80247225e+00   7.62193642e-01   2.10152703e+00
   -1.37370006e+00  -9.54997433e-01   3.32104961e-01  -8.27084405e-02
    6.14641192e-03  -2.45601185e-01   1.63334779e-01  -1.17759583e+00
   -1.83971015e-02 
    6.46469472e-01   3.27257004e-01  -2.14772784e-01  -3.89180075e-01
    1.08321545e+00  -3.67120258e-01  -1.39667245e+00   8.80011992e-01
   -2.02801795e+00  -2.44318737e-01  -8.19833442e-01  -4.86494757e-02
    1.10998473e+00  -7.65278449e-02   1.38117554e+00  -9.16807361e-02
   -1.04626711e-01  -1.22144064e+00   1.97828663e+00  -2.07154915e+00
   -1.44598880e+00   2.71136530e-01   3.94130990e-01   7.29448617e-02
   -1.35521641e+00   6.75325520e-01   7.78645884e-01  -4.61765394e+00
    1.52024371e+00  -1.65459022e+00   1.51924271e-01  -1.20317737e+00
    2.73206071e-01 
    6.32032716e-01  -1.46538511e-01   2.91291607e+00   1.25395772e+00
   -1.78461194e+00  -1.96880013e+00  -1.30591848e+00  -8.34383910e-01
    1.27026155e+00   1.01701302e+00   2.81502256e-01   5.70924372e-01
   -2.10918879e+00   7.08770800e-03  -4.60482096e-01  -1.22700117e+00
    2.13971736e+00   1.06228492e-01  -1.39813248e+00   1.45914485e+00
   -1.30284881e+00  -2.49022507e+00  -9.77977845e-01   1.21097203e+00
    1.25624205e+00   7.29424869e-01  -2.58501770e+00  -4.35743972e-01
    2.26757791e+00  -7.11511318e-02  -2.22516202e+00   9.21592812e-01
   -3.26209884e-01 
   -1.51640256e+00   3.55751513e-01  -1.50222451e+00  -9.76024740e-01
    2.00838976e+00   1.32099998e+00   1.20885148e+00   8.82975664e-02
    5.31618294e-01  -8.06251287e-01   2.93355583e+00  -1.93174445e+00
    3.14867167e-01  -8.26642164e-01  -3.14454329e+00   3.53269296e-01
    4.00343328e+00  -8.71550551e-02   1.06984824e-01  -2.21593672e+00
   -9.32409505e-01   5.87644134e-01   8.90989766e-01  -2.83691329e+00
    7.07449415e-01   5.39859458e-01   7.18991446e-02   1.43081732e-01
   -1.60490434e-01   2.53923477e-01  -1.63222398e+00  -5.07693377e-01
   -9.53070974e-02 
   -2.05724879e+00  -1.15488179e+00  -2.34840626e+00  -5.72916549e-01
   -1.25856630e-01  -4.14345633e-01  -2.59562206e-02  -1.18516809e+00
   -2.33810972e-01  -3.13339616e+00   1.57446345e+00  -6.33202788e-01
   -1.71800811e-01  -2.62771663e+00   2.98076776e+00  -1.79926678e+00
   -5.38945067e-02  -1.74019350e+00   2.55232971e+00  -3.82984901e-01
    1.08462062e+00  -1.22332435e+00  -3.39490095e+00   2.15240212e+00
    1.82428857e+00   1.18024752e+00  -1.53432197e+00   5.69740676e-02
   -1.25265240e-01  -7.58504242e-02  -1.11757950e+00   1.97407482e+00
   -1.93364852e-01 
   -1.63407262e+00  -2.55493513e-01   6.63504752e-01   3.27137289e-01
    1.27311572e+00  -6.63510349e-01  -5.35879172e-01  -3.67267944e+00
    1.10950640e+00   2.11600862e-01  -3.32501003e-01   4.64996893e-01
   -9.79485881e-01   1.90239009e+00  -6.35054279e-01  -2.08829212e+00
   -1.33891902e+00   7.46123792e-01  -2.83193256e-01  -2.46057428e+00
    4.32837487e+00   4.69130015e-01  -2.33785297e-01  -2.54187265e-01
    5.57783374e-01   7.10149119e-01  -1.21741083e+00  -1.79231319e+00
   -3.72353147e+00   8.08848670e-01  -1.69857745e-01   3.16821687e-01
    6.46531934e-02 
    8.82589270e-01  -1.52550330e+00  -6.80753621e-02  -8.55884312e-01
   -1.82895812e-01  -2.64210800e+00   9.96015917e-01   1.00395709e+00
    5.95455574e-01  -2.07896052e+00  -5.65309169e-01   2.76976188e+00
    2.92276810e+00  -1.60441827e+00  -1.13999590e+00  -3.99366767e+00
   -7.79852623e-01  -2.72931611e-04  -1.25162986e-02  -7.41596205e-01
   -8.12454714e-01  -1.30769556e-01  -3.80938436e-01  -8.04297594e-01
   -1.37401127e+00  -2.08709905e+00   8.89240508e-01   3.50186613e-01
    4.95799356e-01   2.73162404e+00   1.00431545e+00   2.58490837e-01
   -4.79181600e-01 
    1.14834442e-01  -7.14236551e-01   2.11610523e+00  -7.23864716e-01
    1.76197100e+00  -8.21488214e-02  -9.97965243e-01  -1.76664205e-01
   -2.84064622e-01   4.53393161e-01  -4.41226682e+00   1.57212877e-01
    2.72684690e-01  -1.92567492e+00  -5.75504127e-01   2.25595455e+00
   -2.60735450e+00  -5.78255435e-01  -2.26998907e+00  -2.27864351e-01
   -2.79034922e+00  -9.80726825e-02  -3.09303769e+00   2.99901225e-01
   -4.19013172e-01   3.42345455e+00   3.00994069e-01   6.42820977e-01
   -1.49204472e+00   7.12504682e-01   1.15081141e+00  -1.56887143e-01
   -1.20988960e+00 
   -2.16922842e+00   2.51803349e+00   1.20076817e+00   1.57613652e+00
   -2.07924963e+00  -2.46868450e-01   1.26223831e+00  -2.39456082e+00
    2.40748372e+00   2.92125333e-01   7.68403375e-01  -1.62652849e+00
    1.06949517e+00  -1.69211071e+00   1.86334508e+00   1.25434945e+00
   -6.51000244e-01  -2.59896205e+00  -3.53751533e-01   5.24530865e-01
   -1.51919841e+00  -1.86233360e+00   2.18240990e+00  -1.24380472e+00
   -1.95033480e+00  -3.25123432e-01  -1.92984026e-02   3.29187115e-01
   -1.42796863e+00  -2.35466796e-02   1.49315151e+00  -1.94536833e+00
   -5.63802400e-01 
    1.18800144e+00  -1.00563873e+00  -9.72483382e-01  -1.57377214e+00
   -1.41197114e-01   1.29942718e-01  -1.04797921e+00  -2.58886332e+00
   -2.66180220e+00  -2.61428380e+00  -1.93937469e+00   1.99327228e+00
   -2.58167686e+00  -1.43982941e+00   2.83505942e-01   2.06463498e-01
    5.20937099e-01  -7.64396705e-02  -2.29380103e+00   1.72663911e+00
    1.32385454e+00   1.29366124e+00   5.33653510e-01  -2.51759889e+00
    2.71188162e+00  -9.48213617e-01   2.10009874e+00   6.69643806e-01
    2.73064189e+00   4.76734847e-01   2.88743752e-02  -2.01661637e+00
   -4.69127417e-01 
   -1.77362082e-02  -2.95331886e+00   5.20632611e-01   1.01252344e+00
   -6.14305794e-01   1.43213466e+00  -1.17212075e+00  -2.25711948e+00
   -1.85299125e+00  -1.55906677e-01   1.21720119e+00  -3.13041551e-02
   -2.61565574e+00   1.92372991e+00  -3.19178975e-01   2.66480710e-01
    4.01833397e-01  -1.36690191e+00   1.13963659e+00   1.62400745e+00
   -7.79918110e-01  -1.34167751e+00  -1.35414429e+00  -2.88121494e+00
   -1.63086063e+00  -1.69007038e+00   3.67882375e+00   1.05035708e+00
   -1.20923836e+00  -3.08021936e-01   1.64001209e+00   2.66120761e+00
   -5.10062889e-01 
   -1.15047145e+00   4.63956145e+00  -1.40528204e+00  -2.60774626e+00
   -2.17156031e+00  -1.23007963e+00  -1.16264293e+00  -7.93568324e-02
    1.07903656e+00  -2.40359210e+00  -2.72253705e+00   3.89635637e-01
   -6.34302185e-01   1.33909547e+00  -3.27218766e-01   1.63067677e+00
   -6.48751923e-01  -5.65339166e-01  -4.75139723e-02  -9.11695218e-01
    7.71845844e-01   1.84438056e+00  -6.70290076e-01   9.79024468e-01
    4.43312388e-01  -1.66247959e+00  -1.48436402e+00  -2.93183084e-02
    1.15393064e+00  -9.38466010e-01   1.82230971e+00   1.25588832e+00
   -6.72946912e-01 
   -4.29037491e-01  -1.01377411e+00  -2.54107407e+00  -2.11815145e+00
   -2.15294021e+00   9.71046717e-01  -6.51516277e-02  -1.89858551e-01
   -7.07046815e-01   3.65648658e+00   1.27653845e-01   2.19432780e+00
   -9.79955674e-01   3.91878123e-01  -5.75062286e-01  -1.35141301e+00
   -1.25680025e-01  -1.11970934e+00  -4.47944934e-01  -1.52282946e+00
    2.97750222e-01  -3.52558091e-01  -9.02606280e-01  -7.19160183e-01
   -1.19150983e-01  -2.33600590e-01  -1.93951151e+00   4.89412651e-01
    1.58190003e+00  -1.24811399e+00   2.07593540e+00  -4.47237943e-01
   -2.33407319e-01 
   -2.51657155e-01  -8.01531076e-01   5.01767273e-01   1.98411244e+00
   -2.40659203e+00   1.34153450e+00  -2.50699472e-01   1.12007114e+00
    9.67528447e-01  -7.59659209e-01  -9.27911062e-01   1.07656613e-01
   -1.72345709e+00  -7.48957325e-01  -2.71882301e+00   2.19039963e+00
   -3.08720476e+00   4.72412055e-01   1.02932441e+00  -8.46105412e-01
    8.62323611e-01  -5.91334461e-01   1.46908656e+00   3.69220191e-01
    2.61331067e-01  -2.09662334e+00   9.34245732e-01  -1.36841033e+00
   -1.30619552e-02  -1.17659604e+00  -9.40474724e-01   7.56441054e-01
   -5.73179011e-01 
   -5.82958655e-01   2.25619233e+00   3.20287573e-01  -1.11429672e+00
   -9.85675021e-01  -2.19666273e-01   9.63972386e-01   1.58374798e+00
   -1.10237545e+00   2.38755292e-01  -1.03083680e+00  -6.39566816e-01
    2.39209940e-01   3.65182663e-01   2.00579737e+00  -1.20611233e+00
    4.72078820e-01   2.45818829e-01  -1.43119876e+00   4.29941362e-01
   -8.18817204e-01   9.85663240e-01  -3.83637667e-01  -3.88665267e-01
    9.83557819e-01  -1.25990205e+00  -3.77396539e-01  -4.02986846e-01
   -2.64344257e+00  -1.57248629e-01  -1.93726444e+00  -2.96334752e+00
   -9.82433027e-01 
   -1.67859289e-01  -1.79760725e+00  -2.40953015e+00   2.05475884e+00
    1.38246947e+00   8.95534897e-01  -4.19401706e-01  -5.08477708e-01
    2.11020068e+00   1.27027390e+00   1.72851716e-01   5.25403500e-01
   -4.92368091e-02   2.68706835e-01  -1.07069075e+00  -5.96196806e-01
   -2.58823153e-01  -1.91771117e+00  -9.40196860e-01   1.67726499e+00
   -4.53001125e-01   7.59884088e-01   4.46821696e-01  -1.58838766e+00
   -5.08446229e-01  -1.60162040e+00  -1.63914583e+00  -6.56988912e-01
    1.12402998e+00  -4.97277884e-01  -8.84489500e-01  -6.58871466e-01
   -2.00036904e-01  