NN 16 32 16   -2.48543147e+00  -4.11273258e-01  -6.46877474e-01   8.23559870e-01
    8.88044291e-01  -2.66960467e-01  -5.56355322e-01  -6.47212584e-01
    1.48840397e+00  -1.02856201e+00  -2.68954862e-02   7.89372649e-01
    5.54729858e-01  -1.13875269e-01   3.68499642e-02  -1.89182846e-01
   -6.10210631e-01 
    2.90233958e-01  -1.77728303e-03  -4.68671400e-01  -6.89450153e-01
    6.24266359e-01  -1.90542629e-01  -6.21445428e-02   6.25755207e-01
   -1.62415336e+00   3.83225986e-01   1.38881029e+00  -2.49038472e+00
    4.15723401e-01   6.56645649e-01  -8.35745631e-01   8.11427456e-01
    5.31338985e-01 
   -3.26071926e-02   1.00930875e-01  -1.81006918e+00   1.18706436e+00
    1.53403573e+00  -9.93729111e-01  -5.80572438e-01  -1.12915008e+00
   -7.85070006e-01   1.86878830e-01   1.06605407e-01   2.41589402e-01
    1.55480948e+00  -7.93811270e-01   4.92888015e-02   8.17860783e-01
    3.31976987e-01 
    1.30652670e+00  -5.94222380e-01  -5.58323169e-01   6.30024406e-01
   -3.57428914e-01  -8.81068531e-01   9.81508167e-01  -8.45081795e-03
   -1.03408613e+00   7.03353765e-01  -8.55028674e-01   1.34967724e+00
    1.17375273e+00  -1.50059286e+00   7.38368456e-01  -9.38205544e-01
   -4.12703394e-01 
   -2.62418537e-01  -1.03956366e+00   1.12879928e+00  -9.13045223e-01
   -4.18289731e-01  -8.53426076e-01  -1.59674986e-01  -1.37437436e+00
    1.30160852e+00   1.92284122e-01  -2.02232645e-01   1.33011385e+00
    1.15692916e+00   1.24040712e+00   1.91307683e-01  -1.03880056e+00
   -7.05721730e-01 
   -1.96714455e-01   4.82646355e-01   6.61219706e-01  -7.32872951e-01
    1.74869400e-02   8.87892345e-01   7.11618396e-01   1.22405711e-01
   -1.02968603e-01  -3.45225724e-01  -6.41430664e-01   7.23726787e-01
   -6.26793388e-01  -9.28763381e-01  -1.58407800e-01  -6.14876641e-02
   -2.73503651e-01 
    2.12288325e-01   1.20021420e+00   1.10394340e+00  -1.21730949e+00
   -3.19341537e-01  -1.17106571e-01  -1.50608442e+00   7.35310359e-01
   -6.18118926e-01   2.87039674e-01   6.72901841e-01   5.78656638e-01
   -2.58918150e-01  -1.42576281e-01  -7.95905698e-01   6.08511634e-01
   -4.64996684e-01 
    1.59510074e-01  -1.08457679e+00   6.85260728e-01  -4.08453334e-01
    6.18274704e-01   2.52300238e+00  -1.16971219e+00  -2.11287937e-01
    1.58200608e+00   1.84587305e+00   8.42988679e-01  -9.72757290e-01
   -5.09704002e-01  -1.32512290e+00  -9.26542137e-01  -6.99941278e-02
   -7.04587434e-01 
    1.93528469e-01   1.82565330e+00  -1.14078199e+00  -2.51603811e-01
    6.82095711e-01  -9.08524476e-01  -7.98891663e-02  -1.60583885e-01
   -1.37906671e+00   1.63426257e+00   8.58545118e-01  -7.41969233e-01
    2.09414405e-01  -1.15630613e+00   5.20937250e-01  -6.18383114e-01
   -1.49679767e-01 
   -1.22482725e+00   2.71167460e-01  -1.01689220e+00   9.91863097e-01
    1.52716957e+00  -5.20116260e-01   1.22580757e+00  -4.46536337e-01
   -5.25137686e-01   1.20023910e+00   1.81541139e-01   1.34520093e+00
   -1.90116304e+00   1.43179749e-01   8.83769327e-03  -8.69023282e-01
   -3.69707543e-02 
   -6.73470158e-01   8.91701593e-01  -1.50195423e-01  -2.14443257e+00
   -1.72939609e+00  -7.49849843e-01   2.16009671e-01   2.71581041e+00
   -6.53640752e-01   8.30927696e-01  -8.13177341e-01   1.46362190e+00
   -5.24181293e-01   5.77676043e-02   1.73458093e-01   1.67144300e-02
   -6.27701876e-01 
    1.61683040e+00  -1.06516229e+00   7.22197199e-01   1.60197124e+00
    9.49724138e-01   5.85817418e-02  -1.23905226e+00   1.38243156e-01
    6.93928685e-01  -4.33571337e-01  -5.64060925e-01  -2.14514131e-01
   -1.90030661e+00   1.36930509e-01   4.56027514e-01  -3.65340832e-01
    3.02446101e-02 
    3.41438714e-01  -1.20860588e+00   7.12658327e-01  -3.96102306e-01
    4.54442626e-01  -5.63657696e-02  -2.62196839e+00   3.32586467e-01
   -1.33232757e+00   8.61375278e-01   2.12690372e+00   3.59652202e-01
   -1.18662688e-01   8.70261611e-01  -4.41747087e-01  -2.11455475e-01
   -7.20554840e-01 
    2.88206774e-02  -3.15332710e-01  -7.38461357e-01   4.50429215e-01
    1.72695459e+00  -1.45730465e+00   9.31742879e-01   1.30431116e-01
    7.70648935e-01   1.27660598e+00  -1.77550445e+00  -1.50285599e+00
   -2.49485554e-01   4.74939279e-01  -2.11635801e-01  -1.58977591e-01
   -6.29708301e-02 
    4.05177951e-01  -1.88970430e+00   1.47386093e-02   1.99003723e+00
   -1.87937156e+00   8.08327328e-01   1.44574023e-01  -1.89090863e-01
   -1.26163755e+00   2.64440443e-01  -1.30619746e-01  -6.47666380e-01
    5.44269749e-01   1.75888561e+00  -9.85096745e-01   1.25526859e-01
    6.38870686e-01 
    1.13185138e+00  -7.67100259e-01   4.49631250e-02  -7.52983544e-02
   -2.92869378e-03   5.63169017e-01   2.35163959e+00  -2.35349516e+00
   -1.26015339e+00  -2.99783293e-01  -3.35698099e-01  -7.26403211e-01
    1.31556598e+00  -1.26719671e+00   4.21344815e-01  -1.69295190e-01
    3.54076991e-01 
    1.14656070e+00   4.81996199e-01  -2.14234087e+00  -2.89172620e+00
    2.02039849e-01   1.94038804e-01   9.09198086e-01   1.36199790e+00
    5.52856906e-01  -4.32284526e-01  -8.00913126e-01  -1.29792425e-01
   -2.73329935e-01   1.79159724e+00  -4.89177079e-01   4.59746255e-01
   -4.87097352e-02 
   -1.04521812e+00  -9.17545006e-03   9.57929488e-02   1.57163712e-01
    7.82019587e-01  -7.54646157e-01  -4.24990178e-01   4.97758805e-02
    1.24823931e+00  -4.15618172e-01   6.32535675e-01  -2.93215181e-01
    5.06819136e-01  -5.29724377e-01  -2.95017228e-01   4.35451072e-01
   -4.59891469e-01 
    1.01742532e-01  -1.33794311e+00   1.13317420e+00  -7.25298157e-01
   -1.81714728e+00   4.89076046e-01   3.08832358e-01   1.16794419e+00
    5.38277376e-01   1.62630470e+00  -1.50696385e+00  -6.94789229e-01
    1.87333107e-01  -9.06883501e-01   4.65294054e-01   4.23187310e-01
    9.38340668e-02 
   -8.87907663e-01   4.91361623e-01  -1.03431403e+00   1.38877571e+00
   -3.08653535e-01   1.71396933e+00  -4.86438558e-02  -8.09071659e-01
   -2.29045170e-01  -1.49139266e+00  -7.60629296e-01   3.70251602e-01
    1.19506262e+00   5.51581915e-01  -1.32531464e-01  -8.87860785e-01
    3.84457133e-01 
    1.10320193e-01   2.07123287e+00   1.07836648e+00  -5.17642905e-02
   -6.01466753e-01  -3.01567126e+00   7.49559254e-01   2.28234031e+00
    1.08759366e+00  -1.14213531e+00   5.12697628e-01  -9.55725202e-01
   -7.46285884e-01  -3.37375073e-01   3.03279399e-01  -1.28781208e-01
   -2.28157748e-01 
   -2.14474084e+00   3.60702598e-01   1.25684287e+00  -6.56054289e-01
    1.15496266e+00  -7.38858160e-01  -1.83054910e-01  -4.42339418e-01
    1.43720046e+00  -1.03622156e+00   1.24041176e-01  -1.56518564e+00
    2.96327816e-01   5.23032886e-01  -8.66307276e-01  -1.58358230e-01
    4.76822635e-01 
   -5.71550378e-01  -5.49373510e-01   6.81629080e-01  -9.75515700e-01
    1.67940973e+00  -1.23956189e+00   2.82773466e-01   1.59839034e+00
   -1.74308811e+00  -8.33245570e-01   8.90137224e-01   4.21700046e-01
    6.42616391e-01  -5.70687461e-01  -2.97953203e-01  -1.90621066e-01
   -3.51527542e-01 
   -1.30635635e+00  -1.60464407e-01  -1.00034841e+00   1.63192013e+00
   -9.13903414e-01   6.39412789e-01   2.51690579e-01  -7.35004457e-01
    1.63957449e+00   1.71606522e+00   9.22896313e-01  -1.42247457e+00
    4.22907802e-01  -8.66815953e-01   3.56431561e-01  -2.40804461e-01
   -4.14670136e-01 
    1.51202392e+00   1.16664989e+00  -1.27978726e+00  -3.64488673e-01
   -2.12707874e+00  -4.90139211e-01   8.81610941e-01   2.57547082e-01
    9.14543043e-01  -2.08093095e+00   1.80557204e+00  -3.09937054e-01
   -1.75690822e-01  -1.57054173e-01  -4.02406179e-01  -2.32888670e-01
   -2.67383235e-01 
    1.23608375e+00  -1.33325353e-01  -1.20905398e+00  -5.10682631e-01
   -1.12381405e+00  -4.24980710e-01   1.51341405e+00  -2.49270976e+00
    1.32851952e-01  -4.13371900e-01   9.14489046e-01   1.12665886e+00
   -2.68240064e-02   9.34006942e-01   7.51322953e-01  -6.65415474e-02
   -6.15158672e-01 
   -8.56730356e-01  -7.14450686e-01   1.54688746e+00  -1.25955911e-01
    1.04340407e+00   1.13036537e+00  -1.61830128e+00  -6.38835576e-01
    3.80825098e-02  -6.55798507e-01  -2.12216131e+00   6.46378830e-01
    1.18419237e+00  -7.49181078e-01   1.18294030e-01   1.34477203e+00
   -1.72220994e-01 
   -6.44982007e-01   1.95446998e+00   1.17666242e+00   4.99362985e-02
   -2.98581260e-01   1.57883840e+00  -6.79479595e-01  -3.98470683e-01
   -8.92945806e-01  -5.59691867e-01  -4.46696847e-01  -3.81303201e-01
   -7.70673431e-01   4.94556679e-01  -1.09137966e-01   3.20304912e-01
   -3.80651822e-01 
   -2.37256170e-01  -1.33680116e+00  -5.31915146e-01   7.02107020e-02
    9.56863544e-01   2.21136585e+00  -6.03742881e-01   5.89155180e-01
    5.99154141e-01  -1.28556028e+00   7.23370452e-01  -3.03303147e-01
   -1.10946605e+00   1.54764745e-01   1.15725477e+00  -9.68579358e-01
    1.32235632e-01 
   -1.47418845e-01   1.27864787e+00   5.71734458e-01  -4.07114390e-01
    3.68169866e-01  -8.86757427e-01  -2.00645120e+00  -1.58254745e+00
    1.84908926e-01  -4.38122948e-01   2.56805505e-01   4.54302589e-01
    5.78257615e-01   3.17586680e-01  -1.54703627e-01   6.25717850e-01
    2.24736373e-01 
   -1.34343327e+00  -4.82614380e-02   2.25089362e+00   1.32852345e+00
    6.63738572e-01   3.18155254e-01  -9.48645718e-01  -8.26136971e-01
   -2.99472694e-01   6.07587898e-01  -1.15255839e+00  -8.19820633e-01
   -9.65041585e-01   8.01233194e-01   7.16973523e-01   5.47149205e-01
    2.93186584e-01 
    1.10148657e+00   9.09901185e-01  -6.71562151e-01  -3.65976848e-01
   -6.22028577e-01  -4.66087813e-02  -8.78616238e-01  -2.38687025e-01
    1.08185177e+00   1.02020764e+00  -1.43269735e+00  -1.07158992e+00
   -2.29369967e-01  -1.02131135e+00   1.58961043e+00   1.37251201e-01
   -4.18569850e-01     2.44505426 -0.4446466  -0.13493636 -1.68660557 -0.27576857  0.28851573
  -0.34242248 -0.72017296  0.30002334  1.2652386   0.3742503  -2.26417144
  -0.9196529   0.33819255  0.26579927 -1.4304716  -0.57057856  0.4399954
  -0.20459892  0.77871147 -0.48870328  2.4873318   0.53953249  1.58492262
  -2.46404003 -1.03256045  0.53386737 -0.21259899 -0.37709672 -0.20855405
   0.93853131 -1.53839442 -0.31002557 
   0.32555529  0.17471765 -0.33729197  0.61648502  0.74162121 -0.26895337
  -1.27467045  0.95847211 -1.9063739  -0.58818148 -0.86599096  0.55215399
   1.71905635  0.50703301  1.84085366  0.55178844 -0.19014289 -0.68702564
   1.97717624 -1.34600216 -1.80348811  0.16708514  0.04079608  0.36490536
  -1.67406764 -0.12874267  0.96834004 -2.78259105  1.19684764 -1.48063718
  -0.04407171 -1.07674834  0.03489267 
   0.82318966  0.30972723  2.22356035  0.36505712 -1.81423075 -0.46878371
  -1.18892168 -0.9780377   1.35922971  1.23094929  0.02463886 -0.4797448
  -1.24832803  0.59845875 -0.1108553  -0.9498316   2.31272757 -0.44145218
  -1.14615756  1.08633664 -1.29256657 -1.68050972 -0.72536526  1.04010311
   1.159361    1.51671496 -1.80850209 -0.8938827   1.40101934 -0.59105161
  -2.69788377  0.69686917 -0.40469651 
  -0.71114141  0.8519889  -1.18832028 -0.96273785  0.96282441  1.01187954
   1.22733356  0.27904559  0.20527268 -0.82988749  1.84692316 -2.09323283
   0.81712235 -0.89878077 -2.83179073 -0.06594582  3.21531588 -0.37567405
   1.06524786 -1.61968791 -1.27637007  0.78276597  0.922691   -2.39877096
   0.01342622  0.38001418  0.46749255  0.0076301  -0.26225435  0.46979153
  -1.61642683 -0.24321319 -0.13044763 
  -0.91838351 -0.93189081 -1.65761849  0.1774737   0.26714143 -0.02403148
   0.54560109 -0.73348192 -0.46682726 -2.34347608  1.3826759  -0.38107104
  -0.49962885 -2.22343195  2.06323707 -0.63072756  0.14659481 -1.37347953
   2.51562258  0.00872312  1.57642476 -0.99115722 -2.4491881   1.83064969
   1.55150671  1.39478228 -1.3355291  -0.42021885 -1.22211172 -0.62969601
  -0.70203476  0.71882085 -0.04082841 
   0.02688842  0.06497316  0.68154323  1.06838149  0.64221952 -0.42881874
  -0.20118701 -2.96953564  0.7342088  -0.01103469  0.06606088 -0.25934941
  -0.38570045  1.66600408 -1.02254807 -1.33377634 -0.76137123  0.16749941
  -0.49959352 -2.29026308  4.05524218  0.4546314   0.87918062 -0.1065831
  -0.22024268  0.46461246 -1.54792556 -1.28365553 -2.89350742  0.62450446
  -0.54940361 -0.14773754  0.05788079 
   0.40706695 -0.17724976  0.81526123 -1.28198984 -0.58070605 -0.80971925
   1.39765462  0.7737312  -0.12005507 -2.20363318 -0.38113211  1.5749093
   3.10517205 -1.06331318 -0.70469028 -3.29519042 -0.88787163  0.04765525
  -0.60079368  0.60814275 -0.8630299   0.04068241 -0.30564899 -0.46903738
  -1.60603997 -1.57352444  1.02236674  0.66204482 -0.21883793  2.50472831
   0.25816863  0.60519057 -0.1755755  
   0.04957169 -0.77820629  1.73216469 -0.50276449  1.10011368  0.07602246
  -0.81953604  0.36285159  0.22703546  0.23482684 -3.49606809 -0.24993016
  -0.49401104 -0.61032259 -0.42571313  2.06785491 -1.59240618 -0.58448755
  -1.98926403  0.17200337 -2.3157478  -0.05069521 -2.47508501  0.26483799
  -0.10436685  2.40851023  0.67909483  0.55977305 -1.40735705  1.44324947
   0.49887344 -0.26669249 -0.25170341 
  -1.28106712  1.69754816  0.97930042  0.84144231 -1.7137881  -0.11889531
   0.92141169 -2.04766826  1.45074536  0.10345496  0.26665414 -1.29337466
   0.84799236 -1.32025418  1.76308006  1.4662531  -0.97253853 -1.44318207
  -0.56722908  0.64040531 -1.16413246 -1.1841852   1.84596185 -1.77002684
  -0.85337458 -0.56142225  0.04750918  0.76457308 -0.80963993 -0.18141243
   0.89753222 -1.46717227 -0.45397884 
   0.7399123  -0.50113584 -0.39428388 -0.96871538 -0.14959083 -0.03832937
  -0.74220315 -2.07752483 -1.89728182 -1.62071023 -1.60946427  1.04319466
  -1.65342742 -1.26391094  0.01535512 -0.09261124  0.68541234  0.14833703
  -1.78659859  1.7376907   0.90077765  1.12818123  0.77273329 -2.05273415
   2.34234939 -0.09800741  1.00889912 -0.11151077  1.73435377  0.14303466
   0.05188507 -1.19602326  0.10072622 
  -0.69322978 -1.73324588  0.19054438  0.62098068 -0.54064007  0.63743004
  -0.76968794 -2.091337   -0.9240853  -0.06078301  0.92557208  0.71274338
  -2.34192192  1.65092458 -0.28717479  0.15216109  0.79482098 -0.94603107
   0.55991638  1.29792289 -0.47419476 -0.80492552 -0.93370523 -2.1272764
  -1.70288273 -1.50792396  2.45421689  0.62000018 -0.79728927 -0.52578258
   1.05820825  1.7596464  -0.13548875 
  -1.37642387  2.97694895 -0.77310169 -2.2065358  -1.66501664 -0.59923459
  -0.84791232  0.45119924  0.9381492  -1.78075754 -2.04639526 -0.09283684
  -0.93187028  1.44997631  0.29683912  1.14871623 -0.61747986 -0.40460623
  -0.05143121 -0.4912425   0.77370402  1.72500882 -0.34174944  0.64786352
   0.9461917  -1.86570157 -0.9473499   0.16417431  0.48528031 -0.56681681
   0.77996325  0.96884105 -0.27915018 
  -0.4626395  -0.44932062 -2.18200344 -1.60067231 -1.63048766  0.62340709
   0.33919856 -0.14524069 -0.22223749  2.0730526  -0.01205939  1.67490468
  -1.0010889  -0.05113063 -0.10041115 -1.11727659 -0.09131096 -0.85268578
  -0.08489706 -0.91253266  0.64782486 -0.384852   -0.61995437 -0.53898142
   0.05425845 -0.44442512 -1.25803533  0.37762627  1.16116736 -0.97532091
   1.42350223 -0.39619286 -0.1028134  
  -0.30623335 -0.64732194  0.53880848  1.32897143 -1.78594613  0.86489702
  -0.30025566  0.46777311  0.67116836 -0.50346627 -0.95665468  0.0711593
  -1.49027831 -0.33070573 -1.94216788  1.42653431 -2.14823558  0.06992044
   0.5764832  -0.49667036  0.42600616 -0.59195795  0.91597057  0.08629314
   0.25651803 -1.73968513  0.8059235  -0.98107464  0.28767418 -0.71509783
  -0.53777602  0.46123303 -0.32176162 
  -0.72439973  1.17185225  0.0695083  -0.72737837 -0.90063374 -0.2637594
   0.54247264  0.66546823 -0.42020188 -0.09000501 -0.50732527 -0.46116508
   0.17499608  0.35045251  0.96225294 -0.85488599  0.51750526  0.09421914
  -0.66780491  0.30704773 -0.09674804  0.51728388 -0.08915925 -0.21235262
   0.88625153 -1.02291243 -0.51992936 -0.31519652 -0.87011458 -0.08022017
  -1.3728131  -1.59738073 -0.70452436 
  -0.42577873 -0.90263485 -1.16900419  0.66427719  0.67705151  0.63895675
  -0.42842838 -0.37396559  0.71851243  0.81843549 -0.21200662  0.00469526
  -0.64111423  0.23863987 -0.62007756  0.4313433   0.14258364 -1.06411694
  -0.5200063   0.90941176 -0.73463067  0.13095684 -0.08791595 -1.0764521
  -0.3351995  -0.87540537 -0.98201976 -0.25367269  0.57966965 -0.44353994
  -0.76411036 -0.23597171 -0.07808867  