NN 16 32 16  -3.57834466 -0.98414977 -0.12178183  0.62584408  2.29966278 -0.94898608
  -1.83184294 -2.12903464  2.9226435  -1.36773872 -0.22742423  0.25367059
   0.71926023 -0.2676164   0.19873615 -0.53003076 -0.87473931 
   0.70040648 -0.51631342 -0.39287343 -0.39910681  1.11203181 -0.41315643
   0.09282482  0.51208318 -2.36055038  0.72882963  1.93667702 -3.70643892
   0.72243456  0.67634705 -1.92690254  1.2922218   0.56768922 
  -0.83936628  0.11474664 -2.56537676  0.90001641  2.51752905 -1.89858929
  -0.45703562 -0.77682718 -0.95700574  0.48383691 -0.04539942  0.22694809
   1.43280114 -0.82972721 -0.23580143  1.90647884  0.11175803 
   1.64176176 -0.94274163 -1.20260684  0.95205617  0.10233177 -1.13833009
   0.97083274 -0.2841733  -1.34713249  0.7783746  -1.41560656  1.70172855
   1.71953944 -1.567665    1.13591362 -1.84353678 -0.23277815 
  -0.3761236  -1.50540194  1.49051663 -0.99160923 -0.29738571 -0.65619351
   0.05370067 -1.89561461  1.19408283 -0.45746907  0.09321657  2.05448019
   1.65258512  2.11256639 -0.05607007 -1.41832436 -0.68495132 
  -0.43411404  1.22821191  1.72318527 -1.22971166  0.67113108  1.17684545
   1.85939117 -0.30402794 -0.07959429 -0.25398155 -1.83678111  0.50538576
  -0.79909486 -1.34904828 -0.36715356 -0.11040269  0.05195685 
   0.73655748  1.58060401  1.5388851  -1.74012972 -0.07135936  0.0083433
  -1.81157415  1.18492224 -0.63351244  0.56864547  0.7233279   0.41820347
  -0.13460731 -0.37354053 -1.33490827  0.84614816 -0.62236549 
   0.63422874 -1.26674228  1.09469038 -0.42670039  0.54974939  3.95786024
  -2.02824233 -0.13992928  2.28172859  2.2175647   0.43657649 -0.58073822
  -0.57041275 -2.52934084 -1.27892246 -0.09380992 -0.65490015 
   0.25008352  2.56084075 -0.9647053  -0.91917606  0.75975945 -1.227512
  -1.09467895 -0.11981483 -1.60949899  2.26417053  1.25470949 -1.28663198
   0.71190406 -1.76944107  1.24304753 -1.55047258 -0.18151007 
  -1.39805881 -0.06976349 -0.68401483  1.28847906  1.77533789 -0.88604328
   1.16429205 -0.76831425 -0.87276897  1.03377788  0.45205358  1.83207364
  -2.5800355   0.45371389 -0.53942601 -1.32538884  0.29218027 
  -0.52170777  0.41468288 -0.00827489 -2.74861996 -2.00288256 -1.41586511
   0.12944371  3.80506192 -1.20662943  0.588651   -0.70429628  2.91075887
  -0.92368052 -0.30043708 -0.06676836  0.0081679  -0.60883617 
   2.76944106 -0.84573619  0.16531932  1.95916982  1.53170407 -0.62736774
  -1.24015732  0.67588948  0.13497826 -1.15445858  0.32583738 -0.47971284
  -2.77139125  0.36089859  0.90948299 -0.8595336  -0.18074545 
  -0.3266346  -1.80406612  1.27635105  0.08087813 -0.10442576  0.32833564
  -3.45177897  0.02926248 -1.83428217  1.05848297  2.89931928  0.30590044
  -0.34900052  1.26990893 -0.58983749 -0.62825991 -1.20083653 
  -0.37742325  0.17164503 -0.6057238   0.00524715  2.08105114 -1.9574672
   0.83009357  0.69496798  0.98695499  1.51082652 -2.25969282 -1.77148775
  -0.96377335  0.25865738 -0.49029763 -0.18260207 -0.21390001 
   1.38862038 -1.78460481  0.56129655  2.78365134 -2.10232509  0.93412141
   0.49315766 -0.94895504 -1.5117957  -0.10437648 -0.32231696 -0.36732194
   0.70803119  2.3504495  -1.96674756 -0.08870325  0.60651996 
   1.34962363 -0.8355263  -0.18463387 -0.03249548 -0.24040866 -0.26358175
   3.09079394 -2.81512786 -1.43636547 -0.87152043 -0.41502871 -0.88214718
   1.30042623 -1.86467813  0.79583603  0.428826    0.47024813 
   1.49856106  0.50886347 -2.93844717 -4.09413931  0.9436475  -0.03868722
   0.91840645  1.48800005  0.70070016  0.10735825 -0.91618391 -1.06516338
  -0.29394005  1.75266082 -0.54178303  1.02381049  0.1956369  
  -1.37174403  0.38017928 -0.13967166  0.22416957  0.79547802 -1.42241959
   0.17155369  0.2420149   1.45793211 -0.85756053  1.06872444  0.10746643
   0.91917605 -0.93572695 -0.56791572  1.20675547 -0.57343268 
  -0.19663104 -2.3705057   2.00245812 -0.13539191 -2.37415441  0.24627672
  -0.20659352  1.5087303   0.17975929  1.59644841 -1.73456825 -0.44703321
   0.6100947  -1.24678548  0.53953571  0.57761556  0.05469856 
  -1.3307771   0.53813756 -0.82828136  1.943512   -0.69907099  1.82652033
   0.93256894 -1.67374521 -0.27770773 -1.76975968 -0.74230262  0.6134559
   1.69901729  0.16635164 -0.26314247 -2.12423969  0.32568623 
  -0.06511261  2.51595994  1.08110748 -0.50502554 -0.3003815  -4.54058885
   1.25017763  3.34418044  1.39494824 -1.9909086   0.70197792 -0.22071877
  -0.57657018 -0.69084185  0.62907914 -0.28526561 -0.29655027 
  -2.52400327  0.89932836  1.8981643  -0.16971022  1.54787224 -0.92210185
  -0.96464009 -0.47945355  2.27534083 -1.20847735  0.25656663 -1.71299541
   0.54409549  0.55569651 -1.0700464  -0.3759044   0.6703268  
  -0.32765639 -0.54909876  0.48450608 -0.89436625  2.21882263 -1.21028792
   0.03456583  2.29381491 -2.58128699 -0.79126401  1.22002361  0.77100504
   0.47270481 -0.69195591 -0.39936841 -0.98149525 -0.32747384 
  -1.91344114  0.34768822 -1.49133673  2.05492824 -1.01893608  0.98988284
   0.78065875 -0.58129877  1.13253589  1.57113909  1.51810183 -1.8281893
   0.66402875 -1.34591732  0.51655072 -0.21392425 -0.64015514 
   1.78611823  1.44045423 -2.14114894 -0.83076195 -3.39744181 -1.16574961
   0.97793708  0.64061077  1.34775368 -2.39933447  1.86903275 -0.25762233
   0.39976631 -0.30622795 -0.79517387  0.06949909 -0.19170353 
   1.77108943 -0.01058166 -1.72876957 -0.23421575 -1.06172589 -0.56740806
   2.70818783 -2.97971039 -0.10558188 -0.31252211  0.25336973  0.80292471
  -0.27114337  1.18865752  0.73708317  0.96815317 -0.66390114 
  -0.71945372 -0.49626279  2.01141874 -0.20728802  1.5792117   1.80985418
  -2.95569366  0.15320231  0.31598999 -0.80056493 -2.98201694  0.36698023
   1.84154065 -1.23674183  0.06208063  2.99876206 -0.15956455 
  -0.8506468   2.58490805  1.39783704 -0.01671889 -1.23737613  2.00838356
  -0.48937337 -0.12040785 -1.04516114 -2.06648841 -0.29935589 -0.15346412
  -0.98550994  0.56033849 -0.08787561  0.71380165 -0.52168157 
  -0.26783814 -1.1655625  -0.91557888  0.11753721  0.27870468  2.46083941
  -0.77780406  0.77804175  0.29295066 -2.57465546  1.38634641 -0.22659435
  -1.26833408  0.15047219  3.00307732 -1.33758486  0.69754079 
  -0.26978483  2.13270011  0.3254479  -0.65133327  0.77419988 -1.48161334
  -2.32792939 -1.47643891 -0.47198768 -0.82006965 -0.20969504  0.99605832
   0.6955247   0.48390237  0.09448458  1.01040086 -0.0365532  
  -1.1345327   0.25389516  2.61907271  1.57316332  1.04886923  0.35487496
  -1.94464766 -1.16315758 -0.6341552   0.84875785 -1.86067428 -1.35308122
  -1.59976361  1.50043797  1.56583542  1.15082424  0.31257463 
   1.41681481  0.89568533 -1.06446696 -0.27625179 -0.86235512 -0.29993869
  -0.46308729 -0.49583663  1.71290304  1.49324987 -2.20243856 -1.88395503
  -0.41245798 -1.6481218   2.3857524   0.79944937 -0.51596855      3.38930223e+00  -8.89360871e-01   2.52230136e-01  -2.03921457e+00
   -9.80446309e-01   1.22600906e+00  -7.09869439e-01  -1.03022853e+00
    6.14955525e-01   9.30401221e-01   2.75769425e-01  -2.95600263e+00
   -8.36920088e-01   3.63940531e-01   8.20712521e-01  -1.63932511e+00
   -2.40288198e-01   1.30541003e-01   1.62757158e-01   2.72556738e-01
   -2.19413774e-01   2.05618378e+00   5.28536298e-01   2.08018268e+00
   -1.59871442e+00  -8.88845845e-01   4.24195865e-01  -1.53500719e-01
   -1.77367098e-01  -4.07364815e-01   3.22549677e-01  -1.36137609e+00
   -1.78766807e-01 
    7.30707706e-01   4.74427978e-01  -3.13802036e-01  -2.33861011e-01
    1.01854341e+00  -3.28589940e-01  -1.42366784e+00   1.02929243e+00
   -2.23809467e+00  -2.05963926e-01  -9.81257644e-01   7.00429463e-03
    1.29796947e+00  -3.62301028e-01   1.56022995e+00   1.01942134e-01
    5.94274552e-02  -7.90255204e-01   2.01491479e+00  -2.04183251e+00
   -1.49698151e+00   3.04574319e-01   4.71726996e-01   1.51800789e-01
   -1.36840757e+00   6.51210533e-01   7.31814880e-01  -4.16972238e+00
    1.37883035e+00  -1.73113213e+00  -5.80874458e-02  -1.46087360e+00
    1.45086729e-01 
    6.82356888e-01   9.33661791e-02   2.82782056e+00   9.78135838e-01
   -1.88276949e+00  -1.63752232e+00  -8.97049098e-01  -8.64323500e-01
    1.47354846e+00   1.03034504e+00   3.47769593e-01   5.68908630e-01
   -2.16932266e+00   4.15740583e-02  -4.09286090e-01  -1.30447172e+00
    2.28382317e+00  -3.14862429e-03  -1.42084844e+00   1.07875567e+00
   -1.36786860e+00  -2.49121599e+00  -1.21462805e+00   1.17268904e+00
    1.25686819e+00   8.93408849e-01  -2.22807483e+00  -6.31959310e-01
    2.03528966e+00  -3.01723716e-01  -2.35581285e+00   8.97889249e-01
   -3.23911232e-01 
   -1.43023580e+00   4.36454474e-01  -1.46050708e+00  -8.84386020e-01
    1.85537630e+00   1.29759566e+00   1.33403138e+00   1.22731697e-01
    4.71477790e-01  -7.81828209e-01   2.61843899e+00  -2.10638059e+00
    6.32695542e-01  -1.01318283e+00  -3.11232904e+00   1.50131096e-01
    3.82135358e+00  -1.96989071e-01   3.23788791e-01  -2.12238353e+00
   -9.16955432e-01   4.97771875e-01   8.46216415e-01  -2.95124165e+00
    5.62389581e-01   5.90048887e-01  -3.76681159e-02   1.32756091e-01
   -3.73512696e-01   3.40777374e-01  -1.67597118e+00  -5.66427418e-01
   -7.61636990e-02 
   -1.76913010e+00  -1.12254161e+00  -2.18573127e+00  -4.84945034e-01
    3.03503958e-01  -3.25375713e-01   1.47457853e-01  -1.02935018e+00
   -2.86008620e-01  -2.69837775e+00   1.41535586e+00  -3.98627357e-01
   -5.27374588e-02  -2.40006315e+00   2.71805756e+00  -1.67633885e+00
   -9.33121068e-02  -1.43607012e+00   2.63197910e+00  -6.67659234e-02
    1.31998913e+00  -1.33872459e+00  -3.11278570e+00   2.20597808e+00
    2.05343659e+00   1.43172003e+00  -1.41699338e+00  -2.17859557e-01
   -5.61176400e-01  -3.54996759e-01  -1.15321388e+00   1.56859888e+00
   -1.02152148e-01 
   -1.20275947e+00  -2.75754636e-01   7.06336088e-01   6.42639503e-01
    9.57057075e-01  -6.88119830e-01  -4.74122018e-01  -3.59333110e+00
    1.04306615e+00   1.13721026e-01  -1.49365373e-01   3.77842085e-01
   -8.23003017e-01   1.90866086e+00  -8.72999347e-01  -2.07598834e+00
   -1.27074981e+00   5.60919750e-01  -7.30219100e-02  -2.61454092e+00
    4.53771779e+00   3.24637489e-01   2.12058255e-02   3.63804092e-02
    1.58262197e-01   5.85047889e-01  -1.47746008e+00  -1.67670519e+00
   -3.64399053e+00   7.10018686e-01  -2.56003908e-01   2.42974944e-01
    3.40719717e-02 
    6.91815107e-01  -9.96151402e-01   2.69901887e-01  -1.03862331e+00
   -2.51180554e-01  -2.09352368e+00   1.14882997e+00   6.98485606e-01
    3.74671616e-01  -1.96415003e+00  -6.00637918e-01   2.57313451e+00
    3.09424623e+00  -1.67249749e+00  -9.80986108e-01  -3.83209738e+00
   -1.14025171e+00   8.50368820e-02  -3.01300770e-01  -2.12177770e-01
   -8.42479764e-01  -3.28530358e-01  -3.99062798e-01  -5.86884105e-01
   -1.49988998e+00  -1.59652394e+00   1.15825233e+00   2.96627378e-01
    4.03021301e-01   2.79732172e+00   8.15825593e-01   3.28051860e-01
   -3.09931081e-01 
    3.41087152e-02  -8.38135462e-01   2.01634453e+00  -6.39046982e-01
    1.52773363e+00  -1.82985980e-01  -9.31031589e-01  -3.74607790e-02
   -2.38553890e-01   3.98415330e-01  -4.19506685e+00   1.13887518e-01
   -1.05425435e-01  -1.70523851e+00  -4.46627376e-01   2.11121608e+00
   -2.40487578e+00  -5.30339740e-01  -2.37487230e+00  -3.91514954e-01
   -2.43589091e+00  -2.71360042e-01  -2.77034174e+00   2.09452969e-01
   -3.47233814e-01   3.28396884e+00   4.07885524e-01   5.77950779e-01
   -1.58534115e+00   8.18283000e-01   9.10926284e-01  -2.10024721e-01
   -9.15338493e-01 
   -2.01338824e+00   2.29117381e+00   1.06626795e+00   1.25465376e+00
   -2.10214361e+00  -3.50062741e-01   1.20482302e+00  -2.26455015e+00
    2.11334225e+00   3.09848698e-01   6.10892323e-01  -1.40596499e+00
    1.20094469e+00  -1.48295351e+00   1.91067782e+00   1.12698945e+00
   -8.75843317e-01  -2.25282860e+00  -4.24997564e-01   4.95422248e-01
   -1.43443625e+00  -1.63407641e+00   2.03605309e+00  -1.37502368e+00
   -1.84822911e+00  -6.55514433e-01   5.25548420e-02   5.54731938e-01
   -1.25803432e+00  -1.53566748e-01   1.51986932e+00  -1.78857051e+00
   -5.87579774e-01 
    8.93384798e-01  -8.63574037e-01  -8.68787345e-01  -1.27925982e+00
   -1.11146637e-01   2.59067490e-01  -9.20461303e-01  -2.27277748e+00
   -2.39587294e+00  -2.50615741e+00  -1.85880483e+00   1.70391424e+00
   -2.45789966e+00  -1.42910378e+00   1.34957104e-01   1.02091263e-01
    6.89424326e-01  -6.69305057e-02  -2.13534107e+00   1.74294850e+00
    1.24526145e+00   1.16219185e+00   6.04553876e-01  -2.67266199e+00
    2.56581867e+00  -5.85805919e-01   1.81681163e+00   3.66366861e-01
    2.34714871e+00   3.01686049e-01   8.06227111e-02  -1.74446105e+00
   -2.71521496e-01 
   -1.97356023e-01  -2.72169317e+00   3.17833850e-01   8.11690375e-01
   -5.79044769e-01   1.16167194e+00  -1.10317636e+00  -2.28139825e+00
   -1.56250379e+00  -3.28787041e-02   1.12319761e+00   1.32349522e-01
   -2.64148633e+00   1.79854867e+00  -3.81253859e-01   2.10310854e-01
    5.05339524e-01  -1.21284517e+00   9.52320288e-01   1.62796442e+00
   -7.64699870e-01  -1.24965294e+00  -1.31810859e+00  -2.61771199e+00
   -1.72659917e+00  -1.63085031e+00   3.29425851e+00   9.99753347e-01
   -1.17501986e+00  -3.72643801e-01   1.54376482e+00   2.37960481e+00
   -4.56401679e-01 
   -1.33709170e+00   4.18581225e+00  -1.19838426e+00  -2.51559273e+00
   -2.01186651e+00  -1.18532381e+00  -1.09393804e+00   6.33802856e-02
    1.07702812e+00  -2.26056282e+00  -2.55178757e+00   2.56651007e-01
   -7.30506570e-01   1.31982455e+00  -6.36711131e-02   1.61146565e+00
   -7.43368108e-01  -4.64906435e-01  -4.73924098e-02  -8.70143444e-01
    8.02463728e-01   1.83313490e+00  -5.44125549e-01   9.06580306e-01
    7.26930081e-01  -1.66455956e+00  -1.41389241e+00  -7.68774005e-02
    9.64523987e-01  -8.28117891e-01   1.47236756e+00   1.11158413e+00
   -5.54326409e-01 
   -4.42328080e-01  -9.31502977e-01  -2.51428808e+00  -2.02229514e+00
   -2.03855930e+00   8.69087508e-01   2.65350519e-02  -2.24210795e-01
   -6.20513825e-01   3.24109032e+00   3.91718095e-02   2.08733692e+00
   -1.03437550e+00   2.26529355e-01  -4.40657963e-01  -1.28508773e+00
   -1.10772080e-01  -1.10424373e+00  -4.04047795e-01  -1.37822096e+00
    3.59164393e-01  -4.11455669e-01  -8.93727381e-01  -7.11852985e-01
    8.55708688e-03  -2.13161760e-01  -1.77174254e+00   4.53456239e-01
    1.47846662e+00  -1.18773021e+00   1.89840349e+00  -4.36581322e-01
   -2.37972463e-01 
   -3.20353459e-01  -7.97007802e-01   5.37826440e-01   1.87321946e+00
   -2.25076355e+00   1.18874712e+00  -2.22329716e-01   9.30386493e-01
    9.13498457e-01  -7.35827781e-01  -8.61769312e-01   3.33614635e-02
   -1.66407612e+00  -7.12730438e-01  -2.50327407e+00   1.94203307e+00
   -2.84842158e+00   3.45522466e-01   9.61823912e-01  -7.96148500e-01
    7.17672607e-01  -6.59982308e-01   1.34477088e+00   3.36431802e-01
    3.32602856e-01  -2.03417090e+00   8.93289901e-01  -1.27392677e+00
    9.55217455e-02  -1.05889946e+00  -8.89598469e-01   6.88787504e-01
   -4.82087463e-01 
   -5.88806432e-01   1.95484714e+00   2.67454145e-01  -1.08047201e+00
   -9.72717964e-01  -1.87972173e-01   9.12510707e-01   1.41265098e+00
   -9.39310786e-01   2.12029613e-01  -9.39448867e-01  -6.89461107e-01
    2.01853710e-01   4.19766675e-01   1.77946319e+00  -1.10029572e+00
    4.39321617e-01   2.68966267e-01  -1.22947093e+00   4.30686200e-01
   -6.46551254e-01   9.83615578e-01  -2.99110237e-01  -2.85258446e-01
    9.13877502e-01  -1.25064055e+00  -4.62971916e-01  -3.45117709e-01
   -2.26466875e+00  -1.20066630e-01  -1.74730734e+00  -2.75735018e+00
   -8.89921287e-01 
   -2.16451705e-01  -1.66512614e+00  -2.25661028e+00   1.80100748e+00
    1.38118998e+00   8.89950768e-01  -4.30719476e-01  -4.47116378e-01
    1.80599197e+00   1.22161583e+00   1.90864471e-01   4.33073783e-01
   -1.64180105e-01   2.35897140e-01  -9.70261420e-01  -4.13434923e-01
   -1.71472859e-01  -1.69204870e+00  -8.26022592e-01   1.57820193e+00
   -4.71433184e-01   7.30489172e-01   3.45413946e-01  -1.43022824e+00
   -4.88190918e-01  -1.40016392e+00  -1.58440141e+00  -5.28169620e-01
    1.11200995e+00  -5.14460657e-01  -8.53782423e-01  -5.95766339e-01
   -1.27927944e-01  