NN 16 32 16   -4.13456782e+00  -1.12908539e+00   2.56020634e-01   4.92554428e-01
    2.76797185e+00  -1.14311737e+00  -2.20579576e+00  -2.43458201e+00
    3.56126282e+00  -1.24658407e+00  -3.72043534e-01   1.33765877e-01
    8.89128124e-01  -2.37513130e-01   2.74062074e-01  -6.90157440e-01
   -9.65285340e-01 
    6.55918780e-01  -6.12772885e-01  -3.32702256e-01   5.60122843e-02
    8.81406007e-01  -4.00914431e-01   2.59311180e-01   5.21917037e-01
   -2.99475805e+00   7.47160061e-01   2.36062720e+00  -4.28328888e+00
    8.68067382e-01   6.40259671e-01  -2.45957813e+00   1.36576540e+00
    6.29078450e-01 
   -1.27024033e+00   1.16502352e-01  -2.47039427e+00   9.30914134e-01
    2.93517135e+00  -1.95981363e+00  -8.46784790e-01  -8.88860038e-01
   -9.87007257e-01   6.49575313e-01  -6.38365419e-01   1.86002784e-01
    1.45258369e+00  -7.20198306e-01  -3.02872190e-01   2.20171712e+00
    1.61414485e-01 
    1.75333549e+00  -6.11507245e-01  -1.42042454e+00   1.16835935e+00
    2.25332621e-01  -1.10750284e+00   8.39498652e-01  -4.06504521e-01
   -1.64727988e+00   1.02892749e+00  -1.65198884e+00   1.77252710e+00
    1.88696420e+00  -1.69474178e+00   1.35559758e+00  -2.01063377e+00
   -1.11510824e-01 
   -1.52907744e-01  -1.75625369e+00   1.67300303e+00  -1.47539442e+00
   -7.79834592e-02  -6.83254452e-01  -9.12967946e-02  -2.23262501e+00
    1.23370159e+00  -6.07772487e-01   3.20566180e-02   2.16396405e+00
    1.56201615e+00   2.32825454e+00  -1.78178028e-01  -1.51609252e+00
   -6.99619065e-01 
   -3.64221549e-01   1.19319398e+00   2.04864068e+00  -1.23307501e+00
    8.29526602e-01   1.25673253e+00   2.25924209e+00  -6.28557672e-01
    6.45313287e-02  -2.08484138e-01  -2.32107624e+00   4.50765899e-01
   -8.68048196e-01  -1.42021945e+00  -4.24653854e-01   6.33744050e-02
    1.71623410e-01 
    1.25361944e+00   1.62460415e+00   1.58116446e+00  -1.97915447e+00
    3.97398163e-02   3.37259911e-01  -2.24201665e+00   1.69400813e+00
   -4.77861742e-01   5.86588056e-01   9.94449258e-01   1.63379589e-01
   -2.64565832e-02  -3.63791883e-01  -1.39455816e+00   8.85389786e-01
   -6.91918076e-01 
    8.69853555e-01  -1.53374046e+00   1.11217453e+00  -3.84338486e-01
    6.28765878e-01   4.42771854e+00  -2.49813643e+00  -1.18890535e-01
    2.59758597e+00   2.37989525e+00   2.37154309e-01  -2.59323223e-01
   -7.11498586e-01  -2.93085015e+00  -1.55260198e+00  -2.23861775e-01
   -7.47370852e-01 
    1.83404510e-01   2.94237062e+00  -6.52181235e-01  -1.08221169e+00
    8.20874409e-01  -1.33488523e+00  -1.31902377e+00  -2.42444695e-01
   -1.75131477e+00   2.45042961e+00   1.59717176e+00  -1.19756083e+00
    1.12155310e+00  -1.90711032e+00   1.56570294e+00  -1.75234777e+00
   -9.81427729e-02 
   -1.25771819e+00  -4.24048840e-01  -7.48814505e-01   1.30068404e+00
    1.75547061e+00  -9.09266233e-01   1.18663633e+00  -7.03671877e-01
   -1.15454409e+00   6.84483523e-01   9.90361836e-01   2.24324808e+00
   -3.19336720e+00   3.49458479e-01  -9.15885423e-01  -1.45002087e+00
    3.51509999e-01 
   -8.46591434e-01   5.44503611e-01   1.98184557e-01  -2.84150207e+00
   -2.64435562e+00  -1.41891598e+00   2.17693219e-01   4.60251282e+00
   -1.53958042e+00   4.53331119e-01  -4.24294377e-01   3.21959183e+00
   -1.24785609e+00  -4.00406011e-01  -6.02416000e-02   6.99749795e-02
   -6.01515191e-01 
    3.35431712e+00  -7.81984143e-01   2.07258408e-01   2.00119424e+00
    1.68372967e+00  -7.24885422e-01  -1.33996590e+00   7.35565199e-01
    2.85917811e-01  -1.29535298e+00   7.26442818e-01  -5.76203514e-01
   -2.98556325e+00   5.75788777e-01   1.20290772e+00  -1.14583196e+00
   -2.91431389e-01 
   -2.48775838e-01  -2.71650669e+00   1.50773928e+00   7.68955630e-03
   -1.34480807e-01   3.32767135e-01  -3.69540228e+00  -6.02282789e-01
   -1.86132535e+00   1.02800715e+00   3.13122166e+00  -2.90126820e-02
   -5.96049070e-01   1.21010508e+00  -6.19932000e-01  -8.94695222e-01
   -1.45931784e+00 
   -5.51541995e-01   3.94528216e-01  -5.00987218e-01   6.09622039e-02
    2.48288225e+00  -2.20939043e+00   1.19218673e+00   9.79775817e-01
    1.13327926e+00   1.50505343e+00  -2.29761624e+00  -1.78110995e+00
   -1.25770833e+00   1.88875477e-01  -4.72494314e-01  -1.51174734e-01
   -1.83656169e-01 
    1.90413213e+00  -1.86288495e+00   7.56251001e-01   3.28353469e+00
   -2.41554740e+00   7.43416653e-01   4.14772457e-01  -9.34435152e-01
   -1.53883698e+00  -4.50565559e-02  -6.00486927e-01  -3.45621065e-01
    6.55667203e-01   2.46666889e+00  -2.27228584e+00  -1.79324484e-01
    6.12756535e-01 
    1.60782402e+00  -1.23360311e+00  -3.47363782e-01   8.46176901e-02
   -3.45417334e-01  -3.72645669e-01   3.16157506e+00  -3.06408143e+00
   -1.13547631e+00  -1.08614949e+00  -6.37264003e-01  -9.85878729e-01
    1.19222786e+00  -2.11684996e+00   9.14845396e-01   6.83058961e-01
    5.17288256e-01 
    1.72618111e+00   6.83391042e-01  -3.04008220e+00  -4.61401658e+00
    1.29450318e+00   3.40765731e-01   5.69130752e-01   1.64035729e+00
    7.07068984e-01   3.96552144e-01  -7.17973448e-01  -1.24230198e+00
   -2.90369012e-01   1.71354675e+00  -4.70990050e-01   1.35586484e+00
    4.06349386e-01 
   -1.68750454e+00   5.66315457e-01  -2.21496884e-01   3.36366923e-01
    6.18792337e-01  -2.01079743e+00   3.17004638e-01   2.40309040e-01
    1.52181339e+00  -1.01203641e+00   1.45121561e+00   3.83261887e-01
    8.76729384e-01  -1.18923606e+00  -8.33942017e-01   1.22968351e+00
   -7.89916228e-01 
   -1.42005143e-01  -2.51666783e+00   2.26790256e+00  -2.98598556e-02
   -2.58830814e+00   2.88550831e-01  -3.71547813e-01   1.76276993e+00
   -2.14542661e-02   1.57605481e+00  -1.73834265e+00  -3.79687397e-01
    5.30130577e-01  -1.01300375e+00   6.69889310e-01   6.99403034e-01
    1.39350097e-01 
   -1.32533910e+00   5.24170078e-01  -7.37860360e-01   2.34280353e+00
   -8.08837225e-01   1.98083180e+00   1.41484778e+00  -1.86668697e+00
    5.61262381e-02  -1.72016955e+00  -4.24406728e-01   6.17525190e-01
    1.80392881e+00  -2.97911161e-01  -3.13015811e-01  -2.53224792e+00
    3.49420131e-01 
   -1.77190782e-01   2.87282693e+00   1.51109010e+00  -6.90503942e-01
   -1.35641152e-01  -4.98761128e+00   1.37580783e+00   3.58017311e+00
    1.49640531e+00  -2.64730939e+00   8.23658503e-01   7.81603836e-02
   -3.36079763e-01  -8.21636966e-01   9.12886278e-01  -3.37160698e-01
   -2.23862386e-01 
   -2.82806712e+00   7.38659409e-01   2.20934086e+00  -6.72653763e-02
    1.67098962e+00  -8.69758863e-01  -1.67699749e+00  -1.78776188e-01
    2.48920152e+00  -1.03662719e+00   3.45710928e-01  -1.75449066e+00
    3.96674766e-01   5.01332421e-01  -1.22810817e+00  -4.89460364e-01
    6.62461584e-01 
    8.60224313e-03  -9.35474059e-01   4.13867150e-01  -5.88781026e-01
    2.60563857e+00  -1.14281623e+00   2.51202083e-01   2.55583574e+00
   -2.68555573e+00  -9.40385122e-01   1.44679569e+00   9.43700496e-01
    3.28369084e-01  -8.85972922e-01  -5.26780085e-01  -1.37565414e+00
   -4.03567509e-01 
   -2.07820188e+00   2.86135495e-01  -1.44535683e+00   2.12342300e+00
   -1.06430941e+00   1.14612566e+00   9.33603959e-01  -7.45809269e-01
    1.08115111e+00   1.40968976e+00   2.00684929e+00  -1.61310057e+00
    8.71149243e-01  -1.46561234e+00   6.10838789e-01  -3.79586636e-01
   -6.48329301e-01 
    2.32288043e+00   1.78189446e+00  -2.11218698e+00  -1.43484651e+00
   -3.81199480e+00  -1.61473093e+00   1.00485525e+00   6.76205619e-01
    1.36555448e+00  -2.44309985e+00   1.88939282e+00  -9.02914390e-03
    8.98349763e-01  -3.16206800e-01  -6.88456602e-01   2.68863465e-01
   -3.88315055e-02 
    1.99741882e+00   4.95053741e-01  -2.20463881e+00   2.28539591e-01
   -1.16221781e+00  -6.90608253e-01   3.01908051e+00  -3.16223198e+00
   -2.41358481e-01  -2.95162380e-01   2.74308178e-01   8.44753414e-01
   -1.51267216e-01   1.37116031e+00   7.62316184e-01   1.42719205e+00
   -4.47131652e-01 
   -6.76535016e-01  -1.94059156e-01   2.04175693e+00  -2.94352900e-01
    1.86531214e+00   2.00205367e+00  -3.62757480e+00   2.82107357e-01
    3.43673293e-01  -8.88686121e-01  -3.58039616e+00   9.37332978e-02
    2.19747800e+00  -1.49171869e+00  -1.52667575e-01   3.41045492e+00
   -3.00779489e-01 
   -5.80916118e-01   3.18600167e+00   1.20873976e+00  -2.61740049e-03
   -1.49676129e+00   1.86561713e+00  -6.59214321e-01   1.65961678e-02
   -9.19909443e-01  -2.51102562e+00  -1.12509422e-01   9.46423376e-02
   -9.03952422e-01   7.24386783e-01  -1.27875971e-01   7.92607240e-01
   -6.46090215e-01 
   -2.71949975e-01  -1.00389750e+00  -1.36609048e+00   6.46002683e-02
   -1.20110815e-01   2.80367540e+00  -5.87097231e-01   7.43056562e-01
    1.93348153e-01  -3.09051224e+00   1.05767884e+00  -2.87762221e-01
   -1.66298594e+00  -4.80140473e-02   3.36557612e+00  -1.69527259e+00
    6.81618174e-01 
   -2.11216504e-01   2.74969469e+00   1.33063399e-01  -1.10216507e+00
    9.84296561e-01  -1.76598596e+00  -2.59689341e+00  -1.26588934e+00
   -6.44562814e-01  -1.04077422e+00  -2.80402152e-01   8.82485259e-01
    8.04408708e-01   4.70080147e-01   2.39994672e-01   9.47350950e-01
   -2.18075704e-01 
   -8.80299155e-01   4.36461955e-02   3.15061782e+00   1.82185137e+00
    7.50784278e-01   4.88794197e-01  -2.48450030e+00  -1.50557771e+00
   -8.37256496e-01   6.58632455e-01  -2.30986287e+00  -1.60311415e+00
   -1.95614111e+00   1.80383572e+00   1.83541562e+00   1.18436281e+00
    1.78360458e-01 
    1.67258616e+00   9.17014751e-01  -1.24490135e+00  -2.39515350e-01
   -9.49453711e-01  -1.58768152e-01  -4.46235934e-01  -5.42990534e-01
    1.85836812e+00   1.76686851e+00  -2.57003473e+00  -2.17298336e+00
   -5.75248162e-01  -1.87237654e+00   2.50798094e+00   8.79488697e-01
   -5.97517803e-01      3.72922167e+00  -1.16035776e+00   3.88266064e-01  -2.08711412e+00
   -1.00167166e+00   1.58505598e+00  -8.53518681e-01  -9.97242588e-01
    3.57745524e-01   6.26682028e-01  -2.44492845e-01  -3.29542787e+00
   -8.28664099e-01   5.76049247e-01   9.93184584e-01  -1.46848911e+00
   -1.82585032e-01  -2.18030013e-02   1.14317654e-01  -1.95228070e-01
   -2.00534938e-01   1.62430383e+00   6.70764241e-01   2.11909285e+00
   -1.32421568e+00  -1.01808540e+00   3.26444615e-01  -7.55075279e-02
   -7.14349853e-03  -2.28282253e-01   8.31313614e-02  -1.05736933e+00
   -7.50174771e-02 
    4.99446431e-01   4.77216826e-01  -2.98824472e-01  -2.28330710e-01
    1.23864249e+00  -3.26178500e-01  -1.20591971e+00   7.40459572e-01
   -2.06530275e+00  -1.93957274e-01  -7.33820532e-01   7.67562638e-02
    1.13584536e+00  -1.33743058e-01   1.53037314e+00   3.52747183e-02
   -9.17038124e-02  -1.16179438e+00   2.11231269e+00  -2.06133172e+00
   -1.34834556e+00   2.87023816e-01   5.06099324e-01   1.25985428e-01
   -1.17919921e+00   7.72530105e-01   6.17901656e-01  -4.71183787e+00
    1.45892154e+00  -1.68890245e+00   1.54736993e-01  -1.14650109e+00
    4.70737420e-01 
    4.60367284e-01  -1.37328586e-01   2.69470473e+00   1.24321030e+00
   -1.86124269e+00  -2.02838172e+00  -1.27179041e+00  -8.34292281e-01
    1.23889304e+00   1.08221097e+00   3.49655024e-01   5.89647562e-01
   -1.95177969e+00   3.53837488e-02  -5.25359644e-01  -1.24741682e+00
    2.06704718e+00   5.12127166e-02  -1.38282813e+00   1.50243565e+00
   -1.34173668e+00  -2.53376448e+00  -8.96061606e-01   1.24516257e+00
    1.33528957e+00   5.96953935e-01  -2.60341154e+00  -3.90663530e-01
    2.26626064e+00  -3.71140716e-02  -2.20765795e+00   8.91212964e-01
   -3.23514956e-01 
   -1.53666831e+00   1.80502912e-01  -1.51087474e+00  -1.02404776e+00
    1.99178486e+00   1.27789204e+00   1.20721242e+00   6.09334415e-02
    5.34778258e-01  -8.88448623e-01   2.95939482e+00  -1.93988020e+00
    2.56698215e-01  -8.08261584e-01  -3.30574165e+00   2.05883954e-01
    3.91395289e+00  -1.35051021e-01  -7.39589273e-02  -2.20750401e+00
   -1.08522548e+00   4.59704064e-01   7.75075388e-01  -2.93339704e+00
    5.48194839e-01   5.50385696e-01   8.21321951e-02   1.95928981e-01
   -2.44677906e-01   3.53036991e-01  -1.69607420e+00  -5.96733809e-01
   -2.02827168e-01 
   -2.07141391e+00  -1.31145015e+00  -2.34662797e+00  -6.30423956e-01
   -1.07642551e-01  -3.03392282e-01  -2.09889591e-01  -1.33629530e+00
   -2.50156302e-01  -3.09768730e+00   1.63081512e+00  -7.20206768e-01
   -2.49520734e-01  -2.62230941e+00   2.95802250e+00  -1.77470810e+00
   -4.46620445e-02  -1.68272278e+00   2.49341293e+00  -3.43178257e-01
    1.23375363e+00  -1.11104210e+00  -3.53746082e+00   2.16078639e+00
    1.77341763e+00   1.21891499e+00  -1.50408337e+00   6.71327682e-02
   -5.10470472e-02   1.08077844e-02  -9.96568304e-01   1.97056030e+00
   -1.86615435e-01 
   -1.75900401e+00  -2.97862696e-01   5.08525193e-01   1.74277445e-01
    1.17650218e+00  -6.45829285e-01  -4.71811916e-01  -3.52478456e+00
    1.18814139e+00   9.54874128e-02  -2.27393106e-01   3.70403031e-01
   -9.94130150e-01   1.89891709e+00  -7.41957684e-01  -2.16043536e+00
   -1.40934434e+00   6.78723188e-01  -1.83663106e-01  -2.51760862e+00
    4.26516429e+00   5.49249947e-01  -2.56474237e-01  -2.77396261e-01
    5.29740354e-01   5.90984632e-01  -1.21463754e+00  -1.76905443e+00
   -3.89632174e+00   7.51583217e-01  -1.53368627e-01   4.08003407e-01
   -3.65970741e-04 
    8.86913983e-01  -1.56889985e+00  -3.15747213e-02  -7.80494393e-01
   -1.24608455e-01  -2.73430186e+00   9.67722714e-01   1.01520662e+00
    6.48792570e-01  -2.05068405e+00  -5.06769613e-01   2.76107085e+00
    2.98784420e+00  -1.64890830e+00  -1.12986203e+00  -3.98529438e+00
   -8.20322104e-01   2.57341854e-02   9.56390607e-02  -7.12783419e-01
   -8.46129658e-01  -1.08421728e-01  -3.64105125e-01  -8.26007861e-01
   -1.26436740e+00  -2.07554973e+00   9.08031378e-01   3.92547050e-01
    5.70278427e-01   2.75970545e+00   1.12662495e+00   1.41460050e-01
   -4.27476799e-01 
    1.03500697e-01  -6.79536963e-01   2.14206773e+00  -7.07908751e-01
    1.85471325e+00  -7.41984875e-02  -9.71406745e-01  -2.38855203e-01
   -2.27551758e-01   5.02512273e-01  -4.45506616e+00   9.47997038e-02
    3.32086949e-01  -2.01222250e+00  -4.92978948e-01   2.22977134e+00
   -2.64046717e+00  -5.40665133e-01  -2.29305191e+00  -2.35279913e-01
   -2.71051268e+00  -5.46350814e-03  -3.04026967e+00   2.89541901e-01
   -3.50727642e-01   3.43424385e+00   3.10954512e-01   7.53875646e-01
   -1.47712441e+00   7.41748445e-01   1.23726313e+00  -2.20476831e-01
   -1.26716480e+00 
   -2.14576693e+00   2.53834254e+00   1.33388856e+00   1.64437568e+00
   -2.11803396e+00  -2.83978626e-01   1.26376714e+00  -2.40414184e+00
    2.49225314e+00   3.79202124e-01   7.94833757e-01  -1.60586395e+00
    1.03732663e+00  -1.70585033e+00   1.78076743e+00   1.19326354e+00
   -6.01095434e-01  -2.53768906e+00  -4.23041477e-01   4.59286414e-01
   -1.46161683e+00  -1.80431053e+00   2.36574909e+00  -1.22621569e+00
   -2.05644956e+00  -3.60517242e-01  -3.59241926e-02   2.20829673e-01
   -1.49036995e+00   6.38612690e-02   1.44668854e+00  -2.00523496e+00
   -5.87623709e-01 
    1.19473157e+00  -1.00242572e+00  -9.61843817e-01  -1.61075194e+00
   -4.16338975e-02   1.26319174e-01  -1.09445443e+00  -2.61646162e+00
   -2.68968195e+00  -2.65231815e+00  -1.98004595e+00   2.02976055e+00
   -2.60980699e+00  -1.46858348e+00   3.60019721e-01   3.60932995e-01
    5.22885071e-01  -8.90082934e-02  -2.27789220e+00   1.71750297e+00
    1.33931203e+00   1.24831975e+00   5.17593064e-01  -2.48722306e+00
    2.70524070e+00  -9.70593297e-01   2.20824099e+00   6.28207724e-01
    2.83449984e+00   4.58870654e-01   3.09461209e-02  -2.05149620e+00
   -4.80545399e-01 
    1.38788495e-02  -3.02642095e+00   5.22301873e-01   1.05805461e+00
   -5.81365628e-01   1.41183107e+00  -1.22569155e+00  -2.23539817e+00
   -1.94109384e+00  -2.06843912e-01   1.19374355e+00  -3.63559294e-02
   -2.60621964e+00   1.88941785e+00  -3.36627794e-01   3.02061707e-01
    3.66886384e-01  -1.40137181e+00   1.15607958e+00   1.60253232e+00
   -8.05215097e-01  -1.33980564e+00  -1.41064997e+00  -2.96322950e+00
   -1.60861343e+00  -1.69450623e+00   3.70740812e+00   9.65858877e-01
   -1.18441612e+00  -3.45350487e-01   1.62590627e+00   2.68963807e+00
   -5.42658098e-01 
   -1.15285105e+00   4.73857417e+00  -1.46878011e+00  -2.63950737e+00
   -2.24960356e+00  -1.24571026e+00  -1.18631136e+00  -1.91105747e-01
    1.09577953e+00  -2.39824232e+00  -2.70482344e+00   3.32699221e-01
   -6.56391221e-01   1.34943868e+00  -4.05389616e-01   1.60766283e+00
   -5.90454122e-01  -5.56246729e-01  -5.04512309e-02  -9.39818649e-01
    7.87831979e-01   1.78926282e+00  -6.20670181e-01   9.94336507e-01
    4.24893926e-01  -1.69035178e+00  -1.58676130e+00  -2.43065454e-02
    1.12816681e+00  -1.01052414e+00   1.78992717e+00   1.21422163e+00
   -7.29212925e-01 
   -4.29094572e-01  -9.72178309e-01  -2.53541899e+00  -2.12823949e+00
   -2.17034087e+00   1.00845615e+00  -7.02468142e-02  -1.64861605e-01
   -6.99565603e-01   3.71484275e+00   1.23117726e-01   2.23330611e+00
   -9.86396808e-01   4.27940615e-01  -5.51302821e-01  -1.34405643e+00
   -1.12868547e-01  -1.12014432e+00  -4.56939812e-01  -1.52210295e+00
    2.97826275e-01  -3.37794293e-01  -9.00216272e-01  -6.98947050e-01
   -1.29149053e-01  -2.03766554e-01  -1.96206801e+00   5.27480709e-01
    1.59428917e+00  -1.25569171e+00   2.12429047e+00  -4.23737451e-01
   -2.06808136e-01 
   -2.34106571e-01  -7.98812000e-01   4.76874960e-01   1.97677912e+00
   -2.45424311e+00   1.36572534e+00  -2.54679290e-01   1.14680478e+00
    9.66855948e-01  -7.58825357e-01  -9.52962693e-01   1.30176477e-01
   -1.72883796e+00  -7.54633262e-01  -2.76127226e+00   2.21675729e+00
   -3.14093276e+00   4.88555862e-01   1.03261318e+00  -8.48223937e-01
    8.90540292e-01  -5.65111396e-01   1.49889891e+00   3.72514692e-01
    2.29862523e-01  -2.13897552e+00   9.51911641e-01  -1.36232169e+00
   -1.67855065e-02  -1.20479867e+00  -9.38155774e-01   7.44793363e-01
   -6.01995477e-01 
   -5.90989631e-01   2.29849693e+00   3.24847161e-01  -1.10784172e+00
   -9.78478013e-01  -2.29831013e-01   9.61725538e-01   1.57271233e+00
   -1.14262373e+00   2.65449606e-01  -1.00975488e+00  -6.35007075e-01
    2.22064796e-01   3.60446294e-01   2.05081341e+00  -1.21563455e+00
    4.79985234e-01   2.48202377e-01  -1.45132034e+00   4.30733021e-01
   -8.29597934e-01   9.60377897e-01  -3.96977106e-01  -4.04722573e-01
    1.03229872e+00  -1.22926198e+00  -4.08780649e-01  -4.29598537e-01
   -2.69980433e+00  -1.74216565e-01  -1.99120101e+00  -2.99485879e+00
   -9.95178144e-01 
   -1.53282691e-01  -1.82143411e+00  -2.43383041e+00   2.11001811e+00
    1.40177291e+00   8.84582014e-01  -4.07946563e-01  -5.06956382e-01
    2.15444575e+00   1.28870129e+00   2.03056145e-01   5.56168221e-01
   -2.87618054e-02   2.70260952e-01  -1.06638293e+00  -6.41059224e-01
   -2.51002753e-01  -1.95052805e+00  -9.45870776e-01   1.69737953e+00
   -4.18966288e-01   7.64384752e-01   4.67428063e-01  -1.59992071e+00
   -4.86460018e-01  -1.62847104e+00  -1.66116012e+00  -6.78017602e-01
    1.14445538e+00  -4.94569368e-01  -9.01345874e-01  -6.77648149e-01
   -1.98129765e-01  