NN 16 32 16   -3.63950494e+00  -9.99788042e-01  -3.92247825e-02   5.83937214e-01
    2.26830954e+00  -9.93107810e-01  -1.85621730e+00  -2.07357919e+00
    3.06486957e+00  -1.20259333e+00  -1.71307996e-01   2.80004988e-01
    8.41157845e-01  -2.37239610e-01   2.32583408e-01  -5.03303649e-01
   -8.40011256e-01 
    6.19638876e-01  -4.83880765e-01  -4.59283251e-01  -1.72925095e-01
    1.11604421e+00  -4.71438964e-01   6.99796520e-04   5.74453323e-01
   -2.53982831e+00   6.59500207e-01   2.15222811e+00  -3.63387095e+00
    7.28284864e-01   6.93489707e-01  -1.92879315e+00   1.30624731e+00
    5.73275687e-01 
   -8.73685005e-01   8.82765651e-02  -2.50867747e+00   8.83378558e-01
    2.54541492e+00  -1.84553970e+00  -5.04917891e-01  -5.93204638e-01
   -9.67696464e-01   5.83692320e-01  -1.86863455e-02   2.59665728e-01
    1.53294596e+00  -7.18841166e-01  -1.61817388e-01   2.01062030e+00
    1.96649013e-01 
    1.65782816e+00  -7.70185640e-01  -1.35612988e+00   1.04190989e+00
    7.63153464e-02  -1.10172618e+00   8.40391992e-01  -2.29320232e-01
   -1.43873039e+00   8.23473872e-01  -1.44434489e+00   1.70993624e+00
    1.75358740e+00  -1.53073950e+00   1.17688896e+00  -1.82094940e+00
   -1.91419737e-01 
   -3.69171609e-01  -1.41666955e+00   1.51546638e+00  -1.09778650e+00
   -2.19945743e-01  -6.29851265e-01   7.10545792e-02  -2.04460049e+00
    1.16342677e+00  -4.60883178e-01   2.45891246e-02   2.00485926e+00
    1.58608786e+00   2.10638594e+00  -1.14181123e-01  -1.44618960e+00
   -7.12373144e-01 
   -4.07424029e-01   1.21624740e+00   1.72415619e+00  -1.25616344e+00
    7.48725810e-01   1.23615545e+00   1.91723834e+00  -3.15582010e-01
   -6.96440349e-02  -2.19183362e-01  -1.94445714e+00   4.76976173e-01
   -7.83848940e-01  -1.34719542e+00  -3.71858997e-01  -8.85357193e-02
    6.81271075e-02 
    7.37954163e-01   1.62113320e+00   1.54296221e+00  -1.81234163e+00
   -1.09780974e-01   9.18806104e-02  -1.76917626e+00   1.20551914e+00
   -5.40940617e-01   5.33132236e-01   7.86681308e-01   3.69819481e-01
   -1.16451217e-01  -3.42560842e-01  -1.35184376e+00   8.57968030e-01
   -6.26430195e-01 
    6.95438054e-01  -1.17664016e+00   1.15164318e+00  -3.33517252e-01
    5.73460772e-01   4.02098967e+00  -2.08637053e+00  -1.65210751e-01
    2.33025940e+00   2.26214224e+00   4.78809602e-01  -5.18626645e-01
   -5.96850377e-01  -2.53285456e+00  -1.26544103e+00  -5.82730147e-02
   -6.32132554e-01 
    1.15249636e-01   2.60046708e+00  -9.96641784e-01  -8.78086635e-01
    7.29037965e-01  -1.33611295e+00  -1.12442199e+00  -1.43022667e-01
   -1.65469800e+00   2.30318584e+00   1.33996505e+00  -1.23920635e+00
    7.25164365e-01  -1.73498027e+00   1.26670404e+00  -1.57615398e+00
   -1.89100725e-01 
   -1.39828240e+00  -6.36447615e-02  -6.54962112e-01   1.28377062e+00
    1.76101798e+00  -8.54617469e-01   1.21186061e+00  -7.27800557e-01
   -9.38504977e-01   1.11918259e+00   5.80313187e-01   1.90672310e+00
   -2.56445561e+00   5.81023041e-01  -4.78589343e-01  -1.24033206e+00
    3.85222279e-01 
   -4.55472437e-01   4.90725653e-01  -1.32122605e-02  -2.80704163e+00
   -1.99522012e+00  -1.38194458e+00   1.81139087e-01   3.93523742e+00
   -1.10522274e+00   6.55127981e-01  -6.93470537e-01   2.95269055e+00
   -9.03165789e-01  -2.49206286e-01  -5.12703986e-02   4.81775886e-02
   -5.65359372e-01 
    2.83467929e+00  -7.88028849e-01   2.04381044e-01   1.94762973e+00
    1.57025462e+00  -5.47533034e-01  -1.25099654e+00   6.89319380e-01
    2.33108725e-01  -1.10171614e+00   3.93247814e-01  -4.43120177e-01
   -2.84307280e+00   3.97783126e-01   9.53024463e-01  -8.54500181e-01
   -1.45926222e-01 
   -2.55870441e-01  -1.93244088e+00   1.30607733e+00   7.07310661e-02
    2.19645552e-03   2.54738467e-01  -3.41601158e+00  -7.47370273e-02
   -1.75906273e+00   1.06615624e+00   2.91884588e+00   2.44789617e-01
   -3.76565184e-01   1.21679653e+00  -6.58556598e-01  -6.77953458e-01
   -1.25234400e+00 
   -4.02309401e-01   2.71515541e-01  -5.45126866e-01   9.83977578e-02
    2.17935698e+00  -1.92145016e+00   7.42293861e-01   8.86231423e-01
    1.03235517e+00   1.58270921e+00  -2.28033796e+00  -1.76225967e+00
   -9.17601979e-01   3.30113180e-01  -3.81433849e-01  -1.36249474e-01
   -1.30372476e-01 
    1.49055967e+00  -1.86828953e+00   5.30816065e-01   2.76586439e+00
   -2.21163668e+00   8.41432672e-01   4.22592126e-01  -9.63523424e-01
   -1.65733943e+00  -7.33243429e-02  -2.81322829e-01  -2.97223654e-01
    7.20403511e-01   2.31819443e+00  -2.02838377e+00  -1.24806203e-01
    5.79604357e-01 
    1.35671945e+00  -9.90830240e-01  -2.17420234e-01   2.68256715e-02
   -1.51432516e-01  -2.82604947e-01   3.07893541e+00  -2.87496847e+00
   -1.37009060e+00  -8.41275347e-01  -4.12879973e-01  -8.87159729e-01
    1.30332978e+00  -1.81606553e+00   8.59793068e-01   4.89087352e-01
    5.03869133e-01 
    1.48876926e+00   7.48191233e-01  -3.02051506e+00  -4.08653854e+00
    9.28781987e-01   2.76735356e-02   9.46360220e-01   1.45851705e+00
    8.08753916e-01   1.84548145e-01  -8.58506487e-01  -1.09992668e+00
   -2.89437550e-01   1.77190147e+00  -4.98966663e-01   1.07975365e+00
    2.41070528e-01 
   -1.42297789e+00   4.33571104e-01  -2.20563336e-01   1.91727669e-01
    7.17861827e-01  -1.46339746e+00   1.40787356e-01   1.96278391e-01
    1.52374335e+00  -8.75751798e-01   1.05687666e+00   1.11406061e-01
    8.91118423e-01  -1.00152527e+00  -6.31493521e-01   1.17345889e+00
   -6.27979122e-01 
   -1.34323908e-01  -2.28955269e+00   2.15268774e+00  -3.16073684e-02
   -2.42304590e+00   3.68384812e-01  -2.43765732e-01   1.48680665e+00
    1.72263528e-01   1.57517033e+00  -1.62730939e+00  -3.86538465e-01
    6.23471711e-01  -1.16428216e+00   6.23485849e-01   6.46313471e-01
    1.31428875e-01 
   -1.29842653e+00   5.28381953e-01  -7.58694177e-01   1.95598250e+00
   -8.14542183e-01   1.79335479e+00   1.05901785e+00  -1.66280096e+00
   -2.43913993e-01  -1.76894083e+00  -7.09028679e-01   6.49273166e-01
    1.75389546e+00   1.78233958e-01  -2.49833581e-01  -2.16729467e+00
    3.46174368e-01 
   -2.29963042e-02   2.64073034e+00   1.06552088e+00  -6.53088253e-01
   -2.23051224e-01  -4.52391259e+00   1.20525345e+00   3.33782610e+00
    1.42720982e+00  -2.07625805e+00   6.85150603e-01  -2.57679543e-01
   -5.27723787e-01  -6.55926375e-01   6.86820601e-01  -2.59102317e-01
   -2.63182671e-01 
   -2.56161751e+00   9.41775073e-01   1.82891181e+00  -2.13212422e-01
    1.58387465e+00  -8.83942983e-01  -1.11750240e+00  -5.12876789e-01
    2.28689640e+00  -1.25338393e+00   2.57691527e-01  -1.76806744e+00
    5.14230489e-01   4.72770475e-01  -1.12744366e+00  -4.39257348e-01
    6.08848039e-01 
   -2.49459121e-01  -5.72692549e-01   5.97149886e-01  -8.66981370e-01
    2.21880182e+00  -1.35152570e+00   7.48340252e-02   2.27720105e+00
   -2.51544076e+00  -7.18980193e-01   1.26789247e+00   7.85133688e-01
    4.87862630e-01  -7.36863334e-01  -4.15604249e-01  -1.00349084e+00
   -3.32655136e-01 
   -1.98423468e+00   2.07144120e-01  -1.38004622e+00   1.99458383e+00
   -9.58226149e-01   9.83772300e-01   7.83591059e-01  -5.61674861e-01
    1.07556906e+00   1.56203761e+00   1.70097730e+00  -1.74573167e+00
    7.68390222e-01  -1.28578307e+00   5.89090361e-01  -1.87014312e-01
   -5.91311347e-01 
    1.82193834e+00   1.58270814e+00  -2.03915744e+00  -8.67901355e-01
   -3.45515666e+00  -1.12732619e+00   9.76879844e-01   6.73276931e-01
    1.27948439e+00  -2.51548962e+00   1.87839539e+00  -2.46778055e-01
    5.11483012e-01  -3.10880362e-01  -7.41343393e-01   1.28267393e-01
   -1.42518894e-01 
    1.77687225e+00   9.29985898e-02  -1.78833412e+00  -2.09136268e-01
   -1.01555758e+00  -4.40338933e-01   2.74150663e+00  -2.92533604e+00
   -1.58782263e-01  -2.23768108e-01   2.76455962e-01   9.12973055e-01
   -2.28279676e-01   1.29869906e+00   8.19158736e-01   1.07258076e+00
   -5.66429094e-01 
   -6.17873147e-01  -5.16835427e-01   2.03196799e+00  -3.68460279e-01
    1.53851606e+00   1.85344181e+00  -3.04360632e+00   2.02131828e-01
    2.77979702e-01  -7.84514894e-01  -3.13026515e+00   2.85361707e-01
    1.86835711e+00  -1.32315645e+00  -2.61372635e-02   2.95378378e+00
   -2.26183294e-01 
   -7.70706440e-01   2.67998373e+00   1.34327295e+00  -7.22998547e-02
   -1.24530732e+00   2.07764403e+00  -3.80807727e-01  -8.22311983e-02
   -9.14165785e-01  -2.04500355e+00  -2.21106109e-01  -5.46718912e-02
   -8.53931549e-01   6.65085913e-01  -7.48930259e-03   7.97146927e-01
   -4.44243545e-01 
   -3.33054944e-01  -1.14490216e+00  -1.13795474e+00   1.36647991e-01
    3.23383832e-02   2.44595999e+00  -7.63193782e-01   7.39861646e-01
    2.32620301e-01  -2.61947398e+00   1.29530336e+00  -2.79775035e-01
   -1.41445424e+00   8.39456168e-03   2.90981949e+00  -1.48503806e+00
    5.71306332e-01 
   -2.96406277e-01   2.19788074e+00   2.84214089e-01  -7.62202224e-01
    9.40852050e-01  -1.55864472e+00  -2.37699953e+00  -1.41283697e+00
   -3.71206743e-01  -8.27296747e-01  -1.36081502e-01   9.95137175e-01
    7.72013743e-01   5.08637249e-01   1.03124083e-01   1.03724069e+00
   -2.55324502e-02 
   -9.88631377e-01   2.17902016e-01   2.63595855e+00   1.58991516e+00
    1.06065361e+00   3.94971771e-01  -2.09792488e+00  -1.18665118e+00
   -6.70532903e-01   8.47030786e-01  -1.88737279e+00  -1.38420442e+00
   -1.60970608e+00   1.51851613e+00   1.58759698e+00   1.13759409e+00
    2.99087971e-01 
    1.39742662e+00   9.01228047e-01  -1.09152389e+00  -2.67395845e-01
   -8.73906080e-01  -3.03210463e-01  -4.94902358e-01  -5.75367581e-01
    1.64566043e+00   1.41915630e+00  -2.37818455e+00  -1.97877777e+00
   -5.35637044e-01  -1.70666321e+00   2.32796333e+00   7.18585412e-01
   -5.88664716e-01      3.44215378e+00  -9.71245169e-01   1.87222812e-01  -2.02481175e+00
   -8.32694533e-01   1.22501284e+00  -7.53311011e-01  -1.03235926e+00
    4.75573354e-01   8.66346852e-01   2.19646241e-01  -3.09046626e+00
   -8.97195116e-01   3.53075007e-01   8.66743331e-01  -1.59059070e+00
   -1.98805457e-01   1.31173505e-01   2.80222491e-01   2.18029769e-01
   -2.86814254e-01   1.94796159e+00   5.51045526e-01   2.01996735e+00
   -1.56795040e+00  -8.31743857e-01   3.54647578e-01  -2.93318964e-01
   -2.32643180e-01  -4.72143422e-01   2.00246874e-01  -1.40788328e+00
   -2.09015818e-01 
    6.61567108e-01   5.17851794e-01  -2.56444443e-01  -1.03070583e-01
    9.63561199e-01  -2.75053923e-01  -1.40798105e+00   1.08403284e+00
   -2.19477198e+00  -1.73334079e-01  -1.00633191e+00   1.19670396e-01
    1.33336310e+00  -3.79970192e-01   1.68727525e+00   1.54567916e-01
   -2.04468767e-02  -8.51613453e-01   2.13958525e+00  -2.03476925e+00
   -1.47488319e+00   2.17383844e-01   4.47328464e-01   1.58080067e-01
   -1.32011529e+00   6.82791423e-01   7.72712156e-01  -4.19625794e+00
    1.37432382e+00  -1.73523818e+00   4.38596298e-02  -1.35504037e+00
    2.23677430e-01 
    5.88349096e-01   3.85530777e-02   2.75691574e+00   1.00250195e+00
   -1.89602042e+00  -1.71739142e+00  -9.66135854e-01  -1.01998920e+00
    1.48293297e+00   1.11047093e+00   4.02296435e-01   5.76640669e-01
   -2.15376290e+00   5.63127757e-02  -4.03223085e-01  -1.31839051e+00
    2.18151786e+00   1.55584759e-02  -1.40106778e+00   1.10302511e+00
   -1.27473465e+00  -2.53341902e+00  -1.16531565e+00   1.18304170e+00
    1.26842689e+00   8.03695633e-01  -2.38340564e+00  -6.41023358e-01
    1.95456257e+00  -3.39130446e-01  -2.39317830e+00   8.13313058e-01
   -3.84457443e-01 
   -1.36011760e+00   3.79515758e-01  -1.38421359e+00  -9.85045032e-01
    1.78925117e+00   1.40261454e+00   1.22089918e+00   6.42946817e-02
    5.37020569e-01  -7.64854144e-01   2.67748090e+00  -2.11053703e+00
    5.30365476e-01  -9.55187426e-01  -3.20503093e+00   1.23194015e-01
    3.83811219e+00  -1.45843928e-01   2.10279351e-01  -2.09722705e+00
   -9.54194489e-01   5.88349859e-01   7.98580135e-01  -2.92335755e+00
    5.34635780e-01   6.49465902e-01  -1.03171726e-01   1.30043022e-01
   -4.35748515e-01   3.41655590e-01  -1.71133752e+00  -6.12181328e-01
   -1.41416852e-01 
   -1.76050522e+00  -1.19433642e+00  -2.28732359e+00  -5.50021084e-01
    2.64344545e-01  -2.95103094e-01   3.76730666e-02  -1.21495040e+00
   -3.33297184e-01  -2.67004319e+00   1.39714973e+00  -5.38501082e-01
   -5.91501096e-02  -2.42225590e+00   2.72831314e+00  -1.66881512e+00
   -2.20476746e-01  -1.46963706e+00   2.49469901e+00  -9.38392508e-02
    1.28871915e+00  -1.35143155e+00  -3.10283277e+00   2.07635482e+00
    2.03373780e+00   1.35871678e+00  -1.50312139e+00  -1.77521648e-01
   -5.49168597e-01  -3.41376606e-01  -1.17330914e+00   1.56566842e+00
   -2.01180182e-01 
   -1.25218113e+00  -2.16536162e-01   7.20690203e-01   6.06511668e-01
    9.66490680e-01  -6.40922316e-01  -3.77341471e-01  -3.55140576e+00
    1.08721930e+00   3.30530892e-02  -1.44749809e-01   4.63670854e-01
   -8.33380715e-01   1.97004872e+00  -8.90619261e-01  -2.02806222e+00
   -1.25537195e+00   5.86845312e-01  -8.81177579e-02  -2.63640541e+00
    4.59474487e+00   4.02671757e-01   7.98598302e-02  -1.17884099e-02
    2.54145976e-01   4.82604517e-01  -1.33580152e+00  -1.61964446e+00
   -3.62387905e+00   7.96458058e-01  -2.14547988e-01   3.30163328e-01
    5.97218538e-02 
    6.88284407e-01  -1.08961202e+00   1.90125709e-01  -1.05930783e+00
   -1.66403174e-01  -2.11286757e+00   1.13576368e+00   7.90134148e-01
    3.48895745e-01  -2.08242360e+00  -7.06993790e-01   2.53477898e+00
    3.00690469e+00  -1.72231980e+00  -1.11052150e+00  -3.83940652e+00
   -1.11170404e+00   1.57712840e-01  -3.09660367e-01  -2.74907214e-01
   -7.88049506e-01  -2.93401327e-01  -3.75721602e-01  -6.67931668e-01
   -1.41500692e+00  -1.66512474e+00   1.14332297e+00   3.26647695e-01
    3.50607337e-01   2.83119092e+00   6.97774969e-01   2.83340611e-01
   -3.62771205e-01 
    1.30998018e-01  -7.21327520e-01   2.08842873e+00  -6.96747221e-01
    1.59279611e+00  -1.87015152e-01  -8.87688994e-01  -1.89010275e-01
   -2.50582459e-01   4.99258319e-01  -4.24144396e+00   7.95777448e-02
    2.89043838e-02  -1.66912531e+00  -4.95835325e-01   2.17490351e+00
   -2.35765573e+00  -5.36611181e-01  -2.37011541e+00  -4.60965063e-01
   -2.38309590e+00  -2.22588751e-01  -2.75014291e+00   8.78667037e-02
   -5.43934513e-01   3.33313694e+00   4.55167644e-01   5.15339542e-01
   -1.52812135e+00   8.47030220e-01   1.06358240e+00  -2.20563754e-01
   -9.25145271e-01 
   -2.00086465e+00   2.40629599e+00   1.16734445e+00   1.30212195e+00
   -2.04377715e+00  -3.49413637e-01   1.25468179e+00  -2.26311765e+00
    2.17624601e+00   3.44187943e-01   6.51829449e-01  -1.37164017e+00
    1.20750598e+00  -1.51108778e+00   1.99666107e+00   1.19132609e+00
   -8.25457401e-01  -2.22195573e+00  -3.61322047e-01   5.26437261e-01
   -1.38766642e+00  -1.64835828e+00   2.12109628e+00  -1.30519261e+00
   -1.79942623e+00  -5.39095816e-01   4.38416699e-02   5.84284998e-01
   -1.24032470e+00  -1.04065140e-01   1.55259800e+00  -1.82667896e+00
   -4.95279619e-01 
    9.10893924e-01  -9.36215895e-01  -8.92780516e-01  -1.30345203e+00
   -1.11335739e-01   2.90966124e-01  -8.99179122e-01  -2.35408537e+00
   -2.41280850e+00  -2.57900475e+00  -1.81510197e+00   1.64312242e+00
   -2.46417826e+00  -1.41340610e+00   7.76454734e-02   1.36156269e-01
    6.33861134e-01  -5.22877789e-02  -2.13229528e+00   1.72690872e+00
    1.27649443e+00   1.19583471e+00   5.68551173e-01  -2.68630938e+00
    2.59192990e+00  -6.30914062e-01   1.88539253e+00   4.07020642e-01
    2.30409951e+00   3.45946836e-01   4.53996499e-02  -1.74072138e+00
   -3.17532056e-01 
   -1.84364301e-01  -2.73449743e+00   3.28704406e-01   8.55688537e-01
   -6.07757148e-01   1.23056106e+00  -1.12624185e+00  -2.21068092e+00
   -1.59429504e+00  -3.02761685e-02   1.16031762e+00   1.17351725e-01
   -2.63839049e+00   1.86173777e+00  -3.34876369e-01   2.04271328e-01
    5.56626275e-01  -1.25780747e+00   1.01874624e+00   1.65644223e+00
   -7.85756299e-01  -1.29247155e+00  -1.31905740e+00  -2.60471694e+00
   -1.67853015e+00  -1.59595776e+00   3.35913103e+00   1.02355851e+00
   -1.12230023e+00  -4.18751656e-01   1.56270605e+00   2.46118441e+00
   -4.24426027e-01 
   -1.30331662e+00   4.20311982e+00  -1.24475824e+00  -2.53113028e+00
   -2.04370963e+00  -1.23870445e+00  -1.12830789e+00  -3.54796332e-03
    1.06196292e+00  -2.28347047e+00  -2.60756213e+00   2.93883182e-01
   -7.07966541e-01   1.25754484e+00  -1.17828111e-01   1.60596089e+00
   -7.86276848e-01  -4.87170166e-01  -1.08769872e-01  -8.61369449e-01
    7.72719076e-01   1.81074065e+00  -5.43664000e-01   8.55677123e-01
    6.59013525e-01  -1.70522148e+00  -1.47084921e+00  -5.81871646e-02
    1.01849338e+00  -8.34899372e-01   1.49230209e+00   1.04387007e+00
   -6.18209305e-01 
   -4.38559978e-01  -9.54431133e-01  -2.51870075e+00  -2.02870262e+00
   -2.03346197e+00   8.87841769e-01   8.60612930e-03  -2.00237434e-01
   -6.41756870e-01   3.28976209e+00   4.05753886e-02   2.11294622e+00
   -1.02485006e+00   2.39148811e-01  -4.51669234e-01  -1.28949173e+00
   -9.96198684e-02  -1.11190647e+00  -4.10950646e-01  -1.39643337e+00
    3.43802445e-01  -4.13145180e-01  -8.94004140e-01  -7.16728656e-01
   -6.73013545e-03  -2.00016341e-01  -1.77907562e+00   4.51920843e-01
    1.51158226e+00  -1.20022369e+00   1.92072731e+00  -4.40904953e-01
   -2.31163468e-01 
   -3.28535633e-01  -7.99272998e-01   5.37135388e-01   1.88631024e+00
   -2.25626644e+00   1.21694941e+00  -2.13753819e-01   9.34133364e-01
    9.29092133e-01  -7.41159217e-01  -8.67685828e-01   3.47869357e-02
   -1.67257409e+00  -7.14397651e-01  -2.52249782e+00   1.97110113e+00
   -2.86253394e+00   3.54588104e-01   9.56779176e-01  -8.03309330e-01
    7.32391691e-01  -6.56217060e-01   1.35526771e+00   3.26138682e-01
    3.29902003e-01  -2.03001079e+00   8.98594848e-01  -1.28004354e+00
    8.10631069e-02  -1.05391920e+00  -8.98503820e-01   7.01068940e-01
   -4.86587984e-01 
   -6.04868087e-01   1.98074534e+00   2.47921745e-01  -1.09844900e+00
   -9.96848349e-01  -1.66295824e-01   9.32146460e-01   1.42109145e+00
   -9.37227353e-01   1.94470986e-01  -9.42702300e-01  -7.03741392e-01
    1.97164918e-01   4.22248179e-01   1.77615107e+00  -1.10884151e+00
    4.50807780e-01   2.54396418e-01  -1.24917814e+00   4.10261856e-01
   -6.53013586e-01   9.91424174e-01  -2.82753813e-01  -3.08395001e-01
    9.06661123e-01  -1.28470003e+00  -4.54873248e-01  -3.29002528e-01
   -2.29764194e+00  -1.27803557e-01  -1.75992844e+00  -2.77388879e+00
   -9.07555029e-01 
   -2.16632368e-01  -1.68723548e+00  -2.27636243e+00   1.82499248e+00
    1.35999251e+00   8.82330051e-01  -4.53144097e-01  -4.75204819e-01
    1.83091689e+00   1.22837224e+00   1.70792415e-01   4.34154709e-01
   -1.70363013e-01   2.40847672e-01  -1.00415900e+00  -4.31804569e-01
   -1.90587994e-01  -1.72697300e+00  -8.64975224e-01   1.57445648e+00
   -4.69403640e-01   7.22816041e-01   3.33092195e-01  -1.46928983e+00
   -4.97583584e-01  -1.43379193e+00  -1.62042052e+00  -5.52445245e-01
    1.08397809e+00  -5.12193895e-01  -8.78554179e-01  -5.97411501e-01
   -1.68081849e-01  