NN 16 32 16   -3.90359608e+00  -1.27111729e+00  -1.08835231e-01   6.88287945e-01
    2.48125232e+00  -1.00130168e+00  -2.01886291e+00  -2.21552199e+00
    3.47711812e+00  -1.17809521e+00  -2.83153050e-01   1.95001130e-01
    8.69209215e-01  -2.95077237e-01   2.34555346e-01  -6.45197487e-01
   -9.44456998e-01 
    5.48503879e-01  -4.69272865e-01  -3.75482489e-01  -7.76044825e-02
    1.12789601e+00  -2.93653257e-01   2.60664248e-01   4.36400777e-01
   -2.78679566e+00   6.64556749e-01   2.23521984e+00  -3.96926985e+00
    8.06788102e-01   7.54080098e-01  -2.24430910e+00   1.32882426e+00
    6.08897778e-01 
   -1.02622943e+00   1.35351437e-01  -2.61785287e+00   8.36068673e-01
    2.77034404e+00  -1.84733662e+00  -7.08215161e-01  -7.47669161e-01
   -1.04410484e+00   5.49701494e-01  -3.72447233e-01   2.69479283e-01
    1.44266462e+00  -7.03509003e-01  -2.62389271e-01   2.07143597e+00
    1.57837590e-01 
    1.65449372e+00  -7.05836640e-01  -1.32707503e+00   1.04609752e+00
    1.38972335e-01  -1.06967232e+00   7.91667927e-01  -5.00618595e-01
   -1.61299120e+00   8.21950392e-01  -1.62574777e+00   1.65980884e+00
    1.75873178e+00  -1.61521523e+00   1.23571587e+00  -1.95989395e+00
   -1.93707825e-01 
   -1.09795873e-01  -1.64397329e+00   1.50379639e+00  -1.38337930e+00
   -1.02416115e-01  -6.99272174e-01  -1.03710843e-01  -2.16477241e+00
    1.20357669e+00  -5.74558624e-01   7.86755674e-02   2.06279036e+00
    1.52371325e+00   2.19952193e+00  -2.16691266e-01  -1.52103058e+00
   -7.32678596e-01 
   -3.62657914e-01   1.24451567e+00   1.97681191e+00  -1.37582467e+00
    6.89983137e-01   1.24949685e+00   1.95631141e+00  -4.20079712e-01
    4.42182140e-02  -2.07346145e-01  -2.02505543e+00   5.88881342e-01
   -8.57115268e-01  -1.46376787e+00  -5.01204302e-01  -5.15091786e-02
    6.82720417e-02 
    9.92220138e-01   1.50697232e+00   1.67886111e+00  -1.87706098e+00
    2.53987024e-02   2.21052681e-01  -2.00057714e+00   1.51239223e+00
   -6.08138031e-01   4.67377196e-01   9.19587269e-01   2.63356765e-01
   -1.36219262e-01  -4.53444681e-01  -1.42506064e+00   8.26888306e-01
   -7.01324731e-01 
    6.76660835e-01  -1.37879675e+00   1.32533942e+00  -4.34455043e-01
    6.95702259e-01   4.17962378e+00  -2.14842535e+00  -3.21480958e-02
    2.49125015e+00   2.32898375e+00   2.87586172e-01  -3.48908620e-01
   -6.89166051e-01  -2.73889827e+00  -1.42896049e+00  -1.35225012e-01
   -6.81571435e-01 
    1.67465262e-01   2.75520082e+00  -6.29705994e-01  -1.15010844e+00
    5.47582508e-01  -1.26994563e+00  -1.13960466e+00  -1.33131227e-01
   -1.69141023e+00   2.37781509e+00   1.39982453e+00  -1.33768242e+00
    9.38510702e-01  -1.86356043e+00   1.46093260e+00  -1.67023434e+00
   -1.32368046e-01 
   -1.34756076e+00  -1.97443064e-01  -5.69322153e-01   1.12927359e+00
    1.75078519e+00  -7.85205099e-01   1.32200493e+00  -1.01421382e+00
   -1.00415784e+00   8.63547390e-01   6.85303474e-01   2.01906621e+00
   -2.92012349e+00   4.57950030e-01  -8.17061458e-01  -1.41557154e+00
    2.96952022e-01 
   -7.15353815e-01   5.21487806e-01  -2.61840384e-02  -2.84198098e+00
   -2.35774236e+00  -1.37812809e+00   1.51374761e-01   4.26551780e+00
   -1.27507186e+00   3.39526583e-01  -4.20795909e-01   3.15454257e+00
   -1.08118641e+00  -3.46866513e-01  -7.21024297e-02   7.32422780e-02
   -5.87959094e-01 
    3.06180600e+00  -9.17698140e-01   2.64541796e-01   2.02669251e+00
    1.51918989e+00  -5.76936422e-01  -1.42468296e+00   6.14936223e-01
    2.48745675e-01  -1.29517174e+00   5.08700066e-01  -5.72752777e-01
   -3.05712618e+00   4.29916386e-01   1.09565707e+00  -1.00453002e+00
   -2.52607569e-01 
   -2.52956271e-01  -2.51378111e+00   1.52743448e+00   1.79696488e-01
   -2.73852992e-01   3.36573759e-01  -3.47047559e+00  -2.89486454e-01
   -1.94427816e+00   1.09108682e+00   2.99183918e+00   1.06286558e-01
   -5.38165981e-01   1.22015726e+00  -6.14324121e-01  -7.70781211e-01
   -1.34656218e+00 
   -5.73295829e-01   3.33931538e-01  -5.88630680e-01   2.10705672e-02
    2.31334006e+00  -2.08749503e+00   9.88579842e-01   9.04363414e-01
    1.08097238e+00   1.50982558e+00  -2.30881253e+00  -1.84120040e+00
   -1.17236673e+00   2.79781855e-01  -5.23126570e-01  -1.61936029e-01
   -2.30159870e-01 
    1.63683770e+00  -1.82632823e+00   6.33165172e-01   3.14333912e+00
   -2.20783211e+00   7.12791629e-01   4.98692305e-01  -9.73276179e-01
   -1.56616254e+00  -1.68651069e-01  -4.97995976e-01  -8.42588151e-02
    8.16411686e-01   2.42083890e+00  -2.14726912e+00  -1.08872516e-01
    6.48926173e-01 
    1.65753304e+00  -1.05114429e+00  -1.24127727e-01  -2.82791403e-02
   -2.56051703e-01  -3.07274987e-01   3.22152079e+00  -3.00178197e+00
   -1.13615131e+00  -1.04782342e+00  -4.19827055e-01  -8.95231100e-01
    1.19629285e+00  -1.87194303e+00   9.47218191e-01   6.05452181e-01
    5.56775528e-01 
    1.46719166e+00   7.84682611e-01  -3.04346220e+00  -4.32828394e+00
    1.17975474e+00   2.38352689e-01   6.51334730e-01   1.58526993e+00
    7.54047723e-01   1.30278620e-01  -9.21596052e-01  -1.22999669e+00
   -2.95436052e-01   1.65359001e+00  -5.39055827e-01   1.19408449e+00
    2.93208989e-01 
   -1.44747157e+00   5.25593218e-01  -2.63846876e-01   2.65682694e-01
    7.41126919e-01  -1.77208828e+00   2.73039029e-01   1.96633733e-01
    1.57599517e+00  -8.09903385e-01   1.31414923e+00   2.05047880e-01
    8.69065321e-01  -1.10575974e+00  -7.20458772e-01   1.21541524e+00
   -6.93829720e-01 
   -5.30810253e-02  -2.52409818e+00   2.27012381e+00  -1.74031985e-03
   -2.30717311e+00   3.24826555e-01  -2.73064391e-01   1.57425898e+00
    6.22583149e-02   1.47373274e+00  -1.67274996e+00  -4.47242526e-01
    4.94745873e-01  -1.07837812e+00   6.45773565e-01   6.90611456e-01
    1.47270970e-01 
   -1.35080480e+00   5.10126543e-01  -8.19851392e-01   2.25114456e+00
   -8.59410938e-01   1.91416300e+00   1.25784147e+00  -1.57034126e+00
   -8.83314011e-02  -1.65867353e+00  -5.34840331e-01   6.14048531e-01
    1.82555660e+00  -4.25443209e-02  -2.72662474e-01  -2.33638737e+00
    3.49379853e-01 
   -1.06851113e-01   2.67372910e+00   1.26771188e+00  -6.62511508e-01
   -1.06828211e-01  -4.80608174e+00   1.30040069e+00   3.52117830e+00
    1.57962486e+00  -2.33783672e+00   7.76030113e-01  -1.66127262e-01
   -3.45997284e-01  -7.93446328e-01   8.32125526e-01  -2.90723258e-01
   -2.31987049e-01 
   -2.65997947e+00   9.16516026e-01   2.02582636e+00  -9.59844089e-02
    1.66830446e+00  -9.00206505e-01  -1.43709288e+00  -3.87604909e-01
    2.40306636e+00  -1.08638951e+00   3.65738945e-01  -1.69440266e+00
    5.21311253e-01   4.95230194e-01  -1.16297776e+00  -4.31365436e-01
    6.71202010e-01 
   -2.78792077e-01  -7.15044820e-01   6.06676523e-01  -7.71659140e-01
    2.47263277e+00  -1.18182794e+00   2.07094436e-01   2.45760974e+00
   -2.58299938e+00  -7.44511330e-01   1.25938114e+00   8.79372713e-01
    3.67641233e-01  -8.54512187e-01  -5.46768426e-01  -1.22068376e+00
   -4.08344530e-01 
   -2.02741517e+00   2.92800568e-01  -1.34899465e+00   2.10094119e+00
   -1.04758469e+00   1.23629584e+00   7.96916226e-01  -7.44435171e-01
    1.03077855e+00   1.57715902e+00   1.60943566e+00  -1.74029939e+00
    8.42077783e-01  -1.28351833e+00   6.48158203e-01  -2.98876789e-01
   -6.04312336e-01 
    2.12523109e+00   1.65550669e+00  -2.12817244e+00  -1.18986269e+00
   -3.72866472e+00  -1.47809548e+00   9.37432338e-01   6.85270994e-01
    1.30739939e+00  -2.47307298e+00   1.90398579e+00  -1.16153960e-01
    7.95594066e-01  -3.03884999e-01  -7.16853918e-01   1.83879448e-01
   -9.93842391e-02 
    1.81462622e+00   3.18633031e-01  -1.96715072e+00  -1.00982240e-01
   -1.26539070e+00  -4.43613398e-01   2.90150454e+00  -2.97577353e+00
   -2.37399493e-02  -1.55529932e-01   3.14845328e-01   9.47582802e-01
   -1.45560478e-01   1.48079338e+00   8.10410488e-01   1.32666209e+00
   -4.47480206e-01 
   -7.05299931e-01  -4.82097467e-01   1.94771385e+00  -1.58802121e-01
    1.57978184e+00   2.02407314e+00  -3.49533175e+00   2.24426977e-01
    1.78634891e-01  -9.03255039e-01  -3.35027602e+00   2.04040723e-01
    1.94395785e+00  -1.56916001e+00  -2.02091838e-01   3.15378392e+00
   -3.53569435e-01 
   -6.10394433e-01   2.89460219e+00   1.22319957e+00   1.41031852e-01
   -1.53296905e+00   1.88586465e+00  -5.95109501e-01  -5.43356527e-03
   -8.60128261e-01  -2.31254125e+00  -1.44737004e-01  -4.83544411e-02
   -8.72453130e-01   5.60574213e-01  -9.82701471e-02   7.79303717e-01
   -5.87955581e-01 
   -1.60088533e-01  -1.05317614e+00  -1.31013615e+00   2.06323484e-01
    3.17045512e-02   2.57183751e+00  -7.85154883e-01   8.12780534e-01
    1.39867800e-01  -2.92104862e+00   1.18795129e+00  -2.66095513e-01
   -1.47950100e+00   4.66211423e-02   3.24246781e+00  -1.57044650e+00
    6.65244077e-01 
   -2.24547593e-02   2.44402450e+00   2.56542716e-01  -1.09027779e+00
    9.44028763e-01  -1.75614747e+00  -2.55093830e+00  -1.32976819e+00
   -5.51456123e-01  -8.78039701e-01  -1.44879646e-01   9.65305778e-01
    7.50509375e-01   4.90870492e-01   2.15262188e-01   9.89858575e-01
   -1.15268643e-01 
   -9.39113514e-01   1.46435214e-01   2.85307397e+00   1.70571091e+00
    9.14729411e-01   4.39244252e-01  -2.12853130e+00  -1.33015011e+00
   -8.04350765e-01   8.49816872e-01  -2.14276633e+00  -1.46606478e+00
   -1.80378787e+00   1.68149215e+00   1.75466339e+00   1.18180509e+00
    2.45569148e-01 
    1.56688870e+00   8.94265615e-01  -1.12466902e+00  -2.32589415e-01
   -9.57186022e-01  -3.11647319e-01  -4.85059758e-01  -4.80603209e-01
    1.82301867e+00   1.71285286e+00  -2.43847710e+00  -2.09577798e+00
   -5.24065979e-01  -1.76044148e+00   2.48670488e+00   8.48536863e-01
   -5.56237782e-01      3.65237513e+00  -1.16725189e+00   3.36483736e-01  -1.93823534e+00
   -9.77203737e-01   1.49814009e+00  -7.71661999e-01  -1.05337967e+00
    5.05529744e-01   7.99623159e-01  -1.33098464e-02  -3.21431100e+00
   -8.00581614e-01   6.73445610e-01   9.72598786e-01  -1.60054979e+00
   -1.74279494e-01   8.15023691e-02   1.51015372e-01  -3.69724724e-02
   -2.78593934e-01   1.76888544e+00   5.91609641e-01   2.16539017e+00
   -1.58522606e+00  -8.28699942e-01   3.02172680e-01  -1.04365320e-01
   -7.46657270e-02  -3.07870698e-01   1.66228278e-01  -1.34305796e+00
   -1.21593204e-01 
    5.85357860e-01   4.38005989e-01  -3.70461863e-01  -2.65831923e-01
    1.21704255e+00  -3.42777622e-01  -1.24784063e+00   8.20280996e-01
   -2.07994218e+00  -1.95302149e-01  -7.43957156e-01   1.35191524e-01
    1.21464482e+00  -2.56659870e-01   1.48850139e+00   3.64538398e-02
   -7.96933849e-03  -1.04109125e+00   1.94655044e+00  -2.06518188e+00
   -1.32060654e+00   3.14551584e-01   5.64997449e-01  -1.80806532e-02
   -1.34393169e+00   8.63188071e-01   6.56680732e-01  -4.35626902e+00
    1.40950242e+00  -1.60615840e+00   1.38316567e-01  -1.25368928e+00
    3.32856061e-01 
    7.10045106e-01  -7.30823623e-02   2.73679084e+00   1.02566284e+00
   -1.88225018e+00  -1.98580746e+00  -1.07826302e+00  -9.38044539e-01
    1.38323089e+00   1.00613540e+00   4.41311890e-01   5.50872819e-01
   -2.15124116e+00  -2.50566726e-02  -4.56090906e-01  -1.22227853e+00
    2.27978500e+00   5.09799004e-02  -1.32448862e+00   1.31932958e+00
   -1.28166490e+00  -2.40196886e+00  -1.15371996e+00   1.31472998e+00
    1.28970322e+00   6.66855688e-01  -2.47898026e+00  -5.00846450e-01
    2.21756579e+00  -2.09268386e-01  -2.26616177e+00   9.55089020e-01
   -3.53777496e-01 
   -1.55871595e+00   3.83139058e-01  -1.50621459e+00  -1.03037329e+00
    1.87778345e+00   1.21063817e+00   1.31635566e+00   1.63686965e-01
    6.06909347e-01  -8.85600206e-01   2.84184326e+00  -1.95111221e+00
    4.09423397e-01  -8.11925920e-01  -3.24478672e+00   2.34015120e-01
    3.87442622e+00  -1.01250953e-01   1.05597329e-01  -2.23789911e+00
   -8.00371062e-01   6.24933136e-01   8.40794743e-01  -2.90158256e+00
    7.18101685e-01   5.51577154e-01  -5.10046820e-02   1.45592783e-01
   -2.29331070e-01   3.26460298e-01  -1.71215456e+00  -4.72621538e-01
   -1.22624939e-01 
   -1.96996455e+00  -1.18177954e+00  -2.24393991e+00  -5.04673653e-01
    1.18826314e-01  -3.53841426e-01   1.02901813e-02  -1.30152168e+00
   -2.79983634e-01  -2.93415480e+00   1.64642660e+00  -6.80612921e-01
   -1.69169412e-01  -2.43572617e+00   2.90468626e+00  -1.69747814e+00
   -1.05920928e-01  -1.50636227e+00   2.59609578e+00  -1.99106246e-01
    1.40549840e+00  -1.19181132e+00  -3.24447873e+00   2.08165210e+00
    2.04628954e+00   1.27663264e+00  -1.43888214e+00  -1.10815808e-02
   -2.99409819e-01  -7.74503593e-02  -1.14337892e+00   1.86013093e+00
   -1.05302034e-01 
   -1.46946504e+00  -2.97393483e-01   7.30509095e-01   3.11960256e-01
    1.05822856e+00  -6.95132797e-01  -4.64351988e-01  -3.48659803e+00
    1.13616145e+00   1.08157100e-01  -3.11948328e-01   3.44232914e-01
   -9.55486675e-01   1.96603808e+00  -9.79328211e-01  -2.04927021e+00
   -1.37984663e+00   6.75463031e-01  -2.04966955e-01  -2.48851157e+00
    4.41065697e+00   5.07972329e-01  -1.52460723e-01  -1.56476239e-01
    3.85331033e-01   5.72387137e-01  -1.32179006e+00  -1.69684202e+00
   -3.84238611e+00   8.54702585e-01  -1.67458208e-01   4.37368394e-01
   -4.08257771e-02 
    7.73314513e-01  -1.27230579e+00  -5.12698297e-02  -8.49137289e-01
   -1.82144472e-01  -2.39991886e+00   1.08785962e+00   8.98525473e-01
    5.56696469e-01  -2.06328424e+00  -6.12152922e-01   2.79671177e+00
    3.07916164e+00  -1.68284899e+00  -1.05010385e+00  -3.93261091e+00
   -1.10811588e+00  -8.31450514e-02  -1.20465458e-01  -6.35945570e-01
   -8.21083540e-01  -2.86934265e-01  -2.06752027e-01  -7.43146078e-01
   -1.38424548e+00  -1.96380941e+00   1.00075601e+00   3.51924905e-01
    4.33437559e-01   2.78664438e+00   7.86120439e-01   2.58310786e-01
   -4.51752053e-01 
    1.82519716e-01  -7.26915691e-01   2.06254685e+00  -5.84309331e-01
    1.78071424e+00  -4.35310375e-02  -9.30080942e-01  -1.76186810e-01
   -2.31911607e-01   4.77450537e-01  -4.34460823e+00   6.27576278e-02
    1.02070842e-01  -1.93349129e+00  -5.29213800e-01   2.29688682e+00
   -2.35510892e+00  -5.36710365e-01  -2.26956886e+00  -3.78100805e-01
   -2.60661613e+00  -1.49650539e-01  -2.99806238e+00   2.77127960e-01
   -4.61078167e-01   3.51617628e+00   4.09223037e-01   6.14804470e-01
   -1.46925181e+00   7.57157052e-01   1.16309984e+00  -7.07027938e-02
   -1.02464839e+00 
   -2.06005816e+00   2.40011086e+00   1.17488052e+00   1.38528135e+00
   -2.00817357e+00  -2.39042299e-01   1.26049892e+00  -2.33217743e+00
    2.24666182e+00   3.25571365e-01   7.48386223e-01  -1.55366604e+00
    1.14410106e+00  -1.71266149e+00   2.00704082e+00   1.26138560e+00
   -8.16900920e-01  -2.44001847e+00  -3.15171323e-01   5.72630772e-01
   -1.55929486e+00  -1.75043018e+00   2.18631150e+00  -1.30342241e+00
   -1.92559337e+00  -3.88269355e-01   3.29309292e-02   5.21470632e-01
   -1.32836410e+00  -4.04612505e-02   1.57599104e+00  -1.91610113e+00
   -5.43887663e-01 
    1.10404851e+00  -9.62812940e-01  -9.08594312e-01  -1.41267639e+00
   -8.86460523e-02   1.76015907e-01  -9.75230451e-01  -2.48178657e+00
   -2.49992259e+00  -2.67802628e+00  -1.84066687e+00   1.85512638e+00
   -2.59389907e+00  -1.43783876e+00   1.95027774e-01   2.31259916e-01
    5.42876782e-01   4.98383874e-04  -2.17529976e+00   1.71592324e+00
    1.40215690e+00   1.26567905e+00   5.62666808e-01  -2.54497147e+00
    2.70541597e+00  -8.71187371e-01   2.10956311e+00   4.23793478e-01
    2.53954468e+00   4.36336685e-01  -4.22552567e-02  -1.90041944e+00
   -3.90061124e-01 
   -1.17304602e-01  -2.88780727e+00   3.73680434e-01   9.18388899e-01
   -5.92883223e-01   1.31016266e+00  -1.15738437e+00  -2.25515113e+00
   -1.81947258e+00  -1.62128603e-01   1.20223503e+00   5.48748221e-02
   -2.65822835e+00   1.80595220e+00  -3.33884231e-01   2.77875973e-01
    5.16799404e-01  -1.30476960e+00   1.07949326e+00   1.61050228e+00
   -7.77140739e-01  -1.37451145e+00  -1.42114931e+00  -2.79639250e+00
   -1.63130565e+00  -1.58563389e+00   3.55394115e+00   1.03797757e+00
   -1.12953191e+00  -3.71568731e-01   1.59172226e+00   2.60095838e+00
   -5.13768037e-01 
   -1.20013568e+00   4.45429781e+00  -1.37281799e+00  -2.58680099e+00
   -2.18436934e+00  -1.23001427e+00  -1.14313642e+00  -3.52327800e-02
    1.06561472e+00  -2.36124976e+00  -2.65551527e+00   3.24989953e-01
   -6.68914017e-01   1.30848885e+00  -2.30925771e-01   1.57773007e+00
   -7.24441611e-01  -5.99172546e-01  -2.31709559e-02  -8.91943606e-01
    7.41879209e-01   1.79031483e+00  -6.55439964e-01   9.32949905e-01
    5.72238301e-01  -1.70349671e+00  -1.51898090e+00   2.17332570e-03
    1.11273573e+00  -9.29796534e-01   1.66841508e+00   1.20298671e+00
   -6.63470018e-01 
   -4.32830343e-01  -9.59062117e-01  -2.55534956e+00  -2.09146913e+00
   -2.09654205e+00   9.41963781e-01  -3.85558678e-02  -1.49918856e-01
   -6.97536858e-01   3.51125304e+00   5.22255708e-02   2.20247769e+00
   -9.77178089e-01   3.21646838e-01  -4.94910529e-01  -1.31595064e+00
   -1.23601689e-01  -1.13173060e+00  -4.15284495e-01  -1.47365920e+00
    3.06135910e-01  -3.55218223e-01  -9.00896996e-01  -7.07164943e-01
   -1.02688482e-01  -2.16536743e-01  -1.86575878e+00   4.79249458e-01
    1.59779118e+00  -1.25368179e+00   2.05186406e+00  -4.41674977e-01
   -2.22850207e-01 
   -2.63375323e-01  -8.04121949e-01   5.22354153e-01   1.94606455e+00
   -2.33070559e+00   1.30425428e+00  -2.32647627e-01   1.07436497e+00
    9.51160236e-01  -7.45529852e-01  -9.20852393e-01   7.21237291e-02
   -1.69805406e+00  -7.38335681e-01  -2.65151859e+00   2.11426050e+00
   -3.01682916e+00   4.29845586e-01   1.01892806e+00  -8.32419064e-01
    7.97796067e-01  -5.93625325e-01   1.43472113e+00   3.59422269e-01
    2.69368303e-01  -2.07824868e+00   9.35344847e-01  -1.33732041e+00
    2.56878559e-02  -1.12834739e+00  -9.00295849e-01   7.16285867e-01
   -5.34066965e-01 
   -5.75370774e-01   2.18189353e+00   3.39572574e-01  -1.09196125e+00
   -9.62512630e-01  -2.00315278e-01   9.48664039e-01   1.54522671e+00
   -1.05798629e+00   2.39591008e-01  -1.00527629e+00  -6.46573809e-01
    2.28824328e-01   4.01456345e-01   1.95641126e+00  -1.16961124e+00
    4.78036117e-01   2.79830043e-01  -1.36325539e+00   4.40662725e-01
   -7.41380072e-01   1.00864447e+00  -3.46832533e-01  -3.40264940e-01
    9.65045393e-01  -1.24071881e+00  -3.95342345e-01  -3.90393649e-01
   -2.52690311e+00  -1.40219237e-01  -1.87280622e+00  -2.89843259e+00
   -9.31488111e-01 
   -1.78258445e-01  -1.76290485e+00  -2.38192917e+00   1.94375646e+00
    1.35626546e+00   9.01954115e-01  -4.26248778e-01  -5.05421838e-01
    1.99262552e+00   1.24580425e+00   1.93544284e-01   4.51384146e-01
   -9.97674319e-02   2.59076141e-01  -1.05447221e+00  -5.68033127e-01
   -2.50789319e-01  -1.85023535e+00  -9.20609926e-01   1.65709784e+00
   -4.65928421e-01   7.64545697e-01   4.08115974e-01  -1.53904412e+00
   -5.25040438e-01  -1.57253103e+00  -1.63402218e+00  -6.10962323e-01
    1.12268727e+00  -5.13946098e-01  -8.90619226e-01  -6.59384070e-01
   -2.05802010e-01  