NN 16 32 16  -3.69400848 -1.0194928   0.0101922   0.61718815  2.44466389 -0.93022839
  -1.91595879 -2.21392169  3.22936892 -1.21370252 -0.19234135  0.24518002
   0.94694654 -0.17911091  0.29386    -0.49201318 -0.81568928 
   0.60516311 -0.66273336 -0.44125207 -0.23448482  1.11392711 -0.38062631
   0.09029907  0.46200696 -2.66230405  0.6930959   2.08482553 -3.75426824
   0.70799321  0.69365145 -2.07684298  1.27797773  0.5545866  
  -0.80885062  0.14214402 -2.52034264  0.83160428  2.54858463 -1.82398813
  -0.55497302 -0.8545223  -0.97883601  0.63683122 -0.25260729  0.31601252
   1.52328656 -0.70513383 -0.18648175  2.07684594  0.20732219 
   1.60816062 -0.78083532 -1.32160896  0.98290744  0.05641284 -1.15169137
   0.83639775 -0.45992364 -1.55513285  0.79967252 -1.56171461  1.71912774
   1.69775883 -1.6277164   1.13708224 -1.9155036  -0.23862505 
  -0.1926854  -1.49814766  1.52382928 -1.10565697 -0.08367028 -0.55714021
   0.05618813 -1.99585375  1.1875323  -0.52492968  0.06932845  2.07515126
   1.60809312  2.23354812 -0.0877603  -1.4181605  -0.66283025 
  -0.39480275  1.2894318   1.78873744 -1.30541075  0.766201    1.20353718
   1.97333804 -0.39554871 -0.00982165 -0.23521404 -1.95935024  0.44028914
  -0.80989513 -1.41780565 -0.45705872 -0.09443978  0.04596415 
   0.69937505  1.58893982  1.52616007 -1.87187652 -0.02527737  0.11011726
  -1.8703211   1.23768097 -0.58652275  0.53575224  0.78133744  0.19413019
  -0.2143589  -0.48695195 -1.45870746  0.76136647 -0.73316091 
   0.71211401 -1.3213462   1.12792163 -0.44978272  0.60898546  4.09862161
  -2.02227318 -0.07898723  2.34000634  2.27395908  0.37396481 -0.426676
  -0.62397882 -2.61513447 -1.30746021 -0.06666148 -0.64065374 
   0.11918403  2.61258112 -0.82461466 -0.98744283  0.73377011 -1.27731003
  -1.18964415 -0.17673074 -1.5947588   2.45154074  1.38063594 -1.21042104
   0.84089762 -1.79490166  1.38937445 -1.58562342 -0.13239228 
  -1.30135945 -0.06474801 -0.64026869  1.2390098   1.74529875 -0.94718254
   1.23619304 -0.99541154 -0.96721042  1.15098845  0.56109228  2.01809882
  -2.7189112   0.56475064 -0.61895129 -1.28566732  0.36312184 
  -0.51889838  0.5004164  -0.07571707 -2.80122061 -2.05402198 -1.47635682
   0.05647363  4.15382937 -1.09027156  0.60115349 -0.50211615  2.9563215
  -1.00554438 -0.34625437 -0.11479849  0.01921324 -0.60572943 
   2.90665751 -0.82715161  0.27211051  2.02832425  1.47214852 -0.5346745
  -1.34537546  0.6362584   0.28070925 -1.16255933  0.42919695 -0.33844023
  -2.93889748  0.44455865  1.04417052 -0.87517029 -0.14986911 
  -0.22600308 -2.14175229  1.42995244  0.17001712 -0.02057374  0.2843301
  -3.40214286  0.09516893 -1.74914712  1.00393742  2.908034    0.04328112
  -0.3781911   1.31104715 -0.54208529 -0.64580606 -1.22386701 
  -0.52334213  0.36216096 -0.54898033  0.12450311  2.13758448 -1.96607561
   0.92963549  0.8852536   1.11187764  1.58411959 -2.27323978 -1.76435939
  -0.99315333  0.38203704 -0.40479301 -0.11598209 -0.12060002 
   1.64561389 -1.90421734  0.49611107  2.81940538 -2.20573605  0.76192899
   0.42258428 -0.85441279 -1.65677714 -0.16855182 -0.44116885 -0.20982784
   0.73681693  2.34987225 -2.15409864 -0.17141272  0.56470685 
   1.47958033 -1.10696875 -0.18322063  0.06243771 -0.30386969 -0.31335241
   3.16444875 -2.91093356 -1.26801003 -0.87582648 -0.42931713 -0.78224366
   1.22854133 -1.8657078   0.89274369  0.55861541  0.5272361  
   1.40013641  0.74758657 -3.10041233 -4.14948578  0.94397444  0.16561189
   0.81124324  1.43788204  0.82741249  0.18351902 -0.81533047 -1.16043605
  -0.33231855  1.71412125 -0.56656601  1.08479768  0.22895841 
  -1.43959183  0.44034511 -0.28695118  0.29295319  0.65192238 -1.54475505
   0.02448402  0.27289949  1.4802173  -0.93149862  1.0922235   0.14227858
   0.83262261 -1.06068062 -0.68534873  1.16427622 -0.676499   
  -0.20821861 -2.27288025  2.21416196 -0.1108372  -2.38828439  0.37060176
  -0.31036933  1.62834778  0.13778316  1.597895   -1.6996471  -0.57425222
   0.57513139 -1.16025533  0.598347    0.60425537  0.09289948 
  -1.27062156  0.50124706 -0.82403394  2.17434845 -0.87082814  1.73546827
   1.08472334 -1.54545709 -0.28509739 -1.79604722 -0.59706996  0.64692786
   1.82125295  0.14794909 -0.25058322 -2.22005059  0.37373307 
  -0.09503022  2.63715881  1.0728509  -0.48245762 -0.20616769 -4.55102407
   1.2334729   3.48234544  1.45321011 -2.2388352   0.88439056 -0.2599895
  -0.40875896 -0.68700595  0.78197737 -0.23964179 -0.21252876 
  -2.63174018  0.92227428  1.85091899 -0.11594247  1.64362575 -0.96734732
  -1.29146892 -0.40198063  2.3114983  -1.26773358  0.21500491 -1.88073333
   0.49495348  0.42152859 -1.19567963 -0.49215047  0.57638419 
  -0.2547218  -0.7362172   0.56822743 -0.86075528  2.34520155 -1.21013152
   0.18843809  2.41260654 -2.54445894 -0.66468895  1.30260767  0.76658042
   0.44242021 -0.7493245  -0.43572293 -1.05502925 -0.32985345 
  -2.0535568   0.21040242 -1.38317983  2.01934656 -0.96843312  1.13554021
   0.72102226 -0.73937823  1.02385742  1.40068373  1.57532583 -1.83994351
   0.78752253 -1.3867576   0.53013533 -0.31999707 -0.67687807 
   1.82265251  1.68298275 -1.90795087 -1.15444587 -3.68192406 -1.20801427
   0.93665094  0.47756852  1.34715227 -2.46388666  1.96924216 -0.07742402
   0.63385636 -0.30430453 -0.73356898  0.15801256 -0.11716849 
   1.6976569   0.28685732 -1.78647733 -0.21086553 -1.03172161 -0.49031721
   2.76019136 -3.08827175 -0.14693533 -0.27255406  0.27338583  0.96625663
  -0.22903311  1.31497436  0.77460605  1.10565099 -0.56157391 
  -0.46929144 -0.57595649  1.99573109 -0.35512644  1.58958897  1.86994129
  -3.19735574  0.3914799   0.23662678 -0.86837642 -3.29396592  0.12016625
   1.90665367 -1.40045632 -0.07027059  3.04680805 -0.2638384  
  -0.72564573  2.70410843  1.21569972  0.07163782 -1.32263329  2.07185833
  -0.48797058 -0.11675391 -0.91659527 -2.1589454  -0.1979849  -0.14823483
  -0.91024707  0.61030047 -0.06243385  0.78441117 -0.50940443 
  -0.26841155 -1.00737139 -1.26258734  0.18059725 -0.03351345  2.59294088
  -0.78874148  0.78104611  0.24089084 -2.62278303  1.23229699 -0.26942234
  -1.41225775  0.00641748  3.06370968 -1.49715373  0.63452242 
  -0.22030194  2.27973995  0.25414276 -0.81435985  0.87497223 -1.57080945
  -2.5265946  -1.2762354  -0.44785368 -0.82669919 -0.20406755  0.9668122
   0.78396831  0.45756642  0.14311293  1.02500891 -0.06022587 
  -0.92026173  0.10877083  2.82530406  1.51815471  1.0151233   0.24737848
  -1.9443026  -1.1792358  -0.77225981  0.73828336 -2.05247304 -1.51087876
  -1.73174903  1.52202423  1.64694987  1.11237922  0.23742125 
   1.43817256  0.89265408 -1.04173616 -0.28639373 -0.89996487 -0.2807253
  -0.57737405 -0.48001831  1.78576105  1.52016616 -2.27869548 -2.00733633
  -0.50477139 -1.72269484  2.40951007  0.77081486 -0.55435807      3.48320443e+00  -9.01791321e-01   3.09268742e-01  -2.00170561e+00
   -9.50124337e-01   1.30904733e+00  -6.55057461e-01  -9.84937215e-01
    6.29601119e-01   7.19722166e-01   1.39036025e-01  -3.14578670e+00
   -8.55940043e-01   4.39598593e-01   9.38307471e-01  -1.59215260e+00
   -9.57601387e-02   1.22207926e-01   2.19569786e-01   1.45498388e-01
   -2.64635251e-01   1.91846403e+00   5.87075765e-01   2.13333203e+00
   -1.62075978e+00  -8.75928419e-01   4.54295215e-01  -1.63850062e-01
   -1.64102162e-01  -3.92831554e-01   2.52177548e-01  -1.25394879e+00
   -1.44612833e-01 
    7.22289350e-01   4.43829221e-01  -2.76291129e-01  -1.50831419e-01
    1.11144129e+00  -1.76617671e-01  -1.40100162e+00   8.93085930e-01
   -2.18844355e+00  -1.76700426e-01  -8.07443353e-01  -2.69207606e-02
    1.12005353e+00  -1.96889453e-01   1.69482473e+00   1.37800121e-01
    1.48194088e-01  -8.55353652e-01   2.17147916e+00  -2.05007178e+00
   -1.39905592e+00   3.29869072e-01   4.48479880e-01   3.60264227e-02
   -1.34064689e+00   8.37703529e-01   7.52278310e-01  -4.23975040e+00
    1.36364518e+00  -1.75450962e+00   8.81128424e-02  -1.28846108e+00
    2.98940273e-01 
    7.10930955e-01  -8.82793886e-02   2.75328418e+00   1.01587015e+00
   -1.83688963e+00  -1.84781098e+00  -9.65386435e-01  -9.58552032e-01
    1.48564687e+00   1.13102036e+00   3.72253427e-01   4.99970402e-01
   -2.08879835e+00  -4.38761555e-02  -4.91410212e-01  -1.29840594e+00
    2.15812226e+00  -2.76941744e-03  -1.51101408e+00   1.23305872e+00
   -1.33069457e+00  -2.54832533e+00  -1.23132116e+00   1.27698504e+00
    1.20466112e+00   7.98806795e-01  -2.40223189e+00  -5.74801141e-01
    2.02720127e+00  -1.48007005e-01  -2.25087013e+00   8.46375908e-01
   -4.08210614e-01 
   -1.43999060e+00   4.21096329e-01  -1.35110297e+00  -1.04780123e+00
    1.79227358e+00   1.33473340e+00   1.31013099e+00   2.09510292e-01
    6.28212640e-01  -8.21528378e-01   2.70869050e+00  -2.01621079e+00
    4.87675940e-01  -8.70373809e-01  -3.31691402e+00   6.52171128e-02
    3.78567640e+00  -7.79744567e-02   1.05840175e-01  -2.17303946e+00
   -9.61294104e-01   7.12780664e-01   8.58860206e-01  -2.85371419e+00
    4.86951325e-01   5.94073145e-01  -9.46494341e-02   1.96169102e-01
   -3.82802792e-01   3.43619166e-01  -1.67692538e+00  -6.37665333e-01
   -1.31359311e-01 
   -1.86719521e+00  -1.20869289e+00  -2.24464559e+00  -6.38507561e-01
    6.69306250e-02  -3.66125417e-01   5.65929838e-02  -1.17336458e+00
   -2.76254862e-01  -2.83660247e+00   1.53243481e+00  -6.23571559e-01
   -1.20416995e-01  -2.46329909e+00   2.68963148e+00  -1.71399253e+00
   -1.33144098e-01  -1.43963289e+00   2.41004010e+00  -2.42482414e-01
    1.23342692e+00  -1.31477157e+00  -3.16717197e+00   2.08127059e+00
    2.04346377e+00   1.27397439e+00  -1.56579414e+00  -1.52293130e-01
   -4.19573879e-01  -2.98622016e-01  -1.27142111e+00   1.53596406e+00
   -2.56852712e-01 
   -1.36166725e+00  -2.12684317e-01   6.03890958e-01   4.52318857e-01
    1.05224271e+00  -6.75898561e-01  -3.77506990e-01  -3.54804613e+00
    1.14431534e+00   4.84076367e-02  -1.87314347e-01   3.75456504e-01
   -9.37316550e-01   1.97060303e+00  -8.85710112e-01  -2.08641653e+00
   -1.41707733e+00   5.72897102e-01  -1.37134380e-01  -2.60735260e+00
    4.48243558e+00   4.36356388e-01  -5.07475501e-02  -2.43677918e-02
    2.63648345e-01   4.86757579e-01  -1.38843125e+00  -1.63309936e+00
   -3.72717645e+00   7.43044265e-01  -2.39070775e-01   4.05005643e-01
   -4.49199811e-02 
    6.71734756e-01  -1.11359392e+00   1.84287712e-01  -9.52675668e-01
   -1.91964155e-01  -2.26483537e+00   1.10026545e+00   8.35834965e-01
    5.45913200e-01  -2.12729857e+00  -6.43092856e-01   2.64156951e+00
    2.98486375e+00  -1.57038510e+00  -1.05638454e+00  -3.88070012e+00
   -1.01471942e+00   1.11032174e-01  -1.56163546e-01  -4.59933465e-01
   -7.70885610e-01  -3.06141509e-01  -3.12106662e-01  -5.84824891e-01
   -1.43943187e+00  -1.76035252e+00   1.11418839e+00   2.33549850e-01
    3.84096187e-01   2.80256814e+00   8.13992503e-01   4.58192717e-01
   -3.27807860e-01 
    1.42632900e-01  -7.08698789e-01   2.10266052e+00  -5.73401561e-01
    1.71380588e+00  -1.48981101e-01  -8.39865000e-01  -9.46201301e-02
   -3.11966055e-01   4.24797981e-01  -4.24472289e+00   1.89093070e-01
    1.00753235e-01  -1.83567680e+00  -2.97901107e-01   2.35835068e+00
   -2.34270692e+00  -5.63010832e-01  -2.23575540e+00  -4.62458848e-01
   -2.41574640e+00  -2.14602101e-01  -2.80165931e+00   1.03557867e-01
   -4.89293988e-01   3.40526641e+00   5.49483912e-01   5.30075680e-01
   -1.45888279e+00   7.78557275e-01   1.17491582e+00  -1.49631879e-01
   -8.91148163e-01 
   -2.05268155e+00   2.38548989e+00   1.14780674e+00   1.35454580e+00
   -1.98754080e+00  -2.69221873e-01   1.22319161e+00  -2.28398597e+00
    2.20048538e+00   3.75652954e-01   6.31145362e-01  -1.47718210e+00
    1.16980354e+00  -1.52208764e+00   1.97183899e+00   1.26043664e+00
   -8.14678792e-01  -2.33956700e+00  -3.11963320e-01   5.30326641e-01
   -1.51283600e+00  -1.71415968e+00   2.08735475e+00  -1.31054555e+00
   -1.88653902e+00  -4.39275316e-01   5.25342689e-02   4.95450021e-01
   -1.34423089e+00  -1.44691470e-01   1.55962887e+00  -1.82097823e+00
   -5.20167439e-01 
    1.01081289e+00  -9.04372222e-01  -8.56742375e-01  -1.32176593e+00
   -1.38651028e-01   1.84067052e-01  -9.35622463e-01  -2.44328542e+00
   -2.42394445e+00  -2.63825034e+00  -1.83255592e+00   1.72105976e+00
   -2.48099420e+00  -1.42229958e+00   1.51495798e-01   1.69832029e-01
    5.55521697e-01  -7.62477940e-03  -2.16872361e+00   1.71247227e+00
    1.27566242e+00   1.24281353e+00   5.91010241e-01  -2.62654377e+00
    2.69289749e+00  -7.44634139e-01   1.91775989e+00   4.15167273e-01
    2.35348591e+00   3.79445913e-01  -1.10231830e-02  -1.82423202e+00
   -3.52453447e-01 
   -1.68133852e-01  -2.76886803e+00   3.37771835e-01   8.49771288e-01
   -6.36113288e-01   1.24171947e+00  -1.14145512e+00  -2.25833652e+00
   -1.63453832e+00  -9.04492754e-02   1.13597382e+00   8.38868457e-02
   -2.66838453e+00   1.86521090e+00  -3.69087346e-01   2.41459173e-01
    5.24703434e-01  -1.26547810e+00   9.97492574e-01   1.63079861e+00
   -7.64008591e-01  -1.31102648e+00  -1.40068735e+00  -2.69371511e+00
   -1.65214271e+00  -1.57740203e+00   3.36804483e+00   1.02981133e+00
   -1.19706109e+00  -3.89856815e-01   1.52104546e+00   2.53722495e+00
   -4.80069625e-01 
   -1.26771939e+00   4.31237861e+00  -1.32277619e+00  -2.55663386e+00
   -2.05287752e+00  -1.24180364e+00  -1.12998790e+00  -2.08855055e-02
    1.02922075e+00  -2.31687001e+00  -2.62492395e+00   3.35711658e-01
   -6.77528122e-01   1.26096526e+00  -1.53323798e-01   1.61700198e+00
   -7.51695424e-01  -5.32191465e-01  -6.15345097e-02  -9.06560080e-01
    7.94889800e-01   1.82050713e+00  -5.69538713e-01   8.64620782e-01
    6.12748659e-01  -1.69120127e+00  -1.49665000e+00  -4.47403587e-02
    1.10403929e+00  -8.75966028e-01   1.56199159e+00   1.07607125e+00
   -6.32601275e-01 
   -4.34724853e-01  -9.62986904e-01  -2.53854380e+00  -2.05111364e+00
   -2.02875547e+00   9.19789719e-01  -1.98428504e-03  -1.74533214e-01
   -6.60440847e-01   3.38929519e+00   5.27468279e-02   2.14698572e+00
   -1.00408507e+00   2.76904061e-01  -4.65187386e-01  -1.30496637e+00
   -8.29842646e-02  -1.11287255e+00  -4.02104237e-01  -1.42895030e+00
    3.28679176e-01  -3.90652555e-01  -8.94680531e-01  -7.12009604e-01
   -3.72715880e-02  -1.84415310e-01  -1.80832034e+00   4.61713887e-01
    1.55119798e+00  -1.21455504e+00   1.97961613e+00  -4.47590878e-01
   -2.15704437e-01 
   -2.80743295e-01  -8.04137655e-01   5.42906533e-01   1.92613550e+00
   -2.25885973e+00   1.25295889e+00  -2.20041801e-01   1.01632018e+00
    9.34517064e-01  -7.34654927e-01  -8.89326009e-01   6.52019118e-02
   -1.67409224e+00  -7.19602259e-01  -2.57022158e+00   2.05022857e+00
   -2.94138700e+00   4.04240776e-01   1.01157417e+00  -8.36689323e-01
    7.78605508e-01  -6.04366176e-01   1.39754626e+00   3.50352111e-01
    3.02897625e-01  -2.04214399e+00   9.23182259e-01  -1.31902482e+00
    3.85968101e-02  -1.08228287e+00  -8.81321878e-01   7.12867156e-01
   -4.94625652e-01 
   -5.61682505e-01   2.06720073e+00   3.07762797e-01  -1.10258434e+00
   -9.70165107e-01  -1.71576317e-01   9.74938537e-01   1.49799082e+00
   -9.58837595e-01   2.37482497e-01  -9.66276942e-01  -6.80802847e-01
    2.27809515e-01   4.23409695e-01   1.85587135e+00  -1.12621552e+00
    4.71354413e-01   2.87594239e-01  -1.29402202e+00   4.38506239e-01
   -6.93142012e-01   1.02970151e+00  -2.93941581e-01  -3.07563030e-01
    9.16319654e-01  -1.26290430e+00  -3.93957295e-01  -3.32035953e-01
   -2.38492836e+00  -9.54770497e-02  -1.77101052e+00  -2.82076647e+00
   -8.92535696e-01 
   -2.07777210e-01  -1.71959962e+00  -2.31427438e+00   1.87363224e+00
    1.33822869e+00   8.84709981e-01  -4.66011008e-01  -5.07996132e-01
    1.90677329e+00   1.23929674e+00   1.53532426e-01   4.18442486e-01
   -1.59117952e-01   2.46947928e-01  -1.04631343e+00  -4.74374683e-01
   -2.30463152e-01  -1.78622790e+00  -9.24280572e-01   1.61431227e+00
   -4.87157459e-01   7.25747176e-01   3.38451352e-01  -1.50244784e+00
   -5.09751455e-01  -1.50728549e+00  -1.64257781e+00  -5.71840155e-01
    1.07345353e+00  -5.03611175e-01  -8.92690118e-01  -6.15126377e-01
   -2.10095506e-01  