NN 16 32 16   -3.97807480e+00  -1.15284352e+00   1.10558596e-01   5.75670555e-01
    2.77921796e+00  -9.49099334e-01  -2.11816670e+00  -2.28092150e+00
    3.56292742e+00  -1.31052198e+00  -2.42352452e-01   2.46486349e-01
    9.33164492e-01  -1.62200191e-01   3.38880309e-01  -5.83568054e-01
   -8.62967681e-01 
    7.42231332e-01  -6.30423195e-01  -3.16214526e-01   1.61436561e-02
    8.87111398e-01  -2.27723440e-01   3.33166890e-01   4.98178492e-01
   -2.86887590e+00   7.89967220e-01   2.35519492e+00  -4.07100819e+00
    9.01215989e-01   7.31602455e-01  -2.28281406e+00   1.40327772e+00
    6.72102289e-01 
   -1.06128599e+00   2.00052587e-01  -2.58881216e+00   7.65963348e-01
    2.95771784e+00  -1.76757005e+00  -7.20857885e-01  -9.09268996e-01
   -9.37765330e-01   7.23107916e-01  -4.81844295e-01   2.19272794e-01
    1.50675660e+00  -6.36073862e-01  -2.12962722e-01   2.19884494e+00
    2.37493207e-01 
    1.78863201e+00  -8.84393010e-01  -1.44756917e+00   1.02951059e+00
    1.82149831e-01  -1.09461959e+00   8.22997557e-01  -4.77886589e-01
   -1.69568645e+00   8.88027762e-01  -1.55119152e+00   1.75156273e+00
    1.77914217e+00  -1.70123353e+00   1.26411017e+00  -2.03064530e+00
   -1.83642141e-01 
   -1.36853867e-01  -1.79930662e+00   1.43137400e+00  -1.39830290e+00
   -7.06390315e-02  -7.18293624e-01  -2.11008452e-01  -2.16010202e+00
    1.22168074e+00  -5.21218036e-01   3.54169969e-02   2.12528860e+00
    1.57202165e+00   2.20935624e+00  -2.32112732e-01  -1.53220970e+00
   -7.34536092e-01 
   -4.08256284e-01   1.25805646e+00   2.01923540e+00  -1.21991286e+00
    7.70159847e-01   1.23015895e+00   2.18489934e+00  -4.95491724e-01
   -5.79003438e-03  -2.17665431e-01  -2.15519996e+00   4.88857330e-01
   -8.56011398e-01  -1.44935850e+00  -4.54113182e-01   1.04964901e-02
    1.32250635e-01 
    1.03400326e+00   1.58611544e+00   1.74508404e+00  -2.01895493e+00
   -1.68171303e-01   2.85384685e-01  -2.02626787e+00   1.61466631e+00
   -5.17830606e-01   6.34667336e-01   8.95649926e-01   2.26507995e-01
   -1.20956550e-01  -4.47003427e-01  -1.45595988e+00   8.34485832e-01
   -7.33602593e-01 
    8.90831867e-01  -1.31898380e+00   1.40572261e+00  -3.78056042e-01
    6.48439705e-01   4.31065696e+00  -2.34902919e+00  -9.72246696e-02
    2.69797035e+00   2.52463161e+00   2.55782054e-01  -3.88636151e-01
   -5.97049790e-01  -2.76619436e+00  -1.42713174e+00  -1.04689154e-01
   -6.53221223e-01 
    1.18045492e-01   2.81571170e+00  -6.61482700e-01  -1.18858176e+00
    7.22465332e-01  -1.29301296e+00  -1.19873215e+00  -2.59845507e-01
   -1.75187980e+00   2.45025821e+00   1.51088275e+00  -1.14239441e+00
    1.01069764e+00  -1.88545486e+00   1.50191178e+00  -1.72108974e+00
   -1.18621653e-01 
   -1.30921541e+00  -1.68400492e-01  -7.28373537e-01   1.07551937e+00
    1.79194468e+00  -8.32640479e-01   1.37266667e+00  -7.19974051e-01
   -1.21131010e+00   8.23767848e-01   9.23672500e-01   2.20354614e+00
   -2.95087990e+00   4.47951173e-01  -7.80063887e-01  -1.35490405e+00
    3.98957016e-01 
   -7.26176978e-01   5.42277015e-01  -1.35530812e-02  -2.78471034e+00
   -2.48518027e+00  -1.53845254e+00   7.62827476e-02   4.42998410e+00
   -1.38773162e+00   4.53163836e-01  -3.27094042e-01   3.18638739e+00
   -1.14309369e+00  -4.13241998e-01  -1.02659201e-01   4.63614953e-02
   -6.24442255e-01 
    3.13797732e+00  -7.61531159e-01   2.04334330e-01   2.02747125e+00
    1.69546557e+00  -8.69955264e-01  -1.23749000e+00   6.59224906e-01
    3.01142116e-01  -1.28268405e+00   5.01092110e-01  -5.53383066e-01
   -3.05998860e+00   4.93565627e-01   1.11351167e+00  -1.12113337e+00
   -2.99179772e-01 
   -1.84473756e-01  -2.63162418e+00   1.62271020e+00   1.08256068e-01
   -1.13580637e-01   2.19715753e-01  -3.49753845e+00  -2.57219240e-01
   -1.83829909e+00   1.19264885e+00   3.05900770e+00   3.04412140e-02
   -5.08532733e-01   1.25149072e+00  -5.88001076e-01  -7.89580844e-01
   -1.36017091e+00 
   -6.14581488e-01   5.61120720e-01  -4.99789113e-01  -2.35853245e-03
    2.36521820e+00  -2.12227084e+00   1.16349679e+00   1.05116385e+00
    1.08800636e+00   1.56921536e+00  -2.31280418e+00  -1.71946770e+00
   -1.17660832e+00   2.53033455e-01  -4.19405725e-01  -1.13523311e-01
   -1.49697247e-01 
    1.78495362e+00  -1.91256172e+00   6.86290093e-01   3.17320580e+00
   -2.26764949e+00   6.64994401e-01   4.61201838e-01  -9.59713861e-01
   -1.55761940e+00  -8.49517016e-02  -5.36327925e-01  -2.19870938e-01
    7.60915633e-01   2.42397261e+00  -2.21755760e+00  -1.85104622e-01
    6.16775835e-01 
    1.60701260e+00  -1.17259864e+00  -3.67388161e-01   1.56104592e-01
   -2.57331650e-01  -1.74511086e-01   3.21242251e+00  -3.02452619e+00
   -1.06179930e+00  -1.05794612e+00  -5.29425919e-01  -9.39954273e-01
    1.20766346e+00  -2.02145379e+00   9.53192217e-01   6.69073181e-01
    5.53800926e-01 
    1.59710448e+00   7.82786202e-01  -3.04797558e+00  -4.52997197e+00
    1.32932320e+00  -3.12200271e-02   5.44424706e-01   1.52978376e+00
    7.40803378e-01   4.15558708e-01  -7.29386046e-01  -1.24017598e+00
   -2.69568722e-01   1.65216925e+00  -5.19864870e-01   1.27613893e+00
    3.33696308e-01 
   -1.61555265e+00   5.86059792e-01  -2.47264877e-01   2.95590443e-01
    7.30508907e-01  -1.91827775e+00   3.84934355e-01   2.34102482e-01
    1.42729803e+00  -1.02508905e+00   1.35335712e+00   3.48718453e-01
    8.77664353e-01  -1.13819221e+00  -7.63169632e-01   1.23858455e+00
   -7.31838485e-01 
   -2.22912919e-01  -2.47286069e+00   2.16527193e+00   1.99790487e-02
   -2.46233729e+00   1.47183846e-01  -3.55048832e-01   1.69845945e+00
    1.97896997e-01   1.66589579e+00  -1.78827397e+00  -6.69125505e-01
    5.00415055e-01  -1.19859963e+00   5.64151057e-01   6.00519846e-01
    6.06667552e-02 
   -1.33530021e+00   4.48017577e-01  -8.56651923e-01   2.32370605e+00
   -7.70189433e-01   1.85416988e+00   1.20981607e+00  -1.75070127e+00
   -3.26575039e-02  -1.79179558e+00  -3.71702684e-01   7.10588919e-01
    1.79323725e+00  -4.16892146e-02  -2.89009793e-01  -2.47022581e+00
    3.49804670e-01 
   -1.38301706e-01   2.77728640e+00   1.26713985e+00  -6.32385367e-01
   -1.15911076e-01  -4.87634386e+00   1.31426031e+00   3.57788284e+00
    1.36079337e+00  -2.57495632e+00   7.57238017e-01   1.86994103e-02
   -3.78437755e-01  -8.29927440e-01   8.58148431e-01  -3.40826359e-01
   -2.55218885e-01 
   -2.74513032e+00   8.96327124e-01   2.15792967e+00   4.09464675e-02
    1.69827982e+00  -9.26020696e-01  -1.51072781e+00  -1.49551264e-01
    2.36030492e+00  -1.05285264e+00   3.36744322e-01  -1.70904182e+00
    4.92613343e-01   5.82429249e-01  -1.10900238e+00  -4.02204938e-01
    7.25070818e-01 
   -1.92024963e-01  -6.58548483e-01   6.78667312e-01  -9.01935495e-01
    2.47401831e+00  -1.07112487e+00   1.47362245e-01   2.51132452e+00
   -2.68699064e+00  -7.92456354e-01   1.39695159e+00   9.93997067e-01
    3.23650308e-01  -8.02939794e-01  -4.90262473e-01  -1.24790234e+00
   -3.64565622e-01 
   -2.05452451e+00   1.76185350e-01  -1.39503929e+00   2.13477487e+00
   -9.97838947e-01   1.26384332e+00   9.14211323e-01  -6.98991102e-01
    9.66361454e-01   1.45573108e+00   1.91441369e+00  -1.59484863e+00
    9.38486504e-01  -1.40139921e+00   6.50204757e-01  -3.38825472e-01
   -6.19194442e-01 
    2.09812992e+00   1.62934154e+00  -2.34135162e+00  -1.24429386e+00
   -3.79763753e+00  -1.71484277e+00   8.48303353e-01   6.20564434e-01
    1.39095311e+00  -2.40263264e+00   1.84086445e+00  -1.95166768e-01
    7.35791340e-01  -4.20264311e-01  -8.31571618e-01   1.02967614e-01
   -2.02639083e-01 
    1.88700826e+00   4.04972224e-01  -2.23372079e+00   1.75312473e-01
   -1.07374302e+00  -5.98620861e-01   2.89470641e+00  -3.10353013e+00
   -2.69038691e-01  -2.91002328e-01   2.10436515e-01   8.43969028e-01
   -1.35161925e-01   1.33732494e+00   7.41328043e-01   1.34609385e+00
   -4.84593202e-01 
   -7.30972101e-01  -2.34289207e-01   2.03911036e+00  -2.96357793e-01
    1.83798458e+00   2.12513613e+00  -3.45110377e+00   3.67777009e-01
    4.27185228e-01  -9.42233811e-01  -3.43887508e+00   6.99336250e-02
    2.05715949e+00  -1.48547096e+00  -1.29624185e-01   3.32586566e+00
   -2.67849122e-01 
   -6.46458359e-01   3.04257489e+00   1.21945652e+00   2.49734155e-01
   -1.46042590e+00   1.84349844e+00  -7.52407378e-01   1.94703671e-01
   -8.96480373e-01  -2.45119121e+00  -1.32937909e-01   3.01395383e-02
   -9.18388650e-01   6.80868267e-01  -9.62523704e-02   8.04260365e-01
   -5.95999823e-01 
   -1.53160053e-01  -1.07683777e+00  -1.25925874e+00   9.39424580e-02
   -9.74348460e-02   2.62221585e+00  -7.86214491e-01   8.35013818e-01
    2.38257903e-01  -2.94218216e+00   1.17896788e+00  -2.13853085e-01
   -1.54428930e+00   7.76780384e-02   3.32299652e+00  -1.63407887e+00
    6.95020492e-01 
   -1.74627925e-01   2.67222524e+00   1.47117582e-01  -9.98620195e-01
    1.01725476e+00  -1.76623265e+00  -2.54287848e+00  -1.18361604e+00
   -5.60353324e-01  -9.92029966e-01  -1.55917579e-01   9.75204858e-01
    7.43126529e-01   5.54985182e-01   2.45075323e-01   1.02280441e+00
   -1.25644815e-01 
   -8.93175437e-01   1.15321512e-01   3.18537845e+00   1.63695553e+00
    7.50188522e-01   5.05925033e-01  -2.12822516e+00  -1.39228819e+00
   -7.81816291e-01   6.45493527e-01  -2.22360213e+00  -1.53838097e+00
   -1.96955613e+00   1.75096048e+00   1.79298645e+00   1.17996665e+00
    2.12441983e-01 
    1.62203217e+00   9.40989051e-01  -1.13190305e+00  -2.53566653e-01
   -9.49020639e-01  -1.96259025e-01  -4.53566992e-01  -6.56327330e-01
    1.78081143e+00   1.73257359e+00  -2.45851805e+00  -2.18000814e+00
   -5.17054994e-01  -1.87642355e+00   2.46009795e+00   8.23624062e-01
   -6.00783696e-01      3.69504210e+00  -1.07301657e+00   4.30776020e-01  -2.06265933e+00
   -9.42231165e-01   1.60538348e+00  -8.31854532e-01  -1.20882098e+00
    4.64767607e-01   7.57471931e-01  -1.43954332e-01  -3.21311471e+00
   -8.62760526e-01   6.55935461e-01   9.79260586e-01  -1.42028428e+00
   -1.60042261e-01   1.97038069e-02   7.14002960e-02  -6.07355216e-02
   -2.44248442e-01   1.80572741e+00   8.04193867e-01   2.10859984e+00
   -1.42405383e+00  -8.19372060e-01   2.51843993e-01  -9.47127965e-02
    5.82075560e-02  -2.12291616e-01   1.51218690e-01  -1.22789779e+00
   -5.08683186e-02 
    7.00992201e-01   4.41850252e-01  -3.16260924e-01  -3.11982870e-01
    1.08846456e+00  -3.54953650e-01  -1.26955695e+00   1.04624319e+00
   -1.95509984e+00  -3.73112244e-01  -8.34496023e-01  -3.28217559e-02
    1.15518735e+00  -1.04686345e-01   1.40937404e+00  -2.93168154e-02
   -5.14492277e-02  -1.20883932e+00   2.06315256e+00  -2.08401999e+00
   -1.49415966e+00   2.39436254e-01   2.92387481e-01   2.27274782e-02
   -1.34523263e+00   6.90849616e-01   8.14578281e-01  -4.57400277e+00
    1.40988108e+00  -1.62113733e+00   2.06270332e-01  -1.08514093e+00
    2.87347692e-01 
    7.04731075e-01  -4.31783702e-02   2.88715257e+00   1.21700660e+00
   -1.73344795e+00  -2.04557123e+00  -1.26340806e+00  -9.08433887e-01
    1.29923165e+00   1.10194673e+00   2.56619979e-01   6.46398666e-01
   -1.97587670e+00  -5.60639595e-02  -4.44123858e-01  -1.22928416e+00
    2.15183094e+00   1.04168105e-01  -1.43323015e+00   1.41697457e+00
   -1.26176616e+00  -2.39807540e+00  -9.33651789e-01   1.25555290e+00
    1.25936028e+00   7.71830841e-01  -2.51533958e+00  -5.15586368e-01
    2.28416238e+00  -4.40577042e-02  -2.20331514e+00   8.29844697e-01
   -3.24779203e-01 
   -1.50582909e+00   2.91097246e-01  -1.51679971e+00  -1.11288292e+00
    1.89615417e+00   1.22453979e+00   1.26440466e+00   1.68853461e-01
    6.57064259e-01  -8.53530199e-01   2.86008982e+00  -1.98310744e+00
    3.46521016e-01  -8.76348819e-01  -3.22819090e+00   1.90252436e-01
    3.87887631e+00  -1.76939235e-01   6.82038121e-02  -2.31402333e+00
   -1.08027371e+00   5.04309153e-01   7.66591324e-01  -2.91080037e+00
    5.27332958e-01   5.12679024e-01   6.29282651e-02   7.36003709e-02
   -3.72079494e-01   2.98675463e-01  -1.61603551e+00  -4.40300298e-01
   -2.09206667e-01 
   -1.94875745e+00  -1.22231538e+00  -2.25454102e+00  -5.50695910e-01
    7.30237053e-02  -4.59844772e-01  -8.72136544e-02  -1.09543386e+00
   -2.72948308e-01  -3.02517499e+00   1.49867733e+00  -5.87481957e-01
   -1.38400841e-01  -2.57290495e+00   3.07611830e+00  -1.78827375e+00
   -1.35661828e-01  -1.57380163e+00   2.65724017e+00  -3.48765054e-01
    1.28158386e+00  -1.11963437e+00  -3.41344854e+00   2.23992493e+00
    1.86654863e+00   1.25783946e+00  -1.52835902e+00  -1.22091518e-01
   -2.72263211e-01  -6.96429871e-02  -1.11404235e+00   1.89229836e+00
   -1.28872534e-01 
   -1.54433941e+00  -2.61129783e-01   8.29154369e-01   3.98722175e-01
    1.15834047e+00  -6.56573264e-01  -5.04450613e-01  -3.61043011e+00
    1.17274592e+00   2.03542855e-01  -2.57277102e-01   4.58367052e-01
   -9.83824097e-01   1.95467394e+00  -7.82544086e-01  -2.05938787e+00
   -1.36503335e+00   7.34998220e-01  -1.87859500e-01  -2.50293008e+00
    4.34023068e+00   4.96240617e-01  -1.13519562e-01  -2.53342371e-01
    5.43482611e-01   6.50262757e-01  -1.17169875e+00  -1.73812378e+00
   -3.72121311e+00   8.86181528e-01  -1.39145034e-01   4.12836442e-01
    6.78744389e-02 
    9.04143275e-01  -1.46366269e+00  -5.69879506e-02  -9.27075351e-01
   -1.36502802e-01  -2.50720567e+00   1.05487363e+00   1.02301899e+00
    5.66592222e-01  -2.06305928e+00  -6.89364508e-01   2.77686120e+00
    2.90761403e+00  -1.58535610e+00  -1.08618416e+00  -3.99617121e+00
   -8.06023246e-01   4.77451029e-02  -3.61386747e-02  -7.67525745e-01
   -7.60197388e-01  -1.32385750e-01  -3.53930261e-01  -8.17812669e-01
   -1.46955142e+00  -2.10344355e+00   8.91257266e-01   4.39224029e-01
    3.76121533e-01   2.79929725e+00   1.02193799e+00   2.57045824e-01
   -4.84613781e-01 
    1.60759530e-01  -6.64604017e-01   2.10717789e+00  -6.69311485e-01
    1.76572046e+00   7.74415435e-03  -1.01524711e+00  -2.11436503e-01
   -2.72989249e-01   5.04924825e-01  -4.38660618e+00   1.24506897e-01
    1.04797974e-01  -1.93943676e+00  -5.22875775e-01   2.34232397e+00
   -2.55999905e+00  -5.59430755e-01  -2.34355491e+00  -1.69214745e-01
   -2.74324166e+00  -8.04465481e-02  -3.03998513e+00   3.77895753e-01
   -2.78487831e-01   3.50656081e+00   3.53274240e-01   8.20149234e-01
   -1.34900124e+00   7.86608353e-01   1.07703917e+00  -1.17762982e-01
   -1.10093500e+00 
   -2.13295498e+00   2.47457141e+00   1.16612068e+00   1.50660908e+00
   -2.01468035e+00  -2.36705890e-01   1.26252455e+00  -2.38228049e+00
    2.34790239e+00   3.11636079e-01   7.81061738e-01  -1.61934984e+00
    1.11394504e+00  -1.69518425e+00   1.91204670e+00   1.24708512e+00
   -7.17272713e-01  -2.56673548e+00  -3.27662252e-01   5.33295134e-01
   -1.56846246e+00  -1.81968843e+00   2.15987816e+00  -1.29651223e+00
   -1.95677569e+00  -3.43758418e-01   5.72752363e-03   3.94552574e-01
   -1.39693157e+00  -5.23817967e-02   1.53180501e+00  -1.94853961e+00
   -5.56512555e-01 
    1.19948494e+00  -9.94272086e-01  -9.44977456e-01  -1.55198360e+00
   -7.46868758e-02   1.07819061e-01  -1.04432965e+00  -2.54852600e+00
   -2.64046416e+00  -2.59414632e+00  -1.89240651e+00   1.96431647e+00
   -2.55365361e+00  -1.46857672e+00   2.70330617e-01   1.76461998e-01
    5.60878205e-01  -5.73028148e-02  -2.27686808e+00   1.69820251e+00
    1.33442607e+00   1.28868682e+00   5.67232917e-01  -2.53319733e+00
    2.68152206e+00  -9.21864326e-01   2.12331748e+00   5.44674508e-01
    2.68493165e+00   4.66441694e-01   1.97759993e-02  -2.01822124e+00
   -4.59621765e-01 
   -5.22728865e-02  -2.92660839e+00   4.06623489e-01   9.36385384e-01
   -6.35851023e-01   1.39197198e+00  -1.21743907e+00  -2.31186562e+00
   -1.84628363e+00  -1.95160811e-01   1.18824675e+00  -1.29288540e-02
   -2.68689819e+00   1.89333082e+00  -3.76839707e-01   3.00210502e-01
    4.35562288e-01  -1.37341780e+00   1.04430369e+00   1.61595578e+00
   -7.86281456e-01  -1.36963960e+00  -1.44926665e+00  -2.87026996e+00
   -1.62764366e+00  -1.62537761e+00   3.59341079e+00   1.04381207e+00
   -1.22116669e+00  -3.53747284e-01   1.55951667e+00   2.68015436e+00
   -5.75419965e-01 
   -1.17758042e+00   4.57966797e+00  -1.41902938e+00  -2.58887500e+00
   -2.17133103e+00  -1.22204044e+00  -1.17605318e+00  -6.22243843e-02
    1.04540440e+00  -2.38724115e+00  -2.70997975e+00   3.95212821e-01
   -6.38727159e-01   1.31531644e+00  -2.63739464e-01   1.64480869e+00
   -7.01352353e-01  -5.74413673e-01  -3.05739788e-02  -8.64977910e-01
    7.64184348e-01   1.82038431e+00  -6.72743955e-01   9.85302039e-01
    4.70952370e-01  -1.66389763e+00  -1.48864321e+00  -3.79658964e-03
    1.15795520e+00  -9.41150744e-01   1.80962448e+00   1.24756211e+00
   -6.61570369e-01 
   -4.29236660e-01  -9.77489732e-01  -2.53355667e+00  -2.10868928e+00
   -2.13603193e+00   9.70005813e-01  -3.73581157e-02  -1.79583628e-01
   -6.95764773e-01   3.63163139e+00   1.29431968e-01   2.21645847e+00
   -9.79849346e-01   3.80678404e-01  -5.30823986e-01  -1.33156050e+00
   -1.10822806e-01  -1.09914826e+00  -4.16554314e-01  -1.49647838e+00
    3.34293202e-01  -3.46583388e-01  -8.95438695e-01  -6.85411365e-01
   -8.73650501e-02  -1.94491087e-01  -1.91371784e+00   5.13595002e-01
    1.60430633e+00  -1.24484466e+00   2.08928645e+00  -4.37508443e-01
   -1.95303066e-01 
   -2.58784217e-01  -7.94880927e-01   4.95380132e-01   1.96795779e+00
   -2.39211057e+00   1.33439827e+00  -2.41606918e-01   1.11045174e+00
    9.59029172e-01  -7.60603656e-01  -9.38438577e-01   1.03000931e-01
   -1.71515874e+00  -7.46306565e-01  -2.70946192e+00   2.16274818e+00
   -3.07020260e+00   4.48946061e-01   1.01435958e+00  -8.39565068e-01
    8.32071531e-01  -5.95601844e-01   1.46364782e+00   3.56758844e-01
    2.48208150e-01  -2.10352129e+00   9.41425254e-01  -1.35590341e+00
   -6.19988392e-04  -1.16565455e+00  -9.25609633e-01   7.42542956e-01
   -5.70688080e-01 
   -5.87867868e-01   2.23360811e+00   3.20640789e-01  -1.09910205e+00
   -9.81873371e-01  -2.08182589e-01   9.47643445e-01   1.55868790e+00
   -1.09783930e+00   2.36862828e-01  -1.02689335e+00  -6.43125837e-01
    2.36368146e-01   3.77340439e-01   1.99934382e+00  -1.18949007e+00
    4.75389419e-01   2.58264981e-01  -1.39710892e+00   4.28001469e-01
   -7.85857202e-01   9.84842674e-01  -3.74724668e-01  -3.66261190e-01
    9.81283031e-01  -1.25491593e+00  -3.96301500e-01  -4.00412527e-01
   -2.61232924e+00  -1.70192188e-01  -1.91995423e+00  -2.94589605e+00
   -9.66871687e-01 
   -1.60160327e-01  -1.78521074e+00  -2.38163324e+00   2.05871646e+00
    1.42169020e+00   9.19668485e-01  -3.96831733e-01  -4.92392507e-01
    2.12520414e+00   1.29058497e+00   1.94671703e-01   5.22399106e-01
   -4.95037139e-02   2.80957458e-01  -1.05491155e+00  -5.70285579e-01
   -2.24664412e-01  -1.88026860e+00  -9.14054105e-01   1.69358541e+00
   -4.25904465e-01   7.75603711e-01   4.52311533e-01  -1.54724229e+00
   -4.80859435e-01  -1.55285901e+00  -1.62989784e+00  -6.32403250e-01
    1.14012331e+00  -4.71746088e-01  -8.67750509e-01  -6.44574384e-01
   -1.50250494e-01  