NN 16 32 16   -4.06731799e+00  -1.16847447e+00   2.22875215e-01   6.85327286e-01
    2.91531931e+00  -1.05658150e+00  -2.09816139e+00  -2.46950599e+00
    3.71781932e+00  -1.06643591e+00  -2.51721857e-01   2.05377631e-01
    1.00326590e+00  -1.34009045e-01   3.96681699e-01  -5.84782399e-01
   -8.55906447e-01 
    6.97199364e-01  -6.23900723e-01  -9.79177086e-02   2.48419783e-01
    8.59631037e-01  -1.28118162e-01   1.67221452e-01   5.25146359e-01
   -2.89788407e+00   7.92101578e-01   2.31391455e+00  -4.40824468e+00
    9.87603862e-01   7.46687606e-01  -2.37047642e+00   1.50443112e+00
    7.60729458e-01 
   -1.35764856e+00   2.33451529e-01  -2.39425529e+00   9.30214903e-01
    3.10060851e+00  -1.93239071e+00  -8.04382560e-01  -8.63519053e-01
   -8.73775497e-01   6.55407586e-01  -5.99799142e-01   3.97794495e-01
    1.49268887e+00  -6.20363001e-01  -2.19400718e-01   2.27186558e+00
    2.39967572e-01 
    1.73019713e+00  -6.46914953e-01  -1.45311492e+00   9.92809881e-01
    2.20445170e-01  -1.15583405e+00   8.24858204e-01  -4.80032497e-01
   -1.67613917e+00   8.71543536e-01  -1.71203195e+00   1.82093507e+00
    1.77778914e+00  -1.80274679e+00   1.28003696e+00  -2.12106084e+00
   -2.00856798e-01 
   -2.17702970e-01  -1.81848574e+00   1.59807421e+00  -1.50468775e+00
   -3.49912009e-03  -7.05427105e-01  -1.40681283e-01  -2.19906171e+00
    1.25746472e+00  -5.56931202e-01   1.06397708e-01   2.21893214e+00
    1.53365626e+00   2.31821592e+00  -2.02881942e-01  -1.53181690e+00
   -7.12396380e-01 
   -4.24754771e-01   1.25891993e+00   2.02479679e+00  -1.35175832e+00
    8.06080764e-01   1.18728970e+00   2.32637908e+00  -5.92324963e-01
    3.95816839e-02  -2.01295784e-01  -2.31230703e+00   4.25657438e-01
   -8.89819601e-01  -1.45991807e+00  -4.50125158e-01   1.42535724e-02
    1.51906223e-01 
    1.26400063e+00   1.63025000e+00   1.59913801e+00  -2.02592996e+00
   -7.77154311e-02   4.06017261e-01  -2.29043100e+00   1.66833434e+00
   -5.29542938e-01   5.92425188e-01   9.01975695e-01  -2.75469842e-02
   -5.35104433e-02  -4.16681628e-01  -1.45968054e+00   8.42099458e-01
   -7.55917958e-01 
    8.04487662e-01  -1.50329943e+00   1.32569344e+00  -4.70653358e-01
    7.64457567e-01   4.48381852e+00  -2.45266072e+00  -1.09624239e-01
    2.76235697e+00   2.49352871e+00   4.39391206e-01  -2.80308240e-01
   -6.29347255e-01  -2.89979499e+00  -1.51673557e+00  -1.59929916e-01
   -6.87830258e-01 
    1.69983948e-01   2.95560677e+00  -6.95354603e-01  -1.08178191e+00
    6.44107319e-01  -1.28924078e+00  -1.44027584e+00  -2.49154879e-01
   -1.76511271e+00   2.40210101e+00   1.43568039e+00  -1.32027428e+00
    1.09954238e+00  -1.94497031e+00   1.52568190e+00  -1.83709358e+00
   -1.66436665e-01 
   -1.29856540e+00  -3.18677697e-01  -6.88624908e-01   1.34744261e+00
    1.79957097e+00  -7.60517146e-01   1.28873815e+00  -7.44266718e-01
   -1.07498484e+00   6.87670812e-01   1.08775013e+00   2.38075734e+00
   -3.17049510e+00   4.54783460e-01  -8.13635056e-01  -1.35061702e+00
    4.71656174e-01 
   -7.76563887e-01   4.14335194e-01   3.48329356e-02  -2.77175951e+00
   -2.67026486e+00  -1.52523581e+00   2.17868932e-01   4.78419990e+00
   -1.54030021e+00   4.27014977e-01  -5.42270392e-01   3.16961752e+00
   -1.31156453e+00  -4.45720052e-01  -1.05528930e-01   1.94045822e-02
   -6.55240544e-01 
    3.45830099e+00  -7.77896178e-01   2.17104065e-01   1.98939866e+00
    1.75104668e+00  -7.91572563e-01  -1.28035997e+00   7.16603959e-01
    3.51798620e-01  -1.36734859e+00   6.44920006e-01  -6.07596314e-01
   -3.08304821e+00   5.41279839e-01   1.19528929e+00  -1.20436500e+00
   -3.43499571e-01 
   -1.58733553e-01  -2.74769735e+00   1.68955564e+00   1.95785031e-01
   -4.70890239e-02   3.20579533e-01  -3.64145921e+00  -6.06877203e-01
   -1.82118082e+00   1.23909135e+00   3.27927739e+00   3.66812231e-02
   -4.47015984e-01   1.35110633e+00  -4.87910836e-01  -7.81053267e-01
   -1.32961155e+00 
   -7.13035360e-01   5.66390783e-01  -5.21923778e-01   1.12795618e-01
    2.54635502e+00  -2.23706033e+00   1.25107918e+00   9.22704648e-01
    1.14675979e+00   1.46020813e+00  -2.29199838e+00  -1.73483977e+00
   -1.29306555e+00   1.78104165e-01  -4.45721282e-01  -1.23570277e-01
   -1.52889263e-01 
    2.09025031e+00  -1.93268185e+00   8.88007794e-01   3.19309687e+00
   -2.33175242e+00   7.87844961e-01   4.78199120e-01  -1.03626456e+00
   -1.46825842e+00  -1.40613434e-02  -4.91988254e-01  -1.94807934e-01
    7.67612972e-01   2.52525934e+00  -2.22582843e+00  -1.16608620e-01
    6.73792269e-01 
    1.62352952e+00  -1.20003888e+00  -3.54264608e-01   9.57000983e-02
   -3.40868006e-01  -3.59998869e-01   3.24593214e+00  -3.05920109e+00
   -1.18318711e+00  -1.09099368e+00  -6.97475834e-01  -9.25688923e-01
    1.15062536e+00  -2.15612628e+00   8.97003166e-01   6.70448284e-01
    5.04049309e-01 
    1.68108352e+00   5.76811777e-01  -3.03124417e+00  -4.79062700e+00
    1.17677437e+00   2.72460368e-01   4.64019513e-01   1.59366133e+00
    7.82116471e-01   4.13991401e-01  -7.61201449e-01  -1.38129325e+00
   -3.87935579e-01   1.65889069e+00  -5.53627039e-01   1.30191876e+00
    3.32762630e-01 
   -1.76249252e+00   6.50155029e-01  -3.00619996e-01   3.94632241e-01
    6.05813414e-01  -2.11608978e+00   3.19432885e-01   2.83723399e-01
    1.58807879e+00  -9.05971492e-01   1.44473700e+00   3.74847707e-01
    8.56150162e-01  -1.19076324e+00  -8.40329351e-01   1.28708902e+00
   -7.91483131e-01 
   -3.15717549e-02  -2.59379647e+00   2.26111854e+00   3.87759520e-02
   -2.61174783e+00   2.73749935e-01  -3.14687004e-01   1.74486580e+00
   -1.55183051e-02   1.55175359e+00  -1.63593898e+00  -4.74133281e-01
    4.97880571e-01  -1.08607996e+00   6.69491713e-01   7.00677517e-01
    1.38024059e-01 
   -1.34288316e+00   5.57619470e-01  -8.59558899e-01   2.36785894e+00
   -8.39888491e-01   1.89239006e+00   1.44345434e+00  -1.87005534e+00
    1.10363336e-01  -1.85448752e+00  -4.21827471e-01   5.91094116e-01
    1.71147959e+00  -3.17816959e-01  -3.77719672e-01  -2.59725852e+00
    2.92820598e-01 
   -4.83228739e-01   2.96241940e+00   1.23990652e+00  -5.47964405e-01
   -3.06164694e-01  -5.09539449e+00   1.22741590e+00   3.58982541e+00
    1.43141300e+00  -2.67778257e+00   7.78081983e-01   6.90702560e-03
   -4.28857126e-01  -9.12066427e-01   8.20019413e-01  -4.25546937e-01
   -3.18564363e-01 
   -2.97256703e+00   8.92312412e-01   2.21025902e+00  -9.60447726e-02
    1.70665635e+00  -9.62983225e-01  -1.72449311e+00  -1.91059931e-01
    2.44888105e+00  -9.15834786e-01   3.76246067e-01  -1.81099754e+00
    3.94507825e-01   4.64360517e-01  -1.29386979e+00  -5.24124374e-01
    6.46254736e-01 
   -1.15041650e-01  -8.84220422e-01   4.11402686e-01  -5.92389209e-01
    2.46780834e+00  -1.15206356e+00   1.17860973e-01   2.58852134e+00
   -2.77866201e+00  -1.01387825e+00   1.40444932e+00   8.94097169e-01
    2.89867534e-01  -9.75978749e-01  -5.89181760e-01  -1.45348017e+00
   -4.67531333e-01 
   -2.17332041e+00   2.00061940e-01  -1.56238809e+00   2.10285555e+00
   -9.61298418e-01   1.19824163e+00   7.84973020e-01  -8.34420918e-01
    1.00865531e+00   1.33224298e+00   1.91181827e+00  -1.77190739e+00
    7.01655387e-01  -1.59596139e+00   4.94520400e-01  -4.77475973e-01
   -7.64974912e-01 
    2.36912464e+00   1.74306297e+00  -2.32434764e+00  -1.38237908e+00
   -3.83290140e+00  -1.73920324e+00   8.69486717e-01   6.67652805e-01
    1.39548755e+00  -2.46871002e+00   1.80736010e+00  -8.36299285e-02
    8.74293322e-01  -3.60202283e-01  -7.58460316e-01   2.29326094e-01
   -9.56196146e-02 
    1.95713883e+00   4.45634361e-01  -2.30833673e+00   1.81758571e-01
   -1.21232824e+00  -6.77427722e-01   3.01338609e+00  -3.26109118e+00
   -2.45995180e-01  -3.41991411e-01   2.47766131e-01   8.76166844e-01
   -2.14787399e-01   1.31833304e+00   7.39480944e-01   1.42779488e+00
   -4.75937458e-01 
   -5.82227084e-01  -1.28834104e-01   2.06595046e+00  -2.44587195e-01
    1.96435587e+00   1.97475012e+00  -3.58804942e+00   3.45289266e-01
    3.48652770e-01  -8.31747713e-01  -3.65055884e+00   2.99505099e-02
    2.28403159e+00  -1.51154976e+00  -1.57633965e-01   3.43411466e+00
   -2.83610378e-01 
   -6.18830526e-01   3.24291765e+00   1.10939828e+00   1.34579922e-01
   -1.43704886e+00   1.81456412e+00  -7.14651655e-01   2.90764373e-02
   -8.77058238e-01  -2.55729143e+00  -1.70667359e-01   9.21175924e-02
   -9.20426356e-01   7.20638472e-01  -1.62580929e-01   7.61955745e-01
   -6.84675530e-01 
   -1.29994069e-01  -1.01257137e+00  -1.26319110e+00  -4.46414646e-02
   -9.29225195e-02   2.81910048e+00  -5.41366683e-01   8.70716662e-01
    3.17418102e-01  -3.13142536e+00   1.09128709e+00  -3.31426427e-01
   -1.63269375e+00   6.85840210e-04   3.44261074e+00  -1.64858341e+00
    7.40257669e-01 
   -1.76097261e-01   2.83446682e+00   4.89285162e-02  -1.00267932e+00
    9.29799282e-01  -1.83615827e+00  -2.64855926e+00  -1.14478751e+00
   -6.04668715e-01  -9.78024039e-01  -2.98223810e-01   7.90226585e-01
    8.59283446e-01   5.07377479e-01   2.65529575e-01   9.50772940e-01
   -2.19582061e-01 
   -7.86390144e-01  -1.48749749e-02   3.37481147e+00   1.89928842e+00
    7.59864182e-01   5.90051912e-01  -2.38160325e+00  -1.56245374e+00
   -8.39767163e-01   6.47819914e-01  -2.20061855e+00  -1.58021668e+00
   -1.90139111e+00   1.88539827e+00   1.91588077e+00   1.23817822e+00
    2.32806746e-01 
    1.84397192e+00   8.51579025e-01  -1.26663775e+00  -2.80646402e-01
   -9.21201451e-01  -1.71819083e-01  -4.34638444e-01  -5.24002389e-01
    1.87733077e+00   1.78498411e+00  -2.55486098e+00  -2.20126895e+00
   -5.53954941e-01  -1.83350222e+00   2.56362180e+00   9.27366123e-01
   -5.65767814e-01      3.80580800e+00  -1.10095814e+00   5.12822470e-01  -1.98720484e+00
   -1.01424930e+00   1.56721925e+00  -7.94900157e-01  -1.03601357e+00
    4.64699038e-01   6.54179748e-01  -2.68668835e-01  -3.31214122e+00
   -8.17538378e-01   6.67574627e-01   1.00697490e+00  -1.39302401e+00
   -1.53883693e-01  -4.99468871e-02   4.88594681e-02  -2.35328941e-01
   -1.89930134e-01   1.64069136e+00   7.40660500e-01   2.15692985e+00
   -1.37182942e+00  -1.07294122e+00   3.34495523e-01  -7.69988651e-02
    9.62577884e-03  -9.02912138e-02   1.68276464e-01  -1.09015543e+00
   -3.58621885e-02 
    4.50316430e-01   4.54592035e-01  -3.68756826e-01  -3.17805355e-01
    1.16091080e+00  -1.72899927e-01  -1.18734875e+00   9.09303221e-01
   -2.01962311e+00  -3.13564233e-01  -8.27045556e-01  -6.27925060e-02
    1.17127745e+00  -2.21813621e-01   1.41766324e+00   1.19145834e-01
   -1.20959808e-01  -1.21422762e+00   2.10321368e+00  -2.12568441e+00
   -1.36473345e+00   3.39680393e-01   5.03803627e-01   1.16372971e-01
   -1.25656748e+00   7.12794973e-01   6.08868562e-01  -4.68676553e+00
    1.49935563e+00  -1.71243664e+00   1.90034382e-01  -1.17521736e+00
    4.33311045e-01 
    4.12575594e-01  -2.24015965e-01   2.79741990e+00   1.32033512e+00
   -1.78765077e+00  -2.11200132e+00  -1.25684641e+00  -8.87816619e-01
    1.14910270e+00   1.09575991e+00   2.78640582e-01   7.80978458e-01
   -1.92043517e+00   6.44272396e-02  -5.23767274e-01  -1.27381721e+00
    2.18081564e+00   3.48783440e-02  -1.41338726e+00   1.43900064e+00
   -1.23773637e+00  -2.59576931e+00  -8.67974336e-01   1.07703786e+00
    1.29319210e+00   5.95998240e-01  -2.49051675e+00  -3.88894061e-01
    2.26187570e+00   3.83299227e-02  -2.10294147e+00   9.93996229e-01
   -2.55797854e-01 
   -1.58144531e+00   1.50746369e-01  -1.63449827e+00  -1.05420695e+00
    1.94405153e+00   1.16081785e+00   1.20003952e+00   8.31058654e-02
    5.49402294e-01  -9.31056847e-01   2.94601501e+00  -1.97686242e+00
    2.73133667e-01  -8.05366381e-01  -3.25279142e+00   1.81864805e-01
    3.87961507e+00  -2.48602457e-01   2.30039230e-02  -2.24114955e+00
   -1.16225011e+00   3.86001969e-01   7.24528553e-01  -2.92113901e+00
    6.64142197e-01   5.30690131e-01   9.17753166e-02   1.55987011e-01
   -2.81974394e-01   2.87745448e-01  -1.73971430e+00  -4.85083887e-01
   -2.41975843e-01 
   -2.07630325e+00  -1.19028645e+00  -2.35000447e+00  -5.64277314e-01
   -1.17015442e-01  -3.41349267e-01  -1.69491799e-01  -1.31604651e+00
   -2.92278523e-01  -3.18007837e+00   1.59325818e+00  -6.51521480e-01
   -1.80622227e-01  -2.67305312e+00   3.06459115e+00  -1.69446972e+00
    4.61350508e-02  -1.78259629e+00   2.51135539e+00  -3.81391378e-01
    1.15303510e+00  -1.14912338e+00  -3.54117356e+00   2.14236081e+00
    1.80047206e+00   1.27057332e+00  -1.50988831e+00  -8.12388292e-03
    3.77761647e-02  -7.73877032e-03  -9.71485796e-01   2.01771652e+00
   -1.58757713e-01 
   -1.79913188e+00  -3.11497452e-01   5.07967095e-01   2.73837189e-01
    1.18286745e+00  -7.64515031e-01  -4.68150364e-01  -3.51748023e+00
    1.23013961e+00   1.93199576e-01  -1.38419713e-01   4.84968160e-01
   -9.75450455e-01   1.89731942e+00  -6.35613497e-01  -2.22083260e+00
   -1.45473576e+00   7.27658170e-01  -1.97359950e-01  -2.45764883e+00
    4.21615721e+00   5.05237035e-01  -3.54660454e-01  -1.76995568e-01
    7.01345675e-01   6.60503140e-01  -1.20189222e+00  -1.79319515e+00
   -3.90329888e+00   7.45339410e-01  -1.57759603e-01   4.23218453e-01
    6.68673608e-02 
    7.05173024e-01  -1.45957371e+00  -5.39137264e-02  -7.37459213e-01
   -2.45245958e-01  -2.78895033e+00   9.71597475e-01   1.19100360e+00
    6.02139075e-01  -2.14537247e+00  -6.69063095e-01   2.89374511e+00
    3.02141061e+00  -1.64795482e+00  -1.05031966e+00  -3.99617532e+00
   -8.14734314e-01  -1.92959650e-03   1.29235171e-01  -6.96320899e-01
   -8.35355657e-01  -1.44336099e-01  -3.58148093e-01  -8.09789738e-01
   -1.23718923e+00  -2.15903606e+00   9.28372410e-01   4.64576400e-01
    5.05218372e-01   2.65552909e+00   1.15346603e+00   1.98648473e-01
   -4.67012521e-01 
    2.47068816e-02  -6.66721421e-01   2.18198028e+00  -5.85552795e-01
    1.91876372e+00   3.47589262e-02  -1.02505078e+00  -4.16627226e-01
   -2.23071203e-01   6.46885216e-01  -4.41691476e+00   1.00357115e-01
    3.74913672e-01  -1.97978938e+00  -4.17768864e-01   2.33465192e+00
   -2.65373431e+00  -5.52732862e-01  -2.25720001e+00  -1.91902033e-01
   -2.73464793e+00  -1.08995758e-01  -2.93449181e+00   2.41415121e-01
   -3.66047904e-01   3.41532096e+00   2.21596828e-01   8.37436426e-01
   -1.45900321e+00   7.97878047e-01   1.23319504e+00  -3.87104185e-01
   -1.27733782e+00 
   -2.14557974e+00   2.51814340e+00   1.27496632e+00   1.69636961e+00
   -2.05280074e+00  -2.77867852e-01   1.25690706e+00  -2.43488461e+00
    2.43423129e+00   3.47540518e-01   8.16610397e-01  -1.61077407e+00
    1.08197630e+00  -1.77143576e+00   1.85023468e+00   1.24246182e+00
   -6.55566842e-01  -2.60332557e+00  -3.89844896e-01   5.50326378e-01
   -1.50739915e+00  -1.82628014e+00   2.36470308e+00  -1.27502264e+00
   -1.99241349e+00  -3.22120204e-01   6.23493105e-03   2.79002957e-01
   -1.41886221e+00   9.05208977e-02   1.47772913e+00  -2.04772194e+00
   -5.67736627e-01 
    1.20541406e+00  -1.02709443e+00  -9.18652387e-01  -1.59414185e+00
   -9.61171945e-02   3.97149399e-02  -1.16298745e+00  -2.64368789e+00
   -2.68181245e+00  -2.62243485e+00  -1.97930588e+00   2.07227176e+00
   -2.65734398e+00  -1.52158007e+00   4.18104777e-01   3.73624042e-01
    5.31817769e-01  -6.57488624e-02  -2.35367468e+00   1.72624771e+00
    1.33097888e+00   1.18635884e+00   4.89364278e-01  -2.45803438e+00
    2.73472319e+00  -9.89892016e-01   2.19484422e+00   6.21486864e-01
    2.86279117e+00   5.01140415e-01  -1.56972408e-02  -2.04872926e+00
   -5.11533874e-01 
   -3.36362934e-02  -3.13344732e+00   4.40953359e-01   1.07190668e+00
   -5.74271878e-01   1.46533874e+00  -1.29921365e+00  -2.32952854e+00
   -2.00922268e+00  -2.02356418e-01   1.22688057e+00  -1.72322668e-01
   -2.62181029e+00   1.80624768e+00  -4.25045491e-01   3.30396840e-01
    2.44456917e-01  -1.46888951e+00   1.04899532e+00   1.63415373e+00
   -8.63652750e-01  -1.46849299e+00  -1.41259518e+00  -3.09642633e+00
   -1.57469444e+00  -1.67456189e+00   3.59778242e+00   9.69734399e-01
   -1.20658964e+00  -4.13450880e-01   1.47500168e+00   2.56453007e+00
   -6.64645050e-01 
   -1.10115539e+00   4.81535612e+00  -1.47055583e+00  -2.64812832e+00
   -2.21202678e+00  -1.20668664e+00  -1.14791768e+00  -1.04248337e-01
    1.09221460e+00  -2.41513402e+00  -2.71524677e+00   3.86016991e-01
   -6.54276941e-01   1.36833738e+00  -3.45809417e-01   1.62891148e+00
   -5.58079411e-01  -5.58182414e-01   3.87776536e-02  -9.12271525e-01
    7.66298465e-01   1.85473296e+00  -6.12831984e-01   1.06438351e+00
    3.89352212e-01  -1.67692654e+00  -1.51297790e+00   1.76053740e-02
    1.15695610e+00  -9.95525154e-01   1.88283042e+00   1.29138108e+00
   -6.71363320e-01 
   -4.29107330e-01  -9.97461729e-01  -2.54342389e+00  -2.13932142e+00
   -2.17861816e+00   1.00205048e+00  -1.08274974e-01  -1.84765828e-01
   -7.15711742e-01   3.74342437e+00   1.15393570e-01   2.22178933e+00
   -9.82982575e-01   4.26833799e-01  -5.85030469e-01  -1.34974167e+00
   -1.35342023e-01  -1.13224439e+00  -4.93493391e-01  -1.53625214e+00
    2.78367607e-01  -3.53602474e-01  -9.02494891e-01  -7.27347556e-01
   -1.50432254e-01  -2.12675947e-01  -2.00598337e+00   5.09576549e-01
    1.59002594e+00  -1.26474610e+00   2.11136202e+00  -4.49514504e-01
   -2.38144033e-01 
   -2.50051112e-01  -7.96042497e-01   4.58566863e-01   1.98106697e+00
   -2.47110900e+00   1.39176442e+00  -2.35578439e-01   1.16201603e+00
    9.76973536e-01  -7.69268553e-01  -9.53662133e-01   1.42141200e-01
   -1.73415889e+00  -7.60199605e-01  -2.78005246e+00   2.24134707e+00
   -3.15576465e+00   4.98082723e-01   1.03152450e+00  -8.51737667e-01
    9.14425410e-01  -5.64955380e-01   1.51317985e+00   3.62904189e-01
    2.34284382e-01  -2.14795139e+00   9.55395088e-01  -1.35632619e+00
   -1.88038641e-02  -1.20871823e+00  -9.46521770e-01   7.57687837e-01
   -6.09528298e-01 
   -6.03289199e-01   2.32499285e+00   3.28165158e-01  -1.12911993e+00
   -9.86074727e-01  -2.29006880e-01   9.83340041e-01   1.57364730e+00
   -1.12746063e+00   2.67009548e-01  -1.00089229e+00  -6.42487704e-01
    2.20535631e-01   3.74192436e-01   2.02472644e+00  -1.23084515e+00
    4.79699920e-01   2.39077903e-01  -1.49466114e+00   4.20428355e-01
   -8.36787760e-01   9.63757042e-01  -3.90729629e-01  -4.39832217e-01
    1.05176696e+00  -1.22968304e+00  -4.11116926e-01  -4.34273509e-01
   -2.74396343e+00  -1.48370229e-01  -2.02172024e+00  -3.01883507e+00
   -1.01532288e+00 
   -1.63902826e-01  -1.83075775e+00  -2.46282492e+00   2.16344677e+00
    1.43011748e+00   8.81102349e-01  -3.79798238e-01  -5.22736325e-01
    2.17723011e+00   1.27648043e+00   2.58520609e-01   5.80278181e-01
   -2.14101540e-02   2.73753880e-01  -1.03526647e+00  -6.49151059e-01
   -2.45489174e-01  -1.95363706e+00  -9.02967165e-01   1.69946159e+00
   -3.64345768e-01   7.61442170e-01   4.93884721e-01  -1.61492446e+00
   -4.35832531e-01  -1.61647681e+00  -1.69171223e+00  -6.94194305e-01
    1.12848978e+00  -4.99721149e-01  -9.25250999e-01  -6.85688183e-01
   -1.79998493e-01  