NN 16 32 16  -3.92071416 -1.1249994  -0.05952892  0.56378176  2.39020895 -1.06139779
  -1.99377204 -2.18053933  3.49186181 -1.12007794 -0.26144801  0.16768915
   0.89917411 -0.27251441  0.27272484 -0.59547282 -0.90752256 
   0.53858128 -0.49604912 -0.39639126 -0.1118346   1.10320895 -0.31137552
   0.29233658  0.46248094 -2.7728804   0.70920201  2.15999605 -3.90660234
   0.80521891  0.74731658 -2.23850667  1.33248777  0.61165561 
  -0.9160491   0.1622192  -2.52309086  0.88796863  2.71960694 -1.84581034
  -0.65870831 -0.77751859 -1.01244682  0.56812598 -0.34427773  0.3057884
   1.51205733 -0.64988907 -0.19700471  2.13051663  0.22277867 
   1.66268362 -0.78186765 -1.25899049  1.07356828  0.20072629 -1.17800198
   0.89036494 -0.42998393 -1.58407445  0.85247965 -1.63531894  1.67904935
   1.7549456  -1.59754377  1.24256821 -1.94096447 -0.18630191 
  -0.08535303 -1.64189303  1.48986512 -1.29897698 -0.10429029 -0.62482946
  -0.01990353 -2.08054729  1.21360177 -0.5845235   0.11887436  2.10629036
   1.5238474   2.20657335 -0.1970081  -1.49057006 -0.7064607  
  -0.42190126  1.28911586  1.92340398 -1.32763701  0.63670136  1.23965477
   1.98317831 -0.46382587  0.02413569 -0.23079326 -1.99147402  0.59859338
  -0.8193227  -1.42768998 -0.49946158 -0.05860099  0.07249609 
   0.95133508  1.52766369  1.66106165 -1.8921084  -0.06046482  0.2376183
  -1.94333405  1.44150123 -0.59899861  0.48476973  0.94312761  0.36454682
  -0.114863   -0.43208381 -1.41872824  0.82767303 -0.69493484 
   0.61724375 -1.35326247  1.32824739 -0.50985835  0.70208192  4.23616407
  -2.0192241  -0.09586905  2.44276385  2.30567403  0.31165794 -0.349186
  -0.7693923  -2.71058142 -1.43765918 -0.14338526 -0.69076881 
   0.19283994  2.76529587 -0.78340759 -1.0556477   0.53304896 -1.28086311
  -1.16084716 -0.07314509 -1.66898073  2.37182748  1.4308168  -1.25398793
   0.99332099 -1.80691723  1.49871369 -1.62026052 -0.09466091 
  -1.18891196 -0.1815934  -0.62559936  1.3234572   1.83676951 -0.86265484
   1.37894784 -0.98495725 -1.0183296   0.98450275  0.65943873  2.05249999
  -2.8116091   0.5510716  -0.71714617 -1.29947262  0.39511902 
  -0.65559906  0.48874411  0.0679718  -2.83573605 -2.35594748 -1.23981556
   0.19446713  4.15670708 -1.26370914  0.34301968 -0.33979952  3.2522679
  -0.9983748  -0.29863417 -0.03135912  0.10310738 -0.54638486 
   3.01098231 -0.89543667  0.36495871  2.00010653  1.55774261 -0.55119473
  -1.3983746   0.69219199  0.29132661 -1.20630881  0.56673945 -0.4772233
  -3.02574403  0.48097571  1.16105795 -0.93309033 -0.18707656 
  -0.33820249 -2.36142513  1.5672213   0.08000456 -0.36032548  0.38878691
  -3.45394573 -0.1927513  -1.90164754  1.1321512   2.96144522  0.10350622
  -0.51650345  1.24162337 -0.59732535 -0.75631656 -1.32944699 
  -0.50600269  0.30587765 -0.55329969  0.22071883  2.28046772 -2.04180409
   1.02962914  0.91602155  1.2105172   1.64157071 -2.22529804 -1.78727883
  -1.08181667  0.42878186 -0.3909309  -0.03894525 -0.09876385 
   1.62986038 -1.83992676  0.67624294  2.98593425 -2.28904283  0.70630533
   0.44326627 -0.98236869 -1.542035   -0.25699175 -0.49473089 -0.19913643
   0.86857969  2.33988791 -2.21171372 -0.16775636  0.58353204 
   1.65825754 -1.03402948 -0.10266312 -0.07585002 -0.22358509 -0.37037905
   3.1861059  -3.00668054 -1.2182164  -1.05088736 -0.46737515 -0.86350879
   1.22918033 -1.8867296   0.9202222   0.58665391  0.52997639 
   1.47462533  0.73609646 -2.94240956 -4.28609853  1.13680081  0.26666056
   0.76676021  1.60471191  0.79619672  0.25752356 -0.79127182 -1.03941492
  -0.21223507  1.77748468 -0.4493816   1.27592736  0.38284429 
  -1.51021208  0.48741576 -0.33475804  0.24143661  0.72684385 -1.78248683
   0.13403042  0.24128901  1.48418011 -0.87994927  1.20626642  0.09805786
   0.77570142 -1.13890327 -0.77811625  1.14776074 -0.75155621 
  -0.1594122  -2.51925946  2.3590137  -0.06032214 -2.40116677  0.51198137
  -0.11780018  1.55749939  0.19410197  1.50954679 -1.53182815 -0.40139932
   0.52004642 -1.05581417  0.68249293  0.72505566  0.18447742 
  -1.30180892  0.48391741 -0.82241939  2.22523511 -0.78454756  1.8016333
   1.2125085  -1.63227749 -0.16844893 -1.69633346 -0.63037695  0.53144494
   1.80078753 -0.05751008 -0.30172652 -2.33988264  0.31959479 
  -0.26659189  2.70315657  1.15269711 -0.47465803 -0.10904194 -4.76085355
   1.22920291  3.57781258  1.55880564 -2.26604043  0.83782381 -0.25196069
  -0.33483668 -0.75256625  0.83815221 -0.26926146 -0.22586671 
  -2.66238903  0.85407602  1.89060242 -0.10967143  1.56386491 -0.99908066
  -1.48972762 -0.31053055  2.36472156 -1.11751674  0.2826169  -1.81321758
   0.48615707  0.43294403 -1.21807036 -0.48694237  0.61601635 
  -0.35630559 -0.75609226  0.59103944 -0.79924731  2.32118125 -1.1463202
   0.22209294  2.49327346 -2.60083231 -0.70386667  1.32458501  0.89803675
   0.46379647 -0.82563609 -0.50397649 -1.17360537 -0.36353878 
  -2.05957604  0.28292506 -1.38786484  2.00656267 -0.97771171  1.20205502
   0.75248059 -0.66768911  1.09309812  1.4987546   1.59433208 -1.85016731
   0.84617219 -1.31864656  0.62543785 -0.30666485 -0.63054878 
   2.14276653  1.61221696 -1.98423522 -1.20929641 -3.71283223 -1.31493038
   1.00080804  0.53170367  1.27933858 -2.49883595  1.97358471 -0.07382477
   0.79104706 -0.30759696 -0.7172836   0.17629528 -0.1028467  
   1.8274038   0.24035985 -1.91147934 -0.09139451 -1.20151903 -0.48799139
   2.92741943 -3.05761781 -0.03111408 -0.28037231  0.28042282  0.91586125
  -0.21554612  1.39734349  0.75592503  1.24378399 -0.50066973 
  -0.64013469 -0.40753565  2.02177803 -0.21476585  1.59006263  1.93661267
  -3.4766143   0.22369271  0.12020298 -0.86535097 -3.30258483  0.25858746
   1.99899806 -1.50374323 -0.15193051  3.16855686 -0.3011097  
  -0.64077035  2.89801334  1.24915572  0.10276842 -1.5072848   1.86577452
  -0.60744156 -0.06146298 -0.92015994 -2.27030221 -0.1989936  -0.05633893
  -0.85199767  0.53910834 -0.10530899  0.75477165 -0.59462108 
  -0.20864792 -1.0254964  -1.25422293  0.09001986 -0.06910058  2.63268038
  -0.69701326  0.84053713  0.23150305 -2.76157813  1.20692899 -0.32137477
  -1.45911008  0.01783744  3.25834712 -1.5328684   0.68121495 
  -0.15706673  2.43037711  0.17049683 -0.96550867  0.93560047 -1.73014192
  -2.53346529 -1.40289317 -0.60529144 -0.87434873 -0.13981469  0.90989849
   0.71781557  0.45385675  0.18885357  0.96258294 -0.14060485 
  -0.97437924  0.24379554  2.85247347  1.6205799   0.89809631  0.28442566
  -2.10581186 -1.25822404 -0.82574085  0.81233332 -2.14913153 -1.4989985
  -1.82450252  1.617379    1.72640795  1.1454366   0.21774099 
   1.55833565  0.90677803 -1.05674431 -0.24155738 -0.79374691 -0.29085995
  -0.52444481 -0.42621983  1.89395707  1.71249972 -2.35971502 -2.03495349
  -0.54889037 -1.72451937  2.4988028   0.8536678  -0.54324608      3.61091362e+00  -1.03803661e+00   4.32428811e-01  -1.94130906e+00
   -9.21895840e-01   1.30980576e+00  -6.51758360e-01  -1.08656607e+00
    6.67067732e-01   7.77664612e-01   2.55926202e-02  -3.25841566e+00
   -6.81665854e-01   5.99975566e-01   9.56822007e-01  -1.59655077e+00
   -1.09022976e-01   1.53313014e-01   1.26308273e-01  -3.25706384e-02
   -2.43866539e-01   1.82667158e+00   5.55037887e-01   2.27637318e+00
   -1.48497657e+00  -9.54399307e-01   4.03826412e-01  -1.29173185e-01
    2.43249450e-03  -2.47648551e-01   2.47303874e-01  -1.28393917e+00
   -6.70042435e-02 
    4.32544851e-01   4.36652080e-01  -4.48979247e-01  -3.10993169e-01
    1.06330646e+00  -2.61589843e-01  -1.31750533e+00   8.81657353e-01
   -2.08867000e+00  -1.82496497e-01  -6.78491494e-01   3.98682248e-02
    1.18900176e+00  -2.82717876e-01   1.50434498e+00   6.36898919e-02
   -4.07444621e-02  -1.05349445e+00   2.07409678e+00  -2.04226259e+00
   -1.29294149e+00   3.07994989e-01   5.54187236e-01  -1.75960990e-02
   -1.30959517e+00   7.29251462e-01   6.70725392e-01  -4.31082564e+00
    1.38232398e+00  -1.71637201e+00   1.13191228e-01  -1.29314899e+00
    2.73575525e-01 
    7.55961536e-01  -5.21561392e-02   2.72187595e+00   1.06483198e+00
   -1.92913138e+00  -1.97526990e+00  -1.11168970e+00  -9.01364548e-01
    1.38119437e+00   1.03730431e+00   3.66352390e-01   5.55881766e-01
   -2.15934550e+00   3.76372203e-02  -4.06727460e-01  -1.24101145e+00
    2.26553523e+00   4.84653798e-02  -1.31439922e+00   1.25909008e+00
   -1.27724577e+00  -2.41060021e+00  -1.19221301e+00   1.34101369e+00
    1.25013869e+00   6.77259098e-01  -2.44170509e+00  -5.88355556e-01
    2.17956891e+00  -2.53976791e-01  -2.19522254e+00   9.81911679e-01
   -3.59212170e-01 
   -1.59728471e+00   2.51101350e-01  -1.56874157e+00  -1.03839560e+00
    1.81115626e+00   1.20553194e+00   1.24637265e+00   1.68428769e-01
    5.32537425e-01  -9.05885123e-01   2.82710962e+00  -2.00305742e+00
    3.92336591e-01  -9.22499020e-01  -3.23843617e+00   1.68002066e-01
    3.72368606e+00  -2.32676725e-01   1.17437939e-01  -2.16848994e+00
   -1.06077113e+00   5.22962452e-01   8.27650220e-01  -2.92861268e+00
    6.29890950e-01   5.33411922e-01  -1.35802451e-01   1.80874396e-01
   -2.58701447e-01   1.98081335e-01  -1.80443148e+00  -5.97944661e-01
   -2.26051059e-01 
   -1.95609212e+00  -1.27210699e+00  -2.38416192e+00  -6.86400399e-01
    8.71288491e-02  -3.59019707e-01  -2.79914857e-02  -1.19101790e+00
   -3.63077784e-01  -3.01257837e+00   1.44396992e+00  -6.91850277e-01
   -2.22872190e-01  -2.46463330e+00   2.77127588e+00  -1.79475400e+00
   -2.40259443e-01  -1.55577245e+00   2.52957771e+00  -2.35731743e-01
    1.20195906e+00  -1.19089077e+00  -3.26758128e+00   2.03203505e+00
    1.96194893e+00   1.23041178e+00  -1.52227825e+00  -7.32161592e-02
   -3.18160317e-01  -2.13628535e-01  -1.25568166e+00   1.67323645e+00
   -2.67751044e-01 
   -1.44342136e+00  -1.93933336e-01   6.93664872e-01   3.62058225e-01
    1.05453754e+00  -7.56520827e-01  -4.39544341e-01  -3.53903971e+00
    1.17196350e+00   7.27346685e-02  -1.77414094e-01   4.26607889e-01
   -9.73523260e-01   2.01154897e+00  -8.76637699e-01  -2.07887887e+00
   -1.44205079e+00   6.92561737e-01  -1.62990502e-01  -2.47075034e+00
    4.52214812e+00   5.02980033e-01  -8.05591116e-02  -1.68997524e-02
    3.61184675e-01   5.65562522e-01  -1.34740609e+00  -1.66633086e+00
   -3.75968136e+00   7.87714597e-01  -1.59567672e-01   4.40215586e-01
    2.41829549e-03 
    7.28560676e-01  -1.28287033e+00  -4.19181502e-03  -9.63619318e-01
   -1.89334752e-01  -2.38460717e+00   1.18340496e+00   8.20659326e-01
    7.12454563e-01  -2.08671351e+00  -4.82306933e-01   2.64052820e+00
    3.05590603e+00  -1.69232313e+00  -1.10932655e+00  -3.91130647e+00
   -1.10608910e+00  -4.11206457e-02  -1.71563803e-01  -5.72775069e-01
   -8.67186345e-01  -2.83677902e-01  -1.79906129e-01  -6.73659055e-01
   -1.31464914e+00  -1.94202627e+00   9.54911394e-01   3.90627485e-01
    4.33292223e-01   2.86758939e+00   7.58696061e-01   2.68746966e-01
   -4.23285027e-01 
    1.53346251e-01  -7.06917325e-01   2.11050059e+00  -5.87466774e-01
    1.71923612e+00  -1.00274572e-01  -8.90824720e-01  -1.23154369e-01
   -2.22971871e-01   4.79928730e-01  -4.36574939e+00   1.84553331e-01
    1.29947299e-01  -1.93023984e+00  -4.91877736e-01   2.27991798e+00
   -2.30783168e+00  -5.31834918e-01  -2.34900032e+00  -3.95659527e-01
   -2.55156257e+00  -1.31339889e-01  -2.96465408e+00   2.27067505e-01
   -4.68907873e-01   3.48598254e+00   4.82226282e-01   5.84550439e-01
   -1.43035006e+00   8.08296132e-01   1.21680916e+00  -5.21839968e-02
   -9.97067487e-01 
   -2.05484276e+00   2.34704055e+00   1.18611761e+00   1.41595720e+00
   -1.99722801e+00  -2.50134663e-01   1.24752110e+00  -2.33484506e+00
    2.25313772e+00   3.01174211e-01   7.68498430e-01  -1.58192626e+00
    1.12501445e+00  -1.72511799e+00   1.99145910e+00   1.27484192e+00
   -8.26600733e-01  -2.39285942e+00  -3.25764791e-01   5.81572265e-01
   -1.52791323e+00  -1.73698870e+00   2.18891664e+00  -1.30911287e+00
   -1.91662680e+00  -3.97611367e-01   2.91139602e-02   5.05388399e-01
   -1.36914520e+00  -1.43369326e-02   1.56021553e+00  -1.88327904e+00
   -5.45322199e-01 
    1.08046646e+00  -9.37645630e-01  -8.78183520e-01  -1.39828341e+00
   -6.65297040e-02   1.89122892e-01  -9.36682822e-01  -2.49368690e+00
   -2.45528856e+00  -2.68573104e+00  -1.83716664e+00   1.79464809e+00
   -2.54565510e+00  -1.44184950e+00   2.10958579e-01   2.72125486e-01
    5.55959466e-01   2.76531287e-03  -2.15904105e+00   1.74603203e+00
    1.35634675e+00   1.25517664e+00   5.27609415e-01  -2.51474692e+00
    2.75407304e+00  -8.25360868e-01   2.11479253e+00   4.54126819e-01
    2.52434227e+00   4.55929539e-01  -2.72739424e-02  -1.86097984e+00
   -3.54534974e-01 
   -1.33771272e-01  -2.86112580e+00   3.88370185e-01   9.23676835e-01
   -5.81301225e-01   1.28572817e+00  -1.13596386e+00  -2.25578923e+00
   -1.77503300e+00  -1.34166313e-01   1.19587895e+00   7.81310160e-02
   -2.64830981e+00   1.80031754e+00  -3.27315938e-01   2.69023178e-01
    5.16541020e-01  -1.27592756e+00   1.05444217e+00   1.62345856e+00
   -7.75745191e-01  -1.35628851e+00  -1.39883222e+00  -2.77975792e+00
   -1.64466322e+00  -1.58335597e+00   3.53464667e+00   1.04769373e+00
   -1.14465493e+00  -3.41245313e-01   1.61072224e+00   2.57479182e+00
   -4.90025033e-01 
   -1.20791456e+00   4.37767310e+00  -1.38005383e+00  -2.59699423e+00
   -2.20010811e+00  -1.26522719e+00  -1.15486415e+00  -5.20917239e-02
    1.06090628e+00  -2.36487901e+00  -2.63573770e+00   2.92526164e-01
   -6.75796276e-01   1.29356826e+00  -2.78720073e-01   1.54131674e+00
   -7.59516103e-01  -6.27147797e-01  -4.31894946e-02  -9.30707457e-01
    7.19427393e-01   1.75960151e+00  -6.72858712e-01   8.99485213e-01
    5.70323547e-01  -1.74818465e+00  -1.55657647e+00  -2.20989464e-02
    1.09038469e+00  -9.23735112e-01   1.61188117e+00   1.19451278e+00
   -7.08800875e-01 
   -4.35781801e-01  -9.41401342e-01  -2.54560109e+00  -2.08341746e+00
   -2.09463854e+00   9.22467690e-01  -5.35647751e-02  -1.81830284e-01
   -6.88339562e-01   3.46665954e+00   2.69203968e-02   2.18500124e+00
   -9.98084000e-01   3.16664461e-01  -5.07520639e-01  -1.31211257e+00
   -9.16536421e-02  -1.13352587e+00  -4.49904014e-01  -1.47391805e+00
    3.03196221e-01  -3.79652250e-01  -8.95730333e-01  -7.30018840e-01
   -8.40171439e-02  -2.04797850e-01  -1.88047873e+00   4.42236594e-01
    1.56343901e+00  -1.25893063e+00   2.00746692e+00  -4.56297584e-01
   -2.48525772e-01 
   -2.59729764e-01  -8.05559112e-01   5.40049474e-01   1.94954735e+00
   -2.31706939e+00   1.29650409e+00  -2.31495626e-01   1.06782183e+00
    9.48671253e-01  -7.29349568e-01  -9.16671409e-01   7.19269649e-02
   -1.69186290e+00  -7.33356646e-01  -2.63288370e+00   2.10125294e+00
   -3.00611849e+00   4.27054039e-01   1.01780650e+00  -8.27295984e-01
    7.96050517e-01  -5.91012805e-01   1.42836360e+00   3.68131677e-01
    2.65984831e-01  -2.06930416e+00   9.43640199e-01  -1.32931662e+00
    3.29149344e-02  -1.11168782e+00  -8.83702157e-01   7.16667616e-01
   -5.18941251e-01 
   -5.67228848e-01   2.19300233e+00   3.59165849e-01  -1.07844100e+00
   -9.35046168e-01  -1.94369086e-01   9.66106751e-01   1.56953334e+00
   -1.04526236e+00   2.48133182e-01  -9.95508643e-01  -6.31505347e-01
    2.43913124e-01   4.06108876e-01   1.97990820e+00  -1.15906334e+00
    5.01355536e-01   3.01451524e-01  -1.33676157e+00   4.51034811e-01
   -7.22024879e-01   1.01937894e+00  -3.34741872e-01  -3.14036709e-01
    9.70031779e-01  -1.21634020e+00  -3.72930356e-01  -3.80544164e-01
   -2.50464298e+00  -1.28654086e-01  -1.84764919e+00  -2.88537603e+00
   -8.91891600e-01 
   -1.98209081e-01  -1.75478813e+00  -2.37566193e+00   1.94673807e+00
    1.36555124e+00   8.96886707e-01  -4.28372021e-01  -5.12150441e-01
    1.96898987e+00   1.23616377e+00   2.07299317e-01   4.58600008e-01
   -1.13864208e-01   2.60874132e-01  -1.03573350e+00  -5.46288547e-01
   -2.37416696e-01  -1.83491442e+00  -8.94856724e-01   1.64433921e+00
   -4.48366386e-01   7.49425062e-01   4.06514848e-01  -1.53667763e+00
   -5.03959495e-01  -1.54307611e+00  -1.64178304e+00  -6.10685554e-01
    1.11469125e+00  -5.24438162e-01  -8.99809631e-01  -6.45484667e-01
   -1.94746226e-01  