NN 16 32 16   -4.10152475e+00  -1.09823649e+00   1.69215992e-01   5.91125823e-01
    2.82964122e+00  -1.08984884e+00  -2.12392809e+00  -2.38158646e+00
    3.64664549e+00  -1.25468287e+00  -3.20363483e-01   1.50301150e-01
    9.39118943e-01  -1.94663667e-01   3.30841067e-01  -6.48580983e-01
   -9.22079578e-01 
    7.29170258e-01  -6.13907386e-01  -2.34263891e-01   1.61033776e-01
    8.86134598e-01  -2.15788784e-01   1.98415198e-01   5.68409406e-01
   -2.92026204e+00   8.31341151e-01   2.33331045e+00  -4.32434385e+00
    9.61090711e-01   7.34017115e-01  -2.38981225e+00   1.48008443e+00
    7.41804241e-01 
   -1.25366545e+00   1.26073842e-01  -2.49448496e+00   9.12388114e-01
    3.03506620e+00  -1.88082045e+00  -8.33228136e-01  -7.84220120e-01
   -9.45215496e-01   6.62091369e-01  -6.35254656e-01   3.01369684e-01
    1.47150908e+00  -6.58621813e-01  -2.48406515e-01   2.25172804e+00
    2.12322718e-01 
    1.74132079e+00  -6.83468280e-01  -1.44290691e+00   1.00481310e+00
    2.43565638e-01  -1.13644567e+00   8.73300407e-01  -5.26927750e-01
   -1.67932098e+00   9.60144879e-01  -1.71319110e+00   1.78235885e+00
    1.78648674e+00  -1.77269906e+00   1.29382475e+00  -2.09022674e+00
   -1.86883858e-01 
   -1.58797863e-01  -1.80146340e+00   1.67465797e+00  -1.51199329e+00
    5.48128622e-02  -6.73625628e-01  -8.80267580e-02  -2.13434178e+00
    1.29375147e+00  -5.44452032e-01   9.16095632e-02   2.19532425e+00
    1.58429379e+00   2.36465945e+00  -1.45725049e-01  -1.47691813e+00
   -6.59296780e-01 
   -3.88275744e-01   1.30846733e+00   2.04140333e+00  -1.30890045e+00
    8.67591480e-01   1.17301679e+00   2.35842205e+00  -6.11206358e-01
    7.13730486e-02  -1.74657948e-01  -2.25742366e+00   4.32812291e-01
   -8.24278023e-01  -1.40529882e+00  -3.91805237e-01   8.59856587e-02
    2.08020317e-01 
    1.30311707e+00   1.57137596e+00   1.57990362e+00  -2.05527100e+00
   -2.00534907e-02   3.34707620e-01  -2.20635806e+00   1.71372921e+00
   -5.63307664e-01   5.74871068e-01   9.09837051e-01   4.46661728e-02
   -4.93024414e-02  -4.04521724e-01  -1.44985020e+00   8.36756012e-01
   -7.47078760e-01 
    8.35304825e-01  -1.48472682e+00   1.17162087e+00  -3.54178578e-01
    6.58140550e-01   4.54727376e+00  -2.49085374e+00  -4.10366593e-02
    2.67874883e+00   2.47379711e+00   3.59259212e-01  -3.06231786e-01
   -6.54158621e-01  -2.88448040e+00  -1.52742476e+00  -1.72143285e-01
   -6.98643803e-01 
    1.44226564e-01   2.89627021e+00  -6.28620102e-01  -1.20950351e+00
    7.20395911e-01  -1.36077516e+00  -1.40471793e+00  -2.90907079e-01
   -1.77454748e+00   2.43174849e+00   1.49361934e+00  -1.24689974e+00
    1.11473556e+00  -1.92656695e+00   1.53388597e+00  -1.81853858e+00
   -1.55885818e-01 
   -1.26203096e+00  -2.91608801e-01  -7.90480347e-01   1.26844526e+00
    1.79266364e+00  -7.80931176e-01   1.18730475e+00  -7.28262967e-01
   -1.18445328e+00   6.60317952e-01   1.00783586e+00   2.29394483e+00
   -3.23654246e+00   3.71338842e-01  -8.90885105e-01  -1.41941000e+00
    3.94308222e-01 
   -7.02144381e-01   3.74296198e-01   9.81462827e-02  -2.83858805e+00
   -2.64201960e+00  -1.52226240e+00   1.65130885e-01   4.74192158e+00
   -1.51330463e+00   4.72667527e-01  -4.86269765e-01   3.15501537e+00
   -1.28528868e+00  -4.25248188e-01  -7.68846751e-02   4.48995352e-02
   -6.28358401e-01 
    3.26746213e+00  -8.24720697e-01   2.45422631e-01   2.01538170e+00
    1.66915798e+00  -7.99758237e-01  -1.28857657e+00   6.97751327e-01
    2.51419749e-01  -1.39026071e+00   5.63979249e-01  -6.64020532e-01
   -3.19119217e+00   4.69998608e-01   1.12179735e+00  -1.26822900e+00
   -4.13562102e-01 
   -1.23042103e-01  -2.71824072e+00   1.64165265e+00   3.30501925e-01
    2.39208037e-02   2.97785059e-01  -3.66296292e+00  -5.19019067e-01
   -1.83449351e+00   1.13236208e+00   3.27257624e+00   6.52938577e-02
   -4.31599915e-01   1.37407576e+00  -4.63263271e-01  -7.41070179e-01
   -1.30588922e+00 
   -6.76882579e-01   5.12683519e-01  -4.51072978e-01   6.64873463e-02
    2.57512986e+00  -2.22778665e+00   1.29809715e+00   9.31170386e-01
    1.14802337e+00   1.53542804e+00  -2.23639942e+00  -1.69555097e+00
   -1.26012879e+00   2.46511360e-01  -4.15162571e-01  -9.09717213e-02
   -1.18246260e-01 
    2.02142610e+00  -1.93393899e+00   8.27222324e-01   3.20702081e+00
   -2.39125958e+00   8.30963361e-01   3.54443710e-01  -1.00596695e+00
   -1.45281005e+00  -4.39401976e-02  -5.43303461e-01  -2.63966146e-01
    7.49727221e-01   2.47849244e+00  -2.26558205e+00  -1.57365177e-01
    6.33119566e-01 
    1.65977623e+00  -1.18482574e+00  -3.60883508e-01   9.75988789e-02
   -3.20570659e-01  -2.83957619e-01   3.22224659e+00  -3.01916179e+00
   -1.14114425e+00  -1.04680879e+00  -6.59342916e-01  -9.09892930e-01
    1.19974499e+00  -2.11861555e+00   9.40844896e-01   7.19303019e-01
    5.54038749e-01 
    1.67369692e+00   6.67628383e-01  -3.08624018e+00  -4.68576430e+00
    1.34322478e+00   1.34868677e-01   4.46744989e-01   1.57367882e+00
    7.84746663e-01   4.81552308e-01  -7.34590517e-01  -1.29426159e+00
   -3.60036759e-01   1.68160512e+00  -5.23374849e-01   1.31901132e+00
    3.61999315e-01 
   -1.74034360e+00   6.48671834e-01  -2.58052068e-01   3.67621321e-01
    6.50602988e-01  -2.10007556e+00   3.86015914e-01   3.03914130e-01
    1.52421475e+00  -9.23748468e-01   1.46904726e+00   4.05163085e-01
    8.70663065e-01  -1.14762285e+00  -8.16810770e-01   1.26790162e+00
   -7.67387114e-01 
   -3.42309413e-02  -2.64402424e+00   2.23803583e+00   7.99240048e-02
   -2.55401508e+00   2.59456660e-01  -3.85100469e-01   1.75055864e+00
    3.67744708e-02   1.53865384e+00  -1.65005808e+00  -4.02258459e-01
    5.18604908e-01  -1.00848870e+00   6.90868958e-01   7.22575957e-01
    1.58682285e-01 
   -1.32644264e+00   6.04209977e-01  -7.61211227e-01   2.37127734e+00
   -9.00806060e-01   1.97809860e+00   1.44197175e+00  -1.89559064e+00
    1.49170889e-01  -1.76300224e+00  -4.10374797e-01   5.81239374e-01
    1.75915771e+00  -3.02393391e-01  -3.31591714e-01  -2.55222057e+00
    3.38048216e-01 
   -3.81481554e-01   2.85903718e+00   1.42222548e+00  -6.34088744e-01
   -1.38072747e-01  -5.04315705e+00   1.33660545e+00   3.60840244e+00
    1.38514031e+00  -2.61555963e+00   8.44750768e-01   7.81716304e-02
   -3.76927322e-01  -8.45246361e-01   8.76997837e-01  -3.70608792e-01
   -2.59356638e-01 
   -2.91513588e+00   8.47059347e-01   2.13128703e+00  -7.14173672e-02
    1.69562053e+00  -9.40856016e-01  -1.73342641e+00  -1.71430844e-01
    2.43428057e+00  -1.01864033e+00   3.49485300e-01  -1.81160181e+00
    3.84014783e-01   4.61461562e-01  -1.31182911e+00  -5.32470959e-01
    6.31907205e-01 
   -8.39244879e-02  -8.32908086e-01   3.97551526e-01  -5.05666303e-01
    2.49300483e+00  -1.10996732e+00   1.70308506e-01   2.64261593e+00
   -2.78415950e+00  -9.61724985e-01   1.49510756e+00   9.77250083e-01
    3.90227902e-01  -8.75040593e-01  -5.07388638e-01  -1.35242688e+00
   -3.79449599e-01 
   -2.06409205e+00   1.40951587e-01  -1.48658565e+00   2.10538950e+00
   -1.06499172e+00   1.22894473e+00   9.11920047e-01  -7.35731421e-01
    1.08756738e+00   1.37894856e+00   1.99273801e+00  -1.68920349e+00
    8.00601345e-01  -1.49768143e+00   5.84821543e-01  -4.06660038e-01
   -6.76206977e-01 
    2.34100600e+00   1.67883710e+00  -2.21977463e+00  -1.46592578e+00
   -3.83014401e+00  -1.77433172e+00   9.03714106e-01   6.16432359e-01
    1.42390972e+00  -2.44235394e+00   1.80611694e+00  -6.76232369e-02
    8.30949898e-01  -4.21342651e-01  -7.93445908e-01   1.77417125e-01
   -1.36606852e-01 
    2.03446858e+00   3.72491772e-01  -2.27297577e+00   1.50094805e-01
   -1.19746239e+00  -6.56197332e-01   3.01553135e+00  -3.26420906e+00
   -2.32803413e-01  -3.27454628e-01   1.82901738e-01   7.61108888e-01
   -2.52995218e-01   1.29273541e+00   7.15503079e-01   1.38391471e+00
   -5.05212316e-01 
   -6.09081276e-01  -5.96351819e-02   2.03591106e+00  -1.88791901e-01
    1.95315685e+00   1.99647042e+00  -3.59209034e+00   3.95973565e-01
    3.39479408e-01  -8.48965627e-01  -3.59756749e+00   4.16543820e-02
    2.31097879e+00  -1.48576339e+00  -1.30962401e-01   3.46055847e+00
   -2.57041579e-01 
   -6.50556244e-01   3.23545652e+00   1.12989890e+00   5.36262340e-02
   -1.47753228e+00   1.83861105e+00  -6.79581465e-01  -3.38920729e-03
   -8.98528723e-01  -2.51867014e+00  -1.68578388e-01   1.16654456e-01
   -9.22271820e-01   6.98156030e-01  -1.68105779e-01   7.58348926e-01
   -6.87518525e-01 
   -1.18611387e-01  -9.73626008e-01  -1.41180965e+00   1.10807490e-01
   -1.63842714e-01   2.79162581e+00  -5.74647843e-01   8.43265742e-01
    3.27423767e-01  -3.11199574e+00   1.12271043e+00  -3.37208922e-01
   -1.63780633e+00  -1.51789769e-02   3.42700858e+00  -1.64387033e+00
    7.30134350e-01 
   -1.73181877e-01   2.86547801e+00   1.90610234e-01  -1.08868548e+00
    9.78364704e-01  -1.79109378e+00  -2.56898376e+00  -1.13710075e+00
   -6.12758401e-01  -9.54460268e-01  -2.47379921e-01   8.79675857e-01
    9.11054012e-01   5.53444039e-01   3.25051386e-01   1.00740039e+00
   -1.60513864e-01 
   -8.03627520e-01   1.11647784e-01   3.30042490e+00   1.91908224e+00
    7.65832369e-01   6.13903775e-01  -2.38756356e+00  -1.47278496e+00
   -8.17849247e-01   6.37169625e-01  -2.18680038e+00  -1.54314001e+00
   -1.86534590e+00   1.90621919e+00   1.94887772e+00   1.27767962e+00
    2.71649322e-01 
    1.75732066e+00   8.24122273e-01  -1.21327783e+00  -2.86959958e-01
   -9.15472326e-01  -1.45132456e-01  -4.11664629e-01  -5.33029492e-01
    1.90359558e+00   1.81134555e+00  -2.55034471e+00  -2.15382339e+00
   -5.63014891e-01  -1.82390583e+00   2.56129231e+00   9.11794307e-01
   -5.67639229e-01     3.76642439 -1.06994884  0.49667606 -2.05472955 -1.00800049  1.56252212
  -0.76912455 -1.0493482   0.45243314  0.5750337  -0.2675062  -3.31940431
  -0.85458586  0.58396523  1.12879314 -1.40163939 -0.20574337  0.02073114
   0.09854174 -0.08803733 -0.19225714  1.66670107  0.726074    2.22167781
  -1.25843353 -0.95013888  0.36316869  0.05321648  0.11382556 -0.04865861
   0.17089911 -1.05959979  0.02683041 
   0.54689645  0.48167369 -0.27077198 -0.25995558  1.11219628 -0.29834336
  -1.26700185  0.84091274 -2.06417629 -0.22614388 -0.9503999   0.01451529
   1.17660066 -0.17375571  1.49105792  0.06875237 -0.20177504 -1.20413644
   1.98718316 -2.08428763 -1.43709559  0.29984201  0.47596468  0.17959772
  -1.24782531  0.72989681  0.66498591 -4.68285577  1.57197441 -1.69562544
   0.17058634 -1.12072885  0.40930971 
   0.54113202 -0.21498116  2.76421414  1.28467394 -1.74737617 -2.11858255
  -1.24405408 -0.8339766   1.22790235  1.16934971  0.29463914  0.75514375
  -1.89248925  0.10768824 -0.55172127 -1.29048068  2.15924976  0.08281573
  -1.34153566  1.45674482 -1.25523785 -2.49406632 -0.89419903  1.20841442
   1.28479793  0.64489179 -2.48475009 -0.46511397  2.24161695  0.04548988
  -2.02996815  1.02116266 -0.22226806 
  -1.45468099  0.20803039 -1.45100634 -1.03705644  1.98394427  1.17525037
   1.24692356  0.05471995  0.62884526 -0.86961284  2.96072401 -1.93544699
   0.34397955 -0.71340389 -3.29851011  0.16362384  3.94047196 -0.12807509
  -0.0110424  -2.28691701 -1.01434112  0.48546396  0.77758362 -2.95016944
   0.5866792   0.51263663  0.12566814  0.09399654 -0.29320557  0.41244647
  -1.69999048 -0.52999887 -0.17916058 
  -2.00366978 -1.31225444 -2.4241721  -0.62234258  0.00814293 -0.3670694
  -0.19908648 -1.27173056 -0.36527444 -3.19114748  1.58034016 -0.6704478
  -0.12470477 -2.68747118  3.05602187 -1.7047945  -0.01854433 -1.74737126
   2.59554735 -0.41633968  1.18639362 -1.06730413 -3.56421006  2.12784823
   1.68512417  1.1485856  -1.4978469  -0.09390706 -0.02401116 -0.03874967
  -0.93372207  1.96458522 -0.18520431 
  -1.67047777 -0.26757174  0.61802164  0.24460933  1.3021142  -0.70548665
  -0.38070248 -3.50799922  1.24824205  0.23462656 -0.10269886  0.47129077
  -0.89162819  1.96239245 -0.69893003 -2.17195371 -1.38897578  0.76394056
  -0.15527249 -2.50016903  4.25443006  0.6110049  -0.20531085 -0.25601824
   0.56441641  0.60862966 -1.13282573 -1.7875009  -3.90847577  0.85049199
  -0.05714186  0.3603792   0.12237762 
   0.74819089 -1.50939583 -0.09094244 -0.8073219  -0.28828933 -2.75059524
   0.92637777  1.02849903  0.58660428 -2.12715078 -0.64246628  2.73345193
   2.94639493 -1.65746758 -1.07834941 -4.002707   -0.90043795 -0.02108681
   0.04344699 -0.69617559 -0.83499276 -0.11334445 -0.31147431 -0.82822738
  -1.35040902 -2.26769893  0.87219144  0.53682413  0.52970528  2.68950265
   1.14922884  0.06845907 -0.54145337 
   0.02222479 -0.63785323  2.18275637 -0.59072617  1.95948057  0.06743216
  -0.92171621 -0.25365907 -0.21416906  0.55993468 -4.42993953  0.15945509
   0.32821332 -1.99360136 -0.40420543  2.35946268 -2.60754773 -0.52201192
  -2.21460711 -0.15232485 -2.67647505 -0.05723438 -2.98975429  0.24623177
  -0.30975234  3.50754389  0.34572799  0.84444398 -1.44052876  0.79387027
   1.29543636 -0.22892127 -1.19454092 
  -2.15012074  2.51717781  1.27982281  1.69754815 -2.05966193 -0.2609575
   1.26986808 -2.41744677  2.45674618  0.33024031  0.82138303 -1.62151135
   1.06734814 -1.76668894  1.839505    1.25493945 -0.62750922 -2.59703105
  -0.3814936   0.5439424  -1.5039505  -1.83215151  2.35396275 -1.2608472
  -1.98581773 -0.31432711  0.01955421  0.27161548 -1.4355229   0.08622035
   1.47621836 -2.0260429  -0.56094841 
   1.20527137 -1.03736693 -0.88628565 -1.59542402 -0.08962306  0.05099495
  -1.15266841 -2.66004972 -2.6467872  -2.61116876 -1.97956199  2.04989851
  -2.65193484 -1.49457176  0.38894662  0.38125396  0.50453512 -0.03028319
  -2.35981325  1.74113077  1.34583825  1.21216989  0.50703436 -2.42291203
   2.74605873 -0.98264361  2.19790096  0.63523484  2.83361566  0.52573897
  -0.01133526 -2.03690287 -0.49699951 
  -0.01955867 -3.1195871   0.46231665  1.05641787 -0.57485662  1.44354423
  -1.29393546 -2.30015611 -2.00982128 -0.20207773  1.21351859 -0.15318018
  -2.61876343  1.81285091 -0.41038176  0.31578613  0.24228388 -1.46173572
   1.05915242  1.63531234 -0.88550402 -1.44120452 -1.41171518 -3.06675824
  -1.58717834 -1.68501957  3.59536681  0.97104762 -1.21683653 -0.3981113
   1.48829539  2.5807965  -0.65546093 
  -1.12733682  4.75883559 -1.49062072 -2.66222053 -2.23663922 -1.25668311
  -1.17704816 -0.15521811  1.07420726 -2.41146695 -2.72957193  0.36204955
  -0.6511709   1.33832441 -0.39299606  1.58632565 -0.58370634 -0.56753891
  -0.03004353 -0.9528726   0.76268152  1.83016153 -0.62175839  1.00610979
   0.37388849 -1.73053931 -1.55786244 -0.02488525  1.13032088 -1.01902796
   1.82702563  1.22063327 -0.74023129 
  -0.42671486 -0.98100637 -2.5318897  -2.13429935 -2.16089149  1.02124539
  -0.07718439 -0.15303903 -0.70795634  3.74570969  0.12829954  2.24462747
  -0.97959987  0.43590807 -0.55869356 -1.34479573 -0.10415398 -1.1179807
  -0.46186908 -1.52765091  0.30106158 -0.33693472 -0.89801454 -0.70386132
  -0.13804276 -0.19089326 -1.97604404  0.53154961  1.61341138 -1.25554584
   2.13893588 -0.42694261 -0.19806253 
  -0.24674032 -0.79587322  0.45686143  1.97968145 -2.46976338  1.37106432
  -0.24726284  1.15320287  0.96570617 -0.76498158 -0.94838416  0.14069948
  -1.73082027 -0.76466991 -2.7688471   2.22807698 -3.15871612  0.49129004
   1.0346786  -0.85162074  0.89949148 -0.57094787  1.51355285  0.36795961
   0.2336572  -2.14805905  0.94525463 -1.36136806 -0.01832706 -1.21576247
  -0.94803019  0.74525573 -0.61206626 
  -0.59077748  2.33163582  0.35990204 -1.11728783 -0.96320087 -0.22507976
   0.99634625  1.58422184 -1.1202895   0.27964243 -0.98257579 -0.63001747
   0.22521373  0.38823975  2.03714855 -1.22581289  0.50478089  0.26849203
  -1.48120759  0.42682984 -0.81104691  0.97818572 -0.38058487 -0.4191056
   1.06280173 -1.20553443 -0.39770233 -0.4360909  -2.72781858 -0.13751654
  -2.01025095 -3.00756694 -0.98262954 
  -0.15852645 -1.82950614 -2.44872547  2.11693383  1.38641111  0.8757395
  -0.41710144 -0.5412272   2.16414277  1.27483177  0.20056731  0.54841564
  -0.03647266  0.27168029 -1.07342129 -0.64910797 -0.28300878 -1.9593141
  -0.95595673  1.70293881 -0.41732843  0.766459    0.45717891 -1.61076714
  -0.4833945  -1.64594115 -1.68237001 -0.68702774  1.11764254 -0.49187581
  -0.91811398 -0.68525876 -0.22017985  