NN 16 32 16   -2.91021564e+00  -7.21997442e-01  -4.48891710e-01   7.75882904e-01
    1.49466193e+00  -6.66272495e-01  -1.06762050e+00  -1.34319661e+00
    2.05687440e+00  -1.32849859e+00  -1.46720166e-02   6.84274883e-01
    6.66288568e-01  -1.61197038e-01   2.48885971e-01  -2.78203493e-01
   -6.84240728e-01 
    3.98518548e-01  -1.90133581e-01  -4.87986293e-01  -4.86199962e-01
    8.69782802e-01  -1.95134448e-01  -3.96662312e-02   5.94825075e-01
   -1.90744672e+00   6.76983458e-01   1.70330746e+00  -2.88625903e+00
    4.89916225e-01   6.49238815e-01  -1.41651172e+00   1.10268693e+00
    5.00463747e-01 
   -3.25762238e-01  -1.95027840e-04  -2.26609592e+00   1.08177418e+00
    2.10356736e+00  -1.41667750e+00  -5.11549224e-01  -7.68611682e-01
   -9.99267954e-01   2.63219239e-01   1.91982452e-01   4.12714857e-02
    1.41834271e+00  -9.29557597e-01  -7.27135503e-02   1.31227185e+00
    1.49942262e-01 
    1.32565392e+00  -6.90386116e-01  -7.69708460e-01   6.09931984e-01
   -1.35377400e-01  -9.98103689e-01   1.00462826e+00  -1.52551084e-01
   -1.12923233e+00   7.83563076e-01  -1.13810138e+00   1.38940066e+00
    1.37876998e+00  -1.66297813e+00   7.91100941e-01  -1.56841495e+00
   -4.44111323e-01 
   -1.88384829e-01  -1.25275149e+00   1.16950579e+00  -9.46914419e-01
   -3.08850002e-01  -7.25577244e-01  -1.58935366e-01  -1.62896145e+00
    1.25073736e+00  -1.08895554e-01  -3.24779942e-01   1.61852147e+00
    1.49573386e+00   1.75544561e+00   8.32081579e-02  -1.33463995e+00
   -7.49548908e-01 
   -3.26159513e-01   9.74053445e-01   1.10886349e+00  -1.06542035e+00
    3.92546098e-01   1.06366151e+00   1.16737417e+00   1.22783094e-02
   -3.36531071e-03  -2.92051977e-01  -1.11658809e+00   6.24401802e-01
   -6.22633485e-01  -1.13736084e+00  -2.06995206e-01  -1.53594130e-01
   -8.96572637e-02 
    4.42260366e-01   1.31165158e+00   1.10971750e+00  -1.35690444e+00
   -1.98851564e-01  -7.11283075e-02  -1.61261555e+00   8.43068911e-01
   -5.59631501e-01   4.24419781e-01   6.43381723e-01   5.36399512e-01
   -2.39324843e-01  -3.84958686e-01  -1.10030195e+00   7.11643168e-01
   -5.73864814e-01 
    6.64107795e-01  -1.36229555e+00   8.74171103e-01  -5.34631876e-01
    7.86802089e-01   3.12272314e+00  -1.51276677e+00  -5.98496727e-02
    1.90245848e+00   2.07758101e+00   7.02150764e-01  -7.83149637e-01
   -6.56165952e-01  -2.08883526e+00  -1.09270987e+00  -3.73439565e-02
   -7.19967620e-01 
    3.36955488e-01   2.13253307e+00  -9.79810448e-01  -3.64896410e-01
    8.25928168e-01  -1.07003036e+00  -5.86363276e-01  -1.24736551e-01
   -1.33632355e+00   2.11030703e+00   1.02509988e+00  -8.23991334e-01
    4.98698907e-01  -1.58988928e+00   1.00542342e+00  -1.03608097e+00
   -9.14179242e-02 
   -1.45446610e+00   1.86649379e-01  -7.26542291e-01   1.09741146e+00
    1.72929493e+00  -6.52554026e-01   1.23689010e+00  -6.23942199e-01
   -6.53097342e-01   1.31909111e+00   4.97312677e-02   1.56383476e+00
   -2.24496456e+00   4.30218393e-01  -2.78119775e-01  -1.11293249e+00
    1.62033787e-01 
   -7.00130479e-01   6.29346565e-01  -1.28273575e-01  -2.43099868e+00
   -1.93302913e+00  -8.96648382e-01   3.46374766e-01   3.30762485e+00
   -7.75611852e-01   7.18315472e-01  -9.10637392e-01   1.99429825e+00
   -5.99605592e-01  -1.38851495e-01  -3.93719673e-02  -1.15861256e-03
   -6.32839488e-01 
    2.31331683e+00  -9.08527150e-01   5.09250245e-01   1.66765343e+00
    1.13968645e+00  -1.96226898e-01  -1.40311424e+00   5.21375746e-01
    2.92050514e-01  -8.03228831e-01  -1.88418715e-01  -4.48777408e-01
   -2.27735910e+00   2.95994816e-01   7.92656002e-01  -4.65239909e-01
    2.45653567e-02 
    1.69014644e-01  -1.37643449e+00   8.87647958e-01  -1.91343379e-01
    2.48263155e-01   8.82183728e-02  -2.91582883e+00   3.02918326e-01
   -1.71889878e+00   9.96423861e-01   2.51464236e+00   4.03683169e-01
   -2.02977997e-01   1.02011043e+00  -4.53833501e-01  -3.57190630e-01
   -9.50146423e-01 
   -3.74408991e-01  -1.20105836e-01  -7.66278937e-01   2.94153065e-01
    1.82795995e+00  -1.73452752e+00   7.56562200e-01   4.05147859e-01
    8.29472542e-01   1.47092259e+00  -1.83162010e+00  -1.74551476e+00
   -6.00938254e-01   5.90781704e-01  -3.80526148e-01  -2.07784592e-01
   -1.06311863e-01 
    8.92873474e-01  -1.92330497e+00   1.56229720e-01   2.41438162e+00
   -1.89188655e+00   1.02904273e+00   3.22135467e-01  -3.80628357e-01
   -1.46367591e+00   1.01413632e-01  -3.22712760e-01  -5.04276660e-01
    6.89042388e-01   2.17886822e+00  -1.50714745e+00   8.22658358e-03
    6.11186153e-01 
    9.72827014e-01  -8.41212502e-01   3.59763158e-02   9.42931093e-02
   -1.33302244e-01   3.22298841e-01   2.89749722e+00  -2.57940023e+00
   -1.36231828e+00  -6.20952348e-01  -3.67061391e-01  -8.11200356e-01
    1.40364767e+00  -1.57306979e+00   4.23915916e-01   3.13470415e-03
    3.67867103e-01 
    1.37514080e+00   7.06335929e-01  -2.55109018e+00  -3.40174594e+00
    4.16952189e-01   1.64551332e-01   1.23631081e+00   1.57348220e+00
    5.81949750e-01  -1.95210513e-01  -1.00682010e+00  -6.44072739e-01
   -1.67075086e-01   1.92979927e+00  -4.69196523e-01   8.34399143e-01
    1.51193683e-01 
   -1.28207625e+00   2.10523310e-01   8.05775484e-02   1.29403068e-01
    7.16683069e-01  -8.06808568e-01  -8.12949629e-02   7.19152359e-02
    1.29950022e+00  -6.28197575e-01   8.50874656e-01  -2.07650558e-01
    6.75819689e-01  -6.77047360e-01  -3.92477690e-01   8.97991512e-01
   -4.67178810e-01 
   -2.54014160e-01  -1.68379081e+00   1.52557989e+00  -3.25662053e-01
   -2.07358781e+00   4.17808040e-01  -1.68857276e-01   1.35309942e+00
    4.82652272e-01   1.68017525e+00  -1.76008725e+00  -7.64577864e-01
    3.99084793e-01  -1.09254228e+00   4.19493170e-01   4.52455392e-01
    1.95550573e-02 
   -1.19324492e+00   6.38643421e-01  -9.81178990e-01   1.59312842e+00
   -8.33902926e-01   1.84121585e+00   4.70428814e-01  -1.15576039e+00
   -2.81456948e-01  -1.76568544e+00  -7.88212642e-01   6.02947926e-01
    1.52017385e+00   3.83798890e-01  -1.83004292e-01  -1.54322383e+00
    3.59915516e-01 
    1.50674860e-01   2.25494714e+00   9.91938503e-01  -1.44730014e-01
   -4.92470962e-01  -3.68090016e+00   9.00695212e-01   2.66784497e+00
    1.31048945e+00  -1.49768698e+00   6.46652990e-01  -9.28497613e-01
   -6.58662242e-01  -4.22400880e-01   4.07801965e-01   2.08886617e-02
   -2.11005306e-01 
   -2.30719460e+00   6.21168941e-01   1.52949035e+00  -5.48543178e-01
    1.56707683e+00  -8.67320353e-01  -4.52782706e-01  -4.87796531e-01
    1.75452374e+00  -1.16828003e+00   2.55186721e-01  -1.71445310e+00
    4.65600307e-01   6.42004397e-01  -1.01233168e+00  -1.91212526e-01
    5.96020472e-01 
   -5.78822571e-01  -5.08071554e-01   7.08063256e-01  -9.78122479e-01
    1.86925627e+00  -1.41799718e+00   8.70128243e-02   2.08907015e+00
   -1.99008299e+00  -5.85196895e-01   9.79954201e-01   6.90378117e-01
    6.58270646e-01  -5.59921879e-01  -2.61193395e-01  -3.48925469e-01
   -2.43774180e-01 
   -1.53360629e+00  -9.01124126e-03  -1.17173137e+00   1.79268238e+00
   -9.92463260e-01   7.94646423e-01   5.07171665e-01  -8.30052515e-01
    1.39677076e+00   1.53866973e+00   1.36252924e+00  -1.68492595e+00
    5.46580275e-01  -1.23645505e+00   3.90599632e-01  -1.32803615e-01
   -5.90778040e-01 
    1.48530486e+00   1.44861031e+00  -1.55085150e+00  -5.71049748e-01
   -2.87317667e+00  -7.40350560e-01   7.49852355e-01   5.17183719e-01
    1.19725492e+00  -2.37915982e+00   2.02891793e+00  -1.09189670e-01
    1.35410542e-01  -7.42562040e-02  -6.26166334e-01   6.72443018e-02
   -1.24853941e-01 
    1.31433725e+00   6.42797501e-02  -1.38865289e+00  -2.27026831e-01
   -1.03717506e+00  -3.20962195e-01   2.11110137e+00  -2.79275071e+00
    4.69057280e-02  -3.59688948e-01   5.97747185e-01   1.17037269e+00
   -3.35306889e-02   1.21707720e+00   9.87544170e-01   5.51037471e-01
   -5.77288923e-01 
   -8.46837337e-01  -8.44249245e-01   1.67038800e+00  -2.42356124e-01
    1.26514971e+00   1.43821965e+00  -2.16895278e+00  -4.14716840e-01
    1.51509786e-01  -5.95963441e-01  -2.56219631e+00   3.92638662e-01
    1.32779569e+00  -1.07717510e+00   8.38727411e-02   1.97617140e+00
   -2.40167602e-01 
   -7.91146246e-01   2.21433142e+00   1.24372443e+00  -1.60196502e-02
   -7.21836380e-01   2.06717662e+00  -2.94897365e-01  -2.67054725e-01
   -1.07059826e+00  -1.45379747e+00  -5.04795717e-01  -3.35006359e-01
   -8.61960818e-01   5.11885696e-01  -9.51663985e-02   4.78986570e-01
   -4.11015627e-01 
   -3.59316115e-01  -1.23148900e+00  -7.49120965e-01   1.97233385e-01
    6.03634478e-01   2.18041790e+00  -7.21135930e-01   7.04042090e-01
    4.68340926e-01  -1.96713854e+00   1.04430434e+00  -1.36079023e-01
   -1.21459225e+00   1.37465294e-01   2.04993982e+00  -1.07682112e+00
    3.85073815e-01 
   -2.98323680e-01   1.48332196e+00   6.49366801e-01  -5.44843729e-01
    5.74926950e-01  -1.11717186e+00  -2.13992078e+00  -1.50311892e+00
   -1.10458349e-01  -6.47029959e-01  -4.16289753e-02   6.58224665e-01
    5.21352686e-01   2.88849161e-01  -1.05742382e-02   8.10395212e-01
    6.48376826e-02 
   -1.21702263e+00   3.51550406e-02   2.22607420e+00   1.32267115e+00
    1.17257938e+00   3.12673043e-01  -1.33681458e+00  -9.35909737e-01
   -4.28605818e-01   8.10207413e-01  -1.60992371e+00  -1.14174565e+00
   -1.26044292e+00   1.14935342e+00   1.09675839e+00   8.21424448e-01
    3.27563781e-01 
    1.20494470e+00   9.39439100e-01  -8.63010951e-01  -3.36161296e-01
   -6.93156061e-01  -1.78611036e-01  -8.52502820e-01  -2.08725297e-01
    1.38012302e+00   1.21085085e+00  -1.68872959e+00  -1.38793278e+00
   -2.86616941e-01  -1.41660753e+00   2.14333589e+00   4.39499658e-01
   -4.43512237e-01      2.81309708e+00  -5.91596840e-01  -5.72045942e-02  -1.74700718e+00
   -5.48271623e-01   6.02574002e-01  -3.08914797e-01  -7.41496094e-01
    4.94590729e-01   1.14976133e+00   5.11227359e-01  -2.48100418e+00
   -9.20139863e-01   2.17687724e-01   4.48602255e-01  -1.56469923e+00
   -4.22148424e-01   3.89817644e-01   2.72298386e-01   6.58837734e-01
   -3.41440012e-01   2.47088286e+00   4.52103870e-01   1.93566027e+00
   -2.21386185e+00  -1.11415086e+00   5.38400685e-01  -9.13449606e-02
   -1.64545876e-01  -4.18144027e-01   7.14909065e-01  -1.60064077e+00
   -2.20433126e-01 
    6.14978145e-01   3.30257175e-01  -3.89379234e-01   2.13446501e-01
    1.06251557e+00  -3.92823094e-01  -1.24635082e+00   9.60806808e-01
   -2.14233897e+00  -3.91083595e-01  -7.83903724e-01   2.55976943e-01
    1.51280283e+00   3.58684234e-02   1.93144132e+00   3.64211949e-01
    4.23949728e-03  -6.41507862e-01   1.80747197e+00  -1.90285596e+00
   -1.66019004e+00   2.47995506e-01   2.16298433e-01   2.73885380e-01
   -1.58122087e+00   3.55645077e-01   7.17963247e-01  -3.50926654e+00
    1.19472433e+00  -1.52016647e+00   7.36235603e-02  -1.27134513e+00
    1.14678981e-01 
    8.86106795e-01   1.43602641e-01   2.56196066e+00   5.22220254e-01
   -2.01150510e+00  -9.73351686e-01  -1.05423846e+00  -1.01546762e+00
    1.48916161e+00   1.11569940e+00   2.57427826e-01  -1.46486770e-01
   -1.80001509e+00   2.35419546e-01  -3.50900187e-01  -1.25385789e+00
    2.12449362e+00  -2.09369411e-01  -1.35113194e+00   1.16886623e+00
   -1.29626609e+00  -2.08147465e+00  -1.02520822e+00   1.20609924e+00
    1.23943741e+00   1.10234647e+00  -1.92822461e+00  -7.19463630e-01
    1.69912005e+00  -4.49330252e-01  -2.51374452e+00   7.51879069e-01
   -4.12498297e-01 
   -1.03665350e+00   8.39967770e-01  -1.30080795e+00  -8.88659019e-01
    1.31044094e+00   1.16314088e+00   1.26731966e+00   2.92529981e-01
    3.07644836e-01  -9.36440375e-01   2.15074932e+00  -2.34635873e+00
    6.18407922e-01  -1.05709015e+00  -3.02123996e+00   1.40488364e-01
    3.61295811e+00  -3.35781397e-01   7.38723795e-01  -1.75526294e+00
   -1.21912726e+00   6.89095543e-01   9.47105440e-01  -2.65347970e+00
    2.03615096e-01   4.40281234e-01   2.56078297e-01   1.40278284e-01
   -2.42789713e-01   2.85384033e-01  -1.74635539e+00  -3.98391319e-01
   -1.36832605e-01 
   -1.28467171e+00  -1.03718590e+00  -1.89493775e+00  -9.56849304e-02
    2.65198018e-01  -2.64705485e-01   2.98263963e-01  -1.12639198e+00
   -4.01523071e-01  -2.58372002e+00   1.20055700e+00  -3.39811540e-01
   -3.43446169e-01  -2.31040988e+00   2.45857876e+00  -1.10895123e+00
    4.69453267e-02  -1.40057915e+00   2.64328827e+00   2.02317783e-01
    1.26099606e+00  -1.28011323e+00  -2.75937358e+00   2.00265893e+00
    1.82796482e+00   1.57210983e+00  -1.47812030e+00  -3.47843530e-01
   -1.11236401e+00  -5.97321302e-01  -9.31461805e-01   1.12821931e+00
   -1.09829888e-01 
   -3.12330417e-01  -1.41910966e-02   6.97534142e-01   8.68928112e-01
    8.57886836e-01  -6.96547655e-01  -3.26209517e-01  -3.39775776e+00
    9.48800526e-01   4.05962638e-02  -5.83496805e-02  -1.03500409e-01
   -5.01403142e-01   1.80796873e+00  -8.84685055e-01  -1.79829486e+00
   -1.06447512e+00   3.65081875e-01  -2.50054873e-01  -2.80727821e+00
    4.25938362e+00   4.01359456e-01   5.02837914e-01   1.35035172e-01
   -1.04356898e-01   5.47361905e-01  -1.62586384e+00  -1.55206112e+00
   -3.13736656e+00   6.10753438e-01  -3.00778085e-01  -6.43544414e-02
    6.47096208e-02 
    4.66759113e-01  -4.42610881e-01   4.64076583e-01  -1.11943748e+00
   -5.36093928e-01  -1.30982124e+00   1.39378513e+00   8.85691955e-01
    4.03021582e-02  -2.22333373e+00  -5.74362065e-01   2.12211239e+00
    3.27459371e+00  -1.51208739e+00  -1.08109704e+00  -3.58737403e+00
   -9.88445293e-01   1.37302354e-01  -5.42740989e-01   3.24947926e-01
   -8.34418004e-01  -4.16632211e-01  -3.78047463e-01  -6.03036399e-01
   -1.79449300e+00  -1.47193573e+00   1.20725479e+00   3.92759131e-01
    2.64879280e-01   2.62294678e+00   5.57292574e-01   7.45799511e-01
   -2.13625397e-01 
    1.35762099e-01  -8.83847619e-01   1.94119174e+00  -4.85141221e-01
    1.41606879e+00  -3.13600597e-02  -8.77387260e-01   3.01483650e-01
    9.22373137e-02   4.49772197e-01  -3.81752905e+00   7.43385159e-03
   -3.61044291e-01  -1.05894539e+00  -4.17246824e-01   2.16507180e+00
   -1.99923947e+00  -5.15775584e-01  -2.33707393e+00  -9.31474214e-02
   -2.26842102e+00  -4.99423257e-02  -2.46042965e+00   2.75114033e-01
   -1.68040639e-01   2.84584294e+00   7.19852957e-01   5.41094118e-01
   -1.46664486e+00   1.23055652e+00   8.83631064e-01  -3.87272129e-01
   -3.99640561e-01 
   -1.71387570e+00   1.97404266e+00   1.02102397e+00   1.07434783e+00
   -1.92094789e+00  -2.20177819e-01   1.10426306e+00  -2.01374446e+00
    1.82741784e+00   1.54927675e-01   4.22216607e-01  -1.28639133e+00
    1.02466810e+00  -1.33377255e+00   1.82883703e+00   1.28074472e+00
   -8.91193625e-01  -1.77605871e+00  -4.17842883e-01   4.45681041e-01
   -1.32719638e+00  -1.49756869e+00   1.93907161e+00  -1.54039565e+00
   -1.43978620e+00  -7.75212483e-01   3.38962033e-02   6.79091851e-01
   -1.09948996e+00  -2.49183961e-01   1.21624857e+00  -1.45619296e+00
   -5.18846201e-01 
    6.65059348e-01  -5.93287961e-01  -6.12478902e-01  -1.07921038e+00
   -2.38081144e-01   3.97144026e-02  -8.69389441e-01  -2.22994303e+00
   -2.20143765e+00  -2.09742450e+00  -1.75266461e+00   1.39617955e+00
   -1.87946079e+00  -1.34706601e+00  -3.18231796e-02  -9.14807118e-02
    7.91271459e-01   2.02650723e-02  -1.91358869e+00   1.84852932e+00
    1.02083607e+00   1.16254529e+00   7.27458537e-01  -2.50938493e+00
    2.51833211e+00  -3.06983264e-01   1.28021719e+00   6.13889496e-02
    1.99029546e+00   1.99331130e-01   3.58945092e-02  -1.36511220e+00
   -5.14832098e-02 
   -5.07072388e-01  -2.06562673e+00   1.53906560e-01   6.75038724e-01
   -4.83442297e-01   8.59975084e-01  -8.43992752e-01  -2.21431374e+00
   -1.09371016e+00  -9.03742208e-02   1.00904527e+00   6.24367319e-01
   -2.56603326e+00   1.88578591e+00  -4.61228075e-01   1.74339263e-01
    8.40053797e-01  -1.04405163e+00   8.09509529e-01   1.27914162e+00
   -5.11010007e-01  -8.23506971e-01  -1.05441385e+00  -2.36275456e+00
   -1.86947101e+00  -1.59899727e+00   2.84631832e+00   6.99095833e-01
   -1.02205449e+00  -4.11028989e-01   1.33102714e+00   2.05296561e+00
   -2.33642829e-01 
   -1.41045983e+00   3.54804029e+00  -8.63463731e-01  -2.33123176e+00
   -1.81388219e+00  -9.11673330e-01  -1.00358062e+00   3.36531342e-01
    9.87805214e-01  -2.00875914e+00  -2.41631792e+00   6.96069486e-02
   -8.52090892e-01   1.34990182e+00   3.16965519e-01   1.44760918e+00
   -7.42286691e-01  -3.54294737e-01  -1.06402237e-01  -6.13421621e-01
    8.22116657e-01   1.80003338e+00  -3.80076212e-01   8.02562270e-01
    9.88211234e-01  -1.73955328e+00  -1.17854181e+00  -1.95951709e-02
    7.78093610e-01  -7.41510103e-01   9.92313341e-01   9.79976356e-01
   -3.67392626e-01 
   -4.76725224e-01  -6.96922028e-01  -2.38274924e+00  -1.81627701e+00
   -1.87126480e+00   7.09440645e-01   2.61594071e-01  -2.59571009e-01
   -4.09247793e-01   2.54023590e+00  -6.07574235e-05   1.98046443e+00
   -1.02516516e+00   5.47331832e-02  -2.30166678e-01  -1.19888993e+00
   -5.51952377e-02  -1.01223031e+00  -2.77219571e-01  -1.14244286e+00
    5.41833910e-01  -4.54221912e-01  -8.18474118e-01  -6.71206841e-01
    1.54365320e-01  -3.10106061e-01  -1.48572670e+00   4.40445089e-01
    1.33979410e+00  -1.05398626e+00   1.63305497e+00  -3.84474433e-01
   -1.81573255e-01 
   -2.76027771e-01  -7.39059458e-01   6.07821032e-01   1.65944795e+00
   -1.98966649e+00   1.03416134e+00  -1.98845748e-01   7.93344482e-01
    8.57083934e-01  -6.21160976e-01  -8.69472215e-01   1.74810847e-02
   -1.54125383e+00  -5.59625187e-01  -2.26364809e+00   1.67608572e+00
   -2.53504885e+00   2.57766720e-01   8.56509481e-01  -6.85102201e-01
    5.90194611e-01  -6.18399427e-01   1.17075473e+00   3.02810850e-01
    3.30028267e-01  -1.88603417e+00   8.98043978e-01  -1.15992610e+00
    2.15336535e-01  -8.51148181e-01  -7.03165983e-01   6.22125328e-01
   -3.49991503e-01 
   -6.66202577e-01   1.53824632e+00   2.01378690e-01  -9.97056360e-01
   -9.74882708e-01  -2.32498293e-01   8.02017516e-01   1.15202224e+00
   -5.99113257e-01   5.09919682e-02  -7.47281742e-01  -5.95080843e-01
    3.14196176e-01   3.88626937e-01   1.32897954e+00  -9.83428565e-01
    4.03432181e-01   1.62349254e-01  -1.00193525e+00   3.87841619e-01
   -5.34134597e-01   7.34248657e-01  -1.61144744e-01  -2.70271201e-01
    7.96469944e-01  -1.21149993e+00  -4.95547565e-01  -2.49962110e-01
   -1.58648504e+00  -2.14318659e-03  -1.48075119e+00  -2.26143389e+00
   -7.86223814e-01 
   -3.39111106e-01  -1.32515523e+00  -1.79543116e+00   1.24103894e+00
    1.07382530e+00   7.07593121e-01  -5.46107575e-01  -4.40807488e-01
    1.14956172e+00   9.91928043e-01  -5.33785281e-02   2.13180533e-01
   -4.36223964e-01   2.30038763e-01  -8.51238699e-01   1.27581760e-02
   -1.39912821e-01  -1.35152884e+00  -7.43546274e-01   1.29132165e+00
   -6.97878356e-01   4.51734638e-01   8.45344317e-02  -1.30889152e+00
   -5.53147133e-01  -1.23373825e+00  -1.36680750e+00  -4.20325793e-01
    8.11909771e-01  -5.02773299e-01  -8.01827874e-01  -4.26160126e-01
   -2.23479171e-01  