NN 16 32 16  -2.932471   -0.53107834 -0.5344725   0.70850563  1.56253622 -0.75238302
  -1.13302866 -1.45639257  2.10654521 -1.39223806 -0.03910428  0.62578976
   0.63743407 -0.19028111  0.21974433 -0.32451039 -0.72144226 
   0.38168465 -0.15367682 -0.47338271 -0.51972115  0.89577877 -0.27275857
   0.08194743  0.56103331 -1.99253336  0.64658958  1.75620927 -2.91497255
   0.54020711  0.66530758 -1.45485445  1.13995727  0.51068497 
  -0.36299708 -0.0586299  -2.34359006  1.06294291  2.10477678 -1.40376093
  -0.50502496 -0.74082424 -1.08145905  0.11461409  0.16525833  0.06260962
   1.4141564  -0.9211795  -0.10844498  1.33766526  0.12036608 
   1.40158885 -0.80180566 -0.82145816  0.67112728 -0.23659576 -0.99098441
   1.07867634 -0.1324317  -1.13994597  0.82963716 -1.08024398  1.41537174
   1.43564637 -1.62610271  0.83257562 -1.60837912 -0.42031964 
  -0.15159885 -1.33172256  1.19939668 -0.9009351  -0.32016362 -0.64471511
  -0.13877283 -1.65812302  1.2588502  -0.17086022 -0.29952822  1.64139304
   1.4794127   1.7537543   0.05408054 -1.36779756 -0.75997821 
  -0.30250153  0.96615702  1.11737176 -1.08898286  0.39218837  1.08424064
   1.1721198  -0.04066514 -0.01090102 -0.31360673 -1.14837746  0.6195139
  -0.66756099 -1.18338606 -0.25940434 -0.19733819 -0.0967639  
   0.4793567   1.33169737  1.11642685 -1.37442472 -0.25468507 -0.06963108
  -1.69006826  0.89147637 -0.55572087  0.37716727  0.71142579  0.54976725
  -0.21477654 -0.36790231 -1.14856928  0.75286226 -0.56691066 
   0.61310253 -1.31556296  1.03793348 -0.58242613  0.62585475  3.29299434
  -1.53601255 -0.03910494  1.85896692  1.98799047  0.65291225 -0.70487421
  -0.6756883  -2.09604904 -1.09844017 -0.0141955  -0.71487362 
   0.38977976  2.24226041 -0.92944192 -0.41725933  0.77578123 -1.17696956
  -0.62056218 -0.06643537 -1.45380573  2.13165487  1.07116459 -0.82191569
   0.57229635 -1.55030728  1.06467409 -1.07281738 -0.06459205 
  -1.35989971  0.17418801 -0.86596722  1.08037471  1.72048821 -0.64170528
   1.17533612 -0.61394296 -0.76796673  1.36838777  0.11065882  1.66161031
  -2.2326081   0.48710314 -0.27033266 -1.13672553  0.19356342 
  -0.717701    0.47974542 -0.15419056 -2.4333168  -1.93737136 -1.09324827
   0.37608462  3.35532696 -0.74847692  0.68650957 -0.84176566  2.12256914
  -0.6073106  -0.12592425 -0.03311756  0.00766258 -0.61960856 
   2.29585635 -0.89917575  0.55549059  1.59565057  1.17583068 -0.28944242
  -1.505754    0.61984991  0.25550636 -0.89689485 -0.25279347 -0.53992825
  -2.34308955  0.26312027  0.79282589 -0.50730404 -0.0157413  
   0.08703146 -1.39680785  1.05801693 -0.19274492  0.1582251   0.11047489
  -2.82946933  0.35684002 -1.74846796  0.79620924  2.55942899  0.49631204
  -0.20338676  1.07506833 -0.4237511  -0.36762552 -0.95426362 
  -0.35552648  0.02356608 -0.74222808  0.26071831  1.91864997 -1.69281641
   0.7678283   0.42428493  0.8508233   1.58630276 -1.88419647 -1.75874662
  -0.61659365  0.61126821 -0.35262885 -0.1485749  -0.06675878 
   0.84328419 -2.05092306  0.27612625  2.42866423 -1.89839905  0.9630661
   0.39393862 -0.38367957 -1.48047827 -0.07203868 -0.28846958 -0.53061361
   0.69533435  2.16793454 -1.61015616 -0.04153537  0.5810091  
   1.07246471 -0.96507137  0.02208835  0.13308217 -0.21035354  0.38105938
   2.89745588 -2.60532322 -1.40116625 -0.58653084 -0.29115843 -0.80727221
   1.43064137 -1.58407645  0.49762106  0.05304896  0.39423964 
   1.50075405  0.33574836 -2.7222381  -3.47137607  0.48085823  0.06012884
   1.05363738  1.49630259  0.56215606 -0.20412178 -1.06392906 -0.77833127
  -0.29421236  1.81210015 -0.57726199  0.76327848  0.04996647 
  -1.34028329  0.30132833 -0.022608    0.08284823  0.72259775 -0.8212181
  -0.09744182  0.02798966  1.20601646 -0.69645162  0.78140884 -0.23568734
   0.62452078 -0.75645872 -0.46654054  0.91944254 -0.52411156 
  -0.14396874 -1.84202453  1.63266425 -0.17206162 -2.07279319  0.33769806
  -0.09261912  1.26155815  0.43297555  1.62604034 -1.72510133 -0.72072235
   0.45945359 -1.07322694  0.46461227  0.4779668   0.03634357 
  -1.28481231  0.51945784 -1.03647993  1.6831517  -0.68915929  1.85759183
   0.63267519 -1.24662919 -0.17760343 -1.63987464 -0.65406942  0.67643625
   1.60181552  0.45717462 -0.13690752 -1.52928184  0.4330381  
   0.06425876  2.28406327  0.94696102 -0.08445204 -0.32520949 -3.76464234
   0.92807807  2.80493543  1.31563379 -1.42894509  0.54916136 -0.93174099
  -0.68893208 -0.44898126  0.43715744  0.01468354 -0.21074821 
  -2.35309136  0.8403407   1.46443123 -0.43590529  1.56013687 -0.94836909
  -0.49867567 -0.55338512  1.6802816  -1.18872643  0.22526105 -1.69688273
   0.47776757  0.58207137 -1.07766665 -0.25210048  0.58128778 
  -0.53292433 -0.40454258  0.62776942 -1.04602785  1.94837681 -1.45631372
   0.12942545  1.94150327 -2.17168717 -0.68562667  0.97005609  0.62406667
   0.5940935  -0.64416439 -0.33646242 -0.44779672 -0.30586237 
  -1.61445143  0.14110984 -1.2414469   1.81382786 -0.98778756  0.87058142
   0.4518593  -0.73499649  1.32417402  1.54818197  1.37724007 -1.74121582
   0.6084714  -1.24203691  0.37934994 -0.13895325 -0.61489238 
   1.61175518  1.31336805 -1.59514266 -0.62749639 -2.8535862  -0.90378123
   0.76989739  0.48461369  1.20268251 -2.37350995  2.05861743 -0.20550403
   0.13962055 -0.10424875 -0.64515738  0.11064357 -0.12518406 
   1.34803826 -0.06648728 -1.4126561  -0.21502325 -0.89525811 -0.37433629
   2.17946972 -2.80623561  0.05364952 -0.32760185  0.50260424  1.07051108
  -0.07902777  1.2140656   0.95986619  0.54642957 -0.60635247 
  -0.84820522 -0.78914884  1.79281765 -0.18925849  1.25849781  1.5418857
  -2.24017887 -0.28374789  0.21075525 -0.75681293 -2.49971501  0.53799562
   1.41364907 -1.04481767  0.1510046   2.13754977 -0.17289128 
  -0.7851819   2.2363191   1.18289373 -0.09419297 -0.84947019  2.11849357
  -0.29856287 -0.33011434 -1.08052399 -1.4525885  -0.529452   -0.33763147
  -0.91468841  0.49260462 -0.12931365  0.47281171 -0.45264579 
  -0.46986366 -1.3913497  -0.76205735  0.01183699  0.55412207  2.14880361
  -0.65682984  0.66394095  0.3681112  -2.03510532  1.04857162 -0.15168718
  -1.3194253   0.06595289  2.11136108 -1.20460008  0.34415069 
  -0.39537835  1.58231046  0.65958556 -0.68520201  0.52080544 -1.15172842
  -2.16269612 -1.44702034 -0.14805606 -0.6879999  -0.12478098  0.69763094
   0.48188113  0.25754483 -0.04085429  0.80799424  0.02031649 
  -1.32610435  0.19328834  2.31514971  1.33752344  0.9993845   0.39497511
  -1.35965039 -1.05500041 -0.56242762  0.66756662 -1.71814767 -1.1701621
  -1.36088182  1.11165479  1.09698234  0.78848626  0.25797381 
   1.16267779  0.92122746 -0.86166636 -0.33275446 -0.66620262 -0.25662324
  -0.85268269 -0.1497722   1.46829515  1.29005114 -1.72341384 -1.45259683
  -0.30256461 -1.39625497  2.18653939  0.50343686 -0.43108509      2.84322235e+00  -6.33842357e-01   2.85821603e-02  -1.78360036e+00
   -5.92751438e-01   6.41674303e-01  -2.44601114e-01  -7.82108603e-01
    6.73115535e-01   1.14183304e+00   5.44371795e-01  -2.52269447e+00
   -8.92795248e-01   1.85375427e-01   4.95031368e-01  -1.58942189e+00
   -4.88009604e-01   3.46178967e-01   1.60466468e-01   6.88771809e-01
   -2.78026600e-01   2.41332136e+00   4.13959117e-01   1.97144029e+00
   -2.16756052e+00  -1.09457154e+00   5.56501233e-01  -2.43332367e-02
   -2.02665437e-01  -3.03665582e-01   7.31504970e-01  -1.60111808e+00
   -2.10822420e-01 
    4.94306791e-01   3.31636241e-01  -3.61617848e-01   2.33562652e-01
    1.09475813e+00  -3.39523193e-01  -1.29565244e+00   9.38671797e-01
   -2.22201344e+00  -3.81484044e-01  -8.29110758e-01   3.13258878e-01
    1.39535768e+00  -6.42645591e-02   1.85824508e+00   4.28540311e-01
    6.21790043e-02  -6.39259177e-01   1.82728525e+00  -1.88639191e+00
   -1.55836969e+00   2.91406790e-01   3.25199296e-01   2.07765839e-01
   -1.49362351e+00   4.99547505e-01   7.55058041e-01  -3.55487109e+00
    1.23144467e+00  -1.55863851e+00   2.51890010e-02  -1.30301817e+00
    1.50178871e-01 
    8.27177113e-01   1.74455518e-01   2.61989871e+00   5.88160393e-01
   -1.98869827e+00  -1.06517337e+00  -1.06099194e+00  -9.83371567e-01
    1.53793629e+00   1.10211611e+00   2.99288768e-01  -1.02626128e-01
   -1.85289318e+00   3.00898828e-01  -3.79877749e-01  -1.28990098e+00
    2.14219272e+00  -2.04585577e-01  -1.36838770e+00   1.03510030e+00
   -1.27279523e+00  -2.11084837e+00  -1.00744414e+00   1.19923565e+00
    1.17592430e+00   1.03135497e+00  -1.99892554e+00  -8.50184256e-01
    1.61165919e+00  -4.95143565e-01  -2.56152597e+00   7.87782833e-01
   -4.38347877e-01 
   -1.05103271e+00   8.06078303e-01  -1.24207393e+00  -8.29811246e-01
    1.41810203e+00   1.11375997e+00   1.28177611e+00   3.90782295e-01
    3.33391002e-01  -8.54755294e-01   2.19924469e+00  -2.35316954e+00
    6.86674251e-01  -9.98347624e-01  -3.05182259e+00   7.91452418e-02
    3.63433334e+00  -3.22142024e-01   7.28654036e-01  -1.89159960e+00
   -1.19874891e+00   6.72201113e-01   9.83964858e-01  -2.70125298e+00
    1.76935263e-01   4.49059228e-01   2.48107094e-01   8.94733795e-02
   -2.50485759e-01   2.90439666e-01  -1.73587367e+00  -3.94607514e-01
   -1.15834655e-01 
   -1.30769638e+00  -1.07026323e+00  -1.92150318e+00  -1.69794669e-01
    2.90830872e-01  -3.65455512e-01   1.89677270e-01  -1.15183329e+00
   -4.18785962e-01  -2.61563863e+00   1.17589145e+00  -2.81788356e-01
   -2.74861322e-01  -2.27141982e+00   2.49331580e+00  -1.29318578e+00
   -3.95212587e-02  -1.35170687e+00   2.68002917e+00   6.84400099e-02
    1.24758549e+00  -1.23889925e+00  -2.83302001e+00   2.09577842e+00
    1.81672752e+00   1.44567801e+00  -1.50007460e+00  -4.88058673e-01
   -1.10017380e+00  -6.81751295e-01  -9.31933009e-01   1.17917019e+00
   -1.52697907e-01 
   -4.32527114e-01  -1.59618746e-02   7.38728924e-01   8.81172105e-01
    7.80285736e-01  -6.24772238e-01  -3.97149618e-01  -3.38534542e+00
    9.83289392e-01   6.00281266e-02  -9.23855234e-02  -1.53972959e-01
   -6.13108379e-01   1.89467472e+00  -9.57956848e-01  -1.78006676e+00
   -1.08832876e+00   3.21679411e-01  -2.85990395e-01  -2.77650120e+00
    4.30451910e+00   4.30572026e-01   4.57739217e-01   7.97211658e-02
   -1.65885246e-01   5.38348615e-01  -1.60468793e+00  -1.45142274e+00
   -3.29573098e+00   5.93291874e-01  -2.29482310e-01  -3.31575595e-02
    2.71299997e-02 
    5.02177607e-01  -5.89675541e-01   2.77394322e-01  -1.18373978e+00
   -5.35362560e-01  -1.33050050e+00   1.42349466e+00   7.45313520e-01
   -1.82203642e-02  -2.27383936e+00  -4.82082894e-01   2.06869987e+00
    3.17122497e+00  -1.62825762e+00  -1.20597189e+00  -3.65836281e+00
   -9.99826783e-01   1.18292516e-01  -4.61421662e-01   2.93928756e-01
   -8.08275414e-01  -4.32357372e-01  -4.12761452e-01  -7.57141375e-01
   -1.74424433e+00  -1.50244803e+00   1.20507938e+00   3.76711730e-01
    2.10314779e-01   2.63016770e+00   5.62646148e-01   6.81430259e-01
   -2.83835169e-01 
    8.65192621e-02  -9.61340429e-01   1.82088904e+00  -5.38235633e-01
    1.37706517e+00  -5.25206343e-02  -8.96586098e-01   3.64914585e-01
    1.51684633e-02   3.65465706e-01  -3.86669344e+00  -2.27958075e-02
   -3.55429623e-01  -1.14911804e+00  -4.31255197e-01   2.15663337e+00
   -2.11198228e+00  -6.04493113e-01  -2.31417588e+00  -1.53073642e-01
   -2.37596924e+00  -1.56257583e-01  -2.54709349e+00   2.65656675e-01
   -2.01519657e-01   2.80406539e+00   7.25835993e-01   5.96941138e-01
   -1.54126254e+00   1.18494848e+00   8.53240765e-01  -3.61960180e-01
   -5.01101307e-01 
   -1.73724771e+00   1.97539150e+00   1.01097430e+00   1.11334794e+00
   -1.90463325e+00  -3.03961443e-01   1.09280969e+00  -2.07225948e+00
    1.81372364e+00   1.22827399e-01   4.31501338e-01  -1.30290491e+00
    1.03849544e+00  -1.43714606e+00   1.87526723e+00   1.29119042e+00
   -9.67916230e-01  -1.81136963e+00  -4.51036263e-01   4.77042593e-01
   -1.32863194e+00  -1.52039818e+00   1.90946351e+00  -1.46871116e+00
   -1.45948345e+00  -7.09932394e-01  -6.35882548e-02   6.46845851e-01
   -1.17749299e+00  -2.40497655e-01   1.23060821e+00  -1.50191915e+00
   -5.58904019e-01 
    6.84429986e-01  -6.30332311e-01  -6.04809257e-01  -1.11294918e+00
   -2.82071025e-01   5.91728950e-02  -9.07696229e-01  -2.22558463e+00
   -2.21118505e+00  -2.12036703e+00  -1.82922211e+00   1.44419402e+00
   -1.94508390e+00  -1.32481502e+00  -1.23041444e-01  -1.32697659e-01
    7.49400988e-01   3.98626265e-02  -1.90798019e+00   1.82243577e+00
    1.03066367e+00   1.21125023e+00   6.72269700e-01  -2.50257804e+00
    2.46549612e+00  -3.96877326e-01   1.36529464e+00   3.15125991e-02
    2.03100487e+00   1.91895298e-01   8.27784866e-02  -1.35303945e+00
   -9.03363739e-02 
   -4.35131565e-01  -2.12240508e+00   1.76143994e-01   6.74780204e-01
   -4.30695241e-01   8.59543444e-01  -8.73882022e-01  -2.19754491e+00
   -1.16038462e+00  -9.36513829e-02   9.71751476e-01   6.60507198e-01
   -2.58835763e+00   1.89530800e+00  -4.07918550e-01   2.03076244e-01
    8.47600841e-01  -1.00935763e+00   8.46541978e-01   1.33829279e+00
   -4.92142695e-01  -7.97930656e-01  -1.13080573e+00  -2.31989939e+00
   -1.84653767e+00  -1.56494502e+00   2.93219245e+00   7.18389850e-01
   -1.01294637e+00  -3.66994427e-01   1.37252054e+00   2.13338384e+00
   -2.12900824e-01 
   -1.42048378e+00   3.55062982e+00  -9.14454253e-01  -2.35915627e+00
   -1.90799423e+00  -9.20701362e-01  -1.04516688e+00   2.38128799e-01
    1.01814116e+00  -2.03447205e+00  -2.42047644e+00  -2.99613178e-02
   -8.75763872e-01   1.33706422e+00   2.23071890e-01   1.41676671e+00
   -8.21638407e-01  -4.03100456e-01  -1.14950957e-01  -6.26567739e-01
    7.87040513e-01   1.77595081e+00  -4.26831683e-01   8.08159871e-01
    8.91990735e-01  -1.77233442e+00  -1.23942470e+00   7.87784208e-05
    7.03296804e-01  -7.69870465e-01   1.04203447e+00   9.82561805e-01
   -4.52272125e-01 
   -4.85620712e-01  -7.19771979e-01  -2.41612709e+00  -1.83857356e+00
   -1.88494372e+00   7.21060044e-01   2.66497498e-01  -2.78750706e-01
   -4.31036962e-01   2.57211579e+00   1.44713439e-02   1.96349658e+00
   -1.02527144e+00   6.15864787e-02  -2.90028937e-01  -1.22988661e+00
   -7.17933769e-02  -1.03771403e+00  -2.85460857e-01  -1.20683891e+00
    5.23074675e-01  -4.53466011e-01  -8.19144171e-01  -7.18225487e-01
    1.26032903e-01  -3.40105444e-01  -1.51532519e+00   4.23916528e-01
    1.31284107e+00  -1.06016163e+00   1.63977634e+00  -4.03763339e-01
   -2.17954814e-01 
   -2.83570828e-01  -7.29008741e-01   6.12162909e-01   1.68927421e+00
   -1.99336652e+00   1.05870533e+00  -1.72733068e-01   8.18981918e-01
    8.75163812e-01  -6.27108204e-01  -8.47858386e-01   2.80755961e-02
   -1.54333441e+00  -5.68682022e-01  -2.27583960e+00   1.70290192e+00
   -2.53730092e+00   2.76249334e-01   8.85541354e-01  -6.91097765e-01
    6.22434221e-01  -6.19388932e-01   1.20238496e+00   3.14139159e-01
    3.43413921e-01  -1.88879769e+00   9.12461860e-01  -1.15475637e+00
    2.15589756e-01  -8.53672087e-01  -7.05673515e-01   6.42352452e-01
   -3.31304318e-01 
   -6.20068933e-01   1.58888599e+00   2.09012565e-01  -1.04162407e+00
   -9.67286823e-01  -2.15505848e-01   8.18504370e-01   1.21166151e+00
   -6.56245776e-01   8.22827558e-02  -7.96175189e-01  -6.09381272e-01
    2.76364690e-01   3.90881178e-01   1.38989569e+00  -9.75846081e-01
    3.94190045e-01   2.16339974e-01  -1.04301447e+00   4.25383312e-01
   -5.49703167e-01   8.32479472e-01  -1.98373633e-01  -2.71310158e-01
    8.13290363e-01  -1.22693289e+00  -4.50441166e-01  -2.47122838e-01
   -1.63383614e+00   2.45104580e-03  -1.48796906e+00  -2.33520343e+00
   -7.86434643e-01 
   -3.61790895e-01  -1.36034312e+00  -1.85153510e+00   1.40036131e+00
    1.17709512e+00   7.69321587e-01  -5.22199173e-01  -4.26346344e-01
    1.29044391e+00   1.06707566e+00   1.01070076e-01   2.33756915e-01
   -3.93896276e-01   2.42237613e-01  -8.03313587e-01  -9.73495677e-03
   -6.56519073e-02  -1.37830779e+00  -6.55692415e-01   1.34208070e+00
   -6.00805981e-01   4.77124709e-01   1.73245400e-01  -1.24992918e+00
   -4.67597777e-01  -1.17021128e+00  -1.43792558e+00  -4.23772778e-01
    8.56276293e-01  -5.46291773e-01  -8.08415060e-01  -4.07709782e-01
   -1.24145454e-01  