NN 16 32 16   -3.35740635e+00  -8.80334527e-01  -7.02819376e-02   5.79803791e-01
    2.12735901e+00  -9.49558265e-01  -1.67554826e+00  -1.80927581e+00
    2.75876657e+00  -1.37208065e+00  -1.32476716e-01   3.50901485e-01
    7.84672733e-01  -1.95912620e-01   3.02321831e-01  -4.11285161e-01
   -7.63492564e-01 
    6.36030529e-01  -5.40804695e-01  -3.91689498e-01  -3.56620188e-01
    9.39009826e-01  -3.23437101e-01   1.13284658e-01   4.47342009e-01
   -2.23516396e+00   7.04504164e-01   1.98776673e+00  -3.46175677e+00
    6.14802055e-01   6.89580063e-01  -1.85252335e+00   1.22329486e+00
    5.29551778e-01 
   -8.26980916e-01   1.27460258e-01  -2.54993695e+00   1.05399388e+00
    2.49701766e+00  -1.75804690e+00  -4.91349147e-01  -7.59726989e-01
   -1.00293897e+00   5.53376562e-01  -3.27385131e-02   6.71955066e-02
    1.42856662e+00  -8.46418935e-01  -2.03873299e-01   1.79008336e+00
    1.12158308e-01 
    1.53757815e+00  -8.07528385e-01  -1.21856690e+00   8.46641272e-01
    7.31009183e-02  -1.03623335e+00   8.62109601e-01  -3.56812410e-01
   -1.36222457e+00   7.45651977e-01  -1.40392964e+00   1.65696194e+00
    1.63523922e+00  -1.58901932e+00   1.02840721e+00  -1.83480257e+00
   -3.15271933e-01 
   -3.13632885e-01  -1.55453752e+00   1.37377606e+00  -1.05533810e+00
   -3.27493362e-01  -5.88802665e-01  -4.36143156e-02  -1.77813206e+00
    1.28114662e+00  -4.13524354e-01  -8.42066481e-02   1.83732349e+00
    1.58585446e+00   2.05367816e+00  -5.19217546e-02  -1.43228410e+00
   -7.17931937e-01 
   -4.82123403e-01   1.32847973e+00   1.48700607e+00  -1.23371039e+00
    7.95497820e-01   1.15013127e+00   1.63293460e+00  -1.59093544e-01
   -9.02036069e-03  -2.31716286e-01  -1.72843053e+00   5.26100136e-01
   -7.73820514e-01  -1.31254137e+00  -3.54772066e-01  -1.37439340e-01
    8.47703928e-03 
    8.03543955e-01   1.54327284e+00   1.29312255e+00  -1.79375618e+00
    5.73325635e-03  -6.70446659e-02  -1.77734731e+00   1.13751825e+00
   -4.79546012e-01   6.11680355e-01   8.02498651e-01   3.65382186e-01
   -2.53624904e-01  -4.11888185e-01  -1.32442441e+00   7.90994575e-01
   -6.30520987e-01 
    6.87802538e-01  -1.41846211e+00   9.77131517e-01  -4.41117010e-01
    6.70179803e-01   3.67187763e+00  -1.92201961e+00  -1.01591238e-01
    2.17545842e+00   2.14977209e+00   4.89976540e-01  -6.40270507e-01
   -6.32598296e-01  -2.45573937e+00  -1.26127566e+00  -8.58000108e-02
   -6.70076349e-01 
    2.02776193e-01   2.50487165e+00  -8.65075635e-01  -8.02823545e-01
    8.07787147e-01  -1.17529067e+00  -9.51021360e-01  -9.60915480e-02
   -1.55923830e+00   2.21155998e+00   1.26534112e+00  -1.18664598e+00
    6.15197484e-01  -1.79399816e+00   1.18031227e+00  -1.49749936e+00
   -1.96369811e-01 
   -1.55957026e+00   2.79723811e-02  -7.17396865e-01   1.31657899e+00
    1.68931415e+00  -8.14849839e-01   1.15749978e+00  -6.70352153e-01
   -7.98708107e-01   1.22773453e+00   3.43539988e-01   1.87709004e+00
   -2.47982183e+00   5.39665136e-01  -4.37422440e-01  -1.23462425e+00
    3.13461112e-01 
   -4.96718758e-01   5.84293089e-01  -4.69470714e-02  -2.61536713e+00
   -1.98934660e+00  -1.19290998e+00   2.25376006e-01   3.87271300e+00
   -1.00201305e+00   6.73751756e-01  -7.35869303e-01   2.68523169e+00
   -8.33215300e-01  -2.68337275e-01  -2.02284241e-02   6.89808509e-02
   -5.71906710e-01 
    2.69475134e+00  -7.23535690e-01   2.97148579e-01   1.88074206e+00
    1.41520357e+00  -5.69797503e-01  -1.49415763e+00   6.88231641e-01
    2.88895582e-01  -8.93278717e-01   2.75021775e-01  -5.52924911e-01
   -2.61549813e+00   3.86645575e-01   9.95887351e-01  -6.74049710e-01
   -4.75124722e-02 
   -1.50854170e-01  -1.81917890e+00   1.26746371e+00  -2.01170020e-01
   -1.92673585e-01   4.04209261e-01  -3.24925885e+00   9.51094606e-02
   -1.80914338e+00   1.05926139e+00   2.83442602e+00   3.45972593e-01
   -3.70844091e-01   1.19548676e+00  -5.57242350e-01  -5.54625693e-01
   -1.13556989e+00 
   -3.89429853e-01   2.38021825e-01  -5.81029996e-01   1.36045405e-01
    2.06510098e+00  -1.94632608e+00   8.34896095e-01   7.06263303e-01
    9.55102865e-01   1.61305952e+00  -2.11250248e+00  -1.62075411e+00
   -8.73570513e-01   4.24807694e-01  -4.00880624e-01  -4.67273877e-02
   -1.05805949e-01 
    1.35500829e+00  -1.75237990e+00   4.90647069e-01   2.67379509e+00
   -2.07161798e+00   9.88879771e-01   3.99284104e-01  -8.70929413e-01
   -1.62004986e+00  -1.96283332e-01  -5.06943965e-01  -3.96850956e-01
    7.86558409e-01   2.33092548e+00  -1.88634455e+00  -9.91747650e-02
    5.96629768e-01 
    1.22580801e+00  -9.45376329e-01  -1.69398865e-01   9.23339950e-02
   -4.21862244e-01  -7.74555929e-02   3.07665136e+00  -2.85955306e+00
   -1.34885544e+00  -7.91924551e-01  -4.16660845e-01  -9.82702262e-01
    1.38247056e+00  -1.71956467e+00   7.22226416e-01   3.34759155e-01
    4.57035836e-01 
    1.40976986e+00   6.68759689e-01  -3.03377960e+00  -3.80434315e+00
    8.69982504e-01   1.22659524e-01   8.78001489e-01   1.58785401e+00
    6.44261645e-01   1.45768440e-01  -9.42095221e-01  -8.89511900e-01
   -2.69173281e-01   1.81423280e+00  -5.24276341e-01   9.90829940e-01
    1.78157821e-01 
   -1.40451198e+00   3.48767763e-01  -1.26267310e-01   9.78120440e-02
    6.85043385e-01  -1.28485770e+00   1.25402637e-01   1.13777500e-01
    1.43742097e+00  -8.32842904e-01   1.03814604e+00  -3.33778610e-02
    7.66168684e-01  -9.84018875e-01  -6.02492233e-01   1.06437375e+00
   -6.13805728e-01 
   -1.16400445e-01  -2.14099800e+00   1.94057534e+00  -3.99335550e-02
   -2.38801477e+00   4.63184110e-01  -2.07819972e-01   1.47923659e+00
    3.30807825e-01   1.67741690e+00  -1.77264357e+00  -3.91206860e-01
    6.86853983e-01  -1.10690836e+00   6.19463205e-01   6.54094619e-01
    1.40221703e-01 
   -1.42716448e+00   4.52663300e-01  -7.43194529e-01   1.97088351e+00
   -8.77643887e-01   1.86249417e+00   1.04232573e+00  -1.49892339e+00
   -3.58879981e-01  -1.66282516e+00  -8.40160480e-01   7.47520821e-01
    1.73799035e+00   2.33890372e-01  -1.76615169e-01  -1.92890614e+00
    3.98658594e-01 
    3.58217728e-02   2.52042211e+00   9.43805358e-01  -4.67809147e-01
   -4.93954369e-01  -4.30682122e+00   1.07725317e+00   3.28288478e+00
    1.30809651e+00  -1.93320453e+00   7.12885023e-01  -3.19193535e-01
   -5.74235605e-01  -7.05349011e-01   5.59183185e-01  -2.44044899e-01
   -3.07722568e-01 
   -2.40073810e+00   7.83566593e-01   1.82969703e+00  -3.80816654e-01
    1.68934285e+00  -9.58959805e-01  -7.32727236e-01  -5.80981776e-01
    2.07141560e+00  -1.18467105e+00   1.25481746e-01  -1.73562077e+00
    5.21945864e-01   5.19349230e-01  -1.14163457e+00  -3.94758239e-01
    6.09528205e-01 
   -3.47497705e-01  -4.91645462e-01   4.89500580e-01  -8.48768657e-01
    2.22514240e+00  -1.35227655e+00   7.18490487e-02   2.20633699e+00
   -2.40069829e+00  -7.46110850e-01   1.08496914e+00   7.53641567e-01
    4.76707644e-01  -6.71961336e-01  -3.66666315e-01  -8.24088585e-01
   -3.05914722e-01 
   -1.86772611e+00   3.10883217e-01  -1.37031218e+00   1.97441787e+00
   -1.04967024e+00   8.98236459e-01   7.80409457e-01  -7.82718780e-01
    1.15644423e+00   1.44103699e+00   1.63153255e+00  -1.68178980e+00
    8.40211663e-01  -1.32707139e+00   4.96132935e-01  -2.27220563e-01
   -6.33690774e-01 
    1.54038454e+00   1.53916421e+00  -2.09977386e+00  -6.67618111e-01
   -3.19998648e+00  -1.02848273e+00   8.67807716e-01   6.91735337e-01
    1.29446183e+00  -2.36162758e+00   1.92961257e+00  -2.00533679e-01
    4.13342661e-01  -2.07109494e-01  -7.63691509e-01   5.38805897e-02
   -1.69120234e-01 
    1.57175043e+00   1.68497223e-01  -1.62340167e+00  -1.71825819e-01
   -1.08163933e+00  -3.49109394e-01   2.61143188e+00  -2.79607540e+00
    2.62167489e-02  -2.98727462e-01   3.24604469e-01   9.01024863e-01
   -6.26269203e-02   1.38483171e+00   9.19460407e-01   1.02368415e+00
   -5.33748168e-01 
   -6.70214414e-01  -6.64682651e-01   1.85527403e+00  -3.14542891e-01
    1.35355820e+00   1.64753773e+00  -2.87135405e+00  -1.16982523e-01
    3.36744635e-01  -7.69843986e-01  -2.99443771e+00   1.85460337e-01
    1.60236237e+00  -1.32196705e+00  -2.50969639e-02   2.76517669e+00
   -2.64903879e-01 
   -7.08063845e-01   2.50711753e+00   1.31188518e+00   2.41082267e-02
   -1.19445221e+00   2.13275939e+00  -3.85453571e-01  -1.04740356e-01
   -9.51969384e-01  -1.89358045e+00  -3.54192557e-01  -1.04833354e-01
   -8.59449903e-01   6.06215767e-01   4.86077116e-05   7.79689737e-01
   -4.03661227e-01 
   -3.84369899e-01  -1.21111794e+00  -1.00037840e+00  -5.02981929e-03
    1.54735713e-01   2.32222893e+00  -8.30591220e-01   8.57837941e-01
    3.00721828e-01  -2.41763329e+00   1.23678464e+00  -1.66007565e-01
   -1.36892109e+00   8.67154201e-02   2.78174102e+00  -1.33753485e+00
    5.54991466e-01 
   -1.98386406e-01   1.91642029e+00   4.00296013e-01  -8.23965910e-01
    7.61005456e-01  -1.47222335e+00  -2.21736888e+00  -1.46804577e+00
   -3.04308940e-01  -7.23308732e-01  -1.83196253e-01   9.12302375e-01
    5.61291344e-01   4.13337860e-01   8.16754608e-02   9.71073884e-01
   -2.71846288e-02 
   -1.18898858e+00   1.16088877e-01   2.50193532e+00   1.37400232e+00
    1.00646541e+00   2.16930078e-01  -1.78323991e+00  -1.23205810e+00
   -6.57323307e-01   7.73046404e-01  -1.89792635e+00  -1.43612912e+00
   -1.67870243e+00   1.33471984e+00   1.38733622e+00   1.02073342e+00
    2.27754318e-01 
    1.30220532e+00   9.18159129e-01  -9.71319139e-01  -3.44975259e-01
   -8.28678646e-01  -2.59457003e-01  -5.92586076e-01  -3.65375100e-01
    1.60796837e+00   1.49567711e+00  -2.08513467e+00  -1.74966074e+00
   -3.48637652e-01  -1.64275307e+00   2.37065483e+00   7.53862758e-01
   -4.88655239e-01     3.2511632  -0.89278881  0.32954417 -1.93892316 -0.77405904  1.07122584
  -0.6668914  -1.01506214  0.59535769  0.96247498  0.29956344 -2.84358446
  -0.79337066  0.37186778  0.74932985 -1.62137926 -0.32822286  0.22063178
   0.13552427  0.29733941 -0.16947903  2.15171697  0.51077033  1.92963203
  -1.61599482 -0.91108659  0.37569979 -0.22537485 -0.11554764 -0.47918851
   0.25628963 -1.60535916 -0.26354836 
   0.52536026  0.50403011 -0.39979374 -0.12331282  1.02168938 -0.41877209
  -1.378578    0.93501818 -2.25807146 -0.28218233 -0.93361415  0.236088
   1.31180613 -0.27835586  1.7541423   0.18318823  0.1674108  -0.81886978
   1.98518959 -2.15174911 -1.55956788  0.26058898  0.38048486  0.13766054
  -1.4327365   0.50071903  0.67127391 -3.99509381  1.24014856 -1.68580777
   0.0800453  -1.28927138  0.09217826 
   0.67614929  0.0627223   2.89240644  0.83876412 -2.03251705 -1.48125333
  -0.88928062 -0.92148682  1.53897865  1.08058149  0.46054032  0.28452344
  -2.31751701 -0.06942858 -0.33975542 -1.21476975  2.18805166 -0.03135404
  -1.46720707  1.24606647 -1.29491088 -2.40922468 -1.0414429   1.2232905
   1.21413944  0.80447231 -2.16566013 -0.54969913  1.99227244 -0.28692837
  -2.38225395  0.80886627 -0.33623827 
  -1.27661351  0.51238867 -1.33352868 -0.98562819  1.53310331  1.30826102
   1.35082866  0.24950562  0.41776947 -0.81441651  2.50184223 -2.24607296
   0.52765831 -1.0035997  -3.30723937 -0.08431668  3.7624044  -0.19816914
   0.22093043 -2.18152243 -1.01167727  0.6123063   0.83303229 -2.86088515
   0.4575791   0.48134291 -0.06818103  0.16145606 -0.31892606  0.28039679
  -1.75461396 -0.59273319 -0.16441859 
  -1.65147943 -1.04214266 -2.10810014 -0.37406634  0.23114683 -0.37050842
   0.1792905  -1.12313796 -0.26953191 -2.78168631  1.35821728 -0.35090403
  -0.21653599 -2.34689311  2.6527033  -1.61144641 -0.01722541 -1.46250513
   2.65674227  0.04348963  1.31598507 -1.37596793 -2.95274082  2.16559553
   2.04071262  1.52552741 -1.45437236 -0.18828434 -0.79883758 -0.34978181
  -1.06774519  1.46416757 -0.10754231 
  -0.82724516 -0.17178362  0.8166999   0.73296407  0.96165449 -0.71198646
  -0.38952424 -3.55145062  0.97600369  0.04360274 -0.05570708  0.4055512
  -0.65909416  1.86752466 -0.91835175 -2.06336652 -1.31567764  0.51948139
  -0.09596566 -2.67139039  4.59127688  0.39206258  0.15078254  0.10055582
   0.16219867  0.53564919 -1.45162093 -1.59104641 -3.41333748  0.77447716
  -0.27799525  0.20091897  0.11246929 
   0.75424719 -0.95414807  0.14248332 -1.06020388 -0.32450156 -1.96951376
   1.26183696  0.80288561  0.3225871  -2.09290908 -0.60010573  2.51770345
   3.09347629 -1.5182252  -1.21070694 -3.82448074 -1.03951832  0.12395681
  -0.25477449 -0.23386642 -0.80941506 -0.33666416 -0.50359975 -0.6241544
  -1.57789418 -1.63977372  1.1137385   0.08931135  0.39550094  2.66252235
   0.68489419  0.55067754 -0.31199033 
   0.08824133 -0.70567659  2.08638052 -0.603805    1.55923981 -0.17907907
  -1.00663462 -0.06931551 -0.21507379  0.40530848 -4.08284879  0.13630455
  -0.08332792 -1.43038926 -0.36713712  2.22553497 -2.18369032 -0.50913374
  -2.29445432 -0.34756835 -2.29897948 -0.19557575 -2.66723643  0.18515628
  -0.30748102  3.20786132  0.63233833  0.4992153  -1.60455189  0.86177484
   0.99875968 -0.21083513 -0.76111961 
  -1.90090858  2.25683087  1.08378544  1.21135082 -1.99938525 -0.33394912
   1.19327648 -2.18827428  2.03450264  0.2995585   0.54251795 -1.30832258
   1.17977532 -1.4637925   2.00387588  1.25176102 -0.86681446 -2.11945357
  -0.43183577  0.50127253 -1.44253823 -1.62445348  2.06702448 -1.38108065
  -1.74799562 -0.59757701  0.04441849  0.64827589 -1.18893943 -0.14873287
   1.52533957 -1.67277348 -0.52074105 
   0.79907517 -0.71533378 -0.78253706 -1.21910581 -0.11375052  0.21438221
  -0.86341085 -2.27304261 -2.2891399  -2.39560301 -1.77865493  1.66867923
  -2.3948973  -1.43488348  0.07136609  0.05242663  0.7548892   0.02167475
  -2.12034147  1.78197595  1.33882847  1.24150947  0.68916881 -2.58795516
   2.59396062 -0.48013293  1.60610422  0.33827777  2.25034944  0.37473519
   0.11631632 -1.67528635 -0.15175892 
  -0.22591482 -2.52367884  0.31872827  0.69461438 -0.58188404  1.06304303
  -1.02047342 -2.20750057 -1.43240478 -0.06610986  1.11670024  0.23017916
  -2.60011698  1.87444851 -0.41801251  0.15073653  0.543848   -1.18069077
   0.9727004   1.48435296 -0.73462105 -1.09882982 -1.2825221  -2.55398553
  -1.75663836 -1.67565051  3.22037801  0.91229668 -1.18558823 -0.37588717
   1.52690567  2.38229053 -0.4111094  
  -1.39490479  3.99544644 -1.17063477 -2.48860786 -1.94908914 -1.13045397
  -1.10523331  0.16375479  1.01940704 -2.20983913 -2.52587148  0.19962088
  -0.78466965  1.30795107  0.12754376  1.61335733 -0.78891913 -0.47740569
   0.00481365 -0.76442764  0.7603505   1.78356825 -0.5075722   0.94295278
   0.7606297  -1.68494957 -1.3443705  -0.02737674  0.89842486 -0.82183624
   1.41192349  1.07822522 -0.5028172  
  -0.45095283 -0.85923099 -2.48208633 -1.98125353 -1.99319245  0.84006526
   0.09959467 -0.25966488 -0.57237854  3.09992732  0.04617423  2.06040539
  -1.03044339  0.19725368 -0.40945569 -1.26234262 -0.06033588 -1.06497391
  -0.36780916 -1.33114073  0.42721622 -0.41841997 -0.85845228 -0.70211173
   0.06527403 -0.21470278 -1.71175054  0.43688151  1.44309428 -1.15703552
   1.84007171 -0.44405686 -0.21081562 
  -0.31703563 -0.79478438  0.57795015  1.85744652 -2.17257042  1.16436082
  -0.18140952  0.9155315   0.92454788 -0.70362203 -0.81566589  0.02271782
  -1.64029993 -0.68050423 -2.43391665  1.88420403 -2.7504215   0.33956515
   0.96767462 -0.7681821   0.71163277 -0.66679949  1.31987856  0.34279363
   0.36666512 -1.97658828  0.91270144 -1.23362167  0.13307124 -0.99524279
  -0.8497868   0.68749324 -0.41292216 
  -0.58949178  1.93290892  0.29437496 -1.06200905 -0.92881876 -0.16456624
   0.94216415  1.43837477 -0.86230122  0.21327665 -0.89839081 -0.65433887
   0.25203848  0.44650185  1.74627761 -1.05542958  0.46154206  0.29726971
  -1.18565521  0.4512898  -0.60075958  0.98740992 -0.24961705 -0.24219586
   0.89132097 -1.20205483 -0.42745189 -0.30808697 -2.11159432 -0.07373943
  -1.65838413 -2.67519146 -0.80140409 
  -0.24178495 -1.622391   -2.20009695  1.64380263  1.26798732  0.88196519
  -0.4771747  -0.46566746  1.67283771  1.18969661  0.12743368  0.37364127
  -0.20984427  0.21860602 -0.97777608 -0.38595882 -0.24281311 -1.63080675
  -0.84830744  1.54640562 -0.57045327  0.70948373  0.27124508 -1.4156049
  -0.5712989  -1.42755614 -1.53098921 -0.48516674  1.05529083 -0.53508043
  -0.80842208 -0.59072528 -0.19188885  