NN 16 32 16  -3.82368408 -1.03043299 -0.12294342  0.51386572  2.3236824  -0.85418919
  -2.05770266 -2.09159931  3.43523565 -1.24360853 -0.22895736  0.17973793
   0.9043046  -0.23801705  0.2577806  -0.56504516 -0.8833862  
   0.5438862  -0.42523152 -0.29028375 -0.13127999  1.20203671 -0.39292967
   0.30394812  0.4520601  -2.6848122   0.8326836   2.09484015 -3.81407239
   0.84362806  0.82335074 -2.07893903  1.39513243  0.67649844 
  -0.85889973 -0.01522462 -2.64318863  0.95316867  2.62418075 -1.79183137
  -0.66495033 -0.66374955 -0.95205916  0.52600511 -0.29813118  0.32218024
   1.53202476 -0.6821116  -0.18729142  2.09457831  0.21436051 
   1.5631741  -0.70593388 -1.40113258  1.11869517  0.12329116 -1.12621221
   0.76885439 -0.42842712 -1.6453443   0.83533865 -1.53471895  1.75997915
   1.74996349 -1.59498835  1.22997315 -1.90225083 -0.20058114 
  -0.09879275 -1.60344055  1.38749721 -1.18897378 -0.24724239 -0.57800979
  -0.13531129 -2.10454384  1.17496852 -0.68216359  0.10887363  2.04699827
   1.48371936  2.14313602 -0.21891765 -1.5393013  -0.77273843 
  -0.42823686  1.20895128  1.86402584 -1.36524962  0.71436649  1.23517514
   1.98368904 -0.37383753  0.02241204 -0.18248981 -1.92284521  0.48785578
  -0.81631443 -1.41392804 -0.4601672  -0.06683619  0.06250174 
   0.85305318  1.62572243  1.62351389 -1.87319512 -0.01961925  0.14550801
  -1.90268864  1.34416371 -0.50351674  0.61589516  0.95104842  0.3836968
  -0.12227577 -0.4554495  -1.41658582  0.81776284 -0.68326438 
   0.6185773  -1.26684341  1.16167176 -0.34403876  0.53764489  4.16361812
  -2.1961529   0.01144507  2.42968037  2.2303051   0.23718426 -0.41133587
  -0.70549137 -2.69275606 -1.42767208 -0.11289655 -0.68916509 
   0.17182552  2.74030948 -0.69767802 -1.07850645  0.72811263 -1.26262017
  -1.0679247  -0.16467149 -1.67584562  2.43896495  1.39364865 -1.19269104
   0.9735745  -1.75568416  1.49834211 -1.53028141 -0.05001941 
  -1.33831237 -0.12281933 -0.68109123  1.20879786  1.73039932 -0.91630532
   1.32743811 -0.89623083 -1.13568401  0.96368137  0.58721395  2.01134618
  -2.79100888  0.52694978 -0.67967759 -1.32607649  0.33320426 
  -0.54276899  0.51584143  0.0851219  -2.88390019 -2.19033271 -1.33648106
   0.21932242  4.14685196 -1.37368396  0.47746355 -0.48711439  3.04882881
  -1.03615804 -0.34409745 -0.03412309  0.05703389 -0.57978864 
   2.99410353 -0.8361912   0.26833232  1.93373789  1.47755176 -0.58146475
  -1.40442985  0.56802024  0.27276929 -1.29957752  0.41037327 -0.43715325
  -2.97876967  0.41095435  1.06364403 -0.94131825 -0.21180122 
  -0.44314357 -2.15172985  1.42895678  0.13592638 -0.22038648  0.23743873
  -3.48261374 -0.00678969 -1.79053196  1.04671589  2.87625291  0.04708215
  -0.53227146  1.19149296 -0.68496008 -0.77737311 -1.35841881 
  -0.53384675  0.26651131 -0.43188184  0.09580755  2.20617845 -1.97146563
   1.03203926  0.88488624  1.1215416   1.61733103 -2.24869267 -1.79495273
  -1.06753267  0.41786358 -0.42488355 -0.10403609 -0.12985139 
   1.57071629 -1.8704063   0.51833096  3.01225208 -2.13794745  0.64854632
   0.40457645 -1.02850406 -1.63300778 -0.16755137 -0.5486063  -0.22583789
   0.76086645  2.35476119 -2.15711932 -0.17329724  0.57925041 
   1.58881646 -1.11990084 -0.28811703  0.00984171 -0.12832117 -0.32341386
   3.09664465 -3.04349919 -1.23945501 -0.97293387 -0.48553462 -0.87048698
   1.24608542 -1.88793677  0.90659315  0.56235276  0.522414   
   1.39024524  0.70740427 -3.0245676  -4.22690938  1.09824808  0.15821171
   0.81239599  1.5517022   0.66132087  0.20239046 -0.83883772 -1.02115337
  -0.29277664  1.72750383 -0.51214622  1.14945574  0.28325786 
  -1.47313995  0.44658541 -0.27795184  0.27336513  0.64975    -1.65450519
   0.09651153  0.28431677  1.47405645 -0.93529943  1.24240514  0.16106506
   0.86236082 -1.0562019  -0.7058103   1.16088287 -0.69542121 
  -0.17628417 -2.3966342   2.39590506 -0.02133755 -2.36176902  0.3544051
  -0.18418596  1.46479475  0.1473871   1.680291   -1.63194903 -0.44980451
   0.51219554 -1.08495408  0.65807391  0.67104307  0.16031163 
  -1.27939085  0.45040232 -0.89348889  2.23513246 -0.79727922  1.78049149
   1.18408596 -1.52172691 -0.36506908 -1.79679415 -0.5906818   0.54479802
   1.76947354  0.03563621 -0.27750555 -2.30947926  0.31987578 
  -0.10724409  2.60874059  1.23950848 -0.4794253  -0.22500013 -4.75857354
   1.18808789  3.41050585  1.37088257 -2.28421002  0.93305884 -0.2473011
  -0.43128304 -0.76280035  0.75104686 -0.31250374 -0.28047409 
  -2.67805915  0.87139097  1.84047555 -0.0601347   1.55381417 -0.95235981
  -1.45449014 -0.35279505  2.36693466 -1.18228002  0.30554004 -1.83881865
   0.50738274  0.42608959 -1.22222699 -0.48061681  0.59288232 
  -0.45092642 -0.75320687  0.68183738 -0.84238456  2.28239855 -1.27274684
   0.24505108  2.35873344 -2.63613123 -0.6248702   1.21823264  0.77765916
   0.35828166 -0.89284685 -0.56294026 -1.20066867 -0.44567051 
  -2.0471303   0.19734438 -1.33877657  2.08437494 -1.00203565  1.15878417
   0.73885753 -0.6722764   0.96194309  1.49256607  1.688078   -1.73286693
   0.84678972 -1.28682453  0.62545147 -0.26531932 -0.59715151 
   2.12941971  1.63514204 -2.02903942 -0.96431968 -3.68563064 -1.2665645
   0.99955465  0.41920548  1.18953025 -2.49433858  2.02211758 -0.04924407
   0.79671502 -0.24776988 -0.67541397  0.21754242 -0.05887957 
   1.81177009  0.15670019 -1.90515567 -0.1920184  -1.16184827 -0.52792358
   2.82207598 -2.99940179 -0.17192126 -0.27235894  0.18742012  0.92592139
  -0.25991359  1.33179765  0.77397247  1.15336088 -0.55447063 
  -0.55521066 -0.479648    1.91935282 -0.22096524  1.5355963   2.02042115
  -3.401927    0.51829421  0.31153491 -0.83071657 -3.30148855  0.20932993
   2.02220338 -1.44826225 -0.08185737  3.11964144 -0.25201232 
  -0.66021326  2.86910252  1.11562652  0.10034146 -1.3827509   2.03254689
  -0.58142908 -0.11712232 -0.95220298 -2.20133975 -0.22561037 -0.08440636
  -0.85736472  0.56814515 -0.1086936   0.75621622 -0.56713053 
  -0.1925088  -1.0961303  -1.28319192  0.09597684  0.06112024  2.60372081
  -0.80830869  0.77164056  0.21026729 -2.74270853  1.16270008 -0.31654734
  -1.48883683 -0.08542288  3.11169057 -1.56496892  0.60463384 
  -0.14910326  2.42704814  0.20909494 -0.91503979  0.90858328 -1.65979432
  -2.47387648 -1.39144871 -0.48946193 -1.00531434 -0.10330059  0.92296278
   0.75094319  0.43685423  0.15599285  0.98498091 -0.10429972 
  -1.19283516  0.36948663  2.73284026  1.66718519  0.90816003  0.28932855
  -2.10191836 -1.20782172 -0.7431684   0.7306477  -2.10350292 -1.52466172
  -1.81975575  1.52987047  1.62887905  1.09449475  0.19582995 
   1.58724357  0.85260461 -1.02386743 -0.29331112 -0.79438497 -0.34303826
  -0.47248352 -0.57190806  1.83571684  1.61612003 -2.33969308 -2.02785853
  -0.55243015 -1.7351208   2.45526968  0.77255494 -0.56250068      3.55887575e+00  -9.49515268e-01   3.62132075e-01  -2.00935633e+00
   -8.16822858e-01   1.35931838e+00  -5.92217487e-01  -9.94008505e-01
    6.46327589e-01   7.72102769e-01   1.14208960e-01  -3.17821987e+00
   -7.48675757e-01   5.81845560e-01   9.69369344e-01  -1.62646279e+00
    5.75797455e-02   1.67564605e-01   2.54466266e-01   4.72695639e-02
   -1.95775008e-01   1.90940541e+00   6.29377073e-01   2.22345717e+00
   -1.50883737e+00  -8.04055359e-01   4.12579100e-01  -1.82095399e-01
   -5.21405069e-02  -3.22083253e-01   2.23423277e-01  -1.27160147e+00
   -1.93705959e-03 
    6.16102523e-01   4.07639892e-01  -3.66688538e-01  -1.56980329e-01
    1.11062118e+00  -2.25598750e-01  -1.38245172e+00   8.71385893e-01
   -2.15188684e+00  -1.86716084e-01  -7.82619748e-01   8.09766541e-03
    1.17521180e+00  -1.92202143e-01   1.62389424e+00   6.58024097e-02
    1.31489824e-02  -9.50506371e-01   2.12741818e+00  -2.01879382e+00
   -1.37722243e+00   3.00578874e-01   4.89745036e-01  -2.16422182e-02
   -1.34391114e+00   7.56575925e-01   8.24915831e-01  -4.30272162e+00
    1.37678378e+00  -1.72535803e+00   1.58834098e-01  -1.24034575e+00
    2.76105391e-01 
    5.79979846e-01   3.10413834e-02   2.75341826e+00   1.11847544e+00
   -1.86559484e+00  -1.90653369e+00  -1.04650306e+00  -9.01571777e-01
    1.31210215e+00   1.02329620e+00   4.27334421e-01   6.67361129e-01
   -2.08294430e+00   2.95282073e-02  -3.96124969e-01  -1.17563187e+00
    2.24438174e+00  -9.08850340e-02  -1.35058095e+00   1.26692070e+00
   -1.33533933e+00  -2.57572600e+00  -1.10772560e+00   1.15247245e+00
    1.19829221e+00   7.56880988e-01  -2.40883679e+00  -6.34827852e-01
    2.15954877e+00  -3.05286020e-01  -2.30656055e+00   9.60581847e-01
   -3.68041288e-01 
   -1.42947065e+00   2.67323082e-01  -1.45757153e+00  -1.07167818e+00
    1.79597462e+00   1.23287116e+00   1.30340475e+00   2.69805466e-01
    5.53609009e-01  -9.39940999e-01   2.73961400e+00  -2.02512057e+00
    3.99677687e-01  -9.57825623e-01  -3.28016095e+00   1.44285394e-01
    3.76469499e+00  -1.58199857e-01   7.90377434e-02  -2.24223963e+00
   -9.93481391e-01   6.11911097e-01   8.20899439e-01  -2.96491054e+00
    5.26950485e-01   5.64967484e-01  -6.17831619e-02   1.73251135e-01
   -3.10939256e-01   2.66172760e-01  -1.73775573e+00  -6.42263451e-01
   -1.78536073e-01 
   -1.96814049e+00  -1.22628580e+00  -2.29378924e+00  -5.61204943e-01
    1.45790583e-01  -4.08792341e-01  -4.92728795e-02  -1.25258622e+00
   -2.89872508e-01  -2.85774153e+00   1.36359301e+00  -5.63035082e-01
   -1.36090382e-01  -2.44772022e+00   2.75501390e+00  -1.74762685e+00
   -2.49948391e-01  -1.56915955e+00   2.48651146e+00  -2.66251537e-01
    1.13300491e+00  -1.25325667e+00  -3.23641433e+00   2.04400460e+00
    1.98708385e+00   1.30969430e+00  -1.62459095e+00  -1.78457374e-01
   -4.21744153e-01  -2.68297433e-01  -1.26733353e+00   1.68345135e+00
   -2.75330875e-01 
   -1.43108013e+00  -2.11787166e-01   6.45214750e-01   3.51014900e-01
    1.12067255e+00  -6.87168019e-01  -3.94085359e-01  -3.55806002e+00
    1.12129190e+00   7.03294891e-02  -1.57086345e-01   3.45796665e-01
   -9.57844921e-01   1.91470606e+00  -8.62408604e-01  -1.99058791e+00
   -1.43249804e+00   6.87954241e-01  -7.66685486e-02  -2.51679672e+00
    4.52448462e+00   4.80420786e-01  -1.40513766e-02  -1.93577857e-02
    3.16022548e-01   5.58145707e-01  -1.46086519e+00  -1.64312345e+00
   -3.76284601e+00   7.20996964e-01  -1.89288232e-01   3.94855815e-01
    1.88213134e-02 
    7.29961044e-01  -1.32651038e+00  -3.77797297e-02  -1.04934622e+00
   -1.26768189e-01  -2.27001576e+00   1.15181677e+00   8.12058123e-01
    5.28753181e-01  -2.15781833e+00  -6.42589479e-01   2.55909376e+00
    2.88136074e+00  -1.70567493e+00  -1.14974434e+00  -3.93866793e+00
   -1.11169901e+00   3.49645734e-02  -2.43017622e-01  -5.24667686e-01
   -7.61673852e-01  -2.05434612e-01  -3.07910129e-01  -6.83653665e-01
   -1.30143378e+00  -1.86067105e+00   1.05398324e+00   3.68816137e-01
    3.46132831e-01   2.87545393e+00   6.76893561e-01   3.09457351e-01
   -4.43972599e-01 
    9.13317092e-02  -7.28124393e-01   2.09297432e+00  -5.99174245e-01
    1.70894731e+00  -1.91225508e-01  -9.26523421e-01  -8.56462956e-02
   -3.08486526e-01   3.89060336e-01  -4.36579688e+00   2.30640683e-01
    1.19369536e-01  -1.84375886e+00  -3.85863825e-01   2.29779398e+00
   -2.20089186e+00  -5.21775875e-01  -2.23690741e+00  -4.38268888e-01
   -2.44457806e+00  -2.08544355e-01  -2.96776915e+00   1.63832281e-01
   -3.34387646e-01   3.50116732e+00   5.56958713e-01   5.48266059e-01
   -1.41742201e+00   7.27092116e-01   1.11708192e+00   4.84648508e-02
   -9.33921994e-01 
   -2.03480620e+00   2.32999131e+00   1.18126028e+00   1.35108442e+00
   -2.05551846e+00  -2.28476850e-01   1.22129288e+00  -2.32065722e+00
    2.26627719e+00   3.66841046e-01   7.12680652e-01  -1.59495644e+00
    1.09427049e+00  -1.63036182e+00   1.87178029e+00   1.22739022e+00
   -8.50830166e-01  -2.34732326e+00  -3.61812136e-01   5.23791614e-01
   -1.50212278e+00  -1.69767532e+00   2.15885317e+00  -1.30777130e+00
   -2.00499611e+00  -4.76231158e-01  -4.30184061e-03   4.72302633e-01
   -1.41711810e+00  -8.15160433e-02   1.56399013e+00  -1.84855132e+00
   -5.81153399e-01 
    1.06899226e+00  -9.56636382e-01  -8.50487088e-01  -1.37226595e+00
   -1.10226349e-01   1.55303462e-01  -9.64743527e-01  -2.51308018e+00
   -2.46009667e+00  -2.67293330e+00  -1.83839297e+00   1.74999357e+00
   -2.50089992e+00  -1.41772297e+00   1.83200309e-01   2.07235515e-01
    5.50164074e-01  -3.43895981e-02  -2.19806699e+00   1.72835007e+00
    1.26704198e+00   1.24156414e+00   5.13555496e-01  -2.51923166e+00
    2.72466628e+00  -7.88743333e-01   2.05202364e+00   4.01929877e-01
    2.43251906e+00   4.02711015e-01  -4.20109446e-02  -1.81164688e+00
   -3.75200068e-01 
   -1.69931382e-01  -2.82163672e+00   3.59538203e-01   9.17841029e-01
   -5.96988467e-01   1.25489181e+00  -1.15212599e+00  -2.27239882e+00
   -1.73325348e+00  -1.12583262e-01   1.16385775e+00   1.14019819e-01
   -2.66036897e+00   1.84942056e+00  -3.42350800e-01   2.72526299e-01
    5.29643524e-01  -1.27371011e+00   1.01526434e+00   1.62007836e+00
   -7.28254298e-01  -1.34356677e+00  -1.39755798e+00  -2.77188434e+00
   -1.62566798e+00  -1.56391302e+00   3.42688319e+00   1.00024402e+00
   -1.16613392e+00  -3.89536253e-01   1.51274225e+00   2.54672087e+00
   -4.80052646e-01 
   -1.18659134e+00   4.38208660e+00  -1.29804319e+00  -2.57241972e+00
   -2.07826914e+00  -1.14014240e+00  -1.13451884e+00  -7.40454285e-03
    1.10365339e+00  -2.32224912e+00  -2.65792111e+00   3.14654277e-01
   -6.96565148e-01   1.37418605e+00  -1.87297340e-01   1.64102081e+00
   -6.99563269e-01  -5.41924978e-01  -3.41997670e-02  -8.99803082e-01
    7.95985154e-01   1.90327657e+00  -6.23809335e-01   9.41795285e-01
    5.61199813e-01  -1.64925953e+00  -1.44080073e+00   4.58055150e-03
    1.05434270e+00  -8.40880600e-01   1.68467111e+00   1.21594698e+00
   -6.01688284e-01 
   -4.37256280e-01  -9.33055313e-01  -2.54249510e+00  -2.07111465e+00
   -2.06881860e+00   9.40776775e-01  -1.75437583e-02  -1.84878820e-01
   -6.71269700e-01   3.42842065e+00   4.05920141e-02   2.17061162e+00
   -1.01113736e+00   3.05720284e-01  -4.93443757e-01  -1.29715056e+00
   -6.85829359e-02  -1.11835407e+00  -4.29409811e-01  -1.44937298e+00
    3.40093833e-01  -3.73953397e-01  -8.87275445e-01  -7.24824461e-01
   -4.59011308e-02  -1.76749617e-01  -1.85132068e+00   4.69301856e-01
    1.56455275e+00  -1.23624774e+00   1.99942814e+00  -4.47102581e-01
   -2.22119533e-01 
   -2.60460585e-01  -7.99292289e-01   5.41300993e-01   1.93258822e+00
   -2.29615413e+00   1.26476777e+00  -2.33562484e-01   1.04029060e+00
    9.43063589e-01  -7.34799756e-01  -9.08207752e-01   6.77082722e-02
   -1.68330136e+00  -7.29629311e-01  -2.60570852e+00   2.07626519e+00
   -2.98932682e+00   4.16594087e-01   1.01492145e+00  -8.35862891e-01
    7.89199842e-01  -5.93604811e-01   1.40834698e+00   3.64567668e-01
    2.79572747e-01  -2.06529506e+00   9.24514009e-01  -1.33036153e+00
    3.19063464e-02  -1.10292960e+00  -8.77009650e-01   7.10796393e-01
   -5.14354585e-01 
   -5.88210437e-01   2.15929682e+00   3.54820090e-01  -1.05527502e+00
   -9.23721777e-01  -1.95435269e-01   9.62375705e-01   1.52129824e+00
   -1.02621684e+00   2.43905261e-01  -9.44271605e-01  -6.39353507e-01
    2.29632265e-01   4.21014164e-01   1.96279619e+00  -1.13459951e+00
    5.21281269e-01   3.20838627e-01  -1.27668697e+00   4.38678328e-01
   -6.62144320e-01   9.95795702e-01  -3.17231793e-01  -3.01985446e-01
    1.00940427e+00  -1.19608567e+00  -4.15069691e-01  -3.83122253e-01
   -2.45428189e+00  -1.38176308e-01  -1.84382617e+00  -2.85471853e+00
   -8.67230816e-01 
   -1.90597710e-01  -1.73942537e+00  -2.33732116e+00   1.88367819e+00
    1.31705782e+00   8.94003985e-01  -4.76604708e-01  -5.02791362e-01
    1.92747874e+00   1.24086911e+00   1.34073637e-01   4.10541166e-01
   -1.50956105e-01   2.47446284e-01  -1.06803930e+00  -5.11512274e-01
   -2.57395742e-01  -1.82112052e+00  -9.55387844e-01   1.63707826e+00
   -5.15721538e-01   7.36200902e-01   3.44640572e-01  -1.51828433e+00
   -5.44968590e-01  -1.55054713e+00  -1.63576499e+00  -5.80580247e-01
    1.08561418e+00  -5.08360551e-01  -8.86713457e-01  -6.30442510e-01
   -2.36479728e-01  