NN 16 32 16   -3.12899901e+00  -7.64779588e-01  -2.61252970e-01   5.54894304e-01
    1.88294714e+00  -8.32461110e-01  -1.36494959e+00  -1.68117138e+00
    2.46471090e+00  -1.44099371e+00  -1.15694698e-01   5.55329343e-01
    7.19634885e-01  -2.05122317e-01   2.60143721e-01  -3.56135072e-01
   -7.40201618e-01 
    5.89563022e-01  -3.52818436e-01  -2.91425895e-01  -5.31068237e-01
    9.75285891e-01  -4.09755812e-01   1.40085690e-01   5.16891760e-01
   -2.13704847e+00   7.17931401e-01   1.68884493e+00  -3.29467166e+00
    6.06610717e-01   6.91502276e-01  -1.66364195e+00   1.20845967e+00
    5.14233496e-01 
   -6.18199052e-01   1.76992507e-01  -2.44116131e+00   1.02139521e+00
    2.18891577e+00  -1.71490709e+00  -3.48777947e-01  -6.04415308e-01
   -1.05684279e+00   3.09164206e-01   1.76038453e-01   1.92080185e-01
    1.48361952e+00  -8.29460653e-01  -1.08464953e-01   1.66949318e+00
    1.60267050e-01 
    1.55197321e+00  -7.07433746e-01  -8.38684671e-01   5.73563387e-01
   -1.13293332e-01  -1.06911053e+00   9.83110691e-01  -2.80941196e-01
   -1.24536959e+00   8.08877169e-01  -1.32466581e+00   1.62295032e+00
    1.61072941e+00  -1.58398234e+00   9.53552266e-01  -1.81186469e+00
   -3.59535141e-01 
   -2.76610035e-01  -1.41396532e+00   1.25115114e+00  -1.02114754e+00
   -2.90101740e-01  -7.60897414e-01  -7.76874559e-02  -1.66468545e+00
    1.30147809e+00  -2.93147748e-01  -1.08735874e-01   1.65339322e+00
    1.52023843e+00   1.98273146e+00   5.01528053e-02  -1.41630435e+00
   -7.52130628e-01 
   -3.78375024e-01   1.03670336e+00   1.39566390e+00  -1.19312221e+00
    5.56911176e-01   1.04359810e+00   1.40041670e+00  -6.36316599e-02
    1.08546569e-03  -3.71269606e-01  -1.49433434e+00   6.01982686e-01
   -7.77908300e-01  -1.32325424e+00  -2.74724045e-01  -2.07152077e-01
   -6.46881797e-02 
    6.66141166e-01   1.32868524e+00   1.24403979e+00  -1.70792451e+00
   -5.20435601e-02  -8.76262720e-02  -1.65221839e+00   1.02921293e+00
   -4.86319586e-01   5.54818586e-01   8.51352506e-01   3.20182236e-01
   -2.11001982e-01  -4.36367418e-01  -1.20794360e+00   8.03870081e-01
   -5.95343496e-01 
    6.14838799e-01  -1.32422153e+00   9.40437138e-01  -4.82414610e-01
    7.82981258e-01   3.43652221e+00  -1.58727962e+00  -3.17614339e-03
    2.09232421e+00   2.11258949e+00   6.25860544e-01  -6.20425312e-01
   -6.71188126e-01  -2.31427068e+00  -1.16978663e+00  -1.09874494e-02
   -6.53573694e-01 
    4.26933963e-01   2.39435508e+00  -8.23035498e-01  -6.81378366e-01
    8.58019966e-01  -1.16485603e+00  -7.54369571e-01  -4.98379217e-02
   -1.60128425e+00   2.10117637e+00   1.15749904e+00  -1.10599091e+00
    6.80150533e-01  -1.72983954e+00   1.14440976e+00  -1.30166195e+00
   -9.54057093e-02 
   -1.35770419e+00  -1.35272416e-01  -8.45403137e-01   1.22430976e+00
    1.68767856e+00  -8.13282814e-01   1.31545386e+00  -6.19152919e-01
   -8.36037301e-01   1.14791193e+00   3.18626279e-01   1.86089465e+00
   -2.35216805e+00   5.30165163e-01  -3.12066449e-01  -1.21846729e+00
    2.68051206e-01 
   -4.26720813e-01   4.63641732e-01  -6.60955650e-02  -2.59083974e+00
   -1.83838379e+00  -1.13005871e+00   3.75721867e-01   3.63829058e+00
   -8.81745540e-01   6.54832715e-01  -6.10795042e-01   2.49889954e+00
   -7.25788420e-01  -1.90458706e-01   7.19245647e-02   6.36211347e-02
   -5.59492752e-01 
    2.44689762e+00  -7.88923182e-01   4.86110813e-01   1.75736505e+00
    1.29564503e+00  -3.39733456e-01  -1.50757349e+00   5.51976588e-01
    3.41791730e-01  -8.09024728e-01   1.19857816e-01  -6.26355461e-01
   -2.58600704e+00   3.60845545e-01   8.59637641e-01  -6.08725254e-01
   -3.09177847e-02 
    2.84316103e-03  -1.57647053e+00   1.06107698e+00  -1.91982374e-01
   -7.03866890e-02   1.83798686e-01  -2.99453630e+00   1.51266016e-01
   -1.89916625e+00   8.16758500e-01   2.81162065e+00   2.44621932e-01
   -3.98897789e-01   1.13982135e+00  -5.39848633e-01  -5.22932141e-01
   -1.09740066e+00 
   -2.85361329e-01   1.06720051e-02  -5.81640373e-01   1.38146029e-01
    2.09110767e+00  -1.86146004e+00   8.24790549e-01   6.70748462e-01
    9.29601576e-01   1.58526844e+00  -2.02005173e+00  -1.66871615e+00
   -7.28911673e-01   6.09220950e-01  -3.98431022e-01  -9.21642665e-02
   -6.96833269e-02 
    1.11773716e+00  -1.89771242e+00   3.91855503e-01   2.59156316e+00
   -2.00351883e+00   9.63654136e-01   3.89879688e-01  -6.01691208e-01
   -1.56981428e+00  -3.27773563e-02  -4.19217235e-01  -4.12203914e-01
    7.35902852e-01   2.27370026e+00  -1.70277559e+00  -9.63164438e-02
    5.88339891e-01 
    1.26533177e+00  -9.71786375e-01  -3.38705410e-02   1.19089197e-01
   -1.87922056e-01   8.36763321e-02   2.99703740e+00  -2.68168794e+00
   -1.31593573e+00  -7.19164826e-01  -2.94317456e-01  -8.25369048e-01
    1.43314029e+00  -1.66861822e+00   6.38555730e-01   3.03399535e-01
    4.86027757e-01 
    1.36126318e+00   5.93132295e-01  -2.89262378e+00  -3.62087586e+00
    6.12444993e-01   2.93585821e-02   9.67022578e-01   1.64944915e+00
    5.47370746e-01   3.49293738e-02  -9.62288275e-01  -7.83178132e-01
   -3.00344773e-01   1.75834879e+00  -5.39668724e-01   8.85969349e-01
    1.07121303e-01 
   -1.36728074e+00   3.25490622e-01  -1.01135873e-01   1.89466894e-01
    6.86503608e-01  -1.08350924e+00   6.46834079e-02   9.37459833e-02
    1.32303344e+00  -7.85184780e-01   9.38330648e-01  -1.41611423e-01
    7.90970211e-01  -8.25126920e-01  -4.83872245e-01   1.08063067e+00
   -5.35311523e-01 
   -1.71065218e-01  -1.98660656e+00   1.89838139e+00  -2.11339800e-01
   -2.01399177e+00   6.13929740e-01  -4.25552206e-02   1.43622679e+00
    3.62243117e-01   1.73846681e+00  -1.71502283e+00  -6.59368973e-01
    5.11382886e-01  -1.02901114e+00   5.64945645e-01   5.63295873e-01
    1.23414014e-01 
   -1.27696920e+00   5.00489065e-01  -9.46867181e-01   1.95230764e+00
   -7.47774912e-01   1.80074280e+00   7.43968238e-01  -1.33624644e+00
   -1.75749249e-01  -1.62052635e+00  -8.22019268e-01   7.40587228e-01
    1.72577384e+00   2.25077258e-01  -1.48592492e-01  -1.74734758e+00
    4.13931667e-01 
    1.40494086e-01   2.30085345e+00   1.12308926e+00  -2.68080427e-01
   -5.41479669e-01  -4.05335528e+00   1.04152571e+00   3.25411516e+00
    1.28222344e+00  -1.74524218e+00   5.95250839e-01  -6.44599135e-01
   -5.34954462e-01  -4.97886775e-01   5.52978318e-01  -4.55376251e-02
   -1.86905690e-01 
   -2.35238636e+00   7.77287005e-01   1.69683284e+00  -5.03371031e-01
    1.67313166e+00  -9.77348558e-01  -5.59567632e-01  -5.32147174e-01
    1.94914244e+00  -1.34444149e+00   2.00768975e-01  -1.76832292e+00
    5.19549167e-01   5.69138998e-01  -1.09183453e+00  -3.20701354e-01
    6.10246811e-01 
   -4.13122257e-01  -4.44736352e-01   4.96823763e-01  -8.75569237e-01
    2.06206184e+00  -1.53694832e+00   4.14228767e-02   2.10686904e+00
   -2.31579720e+00  -7.70601211e-01   8.98647913e-01   5.90503481e-01
    5.43447432e-01  -7.45401304e-01  -3.82912319e-01  -7.11582542e-01
   -3.62062233e-01 
   -1.83041170e+00   3.69496212e-01  -1.39155003e+00   1.91968666e+00
   -1.02283733e+00   9.42836821e-01   6.28532055e-01  -7.50492264e-01
    1.20150861e+00   1.56627541e+00   1.47626825e+00  -1.63799317e+00
    6.23248369e-01  -1.23544706e+00   4.15895100e-01  -1.44919637e-01
   -6.12456077e-01 
    1.53955997e+00   1.63889404e+00  -1.94116598e+00  -4.85897555e-01
   -3.19699605e+00  -9.53445383e-01   7.94680286e-01   6.90477832e-01
    1.27202359e+00  -2.30606315e+00   1.94580692e+00  -1.37919341e-01
    3.42667310e-01  -2.26056971e-01  -7.24383876e-01   8.79587451e-02
   -1.51909953e-01 
    1.44575985e+00   1.78400428e-01  -1.56429570e+00  -2.51073272e-01
   -1.16503173e+00  -4.00669428e-01   2.31150777e+00  -2.79725674e+00
    1.18303728e-01  -3.14359127e-01   3.67069528e-01   1.06007647e+00
   -1.49202706e-01   1.31816795e+00   9.50262480e-01   7.88702296e-01
   -6.11300315e-01 
   -7.85913177e-01  -6.74470256e-01   1.83130789e+00  -2.37697657e-01
    1.21287026e+00   1.54579692e+00  -2.63804947e+00  -1.50045348e-01
    1.64482719e-01  -8.01662937e-01  -2.72086062e+00   3.78955892e-01
    1.56446973e+00  -1.20682672e+00   9.74609684e-02   2.52623936e+00
   -2.21258168e-01 
   -7.84047080e-01   2.34758786e+00   1.22133915e+00   1.30450566e-02
   -1.04175306e+00   2.03510232e+00  -4.73047934e-01  -2.16771553e-01
   -1.02952149e+00  -1.78265530e+00  -3.66473665e-01  -2.18246384e-01
   -8.70332891e-01   4.42853689e-01  -1.09878426e-01   6.18996951e-01
   -4.69599840e-01 
   -4.41783523e-01  -1.24252127e+00  -9.15432045e-01   1.78586644e-01
    4.33729791e-01   2.36223580e+00  -9.32376631e-01   7.51184448e-01
    5.55958406e-01  -2.06690724e+00   1.21475477e+00  -1.57614885e-01
   -1.32158844e+00   5.78474244e-02   2.46038001e+00  -1.24524741e+00
    5.09537580e-01 
   -3.28665583e-01   1.78979723e+00   5.15770510e-01  -7.49983117e-01
    6.25810470e-01  -1.45627656e+00  -2.04440952e+00  -1.52076879e+00
   -2.22663375e-01  -6.84465402e-01  -6.72988355e-02   7.19390918e-01
    5.59113346e-01   3.80235500e-01   6.42839963e-02   9.76863894e-01
    2.90554832e-02 
   -1.19111573e+00   1.54711429e-01   2.47344980e+00   1.32783524e+00
    1.12715740e+00   2.38626152e-01  -1.43604688e+00  -1.14723851e+00
   -6.72167278e-01   6.97562028e-01  -1.74850906e+00  -1.27498883e+00
   -1.49051913e+00   1.28610309e+00   1.25015385e+00   1.00251331e+00
    3.00040539e-01 
    1.18143366e+00   1.01352943e+00  -8.62088783e-01  -3.97734538e-01
   -8.37985226e-01  -3.03096035e-01  -7.14517607e-01  -2.96291011e-01
    1.47823661e+00   1.46524007e+00  -1.93433968e+00  -1.56535303e+00
   -3.75909348e-01  -1.55538988e+00   2.27015449e+00   6.38413886e-01
   -4.91706633e-01      3.05173755e+00  -7.54549780e-01   1.56980773e-01  -1.79989859e+00
   -7.50311104e-01   8.54663789e-01  -4.79716823e-01  -8.98881237e-01
    5.61734188e-01   1.12491937e+00   4.90429645e-01  -2.69298265e+00
   -8.17667710e-01   2.41858107e-01   6.87581855e-01  -1.55423303e+00
   -4.47231217e-01   2.86695767e-01   1.51869098e-01   6.37800723e-01
   -3.46227654e-01   2.27491168e+00   3.95179814e-01   2.00289268e+00
   -1.84461044e+00  -9.20356129e-01   5.48271197e-01  -1.86004985e-01
   -2.64749755e-02  -4.31688924e-01   4.70899473e-01  -1.67568097e+00
   -2.28614400e-01 
    5.86314123e-01   4.40973901e-01  -4.27846796e-01   3.14484934e-02
    1.07338496e+00  -3.72492805e-01  -1.31978204e+00   1.07736640e+00
   -2.27229820e+00  -2.42680352e-01  -9.00981328e-01   3.15947155e-01
    1.38228115e+00  -1.68044344e-01   1.84790396e+00   1.67968482e-01
    2.21728056e-01  -7.20062634e-01   1.85760174e+00  -2.03525287e+00
   -1.54474133e+00   2.42407998e-01   2.62562220e-01   1.50225050e-01
   -1.56610943e+00   5.91094062e-01   6.59559946e-01  -3.67445679e+00
    1.35425009e+00  -1.58833008e+00   1.14844982e-01  -1.34802076e+00
    1.89024238e-01 
    7.37571317e-01   1.13531411e-01   2.80405946e+00   7.31171581e-01
   -2.01034209e+00  -1.30290514e+00  -9.41405452e-01  -8.26722199e-01
    1.54430297e+00   1.10692222e+00   3.28390344e-01   8.51143413e-02
   -2.27013842e+00   1.41692943e-01  -3.81007049e-01  -1.27621232e+00
    2.15133416e+00  -7.70644418e-02  -1.39902278e+00   1.22032435e+00
   -1.28195957e+00  -2.32655143e+00  -1.13728609e+00   1.27565954e+00
    1.24071761e+00   9.23234768e-01  -2.09014693e+00  -5.49922387e-01
    1.75219364e+00  -3.65468199e-01  -2.44716425e+00   8.77844635e-01
   -3.20376292e-01 
   -1.20956330e+00   7.37013538e-01  -1.31216392e+00  -1.03956451e+00
    1.53777943e+00   1.24459727e+00   1.33868759e+00   4.62509926e-01
    3.82138698e-01  -9.13227767e-01   2.35262069e+00  -2.21797441e+00
    6.24111471e-01  -9.93879407e-01  -3.13866589e+00   7.28253705e-02
    3.72979567e+00  -2.00832741e-01   5.79953178e-01  -1.97433883e+00
   -1.09406871e+00   7.27901996e-01   8.88065822e-01  -2.74471843e+00
    3.96760271e-01   4.99089644e-01   9.65968426e-02   1.51733476e-01
   -2.30846539e-01   2.69288265e-01  -1.72274860e+00  -4.35993132e-01
   -7.21465202e-02 
   -1.52275352e+00  -1.11340729e+00  -2.06119227e+00  -3.11793984e-01
    1.91400214e-01  -3.62149297e-01   2.02200957e-01  -1.16237471e+00
   -2.76308536e-01  -2.70058908e+00   1.21354984e+00  -3.40754700e-01
   -2.59987380e-01  -2.29285419e+00   2.47428859e+00  -1.58874863e+00
   -7.78749139e-02  -1.45734621e+00   2.68812760e+00   1.01895116e-01
    1.25200836e+00  -1.33702722e+00  -2.98059148e+00   2.08404942e+00
    1.95761334e+00   1.36185619e+00  -1.43803639e+00  -3.53589702e-01
   -1.05702160e+00  -5.47410858e-01  -9.89112631e-01   1.40308857e+00
   -1.92645825e-01 
   -7.23192226e-01  -4.12330195e-02   6.40251109e-01   7.64862849e-01
    9.26622849e-01  -6.32759422e-01  -3.90634684e-01  -3.46680486e+00
    9.04835427e-01   2.01484904e-02  -2.02420195e-02   9.21704835e-02
   -6.65215833e-01   1.94788735e+00  -8.62650912e-01  -1.92090891e+00
   -1.19154014e+00   3.55555732e-01  -1.38490279e-01  -2.70903443e+00
    4.48001471e+00   3.92261560e-01   3.48578166e-01   4.09886307e-02
   -8.69723688e-02   5.10968815e-01  -1.61328742e+00  -1.49093539e+00
   -3.43676862e+00   6.24732821e-01  -2.08503501e-01   2.95118571e-02
    4.90011189e-02 
    6.17671630e-01  -5.95506014e-01   2.64788125e-01  -1.20046496e+00
   -5.43640866e-01  -1.69675612e+00   1.28554910e+00   8.74330121e-01
    1.86926948e-01  -2.15173254e+00  -6.38779075e-01   2.30165333e+00
    3.19661433e+00  -1.58756733e+00  -1.16898454e+00  -3.73356849e+00
   -9.64939560e-01   7.66042126e-02  -3.78258757e-01  -1.54415236e-03
   -9.31601177e-01  -4.34876129e-01  -3.88050833e-01  -6.13745823e-01
   -1.64948661e+00  -1.62895969e+00   1.12255372e+00   1.27988807e-01
    3.48709765e-01   2.60116786e+00   6.13198191e-01   6.44872955e-01
   -3.08873942e-01 
    1.22852567e-02  -8.59553802e-01   1.89897983e+00  -6.10886364e-01
    1.42311207e+00  -1.48167117e-01  -9.39225049e-01   7.22387026e-02
   -1.49923226e-01   4.32832164e-01  -3.94104753e+00   6.61741002e-02
   -1.89351796e-01  -1.38118953e+00  -3.74937461e-01   2.09307305e+00
   -2.18072513e+00  -5.40232526e-01  -2.25206337e+00  -2.43236531e-01
   -2.34985077e+00  -2.63236450e-01  -2.65285949e+00   2.94117581e-01
   -2.46442243e-01   3.12940995e+00   6.87944582e-01   6.53634816e-01
   -1.54649284e+00   1.08453687e+00   1.00742552e+00  -2.71315708e-01
   -6.19748408e-01 
   -1.84137065e+00   2.17319831e+00   1.06849570e+00   1.22252060e+00
   -1.84856754e+00  -2.95830515e-01   1.18514800e+00  -2.07994884e+00
    1.97907474e+00   1.54273498e-01   4.93709580e-01  -1.35454619e+00
    1.10726907e+00  -1.44049817e+00   1.95247470e+00   1.40960923e+00
   -8.21151881e-01  -1.97499211e+00  -4.23029085e-01   4.68156755e-01
   -1.41311423e+00  -1.59219672e+00   2.05448603e+00  -1.43388729e+00
   -1.55062703e+00  -6.14886495e-01   2.33732986e-02   6.58358982e-01
   -1.20749131e+00  -1.43056352e-01   1.33535021e+00  -1.59396656e+00
   -5.07692832e-01 
    7.20155292e-01  -7.78314143e-01  -6.54049674e-01  -1.19178631e+00
   -2.77493797e-01   1.16555299e-01  -9.16984120e-01  -2.26073344e+00
   -2.25304302e+00  -2.32151020e+00  -1.83096969e+00   1.60962095e+00
   -2.11798806e+00  -1.34270272e+00  -9.26500189e-02  -1.10853600e-01
    6.43057913e-01   1.47716403e-02  -1.98139311e+00   1.84758364e+00
    1.11252222e+00   1.22665931e+00   5.74687044e-01  -2.46847464e+00
    2.54077039e+00  -5.37925509e-01   1.60177358e+00   1.93167959e-01
    2.13738570e+00   3.23153147e-01   1.38697948e-01  -1.43907871e+00
   -1.58759850e-01 
   -3.29844726e-01  -2.43481930e+00   2.18891978e-01   7.31174139e-01
   -4.09491021e-01   1.03057042e+00  -9.00862480e-01  -2.22560516e+00
   -1.37110759e+00  -3.93318333e-02   1.11279295e+00   4.31408173e-01
   -2.55874984e+00   1.82159173e+00  -4.26800565e-01   2.16155599e-01
    6.73806045e-01  -1.11263299e+00   9.22262239e-01   1.40813173e+00
   -6.11709796e-01  -1.00702238e+00  -1.15746725e+00  -2.59928816e+00
   -1.82540484e+00  -1.57705484e+00   3.05749571e+00   8.20546595e-01
   -1.10178695e+00  -3.87432719e-01   1.43095107e+00   2.15829855e+00
   -3.30649236e-01 
   -1.38302473e+00   3.84343440e+00  -1.03433379e+00  -2.46063424e+00
   -1.93038047e+00  -9.62561182e-01  -1.02355846e+00   2.92006273e-01
    1.00780175e+00  -2.12944076e+00  -2.51880140e+00   9.57787468e-02
   -8.04674834e-01   1.35120430e+00   2.19026978e-01   1.51316090e+00
   -7.64883500e-01  -4.03946468e-01  -2.88554504e-02  -7.24447933e-01
    8.17757195e-01   1.88660437e+00  -3.94328364e-01   8.85772455e-01
    7.96509736e-01  -1.79472777e+00  -1.20584744e+00   3.36066339e-02
    8.10033282e-01  -8.02269518e-01   1.27271053e+00   9.81138273e-01
   -4.46841222e-01 
   -4.48617195e-01  -7.98741677e-01  -2.43406559e+00  -1.92670374e+00
   -1.90266245e+00   8.06563414e-01   1.38915668e-01  -2.06472373e-01
   -5.25665118e-01   2.95871778e+00   2.67342498e-02   2.06730888e+00
   -1.01442736e+00   1.25431206e-01  -2.82592122e-01  -1.20017199e+00
   -5.52402122e-02  -1.02174215e+00  -2.99709116e-01  -1.22804208e+00
    4.82218033e-01  -4.24645890e-01  -8.39224598e-01  -6.34523247e-01
    1.20008542e-01  -1.67490092e-01  -1.63411220e+00   4.59363885e-01
    1.47692961e+00  -1.12940493e+00   1.79576625e+00  -4.42723576e-01
   -1.44190714e-01 
   -3.05988115e-01  -7.99297123e-01   6.05914438e-01   1.81183994e+00
   -2.10884743e+00   1.10098829e+00  -2.09263501e-01   8.63515197e-01
    8.95977683e-01  -6.58075234e-01  -8.32022500e-01   3.71319666e-03
   -1.60640368e+00  -6.56244688e-01  -2.35730859e+00   1.81810203e+00
   -2.67793975e+00   3.02341404e-01   9.30073648e-01  -7.24442656e-01
    6.45829014e-01  -6.75696129e-01   1.26118139e+00   3.47278908e-01
    3.69279841e-01  -1.93793095e+00   8.86131621e-01  -1.21171465e+00
    1.69177845e-01  -9.57238976e-01  -8.14295638e-01   6.53216901e-01
   -3.90981660e-01 
   -6.46090184e-01   1.75468433e+00   2.55206848e-01  -1.01299145e+00
   -9.28358095e-01  -2.12484294e-01   8.46093261e-01   1.25791871e+00
   -7.87319149e-01   1.58229546e-01  -7.73941488e-01  -6.61011084e-01
    2.17145808e-01   4.50393761e-01   1.56687606e+00  -1.00878663e+00
    4.39296650e-01   2.32863983e-01  -1.07739588e+00   3.95722433e-01
   -5.50901604e-01   8.54118509e-01  -2.41644620e-01  -2.50097538e-01
    8.95787706e-01  -1.18842954e+00  -5.32864980e-01  -3.56719643e-01
   -1.91208950e+00  -7.83794263e-02  -1.63886342e+00  -2.54050491e+00
   -8.11156340e-01 
   -3.10457282e-01  -1.54876776e+00  -2.13090747e+00   1.60207135e+00
    1.27974303e+00   8.29747565e-01  -5.02228058e-01  -4.33329376e-01
    1.49097657e+00   1.10752050e+00   1.45421308e-01   3.83322524e-01
   -2.57254668e-01   2.02311761e-01  -8.68568496e-01  -2.42296335e-01
   -1.87977004e-01  -1.56366618e+00  -7.33994796e-01   1.46807963e+00
   -5.57746309e-01   6.08046123e-01   2.24101057e-01  -1.39627596e+00
   -5.11636649e-01  -1.27180872e+00  -1.49926020e+00  -4.77064322e-01
    1.00676854e+00  -5.56755201e-01  -8.17726587e-01  -5.32101312e-01
   -1.50080300e-01  