NN 16 32 16  -2.63147815 -0.46084828 -0.61772535  0.67014625  0.94212174 -0.46958868
  -0.82582336 -0.80894111  1.60942297 -1.18971563 -0.01543097  0.77280179
   0.54338724 -0.19857114  0.02609532 -0.28266634 -0.70059714 
   0.30905785 -0.08941553 -0.43038832 -0.7271148   0.79460165 -0.11324411
  -0.02541485  0.53365542 -1.61239228  0.55650961  1.49720666 -2.61997255
   0.31709229  0.628978   -1.10060355  0.84259885  0.46928658 
  -0.16880746  0.1193744  -1.95439031  1.07619038  1.77110345 -1.06792904
  -0.55371439 -1.08651825 -0.8653577   0.33871673  0.24671457  0.1018212
   1.54573362 -0.81508762  0.07825001  1.05171715  0.29100365 
   1.30646815 -0.70373861 -0.59340953  0.64678983 -0.2711776  -0.79901313
   0.99728642 -0.0891052  -1.07682518  0.82943374 -0.95844626  1.36872421
   1.30543432 -1.51063014  0.80417605 -1.15755486 -0.39276762 
  -0.3130045  -1.07502713  1.19878219 -0.86865213 -0.48343059 -0.76854517
  -0.1002818  -1.35291613  1.30743963  0.04827045 -0.33889476  1.36436129
   1.30583409  1.47103887  0.20761113 -1.15591035 -0.71195952 
  -0.16731218  0.67689506  0.77063752 -0.80757618  0.08390682  0.93697849
   0.89032315  0.14017496 -0.00907774 -0.31107257 -0.83278079  0.67077878
  -0.61412549 -1.02864323 -0.15078765 -0.11943353 -0.20416451 
   0.29836727  1.17147804  1.13820947 -1.23587611 -0.30508661 -0.10487372
  -1.42749785  0.85611846 -0.47202063  0.37964753  0.58692244  0.50504261
  -0.33109192 -0.24460403 -0.93946828  0.60623009 -0.52425812 
   0.33309196 -1.19089416  0.75745    -0.35435191  0.67062518  2.68344517
  -1.4146466  -0.14616312  1.65155623  1.94551042  0.92459595 -0.97753628
  -0.61320698 -1.69549164 -1.0161968  -0.08589706 -0.75417182 
   0.18325677  1.85606285 -1.07145233 -0.31967616  0.67926542 -0.89436743
  -0.41147896 -0.22433778 -1.40965203  1.87572892  0.92804631 -0.81235307
   0.19516516 -1.33896416  0.60334451 -0.90469287 -0.20892971 
  -1.25132871  0.32985263 -0.87165822  0.92638039  1.70602515 -0.61022795
   1.15511418 -0.50712195 -0.62674473  1.3113477   0.27139785  1.51008957
  -1.95621074  0.24319725  0.0178773  -0.97611869  0.05733608 
  -0.48466685  0.82233851 -0.14301087 -2.31694709 -1.88618428 -0.79373708
   0.31209153  2.84898379 -0.44651614  0.91065198 -0.99268574  1.60160876
  -0.55939265  0.01906872  0.15230937  0.01078413 -0.61151348 
   1.80661406 -1.10005847  0.65957257  1.61229302  1.08263897 -0.04896769
  -1.23809785  0.31423325  0.58098241 -0.50900491 -0.40400888 -0.36951416
  -2.05214711  0.21576388  0.58300262 -0.36385275  0.04545392 
   0.15848412 -1.43296853  0.75354004 -0.2154647   0.35539379 -0.21255202
  -2.62402879  0.2584474  -1.49678049  0.86058818  2.23209608  0.22929168
  -0.35057807  0.84449627 -0.54490532 -0.41357781 -0.94314015 
  -0.07994157 -0.22549665 -0.75917271  0.35224609  1.77194962 -1.56335143
   0.79505404  0.35875133  0.81041475  1.22837305 -1.82287629 -1.56056093
  -0.40806995  0.5148741  -0.25316313 -0.17853686 -0.07507596 
   0.5836604  -1.88339676  0.27323781  2.10795806 -1.79552205  0.88280433
   0.18900173 -0.44942597 -1.52081018  0.08060703 -0.12538688 -0.63193576
   0.59113572  1.90551103 -1.24507897  0.02214933  0.61142625 
   1.16748636 -0.88817138  0.06410398  0.192692   -0.04932894  0.51354827
   2.45801957 -2.40748188 -1.33503139 -0.33610602 -0.26978526 -0.6875739
   1.39721284 -1.38302447  0.51246002 -0.03841717  0.39185559 
   1.27784695  0.56116617 -2.33269941 -3.06268952  0.21645571  0.15086032
   0.88676472  1.49642574  0.5706613  -0.49301937 -1.07456538 -0.52229202
  -0.35802978  1.78149286 -0.5608119   0.51559126 -0.05921211 
  -1.08464265  0.18656713  0.01945152  0.12241169  0.77864132 -0.75021759
  -0.39588051  0.17582873  1.27482999 -0.56412511  0.66654034 -0.23416852
   0.51637534 -0.62778796 -0.33100356  0.58906877 -0.47582693 
   0.03970883 -1.51113757  1.14785974 -0.56224809 -1.97191461  0.47485006
   0.3204464   1.19381606  0.5609927   1.5438524  -1.65313145 -0.64998488
   0.30404585 -1.01995244  0.45129762  0.4269846   0.08105228 
  -0.9746074   0.6115493  -0.93739584  1.34604407 -0.64463131  1.83340783
  -0.04595926 -0.80647653 -0.4372799  -1.59144684 -0.61749849  0.30932229
   1.30724203  0.54798902 -0.16663982 -1.1604144   0.36731325 
   0.11505888  2.09080014  0.89773726  0.06949288 -0.47496704 -3.3562734
   0.80245427  2.42137732  1.19212689 -1.41506108  0.44806645 -0.8624156
  -0.74362479 -0.38151152  0.29051887 -0.03346935 -0.22891116 
  -2.27336     0.45967458  1.33753167 -0.58791626  1.10772162 -0.80410429
  -0.25491783 -0.4502124   1.5544566  -1.11546613  0.1222102  -1.55178532
   0.4165691   0.57856206 -0.90005824 -0.17419693  0.51567705 
  -0.54554427 -0.63110208  0.82274657 -1.08860726  1.77413579 -1.18836321
   0.18195829  1.70990778 -1.73251801 -0.76370475  0.86766773  0.36097809
   0.53995308 -0.64141167 -0.32207241 -0.3742828  -0.37121289 
  -1.46314527 -0.12210618 -1.19910682  1.79549117 -1.0294374   0.78973026
   0.0528906  -0.750954    1.45365258  1.56145829  1.21620051 -1.37718663
   0.6394179  -1.04674607  0.34955733 -0.16905191 -0.47506125 
   1.43148706  1.11986543 -1.34729209 -0.40662477 -2.44966632 -0.4391044
   0.84754522  0.11542448  0.94669843 -2.2621141   1.94792437 -0.18174609
  -0.10133388 -0.181469   -0.54145506 -0.11395964 -0.23539038 
   1.08098151 -0.21785746 -1.32241979 -0.44883504 -1.06163941 -0.50476876
   1.72611177 -2.56202315 -0.05475384 -0.53168228  0.72026686  1.14741294
  -0.08915291  0.97944503  0.79585329  0.23953689 -0.67157323 
  -0.75144841 -0.69277181  1.58890516 -0.14881449  1.16379192  1.09682389
  -1.8791442  -0.51917556  0.27696204 -0.60317187 -2.28399865  0.52198077
   1.30609027 -0.79074046  0.21329541  1.68338042 -0.13889579 
  -0.62925764  2.0937045   1.13262812  0.18875491 -0.54075257  1.82874931
  -0.44702788 -0.26571918 -0.928522   -0.83307316 -0.52010488 -0.39649793
  -0.81367436  0.5635     -0.060393    0.41496719 -0.36425845 
  -0.19009018 -1.38164421 -0.6118165   0.31160004  0.65004336  2.16381091
  -0.61500657  0.68641026  0.45588036 -1.47903659  0.96133307 -0.14401089
  -1.15477234  0.07472606  1.44721088 -1.03256315  0.20312475 
  -0.14479239  1.38467327  0.51605391 -0.46734492  0.39530317 -0.94072694
  -2.03673976 -1.44966869  0.24031251 -0.36436995  0.16729634  0.55672863
   0.57020092  0.38087342 -0.07194513  0.74702541  0.19592189 
  -1.28215911  0.06871656  2.33704241  1.17723715  0.79250869  0.27657351
  -1.10738098 -0.92959865 -0.30233015  0.57417329 -1.23419903 -1.04875212
  -1.15527477  0.90378605  0.81980449  0.59638721  0.24519653 
   1.18420983  0.87212675 -0.77873465 -0.28908216 -0.60034785 -0.10585158
  -0.79744452 -0.29844706  1.26414363  0.99772008 -1.50350214 -1.12976153
  -0.22832054 -1.14331478  1.86707937  0.2855223  -0.38803977      2.49927668e+00  -5.67387737e-01  -2.16636932e-01  -1.73576169e+00
   -2.88915057e-01   3.78739824e-01  -2.20500954e-01  -7.66206420e-01
    4.33679892e-01   1.11152493e+00   6.40427556e-01  -2.36948737e+00
   -8.74723822e-01   1.46791911e-01   3.34637829e-01  -1.51058973e+00
   -5.72062434e-01   4.01541012e-01  -2.22686092e-02   8.11853574e-01
   -3.94635859e-01   2.43436912e+00   4.68411194e-01   1.76946147e+00
   -2.39177034e+00  -1.11643545e+00   6.38363550e-01  -1.03626625e-01
   -3.51628550e-01  -2.28146000e-01   8.58251805e-01  -1.63414332e+00
   -2.87069227e-01 
    5.31360078e-01   2.00171820e-01  -3.51879723e-01   4.74496398e-01
    8.92378157e-01  -2.84449070e-01  -1.26376115e+00   1.01067528e+00
   -2.04769140e+00  -5.43088834e-01  -8.47478235e-01   4.09972425e-01
    1.72696200e+00   3.60399056e-01   1.91912541e+00   5.58501419e-01
   -1.59827848e-01  -5.87351331e-01   1.93488264e+00  -1.56668793e+00
   -1.74737963e+00   2.90061184e-01   8.91121920e-02   3.85117249e-01
   -1.64872436e+00   3.68347030e-02   9.52455648e-01  -3.04088366e+00
    1.22381793e+00  -1.39644130e+00   6.88106799e-02  -1.09009092e+00
    8.96398655e-02 
    8.76935026e-01   3.38916098e-01   2.36498858e+00   4.98236347e-01
   -1.84187114e+00  -5.83233879e-01  -1.06785846e+00  -9.00287151e-01
    1.46404357e+00   1.29598644e+00   2.38018763e-01  -4.17617120e-01
   -1.30345232e+00   4.48865394e-01  -5.82174941e-02  -1.09378031e+00
    2.33557543e+00  -3.50205195e-01  -1.12727109e+00   1.04775381e+00
   -1.39041526e+00  -1.78978432e+00  -7.46331894e-01   1.10853642e+00
    1.17578157e+00   1.35938777e+00  -1.76537836e+00  -8.37148630e-01
    1.52665404e+00  -5.47580508e-01  -2.68016644e+00   6.99126106e-01
   -3.64253964e-01 
   -8.25600090e-01   7.92514473e-01  -1.23100519e+00  -8.62827357e-01
    1.25969633e+00   1.16133839e+00   1.17903836e+00   2.72738253e-01
    1.79928219e-01  -8.45062070e-01   2.04655992e+00  -2.22475035e+00
    6.42943506e-01  -8.32464631e-01  -2.87080017e+00   3.27878003e-02
    3.53712551e+00  -3.76871544e-01   1.18418301e+00  -1.64267674e+00
   -1.18081994e+00   7.36563128e-01   8.31821538e-01  -2.39547169e+00
    1.23279861e-01   3.83108267e-01   4.44708257e-01  -1.39274197e-02
   -2.93999797e-01   3.27060429e-01  -1.70005309e+00  -1.28506342e-01
   -5.49135464e-02 
   -9.84845147e-01  -9.19832960e-01  -1.65084954e+00   2.69377853e-01
    3.21911848e-01  -1.13729637e-01   4.41326853e-01  -8.95324500e-01
   -4.79366901e-01  -2.40720502e+00   1.34610504e+00  -3.65800648e-01
   -4.25097977e-01  -2.28347457e+00   2.33298755e+00  -6.19722020e-01
    8.02452767e-02  -1.39156985e+00   2.59297395e+00   1.60498890e-01
    1.57251993e+00  -1.08335872e+00  -2.46365285e+00   1.96530117e+00
    1.68920706e+00   1.56812519e+00  -1.40870703e+00  -4.57938261e-01
   -1.18480874e+00  -6.31327201e-01  -8.31060206e-01   7.91326798e-01
   -1.44687455e-02 
    1.06896589e-01  -2.65020784e-02   6.06571366e-01   9.17010448e-01
    8.45361482e-01  -4.88089338e-01  -2.38094688e-01  -3.23359072e+00
    7.59928584e-01   4.87189919e-02   9.17509405e-02  -2.56678055e-01
   -4.57209021e-01   1.80528607e+00  -1.09829104e+00  -1.61065748e+00
   -7.15153432e-01   3.05784647e-01  -4.58328109e-01  -2.52338413e+00
    4.09412590e+00   5.56563648e-01   7.81977752e-01  -5.15315539e-02
   -2.60181206e-01   3.97187457e-01  -1.49286153e+00  -1.37699505e+00
   -2.91573883e+00   6.59877367e-01  -4.31368080e-01  -1.03934670e-01
    7.69383237e-02 
    4.57837121e-01  -3.04500166e-01   6.33917455e-01  -1.35450011e+00
   -5.96274441e-01  -9.89349455e-01   1.35409389e+00   8.04555841e-01
   -8.29096913e-02  -2.23877955e+00  -4.63761525e-01   1.65679275e+00
    3.19692333e+00  -1.22354182e+00  -8.79753002e-01  -3.47828107e+00
   -1.03085081e+00   1.30781056e-01  -5.76088221e-01   4.59301882e-01
   -8.16459487e-01  -9.12537243e-02  -4.84974186e-01  -4.43356525e-01
   -1.74630573e+00  -1.55701358e+00   9.97975931e-01   4.54107604e-01
   -2.01244444e-01   2.51555448e+00   2.54966985e-01   6.25819551e-01
   -2.86379210e-01 
    8.75805058e-02  -7.96785994e-01   1.84441486e+00  -5.48350029e-01
    1.14854048e+00   1.28071798e-02  -8.34317840e-01   3.51141812e-01
    2.32759463e-01   3.27858819e-01  -3.63141225e+00  -2.86981837e-01
   -4.17366672e-01  -7.04339901e-01  -4.48268670e-01   1.97603212e+00
   -1.75171087e+00  -6.17792791e-01  -2.16306165e+00   6.96023029e-02
   -2.40482713e+00  -5.76193733e-02  -2.41921265e+00   2.15425162e-01
   -2.48947587e-01   2.44406953e+00   7.00773006e-01   6.30134825e-01
   -1.59086832e+00   1.36512135e+00   6.20525630e-01  -3.61855441e-01
   -3.66081765e-01 
   -1.40730246e+00   1.83715441e+00   8.74005811e-01   8.36037506e-01
   -1.70192525e+00  -1.45311874e-01   9.89502943e-01  -1.96688994e+00
    1.56447030e+00   8.72673084e-02   2.27027664e-01  -1.25973442e+00
    9.54392468e-01  -1.31209153e+00   1.85556325e+00   1.46921105e+00
   -1.02531971e+00  -1.55934668e+00  -4.60701319e-01   4.70954897e-01
   -1.28081756e+00  -1.29669440e+00   1.82299029e+00  -1.65092093e+00
   -1.07407841e+00  -6.48939454e-01  -1.59748468e-02   8.22754781e-01
   -8.94946318e-01  -1.87075592e-01   1.09047302e+00  -1.43405820e+00
   -4.72610365e-01 
    6.62119827e-01  -5.01248845e-01  -4.59726037e-01  -9.52267838e-01
   -1.79791530e-01  -4.01953473e-03  -7.26188600e-01  -2.15928539e+00
   -1.99797356e+00  -1.79288718e+00  -1.61460881e+00   1.13889700e+00
   -1.71079873e+00  -1.34470996e+00   1.41602483e-02  -7.17312587e-02
    7.36963798e-01   7.17832049e-02  -1.83114806e+00   1.77601424e+00
    9.83844580e-01   1.08709936e+00   8.62275003e-01  -2.27673906e+00
    2.43434605e+00  -1.33711759e-01   1.11658288e+00  -6.83201751e-02
    1.79760168e+00   1.75562951e-01   1.33114024e-02  -1.29258457e+00
    6.43613115e-02 
   -6.27886216e-01  -1.77595913e+00   1.67493156e-01   6.08541380e-01
   -5.55678365e-01   6.55652728e-01  -8.41104354e-01  -2.11843607e+00
   -9.66498322e-01  -1.26191374e-01   8.97556170e-01   7.12507071e-01
   -2.48274116e+00   1.79014572e+00  -3.44269310e-01   1.81670623e-01
    8.70219842e-01  -9.87878797e-01   6.31297259e-01   1.29407578e+00
   -4.93971066e-01  -8.17867789e-01  -1.07399018e+00  -2.15383013e+00
   -1.74856515e+00  -1.50647549e+00   2.58934926e+00   6.10727970e-01
   -9.10330356e-01  -5.15314003e-01   1.09872029e+00   1.96763778e+00
   -1.81789805e-01 
   -1.40882887e+00   3.10008430e+00  -8.46641671e-01  -2.27457282e+00
   -1.71047166e+00  -7.11697530e-01  -8.99661981e-01   4.26827486e-01
    9.08857935e-01  -1.83996954e+00  -2.20469804e+00  -6.49688984e-02
   -9.17188154e-01   1.37409742e+00   3.38162528e-01   1.19967095e+00
   -7.24353715e-01  -4.11295113e-01  -7.75320927e-02  -5.58727446e-01
    7.73767437e-01   1.76732657e+00  -3.96248099e-01   6.83164416e-01
    9.46309089e-01  -1.86263215e+00  -1.06954110e+00   1.03839989e-01
    5.18542706e-01  -6.26835745e-01   8.12188718e-01   9.10542414e-01
   -3.58301983e-01 
   -4.85625983e-01  -5.52888327e-01  -2.29225729e+00  -1.68624698e+00
   -1.70826081e+00   6.78853365e-01   3.09830037e-01  -2.17990529e-01
   -2.89065019e-01   2.26249392e+00  -2.81213476e-02   1.76438928e+00
   -1.07284118e+00  -3.24810856e-03  -1.99060148e-01  -1.18250374e+00
   -4.53090033e-02  -9.08581179e-01  -1.61185872e-01  -1.02093399e+00
    6.12491615e-01  -3.97544869e-01  -7.01394552e-01  -6.41506681e-01
    1.07327802e-01  -3.69612871e-01  -1.35890597e+00   3.83283058e-01
    1.19774491e+00  -9.93667140e-01   1.47188553e+00  -3.90603576e-01
   -1.49746694e-01 
   -3.14291357e-01  -6.30399017e-01   5.81402193e-01   1.46867703e+00
   -1.86616110e+00   9.09765488e-01  -2.21844290e-01   5.91167885e-01
    7.89066247e-01  -5.58540682e-01  -8.72038574e-01   3.62134078e-02
   -1.47272096e+00  -4.37543527e-01  -2.06988297e+00   1.50785263e+00
   -2.25848616e+00   1.54072261e-01   7.08941052e-01  -6.03725393e-01
    5.19004416e-01  -6.24937856e-01   1.05198740e+00   1.84302880e-01
    3.46097274e-01  -1.77171388e+00   7.92066997e-01  -1.08420995e+00
    2.66580638e-01  -7.59547855e-01  -6.58793406e-01   5.52708841e-01
   -3.08903468e-01 
   -6.83374023e-01   1.37845387e+00   5.38955991e-02  -9.21093388e-01
   -9.48573898e-01  -1.96458227e-01   7.49705111e-01   9.53721658e-01
   -4.18375660e-01  -8.02274657e-02  -5.66696428e-01  -5.98205597e-01
    2.41303441e-01   3.29544046e-01   1.09401684e+00  -9.29930968e-01
    5.00613452e-01   1.37281761e-01  -7.27759305e-01   3.58324335e-01
   -3.09329932e-01   6.55413008e-01  -1.05090444e-01  -1.73354061e-01
    8.57778372e-01  -1.16119698e+00  -4.74343218e-01  -1.50975438e-01
   -1.06927980e+00  -1.13543739e-02  -1.31474948e+00  -1.82857300e+00
   -6.90694039e-01 
   -3.86674106e-01  -1.06147988e+00  -1.45799919e+00   8.91158952e-01
    8.60771671e-01   6.61684432e-01  -3.96163694e-01  -3.47990020e-01
    8.47897460e-01   8.89268244e-01  -1.47023551e-01   8.40413441e-02
   -4.42710744e-01   1.49430860e-01  -5.99100013e-01   2.01034485e-01
   -1.50092560e-01  -1.13174349e+00  -5.08759716e-01   1.11186462e+00
   -8.12328836e-01   2.65249971e-01   6.51003777e-03  -1.08765256e+00
   -4.99846853e-01  -1.13434884e+00  -1.02005760e+00  -2.13034989e-01
    7.21522681e-01  -4.20682157e-01  -5.68005371e-01  -3.36423750e-01
   -9.24394256e-02  