NN 16 32 16   -3.84301307e+00  -1.02115633e+00  -1.26788265e-01   5.38901618e-01
    2.31207887e+00  -8.55881540e-01  -2.00910823e+00  -2.18937174e+00
    3.41911652e+00  -1.28381890e+00  -2.49036076e-01   1.84920595e-01
    8.87614017e-01  -2.27621960e-01   2.41736814e-01  -5.84568292e-01
   -8.99429981e-01 
    5.82161030e-01  -4.10602266e-01  -2.96013646e-01  -1.41992138e-01
    1.19136907e+00  -3.90082811e-01   3.18931334e-01   4.70826743e-01
   -2.68538794e+00   8.35245927e-01   2.07286501e+00  -3.84422330e+00
    8.49153439e-01   8.04921899e-01  -2.07946945e+00   1.40049850e+00
    6.75968014e-01 
   -9.71910531e-01   7.25600491e-03  -2.66607955e+00   9.62316627e-01
    2.59854639e+00  -1.87021647e+00  -6.96990016e-01  -6.87733040e-01
   -1.03783681e+00   4.00114707e-01  -4.17932070e-01   2.04465168e-01
    1.42725266e+00  -7.76256615e-01  -2.89687494e-01   1.99584435e+00
    1.11964442e-01 
    1.57717056e+00  -7.00780536e-01  -1.36241015e+00   1.11844729e+00
    1.28923811e-01  -1.12878170e+00   7.78707940e-01  -4.21835362e-01
   -1.63610232e+00   8.32425138e-01  -1.53495689e+00   1.76076629e+00
    1.75222582e+00  -1.60281232e+00   1.22985756e+00  -1.92687778e+00
   -2.00696727e-01 
   -1.06033610e-01  -1.59327567e+00   1.42292195e+00  -1.20019416e+00
   -2.02149562e-01  -5.57480045e-01  -6.54730846e-02  -2.05441061e+00
    1.21444836e+00  -6.29958796e-01   1.68047977e-01   2.08702213e+00
    1.54154534e+00   2.19883865e+00  -1.61890474e-01  -1.48378949e+00
   -7.15711254e-01 
   -4.42301025e-01   1.10341676e+00   1.87221821e+00  -1.35622545e+00
    7.44577023e-01   1.21986742e+00   1.97285968e+00  -4.39094879e-01
   -2.76438688e-02  -2.22504111e-01  -1.96375847e+00   4.79986619e-01
   -8.54199534e-01  -1.47541960e+00  -5.03668421e-01  -1.21099422e-01
    1.90005182e-02 
    8.92658819e-01   1.53295878e+00   1.63822301e+00  -1.88989295e+00
    1.57384305e-02   1.67780856e-01  -1.92320639e+00   1.35227529e+00
   -4.69182243e-01   6.09100226e-01   9.97253802e-01   4.09161177e-01
   -9.98379586e-02  -4.61352313e-01  -1.40181674e+00   8.37386909e-01
   -6.68495301e-01 
    5.90269826e-01  -1.27795391e+00   1.22831879e+00  -3.88085588e-01
    5.18701803e-01   4.18274188e+00  -2.16873685e+00   6.94621085e-03
    2.43976333e+00   2.23215735e+00   2.18479203e-01  -4.05753424e-01
   -6.99713657e-01  -2.67531559e+00  -1.41888250e+00  -1.02555770e-01
   -6.80375512e-01 
    1.97364459e-01   2.76807286e+00  -6.94104553e-01  -1.04764466e+00
    7.40358751e-01  -1.19602291e+00  -1.02912666e+00  -1.30897371e-01
   -1.63721213e+00   2.46383630e+00   1.41882261e+00  -1.20889471e+00
    1.00808395e+00  -1.76995306e+00   1.52804129e+00  -1.51584030e+00
   -2.03202353e-02 
   -1.30839214e+00  -2.83087037e-02  -5.73378425e-01   1.25019783e+00
    1.75908551e+00  -8.85154255e-01   1.39564717e+00  -8.99863729e-01
   -1.05575101e+00   1.02270794e+00   6.66244609e-01   2.09476724e+00
   -2.71757775e+00   5.61235553e-01  -6.01747323e-01  -1.26440588e+00
    4.11134523e-01 
   -4.65968144e-01   3.97485586e-01   2.32628743e-02  -2.85165604e+00
   -2.18689076e+00  -1.39137692e+00   6.50138528e-02   4.13155692e+00
   -1.46229498e+00   4.15230580e-01  -4.96906666e-01   3.03285331e+00
   -1.09378730e+00  -4.28966550e-01  -9.36140856e-02  -2.52935941e-03
   -6.39279630e-01 
    2.97596966e+00  -8.43758526e-01   2.61199280e-01   1.93175994e+00
    1.45471395e+00  -5.85280390e-01  -1.40377286e+00   5.49475456e-01
    2.88049242e-01  -1.30733009e+00   4.20173622e-01  -4.37202967e-01
   -2.98658061e+00   4.43823216e-01   1.06051108e+00  -9.52092454e-01
   -2.14934174e-01 
   -3.46195420e-01  -2.14456710e+00   1.45020993e+00   7.12381188e-02
   -2.60744886e-01   3.63691510e-01  -3.49140864e+00  -7.47229524e-03
   -1.69975308e+00   1.15412449e+00   2.98892279e+00   1.38281703e-01
   -4.34437600e-01   1.31497918e+00  -5.87667994e-01  -6.79152375e-01
   -1.26112672e+00 
   -4.76668973e-01   2.18575123e-01  -4.80000684e-01   1.55863768e-01
    2.23908390e+00  -1.98839606e+00   1.04082890e+00   9.05529779e-01
    1.11745146e+00   1.59560050e+00  -2.27651959e+00  -1.76219473e+00
   -1.07581178e+00   4.00477760e-01  -4.29806198e-01  -1.12560293e-01
   -1.34774045e-01 
    1.61790941e+00  -1.82098059e+00   5.16123960e-01   3.02120620e+00
   -2.16180914e+00   6.60730635e-01   4.59750862e-01  -9.78024849e-01
   -1.59717359e+00  -1.15838043e-01  -5.53446751e-01  -2.12667948e-01
    8.11949733e-01   2.38927527e+00  -2.11407132e+00  -1.34741295e-01
    6.22298413e-01 
    1.47082297e+00  -1.05265847e+00  -2.70137122e-01  -1.87249228e-02
   -1.19745244e-01  -3.40958284e-01   3.15344042e+00  -3.03351509e+00
   -1.26859382e+00  -1.00539416e+00  -5.09870902e-01  -9.15256284e-01
    1.21520661e+00  -1.95149025e+00   8.74894063e-01   5.34423827e-01
    4.90714914e-01 
    1.52462517e+00   5.71834800e-01  -3.07164588e+00  -4.19755767e+00
    1.11739024e+00   1.67049550e-01   7.21821613e-01   1.62916666e+00
    6.31624077e-01   2.05627680e-01  -8.56598339e-01  -1.06918925e+00
   -3.06108595e-01   1.66218505e+00  -5.21840427e-01   1.15196862e+00
    2.73563651e-01 
   -1.48271401e+00   4.31552863e-01  -2.53480759e-01   2.47450499e-01
    6.47543026e-01  -1.63309670e+00   1.29498119e-01   2.41054518e-01
    1.48054834e+00  -9.42420243e-01   1.24423932e+00   1.64983831e-01
    8.53771828e-01  -1.06498736e+00  -7.12616557e-01   1.16789356e+00
   -7.02227459e-01 
   -9.05914163e-02  -2.47318180e+00   2.31635636e+00  -4.19483023e-03
   -2.34488513e+00   3.18506461e-01  -2.39060873e-01   1.49159005e+00
    1.12915426e-01   1.71745172e+00  -1.63087223e+00  -4.22717021e-01
    5.19054488e-01  -1.07989867e+00   6.65379174e-01   6.83080228e-01
    1.67616892e-01 
   -1.25081687e+00   5.02764863e-01  -7.93037791e-01   2.21773962e+00
   -8.65307829e-01   1.82145585e+00   1.18733764e+00  -1.50528699e+00
   -3.15732184e-01  -1.75319523e+00  -5.79225661e-01   5.72840919e-01
    1.79867648e+00   7.18035107e-02  -2.46607486e-01  -2.30373377e+00
    3.50773839e-01 
   -7.07254499e-02   2.52834356e+00   1.24100328e+00  -4.97927133e-01
   -1.64192624e-01  -4.81511554e+00   1.16371555e+00   3.45758105e+00
    1.35128558e+00  -2.29432624e+00   9.23443024e-01  -2.66546962e-01
   -4.51775392e-01  -7.94461277e-01   7.32916615e-01  -3.30867253e-01
   -2.98604337e-01 
   -2.68754718e+00   8.31614159e-01   1.89417865e+00  -5.54386968e-02
    1.57423923e+00  -9.22442797e-01  -1.35324726e+00  -3.94675152e-01
    2.38463590e+00  -1.14066529e+00   3.30834795e-01  -1.80298280e+00
    5.46729414e-01   4.64670202e-01  -1.18517153e+00  -4.55403565e-01
    6.29937776e-01 
   -4.09250363e-01  -8.36268466e-01   6.53986623e-01  -8.43591561e-01
    2.31076349e+00  -1.26472094e+00   2.65214178e-01   2.33801992e+00
   -2.64682367e+00  -6.37653548e-01   1.21024078e+00   7.69949147e-01
    3.55570859e-01  -9.05934908e-01  -5.73561618e-01  -1.21884208e+00
   -4.56291876e-01 
   -2.04584215e+00   2.41720627e-01  -1.37258567e+00   2.09621135e+00
   -9.96360543e-01   1.13839143e+00   8.14303689e-01  -6.93098013e-01
    9.34521937e-01   1.47583637e+00   1.61452671e+00  -1.80092730e+00
    8.20351901e-01  -1.31876631e+00   6.04840660e-01  -2.81593810e-01
   -6.17762319e-01 
    2.16145953e+00   1.65553892e+00  -2.02865125e+00  -9.24676584e-01
   -3.68312257e+00  -1.32322905e+00   9.03838439e-01   5.58331257e-01
    1.19620057e+00  -2.45119998e+00   2.05148357e+00  -1.56969781e-02
    8.21428226e-01  -2.32720478e-01  -6.47768628e-01   2.49354245e-01
   -3.12342310e-02 
    1.84259968e+00   2.58005227e-01  -1.87668953e+00  -1.15028176e-01
   -1.09662001e+00  -5.52783382e-01   2.82804287e+00  -2.92359112e+00
   -1.18012912e-01  -2.04692129e-01   2.46292317e-01   9.76700036e-01
   -1.91836148e-01   1.36160273e+00   8.44176722e-01   1.25526126e+00
   -4.84266380e-01 
   -6.09610288e-01  -4.94398101e-01   1.95830648e+00  -2.79330380e-01
    1.50248052e+00   2.05941410e+00  -3.36983969e+00   4.06814609e-01
    2.87635257e-01  -8.63318481e-01  -3.29791479e+00   2.18263778e-01
    1.99814598e+00  -1.46660835e+00  -1.06258401e-01   3.10301206e+00
   -2.76413349e-01 
   -6.98398361e-01   2.85248396e+00   1.18000818e+00   1.28808435e-01
   -1.32872555e+00   2.02604762e+00  -5.83484638e-01  -9.08762453e-02
   -9.25694887e-01  -2.21832273e+00  -1.86955260e-01  -7.01426442e-02
   -8.32926936e-01   5.76600621e-01  -8.50726501e-02   7.83894396e-01
   -5.43509582e-01 
   -1.12400162e-01  -1.03435073e+00  -1.24461161e+00   6.46504975e-02
    1.27102473e-02   2.65012123e+00  -7.82338306e-01   7.25321399e-01
    2.48451644e-01  -2.72029830e+00   1.18178469e+00  -2.90357701e-01
   -1.44939128e+00  -7.51045632e-03   3.15667695e+00  -1.52860973e+00
    6.49620229e-01 
   -1.66632575e-01   2.44097134e+00   1.84822505e-01  -9.25434233e-01
    8.55454107e-01  -1.61140424e+00  -2.48245287e+00  -1.42298510e+00
   -4.88889721e-01  -1.01259294e+00  -8.44963396e-02   9.09468076e-01
    7.42582494e-01   4.46029444e-01   1.47040272e-01   9.85823490e-01
   -1.13252306e-01 
   -1.24153268e+00   4.04894603e-01   2.77785096e+00   1.63277128e+00
    8.64753902e-01   3.15441345e-01  -2.01254387e+00  -1.30644623e+00
   -7.49885149e-01   7.33615724e-01  -2.11315949e+00  -1.49786584e+00
   -1.81572668e+00   1.56963184e+00   1.63195856e+00   1.10081651e+00
    1.98909454e-01 
    1.57003345e+00   9.36945590e-01  -9.90869097e-01  -2.50897399e-01
   -7.82692826e-01  -3.34413032e-01  -4.98769370e-01  -4.60433158e-01
    1.90810635e+00   1.67301601e+00  -2.28316577e+00  -1.95982332e+00
   -4.96034266e-01  -1.68166297e+00   2.51629737e+00   8.37160991e-01
   -5.01472987e-01      3.56671832e+00  -9.65572634e-01   3.56268952e-01  -2.00076235e+00
   -8.61057961e-01   1.39798483e+00  -6.67917904e-01  -9.78410896e-01
    5.32535699e-01   7.72002440e-01  -3.42465409e-02  -3.17740007e+00
   -8.00159811e-01   5.76755535e-01   9.80787431e-01  -1.59982055e+00
   -2.71489982e-02   7.52835680e-02   1.65713730e-01   7.48802378e-02
   -3.28876330e-01   1.81716258e+00   6.16568214e-01   2.21841851e+00
   -1.58683891e+00  -7.89987209e-01   3.42987202e-01  -2.32036464e-01
   -6.49978032e-02  -4.13172319e-01   1.82894867e-01  -1.28955415e+00
   -8.34563904e-02 
    6.85337223e-01   4.09083595e-01  -2.92444695e-01  -1.19973274e-01
    1.14485016e+00  -2.83418991e-01  -1.40597280e+00   8.55965616e-01
   -2.11957107e+00  -9.81008944e-02  -7.56461107e-01   5.13057733e-03
    1.19261499e+00  -1.39072040e-01   1.64253012e+00   1.06508010e-01
    5.12879707e-02  -9.57244709e-01   2.07848619e+00  -1.95366456e+00
   -1.37689807e+00   2.97297787e-01   5.20892795e-01  -1.57115117e-02
   -1.31259927e+00   8.40952670e-01   7.73887425e-01  -4.31441504e+00
    1.33915055e+00  -1.69979338e+00   1.67087428e-01  -1.24579535e+00
    3.00570426e-01 
    5.99791935e-01   3.36615199e-02   2.74941100e+00   1.09986194e+00
   -1.92345621e+00  -1.89758653e+00  -1.04339864e+00  -9.03674049e-01
    1.35962022e+00   1.03045266e+00   3.81150060e-01   6.70272366e-01
   -2.14239295e+00   4.69524479e-02  -4.03189054e-01  -1.16616349e+00
    2.22975703e+00  -4.62506340e-02  -1.37467291e+00   1.29811552e+00
   -1.27052775e+00  -2.53410123e+00  -1.12542043e+00   1.21323031e+00
    1.22857887e+00   7.39914524e-01  -2.42326042e+00  -5.49706777e-01
    2.16059554e+00  -2.69828252e-01  -2.27435710e+00   9.72118910e-01
   -3.54523984e-01 
   -1.43512352e+00   3.12823998e-01  -1.42038444e+00  -1.07438133e+00
    1.74765169e+00   1.18041024e+00   1.27430151e+00   3.16526451e-01
    5.54526801e-01  -9.64589047e-01   2.71317014e+00  -2.01364137e+00
    4.15115153e-01  -9.78459127e-01  -3.29391590e+00   1.63130088e-01
    3.79097086e+00  -1.63478900e-01   3.98953244e-02  -2.27485672e+00
   -1.06314545e+00   5.93172867e-01   8.56945868e-01  -2.97361335e+00
    4.60453745e-01   4.88721196e-01  -4.44859574e-02   9.48949354e-02
   -2.42259327e-01   2.30359216e-01  -1.78125283e+00  -6.37604190e-01
   -2.07650560e-01 
   -1.98289538e+00  -1.20564011e+00  -2.25053559e+00  -5.42404876e-01
    1.19920221e-01  -4.90565907e-01  -1.63630270e-02  -1.27025895e+00
   -2.06112057e-01  -2.86071475e+00   1.46295457e+00  -5.58892419e-01
   -9.97430334e-02  -2.43400604e+00   2.75734298e+00  -1.78244756e+00
   -1.98841696e-01  -1.53478370e+00   2.51659543e+00  -3.14354192e-01
    1.20128292e+00  -1.25846650e+00  -3.22410687e+00   2.01454474e+00
    2.04310518e+00   1.26412992e+00  -1.56856829e+00  -1.82085792e-01
   -4.00373853e-01  -2.14479346e-01  -1.26354404e+00   1.71750751e+00
   -2.47813843e-01 
   -1.43670813e+00  -1.83189057e-01   6.84238696e-01   3.55735561e-01
    1.08437698e+00  -6.83187482e-01  -4.09744364e-01  -3.56389732e+00
    1.13571069e+00   1.05436659e-01  -1.69154412e-01   3.46112900e-01
   -9.57780303e-01   1.94697596e+00  -8.69643282e-01  -2.00058135e+00
   -1.39628441e+00   7.08945621e-01  -1.03761206e-01  -2.51138589e+00
    4.52674908e+00   4.72006450e-01  -1.15535454e-03   3.00672918e-02
    2.97135155e-01   5.88298442e-01  -1.48596522e+00  -1.66032258e+00
   -3.73515513e+00   6.81289261e-01  -2.33777148e-01   3.57440977e-01
    2.12252348e-02 
    7.65928966e-01  -1.34168070e+00  -4.97986168e-02  -1.10111384e+00
   -1.26570111e-02  -2.28762529e+00   1.17689850e+00   8.95089308e-01
    5.31780360e-01  -2.16822993e+00  -6.16485549e-01   2.52680711e+00
    2.94435690e+00  -1.72724664e+00  -1.08616750e+00  -3.92288955e+00
   -1.05386183e+00   3.07344926e-02  -1.99765015e-01  -4.82931417e-01
   -8.35422630e-01  -1.78903992e-01  -3.48881563e-01  -6.19578574e-01
   -1.22099911e+00  -1.77154808e+00   1.09238856e+00   4.08958931e-01
    4.38681845e-01   2.89035620e+00   6.94930467e-01   3.14348583e-01
   -3.81516384e-01 
    1.34691154e-01  -7.14635333e-01   2.10739747e+00  -6.62640014e-01
    1.63087299e+00  -9.89324906e-02  -9.83744409e-01  -2.03329223e-01
   -2.65452974e-01   4.26689731e-01  -4.36217171e+00   1.79669267e-01
    9.64951851e-03  -1.80972252e+00  -5.20320040e-01   2.27305350e+00
   -2.24918015e+00  -4.55793664e-01  -2.32737305e+00  -3.78797006e-01
   -2.39003579e+00  -1.03732328e-01  -2.97151595e+00   2.42698712e-01
   -3.82750538e-01   3.44163569e+00   4.53803611e-01   5.76030118e-01
   -1.49492402e+00   7.16283380e-01   1.12078622e+00   4.95053618e-03
   -9.89584660e-01 
   -2.03544731e+00   2.33548563e+00   1.18120473e+00   1.35475907e+00
   -2.05519418e+00  -2.41398364e-01   1.22258586e+00  -2.32003442e+00
    2.27509184e+00   3.54424307e-01   7.09184889e-01  -1.59696348e+00
    1.09949909e+00  -1.64133605e+00   1.86782405e+00   1.22771304e+00
   -8.50435713e-01  -2.34553696e+00  -3.68729314e-01   5.19386507e-01
   -1.50372661e+00  -1.69962065e+00   2.15968412e+00  -1.30820150e+00
   -2.00105290e+00  -4.78128184e-01  -9.07234657e-03   4.64589718e-01
   -1.42055159e+00  -7.57449721e-02   1.55525794e+00  -1.84644818e+00
   -5.86656201e-01 
    1.07503445e+00  -9.52753036e-01  -8.47853530e-01  -1.37672960e+00
   -1.08203801e-01   1.47775298e-01  -9.69404540e-01  -2.51726534e+00
   -2.46547909e+00  -2.66720399e+00  -1.83795601e+00   1.75043151e+00
   -2.50118320e+00  -1.42030757e+00   1.88991012e-01   2.00458984e-01
    5.52247312e-01  -3.93992479e-02  -2.20661346e+00   1.72920511e+00
    1.26789260e+00   1.23999089e+00   5.20285552e-01  -2.52041009e+00
    2.71705047e+00  -7.89502672e-01   2.04714731e+00   4.00691644e-01
    2.43532088e+00   4.00035609e-01  -4.16491871e-02  -1.82524314e+00
   -3.78796218e-01 
   -1.53582946e-01  -2.83393983e+00   3.76097600e-01   9.20090721e-01
   -5.82385837e-01   1.25134280e+00  -1.15186989e+00  -2.26299905e+00
   -1.74117989e+00  -1.07437816e-01   1.15998247e+00   1.22444906e-01
   -2.65439248e+00   1.84677753e+00  -3.39632516e-01   2.64386283e-01
    5.18246883e-01  -1.26675730e+00   1.01130846e+00   1.62598578e+00
   -7.34591544e-01  -1.32847168e+00  -1.39574240e+00  -2.77525834e+00
   -1.64179562e+00  -1.57575216e+00   3.43817325e+00   9.99209187e-01
   -1.15843125e+00  -3.77456292e-01   1.52816429e+00   2.53951556e+00
   -4.76250733e-01 
   -1.18983206e+00   4.39300308e+00  -1.30103019e+00  -2.57288476e+00
   -2.09037670e+00  -1.13086192e+00  -1.13003494e+00  -5.72948920e-03
    1.10996744e+00  -2.32615776e+00  -2.65388309e+00   3.14608123e-01
   -6.99095595e-01   1.38797925e+00  -1.86962619e-01   1.64184034e+00
   -6.89178316e-01  -5.48619489e-01  -2.57931540e-02  -9.02975525e-01
    8.00611099e-01   1.89812420e+00  -6.23022421e-01   9.44445056e-01
    5.67909703e-01  -1.64144098e+00  -1.43395826e+00   9.19659763e-03
    1.05497961e+00  -8.47094606e-01   1.68380905e+00   1.22842914e+00
   -5.97590392e-01 
   -4.37503040e-01  -9.34011830e-01  -2.54219620e+00  -2.07183005e+00
   -2.07143103e+00   9.40403131e-01  -1.84557854e-02  -1.85551610e-01
   -6.73386783e-01   3.42763230e+00   3.89225336e-02   2.17288154e+00
   -1.01179492e+00   3.06337697e-01  -4.95445392e-01  -1.29786032e+00
   -6.91236930e-02  -1.12090198e+00  -4.32430061e-01  -1.45165366e+00
    3.39280317e-01  -3.74773262e-01  -8.87489355e-01  -7.29041443e-01
   -4.91407031e-02  -1.79582422e-01  -1.85030559e+00   4.69171366e-01
    1.56405571e+00  -1.23517314e+00   2.00056150e+00  -4.47184165e-01
   -2.24819927e-01 
   -2.61086070e-01  -7.92657690e-01   5.46372338e-01   1.93827447e+00
   -2.30231785e+00   1.26706430e+00  -2.24641024e-01   1.04394357e+00
    9.52978547e-01  -7.32957617e-01  -9.05917056e-01   7.35459610e-02
   -1.68331850e+00  -7.27986408e-01  -2.61183055e+00   2.07468299e+00
   -2.98883997e+00   4.22736863e-01   1.01291132e+00  -8.37724052e-01
    7.96411443e-01  -5.92544842e-01   1.41662677e+00   3.67366940e-01
    2.78337334e-01  -2.06736441e+00   9.33321921e-01  -1.33103118e+00
    3.26434524e-02  -1.09546637e+00  -8.76637803e-01   7.15472550e-01
   -5.10277999e-01 
   -5.92434244e-01   2.15289677e+00   3.43235075e-01  -1.06104418e+00
   -9.36776024e-01  -1.98822929e-01   9.52780159e-01   1.51449263e+00
   -1.03356018e+00   2.36471069e-01  -9.52919281e-01  -6.42752613e-01
    2.24902512e-01   4.15202358e-01   1.95427647e+00  -1.13851581e+00
    5.10041911e-01   3.07772870e-01  -1.28771652e+00   4.33814899e-01
   -6.74417291e-01   9.89037791e-01  -3.22604333e-01  -3.14373406e-01
    1.00140454e+00  -1.20918141e+00  -4.22810040e-01  -3.86465901e-01
   -2.46173925e+00  -1.45315463e-01  -1.84991133e+00  -2.85916528e+00
   -8.85792432e-01 
   -1.79320998e-01  -1.73794593e+00  -2.34012307e+00   1.89890591e+00
    1.36032208e+00   9.13202330e-01  -4.34926149e-01  -4.79356465e-01
    1.96526113e+00   1.25073476e+00   1.59758549e-01   4.30626181e-01
   -1.25078148e-01   2.52369378e-01  -1.05871530e+00  -5.13427667e-01
   -2.36813721e-01  -1.80641502e+00  -9.24195363e-01   1.64583117e+00
   -4.91595538e-01   7.63882107e-01   3.60016928e-01  -1.50273219e+00
   -5.28207413e-01  -1.53133245e+00  -1.61673012e+00  -5.77708296e-01
    1.11158628e+00  -4.89779125e-01  -8.69185533e-01  -6.28008457e-01
   -1.93276778e-01  