NN 16 32 16   -4.25430747e+00  -1.30676458e+00   5.08906412e-02   6.90429690e-01
    2.79607497e+00  -9.25097805e-01  -2.17602353e+00  -2.46806462e+00
    3.73123409e+00  -1.14318220e+00  -2.99091918e-01   1.00285200e-01
    8.99987298e-01  -1.47682921e-01   3.24944310e-01  -6.61905663e-01
   -9.27559995e-01 
    5.95353900e-01  -5.12520560e-01  -1.65205856e-01   1.78450345e-01
    8.51573107e-01  -1.44965411e-01   1.65737509e-01   6.51428829e-01
   -2.92270407e+00   7.94642440e-01   2.31619990e+00  -4.56049355e+00
    9.85388770e-01   7.17365161e-01  -2.40259723e+00   1.49785672e+00
    7.57676001e-01 
   -1.45412444e+00   1.04514799e-01  -2.45158749e+00   9.67084145e-01
    3.12220312e+00  -1.92859458e+00  -8.54913881e-01  -9.03837403e-01
   -8.93428788e-01   7.31478858e-01  -6.48278474e-01   2.73381959e-01
    1.47755574e+00  -6.01929796e-01  -2.54677818e-01   2.32529971e+00
    2.28359920e-01 
    1.71894256e+00  -4.82142510e-01  -1.47879216e+00   1.14351993e+00
    3.02980301e-01  -1.17981219e+00   7.52009411e-01  -4.97402168e-01
   -1.70530526e+00   9.18107313e-01  -1.72651401e+00   1.81024478e+00
    1.78761232e+00  -1.81619798e+00   1.31526515e+00  -2.13418611e+00
   -1.69978330e-01 
   -5.56541236e-02  -1.82252691e+00   1.73272679e+00  -1.38868835e+00
    1.00474842e-01  -7.04101036e-01  -2.09870440e-01  -2.20768279e+00
    1.23807369e+00  -6.74376764e-01   1.67426072e-02   2.20168226e+00
    1.54313004e+00   2.35608604e+00  -2.26495511e-01  -1.54928942e+00
   -7.22217709e-01 
   -3.87575701e-01   1.24100471e+00   2.14705352e+00  -1.35949825e+00
    7.79915950e-01   1.17262139e+00   2.32467720e+00  -5.88042376e-01
    1.96077910e-02  -2.44879446e-01  -2.45552781e+00   3.95286557e-01
   -8.93635063e-01  -1.48778024e+00  -4.46100036e-01   2.16258288e-02
    1.60022774e-01 
    1.34071956e+00   1.51466055e+00   1.64395502e+00  -2.11299863e+00
   -7.95193175e-02   4.26603588e-01  -2.33626579e+00   1.68265014e+00
   -5.61375304e-01   6.90306114e-01   8.60130132e-01  -1.42079994e-02
   -6.50258886e-02  -4.30323705e-01  -1.48914078e+00   8.29286652e-01
   -7.78766459e-01 
    9.21431197e-01  -1.59187321e+00   1.26555259e+00  -3.06976154e-01
    5.86038381e-01   4.57098970e+00  -2.56059290e+00   7.22869664e-02
    2.84231683e+00   2.57259187e+00   3.34774575e-01  -2.30037012e-01
   -5.74301418e-01  -3.02460355e+00  -1.50624510e+00  -1.32762929e-01
   -6.76321449e-01 
    1.89940744e-01   2.95829518e+00  -5.67063168e-01  -1.18344508e+00
    7.78132162e-01  -1.24189680e+00  -1.43715725e+00  -2.01537175e-01
   -1.73600109e+00   2.53729719e+00   1.55690966e+00  -1.37232869e+00
    1.21204907e+00  -1.94362545e+00   1.63114419e+00  -1.82690470e+00
   -9.30459523e-02 
   -1.24134797e+00  -4.64839742e-01  -8.54106313e-01   1.25967992e+00
    1.83768001e+00  -5.75151860e-01   1.24304472e+00  -8.21689435e-01
   -1.11019716e+00   6.82790337e-01   1.13469772e+00   2.35329782e+00
   -3.28638405e+00   3.79624393e-01  -8.78163077e-01  -1.40607112e+00
    4.52679256e-01 
   -9.51623037e-01   5.28256968e-01   3.01054385e-01  -2.80572661e+00
   -2.77818417e+00  -1.31979780e+00   4.01393396e-01   4.84535364e+00
   -1.52727222e+00   7.06397065e-01  -3.70413777e-01   3.24927397e+00
   -1.19982191e+00  -3.50800526e-01  -2.75467701e-02   1.56239552e-01
   -5.35640628e-01 
    3.47923714e+00  -7.49795927e-01   2.01455753e-01   2.07277121e+00
    1.70144984e+00  -8.82533145e-01  -1.16279611e+00   7.14302775e-01
    2.89606844e-01  -1.35928266e+00   7.26986448e-01  -5.90445181e-01
   -3.08483275e+00   5.81071730e-01   1.18504091e+00  -1.25775264e+00
   -3.69987537e-01 
   -2.92332369e-01  -2.78273844e+00   1.64124404e+00   1.62384332e-01
   -1.00086416e-01   3.75494379e-01  -3.67762180e+00  -6.59940743e-01
   -1.78376697e+00   1.19999897e+00   3.34022392e+00  -1.18802332e-02
   -5.11192083e-01   1.31122843e+00  -5.70073529e-01  -8.44275202e-01
   -1.39737445e+00 
   -6.64395186e-01   5.49238973e-01  -5.15607482e-01   2.59167883e-04
    2.65806290e+00  -2.23796029e+00   1.18791868e+00   1.01322949e+00
    1.09969266e+00   1.46088282e+00  -2.33002414e+00  -1.72784753e+00
   -1.37953699e+00   1.33807549e-01  -4.27868815e-01  -1.55374263e-01
   -1.76142366e-01 
    2.11212915e+00  -1.91079193e+00   8.78288664e-01   3.24584300e+00
   -2.42681854e+00   6.97022329e-01   4.23835953e-01  -1.03954251e+00
   -1.49186390e+00  -9.78592158e-02  -5.23081594e-01  -2.83149829e-01
    6.98000881e-01   2.47421735e+00  -2.34814357e+00  -2.08871647e-01
    5.91362956e-01 
    1.72216558e+00  -1.12880372e+00  -4.87756248e-01   7.40062508e-02
   -1.14384528e-01  -3.29901814e-01   3.20882193e+00  -3.08537305e+00
   -1.18515077e+00  -1.03387883e+00  -6.93216508e-01  -9.60690262e-01
    1.24074406e+00  -2.13521429e+00   1.01341382e+00   8.02288005e-01
    6.03405487e-01 
    1.62434815e+00   6.86548154e-01  -3.00111765e+00  -4.83952201e+00
    1.29172687e+00   3.41683952e-01   6.11727469e-01   1.60875056e+00
    7.23161810e-01   6.11754545e-01  -7.14238161e-01  -1.21513085e+00
   -3.40976806e-01   1.67225583e+00  -5.05343886e-01   1.38381839e+00
    3.85317466e-01 
   -1.72249460e+00   6.30463031e-01  -3.33148609e-01   3.97710503e-01
    5.89469250e-01  -2.23131252e+00   5.13471634e-01   1.65681553e-01
    1.58192013e+00  -8.64131839e-01   1.48074348e+00   3.41139676e-01
    8.26825411e-01  -1.26830332e+00  -8.63046247e-01   1.31898314e+00
   -8.19040529e-01 
   -6.35555625e-02  -2.63469265e+00   2.30575644e+00   4.68094596e-02
   -2.55843649e+00   2.40516232e-01  -4.05031020e-01   1.67704648e+00
   -8.53361368e-02   1.56156943e+00  -1.66204284e+00  -3.41083472e-01
    4.43910976e-01  -1.09130196e+00   6.13481179e-01   6.40387600e-01
    7.39063450e-02 
   -1.39137055e+00   5.97397844e-01  -8.81402721e-01   2.39693425e+00
   -9.10912514e-01   1.91552684e+00   1.57923253e+00  -1.80262528e+00
    1.10950269e-01  -1.85869765e+00  -4.47792530e-01   6.01943216e-01
    1.78062271e+00  -4.28929584e-01  -3.28137128e-01  -2.61897651e+00
    3.52116138e-01 
   -3.26752702e-01   3.05516719e+00   1.51805786e+00  -8.29750709e-01
   -2.40111397e-01  -5.04944904e+00   1.42553456e+00   3.71034746e+00
    1.45272625e+00  -2.51231894e+00   9.20838463e-01   2.56359134e-01
   -2.81301416e-01  -8.59245709e-01   9.79748716e-01  -3.34486694e-01
   -1.97571343e-01 
   -2.98518989e+00   8.99509066e-01   2.10010808e+00  -1.84223128e-01
    1.73732995e+00  -1.06993138e+00  -1.81667328e+00  -9.56088867e-02
    2.55780334e+00  -9.76528934e-01   3.13532223e-01  -1.87298557e+00
    3.37426437e-01   4.10709624e-01  -1.33745686e+00  -5.91909744e-01
    5.96958077e-01 
   -7.06815866e-02  -9.55591271e-01   5.44225320e-01  -6.25429172e-01
    2.51157499e+00  -1.14647775e+00   1.23599445e-01   2.65559786e+00
   -2.73744057e+00  -1.00504863e+00   1.42360675e+00   9.16110468e-01
    2.75393043e-01  -9.61831194e-01  -5.81586429e-01  -1.50154572e+00
   -4.65246716e-01 
   -2.06072066e+00   1.95206207e-01  -1.58744002e+00   2.19451051e+00
   -9.04502392e-01   1.03491595e+00   9.44104760e-01  -8.04493809e-01
    1.19448714e+00   1.44544395e+00   2.04133431e+00  -1.51621773e+00
    8.23940608e-01  -1.49931969e+00   6.57147346e-01  -3.68111968e-01
   -6.36792809e-01 
    2.37371327e+00   1.81685902e+00  -2.31372536e+00  -1.50734835e+00
   -3.82418926e+00  -1.70882963e+00   8.72860411e-01   6.62666804e-01
    1.44128843e+00  -2.45550398e+00   1.81721785e+00   8.95215085e-02
    9.38364284e-01  -3.75618858e-01  -7.63060451e-01   2.61890759e-01
   -7.35684812e-02 
    2.09730536e+00   4.66348078e-01  -2.20686325e+00   1.74875497e-01
   -1.18932027e+00  -4.93294643e-01   3.10169905e+00  -3.32058965e+00
   -1.68262177e-01  -3.01518998e-01   2.75019675e-01   8.65037445e-01
   -1.39662280e-01   1.36050851e+00   8.13360604e-01   1.53350730e+00
   -3.98706263e-01 
   -6.70146177e-01  -1.32093838e-01   2.18772039e+00  -3.28789321e-01
    1.87598454e+00   1.90949545e+00  -3.66804916e+00   3.65880443e-01
    3.03353010e-01  -1.05225220e+00  -3.71136001e+00  -1.39372570e-01
    2.22114826e+00  -1.59346414e+00  -2.52024038e-01   3.43747204e+00
   -3.63431703e-01 
   -6.16812737e-01   3.23757012e+00   1.14098706e+00   4.61110550e-02
   -1.38428536e+00   1.71938383e+00  -7.80435749e-01   1.17323909e-01
   -8.82276331e-01  -2.58178871e+00  -1.26328675e-01   1.33137256e-01
   -9.33479439e-01   7.29123542e-01  -1.78358378e-01   7.86129592e-01
   -7.03491434e-01 
   -7.28045792e-02  -9.25771727e-01  -1.36440630e+00  -7.05325289e-02
   -2.79588816e-01   2.84148240e+00  -5.15545374e-01   8.30242482e-01
    2.99423514e-01  -3.14527735e+00   1.06597217e+00  -2.27309478e-01
   -1.64701317e+00   4.00254415e-02   3.49866374e+00  -1.66119216e+00
    7.75748823e-01 
   -1.10585205e-01   2.89496869e+00   6.16056821e-03  -1.08089899e+00
    1.01750687e+00  -1.88501821e+00  -2.68438226e+00  -1.20824586e+00
   -6.44752294e-01  -9.89514640e-01  -2.98325953e-01   6.89841965e-01
    8.38222278e-01   5.23468710e-01   2.08973723e-01   9.25279093e-01
   -2.55238172e-01 
   -6.94319837e-01  -8.31325799e-02   3.37082698e+00   1.92145653e+00
    8.07625240e-01   5.40508285e-01  -2.49681179e+00  -1.65183660e+00
   -7.80435821e-01   5.88917075e-01  -2.24113447e+00  -1.61569647e+00
   -1.94063266e+00   1.97553744e+00   1.97574929e+00   1.27759799e+00
    2.36540177e-01 
    1.76644016e+00   8.92377031e-01  -1.31823144e+00  -3.40477577e-01
   -8.75315225e-01  -2.07978716e-01  -5.02839818e-01  -5.48676692e-01
    1.91394488e+00   1.79198575e+00  -2.57378627e+00  -2.18534462e+00
   -5.52758947e-01  -1.91115238e+00   2.56818426e+00   9.37962103e-01
   -5.74281856e-01      3.90334947e+00  -1.13256216e+00   6.27330794e-01  -1.98933033e+00
   -9.77190086e-01   1.56590717e+00  -8.83726862e-01  -1.23532196e+00
    4.31408789e-01   5.83177976e-01  -3.35527829e-01  -3.35636908e+00
   -9.05217338e-01   6.92195678e-01   9.68047415e-01  -1.30013929e+00
   -8.69599348e-02   1.54147041e-02   4.82992253e-02  -1.67021552e-01
   -2.55801920e-01   1.70064358e+00   8.09295201e-01   2.05338120e+00
   -1.20930878e+00  -9.71541605e-01   1.96033654e-01  -2.21781978e-01
    3.07531387e-03  -1.81724128e-01   3.71392111e-02  -9.98947846e-01
   -2.50789900e-02 
    5.37412349e-01   3.84887238e-01  -3.44730314e-01  -3.55037245e-01
    1.31462117e+00  -4.04956596e-01  -1.16934144e+00   9.05819760e-01
   -2.05866599e+00  -1.16006496e-01  -9.33331240e-01   1.85412086e-01
    1.16672772e+00  -1.83684489e-02   1.36768848e+00   4.11540539e-02
   -2.51516173e-01  -1.18882351e+00   1.83282317e+00  -2.06033461e+00
   -1.38680237e+00   3.34830024e-01   5.88872635e-01   1.23452401e-01
   -1.41677901e+00   8.44109005e-01   4.86734087e-01  -4.65882140e+00
    1.44730901e+00  -1.73926291e+00   2.10018283e-01  -1.18930352e+00
    5.11779335e-01 
    5.39590194e-01  -2.67350335e-01   2.82746968e+00   1.29162414e+00
   -1.67290142e+00  -2.19971353e+00  -1.27681128e+00  -9.31838265e-01
    1.21423381e+00   1.16271900e+00   3.58988728e-01   6.85675543e-01
   -1.76732946e+00   2.17979660e-01  -6.04219398e-01  -1.22506340e+00
    2.18217145e+00   1.82017375e-01  -1.45794023e+00   1.51115884e+00
   -1.11309939e+00  -2.50849248e+00  -8.20173968e-01   1.21588715e+00
    1.35505418e+00   6.14431128e-01  -2.52244353e+00  -4.82803265e-01
    2.21354604e+00   1.08116869e-01  -2.12071123e+00   1.00372861e+00
   -1.89199675e-01 
   -1.62236816e+00   1.03889654e-01  -1.67480290e+00  -1.01748277e+00
    1.98207476e+00   1.23768675e+00   1.12081512e+00   1.19911988e-01
    4.52715184e-01  -9.95805083e-01   3.01889449e+00  -1.89340839e+00
    5.83467095e-02  -6.15719414e-01  -3.23102939e+00   1.88635768e-01
    3.88600817e+00  -2.01437913e-01   7.18545619e-02  -2.24958971e+00
   -1.05014667e+00   3.75797235e-01   7.03094578e-01  -2.79450123e+00
    6.37387076e-01   5.25267081e-01   6.55670650e-02   1.18630711e-01
   -2.35558241e-01   2.12252045e-01  -1.82218981e+00  -4.96850729e-01
   -2.25350928e-01 
   -2.09046678e+00  -1.30404483e+00  -2.39337438e+00  -5.82185215e-01
   -1.49495423e-01  -3.27223595e-01  -2.86418142e-01  -1.33453762e+00
   -4.07219208e-01  -3.14523291e+00   1.61478701e+00  -7.07001661e-01
   -2.02305732e-01  -2.73895959e+00   3.11632925e+00  -1.77153802e+00
   -5.66348032e-02  -1.77043796e+00   2.44059070e+00  -4.16363816e-01
    1.18863424e+00  -1.18901910e+00  -3.60158073e+00   2.16597059e+00
    1.69320465e+00   1.26568597e+00  -1.61636320e+00   5.10517189e-03
    7.37792949e-02   1.97894197e-02  -9.75888411e-01   1.89210424e+00
   -2.15749262e-01 
   -1.89937442e+00  -1.85660017e-01   5.99847443e-01   2.13791042e-01
    1.27870387e+00  -6.52883179e-01  -4.68597007e-01  -3.52623827e+00
    1.28433451e+00   2.03658279e-01  -3.35887644e-01   6.07023868e-01
   -8.86475181e-01   1.98300938e+00  -6.52743685e-01  -2.17288202e+00
   -1.33499845e+00   8.45075218e-01  -3.10816429e-01  -2.50110769e+00
    4.17222568e+00   5.86818603e-01  -2.68439475e-01  -1.11115021e-01
    6.55930914e-01   6.58549839e-01  -1.21609959e+00  -1.85547097e+00
   -3.91985136e+00   8.32662419e-01  -1.83073796e-01   3.01155813e-01
    9.37094945e-02 
    7.12053336e-01  -1.45617256e+00   3.64843662e-02  -7.33341703e-01
   -2.28788985e-01  -2.98763242e+00   9.73710494e-01   1.20367376e+00
    6.69608509e-01  -2.03151420e+00  -6.04892322e-01   2.87296162e+00
    3.02258165e+00  -1.50878087e+00  -9.22060684e-01  -4.02943619e+00
   -7.25495314e-01   7.86177426e-02   1.57802583e-01  -7.77082885e-01
   -8.76106660e-01  -2.07370619e-02  -3.32275636e-01  -7.40563525e-01
   -1.24566301e+00  -2.12029533e+00   9.35252664e-01   4.80351079e-01
    4.29569207e-01   2.63337869e+00   1.20987756e+00   1.48448646e-01
   -4.03561767e-01 
    3.18427352e-02  -5.60377072e-01   2.19472258e+00  -6.47136223e-01
    2.02568353e+00   3.57565264e-02  -8.84417708e-01  -3.20888612e-01
   -1.74832171e-01   5.50736304e-01  -4.47116661e+00   1.97333274e-01
    4.47660918e-01  -2.01177143e+00  -5.02830664e-01   2.39360163e+00
   -2.58005260e+00  -4.43401971e-01  -2.14353092e+00  -2.46421250e-01
   -2.65168403e+00   6.66239731e-02  -3.01431992e+00   1.41065038e-01
   -2.41411744e-01   3.47808963e+00   2.92513520e-01   7.67103507e-01
   -1.47943219e+00   8.14217922e-01   1.27847014e+00  -2.81809743e-01
   -1.28391373e+00 
   -2.12915188e+00   2.54744801e+00   1.31695336e+00   1.61447404e+00
   -2.06228104e+00  -2.68988452e-01   1.30730110e+00  -2.42084121e+00
    2.50474672e+00   4.15270436e-01   8.04114330e-01  -1.68923086e+00
    1.11024001e+00  -1.81344783e+00   1.73820139e+00   1.09277919e+00
   -6.53101329e-01  -2.61221858e+00  -4.26563199e-01   4.65449516e-01
   -1.52589853e+00  -1.75533284e+00   2.41670662e+00  -1.26776907e+00
   -2.15675411e+00  -4.16563064e-01   3.34469158e-02   2.30841785e-01
   -1.49233225e+00   1.13474849e-01   1.49638156e+00  -2.08794757e+00
   -6.09398462e-01 
    1.25871477e+00  -1.08461434e+00  -9.68887735e-01  -1.59787341e+00
   -9.31131328e-02   1.59477066e-01  -1.17118831e+00  -2.64801665e+00
   -2.72773427e+00  -2.67397518e+00  -1.88318113e+00   2.13354336e+00
   -2.73213356e+00  -1.48556737e+00   4.20689715e-01   4.32224023e-01
    5.81593485e-01  -7.68147117e-02  -2.33055021e+00   1.65848825e+00
    1.42603215e+00   1.20727669e+00   5.02665431e-01  -2.50683261e+00
    2.70415619e+00  -1.00619005e+00   2.29908905e+00   6.58707992e-01
    2.91968460e+00   4.53320196e-01   7.55607775e-03  -2.08303767e+00
   -5.23978728e-01 
    3.18699553e-03  -3.13175181e+00   4.89408602e-01   1.10029064e+00
   -5.61863958e-01   1.46932623e+00  -1.30562867e+00  -2.30217874e+00
   -2.05476993e+00  -2.70881013e-01   1.21600565e+00  -1.73473531e-01
   -2.59306775e+00   1.79142543e+00  -3.99460149e-01   3.30452579e-01
    1.16426214e-01  -1.52955558e+00   1.05411059e+00   1.64529641e+00
   -9.27015129e-01  -1.47370523e+00  -1.43576851e+00  -3.19049001e+00
   -1.57222083e+00  -1.69798391e+00   3.67730147e+00   9.95686363e-01
   -1.22216501e+00  -3.49990918e-01   1.48202897e+00   2.60271086e+00
   -6.98785660e-01 
   -1.10208449e+00   4.86900124e+00  -1.53998280e+00  -2.67505615e+00
   -2.24792302e+00  -1.24500386e+00  -1.16975169e+00  -1.76700139e-01
    1.12392478e+00  -2.44216676e+00  -2.71594638e+00   3.71434837e-01
   -6.56125828e-01   1.34043990e+00  -4.52811895e-01   1.62862151e+00
   -4.70552449e-01  -5.72976741e-01   4.97513153e-03  -9.63459638e-01
    7.83526503e-01   1.79459714e+00  -6.60944736e-01   1.05076818e+00
    3.94004096e-01  -1.64423330e+00  -1.55955132e+00  -2.98876897e-02
    1.20452124e+00  -1.01870334e+00   1.88684972e+00   1.31446639e+00
   -7.22112126e-01 
   -4.26380155e-01  -1.01239468e+00  -2.54167095e+00  -2.14964174e+00
   -2.19388235e+00   1.03041196e+00  -1.15387933e-01  -1.87146331e-01
   -7.17789149e-01   3.80904566e+00   1.52805722e-01   2.22624846e+00
   -9.85481332e-01   4.60564920e-01  -5.93005786e-01  -1.36454174e+00
   -1.48546478e-01  -1.11584958e+00  -4.88663065e-01  -1.54806983e+00
    2.88138047e-01  -3.35526881e-01  -9.02002959e-01  -7.15033143e-01
   -1.67429804e-01  -2.09118809e-01  -2.02954935e+00   5.25342289e-01
    1.58673686e+00  -1.26874555e+00   2.13168662e+00  -4.51745588e-01
   -2.25785125e-01 
   -2.34099954e-01  -8.13217606e-01   4.23677092e-01   1.98534989e+00
   -2.49283779e+00   1.41021625e+00  -2.57016315e-01   1.21867161e+00
    9.53191786e-01  -7.72242259e-01  -9.54299636e-01   1.46115956e-01
   -1.74352084e+00  -7.90405045e-01  -2.80452008e+00   2.28795468e+00
   -3.20441242e+00   5.30089095e-01   1.06245396e+00  -8.48609255e-01
    9.33664416e-01  -5.54150636e-01   1.52663108e+00   3.93719582e-01
    2.35754229e-01  -2.16759341e+00   9.41145017e-01  -1.37309937e+00
   -1.84287191e-02  -1.26644747e+00  -9.73169604e-01   7.65275357e-01
   -6.32071907e-01 
   -6.20598480e-01   2.35359038e+00   3.16879597e-01  -1.15883622e+00
   -1.00431033e+00  -2.03135834e-01   1.00457966e+00   1.56352672e+00
   -1.11558064e+00   2.70382392e-01  -9.89349564e-01  -6.75244569e-01
    1.98188223e-01   3.96252978e-01   1.99982696e+00  -1.24537451e+00
    4.97617818e-01   2.36544026e-01  -1.53316685e+00   4.06038873e-01
   -8.33166059e-01   9.87069593e-01  -3.77871489e-01  -4.59816676e-01
    1.07591953e+00  -1.24025924e+00  -4.18461969e-01  -4.12949504e-01
   -2.78228319e+00  -1.34309829e-01  -2.04847602e+00  -3.03971377e+00
   -1.02984387e+00 
   -1.38978182e-01  -1.85341539e+00  -2.47876159e+00   2.20769521e+00
    1.43814993e+00   8.45583995e-01  -3.50994870e-01  -5.43270305e-01
    2.26594654e+00   1.25656297e+00   2.54662364e-01   5.78274611e-01
    7.75081717e-03   2.68947191e-01  -1.04162032e+00  -6.83928092e-01
   -2.71447261e-01  -1.98734425e+00  -9.17186856e-01   1.71408956e+00
   -3.58627895e-01   7.68597222e-01   4.91210949e-01  -1.60779417e+00
   -4.00818606e-01  -1.65166837e+00  -1.71288844e+00  -7.26579279e-01
    1.09705520e+00  -4.58392037e-01  -9.52677811e-01  -6.97419279e-01
   -1.90387417e-01  