NN 16 32 16   -3.09854822e+00  -7.74831887e-01  -3.56190807e-01   5.48058838e-01
    1.81832474e+00  -8.41889879e-01  -1.51342052e+00  -1.60048318e+00
    2.74884931e+00  -1.33354057e+00  -2.11244672e-01   5.51518476e-01
    7.51276854e-01  -1.89946116e-01   2.69750284e-01  -3.59156501e-01
   -7.30619728e-01 
    4.35184377e-01  -3.31916852e-01  -2.25388559e-01  -4.51880126e-01
    1.01851491e+00  -3.21869117e-01   2.27242975e-01   5.22094129e-01
   -2.28957342e+00   6.58418599e-01   1.90128516e+00  -3.20308342e+00
    6.27929497e-01   7.44074282e-01  -1.62219171e+00   1.24894747e+00
    5.55962945e-01 
   -6.32581874e-01   1.10254958e-01  -2.43476471e+00   9.82430892e-01
    2.33877014e+00  -1.76147765e+00  -3.81728510e-01  -7.23107434e-01
   -1.04984820e+00   3.53849161e-01   4.34674357e-02   1.06874968e-01
    1.46055540e+00  -8.49831728e-01  -1.29085359e-01   1.69333138e+00
    1.37194047e-01 
    1.49629950e+00  -7.68734325e-01  -8.83855689e-01   6.95649339e-01
    3.38503658e-02  -9.93915972e-01   9.62314149e-01  -3.64558726e-01
   -1.34620072e+00   7.56128312e-01  -1.34628838e+00   1.57102967e+00
    1.64399003e+00  -1.56723126e+00   9.71520330e-01  -1.81516131e+00
   -3.42405509e-01 
   -3.17934016e-01  -1.43388806e+00   1.34396810e+00  -9.81903953e-01
   -3.52274173e-01  -6.68855994e-01  -2.65790257e-02  -1.66374537e+00
    1.30806169e+00  -2.01954508e-01  -1.86671063e-01   1.74454571e+00
    1.53902483e+00   2.02135080e+00   8.19636618e-02  -1.40030470e+00
   -7.21776104e-01 
   -3.98528799e-01   1.17092584e+00   1.40884630e+00  -1.22479142e+00
    5.32352028e-01   9.76949171e-01   1.46063659e+00  -1.23286351e-01
    8.08873944e-03  -3.47767631e-01  -1.58846279e+00   4.91053550e-01
   -8.09161329e-01  -1.34479647e+00  -2.82701038e-01  -2.10724723e-01
   -7.39566709e-02 
    6.67025285e-01   1.41016465e+00   1.25111838e+00  -1.74656345e+00
   -9.15417075e-02  -4.91954521e-02  -1.70822508e+00   1.02909375e+00
   -4.68157935e-01   5.92537896e-01   9.39018473e-01   3.61032449e-01
   -2.41751807e-01  -4.29197818e-01  -1.23536327e+00   7.87083950e-01
   -6.20603039e-01 
    6.57888088e-01  -1.25683334e+00   9.39565231e-01  -3.40670665e-01
    7.60164010e-01   3.58103474e+00  -1.63910632e+00   1.86127139e-03
    2.13786696e+00   2.14089913e+00   5.21999260e-01  -6.21199667e-01
   -6.52127887e-01  -2.31911512e+00  -1.15303269e+00  -1.16005083e-02
   -6.34929347e-01 
    2.70845305e-01   2.39446733e+00  -8.35423464e-01  -7.54210848e-01
    9.60294400e-01  -1.14701447e+00  -9.26074294e-01  -8.54221156e-02
   -1.57162659e+00   2.13393574e+00   1.31269399e+00  -1.01397449e+00
    6.97137628e-01  -1.69264661e+00   1.14406807e+00  -1.33317796e+00
   -1.00111881e-01 
   -1.45746854e+00  -7.21738435e-02  -8.83528258e-01   1.30614463e+00
    1.74572288e+00  -8.87915565e-01   1.20035862e+00  -6.52888600e-01
   -8.21393970e-01   1.10198412e+00   2.24926303e-01   1.88758989e+00
   -2.35670782e+00   5.60162233e-01  -2.78389037e-01  -1.21004245e+00
    2.98455380e-01 
   -5.13816505e-01   3.95940726e-01  -6.08055914e-02  -2.62161058e+00
   -1.89582840e+00  -1.25109453e+00   2.10489618e-01   3.64536696e+00
   -1.08488994e+00   5.29103461e-01  -5.02226781e-01   2.48292469e+00
   -8.50765271e-01  -2.82436794e-01  -2.67350448e-02  -2.72965575e-02
   -6.58419856e-01 
    2.63452577e+00  -7.48997520e-01   5.65286014e-01   1.70688885e+00
    1.44823499e+00  -3.69269377e-01  -1.42181814e+00   6.04126317e-01
    3.97086557e-01  -7.97781489e-01   1.88012795e-01  -6.10445411e-01
   -2.50811780e+00   3.99148603e-01   9.15183619e-01  -5.70634422e-01
    2.15362431e-02 
   -7.09755702e-02  -1.56419238e+00   1.21076994e+00  -9.68034873e-02
   -1.52177938e-01   3.99162417e-01  -2.96951261e+00   1.82408791e-01
   -1.90282860e+00   8.25364979e-01   2.84290204e+00   3.90272618e-01
   -3.84156186e-01   1.15388831e+00  -5.25092983e-01  -5.03805013e-01
   -1.08321421e+00 
   -3.63525755e-01   1.10958937e-02  -5.19533742e-01   1.09805052e-01
    2.09542981e+00  -1.81987592e+00   8.11118199e-01   6.73723366e-01
    9.18501072e-01   1.59719606e+00  -2.04584703e+00  -1.66829544e+00
   -7.72114692e-01   5.94885317e-01  -4.08818080e-01  -7.52097785e-02
   -8.24619581e-02 
    1.19648334e+00  -2.00377161e+00   5.05140084e-01   2.55096074e+00
   -1.96349301e+00   8.93857006e-01   4.69054773e-01  -5.66348798e-01
   -1.57525134e+00  -9.28983446e-02  -5.16158524e-01  -5.01069865e-01
    7.49683060e-01   2.28818945e+00  -1.69972213e+00  -9.72051842e-02
    5.92074643e-01 
    1.30926296e+00  -1.00836469e+00  -3.51471561e-05   9.55553895e-02
   -2.88999976e-01   3.67523715e-02   2.97998727e+00  -2.70319005e+00
   -1.36317612e+00  -7.80297194e-01  -4.63767872e-01  -9.05841835e-01
    1.40435747e+00  -1.71105338e+00   6.18970566e-01   2.90581844e-01
    4.63871391e-01 
    1.37775404e+00   7.23873432e-01  -2.89291556e+00  -3.65690278e+00
    6.56240500e-01   8.55316056e-02   1.06505295e+00   1.58452450e+00
    4.75175785e-01   4.00826094e-02  -6.37271206e-01  -9.28773016e-01
   -2.68947514e-01   1.83076400e+00  -4.69797585e-01   9.76754273e-01
    1.78758243e-01 
   -1.33838433e+00   3.83498769e-01  -2.11575350e-01   1.75867325e-01
    6.65359140e-01  -1.19651407e+00   2.36391763e-02   8.92207751e-02
    1.34995965e+00  -8.39740096e-01   9.17546548e-01  -7.34099494e-02
    7.58574709e-01  -8.77425771e-01  -5.26348716e-01   1.05139521e+00
   -5.80690548e-01 
   -2.39074259e-01  -2.02613145e+00   1.91507627e+00  -1.84980438e-01
   -2.10381213e+00   5.76190753e-01   5.87029817e-02   1.32141653e+00
    3.03060756e-01   1.78158322e+00  -1.79593218e+00  -6.51433548e-01
    5.28451339e-01  -1.03106395e+00   5.41472447e-01   5.65629761e-01
    9.98263365e-02 
   -1.13312029e+00   3.80589513e-01  -1.00490438e+00   1.94459697e+00
   -8.52699813e-01   1.81744016e+00   7.47328186e-01  -1.36371752e+00
   -8.97484264e-02  -1.65452834e+00  -8.21140861e-01   6.76162893e-01
    1.70818405e+00   2.46072374e-01  -1.57234691e-01  -1.80992586e+00
    4.08340488e-01 
    7.38859833e-02   2.42227666e+00   1.05929351e+00  -2.73275744e-01
   -3.79072083e-01  -3.99914026e+00   1.05440529e+00   3.34269027e+00
    1.23387794e+00  -1.73386239e+00   8.00867337e-01  -4.91790999e-01
   -4.50786127e-01  -4.33847595e-01   6.08795166e-01  -1.42517403e-02
   -1.31356469e-01 
   -2.37795232e+00   8.34678986e-01   1.64136495e+00  -4.89252640e-01
    1.49803705e+00  -1.03109188e+00  -5.43397523e-01  -4.86137514e-01
    2.05229419e+00  -1.33735766e+00   7.20501175e-02  -1.71790067e+00
    4.77361150e-01   5.23090593e-01  -1.13644828e+00  -3.87400020e-01
    5.66638322e-01 
   -4.15965899e-01  -3.44540798e-01   5.52559223e-01  -8.11313995e-01
    2.13199437e+00  -1.49173694e+00   5.46480513e-02   2.17022123e+00
   -2.34947753e+00  -7.59405920e-01   9.69457686e-01   6.67984100e-01
    5.38121087e-01  -6.79580725e-01  -3.29516256e-01  -7.04587270e-01
   -3.15801836e-01 
   -1.88591674e+00   2.29336133e-01  -1.46129504e+00   1.91268667e+00
   -9.87993244e-01   1.11799407e+00   7.12514486e-01  -5.98043413e-01
    1.23994632e+00   1.57085245e+00   1.57409416e+00  -1.57974801e+00
    7.94212923e-01  -1.17331514e+00   4.81431449e-01  -1.04412629e-01
   -5.45103707e-01 
    1.54763734e+00   1.57566444e+00  -1.83912604e+00  -5.44419627e-01
   -3.27648001e+00  -8.53600431e-01   9.60400219e-01   6.36176246e-01
    1.16511583e+00  -2.32119512e+00   2.09490398e+00  -2.00098002e-01
    3.82714361e-01  -2.08152320e-01  -6.97070939e-01   1.11295281e-01
   -1.14822072e-01 
    1.49197058e+00   4.19707173e-02  -1.52966759e+00  -2.95417752e-01
   -1.13159520e+00  -5.07068187e-01   2.35684104e+00  -2.93797187e+00
   -4.06773425e-02  -3.64871055e-01   2.24462720e-01   9.21725348e-01
   -1.94787628e-01   1.26651784e+00   9.00479861e-01   8.06594990e-01
   -6.62923317e-01 
   -6.45583582e-01  -6.47395304e-01   1.67934377e+00  -1.60353832e-01
    1.14661938e+00   1.51591113e+00  -2.66302059e+00  -9.32162843e-02
    3.24429159e-01  -7.92133467e-01  -2.95623747e+00   2.99639676e-01
    1.52844363e+00  -1.30639648e+00   5.90900819e-02   2.57236055e+00
   -2.66147966e-01 
   -6.88194632e-01   2.40582362e+00   1.24433253e+00  -1.78457626e-02
   -1.12052420e+00   2.10540339e+00  -4.34609527e-01  -1.70078045e-01
   -9.75126183e-01  -1.80563983e+00  -2.98792788e-01  -1.91755842e-01
   -8.48427232e-01   5.16321225e-01  -7.12513658e-02   6.87757365e-01
   -4.31672188e-01 
   -3.05555328e-01  -1.20134161e+00  -1.05120419e+00   1.13616070e-01
    3.81649976e-01   2.32767041e+00  -8.76169202e-01   7.68659803e-01
    5.44121074e-01  -2.29042680e+00   1.19228562e+00  -2.84627185e-01
   -1.40303901e+00  -2.53783076e-02   2.42723895e+00  -1.31976093e+00
    4.72137454e-01 
   -3.28897274e-01   1.85024861e+00   4.94168579e-01  -7.57979835e-01
    6.78134999e-01  -1.50652423e+00  -2.07589242e+00  -1.50468715e+00
   -1.55006291e-01  -6.59955462e-01  -8.71994059e-02   8.97382133e-01
    5.67738364e-01   3.85428885e-01   6.18932416e-02   9.83998373e-01
    2.49230122e-02 
   -1.17600587e+00   3.34992278e-01   2.39233629e+00   1.47564790e+00
    1.12771186e+00   2.93070691e-01  -1.51088008e+00  -9.45563797e-01
   -5.55178182e-01   7.49883767e-01  -1.84637206e+00  -1.35356631e+00
   -1.45895847e+00   1.36994299e+00   1.31140548e+00   1.08554755e+00
    3.56765027e-01 
    1.21614234e+00   1.00030351e+00  -9.48569867e-01  -4.08581005e-01
   -8.42396133e-01  -3.19675267e-01  -6.91908260e-01  -3.97847987e-01
    1.46014368e+00   1.45468411e+00  -1.94790643e+00  -1.69706122e+00
   -4.25687041e-01  -1.60674471e+00   2.22730617e+00   6.25195282e-01
   -5.37917899e-01      3.08955857e+00  -8.98916178e-01   1.42452531e-01  -1.83833464e+00
   -7.69195395e-01   8.73282695e-01  -5.40940892e-01  -9.18273566e-01
    4.94058789e-01   1.02083793e+00   5.56613575e-01  -2.75878647e+00
   -8.68611156e-01   2.97330596e-01   6.35137139e-01  -1.65628474e+00
   -3.66968851e-01   2.86944940e-01   1.57816868e-01   5.53592350e-01
   -3.22033820e-01   2.15509262e+00   3.43236135e-01   2.03519826e+00
   -1.75136534e+00  -8.85764662e-01   4.93435763e-01  -2.38910822e-01
   -4.63638949e-02  -4.29976697e-01   3.61070246e-01  -1.61959692e+00
   -2.42327116e-01 
    5.49974848e-01   4.05864494e-01  -4.22759526e-01   3.69414832e-02
    1.01898531e+00  -3.25640459e-01  -1.39974934e+00   9.78213284e-01
   -2.31753709e+00  -2.07862806e-01  -9.56003801e-01   2.52847790e-01
    1.26894283e+00  -1.82951018e-01   1.85557234e+00   2.35061365e-01
    1.77282463e-01  -7.76155957e-01   1.92240055e+00  -2.00920255e+00
   -1.56728078e+00   1.95040211e-01   2.90686471e-01   1.07726210e-01
   -1.60878835e+00   5.65638386e-01   6.54687484e-01  -3.76496421e+00
    1.30665173e+00  -1.67123435e+00   1.24368601e-01  -1.31783587e+00
    1.33362222e-01 
    8.17298323e-01   1.57693707e-01   2.83706075e+00   6.97304971e-01
   -1.97812044e+00  -1.39815678e+00  -9.13038184e-01  -7.88882350e-01
    1.55112030e+00   1.10618327e+00   2.74885021e-01   1.96684070e-01
   -2.22101694e+00   6.70337512e-02  -4.32220406e-01  -1.29338415e+00
    2.19518304e+00  -6.74601366e-02  -1.47941116e+00   1.15941202e+00
   -1.34429810e+00  -2.29196540e+00  -1.09836184e+00   1.23378806e+00
    1.16301666e+00   8.81977425e-01  -2.05938345e+00  -6.14094498e-01
    1.86080263e+00  -3.15513736e-01  -2.47998568e+00   8.06940303e-01
   -3.35913671e-01 
   -1.26846401e+00   6.47593753e-01  -1.37649246e+00  -1.03410929e+00
    1.61788572e+00   1.28815340e+00   1.44161184e+00   4.20724174e-01
    4.20011838e-01  -8.27171019e-01   2.40722287e+00  -2.26700337e+00
    6.76883140e-01  -1.10326770e+00  -3.13598010e+00   2.08036964e-02
    3.66215609e+00  -1.88334197e-01   5.24177406e-01  -2.03655329e+00
   -1.04504080e+00   6.98601497e-01   8.70900263e-01  -2.74254033e+00
    4.45367809e-01   5.27831497e-01   5.12547299e-03   2.36061196e-01
   -2.88250395e-01   3.11897472e-01  -1.70979148e+00  -5.55926756e-01
   -7.05637573e-02 
   -1.58146562e+00  -1.03954669e+00  -2.08591566e+00  -3.19100836e-01
    2.54060278e-01  -3.61958701e-01   1.81432099e-01  -1.07000222e+00
   -2.72528998e-01  -2.72547766e+00   1.24348833e+00  -3.43864950e-01
   -1.55490545e-01  -2.29473646e+00   2.55115854e+00  -1.61024659e+00
   -9.25514296e-02  -1.46585160e+00   2.75017191e+00   4.66151915e-02
    1.15689943e+00  -1.32287265e+00  -2.98667688e+00   2.18915361e+00
    1.95663197e+00   1.38480538e+00  -1.46912025e+00  -3.87759856e-01
   -9.94916947e-01  -5.99765232e-01  -1.02942971e+00   1.36608226e+00
   -1.56070469e-01 
   -6.80855981e-01  -4.23593316e-02   6.93542306e-01   7.30179358e-01
    9.63174039e-01  -6.60599242e-01  -2.94312870e-01  -3.44738936e+00
    9.81295156e-01   1.04551466e-01   7.07713762e-02   1.27255107e-01
   -5.15592792e-01   1.92764091e+00  -9.00186856e-01  -2.05973159e+00
   -1.33047047e+00   4.15332693e-01  -1.69058943e-01  -2.67287745e+00
    4.52154415e+00   3.99884942e-01   3.55501306e-01  -2.61492002e-02
   -1.54048371e-01   4.88060455e-01  -1.50039019e+00  -1.45653445e+00
   -3.45338407e+00   7.85233342e-01  -1.00068913e-01   1.07833331e-02
    9.62397335e-02 
    6.21291508e-01  -7.93621584e-01   2.35284504e-01  -1.15370920e+00
   -4.16651623e-01  -1.72639581e+00   1.34106286e+00   9.51603261e-01
    1.60110630e-01  -2.15412139e+00  -6.07689218e-01   2.32916028e+00
    3.10383692e+00  -1.62360858e+00  -1.18347425e+00  -3.79544287e+00
   -9.39326647e-01   1.27125609e-01  -3.35742723e-01   1.80195383e-03
   -8.86628084e-01  -5.01493092e-01  -4.50375995e-01  -6.30588588e-01
   -1.61105000e+00  -1.61536644e+00   1.12996710e+00   8.12315067e-02
    3.18019572e-01   2.65205541e+00   6.02199737e-01   6.62105464e-01
   -2.92532040e-01 
   -5.90310205e-03  -9.29597795e-01   1.85931061e+00  -5.62634374e-01
    1.47422476e+00  -8.92842324e-02  -1.01847230e+00  -6.71375723e-03
   -2.49874402e-01   3.68729948e-01  -3.92971041e+00   3.56461323e-02
   -2.26852523e-01  -1.32978392e+00  -3.76068773e-01   2.14269208e+00
   -2.18513584e+00  -6.26405042e-01  -2.17500161e+00  -3.30048191e-01
   -2.40421253e+00  -2.92740607e-01  -2.70220757e+00   1.97884791e-01
   -3.14459846e-01   3.09577546e+00   6.84927346e-01   5.73829689e-01
   -1.68804807e+00   1.02433999e+00   9.59995824e-01  -2.35825207e-01
   -7.16087043e-01 
   -1.80967457e+00   2.22385750e+00   1.09363424e+00   1.18669916e+00
   -1.83285834e+00  -2.78118114e-01   1.18714071e+00  -2.09920326e+00
    2.00446488e+00   2.38623427e-01   4.79456225e-01  -1.41064443e+00
    1.12807973e+00  -1.47157458e+00   1.96586550e+00   1.42971952e+00
   -8.48501805e-01  -1.96678055e+00  -4.57657226e-01   5.19439827e-01
   -1.44217649e+00  -1.52253986e+00   2.11186192e+00  -1.40177771e+00
   -1.64721331e+00  -6.18739751e-01   6.52237859e-02   7.02882864e-01
   -1.14322459e+00  -1.12189347e-01   1.42412462e+00  -1.65254778e+00
   -4.91371908e-01 
    6.65851188e-01  -7.51187608e-01  -7.24339636e-01  -1.17111231e+00
   -2.69193968e-01   1.35008439e-01  -8.60522922e-01  -2.28155643e+00
   -2.26132222e+00  -2.43546933e+00  -1.76337480e+00   1.68295444e+00
   -2.18395822e+00  -1.32061256e+00  -6.92208301e-02  -8.02231212e-02
    7.35228323e-01  -1.01432213e-02  -1.96668778e+00   1.77866930e+00
    1.19730485e+00   1.21812692e+00   5.65009255e-01  -2.48702780e+00
    2.69229696e+00  -4.94785882e-01   1.55794070e+00   2.14589224e-01
    2.15617778e+00   3.14342466e-01   5.06758239e-02  -1.45236541e+00
   -1.32792558e-01 
   -3.11685504e-01  -2.43709310e+00   2.42902067e-01   7.19318958e-01
   -4.39328466e-01   1.03679832e+00  -9.53733399e-01  -2.24393933e+00
   -1.37330771e+00  -1.10224397e-01   1.09160333e+00   3.78736154e-01
   -2.60521882e+00   1.84528524e+00  -4.03573380e-01   2.48726267e-01
    6.21309139e-01  -1.13750487e+00   9.20613579e-01   1.42802526e+00
   -6.53958007e-01  -1.02158444e+00  -1.23159391e+00  -2.56766716e+00
   -1.77016405e+00  -1.56035089e+00   3.09032756e+00   8.46882030e-01
   -1.15568387e+00  -3.71669152e-01   1.45077956e+00   2.29103110e+00
   -3.53500469e-01 
   -1.41458341e+00   3.89215036e+00  -1.11190392e+00  -2.49542271e+00
   -1.97961261e+00  -9.76020645e-01  -1.01773999e+00   2.87758895e-01
    9.78943025e-01  -2.12258354e+00  -2.53541558e+00   8.64476397e-02
   -7.88537318e-01   1.29557415e+00   2.15362083e-01   1.49610480e+00
   -7.56365135e-01  -4.10440644e-01  -6.32355791e-02  -7.31754541e-01
    8.13430066e-01   1.87227999e+00  -3.70517133e-01   8.96892838e-01
    7.95030917e-01  -1.83426353e+00  -1.27713000e+00   5.68139987e-02
    8.29104488e-01  -8.65754440e-01   1.26312854e+00   8.97161647e-01
   -4.83133574e-01 
   -4.52549864e-01  -8.32218506e-01  -2.46525664e+00  -1.95135891e+00
   -1.94110575e+00   8.04873835e-01   1.20828208e-01  -2.50362333e-01
   -5.49226571e-01   2.97556813e+00   2.15149373e-02   2.03828005e+00
   -1.03122133e+00   1.29213731e-01  -3.55746208e-01  -1.22956395e+00
   -6.58302619e-02  -1.05556118e+00  -3.45801246e-01  -1.27546634e+00
    4.39292359e-01  -4.34076735e-01  -8.48273608e-01  -6.94275577e-01
    9.22405344e-02  -2.10551535e-01  -1.67423214e+00   4.38833811e-01
    1.43284102e+00  -1.13723545e+00   1.77821159e+00  -4.51828998e-01
   -2.06257376e-01 
   -3.17010717e-01  -8.07249439e-01   5.75023986e-01   1.82116312e+00
   -2.12329058e+00   1.11342681e+00  -2.06729200e-01   8.73058549e-01
    8.89597464e-01  -6.81962910e-01  -8.21712399e-01  -3.98084422e-03
   -1.61502279e+00  -6.74279903e-01  -2.37884173e+00   1.83556574e+00
   -2.69455125e+00   3.01987416e-01   9.37449124e-01  -7.40028940e-01
    6.52518454e-01  -6.85225823e-01   1.27240740e+00   3.30743523e-01
    3.72982025e-01  -1.95099020e+00   8.79699113e-01  -1.22166569e+00
    1.58319358e-01  -9.80153268e-01  -8.39360681e-01   6.52194723e-01
   -4.07881655e-01 
   -6.60738351e-01   1.74278117e+00   2.07212902e-01  -1.03450698e+00
   -9.73783211e-01  -2.23004399e-01   8.33557671e-01   1.23994092e+00
   -8.07140892e-01   1.24001355e-01  -8.07542058e-01  -6.74415814e-01
    2.11255030e-01   4.27099570e-01   1.55314980e+00  -1.02537151e+00
    3.94236174e-01   1.91095474e-01  -1.09744791e+00   3.78886200e-01
   -5.85701463e-01   8.35162955e-01  -2.61252829e-01  -2.84808453e-01
    8.69804543e-01  -1.23765394e+00  -5.49111868e-01  -3.56147055e-01
   -1.95352244e+00  -1.04445413e-01  -1.65204083e+00  -2.55885609e+00
   -8.65823735e-01 
   -2.74381167e-01  -1.57472710e+00  -2.17120749e+00   1.59496528e+00
    1.27637965e+00   8.52085407e-01  -4.86299487e-01  -4.29392810e-01
    1.53698246e+00   1.12625264e+00   1.38768879e-01   3.77794591e-01
   -2.29400842e-01   1.98666469e-01  -9.04926773e-01  -3.02905558e-01
   -2.21502239e-01  -1.58076570e+00  -7.65222853e-01   1.49825616e+00
   -5.70544242e-01   6.53695782e-01   2.30943187e-01  -1.39701279e+00
   -5.39827574e-01  -1.32339921e+00  -1.49660109e+00  -4.67441662e-01
    1.03942448e+00  -5.43148214e-01  -8.04592205e-01  -5.58681679e-01
   -1.61403966e-01  