NN 16 32 16  -3.91434041 -1.22741769  0.05784584  0.64458926  2.75957236 -1.0621195
  -2.08338574 -2.15869864  3.56542147 -1.20282966 -0.22236334  0.30828261
   0.93421486 -0.17171526  0.34032759 -0.55124771 -0.84207178 
   0.75493733 -0.60247367 -0.35888287 -0.10618657  0.88318433 -0.32855397
   0.44573163  0.4730705  -2.85717062  0.65625911  2.20646722 -4.1250496
   0.81226144  0.71992817 -2.29121008  1.31586991  0.58975276 
  -1.10462089  0.22024246 -2.58053266  0.87714954  2.87334717 -1.92163906
  -0.58300972 -0.80583015 -1.01533684  0.75871841 -0.45518813  0.27052591
   1.45054514 -0.62631617 -0.23345847  2.15484393  0.21222743 
   1.6968977  -0.91475941 -1.39577416  0.99669306  0.17099401 -1.11202404
   0.85183192 -0.46715463 -1.68299667  0.8370045  -1.54968659  1.70008684
   1.77944534 -1.62827957  1.23741606 -2.01911695 -0.19082291 
  -0.21650777 -1.72068115  1.52651523 -1.34639698 -0.03275981 -0.73816674
  -0.12582242 -2.10664359  1.23185533 -0.50903346  0.14312901  2.16400274
   1.61315183  2.30747247 -0.16839025 -1.46347512 -0.6664754  
  -0.3725003   1.14398984  2.08294207 -1.31607492  0.73203979  1.22148057
   1.98503267 -0.48213954  0.04523046 -0.24185639 -2.13476839  0.5299299
  -0.87546026 -1.48699709 -0.50669049 -0.04812883  0.08403818 
   0.90865172  1.52007129  1.7081566  -2.02740309 -0.11722829  0.22986855
  -2.02848297  1.59685486 -0.58922911  0.50280214  0.86515968  0.17537286
  -0.18259349 -0.49592002 -1.48978986  0.79040012 -0.76415569 
   0.75854853 -1.26060623  1.31238778 -0.4287936   0.75072353  4.24740435
  -2.26526567 -0.1368771   2.49518992  2.39894521  0.21407556 -0.29882674
  -0.60786569 -2.79655724 -1.42184064 -0.12669935 -0.67166975 
   0.18791182  2.78853559 -0.72554157 -1.12885536  0.62209071 -1.26135587
  -1.22507665 -0.0920361  -1.6857611   2.44790856  1.44520659 -1.25158222
   1.01797359 -1.84462908  1.52508501 -1.67607809 -0.09008774 
  -1.21743726 -0.20254299 -0.5763732   1.1651238   1.73193629 -0.90294948
   1.40809575 -0.88482813 -1.12557886  0.86599851  0.82184402  2.14683648
  -2.8818748   0.48812007 -0.78445835 -1.36605649  0.36971854 
  -0.78474827  0.58341617 -0.01196141 -2.78861149 -2.52490289 -1.38664516
  -0.07473194  4.32547305 -1.30914832  0.43476322 -0.27499408  3.16980217
  -1.13309683 -0.42174296 -0.15620314  0.0195864  -0.64560854 
   3.10319317 -0.86453693  0.2087918   2.06936623  1.64423956 -0.64518985
  -1.26618573  0.65157731  0.27693306 -1.22017219  0.62148689 -0.55207798
  -3.08083718  0.48180354  1.11335287 -1.02672677 -0.25245018 
  -0.21394676 -2.55100306  1.60182819  0.11211382 -0.22568229  0.40987342
  -3.42045    -0.39129371 -1.99221114  1.04739454  3.08870345  0.13231939
  -0.51157884  1.25707705 -0.57684042 -0.76242141 -1.33283021 
  -0.61837975  0.48203112 -0.55392202  0.12644509  2.25270242 -2.03068075
   1.11915004  1.01651905  1.1198037   1.59272904 -2.35242858 -1.83301417
  -1.1438621   0.31427254 -0.42737444 -0.08594806 -0.15977003 
   1.6886319  -1.8803379   0.62410147  3.15416931 -2.2450677   0.81060002
   0.4510034  -0.84404933 -1.56067493 -0.13746511 -0.55257998 -0.20169233
   0.81660785  2.41027615 -2.21514513 -0.16579805  0.61573155 
   1.6545702  -1.13736228 -0.25391364  0.11739404 -0.1398112  -0.4277094
   3.18151417 -3.01908009 -1.0873329  -1.03329245 -0.56317703 -0.92636911
   1.20244533 -1.94020834  0.9689884   0.61511251  0.55040074 
   1.45397253  0.7280557  -3.047837   -4.46521531  1.1635548   0.12325665
   0.55143209  1.60710531  0.89709104  0.40316056 -0.7573964  -1.27992658
  -0.26780203  1.63177842 -0.52172243  1.26223138  0.32471914 
  -1.5361983   0.57070774 -0.29023406  0.29225446  0.70677593 -1.84819875
   0.31290766  0.27363459  1.46371194 -0.95231191  1.34280823  0.26574164
   0.86687623 -1.15983444 -0.74667013  1.23303083 -0.71478595 
  -0.13050091 -2.54478108  2.26074307 -0.03094409 -2.45297337  0.29995524
  -0.30781269  1.61744209  0.19849427  1.5790452  -1.65761262 -0.54450481
   0.49513773 -1.11571589  0.59694286  0.6407697   0.09775425 
  -1.44307212  0.52203355 -0.8502228   2.24621593 -0.66881717  1.93682494
   1.22309662 -1.66193164  0.01142482 -1.71824059 -0.48387543  0.72383666
   1.779704   -0.10300781 -0.28105361 -2.38105325  0.35561867 
  -0.19239486  2.69345648  1.24942778 -0.61017075 -0.15659531 -4.71365122
   1.28353655  3.61049274  1.53090974 -2.57654567  0.74052166 -0.24075774
  -0.39100178 -0.83578498  0.81540919 -0.33797949 -0.27135086 
  -2.71642873  0.79573029  2.16797318 -0.1530604   1.58514443 -1.06717876
  -1.47652265 -0.28936559  2.31490493 -1.21576031  0.29904457 -1.81727113
   0.40967822  0.41674089 -1.21898951 -0.5204317   0.59688281 
  -0.28135269 -0.65874407  0.63049697 -0.73302469  2.42246808 -1.03151643
   0.20422222  2.65211673 -2.66365889 -0.80032521  1.40283537  0.97708832
   0.41596216 -0.77445205 -0.45379976 -1.17702108 -0.32745958 
  -2.10567504  0.19817944 -1.48136423  2.05251152 -1.00299109  1.18531427
   0.89869475 -0.70705844  1.01709822  1.44873286  1.80196705 -1.68277519
   0.83784863 -1.34753136  0.63039206 -0.3163785  -0.63475465 
   2.08255076  1.78391389 -2.2419684  -1.14189005 -3.79666991 -1.58435425
   0.88931006  0.6360432   1.4426236  -2.45350857  1.81548085 -0.15881208
   0.76108886 -0.37140239 -0.77956041  0.14811506 -0.14686344 
   1.93994556  0.34793976 -2.0832352   0.08388163 -1.20664804 -0.42713732
   2.84249444 -3.11664156 -0.0753249  -0.24744048  0.21807774  0.81213516
  -0.14962532  1.45012589  0.74891628  1.3669843  -0.47320037 
  -0.77365015 -0.31779481  1.98707633 -0.17934282  1.7529293   2.06494995
  -3.52037955  0.24721894  0.24741873 -0.88785245 -3.30515144  0.22514711
   2.00645904 -1.5445649  -0.16400885  3.25764514 -0.30373697 
  -0.62700669  2.92967198  1.23436173  0.16635861 -1.4463331   1.84501364
  -0.68630403  0.12531416 -0.87900909 -2.38998652 -0.1438996   0.08670071
  -0.91624725  0.6174417  -0.08429793  0.81109244 -0.58006694 
  -0.30710111 -1.04476002 -1.28483134  0.03965214 -0.19392957  2.66046061
  -0.70594932  0.90918637  0.30943414 -2.8423913   1.1398432  -0.3030676
  -1.53773157 -0.02102536  3.24639854 -1.64068     0.64900364 
  -0.11137437  2.5685371   0.21275768 -1.04320245  1.00878564 -1.79224639
  -2.51905238 -1.30878337 -0.61177658 -0.98923504 -0.14183773  0.98278685
   0.75292358  0.52759985  0.21971315  1.01882805 -0.10984973 
  -0.79663981  0.10473757  3.03712378  1.59844724  0.90366221  0.39954122
  -2.15875762 -1.43016109 -0.87418235  0.72339652 -2.15538028 -1.4712896
  -1.90191033  1.72436647  1.77499891  1.17542396  0.21811295 
   1.52016686  0.9094948  -1.15168171 -0.25976291 -1.00443077 -0.19818491
  -0.54332314 -0.54663389  1.82176761  1.72984234 -2.46372359 -2.12627217
  -0.54940491 -1.84063249  2.44366928  0.81878537 -0.60245552     3.67162199 -1.12783517  0.29163219 -1.99882853 -1.08283302  1.51942651
  -0.7724661  -1.17922619  0.48993282  0.73504555 -0.09153578 -3.20659396
  -0.83995338  0.68569243  0.90865781 -1.5615351  -0.15459392  0.01126442
   0.08685951 -0.05438718 -0.22184269  1.81664496  0.71517613  2.1015613
  -1.6172775  -0.9017064   0.29692473 -0.1253566  -0.06672976 -0.26511499
   0.19851084 -1.27037075 -0.1180614  
   0.59912905  0.47386428 -0.2247633  -0.29824835  1.18050876 -0.359104
  -1.2912935   0.82583826 -1.99540669 -0.26452186 -0.82442502  0.06986258
   1.14245553 -0.13790193  1.49925544  0.03219331 -0.06012201 -1.13730562
   2.08721905 -2.10279062 -1.32772611  0.2958458   0.42622312  0.02538994
  -1.32367253  0.82148477  0.64910001 -4.44665079  1.39712477 -1.60627858
   0.22857301 -1.2310561   0.33440085 
   0.63843857 -0.06101015  2.74640235  1.1053649  -1.90974699 -2.02042711
  -1.22539918 -0.85809425  1.3018064   1.0349263   0.25270667  0.51552302
  -2.09582485 -0.07033574 -0.51242863 -1.26736686  2.11494925  0.10038769
  -1.38494457  1.41204008 -1.365757   -2.45242231 -1.16518714  1.28942236
   1.2331292   0.70646138 -2.56001064 -0.42027301  2.20903887 -0.16806334
  -2.24378229  0.85609971 -0.41171754 
  -1.59138031  0.31992622 -1.60048611 -1.05661715  1.90538477  1.19579423
   1.28258779  0.15523571  0.59021967 -0.94131738  2.84264305 -1.97677619
   0.386555   -0.87000395 -3.18904625  0.2163065   3.83215445 -0.19896129
   0.1657633  -2.32885527 -0.99153718  0.55778276  0.78328731 -2.96531153
   0.55768319  0.46886014  0.02576949  0.03226677 -0.43848753  0.2391057
  -1.59549592 -0.42020787 -0.22201061 
  -1.96163542 -1.29407117 -2.39569107 -0.65096589  0.08095883 -0.38988285
  -0.0476745  -1.0530322  -0.37682709 -3.08394231  1.45961002 -0.68453107
  -0.1570398  -2.55570828  2.89359372 -1.8233988  -0.12108781 -1.60880134
   2.55112184 -0.3161474   1.17832324 -1.21511327 -3.40049906  2.07190563
   1.882205    1.14450992 -1.41545115 -0.0769349  -0.23492708 -0.14862165
  -1.20963155  1.82670212 -0.24554911 
  -1.61718254 -0.18528943  0.64739552  0.24681556  1.11882788 -0.68948519
  -0.47832212 -3.52068208  1.14035822  0.14880112 -0.29594534  0.46794026
  -0.92359222  1.94580111 -0.84441339 -2.01440222 -1.32730244  0.64320527
  -0.13211357 -2.41406445  4.43020256  0.48962126 -0.14757141 -0.27204468
   0.5227325   0.64785123 -1.29007436 -1.71277833 -3.77355825  0.89539197
  -0.11564344  0.41253777  0.00868412 
   0.86387309 -1.37788054  0.04829296 -0.82816448 -0.16019177 -2.49020598
   1.13334726  0.88082801  0.70169033 -2.00335663 -0.64936664  2.73989636
   3.00934214 -1.63037025 -1.09205506 -3.94154408 -0.91356943  0.00690979
  -0.14246155 -0.71618638 -0.72726411 -0.19789168 -0.21932529 -0.7408991
  -1.45999778 -2.0313092   0.96730865  0.39698063  0.38841946  2.89991259
   0.91554339  0.21503148 -0.42837374 
   0.20108363 -0.69134779  2.31753729 -0.48321786  1.79755172 -0.04377127
  -0.95901439 -0.34039456 -0.25794497  0.57739221 -4.37564692  0.2327033
   0.13183017 -1.89644955 -0.56815964  2.32789376 -2.50114322 -0.49238346
  -2.35787713 -0.24217092 -2.57889085 -0.11283303 -2.95416302  0.18726445
  -0.41455228  3.50266323  0.38686353  0.67628669 -1.3999846   0.86455378
   1.16146533 -0.18368222 -1.04952305 
  -2.11677536  2.45828582  1.18164513  1.45731667 -2.0055637  -0.2550399
   1.2600898  -2.37088291  2.29178056  0.30927076  0.77464313 -1.55926302
   1.12755695 -1.66435703  1.95676733  1.23567324 -0.73571385 -2.52612478
  -0.33071236  0.5166207  -1.54190635 -1.77923176  2.20210177 -1.36278129
  -1.93376847 -0.37380362  0.02560889  0.42600508 -1.3827106  -0.03994144
   1.54379497 -1.94972764 -0.55716703 
   1.17014677 -1.0340063  -0.93758967 -1.52849375 -0.09364343  0.19173246
  -0.99130687 -2.49029654 -2.55394154 -2.61747003 -1.87305401  1.91139242
  -2.59700192 -1.42973661  0.20855359  0.22571032  0.54420137  0.01341592
  -2.22002631  1.71852002  1.39624169  1.29691503  0.56990933 -2.48075643
   2.70146514 -0.87461036  2.13452882  0.52427197  2.62167596  0.47004387
   0.00908482 -1.92673539 -0.40826815 
  -0.06857802 -2.91741098  0.43686783  0.95818893 -0.57586597  1.35816782
  -1.1707678  -2.23306166 -1.84310922 -0.16216757  1.21367241  0.03970226
  -2.66108035  1.84479636 -0.31849735  0.28472506  0.47030297 -1.33448504
   1.10058253  1.63418025 -0.80732685 -1.35324708 -1.40906879 -2.81720453
  -1.65985338 -1.60125762  3.61904099  1.04751704 -1.15887555 -0.34174168
   1.63213428  2.64538733 -0.50692327 
  -1.22048453  4.50539916 -1.4298658  -2.56850395 -2.20596757 -1.2157158
  -1.19621833 -0.1078937   1.04408064 -2.37342092 -2.67315907  0.3505262
  -0.67493974  1.3307267  -0.26655343  1.65175214 -0.74998395 -0.6094808
  -0.00822802 -0.86911955  0.78089891  1.74878203 -0.68224744  0.95256821
   0.54272009 -1.63966088 -1.53987737 -0.02097173  1.09028844 -0.96421061
   1.72001614  1.25681035 -0.68241763 
  -0.43212792 -0.9594141  -2.53369511 -2.10107577 -2.13147295  0.94205125
  -0.05989357 -0.17987527 -0.70134506  3.57113089  0.06311197  2.22206776
  -0.98385004  0.35370827 -0.5160004  -1.31357685 -0.11461649 -1.11602921
  -0.44917324 -1.47887565  0.31931291 -0.35723324 -0.89746452 -0.70391367
  -0.09382933 -0.19940287 -1.89533166  0.49263862  1.60661602 -1.25083974
   2.06290366 -0.43838471 -0.21853329 
  -0.25386135 -0.80184473  0.51205288  1.95251089 -2.36344825  1.32480664
  -0.2362856   1.09772963  0.95429058 -0.75248353 -0.92577916  0.08412954
  -1.70661209 -0.7424835  -2.68654876  2.14499961 -3.03414402  0.44957558
   1.0160952  -0.83219294  0.82707386 -0.59073693  1.44910574  0.36770997
   0.26874309 -2.08690363  0.93755678 -1.34530098  0.02014785 -1.15023938
  -0.9189394   0.72988019 -0.5474616  
  -0.5829265   2.19845768  0.30618515 -1.11860236 -1.00130503 -0.19531727
   0.95497023  1.55544266 -1.0675921   0.2278909  -1.03566242 -0.66043366
   0.22982584  0.38458994  1.95338761 -1.18636546  0.45878699  0.24865566
  -1.39337255  0.4334709  -0.78446572  1.01358429 -0.35613676 -0.3708804
   0.9478963  -1.27930315 -0.38715754 -0.38009735 -2.56026346 -0.14990508
  -1.88137866 -2.92130029 -0.9694231  
  -0.14265899 -1.77654896 -2.40717068  2.00245851  1.41885823  0.93450422
  -0.37352497 -0.46070193  2.07177151  1.25466571  0.22374331  0.50367169
  -0.0386457   0.25864496 -1.02604261 -0.58357151 -0.2430357  -1.86589663
  -0.87321037  1.68361087 -0.451741    0.79860606  0.44751624 -1.52469127
  -0.51406313 -1.55808854 -1.59979687 -0.60897792  1.16077331 -0.49214776
  -0.83920508 -0.66039565 -0.14271684  