NN 16 32 16   -3.13793131e+00  -7.02258734e-01  -2.83901105e-01   5.76472284e-01
    1.92538258e+00  -7.95443586e-01  -1.46866037e+00  -1.52917608e+00
    2.52460796e+00  -1.43549835e+00  -1.35667006e-01   5.64838286e-01
    7.54211236e-01  -1.78695663e-01   2.91599419e-01  -3.24679374e-01
   -7.08745921e-01 
    5.15406336e-01  -3.16100749e-01  -2.71916638e-01  -5.27834755e-01
    1.02695943e+00  -4.61610295e-01   1.72876123e-01   5.09537489e-01
   -2.12256255e+00   7.76274554e-01   1.65306341e+00  -3.34820528e+00
    5.86104905e-01   7.01133573e-01  -1.67185435e+00   1.20024728e+00
    5.06021103e-01 
   -5.89065614e-01   1.92780722e-01  -2.44124555e+00   1.01358458e+00
    2.18329818e+00  -1.70449536e+00  -4.06779173e-01  -5.72100632e-01
   -1.04011338e+00   3.25514261e-01   1.57057967e-01   1.62487343e-01
    1.49918069e+00  -8.09707121e-01  -9.05674350e-02   1.68739070e+00
    1.78164568e-01 
    1.53109354e+00  -7.66273058e-01  -8.66527042e-01   6.42101390e-01
   -1.43078871e-01  -1.03154241e+00   1.02562851e+00  -2.83869716e-01
   -1.30047434e+00   8.19885131e-01  -1.28885123e+00   1.62187688e+00
    1.61064174e+00  -1.56820402e+00   9.58781150e-01  -1.80663580e+00
   -3.54306257e-01 
   -2.93270781e-01  -1.40853295e+00   1.30892524e+00  -9.65506529e-01
   -3.05649314e-01  -6.80821035e-01  -4.41174106e-02  -1.62673191e+00
    1.31761104e+00  -2.54304436e-01  -5.41389594e-02   1.74605854e+00
    1.54907538e+00   2.02471902e+00   9.74290284e-02  -1.36902813e+00
   -7.04854405e-01 
   -4.08784504e-01   1.04915815e+00   1.37131208e+00  -1.18112063e+00
    5.46861889e-01   1.02719429e+00   1.44907276e+00  -1.16280481e-01
    1.29462923e-03  -4.19591632e-01  -1.52863877e+00   5.89981308e-01
   -8.00446802e-01  -1.34568013e+00  -2.93565829e-01  -2.25993861e-01
   -8.35299635e-02 
    6.20858414e-01   1.39685336e+00   1.26782968e+00  -1.74743469e+00
   -2.59474139e-02  -6.03416271e-02  -1.62984159e+00   1.03978326e+00
   -4.43796735e-01   6.09686703e-01   8.77674237e-01   3.67987737e-01
   -2.29410123e-01  -4.13188149e-01  -1.20262966e+00   8.09184021e-01
   -5.90029556e-01 
    5.58662817e-01  -1.27052245e+00   1.00743691e+00  -5.38684810e-01
    6.79023357e-01   3.48573809e+00  -1.56573244e+00  -5.88034159e-02
    2.11507516e+00   2.16473357e+00   5.84903058e-01  -6.43839334e-01
   -6.66328544e-01  -2.33560421e+00  -1.18721502e+00  -2.84158346e-02
   -6.71002079e-01 
    4.23733249e-01   2.42265290e+00  -8.64627433e-01  -6.30146140e-01
    8.83002303e-01  -1.17753259e+00  -8.24264829e-01  -9.37274355e-03
   -1.62558906e+00   2.09491672e+00   1.14467124e+00  -1.10178180e+00
    6.72378858e-01  -1.71229049e+00   1.14670209e+00  -1.29936962e+00
   -9.31133774e-02 
   -1.37288679e+00  -1.11317668e-01  -9.07948369e-01   1.27543363e+00
    1.65449528e+00  -8.57129270e-01   1.16926285e+00  -5.32640406e-01
   -8.28956995e-01   1.09370073e+00   2.38729809e-01   1.78894127e+00
   -2.36920159e+00   4.94930632e-01  -3.44971856e-01  -1.25137270e+00
    2.35145800e-01 
   -4.82077432e-01   5.26247728e-01  -3.42056681e-02  -2.63003523e+00
   -1.78727996e+00  -1.22073903e+00   4.04651591e-01   3.58703148e+00
   -9.33227498e-01   5.95593232e-01  -5.60375169e-01   2.50413961e+00
   -7.66593868e-01  -2.12682628e-01   4.89752699e-02   4.06718399e-02
   -5.82442046e-01 
    2.48214843e+00  -8.48376010e-01   5.48787789e-01   1.66668022e+00
    1.30599142e+00  -3.59390989e-01  -1.50664615e+00   5.88311818e-01
    3.17341941e-01  -7.91961750e-01   1.15471804e-01  -6.31321547e-01
   -2.58551403e+00   3.44445003e-01   8.46861589e-01  -6.21501306e-01
   -4.36938366e-02 
   -7.81490971e-02  -1.44243864e+00   1.12889926e+00  -2.06892213e-01
   -6.58060011e-02   2.88224740e-01  -2.95225288e+00   2.33920812e-01
   -1.80236615e+00   9.53271159e-01   2.84374747e+00   2.83620685e-01
   -3.60219080e-01   1.19276899e+00  -4.87966453e-01  -4.71049961e-01
   -1.04551848e+00 
   -3.25902226e-01   8.55531169e-03  -6.31329292e-01   1.73740220e-01
    2.10418929e+00  -1.84299646e+00   7.94274662e-01   7.03770601e-01
    9.03975978e-01   1.55318958e+00  -2.07390776e+00  -1.66996777e+00
   -7.36295864e-01   5.62322865e-01  -4.23418056e-01  -1.17151300e-01
   -9.46703604e-02 
    1.10634138e+00  -1.97408530e+00   4.38381268e-01   2.52758295e+00
   -2.02023832e+00   8.37274811e-01   4.94189458e-01  -6.87828553e-01
   -1.60886666e+00  -5.30614702e-02  -4.31532126e-01  -5.21384981e-01
    7.02027989e-01   2.24594763e+00  -1.74153782e+00  -1.35078678e-01
    5.49577657e-01 
    1.34698684e+00  -1.08868642e+00  -4.67309392e-02   1.62021315e-01
   -2.81788050e-01   1.39439250e-01   2.96084628e+00  -2.68703900e+00
   -1.37540387e+00  -7.62906955e-01  -3.31551495e-01  -8.28183074e-01
    1.40775109e+00  -1.65993180e+00   6.22329698e-01   2.87173502e-01
    4.69801725e-01 
    1.36469702e+00   6.35651726e-01  -2.89740070e+00  -3.62809717e+00
    6.40006021e-01   1.92640220e-03   1.05367570e+00   1.61673713e+00
    4.73562308e-01  -2.23656511e-02  -8.71784110e-01  -8.04395808e-01
   -3.04258509e-01   1.76087927e+00  -5.31387989e-01   8.94250084e-01
    1.15402038e-01 
   -1.38082563e+00   3.70805994e-01  -1.50609707e-01   2.11801920e-01
    7.09633272e-01  -1.05445928e+00  -1.45310740e-02   1.69127668e-01
    1.30166926e+00  -8.23734407e-01   8.99057367e-01  -1.24409715e-01
    7.95763865e-01  -8.55961856e-01  -4.90579247e-01   1.07392367e+00
   -5.42018525e-01 
   -3.00017259e-01  -1.99039345e+00   1.93898517e+00  -2.51299275e-01
   -2.08437865e+00   5.73681462e-01   9.57814693e-02   1.31240041e+00
    3.40451694e-01   1.73072758e+00  -1.72385693e+00  -6.40280240e-01
    4.62520814e-01  -1.08180135e+00   5.13854450e-01   5.12204678e-01
    7.23228188e-02 
   -1.20014424e+00   3.94820210e-01  -9.30511399e-01   1.95207352e+00
   -8.76959151e-01   1.80771113e+00   7.95012831e-01  -1.38333992e+00
   -2.18003717e-01  -1.68503432e+00  -8.29884241e-01   7.09547146e-01
    1.70825278e+00   2.16802556e-01  -1.63498725e-01  -1.76225381e+00
    3.99025434e-01 
    1.21097400e-01   2.36375084e+00   9.91849205e-01  -2.05543414e-01
   -4.48475514e-01  -3.97927942e+00   9.79126978e-01   3.38998871e+00
    1.24681908e+00  -1.75060648e+00   7.03163127e-01  -5.15225083e-01
   -4.60573089e-01  -4.48319715e-01   6.12653245e-01   1.41373018e-02
   -1.27230763e-01 
   -2.37886382e+00   8.02920602e-01   1.60171595e+00  -4.05496333e-01
    1.68236725e+00  -9.37920517e-01  -6.02487120e-01  -4.56099571e-01
    1.98866455e+00  -1.35201818e+00   1.64408354e-01  -1.73531002e+00
    5.42572134e-01   5.79240556e-01  -1.07764574e+00  -3.06512558e-01
    6.24435607e-01 
   -4.90807138e-01  -3.98530120e-01   5.29760365e-01  -8.92783365e-01
    2.06781450e+00  -1.59231393e+00   6.59023463e-02   2.07083891e+00
   -2.29469905e+00  -7.61613483e-01   8.81068646e-01   5.66312500e-01
    4.91088044e-01  -7.59939758e-01  -4.17109043e-01  -7.45779265e-01
   -3.96258957e-01 
   -1.79035729e+00   2.65661070e-01  -1.42708038e+00   1.95309125e+00
   -1.06139001e+00   9.76596002e-01   5.97250316e-01  -6.75949862e-01
    1.20101414e+00   1.56674627e+00   1.52539563e+00  -1.62107313e+00
    6.98675136e-01  -1.20645910e+00   4.47064499e-01  -1.13750239e-01
   -5.81286678e-01 
    1.62669551e+00   1.46497791e+00  -1.88783993e+00  -5.33397319e-01
   -3.23509735e+00  -9.41913480e-01   8.61937708e-01   5.72132483e-01
    1.14852714e+00  -2.35551937e+00   2.01960415e+00  -1.37864096e-01
    3.40096833e-01  -2.32863502e-01  -7.32079044e-01   8.02635773e-02
   -1.59605120e-01 
    1.46578707e+00   6.19272918e-02  -1.55015482e+00  -3.20798121e-01
   -1.15616590e+00  -4.97567919e-01   2.29761630e+00  -2.89746163e+00
    5.65975736e-03  -4.17175698e-01   2.99728938e-01   9.92641215e-01
   -2.16912527e-01   1.25035362e+00   8.85647952e-01   7.24087769e-01
   -6.75914843e-01 
   -8.28881425e-01  -5.21867495e-01   1.85910103e+00  -2.13214036e-01
    1.15791592e+00   1.62632119e+00  -2.61100806e+00  -1.24686401e-01
    2.61598561e-01  -7.89478788e-01  -2.75629744e+00   3.84850391e-01
    1.58229728e+00  -1.20487923e+00   1.13778763e-01   2.54255715e+00
   -2.04940373e-01 
   -7.15691736e-01   2.35450415e+00   1.20405293e+00   4.37011495e-02
   -1.06526136e+00   2.10247515e+00  -4.60249291e-01  -1.50777940e-01
   -1.00821744e+00  -1.79042115e+00  -3.21803642e-01  -1.57353572e-01
   -8.20182241e-01   5.09849783e-01  -5.72748707e-02   6.71600506e-01
   -4.16996285e-01 
   -4.64237893e-01  -1.26962189e+00  -8.96318908e-01   8.94003956e-02
    4.28571635e-01   2.30375317e+00  -9.07751578e-01   7.46628461e-01
    5.57397682e-01  -2.09406280e+00   1.16816411e+00  -2.43907304e-01
   -1.35204563e+00   1.33002341e-03   2.42107846e+00  -1.28454897e+00
    4.70236028e-01 
   -3.30940700e-01   1.82030044e+00   5.02434701e-01  -7.70582975e-01
    6.50611008e-01  -1.40203144e+00  -2.09410785e+00  -1.44939981e+00
   -1.89187291e-01  -6.45716724e-01  -8.07823903e-02   7.78148230e-01
    5.73143072e-01   3.92868957e-01   7.55434347e-02   9.88123332e-01
    4.03149216e-02 
   -1.26381656e+00   2.23479580e-01   2.42966970e+00   1.33457153e+00
    1.10895847e+00   2.69202698e-01  -1.49210796e+00  -1.09773801e+00
   -6.34871211e-01   6.79985947e-01  -1.83909817e+00  -1.36873219e+00
   -1.52588654e+00   1.26300163e+00   1.21241765e+00   9.64777106e-01
    2.62304336e-01 
    1.21283815e+00   9.29392183e-01  -8.70763968e-01  -4.43746458e-01
   -8.57406391e-01  -3.19556294e-01  -6.45289869e-01  -3.89173982e-01
    1.45499491e+00   1.44999868e+00  -1.93711568e+00  -1.56779287e+00
   -3.82732591e-01  -1.57433821e+00   2.25528657e+00   6.23545966e-01
   -5.06574554e-01      3.09004286e+00  -8.21847231e-01   1.78797305e-01  -1.82997194e+00
   -8.37044749e-01   8.33672723e-01  -4.86708507e-01  -9.34881187e-01
    6.11362349e-01   1.04386834e+00   5.15505790e-01  -2.70409729e+00
   -8.58364236e-01   2.65391025e-01   6.11388938e-01  -1.62269522e+00
   -3.73733017e-01   2.92248294e-01   5.70558470e-02   5.80674318e-01
   -3.29314622e-01   2.24228038e+00   3.52899346e-01   1.99817593e+00
   -1.79326214e+00  -9.59999517e-01   5.69687715e-01  -2.15075145e-01
   -5.51832858e-02  -4.05084848e-01   4.26330225e-01  -1.58193219e+00
   -2.66266355e-01 
    6.07448744e-01   3.98047956e-01  -4.18839862e-01   4.21384712e-04
    1.07676014e+00  -3.88329255e-01  -1.35906996e+00   1.07046541e+00
   -2.29064874e+00  -1.97436115e-01  -9.20386326e-01   2.64241737e-01
    1.32278381e+00  -1.37569766e-01   1.80167972e+00   1.69704606e-01
    1.58462381e-01  -7.00569858e-01   1.88702708e+00  -2.05023523e+00
   -1.52728713e+00   2.49720134e-01   2.60071876e-01   1.88445914e-01
   -1.62222257e+00   5.54942743e-01   6.24818787e-01  -3.71371283e+00
    1.29115440e+00  -1.62148265e+00   1.19595123e-01  -1.33646896e+00
    1.51660035e-01 
    7.47358275e-01   1.68148293e-01   2.84044965e+00   7.97683126e-01
   -1.96398724e+00  -1.33743420e+00  -9.46412814e-01  -8.53211243e-01
    1.55825594e+00   1.10477766e+00   3.42526345e-01   1.92118360e-01
   -2.23042921e+00   2.10776593e-01  -3.21712537e-01  -1.26619560e+00
    2.18762720e+00  -8.10888036e-02  -1.37418696e+00   1.19050882e+00
   -1.25480423e+00  -2.29180258e+00  -1.10305019e+00   1.24216090e+00
    1.22909659e+00   9.59700938e-01  -2.08499229e+00  -6.11325982e-01
    1.74925802e+00  -3.55836709e-01  -2.45971894e+00   8.88234469e-01
   -2.92068686e-01 
   -1.18601379e+00   6.77526278e-01  -1.30819618e+00  -1.02965873e+00
    1.55010684e+00   1.28748914e+00   1.36190353e+00   4.15206020e-01
    3.95759575e-01  -8.53470344e-01   2.34528606e+00  -2.22373856e+00
    6.17970264e-01  -9.89662919e-01  -3.22776550e+00   1.64018235e-02
    3.69132058e+00  -1.68736787e-01   5.02186291e-01  -1.98535363e+00
   -1.03745526e+00   7.38159021e-01   8.72914583e-01  -2.76984387e+00
    3.64596100e-01   4.90065975e-01   9.74619106e-02   1.89390589e-01
   -2.55292615e-01   3.35453075e-01  -1.70093694e+00  -4.94754524e-01
   -8.95193576e-02 
   -1.51693044e+00  -1.07284347e+00  -2.00950024e+00  -2.25163996e-01
    3.07429155e-01  -3.85047005e-01   1.86838585e-01  -1.17565675e+00
   -2.72094966e-01  -2.59956379e+00   1.20258955e+00  -3.15578560e-01
   -2.40749604e-01  -2.28103405e+00   2.54061156e+00  -1.47357571e+00
   -7.15667044e-02  -1.42811510e+00   2.70267638e+00   1.21968499e-01
    1.27396505e+00  -1.33620106e+00  -2.97575690e+00   2.13755512e+00
    2.00378755e+00   1.51134838e+00  -1.52483666e+00  -4.19630107e-01
   -1.05352995e+00  -5.32460888e-01  -1.00533823e+00   1.36247758e+00
   -1.19824664e-01 
   -6.81806152e-01  -6.03321433e-02   7.01604828e-01   7.75938053e-01
    8.60923834e-01  -6.28889138e-01  -3.83121170e-01  -3.50178424e+00
    9.45920977e-01   6.28698161e-02  -1.89798167e-02   1.12723841e-01
   -6.46452748e-01   1.97543360e+00  -8.97142036e-01  -2.03599939e+00
   -1.20794473e+00   3.60723486e-01  -2.49998182e-01  -2.73433776e+00
    4.46454049e+00   3.59561302e-01   3.68958185e-01   3.37302557e-02
   -9.38291018e-02   4.43806180e-01  -1.57131754e+00  -1.46071524e+00
   -3.38280721e+00   6.42999408e-01  -2.39901730e-01   3.39882506e-02
    3.07250030e-02 
    6.09227005e-01  -6.50204465e-01   2.58158897e-01  -1.21875744e+00
   -4.89770565e-01  -1.67553641e+00   1.38226156e+00   9.65528643e-01
    2.19345361e-01  -2.14382413e+00  -5.57638200e-01   2.25209471e+00
    3.13607366e+00  -1.57567649e+00  -1.21648351e+00  -3.78173327e+00
   -8.86056127e-01   1.08474231e-01  -3.27164396e-01  -3.80128003e-02
   -8.88579682e-01  -4.37101288e-01  -3.93543532e-01  -6.25590317e-01
   -1.63859642e+00  -1.64654322e+00   1.14306259e+00   1.44655129e-01
    3.44624048e-01   2.63953493e+00   6.36604125e-01   7.15267901e-01
   -2.82533135e-01 
   -6.08170999e-02  -8.62679024e-01   1.83859739e+00  -5.71563622e-01
    1.43814171e+00  -1.94682504e-01  -9.44618347e-01   1.22849205e-01
   -2.15918593e-01   3.29753009e-01  -3.96028623e+00   9.47637788e-02
   -1.50970863e-01  -1.42770966e+00  -2.91468067e-01   2.13501360e+00
   -2.17643415e+00  -6.38955406e-01  -2.17920302e+00  -2.86205757e-01
   -2.42976515e+00  -3.69086936e-01  -2.65995712e+00   2.10345567e-01
   -2.26992017e-01   3.09377286e+00   7.01539382e-01   6.11708275e-01
   -1.54828347e+00   1.01604221e+00   9.63534505e-01  -2.22715900e-01
   -6.56448975e-01 
   -1.84284706e+00   2.17975406e+00   1.01990526e+00   1.17241417e+00
   -1.87250389e+00  -3.00420635e-01   1.17574192e+00  -2.10159232e+00
    1.96848310e+00   1.69881127e-01   4.69461565e-01  -1.40081478e+00
    1.04285586e+00  -1.44249045e+00   1.92922526e+00   1.39694062e+00
   -8.30393659e-01  -1.99820060e+00  -4.35489534e-01   4.10873127e-01
   -1.40836877e+00  -1.58559012e+00   2.03150347e+00  -1.43883727e+00
   -1.60251662e+00  -6.38001460e-01  -5.27004103e-02   6.38272466e-01
   -1.25796587e+00  -1.54054109e-01   1.34364887e+00  -1.60478986e+00
   -5.53808854e-01 
    7.19787037e-01  -7.33948449e-01  -6.39291429e-01  -1.18078054e+00
   -2.59416609e-01   1.25258654e-01  -8.96352434e-01  -2.25764410e+00
   -2.24036563e+00  -2.32750140e+00  -1.82022137e+00   1.65751538e+00
   -2.09780717e+00  -1.34241444e+00  -6.04993868e-02  -7.74083794e-02
    6.63353913e-01   2.47292740e-02  -1.97081273e+00   1.85459000e+00
    1.14122459e+00   1.23960272e+00   6.02251473e-01  -2.46390294e+00
    2.57766367e+00  -5.13762006e-01   1.62397080e+00   2.13750636e-01
    2.18239967e+00   3.23264342e-01   1.48149602e-01  -1.44789381e+00
   -1.20563017e-01 
   -3.35478796e-01  -2.47413506e+00   2.33127533e-01   7.77183838e-01
   -3.56330400e-01   1.06497934e+00  -9.20407548e-01  -2.23932305e+00
   -1.40062648e+00  -2.17932365e-02   1.10944856e+00   4.05721622e-01
   -2.56850075e+00   1.80350466e+00  -3.55320583e-01   2.85117371e-01
    6.71185829e-01  -1.11274091e+00   9.22345516e-01   1.48141777e+00
   -6.15240576e-01  -1.04484310e+00  -1.17034629e+00  -2.56941115e+00
   -1.75535012e+00  -1.49818863e+00   3.05534419e+00   8.65366877e-01
   -1.08744460e+00  -3.78627151e-01   1.42874999e+00   2.18081068e+00
   -3.01928348e-01 
   -1.38692045e+00   3.85152867e+00  -1.05139756e+00  -2.46740112e+00
   -1.94128690e+00  -9.64808223e-01  -1.02847645e+00   2.84789691e-01
    1.00019444e+00  -2.13878234e+00  -2.52753858e+00   9.52902644e-02
   -8.06042941e-01   1.35092807e+00   2.09887434e-01   1.50823939e+00
   -7.65915798e-01  -4.18730825e-01  -3.26797416e-02  -7.40646834e-01
    8.07591176e-01   1.88574545e+00  -3.95109112e-01   8.68777549e-01
    7.85104268e-01  -1.81058869e+00  -1.21221566e+00   2.29736221e-02
    8.00107169e-01  -8.15835052e-01   1.26789474e+00   9.77991217e-01
   -4.64717310e-01 
   -4.50299794e-01  -8.16778424e-01  -2.44499014e+00  -1.93331108e+00
   -1.91996480e+00   7.98915806e-01   1.21679462e-01  -2.20850836e-01
   -5.35253048e-01   2.95399004e+00   1.47140525e-02   2.04629860e+00
   -1.02362590e+00   1.23517312e-01  -3.13303938e-01  -1.21842675e+00
   -6.78575913e-02  -1.03810040e+00  -3.24151518e-01  -1.24716794e+00
    4.54844463e-01  -4.29275771e-01  -8.43732059e-01  -6.58557085e-01
    9.68649639e-02  -1.94033284e-01  -1.65131825e+00   4.36765577e-01
    1.45176031e+00  -1.13798494e+00   1.77574734e+00  -4.51165747e-01
   -1.80709111e-01 
   -3.09533190e-01  -8.02757150e-01   5.98194565e-01   1.81058791e+00
   -2.11794485e+00   1.10254949e+00  -2.15305372e-01   8.58017812e-01
    8.91649531e-01  -6.62067110e-01  -8.35860764e-01   1.17383797e-04
   -1.60969179e+00  -6.60289252e-01  -2.36332047e+00   1.81861018e+00
   -2.68548328e+00   2.95500930e-01   9.24721500e-01  -7.26846074e-01
    6.38805104e-01  -6.79311823e-01   1.26171962e+00   3.39028235e-01
    3.65088042e-01  -1.94529259e+00   8.81461137e-01  -1.21335297e+00
    1.63830853e-01  -9.65442541e-01  -8.20139345e-01   6.47973995e-01
   -4.02128553e-01 
   -6.49782586e-01   1.74420209e+00   2.40061620e-01  -1.01824475e+00
   -9.41082870e-01  -2.16356856e-01   8.35230540e-01   1.24857994e+00
   -7.97424117e-01   1.48899764e-01  -7.84926913e-01  -6.68368114e-01
    2.08759532e-01   4.42524234e-01   1.55706633e+00  -1.01358408e+00
    4.24819275e-01   2.18475810e-01  -1.08778063e+00   3.88621246e-01
   -5.65462188e-01   8.45316162e-01  -2.48221982e-01  -2.64386233e-01
    8.86834469e-01  -1.20213343e+00  -5.42558138e-01  -3.63114179e-01
   -1.92468373e+00  -8.79638403e-02  -1.64864359e+00  -2.54697379e+00
   -8.33237419e-01 
   -3.12997555e-01  -1.55293117e+00  -2.14203339e+00   1.59441599e+00
    1.26738703e+00   8.22804732e-01  -5.07884360e-01  -4.41772504e-01
    1.48463028e+00   1.09862137e+00   1.38741856e-01   3.78682793e-01
   -2.59742405e-01   1.96042554e-01  -8.76697775e-01  -2.51594768e-01
   -1.99499357e-01  -1.57313462e+00  -7.42483478e-01   1.46013863e+00
   -5.65810376e-01   6.03819221e-01   2.21064805e-01  -1.40711530e+00
   -5.17218231e-01  -1.28585017e+00  -1.50740591e+00  -4.82032370e-01
    9.98263788e-01  -5.63558840e-01  -8.25122173e-01  -5.38614472e-01
   -1.67664463e-01  