NN 16 32 16   -2.89013393e+00  -5.97482472e-01  -5.57620621e-01   7.67686631e-01
    1.57390584e+00  -7.08478269e-01  -1.10979223e+00  -1.45020166e+00
    2.14613887e+00  -1.33718706e+00  -1.19192885e-02   6.67662009e-01
    6.73715860e-01  -1.53938484e-01   2.56015533e-01  -2.85190626e-01
   -6.85171054e-01 
    3.55460127e-01  -1.59153358e-01  -5.24651487e-01  -4.58151936e-01
    8.58504568e-01  -2.39145413e-01   6.37304308e-02   5.66678146e-01
   -2.00346535e+00   6.55013441e-01   1.74011531e+00  -2.91885652e+00
    5.20612200e-01   6.46100693e-01  -1.47045945e+00   1.11472291e+00
    4.95079964e-01 
   -2.53000616e-01  -1.11119517e-01  -2.34237204e+00   1.11544950e+00
    2.17685426e+00  -1.37196747e+00  -4.99298680e-01  -7.08794343e-01
   -9.72287540e-01   2.15711569e-01   2.26361272e-01   1.34288100e-01
    1.47593278e+00  -8.55910011e-01  -4.00801642e-02   1.40162884e+00
    1.88730888e-01 
    1.38526787e+00  -8.15527091e-01  -8.67035129e-01   6.88749769e-01
   -2.27781483e-01  -9.82316250e-01   1.03246620e+00  -1.40699606e-01
   -1.13902698e+00   8.44718745e-01  -1.10214579e+00   1.39105548e+00
    1.41338222e+00  -1.64374145e+00   8.13908757e-01  -1.61799933e+00
   -4.38986497e-01 
   -1.89470157e-01  -1.29241739e+00   1.22419297e+00  -9.00329182e-01
   -3.39646197e-01  -6.51493298e-01  -1.06516514e-01  -1.64433768e+00
    1.26507702e+00  -1.37417883e-01  -2.74542060e-01   1.66028714e+00
    1.49844591e+00   1.75727100e+00   7.25786241e-02  -1.34631936e+00
   -7.41480124e-01 
   -3.24198584e-01   9.64020250e-01   1.11939976e+00  -1.07832014e+00
    3.85524782e-01   1.08859535e+00   1.18123897e+00  -4.37861107e-02
   -7.38912248e-03  -3.21612056e-01  -1.15342176e+00   6.17769079e-01
   -6.63579539e-01  -1.16790699e+00  -2.59422440e-01  -1.78809140e-01
   -9.67819988e-02 
    4.66354468e-01   1.38167335e+00   1.15932898e+00  -1.35199486e+00
   -2.94757540e-01  -2.20409531e-02  -1.63821540e+00   9.31087269e-01
   -5.27601171e-01   4.11869928e-01   7.31605257e-01   5.61439958e-01
   -1.89584968e-01  -3.31111072e-01  -1.11511348e+00   7.77315619e-01
   -5.33454862e-01 
    5.39861997e-01  -1.33097096e+00   8.99330785e-01  -5.62623801e-01
    7.17099344e-01   3.27184120e+00  -1.58479547e+00  -9.03463333e-02
    1.80891584e+00   1.91329252e+00   5.90708705e-01  -7.39343859e-01
   -7.19725896e-01  -2.12518711e+00  -1.16142260e+00  -8.05565311e-02
   -7.77856050e-01 
    4.27361531e-01   2.13123603e+00  -9.71809078e-01  -3.98769489e-01
    7.71297216e-01  -1.14044726e+00  -6.39411832e-01  -1.01470792e-01
   -1.38837153e+00   2.18672891e+00   1.06584886e+00  -8.29181310e-01
    5.57263146e-01  -1.55791920e+00   1.06080689e+00  -1.06226851e+00
   -6.84592422e-02 
   -1.33969940e+00   7.74891791e-02  -9.29272785e-01   1.13209670e+00
    1.72668836e+00  -6.66236522e-01   1.15746585e+00  -6.21612906e-01
   -7.45570418e-01   1.33782031e+00   4.74992740e-02   1.63454458e+00
   -2.26423044e+00   4.54421824e-01  -3.02157704e-01  -1.14975014e+00
    1.61738376e-01 
   -6.84704385e-01   4.73645883e-01  -7.46599202e-02  -2.50333085e+00
   -2.00775209e+00  -9.71719117e-01   3.88198349e-01   3.28873065e+00
   -8.13772494e-01   6.56152457e-01  -8.63355168e-01   2.08914716e+00
   -6.22705998e-01  -1.41161144e-01  -4.73896327e-02  -5.71742902e-03
   -6.33880640e-01 
    2.31214585e+00  -9.15652688e-01   5.58375773e-01   1.60117451e+00
    1.19991855e+00  -3.08443720e-01  -1.45753153e+00   6.03656942e-01
    2.54581381e-01  -9.04626308e-01  -2.41119368e-01  -5.02823553e-01
   -2.32907621e+00   2.73588505e-01   8.02087383e-01  -4.99729292e-01
   -6.47980369e-03 
   -1.38965714e-03  -1.35502589e+00   9.72716773e-01  -1.54072841e-01
    1.36878606e-01   1.28482510e-01  -2.87065213e+00   3.52869512e-01
   -1.78220468e+00   7.93406702e-01   2.50588777e+00   4.42930554e-01
   -2.59357407e-01   1.02347436e+00  -4.72664219e-01  -4.24748278e-01
   -1.00317674e+00 
   -3.61606087e-01  -5.96901993e-03  -7.81883681e-01   2.91516037e-01
    1.84969424e+00  -1.69188177e+00   7.96773961e-01   4.17713676e-01
    8.42516098e-01   1.58244287e+00  -1.89027554e+00  -1.76385672e+00
   -6.27836343e-01   5.88112936e-01  -3.67352462e-01  -1.63003740e-01
   -8.14823897e-02 
    8.99126219e-01  -2.00560907e+00   3.50963344e-01   2.35026339e+00
   -1.83244833e+00   1.00638655e+00   3.95706804e-01  -4.40418943e-01
   -1.48941993e+00  -6.82329965e-02  -2.57060518e-01  -5.24947698e-01
    7.19220722e-01   2.19161953e+00  -1.58195461e+00  -1.74211344e-02
    6.09210659e-01 
    1.02532587e+00  -9.10160899e-01   6.53819986e-03   1.59761201e-01
   -1.71533521e-01   3.32363600e-01   2.90843354e+00  -2.61827704e+00
   -1.42315815e+00  -6.22827291e-01  -3.45360542e-01  -8.05865935e-01
    1.39903490e+00  -1.57494739e+00   4.75344991e-01   2.75372467e-02
    3.71963565e-01 
    1.52265336e+00   4.61248550e-01  -2.58192107e+00  -3.47781717e+00
    4.16434707e-01   2.43876711e-01   1.18524374e+00   1.47163195e+00
    5.99316286e-01  -1.50727097e-01  -9.50778776e-01  -6.84187079e-01
   -1.69718137e-01   1.92345128e+00  -4.59296994e-01   8.78429181e-01
    1.67931460e-01 
   -1.33726489e+00   2.81606975e-01  -2.86654609e-02   1.29343939e-01
    7.14463052e-01  -8.28254795e-01  -9.23407021e-02   8.60114767e-02
    1.24605427e+00  -6.57456814e-01   7.87892004e-01  -2.12502998e-01
    6.46123944e-01  -7.38027411e-01  -4.47652335e-01   9.13879093e-01
   -5.05223350e-01 
   -2.19650525e-01  -1.75385879e+00   1.73329472e+00  -2.91364179e-01
   -2.12878218e+00   3.87235074e-01  -8.85157200e-02   1.21164398e+00
    3.93680751e-01   1.61004354e+00  -1.70492654e+00  -7.58353822e-01
    4.58179284e-01  -1.07841665e+00   4.58833232e-01   4.68167974e-01
    3.05645298e-02 
   -1.18188011e+00   4.95241983e-01  -1.03894166e+00   1.67321504e+00
   -6.44649106e-01   1.83471766e+00   5.82326929e-01  -1.20510791e+00
   -2.00926356e-01  -1.71569919e+00  -6.87948687e-01   6.71592760e-01
    1.59970552e+00   4.55613995e-01  -1.39528774e-01  -1.50948238e+00
    4.30416855e-01 
    2.07995948e-02   2.30287543e+00   9.42609172e-01  -7.91464885e-02
   -3.81673521e-01  -3.72987958e+00   9.18099796e-01   2.75923658e+00
    1.29078309e+00  -1.41434646e+00   5.50906865e-01  -9.61032634e-01
   -6.89615029e-01  -4.57206403e-01   4.30891495e-01   8.14649397e-03
   -2.17014160e-01 
   -2.37913660e+00   7.77610173e-01   1.42184751e+00  -4.27837220e-01
    1.54630326e+00  -9.73146525e-01  -5.01542772e-01  -4.90849636e-01
    1.69343717e+00  -1.17527090e+00   2.18567292e-01  -1.71692185e+00
    4.64267970e-01   5.65082015e-01  -1.09351590e+00  -2.45993145e-01
    5.65438526e-01 
   -5.57416792e-01  -4.45564510e-01   5.65519277e-01  -9.70758718e-01
    1.86136087e+00  -1.44805922e+00   9.92218903e-02   1.98068300e+00
   -2.22008793e+00  -7.25985654e-01   9.27758402e-01   5.44985687e-01
    5.27938220e-01  -6.93918684e-01  -3.90461944e-01  -5.00096730e-01
   -3.59861899e-01 
   -1.59223408e+00   8.42263034e-02  -1.22983450e+00   1.76708579e+00
   -9.51513614e-01   8.33539732e-01   4.33572116e-01  -6.76193737e-01
    1.39720046e+00   1.59442377e+00   1.40790314e+00  -1.70165449e+00
    6.42327374e-01  -1.21586413e+00   4.05731145e-01  -1.18176457e-01
   -5.88511175e-01 
    1.66141560e+00   1.36289386e+00  -1.51107276e+00  -7.54934585e-01
   -2.86320963e+00  -8.81050764e-01   7.66207129e-01   4.18077197e-01
    1.15130854e+00  -2.38918018e+00   2.06111108e+00  -2.16519221e-01
    1.36316262e-01  -1.10598086e-01  -6.54440940e-01   8.46512040e-02
   -1.34467617e-01 
    1.37166527e+00  -8.24982776e-02  -1.37143699e+00  -2.98536712e-01
   -8.92970087e-01  -4.06343530e-01   2.16692121e+00  -2.86373168e+00
    2.58342603e-02  -3.63640500e-01   4.86309971e-01   1.06181667e+00
   -9.41548934e-02   1.17709113e+00   9.39685906e-01   5.03256762e-01
   -6.26532751e-01 
   -9.20194443e-01  -7.83535036e-01   1.67392563e+00  -1.28279259e-01
    1.27721184e+00   1.47565105e+00  -2.25771314e+00  -2.68804311e-01
    1.53573529e-01  -8.22384731e-01  -2.57697942e+00   4.80299337e-01
    1.34441753e+00  -1.09713729e+00   8.06678441e-02   2.06530646e+00
   -2.43228038e-01 
   -8.21809463e-01   2.26165660e+00   1.18924960e+00  -1.00590066e-01
   -8.39028198e-01   2.08383345e+00  -3.02108364e-01  -2.93070467e-01
   -1.07903788e+00  -1.42765354e+00  -5.46864663e-01  -3.31889918e-01
   -9.17402675e-01   4.90570393e-01  -1.31773631e-01   4.65823974e-01
   -4.55105766e-01 
   -4.11106901e-01  -1.38904387e+00  -7.87366579e-01   5.67557549e-02
    5.98562526e-01   2.16199650e+00  -6.69812017e-01   6.88362516e-01
    3.57413405e-01  -2.08593957e+00   1.04395547e+00  -1.11504807e-01
   -1.28662685e+00   1.04288225e-01   2.12926103e+00  -1.18222728e+00
    3.62050650e-01 
   -3.86708394e-01   1.61498437e+00   7.00325348e-01  -6.23099780e-01
    5.44148531e-01  -1.17113600e+00  -2.11205943e+00  -1.36440902e+00
   -4.80703519e-02  -5.76890848e-01  -5.10850317e-02   7.79533134e-01
    5.61151385e-01   3.31886487e-01   3.91145662e-02   8.77315913e-01
    1.00285349e-01 
   -1.37443312e+00   1.94448356e-01   2.26040333e+00   1.39704377e+00
    1.08079619e+00   3.10260070e-01  -1.34407019e+00  -9.66985656e-01
   -4.94775166e-01   7.38131627e-01  -1.69805251e+00  -1.14322166e+00
   -1.33996716e+00   1.13343761e+00   1.11880273e+00   8.04224793e-01
    2.79794203e-01 
    1.18504293e+00   9.46367914e-01  -8.19019359e-01  -3.96174849e-01
   -6.76213537e-01  -2.51231194e-01  -8.64479734e-01  -1.56665803e-01
    1.46180698e+00   1.29729705e+00  -1.72842446e+00  -1.42292839e+00
   -2.82676958e-01  -1.38383345e+00   2.19493489e+00   4.98663232e-01
   -4.22689588e-01      2.85449574e+00  -6.20844829e-01   1.25596065e-02  -1.81098414e+00
   -5.82761537e-01   5.81652921e-01  -2.56012701e-01  -7.30503709e-01
    6.06389887e-01   1.10347858e+00   5.30036079e-01  -2.52307187e+00
   -8.72164662e-01   1.76818524e-01   4.87791344e-01  -1.59875791e+00
   -4.77657716e-01   3.58278333e-01   1.88194800e-01   6.12805303e-01
   -3.07967227e-01   2.42200005e+00   4.35312893e-01   1.94976715e+00
   -2.22878219e+00  -1.15384586e+00   5.55595030e-01  -1.23844088e-01
   -1.60287511e-01  -3.78930923e-01   7.17580668e-01  -1.60478365e+00
   -2.31857751e-01 
    4.93778130e-01   3.26280288e-01  -3.34926115e-01   2.12004476e-01
    1.05241335e+00  -3.61383875e-01  -1.33689392e+00   9.25041662e-01
   -2.23689111e+00  -3.93149120e-01  -8.50384033e-01   3.13583367e-01
    1.37868873e+00  -9.49249256e-02   1.84180130e+00   4.23394362e-01
    2.69465336e-02  -6.48411419e-01   1.78836196e+00  -1.87336585e+00
   -1.61515105e+00   2.89471045e-01   2.87629562e-01   2.30818659e-01
   -1.49165273e+00   4.52138706e-01   7.35955458e-01  -3.54555172e+00
    1.26766928e+00  -1.57642756e+00   6.21826090e-03  -1.34432194e+00
    1.11376344e-01 
    8.11134085e-01   2.04897018e-01   2.62779917e+00   6.04760742e-01
   -1.90366598e+00  -1.05910133e+00  -1.03023205e+00  -8.94623506e-01
    1.51880745e+00   1.06751208e+00   3.10270532e-01  -3.45956833e-02
   -1.77759841e+00   2.76780059e-01  -3.31004269e-01  -1.28089671e+00
    2.19797076e+00  -2.24167288e-01  -1.32038716e+00   1.04280808e+00
   -1.30995841e+00  -2.12694654e+00  -1.00708308e+00   1.20372458e+00
    1.22021949e+00   1.12378929e+00  -1.92881496e+00  -8.51681440e-01
    1.68573627e+00  -4.81875274e-01  -2.56188079e+00   8.27287129e-01
   -3.75086041e-01 
   -1.03999684e+00   8.13985402e-01  -1.28886722e+00  -8.52142267e-01
    1.44266761e+00   1.18449141e+00   1.34146668e+00   4.05843534e-01
    3.52165572e-01  -8.68750742e-01   2.21715197e+00  -2.37712369e+00
    6.87763189e-01  -1.03652715e+00  -3.00312713e+00   1.18873578e-01
    3.63385098e+00  -2.99993699e-01   7.75968192e-01  -1.81264089e+00
   -1.18825088e+00   7.04209492e-01   9.67386624e-01  -2.63997469e+00
    2.31424703e-01   4.71587433e-01   2.77066036e-01   1.81128542e-01
   -2.37441559e-01   3.06602223e-01  -1.70289613e+00  -3.87493599e-01
   -7.12185231e-02 
   -1.32825155e+00  -1.02187712e+00  -2.01387104e+00  -2.01305580e-01
    3.68153504e-01  -2.63870073e-01   3.26497474e-01  -1.10074157e+00
   -3.81178127e-01  -2.69118944e+00   1.21675183e+00  -2.99148365e-01
   -2.47278413e-01  -2.30724184e+00   2.43848698e+00  -1.23759782e+00
    3.73796783e-02  -1.34834383e+00   2.70614064e+00   4.71602692e-02
    1.26338802e+00  -1.16416523e+00  -2.77658377e+00   2.06147434e+00
    1.83691597e+00   1.48658625e+00  -1.44077949e+00  -3.51258211e-01
   -1.11628659e+00  -5.65236047e-01  -8.81955897e-01   1.18282135e+00
   -1.07490280e-01 
   -4.53364639e-01  -3.36904319e-02   6.96367513e-01   8.86952662e-01
    8.01652969e-01  -6.51154237e-01  -3.58395281e-01  -3.33268913e+00
    9.90886211e-01   3.85625539e-02  -6.32017132e-02  -1.64424346e-01
   -5.83212288e-01   1.85669043e+00  -9.45985941e-01  -1.79030481e+00
   -1.11970849e+00   3.04762440e-01  -2.17443244e-01  -2.78278177e+00
    4.27641014e+00   3.92431114e-01   4.16068728e-01   1.33914297e-01
   -1.50820908e-01   5.33790731e-01  -1.63260167e+00  -1.49303142e+00
   -3.32101312e+00   5.63291033e-01  -2.52981275e-01   1.01463556e-02
    2.62543110e-02 
    4.94828617e-01  -5.90539909e-01   2.97174999e-01  -1.17629450e+00
   -5.55826333e-01  -1.33195673e+00   1.41247146e+00   7.62201315e-01
   -1.34261205e-02  -2.26264663e+00  -4.85336068e-01   2.07031893e+00
    3.16927039e+00  -1.61747328e+00  -1.19934072e+00  -3.65740934e+00
   -9.92605091e-01   1.23289084e-01  -4.69363540e-01   3.02836527e-01
   -8.12780330e-01  -4.53252773e-01  -4.05850779e-01  -7.42050356e-01
   -1.74412398e+00  -1.50986812e+00   1.19772450e+00   3.74673563e-01
    2.26544153e-01   2.60967986e+00   5.46284908e-01   6.87843414e-01
   -2.81945965e-01 
    1.64273727e-01  -9.66277554e-01   1.91117498e+00  -5.29338798e-01
    1.41711956e+00  -5.39965001e-02  -8.94390559e-01   2.90009197e-01
    6.09669274e-02   4.44781877e-01  -3.85968251e+00  -2.79269582e-02
   -3.76001830e-01  -1.08640171e+00  -5.01436012e-01   2.13903905e+00
   -2.06937794e+00  -5.24583577e-01  -2.34917394e+00  -1.80811472e-01
   -2.25835078e+00  -6.78791931e-02  -2.50318974e+00   2.60420101e-01
   -2.24476227e-01   2.82856490e+00   7.08298770e-01   5.34841952e-01
   -1.57653960e+00   1.25063793e+00   8.69144310e-01  -3.73359499e-01
   -4.71829323e-01 
   -1.73509441e+00   1.98050238e+00   1.01123443e+00   1.10819447e+00
   -1.92211023e+00  -3.04827694e-01   1.07586649e+00  -2.05951932e+00
    1.81732830e+00   1.41699021e-01   4.07740220e-01  -1.28043197e+00
    1.03117249e+00  -1.41896948e+00   1.88009240e+00   1.28577864e+00
   -9.75324889e-01  -1.81711213e+00  -4.46778343e-01   4.64052754e-01
   -1.32586949e+00  -1.51989138e+00   1.89241098e+00  -1.45932288e+00
   -1.47484651e+00  -7.21582715e-01  -6.63614771e-02   6.42331963e-01
   -1.17349134e+00  -2.63700178e-01   1.24343187e+00  -1.48639492e+00
   -5.62163920e-01 
    6.74621722e-01  -5.79448996e-01  -5.92374469e-01  -1.09040733e+00
   -2.59489332e-01   7.86907932e-02  -8.48576989e-01  -2.22131187e+00
   -2.16717590e+00  -2.11628503e+00  -1.78178189e+00   1.45536748e+00
   -1.92141327e+00  -1.33282986e+00  -9.28007072e-02  -9.64076056e-02
    7.97053361e-01   5.29521708e-02  -1.90782446e+00   1.82255712e+00
    1.08056528e+00   1.20234309e+00   7.35850979e-01  -2.50350835e+00
    2.52198358e+00  -3.43833614e-01   1.35151693e+00   6.60470081e-02
    2.03823024e+00   2.28350581e-01   7.43805962e-02  -1.35454391e+00
   -3.81752420e-02 
   -4.41368609e-01  -2.12082716e+00   1.74853660e-01   6.72424425e-01
   -4.36813365e-01   8.51514939e-01  -8.72468423e-01  -2.19493329e+00
   -1.15839186e+00  -9.57469327e-02   9.70051383e-01   6.57423498e-01
   -2.58643925e+00   1.89257443e+00  -4.19046716e-01   1.97949191e-01
    8.47786226e-01  -1.01432998e+00   8.42173329e-01   1.32649040e+00
   -4.99154420e-01  -8.03557763e-01  -1.13124159e+00  -2.32283769e+00
   -1.85002102e+00  -1.57176550e+00   2.91976958e+00   7.07746660e-01
   -1.01719643e+00  -3.72784370e-01   1.36222855e+00   2.12919117e+00
   -2.21822506e-01 
   -1.41565875e+00   3.52863167e+00  -9.09022291e-01  -2.35232395e+00
   -1.91769581e+00  -9.25091880e-01  -1.05584038e+00   2.14670529e-01
    1.01591645e+00  -2.02550749e+00  -2.41938125e+00  -4.08936803e-02
   -8.89407049e-01   1.33440680e+00   2.17456667e-01   1.41463028e+00
   -8.34831041e-01  -4.05598344e-01  -1.29818442e-01  -6.16584748e-01
    7.89453103e-01   1.75987082e+00  -4.24909062e-01   8.00288825e-01
    8.98168625e-01  -1.77121736e+00  -1.25708429e+00  -3.51622449e-03
    6.92515942e-01  -7.72918063e-01   1.02276041e+00   9.69062460e-01
   -4.61904772e-01 
   -4.85237862e-01  -7.23087285e-01  -2.41618783e+00  -1.83808307e+00
   -1.88206721e+00   7.20095322e-01   2.66348009e-01  -2.79643410e-01
   -4.33118125e-01   2.56981566e+00   1.67329480e-02   1.96012275e+00
   -1.02597013e+00   5.96371992e-02  -2.91962190e-01  -1.23062818e+00
   -7.10471469e-02  -1.03636117e+00  -2.85062099e-01  -1.20573980e+00
    5.22039868e-01  -4.53339206e-01  -8.19544925e-01  -7.18727323e-01
    1.27639315e-01  -3.39184307e-01  -1.51502742e+00   4.21240472e-01
    1.31176498e+00  -1.05919516e+00   1.63656441e+00  -4.04305305e-01
   -2.18659579e-01 
   -2.81197630e-01  -7.29604355e-01   6.14015214e-01   1.66973812e+00
   -2.00778688e+00   1.04838818e+00  -1.88945731e-01   8.03843506e-01
    8.67928076e-01  -6.22867727e-01  -8.70328127e-01   2.55930508e-02
   -1.54420135e+00  -5.66320807e-01  -2.27661340e+00   1.69108763e+00
   -2.54886462e+00   2.66239167e-01   8.62363645e-01  -6.88005865e-01
    6.02904796e-01  -6.15595347e-01   1.18933015e+00   3.07874696e-01
    3.25538931e-01  -1.90102409e+00   9.10222981e-01  -1.15228309e+00
    2.15221962e-01  -8.52452495e-01  -7.01481880e-01   6.27104702e-01
   -3.47325026e-01 
   -6.11528416e-01   1.61491709e+00   2.33693796e-01  -1.03068817e+00
   -9.39637868e-01  -2.01684051e-01   8.43752253e-01   1.23238190e+00
   -6.31520773e-01   1.00318856e-01  -7.75579130e-01  -5.97248927e-01
    2.96166570e-01   4.05253851e-01   1.41623426e+00  -9.62746244e-01
    4.24992992e-01   2.42753920e-01  -1.02297487e+00   4.42800406e-01
   -5.21210526e-01   8.48126107e-01  -1.78061254e-01  -2.38336800e-01
    8.34433347e-01  -1.19528354e+00  -4.33796424e-01  -2.29605066e-01
   -1.61010497e+00   2.23329877e-02  -1.46864769e+00  -2.31801271e+00
   -7.38130015e-01 
   -3.59731291e-01  -1.35624163e+00  -1.83591709e+00   1.38444366e+00
    1.13577299e+00   7.40788890e-01  -5.55181138e-01  -4.20291498e-01
    1.24401453e+00   1.03754257e+00   3.98442630e-02   2.38202140e-01
   -4.03420910e-01   2.37254918e-01  -7.96871355e-01   4.54517650e-03
   -6.97324891e-02  -1.39993955e+00  -6.88920057e-01   1.33496760e+00
   -6.57044328e-01   4.35685921e-01   1.40094868e-01  -1.27974457e+00
   -5.05412009e-01  -1.18915545e+00  -1.43197369e+00  -4.30993773e-01
    8.58911882e-01  -5.56686688e-01  -8.13331275e-01  -4.13614701e-01
   -1.63727619e-01  