NN 16 32 16   -3.99562193e+00  -1.15589069e+00   9.85406791e-02   5.14533322e-01
    2.78340251e+00  -9.43840836e-01  -2.13392917e+00  -2.32814734e+00
    3.50682787e+00  -1.36492191e+00  -2.98208967e-01   1.84915193e-01
    8.76982863e-01  -2.18180298e-01   2.82834418e-01  -6.39613945e-01
   -9.19013572e-01 
    7.53311866e-01  -6.35582048e-01  -3.01355770e-01   3.64812640e-02
    8.87956244e-01  -2.17882075e-01   3.53501535e-01   5.28613608e-01
   -2.84255609e+00   8.20043581e-01   2.38248093e+00  -4.04308761e+00
    9.32047172e-01   7.59991380e-01  -2.25452106e+00   1.43157073e+00
    7.00395294e-01 
   -1.11549744e+00   1.88470927e-01  -2.54482951e+00   7.90463018e-01
    2.97608312e+00  -1.77622393e+00  -7.00934616e-01  -8.36407234e-01
   -9.25473035e-01   7.23672876e-01  -4.67310759e-01   2.36768274e-01
    1.52434410e+00  -6.22674153e-01  -1.97553967e-01   2.21425370e+00
    2.52901961e-01 
    1.77705640e+00  -8.77128690e-01  -1.42844828e+00   1.04202109e+00
    1.65006760e-01  -1.07683787e+00   8.25210108e-01  -4.35674053e-01
   -1.67863193e+00   8.99368223e-01  -1.54517276e+00   1.76805346e+00
    1.79444110e+00  -1.68609060e+00   1.27918824e+00  -2.01556723e+00
   -1.68564075e-01 
   -1.68808992e-01  -1.85697657e+00   1.45094871e+00  -1.38459945e+00
   -1.05635774e-01  -8.19006241e-01  -2.02654293e-01  -2.17075735e+00
    1.18162207e+00  -5.44455075e-01  -3.23116154e-03   2.09270456e+00
    1.53452300e+00   2.16067107e+00  -2.69826574e-01  -1.56992354e+00
   -7.72249934e-01 
   -3.77149841e-01   1.25550208e+00   2.03051393e+00  -1.23082710e+00
    7.56260846e-01   1.18892246e+00   2.17712144e+00  -5.02185896e-01
   -9.53468840e-03  -2.27350434e-01  -2.19933278e+00   4.76760005e-01
   -8.68790785e-01  -1.45262174e+00  -4.64243480e-01   3.66191971e-04
    1.22120337e-01 
    1.09136832e+00   1.54811878e+00   1.70636256e+00  -2.00789231e+00
   -1.56538721e-01   2.65022851e-01  -2.05364050e+00   1.58962379e+00
   -5.31691695e-01   6.22041589e-01   8.87285481e-01   2.15964600e-01
   -1.28226801e-01  -4.54671054e-01  -1.46510745e+00   8.25338258e-01
   -7.42750167e-01 
    8.66087542e-01  -1.32648356e+00   1.36048136e+00  -3.74691219e-01
    6.51541418e-01   4.30577683e+00  -2.37324218e+00  -1.05344528e-01
    2.66416595e+00   2.50171824e+00   2.42409364e-01  -4.27822005e-01
   -6.14824856e-01  -2.78063900e+00  -1.45358235e+00  -1.31139761e-01
   -6.79671831e-01 
    1.34550317e-01   2.81374232e+00  -6.61775292e-01  -1.19561377e+00
    7.27752906e-01  -1.27720070e+00  -1.20085253e+00  -2.52130455e-01
   -1.74173005e+00   2.45852064e+00   1.52804319e+00  -1.12794049e+00
    1.01895671e+00  -1.88158164e+00   1.51212822e+00  -1.71087329e+00
   -1.08405205e-01 
   -1.33108942e+00  -1.80115521e-01  -7.18040874e-01   1.08521727e+00
    1.78694835e+00  -8.10582244e-01   1.37601069e+00  -7.33895635e-01
   -1.22900427e+00   8.14144014e-01   9.15024102e-01   2.19576761e+00
   -2.92952883e+00   4.39450251e-01  -7.88151529e-01  -1.36299169e+00
    3.90869373e-01 
   -6.36165215e-01   5.40773304e-01  -7.19841371e-02  -2.77000307e+00
   -2.46103958e+00  -1.49958781e+00   3.05808909e-02   4.45518329e+00
   -1.35365896e+00   4.74130016e-01  -2.98076670e-01   3.21577688e+00
   -1.11366894e+00  -3.83608148e-01  -7.31363167e-02   7.58843801e-02
   -5.94919371e-01 
    3.11195626e+00  -7.83549823e-01   1.60731524e-01   2.05909930e+00
    1.68940506e+00  -8.47143381e-01  -1.26225922e+00   6.34870960e-01
    2.90154381e-01  -1.29548632e+00   5.16589507e-01  -5.65224377e-01
   -3.05705442e+00   4.79104782e-01   1.10112401e+00  -1.13352103e+00
   -3.11567438e-01 
   -1.86636942e-01  -2.63343246e+00   1.63122158e+00   1.00924504e-01
   -1.30989945e-01   1.73702873e-01  -3.48949309e+00  -3.31184949e-01
   -1.85836923e+00   1.19188302e+00   3.04208204e+00   7.53838636e-03
   -5.28148767e-01   1.23222452e+00  -6.08228301e-01  -8.09808069e-01
   -1.38039814e+00 
   -5.79320181e-01   5.42208125e-01  -4.76097343e-01   2.31940214e-04
    2.36000126e+00  -2.11070119e+00   1.14066908e+00   1.04735477e+00
    1.09140762e+00   1.57745398e+00  -2.32976585e+00  -1.70496803e+00
   -1.14948118e+00   2.51851825e-01  -4.14891550e-01  -1.09009135e-01
   -1.45183071e-01 
    1.75750985e+00  -1.84866036e+00   6.90530684e-01   3.19388360e+00
   -2.29120323e+00   6.99210376e-01   4.53989082e-01  -9.12641259e-01
   -1.53536035e+00  -5.50546491e-02  -5.28871560e-01  -1.99078129e-01
    7.76041790e-01   2.44635418e+00  -2.19614333e+00  -1.63690357e-01
    6.38190101e-01 
    1.52166044e+00  -1.17172540e+00  -3.69856960e-01   1.38577538e-01
   -2.50734575e-01  -2.34492765e-01   3.22668104e+00  -3.01733520e+00
   -1.10891041e+00  -1.11220805e+00  -5.79930106e-01  -9.95791638e-01
    1.15938103e+00  -2.05764369e+00   9.04281938e-01   6.20162902e-01
    5.04890647e-01 
    1.63351892e+00   7.62683929e-01  -3.07309205e+00  -4.50075429e+00
    1.33498288e+00  -4.04419095e-02   4.95870015e-01   1.57621538e+00
    7.42680504e-01   4.12460425e-01  -7.28997304e-01  -1.24617613e+00
   -2.67153756e-01   1.65829748e+00  -5.18162579e-01   1.27784122e+00
    3.35398599e-01 
   -1.58034837e+00   5.85508115e-01  -2.32372639e-01   3.01925876e-01
    7.46862198e-01  -1.89224479e+00   3.92587600e-01   2.41397050e-01
    1.45223659e+00  -1.00279841e+00   1.38561941e+00   3.84551259e-01
    9.18064636e-01  -1.10842802e+00  -7.30884963e-01   1.27086922e+00
   -6.99553816e-01 
   -1.78493065e-01  -2.46676184e+00   2.15898191e+00   4.12455479e-02
   -2.46638771e+00   1.59979579e-01  -3.57398378e-01   1.71418543e+00
    2.37248008e-01   1.71215412e+00  -1.75356511e+00  -6.34439874e-01
    5.14676038e-01  -1.16372433e+00   5.98929234e-01   6.35298023e-01
    9.54449323e-02 
   -1.35356149e+00   5.15301871e-01  -8.49441448e-01   2.31369931e+00
   -7.42452154e-01   1.91645792e+00   1.19715656e+00  -1.70728548e+00
   -2.39660309e-02  -1.79844402e+00  -3.61734775e-01   7.07638657e-01
    1.80342378e+00  -3.06394378e-02  -2.78811657e-01  -2.46002767e+00
    3.60002806e-01 
   -1.14095043e-01   2.75392328e+00   1.29287699e+00  -5.91092066e-01
   -1.38385172e-01  -4.88628509e+00   1.32418690e+00   3.57605972e+00
    1.38353764e+00  -2.55878947e+00   7.79642399e-01   5.65094274e-02
   -3.55867607e-01  -8.07808030e-01   8.80731886e-01  -3.18242904e-01
   -2.32635430e-01 
   -2.72870037e+00   8.51786185e-01   2.20759803e+00   1.26002284e-02
    1.68606497e+00  -1.00166327e+00  -1.47294380e+00  -2.03497957e-01
    2.33854272e+00  -1.06262441e+00   3.10747693e-01  -1.72935489e+00
    4.68427939e-01   5.57833626e-01  -1.13248948e+00  -4.25692040e-01
    7.01583715e-01 
   -1.71309037e-01  -7.05897565e-01   6.77033283e-01  -8.70272408e-01
    2.48031603e+00  -1.08436314e+00   1.55778120e-01   2.49465322e+00
   -2.70058163e+00  -7.85063517e-01   1.39643872e+00   9.94930212e-01
    3.45320649e-01  -8.00346873e-01  -4.89442118e-01  -1.24708199e+00
   -3.63745267e-01 
   -2.10065426e+00   1.70318402e-01  -1.39942562e+00   2.12032446e+00
   -1.02456436e+00   1.26900797e+00   8.90911631e-01  -6.90502390e-01
    9.09989354e-01   1.40152141e+00   1.86250193e+00  -1.64786144e+00
    8.51087385e-01  -1.44972155e+00   5.98909209e-01  -3.90121020e-01
   -6.70489990e-01 
    2.13751427e+00   1.68754543e+00  -2.34234551e+00  -1.18898570e+00
   -3.78091860e+00  -1.67133424e+00   8.16838925e-01   7.27316378e-01
    1.46264647e+00  -2.35255807e+00   1.89292202e+00  -1.25157818e-01
    7.96372614e-01  -3.51705246e-01  -7.61730430e-01   1.72808802e-01
   -1.32797895e-01 
    1.90606071e+00   4.72936046e-01  -2.19686359e+00   2.27838695e-01
   -1.08944324e+00  -5.38662585e-01   2.90734790e+00  -3.00845898e+00
   -1.90251844e-01  -2.09967628e-01   2.65606750e-01   9.24895760e-01
   -5.84826495e-02   1.41381655e+00   8.21956504e-01   1.42672231e+00
   -4.03964741e-01 
   -7.11144826e-01  -2.29638352e-01   2.05040016e+00  -2.85753679e-01
    1.86071720e+00   2.12100515e+00  -3.43329514e+00   3.52029221e-01
    4.51275245e-01  -9.15372943e-01  -3.41149181e+00   9.16684727e-02
    2.08528100e+00  -1.44954604e+00  -1.02641653e-01   3.35284819e+00
   -2.40866590e-01 
   -6.37263205e-01   3.02278670e+00   1.19829267e+00   2.43330455e-01
   -1.44279601e+00   1.85129353e+00  -7.61849437e-01   1.94063667e-01
   -9.09200862e-01  -2.49072366e+00  -1.38273497e-01   1.69002777e-02
   -9.26609219e-01   6.70957120e-01  -1.06791065e-01   7.93721670e-01
   -6.06538518e-01 
   -1.47971285e-01  -1.01103708e+00  -1.28151009e+00   8.01327518e-02
   -1.03324816e-01   2.69447124e+00  -7.75352696e-01   8.45656036e-01
    2.60986408e-01  -2.93226769e+00   1.20342502e+00  -2.07726877e-01
   -1.51670439e+00   1.12045940e-01   3.34707542e+00  -1.60999998e+00
    7.19099390e-01 
   -1.54203308e-01   2.64411788e+00   1.50231868e-01  -1.00511257e+00
    1.02225782e+00  -1.77736092e+00  -2.54622399e+00  -1.21917839e+00
   -5.63857871e-01  -1.00534053e+00  -1.56482321e-01   9.74719020e-01
    7.36915732e-01   5.47217265e-01   2.39770920e-01   1.01750001e+00
   -1.30949218e-01 
   -8.93700198e-01   7.18914495e-02   3.18075814e+00   1.62395391e+00
    7.39551918e-01   4.80942964e-01  -2.10882724e+00  -1.47298012e+00
   -8.16768074e-01   6.16909135e-01  -2.24818535e+00  -1.56960479e+00
   -1.98602974e+00   1.71998618e+00   1.76206905e+00   1.14904925e+00
    1.81524584e-01 
    1.62477506e+00   9.80874487e-01  -1.13175246e+00  -2.23840444e-01
   -9.45018057e-01  -1.54194469e-01  -4.63627914e-01  -5.98112793e-01
    1.82404808e+00   1.77442997e+00  -2.41238890e+00  -2.13212434e+00
   -4.81257312e-01  -1.83183743e+00   2.50536898e+00   8.68895094e-01
   -5.55512664e-01      3.67337500e+00  -1.08407745e+00   3.74266235e-01  -2.07534563e+00
   -9.93255245e-01   1.63918974e+00  -8.61724234e-01  -1.24719322e+00
    4.28999615e-01   7.51597270e-01  -1.90739805e-01  -3.21721120e+00
   -9.05879698e-01   6.53586361e-01   9.24526686e-01  -1.42865998e+00
   -1.70617092e-01  -4.11914596e-02   1.10838011e-02  -9.08032894e-02
   -2.83074415e-01   1.77950943e+00   7.88530872e-01   2.05632338e+00
   -1.45196994e+00  -8.37040743e-01   1.91516560e-01  -1.05792991e-01
    8.67894929e-03  -2.55655760e-01   1.16020566e-01  -1.23892226e+00
   -1.19102603e-01 
    6.97638451e-01   4.31687094e-01  -3.45964128e-01  -3.26551741e-01
    1.10263423e+00  -3.30180020e-01  -1.27465946e+00   1.00258812e+00
   -1.95726050e+00  -3.60135813e-01  -7.88753252e-01  -9.35210175e-02
    1.13548272e+00  -9.20316344e-02   1.40849876e+00  -2.26080905e-02
   -6.49642817e-02  -1.18132363e+00   2.11356305e+00  -2.08396748e+00
   -1.45197269e+00   2.64877265e-01   2.77287362e-01   4.88498598e-02
   -1.35400884e+00   7.02792795e-01   7.70290694e-01  -4.58001458e+00
    1.36990763e+00  -1.64956766e+00   2.09222200e-01  -1.09901274e+00
    2.94725867e-01 
    7.17544626e-01  -4.09307031e-02   2.91918509e+00   1.18446356e+00
   -1.74427428e+00  -2.03717195e+00  -1.18287974e+00  -8.23214887e-01
    1.33831562e+00   1.09471134e+00   3.20477274e-01   6.25080155e-01
   -1.99140239e+00  -7.62873587e-02  -4.57270439e-01  -1.24248719e+00
    2.21029908e+00   1.41567404e-01  -1.41043931e+00   1.43415639e+00
   -1.26642611e+00  -2.35481410e+00  -9.31632106e-01   1.30571302e+00
    1.29476263e+00   7.89338710e-01  -2.44228960e+00  -4.48529974e-01
    2.37469032e+00  -1.31694655e-03  -2.19932090e+00   8.36593802e-01
   -2.64006406e-01 
   -1.51176772e+00   3.08653151e-01  -1.50769286e+00  -1.07420112e+00
    1.92513744e+00   1.18445416e+00   1.25107722e+00   1.38667194e-01
    6.46937206e-01  -8.43579299e-01   2.85604884e+00  -1.96486408e+00
    3.53835245e-01  -8.42906787e-01  -3.18734648e+00   2.43200499e-01
    3.91382092e+00  -1.75196272e-01   9.05376749e-02  -2.36100209e+00
   -1.02399917e+00   4.85909638e-01   7.84930265e-01  -2.93401077e+00
    5.59911125e-01   5.31670522e-01   1.86113781e-02   2.38609530e-02
   -3.83976910e-01   2.90407428e-01  -1.63804631e+00  -4.19438364e-01
   -1.93962138e-01 
   -1.96992584e+00  -1.23089755e+00  -2.25427362e+00  -5.56219487e-01
    3.53696959e-02  -4.69909269e-01  -5.45743433e-02  -1.08256341e+00
   -2.46574128e-01  -3.01862364e+00   1.51979377e+00  -5.82461552e-01
   -1.53098970e-01  -2.55497813e+00   3.03980574e+00  -1.80680760e+00
   -1.02013156e-01  -1.57508234e+00   2.64684454e+00  -3.56551074e-01
    1.28628485e+00  -1.13605110e+00  -3.41892348e+00   2.21193822e+00
    1.89265634e+00   1.24727578e+00  -1.52530693e+00  -8.50915098e-02
   -2.43529658e-01  -4.78257425e-02  -1.11966121e+00   1.90397768e+00
   -1.30047946e-01 
   -1.51072216e+00  -2.67716977e-01   8.61092283e-01   4.31939463e-01
    1.26449969e+00  -6.26970091e-01  -4.53580318e-01  -3.55705303e+00
    1.18997070e+00   2.36250330e-01  -2.09674609e-01   4.64981965e-01
   -9.42246783e-01   1.95398246e+00  -7.31504096e-01  -1.99532722e+00
   -1.33859625e+00   8.09640908e-01  -9.73799155e-02  -2.47604941e+00
    4.41274571e+00   5.38672187e-01  -8.10061909e-02  -2.08667557e-01
    5.58653226e-01   7.14928319e-01  -1.12748638e+00  -1.74786464e+00
   -3.72667230e+00   9.14575700e-01  -8.42156369e-02   4.27085522e-01
    1.61165116e-01 
    9.12272516e-01  -1.47377160e+00  -6.47789398e-02  -9.38308816e-01
   -1.35857605e-01  -2.53258430e+00   1.01344938e+00   1.00093465e+00
    5.71785767e-01  -2.06459079e+00  -7.65540860e-01   2.75579244e+00
    2.90221654e+00  -1.60361148e+00  -1.11157034e+00  -3.98088521e+00
   -8.37819227e-01   1.79176665e-02  -1.22367017e-01  -7.66173277e-01
   -8.22379402e-01  -1.60522225e-01  -3.60400830e-01  -8.09967341e-01
   -1.48263175e+00  -2.11460884e+00   8.38449376e-01   4.11186396e-01
    3.64874007e-01   2.78471544e+00   9.80518931e-01   2.40720546e-01
   -5.27011950e-01 
    1.66888671e-01  -6.78661650e-01   2.07026222e+00  -6.94656000e-01
    1.68664321e+00   1.83232638e-02  -1.09824182e+00  -3.21116880e-01
   -3.30229231e-01   5.15016646e-01  -4.39070084e+00   9.50305750e-02
    6.19113760e-02  -1.93145798e+00  -5.93975820e-01   2.32123319e+00
   -2.65845733e+00  -5.60956465e-01  -2.36699782e+00  -1.79329355e-01
   -2.73780336e+00  -7.66601907e-02  -3.04372767e+00   3.44959401e-01
   -3.60373209e-01   3.41718605e+00   2.76745008e-01   7.92004023e-01
   -1.42292454e+00   7.25524771e-01   1.04045250e+00  -2.06862424e-01
   -1.19371190e+00 
   -2.13276820e+00   2.47334227e+00   1.16627028e+00   1.50580237e+00
   -2.01532550e+00  -2.36601745e-01   1.26185587e+00  -2.38324077e+00
    2.34781962e+00   3.11519416e-01   7.80844940e-01  -1.61986501e+00
    1.11256404e+00  -1.69496387e+00   1.91070597e+00   1.24686474e+00
   -7.16494240e-01  -2.56629177e+00  -3.28966510e-01   5.32371889e-01
   -1.56796549e+00  -1.81935322e+00   2.15978601e+00  -1.29738875e+00
   -1.95660160e+00  -3.44698291e-01   4.69375750e-03   3.93756776e-01
   -1.39781724e+00  -5.24852186e-02   1.53048977e+00  -1.94832461e+00
   -5.57466812e-01 
    1.19998439e+00  -9.94184059e-01  -9.43554093e-01  -1.55164156e+00
   -7.30577375e-02   1.08767367e-01  -1.04264664e+00  -2.54655907e+00
   -2.63886888e+00  -2.59364103e+00  -1.89131318e+00   1.96420563e+00
   -2.55314026e+00  -1.46823668e+00   2.71528714e-01   1.77069886e-01
    5.62375938e-01  -5.57231495e-02  -2.27569304e+00   1.69941177e+00
    1.33545041e+00   1.29008119e+00   5.67221500e-01  -2.53101626e+00
    2.68215222e+00  -9.19806025e-01   2.12506360e+00   5.46124212e-01
    2.68581930e+00   4.68158875e-01   2.12236615e-02  -2.01721615e+00
   -4.57046609e-01 
   -5.21770643e-02  -2.92650411e+00   4.06791052e-01   9.36367425e-01
   -6.35245017e-01   1.39245771e+00  -1.21690980e+00  -2.31124060e+00
   -1.84601787e+00  -1.94840089e-01   1.18840846e+00  -1.28721948e-02
   -2.68667491e+00   1.89335101e+00  -3.76561121e-01   3.00459547e-01
    4.35978591e-01  -1.37279650e+00   1.04459728e+00   1.61633290e+00
   -7.86072577e-01  -1.36917770e+00  -1.44912942e+00  -2.86951536e+00
   -1.62744232e+00  -1.62456494e+00   3.59367935e+00   1.04440370e+00
   -1.22081725e+00  -3.53426492e-01   1.55991459e+00   2.68012818e+00
   -5.74599763e-01 
   -1.17746650e+00   4.58012337e+00  -1.41840029e+00  -2.58820770e+00
   -2.16985599e+00  -1.22168404e+00  -1.17535797e+00  -6.07501448e-02
    1.04574551e+00  -2.38695093e+00  -2.70955411e+00   3.95472376e-01
   -6.38218037e-01   1.31534044e+00  -2.62216615e-01   1.64585834e+00
   -7.00173433e-01  -5.73844478e-01  -2.95030559e-02  -8.64129772e-01
    7.64442262e-01   1.82063261e+00  -6.72582067e-01   9.86806955e-01
    4.71963355e-01  -1.66218691e+00  -1.48792968e+00  -3.32120570e-03
    1.15910464e+00  -9.40705064e-01   1.81021991e+00   1.24833991e+00
   -6.59716783e-01 
   -4.29281287e-01  -9.76257507e-01  -2.53371078e+00  -2.10860379e+00
   -2.14045420e+00   9.62938305e-01  -4.53671868e-02  -1.80584750e-01
   -6.98933026e-01   3.62478729e+00   1.19958720e-01   2.21670405e+00
   -9.80008101e-01   3.75480334e-01  -5.29284687e-01  -1.33051924e+00
   -1.18962093e-01  -1.10553526e+00  -4.22962818e-01  -1.49569145e+00
    3.26354294e-01  -3.51590513e-01  -8.97624720e-01  -6.87725988e-01
   -9.19895982e-02  -2.00934679e-01  -1.91337351e+00   5.08301261e-01
    1.60374795e+00  -1.24886192e+00   2.08413511e+00  -4.38994421e-01
   -2.03034236e-01 
   -2.58650883e-01  -7.95763277e-01   4.95145934e-01   1.96364269e+00
   -2.39641401e+00   1.33131781e+00  -2.47050365e-01   1.10513706e+00
    9.56090887e-01  -7.60680164e-01  -9.44485894e-01   1.01846060e-01
   -1.71552155e+00  -7.46848577e-01  -2.71049334e+00   2.15789865e+00
   -3.07387575e+00   4.43855702e-01   1.00811712e+00  -8.39488815e-01
    8.25854144e-01  -5.95715739e-01   1.45967461e+00   3.54510880e-01
    2.42899783e-01  -2.10870698e+00   9.39044906e-01  -1.35580565e+00
   -1.04642512e-03  -1.16592387e+00  -9.25562251e-01   7.38313003e-01
   -5.76660224e-01 
   -5.87204218e-01   2.23452644e+00   3.22716035e-01  -1.09830618e+00
   -9.79419424e-01  -2.07478881e-01   9.49541383e-01   1.56076813e+00
   -1.09686887e+00   2.37692710e-01  -1.02522169e+00  -6.41960201e-01
    2.37382601e-01   3.77996622e-01   2.00114659e+00  -1.18876499e+00
    4.77764523e-01   2.60625657e-01  -1.39531633e+00   4.28909317e-01
   -7.83872159e-01   9.86313235e-01  -3.73486269e-01  -3.64042818e-01
    9.82400876e-01  -1.25210469e+00  -3.94295947e-01  -3.99608159e-01
   -2.61066107e+00  -1.68649846e-01  -1.91887761e+00  -2.94511889e+00
   -9.63365541e-01 
   -1.59346523e-01  -1.78477988e+00  -2.38019103e+00   2.05922407e+00
    1.42447135e+00   9.21492190e-01  -3.94988572e-01  -4.90815862e-01
    2.12682163e+00   1.29200075e+00   1.96186516e-01   5.22653040e-01
   -4.92557625e-02   2.81952507e-01  -1.05396023e+00  -5.69127709e-01
   -2.21851577e-01  -1.87780307e+00  -9.12469593e-01   1.69471562e+00
   -4.23868082e-01   7.77412530e-01   4.52917034e-01  -1.54476506e+00
   -4.79344979e-01  -1.54963888e+00  -1.62883497e+00  -6.31131203e-01
    1.14110817e+00  -4.69889063e-01  -8.66631885e-01  -6.43512463e-01
   -1.46757767e-01  