NN 16 32 16  -4.10060328 -1.03567056 -0.03450282  0.71921605  2.66005307 -0.97033518
  -2.33974697 -2.10702163  3.60040015 -1.26161702 -0.22817418  0.31230872
   0.96953131 -0.15309817  0.35573575 -0.58624888 -0.86668784 
   0.72714835 -0.65876044 -0.39230565  0.04020854  0.88975372 -0.19414179
   0.35279698  0.35459122 -2.90393037  0.70631737  2.33620859 -4.16310299
   0.88198842  0.70984501 -2.36449889  1.38135355  0.6493754  
  -1.16836211  0.1927794  -2.54980988  0.86000702  3.00264501 -1.92046239
  -0.84900333 -0.92498394 -0.93349518  0.81418762 -0.51472038  0.18049812
   1.48120626 -0.66769101 -0.2618005   2.16347022  0.19509633 
   1.79560909 -0.87248537 -1.36985718  1.05781771  0.2476181  -1.0360001
   0.8519952  -0.50972683 -1.73744541  0.85793279 -1.54274302  1.79454729
   1.83240233 -1.67294409  1.30374491 -1.99741595 -0.14193417 
  -0.09540427 -1.8378195   1.5226286  -1.28363053 -0.10256755 -0.78036158
  -0.20557596 -2.12835     1.26048307 -0.56457049  0.1181222   2.11020237
   1.57318368  2.269875   -0.20457335 -1.5067788  -0.7091164  
  -0.46245262  1.30050813  2.07266745 -1.19625941  0.80207142  1.22391859
   2.18042989 -0.44717994 -0.01108756 -0.18788926 -2.17189336  0.51083032
  -0.82095771 -1.42484018 -0.43183399  0.0407383   0.16457935 
   1.05939083  1.72133654  1.69764023 -1.99995366 -0.16025323  0.3542561
  -2.01709511  1.63617159 -0.49938645  0.53381202  0.97939155  0.18710633
  -0.07625296 -0.41373998 -1.40920406  0.86652854 -0.70042772 
   0.91720205 -1.34621922  1.3683461  -0.44339604  0.62902014  4.37809221
  -2.38422406 -0.18725725  2.67267658  2.37944093  0.23341265 -0.31112996
  -0.60783578 -2.80012254 -1.45639655 -0.12296452 -0.67149882 
   0.07917222  2.79199975 -0.69101641 -1.21011079  0.71799845 -1.26802159
  -1.23048617 -0.21928548 -1.74615248  2.43840661  1.505917   -1.22010558
   0.9940263  -1.91335702  1.50251751 -1.755784   -0.14601299 
  -1.34416492 -0.24388362 -0.75357669  1.11406233  1.83819851 -0.8300537
   1.28658254 -0.71985329 -1.14279887  0.82242235  0.91182023  2.27069925
  -2.92824659  0.47372726 -0.80733832 -1.33041055  0.42511661 
  -0.83302666  0.69529009  0.2061671  -2.95902423 -2.54454852 -1.39471475
   0.2477409   4.35964667 -1.48477371  0.53191565 -0.40657354  3.17064354
  -1.18611043 -0.42980495 -0.10537405  0.04910535 -0.62133113 
   3.25082713 -0.78751071  0.20844161  2.03604501  1.57903843 -0.75121908
  -1.25223723  0.73500236  0.36717107 -1.25675823  0.61425315 -0.50402984
  -3.07777867  0.52904271  1.18972023 -1.09047614 -0.26780936 
  -0.05234039 -2.63919323  1.68343219  0.055288   -0.07994082  0.378085
  -3.46906161 -0.33849262 -1.86083665  1.12874274  3.17316203  0.10121234
  -0.42986885  1.33870278 -0.46783926 -0.70840848 -1.27907977 
  -0.70066638  0.52566969 -0.53115216  0.01040173  2.32679111 -2.15239751
   1.16562724  1.09678951  1.07576685  1.58313632 -2.347637   -1.64903964
  -1.19043607  0.22636686 -0.4577446  -0.14048994 -0.17639199 
   1.74827382 -1.92973922  0.76324594  3.12214481 -2.35236077  0.60646842
   0.4161485  -1.02674408 -1.60253092  0.0152502  -0.6496255  -0.39790361
   0.63868993  2.36249557 -2.33449277 -0.26903899  0.53094957 
   1.66081618 -1.26298973 -0.39770189  0.23288409 -0.21545058 -0.27975237
   3.16230148 -3.06440873 -1.07041188 -1.13195605 -0.51350834 -0.94962154
   1.16213139 -2.04298404  0.92019037  0.65756907  0.53779646 
   1.46181805  0.89998876 -2.97058183 -4.63079599  1.17992793  0.16205318
   0.70881857  1.51472358  0.73276091  0.39816458 -0.84571339 -1.33099994
  -0.35768612  1.60691074 -0.5598851   1.24488487  0.30858165 
  -1.62243395  0.53003352 -0.24340177  0.35667776  0.70482772 -1.97225991
   0.38517464  0.28122561  1.48436028 -1.05431414  1.4053661   0.37748261
   0.87681373 -1.14887109 -0.77487665  1.23431925 -0.73712573 
  -0.24880135 -2.40234392  2.24609174  0.00932405 -2.50239046  0.19629618
  -0.20516886  1.73321949  0.14182843  1.67319181 -1.72416187 -0.53886007
   0.56600536 -1.10099896  0.63695265  0.65842061  0.12203113 
  -1.32202734  0.5338155  -0.89685607  2.44418635 -0.76410693  1.970603
   1.17238274 -1.81653701 -0.04853669 -1.70857307 -0.42325002  0.70681835
   1.79590038 -0.13507997 -0.29154817 -2.46389402  0.36094695 
  -0.2722233   2.78832996  1.24827693 -0.57454174 -0.17326063 -4.82517354
   1.29214549  3.62165146  1.46249301 -2.64616963  0.74189549  0.13101535
  -0.36768888 -0.79815531  0.89192546 -0.3111007  -0.22537979 
  -2.74534326  0.88680036  2.08305725  0.14886446  1.63030177 -1.00736914
  -1.66697925 -0.05822026  2.38168638 -1.17379904  0.35990804 -1.7561141
   0.44535859  0.5415201  -1.17746671 -0.44402751  0.6857279  
  -0.25010607 -0.747414    0.57893802 -0.79081218  2.44090362 -1.07706214
   0.17621222  2.49405906 -2.69132126 -0.96617522  1.41332633  0.95760399
   0.31613471 -0.86179419 -0.52567772 -1.29090992 -0.39885397 
  -2.10242586  0.22198296 -1.32321377  2.04831733 -0.93555334  1.15643549
   0.87962438 -0.7611556   1.03349024  1.48341937  1.93677144 -1.60367399
   0.90183022 -1.39156833  0.63116196 -0.34852703 -0.63327343 
   2.09568157  1.77819212 -2.31306029 -1.37169965 -3.73392377 -1.68190972
   0.89212358  0.54629749  1.44992541 -2.27350559  1.81916871 -0.2510207
   0.73462543 -0.41577101 -0.81816059  0.12264792 -0.18296695 
   1.82106599  0.48243042 -2.18491771  0.11933399 -1.00143825 -0.63738295
   2.89150028 -3.17064274 -0.28700136 -0.14986695  0.22604335  0.83437784
  -0.14113034  1.37590269  0.75076062  1.37801267 -0.46801942 
  -0.63434314 -0.30880223  1.98929163 -0.16598391  1.92901336  2.01750465
  -3.53529245  0.39614434  0.38798698 -0.94098433 -3.47658333  0.11137937
   2.10607212 -1.47972391 -0.12570714  3.33405696 -0.26343937 
  -0.54118663  3.13849844  1.17440564  0.22445797 -1.40891682  1.8606119
  -0.7795869   0.19865055 -0.88552971 -2.43758491 -0.11886322  0.02181231
  -0.92971412  0.67845916 -0.09545195  0.79744487 -0.60328202 
  -0.17792947 -0.92306684 -1.40880026  0.06173693 -0.08246696  2.67647968
  -0.73466142  0.90448705  0.29162356 -2.96313702  1.09643602 -0.1878747
  -1.54786378  0.06186309  3.37194589 -1.60715944  0.72535951 
  -0.11459035  2.72199633  0.08205829 -0.965064    1.0182365  -1.7525238
  -2.58112728 -1.07653165 -0.50744675 -0.98348825 -0.14306379  0.97811489
   0.82092944  0.57333862  0.317561    1.05337956 -0.09862876 
  -0.77458635  0.11783871  3.19492454  1.79106222  0.7824608   0.50726562
  -2.24571452 -1.41645503 -0.76891619  0.60031279 -2.12194622 -1.46331196
  -1.86210162  1.83767224  1.89787282  1.24968987  0.28017329 
   1.61105299  0.96722831 -1.12132711 -0.32217236 -0.94511138 -0.13882685
  -0.42927053 -0.64636127  1.80504812  1.77208515 -2.49272702 -2.19025577
  -0.53212563 -1.89776611  2.47318995  0.8165227  -0.6083811       3.72212100e+00  -1.12634086e+00   5.39872527e-01  -2.01236660e+00
   -9.34833923e-01   1.48362549e+00  -8.32059910e-01  -1.16815224e+00
    3.47398559e-01   6.62986914e-01  -3.32917963e-02  -3.25177025e+00
   -8.00978653e-01   6.73052134e-01   1.09848172e+00  -1.48580521e+00
   -1.40216545e-01   9.70842545e-02   2.04383114e-01  -8.98055017e-02
   -1.10367261e-01   1.77570910e+00   7.64049618e-01   2.13723494e+00
   -1.27770678e+00  -8.70072988e-01   3.00115917e-01  -1.66682807e-01
    7.40933125e-02  -2.38029088e-01   5.33005536e-02  -1.18536059e+00
    2.23927154e-02 
    6.34833415e-01   3.77646714e-01  -1.90225404e-01  -2.95266799e-01
    1.07556514e+00  -3.68904636e-01  -1.39820615e+00   8.72985586e-01
   -2.00382135e+00  -2.00061771e-01  -8.40288300e-01  -1.51252664e-02
    1.14527806e+00  -1.02849642e-01   1.52912544e+00  -5.78924048e-02
   -1.12091490e-01  -1.16824447e+00   2.01271164e+00  -2.09073479e+00
   -1.41142277e+00   2.52307174e-01   3.62510480e-01   1.10648204e-01
   -1.37684061e+00   6.98933219e-01   7.60308251e-01  -4.57629518e+00
    1.48220846e+00  -1.60385359e+00   2.11277305e-01  -1.18913754e+00
    3.10654527e-01 
    6.40456791e-01  -1.31455958e-01   2.92007703e+00   1.23554823e+00
   -1.76688955e+00  -1.97444335e+00  -1.29661783e+00  -8.31272234e-01
    1.26949225e+00   1.01474955e+00   3.21449246e-01   5.40030527e-01
   -2.08584644e+00   4.80714385e-02  -5.04400660e-01  -1.19734819e+00
    2.21521083e+00   3.31402506e-03  -1.40191454e+00   1.39563579e+00
   -1.36049484e+00  -2.48766529e+00  -9.61573169e-01   1.15259796e+00
    1.17582304e+00   6.76486707e-01  -2.59559446e+00  -5.79524716e-01
    2.23442802e+00  -1.49167179e-01  -2.25062296e+00   9.44921883e-01
   -3.68905092e-01 
   -1.56349631e+00   3.09773498e-01  -1.49885972e+00  -1.03767223e+00
    1.90986071e+00   1.30140936e+00   1.17160258e+00   1.07515087e-01
    5.31321190e-01  -8.71320937e-01   2.91309016e+00  -2.00506343e+00
    2.28024152e-01  -8.62382828e-01  -3.26174928e+00   2.56300518e-01
    3.90380874e+00  -1.62338826e-01   1.13464379e-02  -2.25806823e+00
   -1.03847441e+00   5.36885214e-01   8.05695833e-01  -2.83225535e+00
    5.73270925e-01   4.74789174e-01   6.46246998e-02   1.44015053e-01
   -2.46840933e-01   2.12016538e-01  -1.64518884e+00  -5.05273055e-01
   -2.01211076e-01 
   -2.06120806e+00  -1.14960644e+00  -2.40902679e+00  -5.77349190e-01
    6.78548466e-03  -3.51965652e-01  -1.06046229e-03  -1.08754966e+00
   -2.00270358e-01  -3.06491541e+00   1.57556542e+00  -6.49122722e-01
   -1.83212569e-01  -2.59468144e+00   2.93137320e+00  -1.78459125e+00
   -4.70248846e-03  -1.70773377e+00   2.67569716e+00  -4.76143143e-01
    1.07199665e+00  -1.19500416e+00  -3.40622190e+00   2.19280666e+00
    1.72935687e+00   1.22372004e+00  -1.63787015e+00  -4.11069322e-02
   -3.27231465e-01  -1.34056473e-01  -1.08723978e+00   1.93327059e+00
   -1.84361957e-01 
   -1.57078621e+00  -2.97457322e-01   7.57263828e-01   3.53174008e-01
    1.21549710e+00  -6.60945022e-01  -5.09344973e-01  -3.57541100e+00
    1.14440365e+00   1.47781365e-01  -2.47366556e-01   4.66869057e-01
   -9.01813158e-01   1.93224954e+00  -6.92581988e-01  -2.09773259e+00
   -1.35574790e+00   7.80509005e-01  -1.33547175e-01  -2.53141888e+00
    4.37487863e+00   5.18443402e-01  -1.66554803e-01  -2.10529776e-01
    5.58282887e-01   6.27195918e-01  -1.10516378e+00  -1.81045362e+00
   -3.73254372e+00   8.38613087e-01  -1.19284048e-01   4.07828603e-01
    8.92440362e-02 
    8.83284591e-01  -1.53793573e+00  -8.11949686e-02  -8.63679273e-01
   -1.47216326e-01  -2.62962219e+00   1.05438057e+00   1.03175041e+00
    5.65412437e-01  -2.09444749e+00  -5.74379353e-01   2.79011080e+00
    2.88956044e+00  -1.65671761e+00  -1.09842408e+00  -4.01034666e+00
   -7.36520672e-01   8.02692324e-02  -1.30709579e-02  -7.05731303e-01
   -7.13597800e-01  -1.27346993e-01  -4.03158551e-01  -7.42800049e-01
   -1.27379994e+00  -1.99092455e+00   9.40264510e-01   4.79501847e-01
    5.68491376e-01   2.82616734e+00   9.73842468e-01   2.84287297e-01
   -4.23896317e-01 
    1.90412970e-01  -5.96025053e-01   2.18989996e+00  -6.59510897e-01
    1.85008867e+00  -9.27756748e-02  -9.14255026e-01  -1.73891163e-01
   -2.08050084e-01   4.90136410e-01  -4.43966716e+00   1.97918174e-01
    2.85998151e-01  -1.89222670e+00  -4.67502561e-01   2.36791083e+00
   -2.46395045e+00  -5.44485030e-01  -2.26266626e+00  -2.50554855e-01
   -2.68938030e+00  -3.28535916e-02  -3.04807044e+00   2.86009644e-01
   -2.99259457e-01   3.53226175e+00   4.00081040e-01   7.05698623e-01
   -1.40345304e+00   8.18114331e-01   1.20194419e+00  -4.90492453e-02
   -1.07059325e+00 
   -2.15060321e+00   2.51985289e+00   1.16329871e+00   1.53451466e+00
   -2.01415303e+00  -2.07159505e-01   1.24577010e+00  -2.40943526e+00
    2.37649283e+00   3.07711658e-01   7.30333670e-01  -1.65416237e+00
    1.09913453e+00  -1.69159233e+00   1.90818459e+00   1.30954587e+00
   -6.87173865e-01  -2.59140403e+00  -3.43857941e-01   5.76525997e-01
   -1.56692927e+00  -1.83834934e+00   2.16402392e+00  -1.24085876e+00
   -1.95483253e+00  -3.00440635e-01   7.49989788e-03   3.89856721e-01
   -1.36954259e+00  -5.85069078e-02   1.53959806e+00  -1.95575443e+00
   -5.45912403e-01 
    1.17548906e+00  -1.02473249e+00  -9.73154538e-01  -1.56999006e+00
   -1.79123034e-01   8.59635865e-02  -1.05072075e+00  -2.53919750e+00
   -2.64255818e+00  -2.63778521e+00  -1.91136462e+00   2.00771335e+00
   -2.62447630e+00  -1.44776651e+00   2.22302919e-01   1.37582535e-01
    5.59879925e-01  -7.09005089e-02  -2.29234970e+00   1.66626672e+00
    1.37983074e+00   1.27637231e+00   5.19366471e-01  -2.54008697e+00
    2.69027104e+00  -9.84487325e-01   2.07524272e+00   5.56540300e-01
    2.66473650e+00   4.65238323e-01  -2.42708096e-02  -1.99536384e+00
   -5.05303357e-01 
   -2.86139592e-02  -2.95393294e+00   4.75893333e-01   1.00486177e+00
   -5.97496539e-01   1.42924123e+00  -1.18513745e+00  -2.29573307e+00
   -1.85111714e+00  -1.62118346e-01   1.21390164e+00  -8.73432316e-03
   -2.64157197e+00   1.91235983e+00  -3.27704514e-01   2.96500699e-01
    4.21452865e-01  -1.35705714e+00   1.09933318e+00   1.64863379e+00
   -7.55217718e-01  -1.35474655e+00  -1.37161365e+00  -2.88202972e+00
   -1.61844282e+00  -1.65093086e+00   3.64748412e+00   1.06219248e+00
   -1.19618653e+00  -3.14323357e-01   1.60860102e+00   2.65537974e+00
   -5.18267132e-01 
   -1.19149786e+00   4.60650497e+00  -1.43331452e+00  -2.60319526e+00
   -2.18651978e+00  -1.25016956e+00  -1.19381483e+00  -1.12012304e-01
    1.03566014e+00  -2.40103675e+00  -2.72007763e+00   4.00087770e-01
   -6.46341359e-01   1.32458713e+00  -3.08710898e-01   1.63596175e+00
   -6.76249586e-01  -5.78127393e-01  -4.88354615e-02  -9.07906626e-01
    7.81606188e-01   1.80813358e+00  -6.65391964e-01   9.42764592e-01
    4.60600574e-01  -1.67467645e+00  -1.51462694e+00  -4.97929547e-02
    1.14840361e+00  -9.71009102e-01   1.77866096e+00   1.23308057e+00
   -6.99689982e-01 
   -4.29168706e-01  -1.01067098e+00  -2.54075632e+00  -2.11659433e+00
   -2.15515001e+00   9.62483888e-01  -6.98115192e-02  -1.90910388e-01
   -7.07145633e-01   3.64424537e+00   1.18522314e-01   2.19599162e+00
   -9.80836315e-01   3.79979165e-01  -5.65307031e-01  -1.34578744e+00
   -1.35125625e-01  -1.12674403e+00  -4.51284473e-01  -1.51567952e+00
    2.94163123e-01  -3.61720140e-01  -9.05357709e-01  -7.19799785e-01
   -1.19329660e-01  -2.33804049e-01  -1.93635360e+00   4.90744276e-01
    1.58147620e+00  -1.25050340e+00   2.07115662e+00  -4.48035438e-01
   -2.38359240e-01 
   -2.46697593e-01  -7.99452254e-01   5.04049341e-01   1.97718401e+00
   -2.39410453e+00   1.34595657e+00  -2.43929562e-01   1.12221738e+00
    9.66482319e-01  -7.56921437e-01  -9.36451536e-01   1.00537727e-01
   -1.71938342e+00  -7.45090017e-01  -2.72075812e+00   2.18095094e+00
   -3.07921498e+00   4.64939863e-01   1.02229074e+00  -8.43107032e-01
    8.51809122e-01  -5.86237283e-01   1.47220839e+00   3.63416366e-01
    2.48532790e-01  -2.10013072e+00   9.44537258e-01  -1.36528520e+00
   -8.61342350e-03  -1.16955867e+00  -9.31140260e-01   7.45118114e-01
   -5.70807828e-01 
   -5.74642856e-01   2.26451810e+00   3.41253438e-01  -1.10625982e+00
   -9.69042397e-01  -2.14227783e-01   9.79615687e-01   1.59691303e+00
   -1.08984706e+00   2.46431587e-01  -1.02104144e+00  -6.33001046e-01
    2.44927847e-01   3.75538331e-01   2.01869988e+00  -1.20065443e+00
    4.90285395e-01   2.66383078e-01  -1.41818292e+00   4.38823999e-01
   -8.01941492e-01   9.98058345e-01  -3.76364210e-01  -3.65147645e-01
    9.93446486e-01  -1.23724351e+00  -3.66423724e-01  -3.95887627e-01
   -2.63134176e+00  -1.43026384e-01  -1.92551869e+00  -2.95475935e+00
   -9.52997900e-01 
   -1.63957334e-01  -1.79225896e+00  -2.40067891e+00   2.05401842e+00
    1.39780222e+00   9.03252780e-01  -4.06045194e-01  -5.01857129e-01
    2.11822157e+00   1.27504490e+00   1.80819381e-01   5.23740974e-01
   -4.43744614e-02   2.71534946e-01  -1.06678231e+00  -5.87619020e-01
   -2.48733726e-01  -1.90355901e+00  -9.29641299e-01   1.68052345e+00
   -4.44608241e-01   7.67847090e-01   4.49116350e-01  -1.57432289e+00
   -4.97174784e-01  -1.58561469e+00  -1.63382578e+00  -6.45583222e-01
    1.13012626e+00  -4.84735514e-01  -8.74237456e-01  -6.54735593e-01
   -1.81353133e-01  