NN 16 32 16   -3.65583831e+00  -9.92899805e-01  -8.41322322e-02   5.53853420e-01
    2.51110206e+00  -1.00827454e+00  -1.94360846e+00  -2.09681257e+00
    3.20379296e+00  -1.18753112e+00  -1.70959214e-01   1.94318085e-01
    9.31603952e-01  -2.05906342e-01   2.66326120e-01  -5.11794822e-01
   -8.38828739e-01 
    6.31742443e-01  -6.24633327e-01  -4.72074835e-01  -2.46707017e-01
    1.11916789e+00  -3.47710432e-01   9.41459318e-02   5.38100547e-01
   -2.60581600e+00   7.55360575e-01   2.07242833e+00  -3.75805008e+00
    7.34940641e-01   7.27984486e-01  -2.00546489e+00   1.30815645e+00
    5.90065758e-01 
   -8.99344861e-01   1.22010875e-01  -2.53910345e+00   8.00567459e-01
    2.57671610e+00  -1.84662197e+00  -5.84361845e-01  -7.93947924e-01
   -1.02555414e+00   5.72914785e-01  -2.76976464e-01   1.60242524e-01
    1.45317805e+00  -7.69698795e-01  -2.53028863e-01   1.98720930e+00
    1.40739981e-01 
    1.56234588e+00  -7.64275609e-01  -1.28455129e+00   1.04102470e+00
    6.44765902e-02  -1.11081058e+00   8.60980894e-01  -4.30245554e-01
   -1.58773975e+00   7.82365282e-01  -1.58402414e+00   1.72500914e+00
    1.69245488e+00  -1.61134834e+00   1.13689646e+00  -1.90692600e+00
   -2.39852021e-01 
   -1.80586376e-01  -1.40673078e+00   1.55446941e+00  -1.05154891e+00
   -1.03471148e-01  -6.15581568e-01   1.01196070e-01  -2.05373843e+00
    1.17608902e+00  -5.11705037e-01   8.45812275e-02   2.03318483e+00
    1.60868140e+00   2.23842373e+00  -8.66510323e-02  -1.41113980e+00
   -6.57070195e-01 
   -4.15206863e-01   1.18405153e+00   1.80768250e+00  -1.29703062e+00
    7.06397146e-01   1.16877423e+00   1.90102042e+00  -3.94651708e-01
   -6.52610441e-02  -2.95696227e-01  -1.99456121e+00   4.03319717e-01
   -8.72531526e-01  -1.47424160e+00  -5.07539531e-01  -1.59488916e-01
   -1.67427906e-02 
    7.53052677e-01   1.57277007e+00   1.55813245e+00  -1.86364597e+00
    3.47964895e-02   9.69575541e-03  -1.89483449e+00   1.15972545e+00
   -5.70251407e-01   5.59809617e-01   8.03771697e-01   2.69702252e-01
   -2.07895694e-01  -4.68522373e-01  -1.44732197e+00   7.76802109e-01
   -7.14982713e-01 
    7.29053890e-01  -1.29707016e+00   1.03892833e+00  -4.49011741e-01
    5.68238272e-01   4.03268715e+00  -1.99557607e+00  -1.96653193e-01
    2.32472952e+00   2.22496408e+00   4.49562534e-01  -5.44290580e-01
   -6.59400946e-01  -2.66951030e+00  -1.35365133e+00  -1.15375463e-01
   -6.86585242e-01 
    1.57425092e-01   2.53444160e+00  -8.19788893e-01  -1.02852192e+00
    7.20344877e-01  -1.25233559e+00  -1.21688968e+00  -1.76667139e-01
   -1.65148421e+00   2.43673369e+00   1.30158597e+00  -1.21105385e+00
    8.11027677e-01  -1.80822627e+00   1.35270508e+00  -1.60470954e+00
   -1.58178848e-01 
   -1.36202171e+00  -1.72743685e-01  -6.59136879e-01   1.23491960e+00
    1.75704915e+00  -9.58083749e-01   1.20655665e+00  -8.83592571e-01
   -1.07327991e+00   1.10010984e+00   4.46425219e-01   1.91900046e+00
   -2.75068717e+00   4.99614151e-01  -6.58002234e-01  -1.35386587e+00
    2.99214788e-01 
   -4.81436981e-01   4.33390044e-01  -6.54980261e-02  -2.74893743e+00
   -1.99256299e+00  -1.51375011e+00  -2.74704139e-03   4.09535619e+00
   -1.09042785e+00   5.93127407e-01  -4.80128141e-01   3.04624052e+00
   -9.89148946e-01  -3.27432507e-01  -9.64771918e-02   4.38207247e-02
   -5.87476508e-01 
    2.91728791e+00  -8.65630329e-01   3.17828404e-01   1.91859815e+00
    1.51457050e+00  -6.01213687e-01  -1.33469927e+00   5.48938498e-01
    2.32164482e-01  -1.16187722e+00   4.15232823e-01  -3.95412105e-01
   -2.94332057e+00   4.17175625e-01   1.00756470e+00  -8.90174547e-01
   -1.76907097e-01 
   -1.90352228e-01  -2.04908935e+00   1.36926221e+00   2.00497312e-01
    5.05482373e-02   2.97768426e-01  -3.42517990e+00  -6.27118049e-02
   -1.69394643e+00   9.92322683e-01   2.96612942e+00   7.26252267e-02
   -3.47612075e-01   1.34170702e+00  -5.59477269e-01  -6.15761261e-01
   -1.19359005e+00 
   -4.95210883e-01   2.33264165e-01  -4.95705395e-01   9.62670178e-02
    2.09541435e+00  -1.96831015e+00   8.49061501e-01   9.13644338e-01
    1.06196096e+00   1.59585522e+00  -2.29660958e+00  -1.76536598e+00
   -9.94994035e-01   3.57342382e-01  -4.09441972e-01  -1.30143717e-01
   -1.46157720e-01 
    1.57440786e+00  -1.82485666e+00   4.45039444e-01   2.90979985e+00
   -2.17860610e+00   7.64364830e-01   5.08459982e-01  -8.29582311e-01
   -1.62428124e+00  -2.33640416e-01  -4.42493969e-01  -2.13324678e-01
    7.32974389e-01   2.35382353e+00  -2.10392808e+00  -1.49091570e-01
    5.83991908e-01 
    1.41575040e+00  -1.07411781e+00  -2.94234124e-01   1.13427944e-01
   -1.80473210e-01  -3.15920142e-01   3.16672221e+00  -2.94913775e+00
   -1.33504961e+00  -8.65169544e-01  -4.56904339e-01  -8.48161506e-01
    1.22678710e+00  -1.88381458e+00   8.71139564e-01   5.05257411e-01
    5.02746042e-01 
    1.48670728e+00   7.14038399e-01  -3.04799710e+00  -4.12804427e+00
    1.01662242e+00   6.77995404e-02   8.32493447e-01   1.44340054e+00
    8.25528883e-01   1.98208081e-01  -8.33448492e-01  -1.12542559e+00
   -2.96630080e-01   1.74534962e+00  -5.14035815e-01   1.11796626e+00
    2.63281726e-01 
   -1.39861259e+00   4.10221068e-01  -2.55397496e-01   2.74334666e-01
    6.77638113e-01  -1.56695191e+00   2.88244324e-02   2.89543747e-01
    1.48923995e+00  -8.64257142e-01   1.12694637e+00   1.82429479e-01
    9.01014426e-01  -1.02783369e+00  -6.48663919e-01   1.18943330e+00
   -6.41198280e-01 
   -1.86193284e-01  -2.28480382e+00   2.21870724e+00  -1.61449314e-01
   -2.36532863e+00   3.92457527e-01  -2.55321054e-01   1.60512279e+00
    2.13177379e-01   1.51438226e+00  -1.61450584e+00  -4.96633712e-01
    5.74355253e-01  -1.15427372e+00   6.20149729e-01   6.32101981e-01
    1.15108475e-01 
   -1.32411002e+00   5.01115907e-01  -8.12495230e-01   2.21770794e+00
   -7.87066324e-01   1.73009687e+00   1.12220760e+00  -1.40721314e+00
   -2.52155320e-01  -1.76810954e+00  -5.95645886e-01   7.00619853e-01
    1.85634652e+00   2.02278292e-01  -1.96603839e-01  -2.14398423e+00
    4.18197496e-01 
    7.06606728e-03   2.56536991e+00   1.12398519e+00  -5.18303799e-01
   -2.54417854e-01  -4.64527488e+00   1.20248836e+00   3.48207354e+00
    1.36332112e+00  -2.23885233e+00   7.29693009e-01  -2.79359145e-01
   -4.39137529e-01  -7.15963124e-01   7.46194594e-01  -2.64768310e-01
   -2.48669372e-01 
   -2.61598414e+00   9.17391934e-01   1.89973953e+00  -2.63961495e-02
    1.57080297e+00  -8.93804495e-01  -1.25355406e+00  -3.63426002e-01
    2.41043624e+00  -1.16385108e+00   3.37292573e-01  -1.76862331e+00
    6.10950855e-01   5.06825501e-01  -1.09964055e+00  -3.97592728e-01
    6.67958033e-01 
   -3.05704054e-01  -7.80377407e-01   5.98595562e-01  -9.32337203e-01
    2.31866337e+00  -1.26470619e+00   9.47345319e-02   2.31999136e+00
   -2.53766578e+00  -6.97075091e-01   1.24969968e+00   7.21445976e-01
    3.73282718e-01  -8.13967132e-01  -5.02286905e-01  -1.10273295e+00
   -3.96604931e-01 
   -1.99471006e+00   1.89390465e-01  -1.43575017e+00   2.06433077e+00
   -9.73203817e-01   1.20283496e+00   8.54723124e-01  -6.31314930e-01
    1.06064870e+00   1.44518893e+00   1.57968102e+00  -1.84942892e+00
    8.38402516e-01  -1.34878224e+00   5.76595367e-01  -2.60876117e-01
   -6.31846045e-01 
    1.76701461e+00   1.64974484e+00  -1.92675170e+00  -1.13496637e+00
   -3.71768610e+00  -1.20050913e+00   1.00332811e+00   4.61008822e-01
    1.25131436e+00  -2.50943490e+00   1.90173958e+00  -1.22893323e-01
    5.75610939e-01  -3.43448969e-01  -7.73228517e-01   1.16170861e-01
   -1.61051139e-01 
    1.80716664e+00   2.11674262e-01  -1.81930079e+00  -1.52820134e-01
   -9.74376564e-01  -5.12348751e-01   2.77395117e+00  -2.98558501e+00
   -1.82850310e-01  -2.53538006e-01   1.80219865e-01   9.50430459e-01
   -2.32474744e-01   1.31576466e+00   7.97257432e-01   1.11474655e+00
   -5.53411041e-01 
   -5.77248800e-01  -5.07016905e-01   1.94541775e+00  -2.93432610e-01
    1.62331294e+00   1.82600619e+00  -3.28495038e+00   3.66957890e-01
    3.24481751e-01  -8.41928450e-01  -3.16448774e+00   1.76802954e-01
    1.92976634e+00  -1.39064841e+00  -6.58829142e-02   3.03378440e+00
   -2.53400013e-01 
   -8.20698641e-01   2.70980870e+00   1.25655222e+00   6.46599742e-02
   -1.29860036e+00   1.97528564e+00  -4.93903002e-01  -1.40879614e-01
   -9.34923341e-01  -2.10622295e+00  -2.24472440e-01  -1.52121638e-01
   -9.12760101e-01   5.81018918e-01  -8.33123384e-02   7.59216900e-01
   -5.31984467e-01 
   -2.40090208e-01  -1.02583979e+00  -1.32337445e+00   1.42369337e-01
    6.32765009e-03   2.59182100e+00  -7.42798624e-01   7.84410699e-01
    2.53512173e-01  -2.67114165e+00   1.20349604e+00  -3.78089562e-01
   -1.43356051e+00  -3.63054869e-02   3.02026633e+00  -1.51559963e+00
    6.00176347e-01 
   -2.74674383e-01   2.22945619e+00   3.37572117e-01  -8.93286063e-01
    8.25963953e-01  -1.61372102e+00  -2.48637721e+00  -1.37639635e+00
   -5.17132494e-01  -8.69775374e-01  -1.69501275e-01   9.31684030e-01
    7.43273221e-01   4.27479643e-01   8.52715529e-02   9.70201259e-01
   -1.00691999e-01 
   -9.98157556e-01   2.24505126e-01   2.77745203e+00   1.57199455e+00
    1.05726028e+00   2.84340203e-01  -1.97041856e+00  -1.15584602e+00
   -6.60176649e-01   8.37390319e-01  -1.90409246e+00  -1.42529853e+00
   -1.64942435e+00   1.59130372e+00   1.69596734e+00   1.17862182e+00
    3.09798547e-01 
    1.48218012e+00   9.05870037e-01  -1.01196514e+00  -3.07272139e-01
   -8.77534061e-01  -2.72236566e-01  -4.83634379e-01  -4.76412778e-01
    1.76693224e+00   1.56415828e+00  -2.28324077e+00  -1.95742628e+00
   -4.72764372e-01  -1.66843421e+00   2.44536756e+00   8.10299541e-01
   -5.15463211e-01      3.43758524e+00  -9.30972562e-01   2.75836166e-01  -2.02150571e+00
   -8.55019578e-01   1.36630975e+00  -6.35502806e-01  -8.96166556e-01
    5.70003713e-01   7.02758237e-01   2.52616042e-01  -3.16006980e+00
   -8.47813626e-01   3.87872406e-01   9.48390343e-01  -1.66031277e+00
   -8.00893976e-02   1.75927049e-01   3.29783198e-01   1.68225374e-01
   -1.77564361e-01   1.91582644e+00   5.42003903e-01   2.24424726e+00
   -1.56159427e+00  -8.21746113e-01   5.19037060e-01  -1.09479696e-01
   -1.46877712e-01  -4.36907174e-01   2.09862909e-01  -1.28954657e+00
   -8.03582236e-02 
    7.57622907e-01   5.16789917e-01  -3.21377697e-01  -1.91450845e-01
    1.00730218e+00  -2.01693217e-01  -1.44450675e+00   9.25007215e-01
   -2.18920745e+00  -1.97302217e-01  -9.66482912e-01   1.37865863e-03
    1.08843353e+00  -1.84500239e-01   1.60730374e+00   1.38785215e-01
    1.35705928e-01  -8.93101069e-01   1.99364916e+00  -2.03562146e+00
   -1.50804378e+00   3.42251756e-01   4.50999167e-01   6.89991513e-02
   -1.37267367e+00   7.61646380e-01   7.57725750e-01  -4.18802247e+00
    1.38093730e+00  -1.80871973e+00   5.10874429e-02  -1.30133449e+00
    2.02408562e-01 
    5.86822826e-01  -2.62885947e-02   2.71236053e+00   1.06910910e+00
   -1.86986386e+00  -1.78056505e+00  -9.86083525e-01  -8.70327894e-01
    1.42341365e+00   1.09760071e+00   3.27863967e-01   5.53345547e-01
   -2.12038197e+00  -5.19728394e-04  -4.20043776e-01  -1.23467565e+00
    2.22403395e+00  -9.40387179e-02  -1.42908664e+00   1.16446343e+00
   -1.41563155e+00  -2.63380844e+00  -1.23108986e+00   1.22046390e+00
    1.15690393e+00   7.66282279e-01  -2.34276771e+00  -5.73401752e-01
    2.05331591e+00  -2.78510214e-01  -2.28837902e+00   8.85143246e-01
   -4.11106358e-01 
   -1.48985898e+00   3.96641027e-01  -1.41272585e+00  -1.01189834e+00
    1.79483842e+00   1.33873180e+00   1.30339187e+00   1.93718034e-01
    5.82690891e-01  -8.88169187e-01   2.67336178e+00  -2.00473249e+00
    5.12600480e-01  -9.27735269e-01  -3.26814110e+00   1.19265251e-01
    3.74511072e+00  -1.49102869e-01   1.16601254e-01  -2.19462363e+00
   -9.74152089e-01   6.66939255e-01   8.21843066e-01  -2.92794118e+00
    5.35795115e-01   5.96103280e-01  -7.99063325e-02   1.85318908e-01
   -4.11407722e-01   3.22313740e-01  -1.66197739e+00  -6.12131620e-01
   -1.61922404e-01 
   -1.83045360e+00  -1.20235510e+00  -2.20609012e+00  -5.72853996e-01
    1.61067671e-01  -2.63138366e-01   3.66974292e-02  -1.18160733e+00
   -3.21924645e-01  -2.79770928e+00   1.49192541e+00  -5.34260007e-01
   -1.58628644e-01  -2.43875729e+00   2.73106387e+00  -1.68889649e+00
   -1.18892660e-01  -1.39352849e+00   2.39215416e+00  -9.92116156e-02
    1.34455314e+00  -1.28937422e+00  -3.13137970e+00   2.12289443e+00
    2.16033468e+00   1.41777381e+00  -1.54158552e+00  -8.86396620e-02
   -4.30047218e-01  -2.31018304e-01  -1.24346759e+00   1.55364849e+00
   -1.75291636e-01 
   -1.40448491e+00  -2.30154106e-01   5.51976581e-01   4.84716600e-01
    1.04444754e+00  -6.82779018e-01  -3.78589094e-01  -3.58490679e+00
    1.11048054e+00   3.39925517e-03  -1.73720737e-01   3.14038320e-01
   -9.03531473e-01   1.93810125e+00  -8.42591133e-01  -2.09312913e+00
   -1.44960695e+00   4.76082381e-01  -3.68474917e-02  -2.60421649e+00
    4.43846226e+00   3.99594982e-01  -5.03511713e-02  -8.63834964e-02
    1.97563327e-01   4.71155971e-01  -1.37923400e+00  -1.65552581e+00
   -3.78747883e+00   7.36954650e-01  -1.63897434e-01   3.73734581e-01
   -7.45267119e-02 
    7.10830693e-01  -1.13267978e+00   1.63789203e-01  -1.03673112e+00
   -8.21688128e-02  -2.21700344e+00   1.13202500e+00   8.65792031e-01
    5.44235355e-01  -2.11964895e+00  -8.25916097e-01   2.59837748e+00
    2.99901469e+00  -1.67899397e+00  -1.11278515e+00  -3.85434722e+00
   -1.05440057e+00   1.27536724e-01  -2.58203468e-01  -4.03057608e-01
   -8.50475868e-01  -2.86891642e-01  -4.12618892e-01  -6.01928009e-01
   -1.37937326e+00  -1.62204308e+00   1.08580242e+00   2.26526010e-01
    3.50464348e-01   2.82936927e+00   7.64790929e-01   4.03262572e-01
   -3.43592963e-01 
    1.22896426e-01  -6.60225139e-01   2.05225099e+00  -6.40432712e-01
    1.64887899e+00  -7.72974762e-02  -8.98687654e-01  -1.34847851e-01
   -2.48379390e-01   4.62896436e-01  -4.24166761e+00   1.28931251e-01
    4.78885443e-02  -1.75765496e+00  -3.52471465e-01   2.30258563e+00
   -2.36066960e+00  -5.63768870e-01  -2.26762063e+00  -4.20185182e-01
   -2.40072766e+00  -1.52699158e-01  -2.80983872e+00   2.38505079e-01
   -4.91788662e-01   3.42692657e+00   4.77289883e-01   6.08460561e-01
   -1.46028287e+00   7.95927727e-01   1.15767501e+00  -1.56142639e-01
   -8.94394050e-01 
   -2.05074651e+00   2.33904418e+00   1.14215654e+00   1.32555275e+00
   -2.00953042e+00  -2.64454029e-01   1.19619095e+00  -2.28784314e+00
    2.16946422e+00   3.93658638e-01   6.11431360e-01  -1.48312560e+00
    1.16375543e+00  -1.49978474e+00   1.93065728e+00   1.22165446e+00
   -8.50103391e-01  -2.34213231e+00  -3.44998748e-01   5.06605456e-01
   -1.53766145e+00  -1.70580959e+00   2.08710523e+00  -1.34573594e+00
   -1.92388174e+00  -4.94960093e-01   5.70329987e-02   4.77035553e-01
   -1.36904678e+00  -1.50750236e-01   1.55633176e+00  -1.84463207e+00
   -5.59912971e-01 
    9.99793979e-01  -9.17559603e-01  -8.55279955e-01  -1.31631122e+00
   -1.43476613e-01   1.84731574e-01  -9.37649612e-01  -2.42096470e+00
   -2.41057512e+00  -2.63666815e+00  -1.82887497e+00   1.69399373e+00
   -2.48164441e+00  -1.42857620e+00   1.58876448e-01   1.67550534e-01
    5.54978683e-01  -8.72505978e-03  -2.14996517e+00   1.72959817e+00
    1.26647857e+00   1.22161621e+00   5.63822843e-01  -2.60677328e+00
    2.69752891e+00  -7.31748229e-01   1.91427618e+00   4.15667636e-01
    2.34666488e+00   3.76308271e-01  -9.98039012e-03  -1.80800030e+00
   -3.42300167e-01 
   -1.55174354e-01  -2.77413422e+00   3.49919274e-01   8.54327372e-01
   -5.95915385e-01   1.23653047e+00  -1.13742454e+00  -2.26130214e+00
   -1.63859330e+00  -7.70599265e-02   1.13835550e+00   1.00193514e-01
   -2.65793179e+00   1.85032804e+00  -3.67190131e-01   2.42630147e-01
    5.19916428e-01  -1.23755689e+00   9.86363691e-01   1.63668285e+00
   -7.55259229e-01  -1.29187214e+00  -1.38324783e+00  -2.70344683e+00
   -1.66992441e+00  -1.57653785e+00   3.36611053e+00   1.02047569e+00
   -1.19358810e+00  -3.75985175e-01   1.52509587e+00   2.50277723e+00
   -4.69806834e-01 
   -1.27398913e+00   4.30502290e+00  -1.32393661e+00  -2.55042899e+00
   -2.05512343e+00  -1.24718535e+00  -1.11754104e+00   2.12758948e-02
    1.04844582e+00  -2.31043442e+00  -2.60762752e+00   3.08098559e-01
   -6.72903135e-01   1.24757529e+00  -1.52935073e-01   1.60946585e+00
   -7.29638867e-01  -5.37299500e-01  -3.24272338e-02  -9.05633057e-01
    7.74003782e-01   1.79346413e+00  -5.70570644e-01   9.02550747e-01
    6.42024543e-01  -1.67896495e+00  -1.49395931e+00  -4.22646429e-02
    1.13183359e+00  -8.80968656e-01   1.55015885e+00   1.08243554e+00
   -6.11840552e-01 
   -4.34536692e-01  -9.54613077e-01  -2.53449023e+00  -2.04825881e+00
   -2.02374059e+00   9.20789879e-01   6.92038202e-03  -1.69735887e-01
   -6.57000853e-01   3.38043094e+00   5.77581832e-02   2.14961105e+00
   -1.00435387e+00   2.75659139e-01  -4.56310302e-01  -1.29943922e+00
   -7.52918244e-02  -1.10701790e+00  -3.92438931e-01  -1.42154824e+00
    3.40529491e-01  -3.87493726e-01  -8.92741102e-01  -7.02390571e-01
   -2.47914950e-02  -1.77696353e-01  -1.79818899e+00   4.70527890e-01
    1.55836119e+00  -1.20821781e+00   1.98237463e+00  -4.41594674e-01
   -2.02877088e-01 
   -2.91699956e-01  -7.98671787e-01   5.46479622e-01   1.92655573e+00
   -2.25407073e+00   1.25043387e+00  -2.10432979e-01   1.01431767e+00
    9.41189760e-01  -7.38310909e-01  -8.77076994e-01   7.46721747e-02
   -1.66923412e+00  -7.14279636e-01  -2.55647353e+00   2.04241297e+00
   -2.92536580e+00   4.06444012e-01   1.01694354e+00  -8.34190243e-01
    7.84762741e-01  -6.10006930e-01   1.40135055e+00   3.52982771e-01
    3.13676795e-01  -2.03652023e+00   9.26161861e-01  -1.31038884e+00
    4.96405538e-02  -1.07262511e+00  -8.79012806e-01   7.20337680e-01
   -4.80473703e-01 
   -5.85944656e-01   2.06138814e+00   2.92825888e-01  -1.09666288e+00
   -9.74890886e-01  -1.68262485e-01   9.66853556e-01   1.47718433e+00
   -9.57018097e-01   2.20695203e-01  -9.51165870e-01  -6.74863741e-01
    2.18025249e-01   4.26961502e-01   1.84800901e+00  -1.11958160e+00
    4.78636697e-01   2.79927844e-01  -1.27847120e+00   4.20338779e-01
   -6.71942142e-01   1.01036440e+00  -2.85911856e-01  -3.18745330e-01
    9.27890256e-01  -1.26353416e+00  -4.13466904e-01  -3.40993616e-01
   -2.37323676e+00  -1.14132034e-01  -1.78195940e+00  -2.81299947e+00
   -8.95436764e-01 
   -2.01856441e-01  -1.71688674e+00  -2.32808650e+00   1.83262039e+00
    1.32565651e+00   8.85908960e-01  -4.58354860e-01  -4.90368142e-01
    1.87705825e+00   1.22596136e+00   1.67105693e-01   4.08993933e-01
   -1.54913932e-01   2.35724840e-01  -1.04965697e+00  -4.94478066e-01
   -2.39491864e-01  -1.78214025e+00  -9.14544655e-01   1.59497506e+00
   -4.97617249e-01   7.38777078e-01   3.40229387e-01  -1.49586739e+00
   -5.19553454e-01  -1.52295060e+00  -1.63139267e+00  -5.62409772e-01
    1.08364223e+00  -5.15353479e-01  -8.84448777e-01  -6.25795494e-01
   -2.17499715e-01  