NN 16 32 16   -2.16489882e+00  -3.00533051e-01  -4.67567271e-01   4.59151280e-01
    4.83000084e-01  -2.84106231e-01  -3.68317703e-01  -3.21604251e-01
    1.18187497e+00  -9.07624964e-01   1.91538318e-01   7.94749310e-01
    4.86187813e-01   4.78283916e-02  -1.78878563e-01  -4.89207818e-02
   -4.72781569e-01 
    1.45089734e-01   2.65803221e-02  -2.66478231e-01  -7.46817559e-01
    5.24835471e-01  -1.80016909e-01  -4.42712500e-02   4.25749516e-01
   -1.39211129e+00   3.74325370e-01   1.14988057e+00  -1.99084485e+00
    1.82601064e-01   5.18406821e-01  -2.32305667e-01   3.32568382e-01
    5.08440516e-01 
    2.49084578e-02   2.48719205e-01  -1.41855913e+00   9.10131264e-01
    1.28274653e+00  -8.80001350e-01  -7.17990753e-01  -1.38248498e+00
   -5.03622160e-01   3.29975522e-01   1.26277081e-02   2.31289311e-01
    1.31809104e+00  -5.44266811e-01  -6.00165876e-02   4.06801938e-01
    4.76889225e-01 
    1.28008218e+00  -6.65676378e-01  -4.87018473e-01   4.98964971e-01
   -3.24586907e-01  -8.55290873e-01   8.96445696e-01   1.16332988e-01
   -6.17179613e-01   7.16887712e-01  -4.16850352e-01   1.33486100e+00
    8.14724008e-01  -1.29628754e+00   4.04092971e-01  -6.85823715e-01
   -4.52358708e-01 
   -1.41568616e-01  -7.72800803e-01   9.49500398e-01  -5.75388555e-01
   -4.78185265e-01  -8.35193763e-01   4.55067046e-02  -1.02263732e+00
    1.25060302e+00   2.04438674e-01   5.42855809e-03   1.12690500e+00
    9.68122840e-01   9.79907756e-01   6.90289934e-02  -7.56524124e-01
   -5.35475074e-01 
   -8.00252006e-02   2.05505417e-01   4.83332297e-01  -3.95752355e-01
   -2.57061366e-01   6.52615520e-01   3.58387378e-01   2.23547031e-01
   -7.10700037e-02  -2.55385681e-01  -3.47599527e-01   5.83742840e-01
   -4.06039979e-01  -6.68870651e-01  -2.38094751e-01   2.13230829e-01
   -3.15572270e-01 
    9.28926044e-02   1.14681222e+00   9.41722944e-01  -1.02422180e+00
   -4.84032276e-01   1.12967443e-01  -1.09239439e+00   5.63595595e-01
   -5.21451208e-01   3.50357603e-01   4.23741533e-01   5.36031673e-01
   -2.71368195e-01   2.67766380e-02  -5.00488394e-01   4.53086548e-01
   -3.46784763e-01 
    3.27504799e-01  -8.76629448e-01   6.94824972e-01  -1.65133142e-01
    5.81814826e-01   2.07420477e+00  -7.26007853e-01  -4.74200130e-01
    1.37426343e+00   1.34785316e+00   9.50404316e-01  -9.67833074e-01
   -2.65434523e-01  -8.24579088e-01  -6.55451807e-01  -4.37521636e-01
   -7.03454444e-01 
    7.97548496e-02   1.43049491e+00  -9.02842392e-01  -8.00504408e-02
    4.12849977e-01  -6.75366098e-01   1.88603334e-01  -1.93417547e-01
   -9.03241218e-01   1.37081196e+00   7.73346778e-01  -6.96243828e-01
   -6.20075176e-03  -7.91670325e-01   4.51052099e-02  -8.91561578e-02
   -7.77074178e-02 
   -1.31410232e+00   5.61520689e-01  -8.27878728e-01   7.02697979e-01
    1.42755111e+00  -2.27955343e-01   1.28885043e+00  -3.60154086e-01
   -4.01152674e-01   1.17193861e+00  -4.79301323e-02   1.05358674e+00
   -1.43419347e+00  -6.46153590e-02   6.78590713e-02  -5.85721877e-01
   -1.24842506e-01 
   -2.66531437e-01   8.26691835e-01  -1.40315212e-01  -1.76966734e+00
   -1.26373404e+00  -4.76793530e-01   2.15183850e-01   2.07659155e+00
   -2.84692878e-01   8.95487941e-01  -9.58284482e-01   1.14400229e+00
   -4.26464554e-01   1.76913331e-01  -7.87458032e-02  -7.75683203e-02
   -5.87927181e-01 
    1.41663764e+00  -8.36626427e-01   7.52234959e-01   1.51116231e+00
    8.13119286e-01   2.21169516e-01  -1.19764963e+00   1.57249929e-01
    6.69290113e-01  -3.06296487e-01  -4.45642799e-01   3.56851872e-02
   -1.18131812e+00   6.67285630e-02   7.22073716e-02  -2.67953877e-01
   -1.51566111e-03 
    2.09893329e-01  -1.32008041e+00   7.95146901e-01  -5.46703315e-01
    3.41723865e-01   1.03448391e-02  -2.27647852e+00   1.90669753e-01
   -9.43701870e-01   8.07925225e-01   1.55300545e+00   4.49465596e-01
   -8.00287269e-02   7.06860619e-01  -2.97966866e-01  -4.19031405e-01
   -5.83950833e-01 
    4.04437956e-02  -2.10839701e-01  -6.86734883e-01   4.74016148e-01
    1.63833860e+00  -1.30470554e+00   6.17642704e-01   4.36502352e-02
    6.79302274e-01   1.14446834e+00  -1.43451191e+00  -1.34702001e+00
   -1.85105270e-02   3.11723585e-01  -6.58120458e-02  -4.89785681e-02
   -8.80950617e-02 
    7.34902513e-02  -1.68383070e+00  -2.37028356e-01   1.79054169e+00
   -1.46833068e+00   7.25410329e-01   6.75723636e-02  -1.65366331e-01
   -1.41344584e+00   2.47613123e-01   8.54345952e-02  -4.76903650e-01
    1.21022035e-01   1.20137559e+00  -5.34849623e-01   2.19951873e-01
    5.20840684e-01 
    8.67664845e-01  -8.03986251e-01   2.60096381e-02  -7.67678765e-02
   -1.60755171e-01   5.05159526e-01   1.96503161e+00  -1.83102887e+00
   -1.12835093e+00  -1.51028282e-02  -1.71574382e-01  -6.45313917e-01
    1.18354698e+00  -1.08184223e+00   1.90612940e-01  -1.64433176e-01
    3.32835032e-01 
    8.47172472e-01   4.62481633e-01  -1.79829972e+00  -2.37886423e+00
   -2.15096353e-01   2.73644554e-01   6.11743264e-01   9.42952374e-01
    5.17243852e-01  -4.42637711e-01  -7.37999277e-01   2.36008283e-01
   -1.24195002e-01   1.44422039e+00  -3.96307366e-01   3.10490072e-01
   -9.25919344e-02 
   -8.03187531e-01  -1.62712254e-02   1.06053917e-01  -1.30203870e-01
    8.87354550e-01  -6.10140572e-01  -2.83673724e-01  -2.60032608e-02
    1.08809834e+00  -3.73331967e-01   4.95324818e-01  -1.57590179e-01
    2.75009962e-01  -2.50815614e-01  -8.53350620e-02  -1.48617649e-02
   -3.86020750e-01 
    2.00291986e-01  -1.36444597e+00   8.15785313e-01  -9.34151298e-01
   -1.77193280e+00   6.44564188e-01   6.68686747e-01   1.10373727e+00
    5.12359672e-01   1.07858884e+00  -1.09330132e+00  -4.30229732e-01
    6.14018499e-02  -6.12803452e-01   3.20619349e-01   5.15653786e-03
    5.80656492e-02 
   -8.03410495e-01   3.31322692e-01  -1.03184942e+00   1.27612831e+00
   -7.09867141e-02   1.50287587e+00  -5.35289880e-01  -7.67316552e-01
   -1.84846975e-01  -1.25213845e+00  -6.93737869e-01   2.42100527e-01
    7.03511425e-01   3.76763703e-01   9.90956209e-03  -9.11313559e-02
    3.02281806e-01 
    5.77710764e-01   1.59685714e+00   7.96608131e-01   2.40953973e-01
   -1.14131298e+00  -2.34428769e+00   7.10763017e-01   2.03227185e+00
    7.70518856e-01  -6.67598413e-01   3.36685604e-01  -4.57033968e-01
   -6.93154778e-01  -2.22550558e-01   3.03230471e-01  -3.52247465e-01
   -2.21306476e-01 
   -1.91646928e+00   1.39086873e-01   1.02624981e+00  -5.39069564e-01
    7.73322423e-01  -4.80046448e-01  -1.03164905e-01  -3.73174669e-01
    1.12495819e+00  -1.05494808e+00   3.96746336e-01  -1.34355150e+00
    1.23738062e-01   4.66957727e-01  -3.14940271e-01   1.10409946e-01
    5.57025105e-01 
   -7.20040641e-01  -1.94263042e-01   6.11489564e-01  -8.08638671e-01
    1.45817335e+00  -9.96836058e-01   1.57949893e-02   1.49433712e+00
   -1.26319381e+00  -6.42393204e-01   8.11721981e-01   4.59409555e-01
    5.13110335e-01  -3.18674567e-01  -2.50008686e-01   6.40131914e-03
   -3.06840981e-01 
   -1.15943596e+00  -5.23229856e-02  -7.95471013e-01   1.54563579e+00
   -7.40621562e-01   3.48002457e-01   3.26353700e-01  -6.90382133e-01
    1.59112825e+00   1.34009252e+00   9.52693043e-01  -1.01199786e+00
    5.61893796e-02  -5.82713589e-01   3.54789528e-01  -4.45458098e-01
   -3.44971322e-01 
    1.53804979e+00   1.16191687e+00  -1.13498867e+00  -3.29833533e-01
   -1.32979370e+00  -7.04930078e-02   8.68046053e-01   1.48187101e-01
    4.61306097e-01  -1.78846533e+00   1.28946932e+00  -5.24250749e-01
   -1.58733642e-01  -2.37288597e-01  -1.79881467e-01  -3.58896905e-01
   -2.89673377e-01 
    8.38848581e-01  -1.41922769e-01  -1.20344560e+00  -4.25028049e-01
   -9.81103115e-01  -4.64713933e-01   1.36600654e+00  -1.82981969e+00
    3.96134484e-02  -1.72539716e-01   9.27235087e-01   1.08613783e+00
    1.81854133e-01   7.51467316e-01   3.22785174e-01  -2.59673193e-01
   -4.59378676e-01 
   -4.90301382e-01  -8.40211037e-01   1.48514186e+00  -2.89088661e-01
    9.27632544e-01   9.90490114e-01  -9.52734512e-01  -6.27471257e-01
    6.98914974e-02  -6.44002800e-01  -1.70462594e+00   6.29726842e-01
    9.14772197e-01  -4.77231260e-01   1.84479289e-01   8.69367897e-01
   -1.35580713e-01 
   -2.44328302e-01   1.79269406e+00   1.04402103e+00   5.50419989e-03
    1.06231886e-01   1.34565611e+00  -8.22000143e-01  -5.65488744e-01
   -8.15295744e-01   9.48975088e-02  -4.60314903e-01  -4.23138317e-01
   -5.78563014e-01   4.50816874e-01  -8.75853425e-02   1.78312891e-01
   -2.67530694e-01 
    3.46864542e-01  -1.26594287e+00  -6.67876935e-01   2.33319138e-01
    7.73720416e-01   2.03249052e+00  -2.38864847e-01   7.23725287e-01
    4.85077989e-01  -1.06000134e+00   5.86619399e-01  -5.04877362e-01
   -8.00892685e-01   1.77349250e-01   4.56089363e-01  -6.91915558e-01
   -6.48218964e-02 
   -1.23140752e-01   1.06970585e+00   5.75019339e-01  -5.21381035e-01
    2.82022779e-01  -8.75335961e-01  -1.81533330e+00  -1.53472887e+00
    2.58014557e-01  -1.56135761e-01   1.93507256e-01   2.55720222e-01
    6.31617240e-01   3.70822125e-01  -1.56092321e-01   3.67510279e-01
    4.10173525e-01 
   -1.15708221e+00   8.22447441e-02   2.14228037e+00   1.09964381e+00
    3.89328258e-01   4.64993679e-01  -5.23607048e-01  -6.15936735e-01
   -4.48871903e-01   3.58704328e-01  -8.46104801e-01  -5.41607600e-01
   -7.71118155e-01   4.83545127e-01   1.85423931e-01   1.94494290e-01
    1.76922610e-01 
    1.18891982e+00   1.01335470e+00  -6.68221613e-01  -3.25478774e-01
   -4.53802702e-01   7.23777024e-02  -7.66815695e-01  -2.47501660e-02
    9.65799742e-01   8.22364234e-01  -1.33430568e+00  -9.44929363e-01
    5.29381635e-02  -6.28490621e-01   7.10165736e-01  -6.18591930e-02
   -2.93716702e-01      2.31732992e+00  -3.60602902e-01  -2.32775320e-01  -1.91778589e+00
   -1.43495825e-01   2.43373919e-01  -2.97926162e-01  -5.25275315e-01
    3.54869594e-02   1.19325840e+00   1.23773113e-01  -1.84217145e+00
   -7.44369215e-01   1.71200934e-01   1.26069241e-01  -1.28814373e+00
   -5.37220063e-01   3.95627677e-01  -2.09446668e-01   8.40908384e-01
   -6.30006948e-01   2.39611540e+00   3.49921816e-01   1.36867495e+00
   -2.19641016e+00  -7.44633169e-01   5.10525011e-01  -6.02179909e-02
   -3.22574472e-01  -1.10130541e-03   1.03864549e+00  -1.33203431e+00
   -2.31409201e-01 
    4.73333161e-01   5.71191467e-02  -2.44243984e-01   6.95391302e-01
    7.70905964e-01  -2.64104500e-01  -1.32117845e+00   7.01019739e-01
   -1.62140795e+00  -9.02840332e-01  -1.09925850e+00   6.39606714e-01
    1.69676392e+00   5.21317877e-01   1.78164233e+00   5.86391610e-01
   -5.93027628e-01  -6.17075741e-01   1.70245250e+00  -8.32307882e-01
   -1.80715025e+00  -3.75694845e-02  -9.73097437e-02   5.56115543e-01
   -1.76386802e+00  -6.13319501e-02   9.60463935e-01  -2.35843079e+00
    1.38582244e+00  -1.24071154e+00  -1.79996044e-01  -1.08623425e+00
    3.21842809e-02 
    7.94413350e-01   4.01542510e-01   1.87229145e+00   2.04419859e-01
   -1.51561434e+00  -3.73818339e-01  -1.15487088e+00  -1.00208181e+00
    1.15560025e+00   1.17863081e+00  -1.19276251e-01  -7.58754524e-01
   -9.55935814e-01   8.27501271e-01   2.28803455e-02  -5.46057971e-01
    2.12609076e+00  -4.86552469e-01  -9.61326794e-01   7.36690052e-01
   -1.11957017e+00  -1.04293269e+00  -5.24266132e-01   1.04055678e+00
    9.76011409e-01   1.55669046e+00  -1.74943729e+00  -1.11842273e+00
    8.95906537e-01  -5.99121681e-01  -2.50530543e+00   7.22239645e-01
   -5.07496231e-01 
   -4.70982543e-01   7.80775936e-01  -1.10165088e+00  -8.03819709e-01
    5.91812430e-01   7.03908153e-01   9.20948026e-01   1.07250855e-01
    1.35271954e-01  -9.25061238e-01   1.57170255e+00  -1.95214898e+00
    8.99459196e-01  -4.45687657e-01  -2.19009539e+00   8.07630583e-02
    2.64437005e+00  -4.60811292e-01   1.40058029e+00  -1.56467691e+00
   -1.02856709e+00   8.53326273e-01   8.42167691e-01  -1.92246454e+00
   -1.88231309e-02   4.17700228e-01   4.48499260e-01  -1.52997594e-01
   -4.98570774e-01   3.94083295e-01  -1.43657241e+00  -1.35037113e-01
   -1.16061719e-01 
   -5.68495525e-01  -7.00065674e-01  -1.35466922e+00   1.21994580e-01
    1.37125225e-01   4.27536035e-02   4.78252533e-01  -4.98919908e-01
   -3.77668304e-01  -1.88363915e+00   1.12865982e+00  -4.56593866e-01
   -4.07365026e-01  -1.93329077e+00   1.80999958e+00  -3.37644750e-01
    4.11025653e-01  -1.27168368e+00   2.26758030e+00  -3.30207985e-02
    1.63326504e+00  -7.92631408e-01  -2.13618398e+00   1.44904524e+00
    1.26262530e+00   1.33569136e+00  -1.19184110e+00  -3.36386084e-01
   -1.09184237e+00  -5.98273175e-01  -4.81187065e-01   4.04894451e-01
    5.37357570e-02 
    2.77730283e-01   1.01467694e-01   6.91090969e-01   8.24647486e-01
    7.52904984e-01  -1.96896316e-01  -4.91551731e-02  -2.38222703e+00
    5.95709823e-01   2.82603646e-02   5.88969388e-02  -2.88491374e-01
   -1.35412729e-01   1.51209299e+00  -1.06074848e+00  -8.03408043e-01
   -5.98537198e-01   1.05499902e-01  -5.39073601e-01  -2.00847432e+00
    3.27492824e+00   5.31739423e-01   1.00463175e+00  -2.52053523e-01
   -3.50794687e-01  -3.90022742e-02  -1.11086389e+00  -1.23961481e+00
   -2.42088469e+00   1.01098478e+00  -6.01719153e-01  -2.42590382e-01
    1.52242422e-01 
    3.35201524e-01  -1.39728641e-01   9.96644234e-01  -1.23334888e+00
   -5.02117506e-01  -6.17608956e-01   1.14273630e+00   7.26763474e-01
   -1.71434416e-01  -2.05240660e+00  -2.75614993e-01   1.15588729e+00
    2.69328492e+00  -8.06345899e-01  -2.63776458e-01  -2.82056361e+00
   -5.44506722e-01  -1.40364545e-01  -6.64341467e-01   5.45011463e-01
   -9.32411377e-01   1.06467350e-01  -4.20122893e-01  -3.69814130e-01
   -1.42722045e+00  -1.43414718e+00   7.61902969e-01   6.97427956e-01
   -3.13101163e-01   2.07504997e+00  -1.33570334e-03   6.18206122e-01
   -1.63861019e-01 
   -6.04049129e-02  -3.53517902e-01   1.64213519e+00  -4.28536981e-01
    7.03078363e-01   1.24535394e-01  -6.05941686e-01   3.54257256e-01
    3.35613597e-01  -1.25608549e-02  -2.90368001e+00  -2.61587771e-01
   -4.73267287e-01  -2.75034259e-01  -4.02525521e-01   2.06636636e+00
   -1.44372284e+00  -5.95219227e-01  -1.34468221e+00   2.85116881e-01
   -2.25075005e+00   1.97844838e-01  -1.99304686e+00   3.75717073e-01
   -2.98560689e-01   1.76875797e+00   7.35925790e-01   6.60367734e-01
   -1.32455014e+00   1.68576222e+00   4.01453806e-01  -2.20313818e-01
   -1.04276263e-01 
   -1.00824127e+00   1.40482167e+00   7.74240528e-01   6.84327478e-01
   -1.39858114e+00   4.37075500e-02   7.75789035e-01  -1.80285449e+00
    1.19048265e+00   1.09212747e-01   2.01618139e-01  -1.05394290e+00
    6.45158025e-01  -9.45794030e-01   1.62161454e+00   1.45052739e+00
   -8.31586135e-01  -1.15466649e+00  -3.86057694e-01   5.11038498e-01
   -9.41281302e-01  -1.05265723e+00   1.51828572e+00  -1.52402390e+00
   -6.02054621e-01  -3.87125753e-01   8.74274063e-02   5.74684764e-01
   -6.04628521e-01  -1.76905355e-01   7.35653680e-01  -1.23459683e+00
   -3.36326054e-01 
    6.35626412e-01  -2.12419995e-01  -2.49662867e-01  -7.69264017e-01
   -1.53768852e-01  -8.46610901e-02  -4.43988618e-01  -1.77832152e+00
   -1.41676717e+00  -1.36230651e+00  -1.29822606e+00   6.47389975e-01
   -1.14395357e+00  -1.23656164e+00   2.01666262e-03  -1.47678132e-01
    6.38659535e-01   9.35440481e-02  -1.48262726e+00   1.34221649e+00
    8.61613149e-01   9.37847950e-01   8.96041239e-01  -1.86708546e+00
    1.95076865e+00  -7.81868571e-03   8.16696276e-01  -2.05006366e-01
    1.43692770e+00   1.22438887e-01  -5.26374070e-02  -1.05183350e+00
    1.52846504e-01 
   -7.47094047e-01  -1.25499367e+00   2.35417448e-01   4.24158855e-01
   -5.79306154e-01   5.15587555e-01  -6.00677654e-01  -1.74635720e+00
   -6.60356188e-01  -1.52709740e-01   7.74940678e-01   6.55432338e-01
   -2.07259577e+00   1.45782232e+00  -1.76136024e-01   1.85926171e-01
    7.43655949e-01  -7.50939497e-01   4.29435082e-01   1.25693388e+00
   -4.21510197e-01  -6.05141115e-01  -8.26424673e-01  -1.79769081e+00
   -1.33836999e+00  -1.34776656e+00   2.08660076e+00   5.97464401e-01
   -5.34575511e-01  -4.25884258e-01   8.09940760e-01   1.58817002e+00
    1.29802552e-03 
   -1.24318635e+00   2.51647429e+00  -6.11239544e-01  -1.87087318e+00
   -1.36651431e+00  -3.86875479e-01  -6.32457350e-01   4.46603512e-01
    8.61401363e-01  -1.55784193e+00  -1.76309967e+00  -6.93470839e-02
   -7.19667394e-01   1.25661375e+00   3.86391180e-01   1.08366577e+00
   -5.01339427e-01  -4.37251613e-01  -4.92858962e-02  -3.39149868e-01
    5.85072781e-01   1.41954870e+00  -1.87941124e-01   4.45432859e-01
    8.31325907e-01  -1.67253562e+00  -6.72740307e-01   1.42436517e-01
    5.17285523e-01  -4.43031159e-01   6.88801857e-01   8.16230032e-01
   -1.42875854e-01 
   -4.85648573e-01  -2.85334959e-01  -1.74257520e+00  -1.14352716e+00
   -1.41836268e+00   3.94405972e-01   4.08044477e-01  -1.69835818e-01
    9.01735383e-02   1.43976865e+00   2.31045272e-02   1.14434609e+00
   -8.62933700e-01  -3.63786582e-02  -4.27434893e-02  -8.87814794e-01
   -2.96597976e-01  -8.08429825e-01   1.55059105e-02  -6.10581914e-01
    4.61657451e-01  -5.39768640e-01  -3.33742001e-01  -5.53225490e-01
   -1.83484998e-01  -7.36140698e-01  -8.31223882e-01   2.58896324e-01
    7.94654672e-01  -8.22923647e-01   1.13978581e+00  -3.12001502e-01
   -1.44274281e-01 
   -2.68672240e-01  -5.50765472e-01   3.60923070e-01   9.98344377e-01
   -1.37855724e+00   6.48132922e-01  -2.71516987e-01   4.13285363e-01
    4.19556548e-01  -4.79955836e-01  -9.61132321e-01   2.31828660e-01
   -1.34494177e+00  -1.96728185e-01  -1.60092832e+00   1.12480097e+00
   -1.71984877e+00   7.61491135e-03   4.54962835e-01  -3.77378276e-01
    4.43814876e-01  -4.55151731e-01   6.67058173e-01   9.85464535e-03
    2.46461380e-01  -1.50268493e+00   7.22240403e-01  -8.26294827e-01
    3.59863546e-01  -5.49765614e-01  -3.23141417e-01   3.59829131e-01
   -2.50677181e-01 
   -5.42917134e-01   5.70530306e-01  -1.55709311e-01  -6.59482507e-01
   -8.86793129e-01  -2.39523651e-01   2.03747663e-02   3.10686342e-01
   -1.60049471e-01   2.13747797e-01  -7.81681111e-01  -5.44650503e-01
   -1.48655613e-01   1.09474762e-01   3.40108849e-01  -4.70746813e-01
    2.24383359e-03  -9.28616992e-02  -5.75633593e-01   4.32864493e-01
   -1.58579873e-01   4.09510581e-01  -3.81875521e-01   1.50481075e-01
    1.11182844e-01  -7.68281588e-01  -2.36614192e-01  -1.45673976e-01
   -1.35499994e-01  -1.72490280e-01  -7.37030173e-01  -7.76968131e-01
   -7.80692073e-01 
   -1.39787862e-01  -4.36449992e-01  -5.34104583e-01  -1.29547004e-01
   -1.55353113e-02   2.25228178e-01  -3.12088188e-01  -2.81784271e-01
    2.40843420e-01  -3.71029864e-04  -7.55592810e-01   1.99470860e-01
   -4.19599461e-01   1.06867871e-01  -4.83089879e-02  -1.03984868e-01
   -3.21100633e-01  -6.19739156e-01  -4.40418390e-01   2.78584600e-01
   -5.73583535e-01   8.21037032e-02  -5.02754742e-01  -6.41931722e-01
   -2.12808688e-01  -6.87228241e-01  -9.17240853e-01  -7.10809645e-01
    2.04096708e-01  -8.07517835e-02  -8.13923511e-01  -2.75726954e-01
   -1.49538916e-01  