NN 16 32 16   -3.98014817e+00  -1.07786619e+00   1.57752805e-02   6.05441296e-01
    2.68413875e+00  -9.25474058e-01  -2.05153674e+00  -2.34420035e+00
    3.62422347e+00  -1.32866643e+00  -2.76347269e-01   2.35141771e-01
    9.38281080e-01  -1.64957096e-01   3.17938624e-01  -5.80052750e-01
   -8.64107300e-01 
    7.33887030e-01  -6.76773555e-01  -2.78753977e-01  -6.46741730e-02
    9.94442369e-01  -2.99448478e-01   4.22397846e-01   4.83403831e-01
   -2.86711131e+00   7.22920876e-01   2.35024505e+00  -4.03541549e+00
    8.94341300e-01   7.46322694e-01  -2.25750945e+00   1.39093650e+00
    6.60095973e-01 
   -9.90043273e-01   2.11957561e-01  -2.60939019e+00   8.28653791e-01
    2.93065656e+00  -1.78579329e+00  -7.15105189e-01  -8.07292691e-01
   -9.25771341e-01   7.55439033e-01  -3.98266815e-01   2.51298192e-01
    1.53502583e+00  -5.66997450e-01  -1.67864588e-01   2.23629417e+00
    2.83936070e-01 
    1.76404174e+00  -9.24966052e-01  -1.39701631e+00   1.09905145e+00
    2.36214051e-01  -1.11525518e+00   8.53899746e-01  -3.33553069e-01
   -1.66138857e+00   9.15390773e-01  -1.49121682e+00   1.80253755e+00
    1.83721241e+00  -1.60750074e+00   1.32495272e+00  -1.96442995e+00
   -1.23720584e-01 
   -1.61084289e-01  -1.77934182e+00   1.46469036e+00  -1.35845319e+00
   -8.12850709e-02  -7.25557545e-01  -1.33460725e-01  -2.13588467e+00
    1.20796313e+00  -5.40713367e-01   7.48458779e-02   2.12992955e+00
    1.60269773e+00   2.23969376e+00  -2.11512097e-01  -1.50585121e+00
   -7.10751003e-01 
   -3.81366640e-01   1.21724494e+00   2.05554772e+00  -1.32233365e+00
    6.42873870e-01   1.19878774e+00   2.08644290e+00  -5.10207202e-01
    3.83637327e-02  -2.86957262e-01  -2.11724958e+00   5.80838753e-01
   -8.84383031e-01  -1.48569609e+00  -5.00706804e-01  -3.78508206e-02
    9.31294554e-02 
    9.38886692e-01   1.64369418e+00   1.68260503e+00  -2.00554753e+00
   -6.09616434e-02   3.64061369e-01  -2.01191245e+00   1.59251089e+00
   -4.62482210e-01   6.52737105e-01   9.68750160e-01   2.91104367e-01
   -7.83408802e-02  -3.96940828e-01  -1.40494296e+00   8.84113820e-01
   -6.77818661e-01 
    7.67847915e-01  -1.24277457e+00   1.38553158e+00  -5.06571226e-01
    7.02233743e-01   4.34789172e+00  -2.18737026e+00  -2.17575565e-01
    2.52536312e+00   2.38934425e+00   2.05203495e-01  -3.44648564e-01
   -6.11346580e-01  -2.77825892e+00  -1.45135432e+00  -1.27083347e-01
   -6.77848216e-01 
    1.10392489e-01   2.77568765e+00  -7.14708529e-01  -1.13269484e+00
    6.59525284e-01  -1.27122089e+00  -1.27580884e+00  -1.16482861e-01
   -1.61556698e+00   2.48445143e+00   1.44657415e+00  -1.22274950e+00
    9.92645728e-01  -1.89673524e+00   1.50455276e+00  -1.70143397e+00
   -1.13019406e-01 
   -1.30707228e+00  -2.15574790e-01  -6.28633435e-01   1.07301711e+00
    1.74995396e+00  -8.89870410e-01   1.33923391e+00  -7.98007377e-01
   -1.21973013e+00   7.93177000e-01   8.18949081e-01   2.12184222e+00
   -2.96276184e+00   4.01271186e-01  -8.18589308e-01  -1.40163233e+00
    3.37912796e-01 
   -7.74945698e-01   5.54693900e-01  -2.20529453e-02  -2.84399478e+00
   -2.42916236e+00  -1.54765721e+00   1.34252341e-01   4.30486377e+00
   -1.28055600e+00   4.55240406e-01  -3.27051758e-01   3.18661176e+00
   -1.15705558e+00  -4.49355502e-01  -1.31274773e-01   1.30550079e-02
   -6.48482347e-01 
    3.07391357e+00  -8.45492072e-01   1.92050831e-01   2.03270204e+00
    1.81900876e+00  -8.60700946e-01  -1.22219488e+00   6.93042677e-01
    2.56491446e-01  -1.24923304e+00   5.41100427e-01  -5.92853613e-01
   -3.07889092e+00   4.70437931e-01   1.08506673e+00  -1.08953563e+00
   -2.90140407e-01 
   -2.50687618e-01  -2.58564392e+00   1.63949463e+00   5.00316997e-02
   -1.68573029e-01   4.08002194e-01  -3.40916392e+00  -3.62091414e-01
   -1.97777071e+00   1.09785082e+00   3.08873505e+00   8.19907796e-02
   -4.92798614e-01   1.27957491e+00  -5.82993952e-01  -7.64523756e-01
   -1.33515827e+00 
   -5.62173191e-01   5.04865341e-01  -5.94150586e-01   7.69562722e-02
    2.35162749e+00  -2.05926171e+00   1.08282649e+00   1.08006991e+00
    1.13460460e+00   1.63747549e+00  -2.30849424e+00  -1.71997950e+00
   -1.13270093e+00   2.99838047e-01  -4.08367491e-01  -9.24320613e-02
   -1.38022207e-01 
    1.70775698e+00  -1.89490216e+00   8.30716575e-01   3.05193671e+00
   -2.22199135e+00   6.75272607e-01   5.28949342e-01  -9.90865553e-01
   -1.65450684e+00  -1.40676153e-01  -6.00605646e-01  -2.43328279e-01
    7.26694704e-01   2.39905233e+00  -2.24575713e+00  -2.04195856e-01
    5.87137960e-01 
    1.67736900e+00  -1.13339011e+00  -2.80291710e-01   1.16316424e-01
   -3.07224329e-01  -2.54203468e-01   3.11463756e+00  -2.98148369e+00
   -1.16148522e+00  -1.19665550e+00  -6.04174865e-01  -9.80308054e-01
    1.14915053e+00  -2.05214586e+00   9.33699346e-01   5.93965922e-01
    4.95056961e-01 
    1.65116105e+00   5.80350599e-01  -3.12873328e+00  -4.48959707e+00
    1.12691231e+00   5.54683581e-02   6.46852433e-01   1.55501202e+00
    8.05921348e-01   4.12392066e-01  -7.87575551e-01  -1.30705636e+00
   -3.24834492e-01   1.56325827e+00  -5.80787182e-01   1.20697460e+00
    2.68340201e-01 
   -1.57069772e+00   6.03239936e-01  -3.06145600e-01   2.50953505e-01
    6.97692861e-01  -1.91135508e+00   2.76701013e-01   3.02983097e-01
    1.50367086e+00  -9.60835235e-01   1.35980933e+00   3.24430522e-01
    8.87228067e-01  -1.16265109e+00  -7.64303914e-01   1.22716040e+00
   -7.35231131e-01 
   -2.01985293e-01  -2.55141523e+00   2.30455159e+00   3.76243579e-02
   -2.46090564e+00   2.20485705e-01  -2.41631745e-01   1.66162058e+00
    1.94630053e-01   1.64390463e+00  -1.66215529e+00  -5.53230676e-01
    5.24500310e-01  -1.10105829e+00   6.14509455e-01   6.47930546e-01
    1.12884912e-01 
   -1.36776213e+00   3.95041725e-01  -8.78226298e-01   2.25685542e+00
   -7.14426914e-01   1.76096405e+00   1.23806572e+00  -1.77173148e+00
   -1.20838690e-01  -1.86137281e+00  -5.53970874e-01   6.31359578e-01
    1.67987897e+00  -2.17204497e-01  -3.90731842e-01  -2.54290520e+00
    2.41949256e-01 
   -1.58065048e-01   2.79299202e+00   1.19890075e+00  -6.08538615e-01
   -1.72125955e-01  -4.85939902e+00   1.25698415e+00   3.52581870e+00
    1.57944746e+00  -2.53146572e+00   7.54423187e-01  -1.41004658e-01
   -4.05984985e-01  -8.88542439e-01   8.14841478e-01  -3.68746725e-01
   -2.90712104e-01 
   -2.74031147e+00   9.10673373e-01   2.09775072e+00  -1.24406757e-02
    1.54051457e+00  -8.93954225e-01  -1.56733918e+00  -1.98666438e-01
    2.43427251e+00  -1.15162049e+00   3.57573747e-01  -1.71695753e+00
    4.79660012e-01   5.31781635e-01  -1.12647340e+00  -4.30532448e-01
    6.89286696e-01 
   -2.28930622e-01  -7.51105979e-01   5.80766242e-01  -7.95404463e-01
    2.47298287e+00  -9.47082285e-01   2.43212866e-01   2.53498766e+00
   -2.66474438e+00  -7.16974456e-01   1.44358199e+00   1.03541568e+00
    3.84995474e-01  -7.71921922e-01  -4.57768208e-01  -1.20021666e+00
   -3.31890602e-01 
   -2.14623992e+00   3.19484853e-01  -1.27624176e+00   2.07553673e+00
   -1.05612524e+00   1.16082078e+00   8.87438206e-01  -6.35993785e-01
    9.85928935e-01   1.44859509e+00   1.87748172e+00  -1.67290797e+00
    8.64271072e-01  -1.35461684e+00   6.44536976e-01  -3.21838329e-01
   -6.23617391e-01 
    2.15150271e+00   1.65810624e+00  -2.21559124e+00  -1.26766675e+00
   -3.75662808e+00  -1.83088278e+00   9.24556203e-01   5.62986371e-01
    1.46284467e+00  -2.36970065e+00   1.83720981e+00  -2.16197560e-01
    7.32237865e-01  -4.19808786e-01  -8.33163329e-01   1.00934413e-01
   -2.00357249e-01 
    1.87327309e+00   3.61161192e-01  -2.08055579e+00  -3.09341669e-03
   -9.99695434e-01  -7.85540539e-01   2.90133356e+00  -3.17231168e+00
   -2.01984471e-01  -2.94727681e-01   1.81550133e-01   8.39936866e-01
   -1.69146523e-01   1.35569702e+00   7.05957418e-01   1.32823787e+00
   -5.12411566e-01 
   -8.23712298e-01  -3.14659058e-01   2.01440948e+00  -2.59743963e-01
    1.79560989e+00   2.13619072e+00  -3.50367081e+00   2.91627280e-01
    2.18219785e-01  -9.93079650e-01  -3.40880476e+00   1.05194846e-01
    1.98819739e+00  -1.54779535e+00  -1.99594317e-01   3.22898213e+00
   -3.37159876e-01 
   -6.60882522e-01   3.00855220e+00   1.19863857e+00   1.80733340e-01
   -1.43190614e+00   1.75176282e+00  -7.81053186e-01   1.09233893e-01
   -9.07411081e-01  -2.45273397e+00  -1.89739241e-01   1.24746628e-02
   -9.53254982e-01   5.94451835e-01  -1.37651598e-01   7.54432039e-01
   -6.37834835e-01 
   -2.35829062e-01  -1.02089730e+00  -1.21832286e+00   2.19590369e-02
   -1.63024043e-01   2.59274486e+00  -6.13640463e-01   8.55208329e-01
    1.45475406e-01  -2.97198573e+00   1.12401723e+00  -2.88124943e-01
   -1.55393680e+00   2.16747048e-02   3.26587506e+00  -1.64884524e+00
    6.60777306e-01 
   -1.39107204e-01   2.66592294e+00   1.45792664e-01  -9.03385184e-01
    9.98404203e-01  -1.71106209e+00  -2.61599246e+00  -1.10251403e+00
   -5.01716741e-01  -9.27709704e-01  -1.22165674e-01   1.01442990e+00
    7.94943973e-01   5.90545045e-01   2.65410626e-01   1.07686856e+00
   -6.58321149e-02 
   -8.97491917e-01   1.57034211e-01   3.10316719e+00   1.71480112e+00
    7.65408547e-01   6.48891234e-01  -2.14444842e+00  -1.38113949e+00
   -8.68562922e-01   6.17911172e-01  -2.15651111e+00  -1.49867683e+00
   -1.91495756e+00   1.77964650e+00   1.80533230e+00   1.20136008e+00
    2.43306563e-01 
    1.61857151e+00   9.28038305e-01  -1.04749405e+00  -2.55795161e-01
   -9.47981761e-01  -2.40179158e-01  -4.53027469e-01  -5.25088698e-01
    1.83031423e+00   1.81859485e+00  -2.41820155e+00  -2.13418872e+00
   -4.84824590e-01  -1.80861461e+00   2.50502525e+00   8.68192200e-01
   -5.50339243e-01      3.71985603e+00  -1.21859655e+00   3.08691020e-01  -2.09787286e+00
   -9.83757791e-01   1.55224652e+00  -7.59512839e-01  -1.17860387e+00
    4.51848016e-01   6.80217189e-01  -1.34737625e-01  -3.23355184e+00
   -8.80829601e-01   5.68469363e-01   1.00531080e+00  -1.45887765e+00
   -2.55223108e-01  -4.46373855e-02   6.70987927e-02  -2.20049234e-03
   -2.89611562e-01   1.79877025e+00   6.32651622e-01   2.11398928e+00
   -1.50706345e+00  -8.70748524e-01   2.51375153e-01  -4.95816211e-02
    8.64500274e-02  -1.72430923e-01   1.57883690e-01  -1.23411738e+00
   -1.04769742e-01 
    5.80049524e-01   5.28486620e-01  -3.25237064e-01  -3.34385683e-01
    1.09038097e+00  -2.55713717e-01  -1.31802986e+00   8.09048511e-01
   -1.98383485e+00  -3.01829364e-01  -7.79398947e-01  -9.02686371e-02
    1.08041557e+00  -1.29586070e-01   1.51032107e+00   1.04674064e-02
   -3.26062023e-02  -1.21800374e+00   2.11503485e+00  -2.07474480e+00
   -1.46392057e+00   2.52689847e-01   3.44952123e-01   1.01087053e-01
   -1.30711074e+00   8.43197026e-01   6.53809764e-01  -4.43479525e+00
    1.41323024e+00  -1.72342275e+00   1.85622715e-01  -1.17570078e+00
    3.22044109e-01 
    6.69214442e-01  -6.06365223e-02   2.76167345e+00   1.22635226e+00
   -1.79354005e+00  -2.03048073e+00  -1.24523924e+00  -9.29757338e-01
    1.31565439e+00   1.08336382e+00   2.93992819e-01   6.53288504e-01
   -2.05742705e+00   5.10005304e-02  -4.61076608e-01  -1.23624105e+00
    2.18597814e+00   8.06545409e-02  -1.35821395e+00   1.33043369e+00
   -1.20501155e+00  -2.42618482e+00  -1.00771338e+00   1.21235901e+00
    1.33048337e+00   7.69340028e-01  -2.58359211e+00  -5.90658406e-01
    2.13321245e+00  -1.34691655e-01  -2.29011318e+00   9.18678458e-01
   -3.67734356e-01 
   -1.51724347e+00   2.41352604e-01  -1.54694534e+00  -1.05351005e+00
    2.00838099e+00   1.14719247e+00   1.24616331e+00   2.34602837e-01
    6.39551567e-01  -8.56682964e-01   2.85701656e+00  -1.98629470e+00
    3.94131963e-01  -8.35324960e-01  -3.15036342e+00   2.41700393e-01
    3.97957132e+00  -1.76665482e-01   1.71750697e-01  -2.32567996e+00
   -1.05118716e+00   4.72017304e-01   7.14654241e-01  -2.85051425e+00
    6.54792219e-01   6.53571520e-01   8.80355768e-03  -1.17538287e-02
   -3.47796975e-01   3.06801575e-01  -1.70320929e+00  -3.52247923e-01
   -1.31976875e-01 
   -1.96257678e+00  -1.26152239e+00  -2.37237296e+00  -5.66498957e-01
    1.21531203e-01  -3.94319985e-01  -3.32931507e-02  -1.08830416e+00
   -2.83753517e-01  -2.99719656e+00   1.46842768e+00  -6.24010598e-01
   -1.70783295e-01  -2.52574771e+00   3.00277204e+00  -1.76905818e+00
   -1.03429368e-01  -1.57170998e+00   2.67109824e+00  -3.81288395e-01
    1.27221123e+00  -1.13265595e+00  -3.39936614e+00   2.11796703e+00
    1.88295094e+00   1.27047551e+00  -1.56743904e+00  -9.42352837e-02
   -3.47028108e-01  -8.50886913e-02  -1.11507370e+00   1.88486828e+00
   -1.59914165e-01 
   -1.55527790e+00  -3.00151429e-01   7.04060457e-01   2.87818980e-01
    1.16166170e+00  -7.44010745e-01  -4.52428595e-01  -3.42221876e+00
    1.14706854e+00   1.12182818e-01  -2.50685575e-01   4.47729396e-01
   -8.80503454e-01   1.94697645e+00  -8.02062060e-01  -2.16238180e+00
   -1.37465036e+00   7.46240701e-01  -5.85816968e-02  -2.46536101e+00
    4.44177602e+00   5.35259616e-01  -1.57550568e-01  -1.72044088e-01
    5.43332424e-01   5.61835306e-01  -1.17418074e+00  -1.78013190e+00
   -3.72133379e+00   8.86863631e-01  -1.23517669e-01   4.53304264e-01
    5.83180533e-02 
    9.30786083e-01  -1.40083834e+00   3.87677874e-02  -9.28039563e-01
   -2.03316809e-01  -2.50364562e+00   1.11978931e+00   1.00933248e+00
    6.25803019e-01  -2.04006365e+00  -6.32988209e-01   2.77631548e+00
    2.97970736e+00  -1.58449244e+00  -1.01658995e+00  -3.98213277e+00
   -8.48761844e-01   4.09677589e-02  -4.38169989e-02  -6.55314725e-01
   -8.14631175e-01  -1.28240934e-01  -3.49710229e-01  -7.29177181e-01
   -1.48294230e+00  -2.04932903e+00   1.00260101e+00   4.75365326e-01
    4.28217922e-01   2.79912695e+00   9.74112824e-01   2.27452932e-01
   -4.12545294e-01 
    1.51999973e-01  -6.16493505e-01   2.15736066e+00  -6.33284533e-01
    1.71241774e+00   2.01172312e-03  -9.54163538e-01  -3.16336449e-01
   -3.00768850e-01   4.30998956e-01  -4.38707193e+00   1.67282232e-01
    1.01198319e-01  -1.97065673e+00  -5.08507674e-01   2.34778050e+00
   -2.59718025e+00  -6.33870790e-01  -2.37111692e+00  -2.30026335e-01
   -2.69625849e+00  -9.23467327e-02  -2.98248903e+00   1.80054840e-01
   -3.14753350e-01   3.39957734e+00   4.51967679e-01   8.68433736e-01
   -1.35992844e+00   8.01318030e-01   1.20606848e+00  -1.30132841e-01
   -1.14543092e+00 
   -2.12024387e+00   2.49381498e+00   1.19817253e+00   1.47510388e+00
   -2.00326639e+00  -2.34228277e-01   1.26614196e+00  -2.36396026e+00
    2.31305508e+00   3.29653454e-01   7.41485509e-01  -1.57298182e+00
    1.13701173e+00  -1.66174375e+00   1.95175199e+00   1.25185154e+00
   -7.39955786e-01  -2.54707980e+00  -3.34786279e-01   5.50856655e-01
   -1.56866832e+00  -1.77529842e+00   2.19369441e+00  -1.30863289e+00
   -1.95391539e+00  -3.71147082e-01   4.21033681e-02   4.31233043e-01
   -1.34928753e+00  -4.55205811e-02   1.56910281e+00  -1.95336500e+00
   -5.36870681e-01 
    1.16505727e+00  -1.04125731e+00  -9.79327926e-01  -1.54334558e+00
   -1.40290747e-01   1.43896337e-01  -1.04896614e+00  -2.54654937e+00
   -2.59192432e+00  -2.61775914e+00  -1.88410805e+00   1.92005071e+00
   -2.62519229e+00  -1.44971486e+00   1.86667048e-01   2.03182329e-01
    5.39096272e-01  -4.26790039e-02  -2.27780883e+00   1.67502517e+00
    1.38586208e+00   1.26583568e+00   5.66167003e-01  -2.54018920e+00
    2.67026927e+00  -9.35935486e-01   2.06876522e+00   4.82594289e-01
    2.59059228e+00   4.44781574e-01  -4.24737018e-02  -1.97022234e+00
   -4.98432286e-01 
   -6.91239442e-02  -2.90791699e+00   4.36753964e-01   9.68546083e-01
   -6.20408927e-01   1.37598307e+00  -1.19474358e+00  -2.24823510e+00
   -1.84169003e+00  -1.71918906e-01   1.20326625e+00   2.98936718e-02
   -2.67398706e+00   1.88161065e+00  -3.10561481e-01   2.85114637e-01
    4.79184835e-01  -1.36353806e+00   1.10157594e+00   1.64357196e+00
   -8.08843730e-01  -1.37497303e+00  -1.41714925e+00  -2.80941683e+00
   -1.63959758e+00  -1.59808666e+00   3.63530614e+00   1.05674543e+00
   -1.14331975e+00  -3.61683181e-01   1.62479559e+00   2.68633492e+00
   -5.12709903e-01 
   -1.17599363e+00   4.56275900e+00  -1.39599658e+00  -2.57632255e+00
   -2.16151125e+00  -1.21264486e+00  -1.16328013e+00  -6.54570154e-02
    1.06532534e+00  -2.38242597e+00  -2.69050680e+00   3.86564490e-01
   -6.43198063e-01   1.34169117e+00  -2.66308480e-01   1.65229723e+00
   -7.06176451e-01  -5.81440144e-01  -1.30917403e-02  -8.67454885e-01
    7.78903813e-01   1.81998113e+00  -6.68307952e-01   9.76609386e-01
    5.10859902e-01  -1.64288146e+00  -1.49360835e+00  -6.36344035e-03
    1.12297060e+00  -9.19763479e-01   1.78706242e+00   1.26528499e+00
   -6.46037712e-01 
   -4.28646698e-01  -9.74349182e-01  -2.52838092e+00  -2.10279675e+00
   -2.12722907e+00   9.62243647e-01  -4.34184808e-02  -1.64108513e-01
   -6.99746258e-01   3.61406269e+00   1.18784033e-01   2.22267552e+00
   -9.77743747e-01   3.72450241e-01  -5.15166689e-01  -1.32466957e+00
   -1.10196183e-01  -1.10488764e+00  -4.12471153e-01  -1.48634587e+00
    3.30437706e-01  -3.50854015e-01  -8.98885950e-01  -6.80399080e-01
   -8.72456189e-02  -1.93736791e-01  -1.89784055e+00   5.09711443e-01
    1.61667944e+00  -1.24657148e+00   2.08880073e+00  -4.31159184e-01
   -1.91974229e-01 
   -2.54420356e-01  -7.91490952e-01   5.03708144e-01   1.96148859e+00
   -2.37826196e+00   1.32641937e+00  -2.48479725e-01   1.09861757e+00
    9.55930199e-01  -7.55388612e-01  -9.39840084e-01   9.41691937e-02
   -1.71245140e+00  -7.43804454e-01  -2.70203566e+00   2.15635513e+00
   -3.06202201e+00   4.49640409e-01   1.00965948e+00  -8.40082361e-01
    8.29614392e-01  -5.92594037e-01   1.45304388e+00   3.59504816e-01
    2.52718951e-01  -2.09420654e+00   9.34609428e-01  -1.36168842e+00
   -1.72148837e-03  -1.16268829e+00  -9.26096530e-01   7.34489610e-01
   -5.66761465e-01 
   -5.96870271e-01   2.23050106e+00   3.16558460e-01  -1.09400582e+00
   -9.85538820e-01  -2.01924034e-01   9.47070735e-01   1.54647518e+00
   -1.08959536e+00   2.33838757e-01  -1.01517554e+00  -6.44595061e-01
    2.23552077e-01   3.85723787e-01   2.00261812e+00  -1.18215928e+00
    4.77119513e-01   2.69872434e-01  -1.36853364e+00   4.28303712e-01
   -7.58460556e-01   9.94769461e-01  -3.61437819e-01  -3.54986480e-01
    9.96495147e-01  -1.25045855e+00  -4.07215978e-01  -3.91186343e-01
   -2.58105046e+00  -1.72195351e-01  -1.90100782e+00  -2.93248820e+00
   -9.52695835e-01 
   -1.46702093e-01  -1.78024174e+00  -2.38332386e+00   2.03723966e+00
    1.43234076e+00   9.31860363e-01  -3.81757456e-01  -4.74717468e-01
    2.10924805e+00   1.28066268e+00   2.10501151e-01   5.17748216e-01
   -4.45439689e-02   2.76260217e-01  -1.03801159e+00  -5.69308186e-01
   -2.22764163e-01  -1.86247919e+00  -8.92355583e-01   1.69572352e+00
   -4.29253888e-01   7.92436255e-01   4.51604765e-01  -1.53129426e+00
   -4.91631321e-01  -1.54262056e+00  -1.61345908e+00  -6.18236376e-01
    1.15046482e+00  -4.72574108e-01  -8.51123025e-01  -6.49665598e-01
   -1.34397824e-01  