NN 16 32 16  -2.3831101  -0.31029953 -0.50500748  0.7139895   0.67513405 -0.23196508
  -0.51438677 -0.47953442  1.267253   -0.89294468  0.20896272  0.8520903
   0.52587419 -0.0132636  -0.0084051  -0.07455172 -0.50929876 
   0.25583124  0.06196712 -0.47015524 -0.86039923  0.56803758 -0.15824091
  -0.01385423  0.59277699 -1.48051169  0.36870338  1.32469686 -2.25838999
   0.38095975  0.61037779 -0.56142317  0.569901    0.52292673 
   0.08337587  0.37550504 -1.58645794  1.10008684  1.3774447  -0.81333447
  -0.70696602 -1.23999499 -0.55553588  0.28719097  0.07748031  0.20792234
   1.58297495 -0.63003805  0.05484464  0.63282626  0.45250589 
   1.19160481 -0.68359217 -0.45241726  0.57046403 -0.46831612 -0.8825107
   0.99911799  0.04064454 -0.73501905  0.70058293 -0.70950362  1.31746703
   1.00277239 -1.44799505  0.56924493 -0.78995613 -0.44375683 
  -0.28773303 -0.86321888  1.16232601 -0.80486497 -0.45235476 -0.84935071
  -0.09270961 -1.27170893  1.36783965  0.21212258 -0.19770106  1.23000053
   1.06338853  1.23403141  0.1240687  -0.8947497  -0.65017641 
  -0.16309134  0.31957894  0.61992744 -0.61643487 -0.00323687  0.76952329
   0.63277235  0.18579135 -0.08695143 -0.26472539 -0.50719067  0.73480933
  -0.50199965 -0.87431454 -0.19552681  0.0769437  -0.27267418 
   0.25651912  1.13074946  1.02400679 -1.1489136  -0.31040529 -0.05471745
  -1.26670658  0.65778665 -0.58540879  0.30293218  0.64576459  0.67056281
  -0.25304734 -0.09813597 -0.64794492  0.53778409 -0.39786711 
   0.23310492 -1.080162    0.65761524 -0.34653686  0.44105564  2.34497408
  -1.00843336 -0.3314113   1.45899444  1.56991383  0.97154807 -0.919343
  -0.43122944 -1.26885388 -0.87141289 -0.23345679 -0.76536073 
   0.15569183  1.62842294 -1.05532884 -0.21292049  0.52387954 -0.81707349
   0.10961233 -0.12172127 -1.14326026  1.58987645  0.79785283 -0.73376822
   0.14879649 -1.08625517  0.28766365 -0.37478118 -0.1208396  
  -1.4959349   0.51495036 -0.87318878  0.71055588  1.62920369 -0.24211945
   1.32181528 -0.35732749 -0.403887    1.26602081  0.07748657  1.12605038
  -1.59660074  0.01344757 -0.06605138 -0.72336388 -0.07637825 
  -0.42002655  0.65107638 -0.29521931 -1.91935744 -1.43680447 -0.74452421
   0.29238476  2.50122577 -0.44790621  0.95379871 -0.87653344  1.27937161
  -0.51847884  0.05216824  0.03920163 -0.0105468  -0.60948169 
   1.59122162 -1.00134318  0.71161002  1.54185131  0.931368    0.24193955
  -1.21374568  0.09323576  0.76146542 -0.46719188 -0.54206161 -0.19141652
  -1.62563019  0.13769134  0.32537567 -0.3594714   0.00387773 
   0.22289581 -1.3003988   0.8169878  -0.75950775  0.27246206 -0.02697847
  -2.50672683  0.26064561 -1.24667938  0.70577933  1.94606665  0.32685812
  -0.15771395  0.76970284 -0.42657122 -0.38821265 -0.75847415 
  -0.00478704 -0.21876609 -0.81574983  0.33117264  1.68414902 -1.41189236
   0.72382741  0.1135826   0.76126895  1.23889018 -1.76391659 -1.54517708
  -0.13238829  0.38307982 -0.14352466 -0.17837475 -0.14909878 
   0.28284631 -1.84260141 -0.04394361  1.83569227 -1.69950455  0.8500156
   0.08554646 -0.16494245 -1.34122355  0.20997427 -0.01584532 -0.64940602
   0.41046647  1.63073854 -0.74162695  0.13599508  0.62365472 
   0.92175841 -0.66724879  0.15479902 -0.02802047 -0.03023516  0.61150794
   2.33914341 -2.12487448 -1.12984192 -0.13386211 -0.25954809 -0.67282307
   1.40903826 -1.18726489  0.35354638 -0.10506056  0.40841914 
   1.12056746  0.29868525 -2.06761002 -2.61155339  0.17173684  0.30351879
   0.79848549  1.32527445  0.44444256 -0.54576921 -0.74378402  0.05191379
  -0.2446064   1.68870472 -0.43416803  0.39687064 -0.04313321 
  -0.99473723  0.06086768  0.06535702  0.00397349  0.90053071 -0.71361563
  -0.41910134 -0.0365686   1.20735849 -0.31893214  0.62929511 -0.19202335
   0.46704778 -0.4555352  -0.23299152  0.23034274 -0.43543357 
   0.11944743 -1.56510857  0.86930641 -0.59839095 -1.84828621  0.55209132
   0.56595814  1.1565066   0.58623189  1.30145475 -1.3251878  -0.54589519
  -0.02343022 -0.84281437  0.4526263   0.25741823  0.09474086 
  -0.90692788  0.56794999 -0.85632224  1.32894972 -0.15985403  1.76111795
  -0.25358749 -0.70231492 -0.26931205 -1.38553337 -0.60208591  0.39371696
   1.13768932  0.59306229 -0.04171656 -0.48812999  0.47655295 
   0.41467593  2.00784932  0.80259024  0.16935278 -0.70234859 -2.85382691
   0.73804089  2.13129933  1.09986833 -0.76980703  0.42586204 -0.76761662
  -0.71841506 -0.2079133   0.38487165 -0.10743188 -0.15676691 
  -2.04744473  0.44915357  1.23923097 -0.78197793  1.10733868 -0.66203256
  -0.21087077 -0.37616295  1.18996853 -0.91997185  0.26136124 -1.43749196
   0.24059954  0.5510422  -0.60173019 -0.04968394  0.53714037 
  -0.58504636 -0.28345526  0.56840571 -0.89685675  1.66598824 -1.15822887
   0.24960469  1.55411866 -1.5663516  -0.6765599   0.88164599  0.45463273
   0.75710824 -0.48363795 -0.25209975 -0.06490072 -0.30644961 
  -1.32596775 -0.0962253  -0.90865766  1.76062371 -0.94229718  0.56688935
   0.15813737 -0.66227268  1.59980551  1.52563166  0.87467238 -1.32862986
   0.14265318 -0.74841496  0.35601084 -0.35196807 -0.3695767  
   1.58285696  1.23304912 -1.20158406 -0.21054457 -1.70710863 -0.37052813
   0.89370294  0.25821279  0.70603816 -1.92699514  1.55477152 -0.4610743
  -0.10352206 -0.12602398 -0.19671073 -0.2111955  -0.19836056 
   1.00599642 -0.0824162  -1.23207543 -0.26548732 -1.17331415 -0.37266415
   1.39656598 -2.18060282  0.20318166 -0.27872537  0.86517265  1.11321712
   0.07106062  0.9681293   0.59097705 -0.08438371 -0.50873683 
  -0.72977452 -0.75988261  1.67432316 -0.24206734  1.06962889  0.98871168
  -1.27930823 -0.63504546  0.0846416  -0.67198117 -1.83119058  0.80156188
   1.16503361 -0.64997282  0.11958366  1.04289756 -0.1340664  
  -0.42547045  1.94348524  1.11080338  0.09416267  0.02730133  1.41944362
  -0.77897336 -0.51238688 -0.84708913 -0.25653839 -0.47384912 -0.39726749
  -0.64027558  0.47927572 -0.15890975  0.27791536 -0.33888291 
   0.01509716 -1.33379193 -0.65991669  0.07889845  0.79032065  2.11115612
  -0.55563439  0.79514886  0.56402666 -1.32041937  0.79645964 -0.35032655
  -0.95699458  0.11666514  0.8380642  -0.862957    0.05390016 
  -0.06455132  1.2465138   0.48371105 -0.49533331  0.36830169 -0.91061593
  -1.97950309 -1.59774721  0.17454351 -0.3712777   0.16378755  0.38736772
   0.57706934  0.31889242 -0.23165442  0.42359136  0.23193088 
  -1.16537705 -0.05013378  2.20235604  1.22801238  0.60408527  0.54336346
  -0.73263895 -0.85985616 -0.23193412  0.4266343  -1.07528884 -0.66944425
  -0.86902155  0.65689364  0.48607378  0.38541595  0.22472067 
   1.23439214  0.94623803 -0.73448003 -0.22824374 -0.55521974  0.01473623
  -0.8024122  -0.11854068  1.13111839  0.98168422 -1.42596721 -0.95311369
  -0.11518784 -0.87896208  1.29770946  0.07548831 -0.3161888       2.34813106e+00  -3.62360933e-01  -2.57292790e-01  -1.80697638e+00
   -3.10311984e-01   2.37980371e-01  -2.41762023e-01  -6.66495769e-01
    2.34110203e-01   1.37528070e+00   2.39694697e-01  -2.15243324e+00
   -7.68900659e-01   2.21008468e-01   1.51820551e-01  -1.37175949e+00
   -7.17766719e-01   3.82587919e-01  -1.85361257e-01   7.74131513e-01
   -6.28454934e-01   2.45246040e+00   5.36669664e-01   1.45756779e+00
   -2.42297164e+00  -1.02219662e+00   4.85897238e-01  -6.20401570e-02
   -4.76169517e-01  -1.26406720e-01   1.03830597e+00  -1.57377257e+00
   -3.16026971e-01 
    4.88735094e-01   1.59378831e-01  -3.74142666e-01   5.83630497e-01
    9.21084769e-01  -2.22962045e-01  -1.25409273e+00   8.09910553e-01
   -1.81328472e+00  -7.57271166e-01  -8.93994799e-01   5.32469026e-01
    1.77642069e+00   4.49574859e-01   1.88075249e+00   5.37323451e-01
   -2.75748842e-01  -5.88049025e-01   1.97227342e+00  -1.06155615e+00
   -1.73146390e+00   2.03454439e-01   2.31030435e-03   5.70486889e-01
   -1.64301355e+00  -3.07854309e-02   9.88890560e-01  -2.54055529e+00
    1.43814227e+00  -1.37338028e+00  -6.76187166e-02  -1.09674686e+00
    1.19024381e-01 
    8.32589897e-01   4.36200785e-01   2.10548891e+00   3.06367980e-01
   -1.78201693e+00  -4.82247522e-01  -1.15662832e+00  -1.01715882e+00
    1.28618132e+00   1.16487805e+00   7.22984925e-03  -5.37321959e-01
   -1.02118773e+00   6.85475883e-01   1.42303631e-01  -8.79610154e-01
    2.24140540e+00  -4.76907608e-01  -1.04385902e+00   9.34176043e-01
   -1.17034289e+00  -1.42055294e+00  -5.96886471e-01   1.13290196e+00
    1.17339031e+00   1.53424308e+00  -1.86807786e+00  -1.01551447e+00
    1.25078158e+00  -6.41088535e-01  -2.61230345e+00   7.20697929e-01
   -4.12115015e-01 
   -5.70519240e-01   8.43357579e-01  -1.07129494e+00  -7.68289354e-01
    8.29820892e-01   9.18646980e-01   1.07175883e+00   1.63643242e-01
    2.51031115e-01  -7.16289847e-01   1.77147463e+00  -2.05906628e+00
    8.03499922e-01  -6.64258037e-01  -2.58306696e+00   8.73245024e-02
    3.05233328e+00  -3.64090495e-01   1.14940325e+00  -1.63902420e+00
   -1.12277378e+00   8.30532680e-01   1.03705980e+00  -2.29016127e+00
   -2.25567698e-02   4.43152249e-01   4.55174611e-01  -1.60007951e-01
   -3.46301747e-01   4.10994530e-01  -1.58671619e+00  -2.37996836e-01
   -7.10806746e-02 
   -7.72607339e-01  -8.55908630e-01  -1.46503626e+00   2.32694832e-01
    1.49393740e-01  -1.75428512e-02   4.66569444e-01  -6.65891907e-01
   -5.61874382e-01  -2.14018962e+00   1.19462074e+00  -3.44796723e-01
   -4.81218873e-01  -2.13651587e+00   2.20121909e+00  -4.02726845e-01
    1.84688824e-01  -1.42816770e+00   2.48822984e+00  -2.90287408e-02
    1.68158756e+00  -9.78889283e-01  -2.36232465e+00   1.67875536e+00
    1.41170456e+00   1.41274429e+00  -1.31570329e+00  -4.37425961e-01
   -1.19397333e+00  -6.99964147e-01  -5.11050429e-01   5.33266585e-01
    1.66300167e-02 
    2.57801720e-02   7.80119065e-02   6.69326205e-01   1.02457993e+00
    7.19163998e-01  -3.82231368e-01  -2.11657485e-01  -2.74111489e+00
    6.77896009e-01  -6.46520989e-02   8.75916267e-02  -1.92433833e-01
   -3.57826113e-01   1.76818278e+00  -9.65834020e-01  -1.18904047e+00
   -6.59574712e-01   4.91975672e-02  -4.90130704e-01  -2.23046363e+00
    3.71549059e+00   4.09466836e-01   8.40159832e-01  -1.31620960e-01
   -3.03478313e-01   2.72045895e-01  -1.41602944e+00  -1.27189417e+00
   -2.68818948e+00   6.86042752e-01  -5.81341260e-01  -5.53998404e-02
    7.98871454e-02 
    2.62060350e-01  -7.19210286e-02   9.31317977e-01  -1.19843859e+00
   -5.36495482e-01  -7.47587132e-01   1.39480669e+00   7.60699613e-01
   -1.47517813e-01  -2.24404313e+00  -3.66893625e-01   1.44134065e+00
    3.11330469e+00  -1.10494081e+00  -4.94307879e-01  -3.13210592e+00
   -7.33163288e-01  -9.57624393e-02  -6.42759979e-01   5.69508297e-01
   -8.45831391e-01  -6.81530321e-02  -2.85813287e-01  -5.24504888e-01
   -1.39272260e+00  -1.41431610e+00   8.20570517e-01   7.06379230e-01
   -2.11345618e-01   2.35139733e+00   1.17599564e-02   6.09427169e-01
   -1.59527951e-01 
    6.66541970e-03  -6.42833651e-01   1.74429322e+00  -5.22447975e-01
    9.85662287e-01   1.05281721e-01  -7.26558291e-01   3.11284644e-01
    2.59761342e-01   5.06288635e-02  -3.26899250e+00  -2.17598889e-01
   -5.13294952e-01  -3.52634174e-01  -4.58691982e-01   2.07144515e+00
   -1.56374171e+00  -5.73911905e-01  -1.77907617e+00   3.39688790e-01
   -2.29503823e+00   9.17878821e-02  -2.32965383e+00   2.73358837e-01
   -2.21885480e-01   2.06560219e+00   8.33606498e-01   7.14888199e-01
   -1.43121090e+00   1.66902247e+00   5.24091421e-01  -2.36323256e-01
   -1.89972042e-01 
   -1.21434380e+00   1.60969465e+00   8.58550515e-01   7.55299993e-01
   -1.63273835e+00  -2.27268919e-02   8.47131905e-01  -1.96469482e+00
    1.30919668e+00   5.48752520e-02   1.99286433e-01  -1.22447023e+00
    7.16028546e-01  -1.20251579e+00   1.73145135e+00   1.53822680e+00
   -8.51992206e-01  -1.38281047e+00  -5.18595995e-01   6.16381752e-01
   -1.14230691e+00  -1.16387627e+00   1.72374780e+00  -1.72205032e+00
   -6.65665038e-01  -4.98407996e-01   5.14985407e-02   7.01557842e-01
   -6.94325524e-01  -2.27624937e-01   7.96925475e-01  -1.40262156e+00
   -4.22444976e-01 
    6.30453949e-01  -3.37886861e-01  -3.50438158e-01  -9.00634447e-01
   -2.03929835e-01  -1.11024465e-01  -6.09507689e-01  -2.04743412e+00
   -1.68698410e+00  -1.56531608e+00  -1.46205808e+00   8.17685536e-01
   -1.44942673e+00  -1.31886210e+00  -3.15288226e-02  -1.40575609e-01
    7.27448809e-01   7.82199772e-02  -1.74833767e+00   1.53344159e+00
    8.87143118e-01   1.01652360e+00   8.63202393e-01  -2.07335800e+00
    2.18414992e+00  -6.69478700e-02   8.44806206e-01  -2.12338044e-01
    1.56595559e+00   1.25508498e-01  -5.82567293e-02  -1.22647146e+00
    6.45085509e-02 
   -7.15250745e-01  -1.53767382e+00   2.46407058e-01   5.63447612e-01
   -5.05904947e-01   5.89266821e-01  -7.11152747e-01  -1.94171247e+00
   -8.15398743e-01  -5.47725297e-02   8.21503341e-01   7.71917381e-01
   -2.29517871e+00   1.65397427e+00  -2.34288351e-01   2.25728199e-01
    7.92142687e-01  -8.44932021e-01   5.11486871e-01   1.33967651e+00
   -4.86694234e-01  -6.92904529e-01  -8.92208441e-01  -1.98945879e+00
   -1.60179363e+00  -1.44753284e+00   2.36118123e+00   6.17823579e-01
   -6.52268668e-01  -4.80916491e-01   9.78531808e-01   1.72826125e+00
   -4.25051901e-02 
   -1.36936306e+00   2.81171518e+00  -7.56855500e-01  -2.05870566e+00
   -1.56715965e+00  -5.18002896e-01  -7.73533235e-01   4.11975917e-01
    9.07937316e-01  -1.74219136e+00  -1.90239046e+00  -9.27088275e-02
   -8.68250321e-01   1.38073111e+00   3.12259512e-01   1.14667014e+00
   -5.56172327e-01  -4.67879198e-01  -8.54492768e-03  -4.47956831e-01
    7.40144535e-01   1.54567321e+00  -3.18531259e-01   5.37688878e-01
    9.52442132e-01  -1.76354046e+00  -8.60439933e-01   1.49226532e-01
    5.04139726e-01  -5.44206060e-01   6.90697094e-01   9.57618923e-01
   -2.36445363e-01 
   -3.51014302e-01  -3.42014342e-01  -1.93446589e+00  -1.39535383e+00
   -1.61794248e+00   5.34932062e-01   2.76291448e-01  -9.10708608e-02
   -1.20611517e-01   1.84119667e+00  -4.67811886e-02   1.53686611e+00
   -9.87576590e-01   1.14223822e-02   3.41295027e-02  -1.05050072e+00
   -1.19404292e-01  -7.66718363e-01  -8.05484256e-02  -6.20416462e-01
    6.09696787e-01  -4.49109631e-01  -5.14011128e-01  -4.12223851e-01
   -3.09369455e-02  -5.75546845e-01  -1.02336677e+00   3.19706587e-01
    1.21951847e+00  -9.93375910e-01   1.31430544e+00  -3.81202780e-01
   -6.00976014e-02 
   -2.83456213e-01  -6.41974009e-01   5.23421462e-01   1.28528764e+00
   -1.63473706e+00   7.82830591e-01  -2.66599583e-01   3.97341369e-01
    6.47822644e-01  -4.82777103e-01  -9.16852987e-01   7.77842125e-02
   -1.43810267e+00  -2.97779471e-01  -1.87692365e+00   1.33759486e+00
   -2.04436476e+00   6.25123002e-02   5.44004846e-01  -5.22207879e-01
    4.98039678e-01  -5.82936045e-01   8.44797969e-01   5.46913409e-02
    2.82740994e-01  -1.61597185e+00   7.58172697e-01  -9.65917458e-01
    2.22005923e-01  -6.34140635e-01  -5.22076492e-01   4.52375359e-01
   -2.95982468e-01 
   -5.94058243e-01   9.78402444e-01   1.31527352e-03  -7.32410565e-01
   -8.97428814e-01  -2.18259895e-01   4.14767891e-01   5.18530102e-01
   -1.49561188e-01   4.09538617e-02  -5.36940429e-01  -5.71904159e-01
    1.09076024e-01   2.23569335e-01   6.16823340e-01  -6.99004376e-01
    3.65532000e-01   1.80768478e-02  -6.66541894e-01   3.49177209e-01
   -1.17391413e-01   5.36073619e-01  -4.09049168e-02  -1.30109939e-01
    4.56044897e-01  -9.83804790e-01  -3.68412326e-01  -1.42514335e-01
   -5.94658923e-01  -3.83506220e-02  -1.09661269e+00  -1.26700536e+00
   -7.32780758e-01 
   -5.38321014e-01  -5.91293303e-01  -1.10224588e+00   3.58158332e-01
    4.12742578e-01   5.43022437e-01  -1.60466539e-01  -3.27391919e-01
    4.94804788e-01   4.16471105e-01  -7.50071117e-02  -2.65276194e-02
   -4.84455164e-01   7.23603854e-02  -5.00758143e-01   2.39644098e-01
    1.71707115e-01  -9.25210703e-01  -2.60701989e-01   4.44757965e-01
   -5.67682889e-01   6.14887386e-02  -5.62642932e-02  -1.11154930e+00
   -1.88095868e-01  -8.56465671e-01  -8.12085811e-01  -3.71814957e-01
    3.81228733e-01  -3.66623767e-01  -7.54045577e-01  -2.20495759e-01
   -7.72658294e-02  