NN 16 32 16   -3.27230251e+00  -9.66066788e-01  -1.12122695e-01   4.68306819e-01
    2.04314718e+00  -9.38219891e-01  -1.56594626e+00  -1.83956883e+00
    2.85484156e+00  -1.29459536e+00  -2.03941551e-01   3.43259696e-01
    7.54577307e-01  -2.32508883e-01   2.62242294e-01  -4.31223138e-01
   -7.84227827e-01 
    6.13956246e-01  -5.64411484e-01  -4.11398302e-01  -3.45583801e-01
    9.40492640e-01  -2.32176603e-01   1.32366410e-01   4.15787427e-01
   -2.25492172e+00   6.31571950e-01   1.94411268e+00  -3.42352430e+00
    6.36573686e-01   7.09556283e-01  -1.77894839e+00   1.22434408e+00
    5.33065269e-01 
   -7.86391415e-01   4.29084997e-03  -2.61338399e+00   9.54233899e-01
    2.43264398e+00  -1.70438049e+00  -4.55336970e-01  -8.73417555e-01
   -1.10208903e+00   4.77802129e-01   7.80723974e-03   4.18705444e-02
    1.36770164e+00  -8.98619485e-01  -2.39866826e-01   1.70949902e+00
    5.80058795e-02 
    1.56863085e+00  -8.31698329e-01  -1.16076873e+00   8.31658397e-01
    8.23043965e-02  -9.73957847e-01   8.71562666e-01  -3.34721148e-01
   -1.38102488e+00   7.61801268e-01  -1.32588459e+00   1.65030442e+00
    1.64676940e+00  -1.55195466e+00   1.05381334e+00  -1.79607279e+00
   -2.92515827e-01 
   -3.31465258e-01  -1.40182307e+00   1.37845245e+00  -1.05632034e+00
   -2.82258199e-01  -6.12473698e-01  -6.89132887e-02  -1.69727656e+00
    1.32996274e+00  -3.30297041e-01  -3.83597390e-02   1.87462370e+00
    1.63933130e+00   2.05958307e+00   1.11325225e-02  -1.38372978e+00
   -6.72644141e-01 
   -4.39642451e-01   1.24800406e+00   1.43389723e+00  -1.28987511e+00
    6.74451795e-01   1.03213891e+00   1.57536342e+00  -2.01362896e-01
   -2.30539437e-02  -3.06010279e-01  -1.72661902e+00   5.01260579e-01
   -8.27756798e-01  -1.34884323e+00  -3.67208111e-01  -1.90930745e-01
   -5.38050869e-02 
    7.58654315e-01   1.55995439e+00   1.28387152e+00  -1.72577431e+00
    1.31278564e-03  -4.37815995e-02  -1.75526298e+00   1.12371507e+00
   -4.69947343e-01   5.53096519e-01   8.17382199e-01   4.06585650e-01
   -2.12142907e-01  -3.94604449e-01  -1.30345282e+00   8.09497405e-01
   -6.10565734e-01 
    6.73076263e-01  -1.37628247e+00   9.95453103e-01  -3.71579411e-01
    7.13972664e-01   3.70372299e+00  -1.85435775e+00   3.58387634e-02
    2.14822210e+00   2.15162043e+00   5.31423252e-01  -5.68421552e-01
   -5.81570191e-01  -2.42517649e+00  -1.19265101e+00  -1.13748932e-02
   -6.04159248e-01 
    2.89187139e-01   2.46574831e+00  -8.41411847e-01  -7.75952541e-01
    8.66146778e-01  -1.19350864e+00  -9.98328449e-01  -5.39373011e-02
   -1.51997307e+00   2.23804511e+00   1.30793909e+00  -1.17357272e+00
    6.77197408e-01  -1.71619595e+00   1.19260127e+00  -1.42707973e+00
   -1.38270478e-01 
   -1.55160160e+00  -5.55609333e-02  -8.63609912e-01   1.30841626e+00
    1.60259785e+00  -7.55039993e-01   1.21787377e+00  -8.15125655e-01
   -8.38187221e-01   1.13495268e+00   3.73746371e-01   1.89669875e+00
   -2.50947124e+00   5.61189270e-01  -4.07029776e-01  -1.25142170e+00
    2.83070924e-01 
   -5.68574395e-01   5.11416410e-01  -2.52253014e-02  -2.58266204e+00
   -1.93934060e+00  -1.41246525e+00   2.29742879e-01   3.80554597e+00
   -1.00537955e+00   5.46041214e-01  -6.92485403e-01   2.67363881e+00
   -8.41917073e-01  -2.73175629e-01  -1.88896138e-02   3.11258802e-02
   -6.11967063e-01 
    2.67747032e+00  -5.95563938e-01   3.13789724e-01   1.86030455e+00
    1.49461078e+00  -5.24939192e-01  -1.48315064e+00   6.93640490e-01
    2.46539370e-01  -9.04844804e-01   2.06244470e-01  -5.44431331e-01
   -2.62363539e+00   3.69200455e-01   9.59938352e-01  -6.63616559e-01
   -3.84879358e-02 
   -2.23183318e-01  -1.64551969e+00   1.28487243e+00  -2.15091920e-01
   -8.42497431e-02   3.56045172e-01  -3.19615532e+00   1.46674443e-01
   -1.90523687e+00   9.25609971e-01   2.80120219e+00   3.69181873e-01
   -3.64873786e-01   1.11620096e+00  -6.19834008e-01  -5.64445548e-01
   -1.14319563e+00 
   -3.84364684e-01   2.14410906e-01  -5.81504561e-01   8.74819028e-02
    2.04010648e+00  -1.89311717e+00   8.66946503e-01   7.36056352e-01
    9.14002703e-01   1.65159607e+00  -2.08883164e+00  -1.65000605e+00
   -8.67836278e-01   4.45168751e-01  -3.84682363e-01  -4.95533952e-02
   -1.01267017e-01 
    1.29557255e+00  -1.89654085e+00   5.85495867e-01   2.73576290e+00
   -2.04776879e+00   8.99954513e-01   5.03270841e-01  -7.56357163e-01
   -1.56099902e+00  -1.95873647e-01  -4.77916018e-01  -3.61039438e-01
    8.52023207e-01   2.37036705e+00  -1.75214229e+00  -4.10715828e-02
    6.54617848e-01 
    1.25159400e+00  -1.02284956e+00  -7.81706660e-02   1.49727840e-02
   -4.59598549e-01   6.66511732e-03   3.05183540e+00  -2.84053510e+00
   -1.31494861e+00  -7.78361979e-01  -3.66020002e-01  -8.98806049e-01
    1.41479993e+00  -1.68233224e+00   7.37490858e-01   3.54417497e-01
    4.81783845e-01 
    1.46233930e+00   5.68480039e-01  -3.12512901e+00  -3.79455559e+00
    8.07490878e-01   9.12313407e-03   9.92621309e-01   1.51014535e+00
    5.60696151e-01  -4.09119169e-02  -9.77431502e-01  -9.90385651e-01
   -3.53590672e-01   1.70479680e+00  -5.92655239e-01   8.99430048e-01
    8.27388194e-02 
   -1.31821339e+00   4.24762075e-01  -1.41358403e-01   8.64090575e-02
    6.42312207e-01  -1.24343580e+00   1.68320698e-01   1.42905390e-01
    1.45018362e+00  -7.35864121e-01   1.06948565e+00  -5.37775216e-02
    8.02089207e-01  -9.26760586e-01  -5.42384966e-01   1.09954683e+00
   -5.61128906e-01 
   -1.89345181e-01  -2.10675605e+00   1.94210539e+00  -7.98145869e-02
   -2.27125806e+00   4.72510593e-01  -1.78500375e-01   1.44676893e+00
    2.77750379e-01   1.49977813e+00  -1.89329485e+00  -4.76232495e-01
    6.02254214e-01  -1.18825574e+00   5.56702877e-01   5.91877939e-01
    8.10345089e-02 
   -1.29919673e+00   3.77170856e-01  -7.68539095e-01   1.93124274e+00
   -9.59446194e-01   1.73510466e+00   9.82628586e-01  -1.52330695e+00
   -2.83168523e-01  -1.70062961e+00  -8.22273241e-01   7.03415085e-01
    1.69610582e+00   2.74672533e-01  -2.01848022e-01  -1.94138061e+00
    3.61789884e-01 
    1.24019921e-01   2.49371393e+00   9.01207358e-01  -3.96169624e-01
   -5.97986029e-01  -4.38710945e+00   1.11766105e+00   3.24461550e+00
    1.28771876e+00  -1.84216252e+00   6.97329532e-01  -4.39163084e-01
   -5.71821718e-01  -6.76312615e-01   5.41087600e-01  -2.34961199e-01
   -3.07648739e-01 
   -2.37383903e+00   8.78905171e-01   1.76597606e+00  -4.53402262e-01
    1.64630137e+00  -9.16574593e-01  -6.67412872e-01  -5.86268505e-01
    2.15633025e+00  -1.07662813e+00   1.10495490e-01  -1.75501031e+00
    5.30208337e-01   5.36380793e-01  -1.09690362e+00  -3.63451998e-01
    6.34123186e-01 
   -3.47568102e-01  -4.81925361e-01   3.82464594e-01  -9.37071772e-01
    2.20781104e+00  -1.36545236e+00   1.03858286e-01   2.07004447e+00
   -2.43305700e+00  -8.25232248e-01   1.04304441e+00   7.05789271e-01
    4.45087130e-01  -7.25083774e-01  -4.13556257e-01  -8.56028865e-01
   -3.63856715e-01 
   -1.80706437e+00   2.95808448e-01  -1.36177832e+00   2.03037651e+00
   -1.05413679e+00   9.73542230e-01   6.12099452e-01  -6.62419352e-01
    1.14235776e+00   1.51903831e+00   1.57900027e+00  -1.72991749e+00
    7.84756832e-01  -1.30505115e+00   4.87779921e-01  -2.13730098e-01
   -6.17067566e-01 
    1.57846943e+00   1.42372958e+00  -2.14921386e+00  -6.92768485e-01
   -3.30172069e+00  -1.08965236e+00   8.48642468e-01   5.69625656e-01
    1.25340091e+00  -2.36343081e+00   1.84856441e+00  -3.11195596e-01
    2.77616110e-01  -3.12308807e-01  -8.66988001e-01  -6.17040815e-02
   -2.87629633e-01 
    1.59106409e+00   1.59798670e-02  -1.55765947e+00  -2.64589730e-01
   -1.11417972e+00  -4.24795793e-01   2.59987357e+00  -2.87057879e+00
    4.38942782e-02  -3.36580813e-01   3.77357381e-01   9.11119164e-01
   -1.01878795e-01   1.33768581e+00   9.01075687e-01   9.41969627e-01
   -5.76968157e-01 
   -7.74767638e-01  -5.68211754e-01   1.95224963e+00  -2.71503902e-01
    1.38248768e+00   1.65824817e+00  -2.69658587e+00  -7.41815761e-02
    3.93661511e-01  -7.53307324e-01  -2.92061115e+00   2.83789104e-01
    1.66053226e+00  -1.26867483e+00   5.54103550e-02   2.80440388e+00
   -1.89624548e-01 
   -7.00079164e-01   2.49831562e+00   1.27521153e+00   4.19472552e-03
   -1.26837483e+00   2.09681772e+00  -3.99316625e-01  -2.00588328e-01
   -9.37563973e-01  -1.87942334e+00  -3.61227723e-01  -1.32100304e-01
   -8.88921145e-01   5.91087566e-01  -3.48405763e-02   7.24925190e-01
   -4.43479281e-01 
   -4.08706254e-01  -1.30916091e+00  -1.00666919e+00   7.82349140e-02
    2.57516305e-01   2.28714416e+00  -7.06673056e-01   7.98370117e-01
    3.58730101e-01  -2.46489301e+00   1.18644303e+00  -1.49781961e-01
   -1.36566508e+00   5.44510353e-02   2.72884162e+00  -1.31983462e+00
    5.50485832e-01 
   -2.23914848e-01   1.98780224e+00   3.88870858e-01  -8.04649357e-01
    7.64405928e-01  -1.45790938e+00  -2.23499150e+00  -1.45919784e+00
   -3.25366759e-01  -6.87980021e-01  -2.23914220e-01   8.33070310e-01
    5.41772946e-01   3.66719412e-01   4.52242531e-02   9.50090473e-01
   -3.98317173e-02 
   -1.30062654e+00   2.57554558e-01   2.51971284e+00   1.41745973e+00
    1.01643652e+00   3.57844322e-01  -1.77141602e+00  -1.07482439e+00
   -6.21685022e-01   8.45208820e-01  -1.87419130e+00  -1.34789065e+00
   -1.58612841e+00   1.40647334e+00   1.40731770e+00   1.09174541e+00
    3.10360827e-01 
    1.38302544e+00   9.30989705e-01  -1.01162866e+00  -2.85164580e-01
   -8.60630397e-01  -3.80348071e-01  -6.62542051e-01  -3.59170022e-01
    1.49739300e+00   1.43387263e+00  -2.08951679e+00  -1.72764975e+00
   -3.88291434e-01  -1.64891244e+00   2.31424648e+00   7.01400740e-01
   -5.27380959e-01      3.24143438e+00  -8.21917019e-01   3.32546881e-01  -1.88373733e+00
   -7.41107408e-01   1.00555198e+00  -6.21899290e-01  -9.27403284e-01
    6.10446368e-01   9.50302549e-01   2.69538304e-01  -2.83890742e+00
   -7.46971159e-01   4.16297392e-01   7.96176295e-01  -1.59069217e+00
   -3.35237876e-01   2.15854099e-01   2.02613440e-01   3.58647420e-01
   -2.50563721e-01   2.22313489e+00   3.89717459e-01   2.03563193e+00
   -1.68552801e+00  -9.78008262e-01   4.26223997e-01  -2.08762905e-01
   -1.28431057e-01  -4.74869281e-01   4.09661024e-01  -1.50567003e+00
   -2.38399386e-01 
    6.42645404e-01   5.02987800e-01  -3.50923630e-01  -5.15776297e-02
    1.02338036e+00  -2.79407053e-01  -1.37488770e+00   1.04777553e+00
   -2.31058983e+00  -1.62784998e-01  -9.54651905e-01   2.28989938e-01
    1.29926770e+00  -2.27064472e-01   1.73971828e+00   2.26846678e-01
    2.24333044e-01  -6.80839504e-01   2.00106989e+00  -2.00260774e+00
   -1.64381673e+00   3.51896089e-01   4.14507910e-01   1.89835186e-01
   -1.51829854e+00   5.59410211e-01   8.36133279e-01  -3.89854910e+00
    1.40130579e+00  -1.68278407e+00   1.13770989e-01  -1.32356827e+00
    2.05547726e-01 
    6.96702080e-01   1.14280991e-01   2.87063452e+00   8.74091018e-01
   -1.93370799e+00  -1.48166992e+00  -8.95516670e-01  -7.91872436e-01
    1.50127733e+00   1.07352002e+00   4.09316838e-01   3.34754742e-01
   -2.21595380e+00  -9.23849641e-02  -2.42195199e-01  -1.17190655e+00
    2.23252242e+00  -7.95807838e-02  -1.42134705e+00   1.17565719e+00
   -1.37524052e+00  -2.41740905e+00  -1.08915042e+00   1.20846863e+00
    1.24454175e+00   9.00754311e-01  -2.16079276e+00  -6.50754398e-01
    2.01829626e+00  -3.33028257e-01  -2.43398406e+00   8.29056689e-01
   -3.17147302e-01 
   -1.25838097e+00   5.30434439e-01  -1.29511653e+00  -9.95047999e-01
    1.57767251e+00   1.26158613e+00   1.34162646e+00   2.24170278e-01
    4.84077956e-01  -8.28082045e-01   2.45816501e+00  -2.25279820e+00
    5.06263094e-01  -1.03240081e+00  -3.32841108e+00   2.68495096e-02
    3.77489878e+00  -1.73384300e-01   1.81773433e-01  -2.09906582e+00
   -1.00495718e+00   6.19227758e-01   8.07301657e-01  -2.81554438e+00
    5.06843512e-01   4.95282924e-01  -1.04401172e-01   1.75023016e-01
   -3.65659851e-01   3.48836980e-01  -1.83239555e+00  -5.61194167e-01
   -1.64638671e-01 
   -1.56265060e+00  -1.06067544e+00  -2.10051443e+00  -3.47502072e-01
    2.85432916e-01  -3.89302542e-01   1.85124158e-01  -1.18350734e+00
   -2.82667062e-01  -2.79416912e+00   1.33508846e+00  -2.83482838e-01
   -1.67572279e-01  -2.30320498e+00   2.67877638e+00  -1.68754764e+00
   -1.09904075e-01  -1.42233129e+00   2.66037664e+00  -9.50317324e-03
    1.39757483e+00  -1.32773580e+00  -2.93241701e+00   2.11193461e+00
    2.04321046e+00   1.41208840e+00  -1.43781420e+00  -3.19772939e-01
   -9.30891483e-01  -3.56076566e-01  -1.02801689e+00   1.46628240e+00
   -1.28086095e-01 
   -9.79821110e-01  -1.16107609e-01   7.69406927e-01   6.94951134e-01
    8.30422881e-01  -7.50141481e-01  -4.12762283e-01  -3.54486294e+00
    1.01703831e+00   2.86696623e-03  -1.05828240e-01   3.24475599e-01
   -6.66641803e-01   1.83185915e+00  -9.73687192e-01  -2.13357358e+00
   -1.34761819e+00   3.75660117e-01  -1.20342139e-01  -2.72906911e+00
    4.48718088e+00   2.90218646e-01   1.15510231e-01   9.22737199e-02
    1.11863308e-01   4.67696120e-01  -1.58389165e+00  -1.59334609e+00
   -3.47361788e+00   6.67251548e-01  -3.49819633e-01   2.01692821e-01
   -1.65237758e-03 
    7.76207363e-01  -8.51661906e-01   2.65103305e-01  -1.05097996e+00
   -4.26582431e-01  -1.87713744e+00   1.30954738e+00   7.79470200e-01
    3.32600237e-01  -2.10881237e+00  -5.65794968e-01   2.54034225e+00
    3.04060660e+00  -1.44387833e+00  -1.21140447e+00  -3.81952588e+00
   -1.02743565e+00   1.58037912e-01  -2.78672770e-01  -1.38445920e-01
   -7.66515160e-01  -2.66707538e-01  -4.02177145e-01  -6.37016144e-01
   -1.63526271e+00  -1.73625511e+00   1.20046091e+00   1.28829931e-01
    3.29847420e-01   2.70126503e+00   7.17637427e-01   5.63872207e-01
   -2.84002595e-01 
    7.21331202e-02  -6.84786648e-01   1.97650729e+00  -6.61394140e-01
    1.58781241e+00  -1.90330965e-01  -8.68846216e-01   2.36210739e-02
   -1.68178440e-01   4.32239550e-01  -4.05652512e+00   9.30231158e-02
    6.79007128e-02  -1.43390077e+00  -3.48085856e-01   2.15836464e+00
   -2.20687198e+00  -5.11538269e-01  -2.22414091e+00  -3.79263727e-01
   -2.34536854e+00  -1.84893517e-01  -2.69284700e+00   2.35029470e-01
   -3.19518883e-01   3.22254411e+00   7.47332975e-01   6.02911400e-01
   -1.56979816e+00   9.67917584e-01   1.10404486e+00  -1.91355079e-01
   -6.87401613e-01 
   -1.85051422e+00   2.19212789e+00   1.10546821e+00   1.17753917e+00
   -1.95045585e+00  -3.56392170e-01   1.11388499e+00  -2.21707519e+00
    1.94349599e+00   3.44586298e-01   4.65198655e-01  -1.32852381e+00
    1.19496760e+00  -1.49623673e+00   2.03597513e+00   1.27220594e+00
   -9.32635108e-01  -2.08780113e+00  -4.80448161e-01   5.76668430e-01
   -1.52014180e+00  -1.58855409e+00   2.05472442e+00  -1.40795025e+00
   -1.75743226e+00  -6.01104782e-01   4.96914922e-02   6.67739581e-01
   -1.13366107e+00  -1.55363813e-01   1.52704813e+00  -1.71170044e+00
   -5.39020615e-01 
    7.97872102e-01  -7.52572026e-01  -8.22001599e-01  -1.22734128e+00
   -1.31429222e-01   1.94872696e-01  -8.75236325e-01  -2.26668543e+00
   -2.29095849e+00  -2.41779983e+00  -1.77214132e+00   1.62011699e+00
   -2.42271977e+00  -1.41795641e+00   7.95094051e-03   1.06655712e-02
    7.83747306e-01   1.22246094e-02  -2.11029044e+00   1.72867687e+00
    1.32942825e+00   1.23850749e+00   6.25823024e-01  -2.57433657e+00
    2.57865571e+00  -4.80842566e-01   1.55504370e+00   2.56503813e-01
    2.16686213e+00   3.50219767e-01   7.28695560e-02  -1.65410793e+00
   -1.90703665e-01 
   -2.14987055e-01  -2.52272237e+00   3.31543641e-01   7.12724800e-01
   -5.10405712e-01   1.06791471e+00  -9.93801764e-01  -2.20858403e+00
   -1.42951549e+00  -2.78370440e-02   1.12912646e+00   2.47568925e-01
   -2.57834200e+00   1.86516851e+00  -4.07709714e-01   1.68893065e-01
    5.67124628e-01  -1.14114035e+00   9.76455557e-01   1.49955447e+00
   -7.09427852e-01  -1.06514444e+00  -1.24896646e+00  -2.55718212e+00
   -1.76347342e+00  -1.64306447e+00   3.22597999e+00   9.08424460e-01
   -1.16449390e+00  -3.52432115e-01   1.53738749e+00   2.34386816e+00
   -3.71960136e-01 
   -1.38331229e+00   3.92924404e+00  -1.14338523e+00  -2.49714259e+00
   -1.99633876e+00  -1.07944340e+00  -1.09766003e+00   1.86150508e-01
    1.02784277e+00  -2.18718506e+00  -2.53716710e+00   1.65976688e-01
   -8.09196751e-01   1.31474226e+00   1.27295970e-01   1.55292519e+00
   -8.44520339e-01  -4.91745067e-01  -1.35418259e-02  -7.34112605e-01
    7.04799484e-01   1.79436492e+00  -5.11170333e-01   9.60463807e-01
    7.61433320e-01  -1.75450145e+00  -1.32321784e+00   4.29826465e-02
    8.35731870e-01  -7.99350111e-01   1.40685561e+00   1.08044328e+00
   -5.16081117e-01 
   -4.51472520e-01  -8.64890237e-01  -2.47090669e+00  -1.97502743e+00
   -1.98753206e+00   8.23317355e-01   8.71043888e-02  -2.69107543e-01
   -5.70401824e-01   3.08277873e+00   4.01192879e-02   2.05200709e+00
   -1.03537251e+00   1.81041846e-01  -3.96931632e-01  -1.25721685e+00
   -6.30324457e-02  -1.06502092e+00  -3.73221717e-01  -1.31735144e+00
    4.23293495e-01  -4.37251901e-01  -8.59013705e-01  -6.96986010e-01
    7.58942517e-02  -2.01560760e-01  -1.71794741e+00   4.29799403e-01
    1.43631723e+00  -1.16341673e+00   1.81615846e+00  -4.47934986e-01
   -2.15515378e-01 
   -3.30577667e-01  -7.99667872e-01   5.60883899e-01   1.83893154e+00
   -2.15961280e+00   1.16305161e+00  -1.93540369e-01   9.01971988e-01
    9.08739357e-01  -7.13445928e-01  -8.21101288e-01   5.64029172e-04
   -1.64551017e+00  -6.82998111e-01  -2.41720654e+00   1.88711377e+00
   -2.73344817e+00   3.21658724e-01   9.59738025e-01  -7.63759301e-01
    6.92636791e-01  -6.69470940e-01   1.29285111e+00   3.30651635e-01
    3.76109925e-01  -1.96600060e+00   8.95222607e-01  -1.22211772e+00
    1.32922032e-01  -1.00254282e+00  -8.51244189e-01   6.79200748e-01
   -4.19872796e-01 
   -6.45759877e-01   1.93546567e+00   2.57652667e-01  -1.03604898e+00
   -9.19853257e-01  -1.64266866e-01   9.32560761e-01   1.40304238e+00
   -8.59942495e-01   1.66991213e-01  -8.57306526e-01  -6.37130567e-01
    2.47140681e-01   4.60800594e-01   1.73647006e+00  -1.02769830e+00
    4.92437533e-01   2.79720491e-01  -1.12538920e+00   3.98994670e-01
   -5.50778646e-01   9.42866053e-01  -2.30611680e-01  -2.58532000e-01
    9.19199099e-01  -1.19200751e+00  -4.62398497e-01  -3.32249834e-01
   -2.05817292e+00  -1.20801081e-01  -1.68077781e+00  -2.64309645e+00
   -7.92056404e-01 
   -2.60281657e-01  -1.61305623e+00  -2.17792263e+00   1.64431719e+00
    1.24795745e+00   8.65346115e-01  -5.00513674e-01  -4.77768315e-01
    1.63708825e+00   1.17722152e+00   1.24314006e-01   3.72619034e-01
   -2.29129183e-01   2.21465644e-01  -9.64535981e-01  -3.68292137e-01
   -2.34182786e-01  -1.63156979e+00  -8.44708158e-01   1.52309726e+00
   -5.74701445e-01   6.79352459e-01   2.57795082e-01  -1.41964943e+00
   -5.70880078e-01  -1.41304083e+00  -1.53894161e+00  -4.94947293e-01
    1.03993070e+00  -5.51248496e-01  -8.19475456e-01  -5.79576666e-01
   -2.02247534e-01  