NN 16 32 16   -3.17078230e+00  -8.41582536e-01  -3.43413948e-01   6.08349388e-01
    1.80905408e+00  -8.25843745e-01  -1.56296773e+00  -1.59738497e+00
    2.77368256e+00  -1.29066248e+00  -3.00849305e-01   5.20980325e-01
    7.05780531e-01  -2.32895869e-01   2.51647435e-01  -4.07688807e-01
   -7.74333625e-01 
    5.27905171e-01  -4.42300070e-01  -2.70398229e-01  -3.62899299e-01
    9.51090171e-01  -2.35453328e-01   1.85788690e-01   4.04191912e-01
   -2.25367033e+00   6.58303059e-01   1.94646944e+00  -3.31138506e+00
    6.55172367e-01   7.43826078e-01  -1.63751020e+00   1.24924803e+00
    5.70109721e-01 
   -6.86872249e-01   1.49253462e-01  -2.49124969e+00   9.59945491e-01
    2.37959002e+00  -1.55754532e+00  -3.28844757e-01  -7.27351669e-01
   -9.86516956e-01   4.80976462e-01   1.18591247e-01   1.69783791e-01
    1.50333277e+00  -7.87345533e-01  -1.03764574e-01   1.77119440e+00
    1.89546083e-01 
    1.44498822e+00  -7.93782487e-01  -9.26482522e-01   6.58374092e-01
    2.04710797e-02  -9.75069971e-01   9.93927209e-01  -3.72172439e-01
   -1.42438964e+00   7.32246352e-01  -1.30338464e+00   1.59341214e+00
    1.63494914e+00  -1.58768211e+00   9.80041594e-01  -1.81738320e+00
   -3.44998521e-01 
   -3.69147872e-01  -1.41791140e+00   1.30742106e+00  -1.08480422e+00
   -3.87311088e-01  -6.81983368e-01  -7.45892059e-02  -1.72407438e+00
    1.24772193e+00  -2.42994067e-01  -1.72030176e-01   1.73979335e+00
    1.51664995e+00   1.99560234e+00   1.62728948e-02  -1.46605978e+00
   -7.61603042e-01 
   -4.41085561e-01   1.23357613e+00   1.44096858e+00  -1.21788451e+00
    6.00401637e-01   1.01407350e+00   1.47642828e+00  -1.33928389e-01
    8.81162552e-03  -2.46923542e-01  -1.62296135e+00   4.99964473e-01
   -7.98996868e-01  -1.32156002e+00  -2.73096621e-01  -1.62910458e-01
   -4.19456705e-02 
    7.23094927e-01   1.45554225e+00   1.28227454e+00  -1.72743587e+00
    3.91154852e-02  -1.32093087e-01  -1.72012982e+00   1.03776333e+00
   -4.63272447e-01   5.94409642e-01   9.02610416e-01   3.87118086e-01
   -2.22188430e-01  -4.30927301e-01  -1.24460410e+00   7.99460133e-01
   -6.05441300e-01 
    5.49947577e-01  -1.28378723e+00   9.38646045e-01  -3.03927091e-01
    7.98687706e-01   3.60565584e+00  -1.77026339e+00   7.51732894e-02
    2.18857791e+00   2.14411739e+00   6.37600485e-01  -5.77294955e-01
   -6.21911837e-01  -2.32442423e+00  -1.14533752e+00  -1.43050806e-02
   -6.11059391e-01 
    2.81572835e-01   2.39804209e+00  -8.91227723e-01  -6.97265947e-01
    9.52445007e-01  -1.13384314e+00  -9.46770179e-01  -1.40746028e-01
   -1.62244449e+00   2.12451166e+00   1.25764918e+00  -1.05777445e+00
    6.63243201e-01  -1.74592411e+00   1.13606085e+00  -1.41790993e+00
   -1.50131953e-01 
   -1.50676410e+00  -7.35537277e-02  -8.33649016e-01   1.29387390e+00
    1.68386989e+00  -7.74162203e-01   1.27201477e+00  -7.66843982e-01
   -9.31409830e-01   1.07111607e+00   1.77942186e-01   1.78353618e+00
   -2.42065603e+00   5.11715278e-01  -3.96602741e-01  -1.26122629e+00
    2.43495079e-01 
   -5.68621803e-01   5.57154581e-01   8.13721055e-02  -2.55322656e+00
   -1.71649960e+00  -1.33558050e+00   2.53095008e-01   3.79607740e+00
   -1.09384594e+00   6.02858165e-01  -4.75607241e-01   2.53594052e+00
   -7.54267715e-01  -2.16681667e-01   1.36566276e-02   9.58852814e-02
   -5.56990040e-01 
    2.56569826e+00  -7.34118943e-01   4.61552343e-01   1.75319710e+00
    1.34841946e+00  -4.83275501e-01  -1.40195163e+00   6.35320034e-01
    2.74949789e-01  -9.71024649e-01   1.33108080e-01  -6.46246201e-01
   -2.62510361e+00   3.16236438e-01   8.47936692e-01  -6.68679730e-01
   -7.86953287e-02 
   -1.24228310e-01  -1.64513611e+00   1.27231524e+00  -6.08490948e-02
   -2.86904539e-04   3.31488908e-01  -2.99677882e+00   1.85164339e-01
   -1.87648804e+00   8.85475750e-01   2.90972173e+00   4.84990616e-01
   -3.04204277e-01   1.22589846e+00  -4.95385505e-01  -4.45467814e-01
   -1.01909422e+00 
   -3.36993176e-01  -2.11521283e-04  -5.32365114e-01   1.59540991e-01
    2.03781524e+00  -1.85926944e+00   8.48787958e-01   5.93830314e-01
    8.73492110e-01   1.52685126e+00  -2.12358153e+00  -1.69835054e+00
   -8.52065500e-01   5.28267858e-01  -4.22228836e-01  -5.38179058e-02
   -1.18898445e-01 
    1.04634999e+00  -1.88712378e+00   4.47429404e-01   2.60439447e+00
   -2.07423297e+00   9.76727152e-01   4.23869264e-01  -5.91087282e-01
   -1.59597424e+00  -6.40825192e-02  -4.21930122e-01  -4.98921875e-01
    7.99665890e-01   2.30345038e+00  -1.72371981e+00  -8.57380990e-02
    6.04535565e-01 
    1.26865572e+00  -1.02856671e+00  -3.82857516e-02  -8.90364937e-03
   -3.93845338e-01   1.14765370e-01   2.93280774e+00  -2.75635389e+00
   -1.40133026e+00  -7.82706147e-01  -4.59619150e-01  -9.52644823e-01
    1.35875057e+00  -1.76814421e+00   5.65503436e-01   2.52529353e-01
    4.14539502e-01 
    1.31785346e+00   7.23212517e-01  -3.00590414e+00  -3.70712214e+00
    7.38729287e-01  -3.40934043e-02   9.47811558e-01   1.59696122e+00
    4.54007599e-01   1.49254760e-02  -7.53050028e-01  -1.12508739e+00
   -3.61591860e-01   1.71760032e+00  -5.56947790e-01   8.94007559e-01
    8.34427479e-02 
   -1.29253539e+00   3.52791036e-01  -1.38049857e-01   1.46313048e-01
    6.94932501e-01  -1.23075486e+00   1.25935164e-01   6.21813079e-02
    1.38908313e+00  -8.05116660e-01   9.62746954e-01  -6.98636996e-02
    7.51312644e-01  -8.68726338e-01  -5.30546538e-01   1.05653618e+00
   -5.69790521e-01 
   -2.48282093e-01  -2.03299114e+00   1.86820559e+00  -1.15602337e-01
   -2.19363737e+00   4.59385341e-01  -7.97206002e-02   1.32448265e+00
    3.54411583e-01   1.69008339e+00  -1.82327802e+00  -6.58647363e-01
    5.36659096e-01  -1.12554419e+00   5.28780233e-01   5.68106360e-01
    6.99174827e-02 
   -1.26191768e+00   4.33204687e-01  -8.83044372e-01   1.98301417e+00
   -8.76682374e-01   1.82920313e+00   8.06936702e-01  -1.29959034e+00
   -1.36451350e-01  -1.62403764e+00  -8.86847555e-01   6.76398519e-01
    1.68898014e+00   2.62465705e-01  -1.73205904e-01  -1.82358928e+00
    3.93399555e-01 
    1.76836598e-01   2.35989197e+00   1.01397935e+00  -2.86658224e-01
   -4.59861688e-01  -4.19974556e+00   1.16138488e+00   3.20930593e+00
    1.23602128e+00  -1.77575730e+00   7.52771799e-01  -4.81381122e-01
   -4.87005349e-01  -4.82017662e-01   6.00536576e-01  -7.19232779e-02
   -1.77447806e-01 
   -2.32913958e+00   8.26081916e-01   1.69375316e+00  -4.78329935e-01
    1.60047008e+00  -9.77090613e-01  -5.42011604e-01  -4.94297461e-01
    2.08340645e+00  -1.21056106e+00   8.26332762e-02  -1.66939645e+00
    5.10278090e-01   5.80525415e-01  -1.09306022e+00  -3.47324927e-01
    6.22767231e-01 
   -3.94556339e-01  -4.07490386e-01   5.22227139e-01  -8.65683302e-01
    2.16659990e+00  -1.48009269e+00   9.56402038e-02   2.13068316e+00
   -2.37319854e+00  -7.43258590e-01   1.02640308e+00   6.91508822e-01
    5.45705458e-01  -7.14271571e-01  -3.29248528e-01  -7.43003950e-01
   -3.07147735e-01 
   -1.90444305e+00   2.07383508e-01  -1.51319111e+00   1.94680173e+00
   -1.05875578e+00   1.07633938e+00   7.54991897e-01  -6.13273701e-01
    1.15945272e+00   1.49061047e+00   1.49581946e+00  -1.65303006e+00
    7.03934647e-01  -1.25391456e+00   4.34863043e-01  -2.22117520e-01
   -6.28318663e-01 
    1.52598532e+00   1.51236606e+00  -1.98290949e+00  -5.69269056e-01
   -3.27415498e+00  -9.59596824e-01   9.94879171e-01   7.13449071e-01
    1.23068268e+00  -2.33332537e+00   1.96609618e+00  -3.84693847e-01
    3.01072554e-01  -2.74786750e-01  -7.85778070e-01   1.37414076e-02
   -2.01207927e-01 
    1.52919869e+00   1.28740890e-01  -1.58329526e+00  -1.81146501e-01
   -1.14287086e+00  -4.03576477e-01   2.39553320e+00  -2.84042267e+00
    5.45921479e-02  -2.57907158e-01   3.85764859e-01   9.81864010e-01
   -8.67100297e-02   1.37801976e+00   9.97823369e-01   8.91829918e-01
   -5.59786266e-01 
   -6.82071801e-01  -6.96280147e-01   1.77810067e+00  -2.72529434e-01
    1.20790154e+00   1.51535265e+00  -2.71662007e+00  -1.46355083e-01
    4.07355813e-01  -7.23415381e-01  -2.91259548e+00   3.16246016e-01
    1.52088811e+00  -1.31753818e+00   1.91262229e-02   2.67302931e+00
   -2.65979067e-01 
   -6.99223359e-01   2.44908976e+00   1.27851803e+00  -4.17350634e-02
   -1.08031191e+00   2.07743942e+00  -4.41956038e-01  -2.01545427e-01
   -9.93810039e-01  -1.78033168e+00  -4.04252217e-01  -2.53024044e-01
   -8.90045867e-01   5.03985115e-01  -1.01303527e-01   6.87718677e-01
   -4.60871828e-01 
   -4.37618816e-01  -1.26505484e+00  -9.60307093e-01   2.10858240e-01
    3.39596626e-01   2.24849340e+00  -8.81454550e-01   8.95021539e-01
    5.50429755e-01  -2.30336210e+00   1.23164340e+00  -2.55745422e-01
   -1.40364618e+00   1.77074603e-02   2.52748730e+00  -1.32455897e+00
    5.02424695e-01 
   -2.21149534e-01   1.80932727e+00   4.76268161e-01  -7.55328004e-01
    7.53311182e-01  -1.48168083e+00  -2.09734491e+00  -1.50731741e+00
   -2.29724984e-01  -6.85791939e-01  -1.98787493e-01   8.85584939e-01
    5.40604585e-01   3.70656988e-01   3.92867126e-02   9.52862668e-01
   -6.14813988e-03 
   -1.18865459e+00   2.36202980e-01   2.41042591e+00   1.41034547e+00
    1.06109223e+00   3.10682273e-01  -1.58637812e+00  -1.04726249e+00
   -5.62079499e-01   7.50829922e-01  -1.82624916e+00  -1.32287693e+00
   -1.51774813e+00   1.37119127e+00   1.32226647e+00   1.09972209e+00
    3.32057201e-01 
    1.25032026e+00   1.02397943e+00  -9.25638003e-01  -3.43274230e-01
   -8.23231196e-01  -3.60007144e-01  -6.73798039e-01  -3.74064157e-01
    1.47963115e+00   1.41771124e+00  -1.97767136e+00  -1.72157940e+00
   -3.96461453e-01  -1.61068758e+00   2.24840428e+00   6.67726713e-01
   -5.32056395e-01      3.11530556e+00  -9.26321225e-01   1.51463853e-01  -1.83649731e+00
   -7.23963205e-01   9.40184370e-01  -5.40917278e-01  -8.62954130e-01
    4.57294677e-01   1.01499304e+00   5.58385226e-01  -2.73377992e+00
   -7.85872086e-01   3.76881755e-01   6.98002423e-01  -1.72932890e+00
   -3.89751988e-01   2.18668464e-01   1.73759342e-01   4.59775328e-01
   -3.51241438e-01   2.10911236e+00   3.33191843e-01   2.02424611e+00
   -1.81709035e+00  -9.86385970e-01   5.67789496e-01  -2.07626408e-01
   -8.09191407e-02  -4.35548515e-01   4.26545491e-01  -1.58919369e+00
   -2.50210912e-01 
    6.17322818e-01   3.30596226e-01  -4.91102881e-01  -4.93832330e-02
    1.03570339e+00  -3.64578115e-01  -1.42023463e+00   1.01188756e+00
   -2.35577283e+00  -2.29235196e-01  -9.73575080e-01   1.26448766e-01
    1.32437079e+00  -2.34543377e-01   1.80510236e+00   2.01971872e-01
    9.10480218e-02  -7.56375550e-01   1.95786247e+00  -1.94578382e+00
   -1.64740758e+00   2.23537752e-01   2.21050232e-01   2.31481701e-01
   -1.54210986e+00   5.01324520e-01   6.64720507e-01  -3.75580178e+00
    1.39826646e+00  -1.70835650e+00   1.00432805e-01  -1.33167268e+00
    1.18884398e-01 
    7.30258833e-01   1.20374488e-01   2.82451730e+00   7.62108470e-01
   -2.05074012e+00  -1.41895814e+00  -9.40669036e-01  -7.77974628e-01
    1.52978633e+00   1.06702357e+00   2.73813121e-01   2.54563327e-01
   -2.28823132e+00  -1.29823959e-03  -3.56505107e-01  -1.25800134e+00
    2.17805512e+00  -6.65903093e-02  -1.44113733e+00   1.22652612e+00
   -1.34380362e+00  -2.35664039e+00  -1.13531092e+00   1.20849503e+00
    1.21084544e+00   8.30199616e-01  -2.06248569e+00  -5.44910929e-01
    1.95865479e+00  -3.60456075e-01  -2.43549037e+00   8.00752451e-01
   -3.19833682e-01 
   -1.27430568e+00   6.52060537e-01  -1.32590354e+00  -9.92494721e-01
    1.63741936e+00   1.27134657e+00   1.48458838e+00   4.75317540e-01
    4.71279017e-01  -8.32421431e-01   2.42218358e+00  -2.20567943e+00
    6.66354905e-01  -1.08360301e+00  -3.14910826e+00   2.28534434e-02
    3.78334616e+00  -1.98013004e-01   4.83565964e-01  -2.09710176e+00
   -1.02456974e+00   6.63324291e-01   8.70119011e-01  -2.77588863e+00
    4.17245736e-01   5.13987672e-01   9.71669000e-02   2.08095145e-01
   -2.86733488e-01   3.71634024e-01  -1.66393556e+00  -4.57591305e-01
   -5.02216828e-02 
   -1.54345131e+00  -1.06060357e+00  -2.00653805e+00  -3.15514697e-01
    1.80991199e-01  -3.66704963e-01   1.56453597e-01  -1.22777115e+00
   -2.18624629e-01  -2.73463301e+00   1.25329623e+00  -3.77358235e-01
   -2.48504950e-01  -2.27457916e+00   2.54325004e+00  -1.65142274e+00
   -3.58774365e-02  -1.42136950e+00   2.65185989e+00   1.43947324e-03
    1.34176412e+00  -1.32097988e+00  -2.96228336e+00   2.18326049e+00
    2.02312179e+00   1.34803849e+00  -1.53364908e+00  -4.17553451e-01
   -1.03395898e+00  -5.30366095e-01  -1.07734357e+00   1.43897399e+00
   -1.80193405e-01 
   -7.99397154e-01  -7.22898987e-02   6.78953637e-01   7.78565093e-01
    9.27446346e-01  -7.05200711e-01  -4.18355286e-01  -3.56051989e+00
    9.52011801e-01   1.11675305e-01  -4.51424389e-02   1.73489438e-01
   -6.36982855e-01   1.87611506e+00  -8.75243202e-01  -1.99892348e+00
   -1.32855446e+00   3.54759830e-01  -2.13945042e-01  -2.67040418e+00
    4.44409428e+00   3.02350368e-01   2.35151948e-01  -4.32733618e-02
   -9.98087010e-03   5.63533312e-01  -1.58327407e+00  -1.54492815e+00
   -3.48282412e+00   7.02083954e-01  -2.40183535e-01   9.45726355e-02
    4.53545016e-02 
    6.94815991e-01  -8.82452696e-01   2.44598261e-01  -1.08890863e+00
   -3.83153240e-01  -1.73404729e+00   1.27190531e+00   8.76177915e-01
    9.25931011e-02  -2.14524749e+00  -5.44473744e-01   2.41754935e+00
    3.08784224e+00  -1.55873674e+00  -1.14972593e+00  -3.78039213e+00
   -1.01272170e+00   1.50739598e-01  -2.55799751e-01  -1.72028584e-03
   -8.22801221e-01  -4.28166751e-01  -4.24767886e-01  -6.61896307e-01
   -1.72787707e+00  -1.71522678e+00   1.19138627e+00   6.40536786e-02
    3.28241638e-01   2.60828980e+00   6.66613989e-01   5.88571335e-01
   -3.05700423e-01 
    2.31899637e-02  -8.87685790e-01   1.86230876e+00  -5.67916622e-01
    1.50141286e+00  -2.13540609e-01  -9.46486870e-01   2.07186671e-02
   -1.82656134e-01   3.55608617e-01  -3.94475863e+00   3.69729922e-02
   -5.89723019e-02  -1.39847368e+00  -3.41814509e-01   2.07811652e+00
   -2.14259858e+00  -6.58823253e-01  -2.23653933e+00  -3.32620737e-01
   -2.47358274e+00  -3.60581959e-01  -2.77260233e+00   2.20898331e-01
   -2.25644194e-01   3.10372178e+00   6.88264990e-01   5.72440211e-01
   -1.59832499e+00   1.02224123e+00   8.90784348e-01  -2.21596516e-01
   -7.09592806e-01 
   -1.81148488e+00   2.22606008e+00   1.11832448e+00   1.20272782e+00
   -1.84744460e+00  -2.57502033e-01   1.18343713e+00  -2.09105034e+00
    2.01372048e+00   2.75525825e-01   4.98387161e-01  -1.41278848e+00
    1.16944756e+00  -1.48248035e+00   2.00254643e+00   1.42444215e+00
   -8.81523422e-01  -1.97743337e+00  -4.17531344e-01   5.79428559e-01
   -1.47158706e+00  -1.51502103e+00   2.10010962e+00  -1.36908672e+00
   -1.68438143e+00  -6.14376574e-01   1.14610146e-01   7.35309613e-01
   -1.10485579e+00  -1.32076112e-01   1.48301927e+00  -1.65569596e+00
   -4.65314160e-01 
    6.82835014e-01  -7.99343175e-01  -7.99773692e-01  -1.21989316e+00
   -2.79789427e-01   1.21766915e-01  -8.58176135e-01  -2.28275082e+00
   -2.26899939e+00  -2.44636324e+00  -1.73904737e+00   1.64891210e+00
   -2.27894368e+00  -1.34872449e+00  -1.10490539e-01  -1.39148747e-01
    7.49429788e-01  -4.12789626e-02  -2.01425355e+00   1.69823521e+00
    1.23413875e+00   1.19106385e+00   5.67361750e-01  -2.53973545e+00
    2.62700750e+00  -5.64609702e-01   1.51411441e+00   1.70747027e-01
    2.11466938e+00   2.97885144e-01   9.43606595e-04  -1.51423437e+00
   -2.17069649e-01 
   -2.29803368e-01  -2.44758249e+00   3.00868496e-01   6.85915196e-01
   -3.94664828e-01   1.07279179e+00  -9.21257550e-01  -2.17939674e+00
   -1.40354405e+00  -7.06457451e-02   1.12417326e+00   3.21496849e-01
   -2.54031204e+00   1.85277374e+00  -3.98609409e-01   2.42801137e-01
    5.69592716e-01  -1.08005040e+00   9.89330059e-01   1.45007464e+00
   -6.26971936e-01  -9.76278884e-01  -1.22438117e+00  -2.56086195e+00
   -1.73634688e+00  -1.55501910e+00   3.20337068e+00   9.19271384e-01
   -1.17531295e+00  -2.78493847e-01   1.52991101e+00   2.32358368e+00
   -3.04488311e-01 
   -1.41163656e+00   3.85518498e+00  -1.15312549e+00  -2.47214295e+00
   -1.93724672e+00  -1.07097343e+00  -1.09963678e+00   2.54011615e-01
    9.19484225e-01  -2.17102434e+00  -2.59299038e+00   1.67224091e-01
   -8.29557443e-01   1.28153594e+00   2.21965231e-01   1.53836776e+00
   -8.33350188e-01  -4.49024319e-01  -4.43278441e-02  -7.08782508e-01
    7.49796829e-01   1.81059037e+00  -4.61300198e-01   8.82660374e-01
    8.08805068e-01  -1.77225806e+00  -1.27108708e+00  -2.99020603e-02
    8.60066899e-01  -8.67931178e-01   1.25177914e+00   9.77208348e-01
   -5.14827642e-01 
   -4.55027499e-01  -8.44895884e-01  -2.46231305e+00  -1.96056947e+00
   -1.96161819e+00   7.88891721e-01   1.06439313e-01  -2.80446274e-01
   -5.53622459e-01   2.99803547e+00   3.16141246e-02   2.02993481e+00
   -1.03918485e+00   1.36804649e-01  -3.76616900e-01  -1.23806377e+00
   -7.36308860e-02  -1.05616981e+00  -3.67995115e-01  -1.29172817e+00
    4.39506120e-01  -4.48313121e-01  -8.56762947e-01  -6.98553985e-01
    1.03757206e-01  -2.08784037e-01  -1.69832686e+00   4.26181665e-01
    1.41303079e+00  -1.14319782e+00   1.77065488e+00  -4.52004902e-01
   -2.20921370e-01 
   -3.19511416e-01  -8.04512236e-01   5.81602680e-01   1.84040913e+00
   -2.11475067e+00   1.13796416e+00  -1.86161649e-01   8.91314280e-01
    9.06337060e-01  -6.82713788e-01  -8.12343439e-01   2.09033727e-03
   -1.62098512e+00  -6.76242970e-01  -2.38800553e+00   1.86050045e+00
   -2.68966746e+00   3.19023141e-01   9.49552159e-01  -7.46205500e-01
    6.79458009e-01  -6.78163062e-01   1.28424571e+00   3.33856219e-01
    3.86851688e-01  -1.93722828e+00   8.91962148e-01  -1.22162343e+00
    1.54185503e-01  -9.71952855e-01  -8.42061300e-01   6.68945850e-01
   -3.92528159e-01 
   -6.52609209e-01   1.84020934e+00   2.72185346e-01  -1.03509591e+00
   -9.56041329e-01  -1.69591892e-01   8.99716801e-01   1.33663225e+00
   -7.64659894e-01   1.56305396e-01  -8.13851153e-01  -6.48295803e-01
    2.69186628e-01   4.64442791e-01   1.62458172e+00  -1.02290143e+00
    4.52534003e-01   2.34390982e-01  -1.09308765e+00   4.01670062e-01
   -5.65034891e-01   8.98319834e-01  -2.16763505e-01  -2.20034570e-01
    8.46409097e-01  -1.21882010e+00  -4.89215240e-01  -3.05769873e-01
   -1.96352829e+00  -9.25602319e-02  -1.59108301e+00  -2.57134009e+00
   -7.90369107e-01 
   -2.78914068e-01  -1.58161149e+00  -2.14309438e+00   1.63838393e+00
    1.26374127e+00   8.79108442e-01  -5.01522069e-01  -4.44446770e-01
    1.56662521e+00   1.16638878e+00   1.54249245e-01   3.83929753e-01
   -2.39983006e-01   2.27647628e-01  -8.83921137e-01  -3.14309869e-01
   -2.02466664e-01  -1.59752114e+00  -7.77252049e-01   1.53793577e+00
   -5.70976115e-01   6.46167551e-01   2.57804188e-01  -1.38125941e+00
   -5.58918589e-01  -1.33418095e+00  -1.49292322e+00  -4.58272611e-01
    1.05952169e+00  -5.57934590e-01  -7.81340669e-01  -5.63908448e-01
   -1.46807822e-01  