NN 16 32 16   -3.79646815e+00  -1.16639893e+00  -5.73704482e-02   5.58280787e-01
    2.45314183e+00  -9.51322283e-01  -2.07516751e+00  -2.13997376e+00
    3.46436900e+00  -1.20489580e+00  -2.78817395e-01   1.83784103e-01
    9.00463330e-01  -2.47338702e-01   2.64966137e-01  -5.78382288e-01
   -8.90644563e-01 
    5.25882217e-01  -5.25834782e-01  -4.12560587e-01  -1.64491694e-01
    1.10064975e+00  -3.32989262e-01   1.94796204e-01   4.26407045e-01
   -2.76249670e+00   7.02786327e-01   2.04445329e+00  -3.97552541e+00
    7.33813522e-01   6.85329771e-01  -2.24886648e+00   1.26900310e+00
    5.48563278e-01 
   -8.93667283e-01   6.10720238e-02  -2.54526888e+00   8.98897171e-01
    2.70031080e+00  -1.84408020e+00  -6.62048688e-01  -7.26768644e-01
   -9.83101737e-01   5.28898187e-01  -3.38182415e-01   3.22225079e-01
    1.49476368e+00  -6.66957269e-01  -1.94847341e-01   2.11488287e+00
    2.07817305e-01 
    1.67288720e+00  -7.18956241e-01  -1.30551492e+00   1.05743531e+00
    1.40888932e-01  -1.15092131e+00   8.95365132e-01  -4.82172656e-01
   -1.56672567e+00   9.15885331e-01  -1.51990159e+00   1.73318069e+00
    1.77221703e+00  -1.56953976e+00   1.26523616e+00  -1.91675446e+00
   -1.65587502e-01 
   -1.45458896e-01  -1.65280888e+00   1.46836281e+00  -1.25614956e+00
   -1.12516059e-01  -6.11035913e-01   5.28912100e-03  -2.03168561e+00
    1.27442080e+00  -6.07872657e-01   1.20911873e-01   2.14565043e+00
    1.53332547e+00   2.20246647e+00  -1.74682543e-01  -1.48029758e+00
   -6.96601432e-01 
   -4.65620933e-01   1.20956769e+00   1.85624188e+00  -1.34337534e+00
    6.32602701e-01   1.22123667e+00   1.97947215e+00  -4.67084336e-01
    1.59772236e-03  -2.63857638e-01  -2.00035296e+00   6.14248723e-01
   -8.56643746e-01  -1.45427746e+00  -5.18769079e-01  -9.27485027e-02
    3.45854723e-02 
    8.76751971e-01   1.57690664e+00   1.66666480e+00  -1.89758455e+00
   -1.31825157e-02   2.30363617e-01  -1.95740894e+00   1.42628535e+00
   -5.88019398e-01   5.07741930e-01   8.91149525e-01   3.21711192e-01
   -1.60479576e-01  -4.60290774e-01  -1.44808041e+00   8.03187025e-01
   -7.17882628e-01 
    6.92503807e-01  -1.30960937e+00   1.23344585e+00  -5.22328558e-01
    7.40034593e-01   4.24248496e+00  -2.02970764e+00  -7.54968912e-02
    2.46712498e+00   2.24274542e+00   3.01894136e-01  -3.54751538e-01
   -7.14388698e-01  -2.72062168e+00  -1.42947949e+00  -1.37666973e-01
   -6.84427729e-01 
    1.56929052e-01   2.79249540e+00  -7.35110472e-01  -1.04362704e+00
    6.17249852e-01  -1.20964447e+00  -1.11383136e+00  -1.08204244e-01
   -1.66253204e+00   2.40339986e+00   1.42183356e+00  -1.28694526e+00
    9.91326918e-01  -1.76343784e+00   1.50175471e+00  -1.59012855e+00
   -6.73725976e-02 
   -1.26946921e+00  -1.74831858e-01  -6.02088026e-01   1.25071338e+00
    1.74026117e+00  -8.90534579e-01   1.35122591e+00  -9.63392479e-01
   -1.03869233e+00   9.30504970e-01   5.68608597e-01   1.99817702e+00
   -2.86948700e+00   4.85760240e-01  -7.16823564e-01  -1.36327973e+00
    3.28334591e-01 
   -5.54988876e-01   4.53390321e-01   7.63607835e-02  -2.87603474e+00
   -2.33095511e+00  -1.30431662e+00   6.34006410e-02   4.09467328e+00
   -1.31757705e+00   3.21349599e-01  -3.65300050e-01   3.20846679e+00
   -1.03887075e+00  -3.38316717e-01  -3.79189330e-02   6.77622118e-02
   -5.81780852e-01 
    2.96324710e+00  -8.67510359e-01   2.88238704e-01   1.97927947e+00
    1.57942402e+00  -6.04020992e-01  -1.42136288e+00   6.16322091e-01
    2.81141565e-01  -1.28012698e+00   5.10099844e-01  -5.20206775e-01
   -3.03960524e+00   4.36861190e-01   1.07835913e+00  -9.78599467e-01
   -2.32540800e-01 
   -3.48165034e-01  -2.27089573e+00   1.58055101e+00   1.53446180e-01
   -1.78990792e-01   3.13853779e-01  -3.42098218e+00  -1.45601753e-01
   -1.73480253e+00   1.17721691e+00   2.97350161e+00   1.07767384e-01
   -4.59207196e-01   1.29382352e+00  -5.76479307e-01  -7.00842957e-01
   -1.27381118e+00 
   -5.82285209e-01   3.10928447e-01  -5.28922081e-01   1.46334548e-01
    2.24829895e+00  -2.07115822e+00   9.82949058e-01   9.46987432e-01
    1.13748477e+00   1.63473003e+00  -2.24833386e+00  -1.78928165e+00
   -1.09269579e+00   3.86036653e-01  -4.26019796e-01  -7.03620140e-02
   -1.30424925e-01 
    1.74174969e+00  -1.85503941e+00   6.91074010e-01   2.90691274e+00
   -2.26975591e+00   6.76816059e-01   4.23158957e-01  -1.00299460e+00
   -1.57389020e+00  -1.98138653e-01  -4.81055907e-01  -2.08784515e-01
    8.78066919e-01   2.34475002e+00  -2.16529889e+00  -1.50454021e-01
    6.01253961e-01 
    1.55073059e+00  -1.00281991e+00  -1.71147978e-01  -7.87158419e-02
   -2.68736619e-01  -3.65835109e-01   3.26330285e+00  -2.97980800e+00
   -1.25194259e+00  -1.06259985e+00  -4.69308640e-01  -8.36016995e-01
    1.22452896e+00  -1.90681105e+00   9.08665196e-01   5.64684539e-01
    5.08244992e-01 
    1.46229736e+00   6.27207751e-01  -3.00393287e+00  -4.35101761e+00
    1.04662442e+00   1.77315565e-01   6.00694881e-01   1.51779563e+00
    6.34469966e-01   1.34591230e-01  -8.21966764e-01  -1.10123937e+00
   -3.29544628e-01   1.64907874e+00  -5.52636164e-01   1.14783195e+00
    2.55772056e-01 
   -1.55486809e+00   4.88239692e-01  -3.74693459e-01   3.05060588e-01
    6.99972419e-01  -1.72956409e+00   1.12729840e-01   2.97753691e-01
    1.47063697e+00  -8.93767600e-01   1.17598059e+00   8.97278166e-02
    7.88625286e-01  -1.13220304e+00  -7.67447869e-01   1.14376911e+00
   -7.49491651e-01 
   -1.26717205e-01  -2.48846381e+00   2.32735034e+00  -2.31337016e-02
   -2.40500827e+00   4.10771719e-01  -2.19847433e-01   1.55767888e+00
    1.17196577e-01   1.56829873e+00  -1.55459935e+00  -4.17912203e-01
    5.09477585e-01  -1.11872800e+00   6.55170593e-01   7.02932236e-01
    1.63842014e-01 
   -1.23630278e+00   3.93268577e-01  -8.43774751e-01   2.25637471e+00
   -8.48943434e-01   1.72754641e+00   1.19242558e+00  -1.62891103e+00
   -3.05382577e-01  -1.80160308e+00  -6.30683658e-01   4.96904811e-01
    1.73982236e+00  -1.17076366e-02  -3.25384986e-01  -2.37403541e+00
    2.80577195e-01 
   -2.80399038e-01   2.57176419e+00   1.09751831e+00  -5.18937319e-01
   -1.87034446e-01  -4.85923810e+00   1.18940320e+00   3.50042414e+00
    1.43532453e+00  -2.32017940e+00   7.41137410e-01  -2.84805964e-01
   -4.15453826e-01  -8.45262426e-01   7.23902735e-01  -3.65530942e-01
   -3.22133391e-01 
   -2.66703206e+00   8.74820968e-01   1.85605849e+00  -2.06671682e-02
    1.61114794e+00  -9.16335482e-01  -1.52762481e+00  -2.32317530e-01
    2.38776592e+00  -1.07194890e+00   2.33253292e-01  -1.79883470e+00
    5.36569061e-01   4.54650428e-01  -1.18029930e+00  -4.54793081e-01
    6.45879978e-01 
   -3.58181438e-01  -7.77273123e-01   6.02891785e-01  -7.33779694e-01
    2.32442237e+00  -1.19680121e+00   1.97388352e-01   2.47304279e+00
   -2.57693505e+00  -6.59162311e-01   1.25465519e+00   8.44766633e-01
    4.18421406e-01  -8.58712171e-01  -5.25937968e-01  -1.20059333e+00
   -3.91046768e-01 
   -1.98949314e+00   2.44474466e-01  -1.40485086e+00   2.00936674e+00
   -9.75598211e-01   1.17758264e+00   7.57838546e-01  -6.78143715e-01
    1.03904096e+00   1.49844805e+00   1.60599035e+00  -1.87829461e+00
    8.69664366e-01  -1.32273497e+00   6.07275786e-01  -3.08294206e-01
   -6.29669996e-01 
    2.15826088e+00   1.49746298e+00  -2.04030926e+00  -1.16725808e+00
   -3.76149951e+00  -1.42312258e+00   9.71545601e-01   4.74148336e-01
    1.08706033e+00  -2.55087796e+00   1.94702669e+00  -1.04547973e-01
    7.19336150e-01  -3.71466266e-01  -7.85180249e-01   1.02463782e-01
   -1.75239473e-01 
    1.78354305e+00   2.09264579e-01  -1.95464937e+00  -2.27223322e-01
   -1.25499012e+00  -5.34615963e-01   2.96229024e+00  -3.03649800e+00
   -1.10171559e-01  -3.66851501e-01   2.90381870e-01   9.11325754e-01
   -2.83923931e-01   1.29757020e+00   7.17096339e-01   1.17477583e+00
   -5.64674622e-01 
   -6.23988945e-01  -3.99270517e-01   2.03610460e+00  -1.46253401e-01
    1.59642599e+00   1.96375232e+00  -3.41456501e+00   2.96333405e-01
    1.96966651e-01  -8.27847216e-01  -3.27566923e+00   2.98162175e-01
    2.05282311e+00  -1.44603256e+00  -9.00168771e-02   3.22239197e+00
   -2.47134923e-01 
   -6.66652821e-01   2.88589750e+00   1.24884690e+00   1.67821451e-01
   -1.43519722e+00   1.93635874e+00  -5.80471822e-01  -5.11653958e-02
   -9.38835395e-01  -2.27058008e+00  -2.33225951e-01  -1.96023915e-02
   -8.33757335e-01   5.75621045e-01  -7.98421106e-02   7.83174793e-01
   -5.64300285e-01 
   -5.08061686e-02  -1.08374298e+00  -1.27272198e+00   2.19610421e-02
    2.19706145e-02   2.60946649e+00  -8.19886364e-01   7.30199426e-01
    1.94879893e-01  -2.81296844e+00   1.14939333e+00  -3.97398733e-01
   -1.48060338e+00  -4.16831681e-02   3.17456705e+00  -1.58249546e+00
    6.30294666e-01 
   -2.28803313e-01   2.45393375e+00   2.17088571e-01  -8.81143344e-01
    9.95199786e-01  -1.66808684e+00  -2.49397768e+00  -1.41794843e+00
   -5.27547383e-01  -8.72942401e-01  -1.47334851e-01   9.13582711e-01
    7.55224572e-01   4.96387967e-01   1.85181544e-01   1.00042622e+00
   -1.00857905e-01 
   -1.02342071e+00   2.97616031e-01   2.83254185e+00   1.73944208e+00
    9.47515896e-01   2.63415541e-01  -2.02319382e+00  -1.20218310e+00
   -7.34266136e-01   8.50799572e-01  -2.17473569e+00  -1.49422491e+00
   -1.79347393e+00   1.63928845e+00   1.70439527e+00   1.17396406e+00
    2.47884046e-01 
    1.54595046e+00   8.93480445e-01  -1.06891232e+00  -2.72179674e-01
   -8.03221973e-01  -4.04412849e-01  -5.17444653e-01  -5.38771399e-01
    1.82604695e+00   1.66291783e+00  -2.33497207e+00  -2.07652858e+00
   -5.71141232e-01  -1.77004898e+00   2.43839116e+00   8.03116470e-01
   -5.93112484e-01      3.58766043e+00  -1.00571161e+00   4.08539844e-01  -1.93792847e+00
   -9.47844111e-01   1.34621862e+00  -6.36816575e-01  -9.90814656e-01
    6.56890586e-01   7.46633881e-01  -1.21305701e-02  -3.22042247e+00
   -7.15356313e-01   6.26017694e-01   9.69147452e-01  -1.62741627e+00
   -8.63283952e-02   9.31203129e-02   1.94604023e-01  -6.95069996e-03
   -3.29970568e-01   1.84853828e+00   5.72318429e-01   2.23692052e+00
   -1.55281444e+00  -9.53402015e-01   4.34014442e-01  -1.01611814e-01
   -2.42131669e-02  -2.81427074e-01   3.16130343e-01  -1.24509044e+00
   -8.41165514e-02 
    3.89591633e-01   3.83261343e-01  -4.49968486e-01  -2.85431043e-01
    1.04938284e+00  -2.22315192e-01  -1.34460200e+00   9.54871305e-01
   -2.09479142e+00  -2.05640749e-01  -7.49121932e-01   1.85220753e-02
    1.15551487e+00  -3.13388805e-01   1.49834144e+00   9.81900586e-02
   -2.71236162e-02  -1.05997481e+00   2.07961559e+00  -2.07746149e+00
   -1.29765698e+00   2.63850963e-01   5.20609135e-01  -6.40295535e-02
   -1.30912320e+00   7.31804719e-01   7.39435672e-01  -4.35104909e+00
    1.36224553e+00  -1.72137576e+00   7.84722785e-02  -1.25808173e+00
    2.50833806e-01 
    7.66662949e-01   7.84129934e-03   2.70235072e+00   1.02007850e+00
   -1.89581802e+00  -1.98601472e+00  -1.08521433e+00  -8.93965849e-01
    1.39096635e+00   1.03544417e+00   3.50836762e-01   6.03027985e-01
   -2.05013412e+00   7.32424171e-03  -4.02447226e-01  -1.23833629e+00
    2.23669279e+00   4.06385800e-03  -1.37444797e+00   1.22935933e+00
   -1.30391246e+00  -2.38484075e+00  -1.20312952e+00   1.33498932e+00
    1.26798888e+00   7.18917181e-01  -2.44053538e+00  -6.18219412e-01
    2.19562817e+00  -2.20155452e-01  -2.25412779e+00   9.55574399e-01
   -3.60309110e-01 
   -1.47736746e+00   2.12809861e-01  -1.48450603e+00  -1.08744994e+00
    1.84243085e+00   1.20704424e+00   1.27962307e+00   2.58300274e-01
    5.37131646e-01  -8.84896624e-01   2.80831703e+00  -2.04895372e+00
    3.87551446e-01  -9.32931353e-01  -3.31068213e+00   9.46475458e-02
    3.72078880e+00  -1.59346603e-01   8.27180466e-02  -2.16626606e+00
   -1.07904567e+00   6.27319861e-01   8.14096740e-01  -2.89027933e+00
    5.38659765e-01   5.39495653e-01  -3.30969098e-02   1.80207746e-01
   -2.08740824e-01   2.46039647e-01  -1.73736821e+00  -6.36158002e-01
   -2.05826254e-01 
   -1.97089444e+00  -1.22500257e+00  -2.37458359e+00  -6.40220890e-01
    1.31755160e-01  -3.80007234e-01  -3.97767380e-02  -1.28483902e+00
   -3.02919129e-01  -2.94109277e+00   1.36585113e+00  -6.77384049e-01
   -1.97322809e-01  -2.46990130e+00   2.73798654e+00  -1.73433088e+00
   -2.41183221e-01  -1.56003320e+00   2.53509338e+00  -2.61806835e-01
    1.19969885e+00  -1.19884815e+00  -3.24634024e+00   2.00753008e+00
    2.01246633e+00   1.30122437e+00  -1.63645950e+00  -1.01691994e-01
   -4.09211579e-01  -1.94069431e-01  -1.28999212e+00   1.64964730e+00
   -2.73007621e-01 
   -1.38752488e+00  -2.25240623e-01   7.07803421e-01   3.49103752e-01
    1.08132563e+00  -7.42993127e-01  -4.28442255e-01  -3.51408191e+00
    1.15265446e+00   8.13599837e-02  -1.11546499e-01   3.15357996e-01
   -9.37848020e-01   2.01183665e+00  -8.47978021e-01  -2.05354660e+00
   -1.49080278e+00   7.20477299e-01  -7.91043238e-02  -2.46144258e+00
    4.52601855e+00   5.47472964e-01  -1.13917320e-01   9.19324521e-02
    3.52559732e-01   5.19034232e-01  -1.35671367e+00  -1.64581748e+00
   -3.77685758e+00   7.37132916e-01  -1.60583143e-01   4.46676821e-01
    2.02918984e-02 
    7.77718437e-01  -1.25605101e+00   4.49538389e-02  -1.00162171e+00
   -1.31266088e-01  -2.31561349e+00   1.14422055e+00   8.97334438e-01
    6.67867939e-01  -2.06193013e+00  -6.51298366e-01   2.64830450e+00
    2.99327821e+00  -1.66011700e+00  -1.10343032e+00  -3.89720938e+00
   -1.09683096e+00   3.89152535e-03  -2.08531480e-01  -5.50199798e-01
   -8.62363628e-01  -1.78223754e-01  -2.51560890e-01  -6.29375189e-01
   -1.37901890e+00  -1.93795755e+00   1.03390931e+00   4.17181683e-01
    3.98120694e-01   2.90645441e+00   8.30598988e-01   2.92398158e-01
   -3.90350137e-01 
    1.20767370e-01  -7.29824728e-01   2.10650398e+00  -5.61157755e-01
    1.73445633e+00  -8.36345281e-03  -9.76875832e-01  -1.37560290e-01
   -2.85439714e-01   5.07293576e-01  -4.36677855e+00   2.16452181e-01
    3.82704860e-02  -1.89351265e+00  -4.99853640e-01   2.34821382e+00
   -2.24587554e+00  -4.71889485e-01  -2.32401068e+00  -3.33312490e-01
   -2.45426706e+00  -1.00707941e-01  -2.94373163e+00   2.91662918e-01
   -4.67266213e-01   3.53469587e+00   4.17083596e-01   5.96021201e-01
   -1.43717902e+00   7.36034461e-01   1.19207959e+00  -9.20546871e-02
   -9.59914469e-01 
   -2.05542230e+00   2.33664675e+00   1.17478083e+00   1.40316000e+00
   -2.03086639e+00  -2.31515196e-01   1.23258148e+00  -2.33010990e+00
    2.23920905e+00   3.28529458e-01   7.43901570e-01  -1.56398550e+00
    1.09444223e+00  -1.69741929e+00   1.98604592e+00   1.27822324e+00
   -8.37524322e-01  -2.40112524e+00  -3.23279705e-01   5.60924580e-01
   -1.52577003e+00  -1.74224991e+00   2.14304775e+00  -1.30192727e+00
   -1.95387385e+00  -3.93487763e-01  -4.34518092e-04   4.94469303e-01
   -1.39029629e+00  -5.11530186e-02   1.58299884e+00  -1.84334865e+00
   -5.55561254e-01 
    1.07384640e+00  -9.36603577e-01  -8.55560050e-01  -1.37896284e+00
   -1.03347455e-01   1.44932673e-01  -9.82510421e-01  -2.52081855e+00
   -2.48340536e+00  -2.66581021e+00  -1.85550391e+00   1.80056976e+00
   -2.50301268e+00  -1.42572457e+00   2.29683607e-01   2.47301774e-01
    5.34142985e-01  -2.26419572e-02  -2.18226663e+00   1.77262025e+00
    1.27623658e+00   1.24396677e+00   5.11885479e-01  -2.51079693e+00
    2.74936037e+00  -8.19489163e-01   2.09681389e+00   4.40060245e-01
    2.50263962e+00   4.32647546e-01  -4.63092880e-02  -1.85114592e+00
   -3.70139665e-01 
   -1.55452617e-01  -2.87024407e+00   3.59861972e-01   9.09094369e-01
   -5.97819193e-01   1.27248647e+00  -1.13664557e+00  -2.28700036e+00
   -1.77262495e+00  -1.37530000e-01   1.19396375e+00   4.97356390e-02
   -2.64751189e+00   1.77440341e+00  -3.60396749e-01   2.67143228e-01
    4.98738700e-01  -1.27887168e+00   1.02699980e+00   1.60190630e+00
   -7.74184611e-01  -1.37736564e+00  -1.39883785e+00  -2.80236923e+00
   -1.64134367e+00  -1.60019218e+00   3.48628104e+00   1.03956694e+00
   -1.17444955e+00  -3.46112786e-01   1.57512914e+00   2.53929830e+00
   -5.23013721e-01 
   -1.19678666e+00   4.39226015e+00  -1.34015946e+00  -2.58664638e+00
   -2.19250639e+00  -1.24006211e+00  -1.14831222e+00  -1.46814175e-02
    1.07600023e+00  -2.35565358e+00  -2.63892524e+00   3.11279265e-01
   -6.81646758e-01   1.33479524e+00  -2.34312255e-01   1.54387111e+00
   -7.61964947e-01  -6.19679597e-01  -4.15951505e-02  -9.20051734e-01
    7.12953347e-01   1.80201604e+00  -6.50997589e-01   9.23932296e-01
    5.51210011e-01  -1.74347271e+00  -1.51465199e+00  -4.34445884e-03
    1.05370775e+00  -9.03760991e-01   1.64550953e+00   1.21712631e+00
   -6.77366967e-01 
   -4.36267194e-01  -9.39009402e-01  -2.54340553e+00  -2.08120416e+00
   -2.09107102e+00   9.25128117e-01  -4.06731374e-02  -1.81310647e-01
   -6.84592087e-01   3.45475717e+00   3.76619953e-02   2.18362737e+00
   -1.00071780e+00   3.15439737e-01  -5.10809107e-01  -1.31177373e+00
   -8.07933057e-02  -1.12653448e+00  -4.46930175e-01  -1.47194075e+00
    3.17118029e-01  -3.74294295e-01  -8.91168184e-01  -7.29762827e-01
   -7.37933409e-02  -2.03567471e-01  -1.87128566e+00   4.49448234e-01
    1.56590808e+00  -1.25173736e+00   2.00380646e+00  -4.52390090e-01
   -2.41733111e-01 
   -2.73028409e-01  -8.06023860e-01   5.31847231e-01   1.94144332e+00
   -2.32276421e+00   1.28116141e+00  -2.31452641e-01   1.05034841e+00
    9.48042919e-01  -7.37540839e-01  -9.12553453e-01   6.74936336e-02
   -1.69096059e+00  -7.39456538e-01  -2.63026459e+00   2.08461040e+00
   -3.00175719e+00   4.14279919e-01   1.00333157e+00  -8.35334854e-01
    7.83912909e-01  -6.04483618e-01   1.42234609e+00   3.56352684e-01
    2.70210110e-01  -2.07628475e+00   9.28191826e-01  -1.33378675e+00
    2.98209980e-02  -1.11066545e+00  -8.97721943e-01   7.11792109e-01
   -5.30289143e-01 
   -5.88886012e-01   2.15174840e+00   3.18638128e-01  -1.08476369e+00
   -9.65620230e-01  -2.08006069e-01   9.39119628e-01   1.51431296e+00
   -1.05280744e+00   2.25890084e-01  -9.86439350e-01  -6.56630423e-01
    2.11978108e-01   3.99786755e-01   1.93736533e+00  -1.15691939e+00
    4.76617610e-01   2.83462327e-01  -1.33086282e+00   4.29303826e-01
   -7.16887486e-01   9.91298877e-01  -3.42887429e-01  -3.49223527e-01
    9.78464129e-01  -1.24815260e+00  -4.24692894e-01  -3.96619072e-01
   -2.50042414e+00  -1.49379189e-01  -1.87096970e+00  -2.88107855e+00
   -9.35933515e-01 
   -1.93368920e-01  -1.74829329e+00  -2.35893380e+00   1.95733106e+00
    1.38254063e+00   9.04306747e-01  -4.24718779e-01  -4.97400998e-01
    1.96859287e+00   1.24846703e+00   2.06175106e-01   4.67543761e-01
   -1.10034963e-01   2.67429418e-01  -1.01734618e+00  -5.28471785e-01
   -2.21385119e-01  -1.82796467e+00  -8.86282533e-01   1.65406905e+00
   -4.45864029e-01   7.48268588e-01   4.06698702e-01  -1.52286330e+00
   -5.00809968e-01  -1.51784195e+00  -1.62904995e+00  -6.02302296e-01
    1.13083463e+00  -5.15869699e-01  -8.86565332e-01  -6.35780057e-01
   -1.70771039e-01  