NN 16 32 16   -2.10812753e+00  -2.46260781e-01  -5.17649879e-01   4.72878367e-01
    4.12472658e-01  -1.83251727e-01  -3.25999730e-01  -1.75064424e-01
    1.12196879e+00  -8.51053620e-01   3.04530897e-01   8.08885549e-01
    5.59418476e-01   7.12158438e-02  -1.33087138e-01   1.60629723e-02
   -4.07797815e-01 
    9.14695443e-02   2.26462674e-02  -2.39418805e-01  -8.38209390e-01
    4.96278385e-01  -1.92335418e-01   2.28369041e-02   3.67306382e-01
   -1.30832201e+00   2.93532941e-01   1.05962847e+00  -2.03075290e+00
    1.16204452e-01   4.74193568e-01  -2.56977930e-01   3.00318348e-01
    4.76190482e-01 
    8.76603542e-02   2.11204359e-01  -1.42006558e+00   9.50849576e-01
    1.13303308e+00  -8.06004358e-01  -6.88630476e-01  -1.30349887e+00
   -3.11407054e-01   2.11427248e-01  -1.46601680e-02   2.60842355e-01
    1.28982753e+00  -4.85899379e-01  -8.69292782e-03   4.45379802e-01
    5.15467090e-01 
    1.24096598e+00  -7.09412716e-01  -2.85999769e-01   5.01111246e-01
   -2.51424915e-01  -9.09809944e-01   8.76137153e-01   2.54826207e-02
   -5.53483885e-01   6.80996358e-01  -4.53554592e-01   1.29290988e+00
    7.56047605e-01  -1.23585309e+00   3.96703189e-01  -6.84268786e-01
   -4.50803778e-01 
   -1.95238429e-01  -7.55386569e-01   1.01953056e+00  -6.78219562e-01
   -3.30045943e-01  -8.88411351e-01   1.78583320e-02  -1.08497169e+00
    1.15983431e+00   2.37265151e-01   3.33323098e-02   1.03053333e+00
    9.14531197e-01   8.44414695e-01   2.89933614e-02  -7.87711779e-01
   -5.66662728e-01 
   -9.74793065e-02   2.16303322e-01   4.11944982e-01  -3.68842327e-01
   -2.64648720e-01   5.79757673e-01   2.38100314e-01   1.53009755e-01
   -1.39939075e-01  -2.59258004e-01  -3.23181816e-01   5.67328435e-01
   -4.33365375e-01  -6.17307222e-01  -2.94281362e-01   1.67019334e-01
   -3.61783765e-01 
    1.05323435e-01   1.12229185e+00   9.00072859e-01  -9.22778123e-01
   -4.07187390e-01   4.24931318e-02  -1.07433011e+00   5.06907829e-01
   -5.20828530e-01   4.03550918e-01   4.00688234e-01   5.45325914e-01
   -2.94381642e-01   9.33617637e-02  -5.03607513e-01   4.49878135e-01
   -3.49993176e-01 
    4.85055483e-01  -9.01705002e-01   6.79598189e-01  -1.87801440e-01
    4.87395304e-01   1.88639482e+00  -6.73858735e-01  -3.91223191e-01
    1.37976038e+00   1.31075931e+00   9.35350205e-01  -8.26151246e-01
   -1.95533855e-01  -7.29874389e-01  -6.25658367e-01  -4.01438751e-01
   -6.67371560e-01 
    7.93124002e-02   1.39992323e+00  -8.84513365e-01  -6.22735075e-02
    3.28343729e-01  -6.90602437e-01   2.59723468e-01  -1.91316216e-01
   -8.94407447e-01   1.26740354e+00   6.50941356e-01  -7.36674544e-01
   -8.47965700e-02  -6.82973853e-01   1.26518505e-02  -1.26708924e-01
   -1.15260184e-01 
   -1.33272849e+00   6.77170753e-01  -7.81184517e-01   5.79385839e-01
    1.40111240e+00  -1.95058963e-01   1.37442787e+00  -4.44672841e-01
   -3.64697622e-01   1.08540191e+00  -1.65177454e-01   9.32010665e-01
   -1.45498322e+00  -1.19800798e-01   2.26822410e-02  -6.33343090e-01
   -1.72463720e-01 
   -3.03860264e-01   8.84831529e-01  -8.46054586e-02  -1.57773433e+00
   -1.05079555e+00  -4.23832159e-01   1.96880038e-01   2.07925917e+00
   -3.26580666e-01   9.35533297e-01  -8.91508996e-01   1.12976839e+00
   -3.74536935e-01   2.32588616e-01  -6.55225616e-02  -3.97844000e-02
   -5.50143260e-01 
    1.39670955e+00  -8.76314269e-01   7.58722079e-01   1.46348999e+00
    7.54308299e-01   1.59524027e-01  -1.13398712e+00   1.56573896e-01
    6.19245072e-01  -3.49699352e-01  -5.09471624e-01   5.69522925e-02
   -1.17385109e+00  -3.68246926e-02   9.75022010e-03  -3.13287725e-01
   -4.68495088e-02 
    2.27306831e-01  -1.43268490e+00   8.16896154e-01  -5.32747225e-01
    3.25371589e-01  -1.82979110e-03  -2.20246757e+00   3.72025408e-01
   -7.56315533e-01   6.08165812e-01   1.57664682e+00   4.69425781e-01
   -3.04383906e-02   6.72779800e-01  -2.15467660e-01  -3.36683082e-01
   -5.01602510e-01 
    2.05068064e-03  -2.87097596e-01  -5.90391446e-01   3.62984154e-01
    1.62972537e+00  -1.27255669e+00   6.68463439e-01  -4.71175523e-03
    6.57933806e-01   1.04267840e+00  -1.42999343e+00  -1.32475083e+00
   -1.28886525e-02   2.79982682e-01  -8.00484747e-02  -6.39581914e-02
   -1.03074685e-01 
   -6.12395598e-02  -1.58792741e+00  -1.22732044e-01   1.66831962e+00
   -1.55030329e+00   8.16878771e-01  -3.76582187e-02  -1.23416652e-01
   -1.37248917e+00   3.66498798e-01   2.00659448e-01  -4.23919826e-01
    1.61895048e-01   1.13531935e+00  -4.61382112e-01   2.75586725e-01
    5.76475536e-01 
    8.71068025e-01  -6.49817947e-01   8.80256328e-02  -1.93118238e-01
   -1.59903648e-01   4.39224171e-01   1.86711771e+00  -1.94965945e+00
   -1.03733239e+00   1.06922798e-01  -1.45062729e-01  -5.95410227e-01
    1.15300976e+00  -9.73762462e-01   2.24242352e-01  -1.30079489e-01
    3.67188719e-01 
    7.42094753e-01   4.54190525e-01  -1.74107357e+00  -2.34533939e+00
   -1.75922743e-01   2.73953922e-01   5.22229409e-01   9.95130660e-01
    5.03333044e-01  -4.43796008e-01  -7.37810636e-01   1.17512577e-01
   -1.03059415e-01   1.34449818e+00  -4.35923241e-01   2.65804203e-01
   -1.37277804e-01 
   -7.58112486e-01  -2.44932583e-02   1.06777406e-01  -1.69823058e-01
    9.61257488e-01  -6.48627629e-01  -1.16011323e-01  -5.34662696e-02
    1.06210609e+00  -3.44365445e-01   4.11420530e-01  -1.82857762e-01
    2.47375045e-01  -2.29108588e-01  -1.01418040e-01  -2.04302076e-02
   -3.91589193e-01 
    3.52887300e-01  -1.30024659e+00   7.72134296e-01  -8.95709489e-01
   -1.72959443e+00   6.78292612e-01   5.35422133e-01   1.07359527e+00
    4.11240715e-01   1.11200534e+00  -9.71660862e-01  -3.05997286e-01
    1.22279291e-01  -4.96670107e-01   3.76478018e-01   7.02591400e-02
    1.23168251e-01 
   -8.16445069e-01   3.60782413e-01  -9.94837368e-01   1.26133447e+00
   -7.50910472e-02   1.52911402e+00  -5.35647633e-01  -6.21288775e-01
   -1.34887337e-01  -1.11326092e+00  -6.79919479e-01   3.07006411e-01
    6.97551679e-01   3.38904354e-01   4.23447355e-02  -7.64386563e-02
    3.16974506e-01 
    5.43149194e-01   1.53748228e+00   9.03461067e-01   3.10384929e-01
   -1.00334850e+00  -2.35213839e+00   7.59699001e-01   1.74070314e+00
    6.00292796e-01  -4.48521820e-01   3.02375708e-01  -4.80473779e-01
   -7.16543618e-01  -2.00547578e-01   2.42303781e-01  -3.90881359e-01
   -2.59940370e-01 
   -1.85685291e+00   1.94862847e-01   8.53821873e-01  -5.24719979e-01
    8.21656441e-01  -4.06182059e-01  -3.33814041e-02  -3.07889186e-01
    1.07188470e+00  -9.93369274e-01   4.75358960e-01  -1.27817662e+00
    1.61310114e-01   4.84914003e-01  -2.60440869e-01   1.55629375e-01
    6.02244534e-01 
   -7.33986988e-01  -1.59604168e-01   5.88898966e-01  -8.01111525e-01
    1.53966942e+00  -1.01426837e+00   5.95140139e-02   1.39490391e+00
   -1.17119763e+00  -7.26833124e-01   7.70468438e-01   3.47819705e-01
    4.36528254e-01  -2.75960120e-01  -2.72842880e-01  -1.77715398e-02
   -3.31013840e-01 
   -1.01866577e+00  -1.22924024e-01  -8.13888855e-01   1.52332879e+00
   -9.04626049e-01   3.87058488e-01   3.52030489e-01  -7.06341797e-01
    1.44379348e+00   1.33365984e+00   8.50241858e-01  -9.28178496e-01
    6.18059639e-02  -6.07826787e-01   3.56642902e-01  -4.47475892e-01
   -3.46989115e-01 
    1.65208927e+00   1.18477715e+00  -1.06003188e+00  -3.34587061e-01
   -1.19352717e+00  -5.56236573e-02   9.45393516e-01   9.49973527e-02
    4.95960265e-01  -1.54207444e+00   1.17345520e+00  -5.37908675e-01
   -9.76515690e-02  -2.05433224e-01  -1.43385569e-01  -3.25651845e-01
   -2.56428318e-01 
    7.27361425e-01  -6.95972075e-02  -1.10731744e+00  -4.32332114e-01
   -1.04073081e+00  -3.35526197e-01   1.28727518e+00  -1.79033665e+00
    8.80807278e-02  -5.77432529e-02   8.70239054e-01   9.61002975e-01
    2.00971568e-01   6.67364659e-01   3.17930692e-01  -2.49083963e-01
   -4.48789446e-01 
   -4.80191844e-01  -8.03783511e-01   1.39204057e+00  -2.60498647e-01
    9.63334918e-01   8.96868262e-01  -1.01293107e+00  -6.08876471e-01
    1.15674059e-01  -6.59150131e-01  -1.52280544e+00   6.95831882e-01
    9.00343331e-01  -4.13279865e-01   2.08475589e-01   8.99519147e-01
   -1.05429463e-01 
   -1.95890868e-01   1.75153311e+00   9.65172127e-01  -5.03206155e-02
    1.23841574e-01   1.18467749e+00  -8.15177481e-01  -6.47484257e-01
   -8.28167825e-01   1.51493045e-01  -4.75288464e-01  -4.25282281e-01
   -6.29255008e-01   4.05955001e-01  -1.44708176e-01   1.26016790e-01
   -3.19826795e-01 
    3.76558918e-01  -1.20571247e+00  -6.32766142e-01   1.58670795e-01
    6.66857641e-01   2.00519424e+00  -1.60712088e-01   8.25347225e-01
    5.44309463e-01  -9.89198422e-01   4.81896041e-01  -5.32385490e-01
   -7.37057096e-01   1.37542067e-01   4.50639122e-01  -6.90183816e-01
   -6.30901543e-02 
   -7.93363111e-02   1.02088632e+00   5.19195471e-01  -4.71211210e-01
    3.31108788e-01  -8.91855624e-01  -1.72505823e+00  -1.44152740e+00
    3.45015618e-01  -1.21867575e-01   2.13276036e-01   2.48128120e-01
    6.40755704e-01   4.15670889e-01  -1.19925230e-01   4.09140675e-01
    4.51803922e-01 
   -1.15315322e+00   7.59780041e-02   2.08801640e+00   1.04454802e+00
    3.72678270e-01   4.80180439e-01  -4.40657247e-01  -6.59956057e-01
   -5.20684751e-01   4.17370511e-01  -7.54708474e-01  -4.80674417e-01
   -7.55204763e-01   4.30426981e-01   1.47613852e-01   1.92422109e-01
    1.74850429e-01 
    1.21071642e+00   9.87524644e-01  -6.85244159e-01  -2.23035465e-01
   -4.52403934e-01   6.33900249e-02  -7.09786602e-01   4.66972370e-02
    8.83330253e-01   7.46758688e-01  -1.37129294e+00  -8.62909410e-01
    7.25135352e-02  -5.66943601e-01   6.98461494e-01  -6.00229393e-02
   -2.91880449e-01     2.30498177 -0.31307889 -0.16877021 -1.91657066 -0.19421957  0.22617103
  -0.32342883 -0.55032775  0.11199292  1.2523215   0.07565995 -1.87268506
  -0.72587386  0.06785905  0.16090518 -1.25696342 -0.55227161  0.31850714
  -0.24980021  0.90756202 -0.75983516  2.26135657  0.32645411  1.32020648
  -2.09554063 -0.67032836  0.41047889 -0.06342191 -0.26037749 -0.03626639
   0.94094561 -1.35148384 -0.23866343 
   0.55805877  0.05753984 -0.2731762   0.64000362  0.79165433 -0.19386818
  -1.23635067  0.7454947  -1.62371993 -1.00726729 -1.11963523  0.68124554
   1.76395042  0.36664815  1.82228204  0.59586574 -0.61450233 -0.59086449
   1.72945365 -0.7481552  -1.80403474  0.06478921 -0.03797164  0.57806773
  -1.69082884 -0.0835318   1.06599365 -2.27840083  1.46911285 -1.1323934
  -0.16245447 -1.10426065  0.09008439 
   0.74828993  0.38818736  1.68953142  0.17400533 -1.53807013 -0.31243896
  -1.11733356 -0.92809944  1.03401491  1.01574193 -0.01351762 -0.72530816
  -0.97334665  0.76190962  0.16297291 -0.50305141  2.14924033 -0.54131552
  -0.77707056  0.76134466 -1.03224415 -1.00519635 -0.58897208  1.09693755
   1.07359229  1.51098375 -1.70455364 -1.1132807   1.01758879 -0.6943521
  -2.46187027  0.80014085 -0.47556563 
  -0.42358094  0.80000876 -1.035881   -0.91026054  0.46832013  0.61908987
   0.87158008  0.05504261  0.15264047 -0.97967897  1.45779617 -1.91521908
   0.93704022 -0.41502146 -2.13562974 -0.02251366  2.60188673 -0.46722436
   1.27676306 -1.49946245 -1.04595996  0.85412309  0.81139902 -1.87979663
  -0.00734613  0.34403631  0.37511599 -0.14252202 -0.47744626  0.44141175
  -1.45164359 -0.1253258  -0.16360131 
  -0.55537962 -0.64283758 -1.17462333  0.11907033  0.1288055   0.02980453
   0.56298218 -0.42086909 -0.24898761 -1.80730309  1.08556309 -0.42139127
  -0.22272458 -1.94546291  1.86554194 -0.32793106  0.30018614 -1.28689622
   2.17094861  0.04192143  1.53329444 -0.84192716 -2.12215271  1.44594555
   1.16715452  1.28451553 -1.12997492 -0.21362573 -1.1040848  -0.45865231
  -0.40084702  0.40327871  0.09908384 
   0.31329095  0.15941355  0.7288741   0.73465263  0.69748008 -0.18152112
  -0.12960352 -2.27936145  0.56684324  0.02956057 -0.13653811 -0.30359102
  -0.15824599  1.52005755 -1.05073565 -0.67643618 -0.60961803  0.124359
  -0.62291599 -1.9291377   3.02459795  0.6235372   0.99323563 -0.26974482
  -0.38578405 -0.03756054 -1.05830477 -1.2474134  -2.28265457  1.02700754
  -0.58865367 -0.32922967  0.13516124 
   0.37487457 -0.15315902  1.01497627 -1.09672931 -0.54052914 -0.58026432
   1.06358804  0.60146072 -0.21964021 -2.05903413 -0.19268737  1.17928111
   2.62255082 -0.78667726 -0.07574881 -2.78148884 -0.43261334 -0.19207086
  -0.58508894  0.62952136 -0.78982403  0.06051302 -0.37492298 -0.34983957
  -1.2536443  -1.38068189  0.69009999  0.5509621  -0.18993044  1.88462293
  -0.0825269   0.59376159 -0.09966743 
  -0.04149626 -0.31032968  1.59008713 -0.43175227  0.69773083  0.14173145
  -0.51994155  0.3412226   0.37826936 -0.05660185 -2.73995288 -0.2882118
  -0.43853503 -0.27798955 -0.37185454  2.00058187 -1.32913931 -0.58191096
  -1.21739644  0.24321727 -2.16823157  0.20132875 -1.96934403  0.46119733
  -0.24551206  1.73798364  0.66282717  0.65003137 -1.28819752  1.7276229
   0.34435569 -0.16562917 -0.05908344 
  -0.90823075  1.31719302  0.69985233  0.56756478 -1.37749143  0.03545722
   0.73005224 -1.77946885  1.12134363  0.08938421  0.125486   -1.02736949
   0.57741622 -0.9255412   1.56992446  1.40427384 -0.84624532 -1.11241431
  -0.41113916  0.47619712 -0.90527519 -0.98267863  1.3991765  -1.48641206
  -0.58640537 -0.39936395  0.05611968  0.56000312 -0.5958491  -0.16302322
   0.72771165 -1.16983006 -0.38026393 
   0.62692729 -0.15478556 -0.24813556 -0.77498767 -0.13833778 -0.09908806
  -0.42678221 -1.59511234 -1.32487887 -1.32959791 -1.26416596  0.56314521
  -1.0838647  -1.18093899 -0.03541154 -0.1114753   0.62119741  0.13105285
  -1.36807812  1.27521542  0.83639404  0.96909535  0.85161122 -1.72202286
   1.87301435 -0.01229322  0.77642546 -0.21200596  1.43039043  0.11637524
  -0.06108515 -0.97824844  0.16557952 
  -0.67433099 -1.19338749  0.29991303  0.44132161 -0.54254066  0.51900445
  -0.51652008 -1.66568469 -0.61575208 -0.12592232  0.76406985  0.67923395
  -1.91879146  1.35951234 -0.13616307  0.14580747  0.71431402 -0.68151934
   0.37993637  1.27824367 -0.42341908 -0.56971387 -0.71412619 -1.75905946
  -1.30138937 -1.29444584  2.07072445  0.58565822 -0.47164763 -0.35304258
   0.79361769  1.48983608  0.06186898 
  -1.2155533   2.45460734 -0.59184831 -1.79287809 -1.31026232 -0.34552885
  -0.6122154   0.41500083  0.84312471 -1.50078105 -1.69762143 -0.08109122
  -0.72168431  1.20568618  0.39894825  1.1181929  -0.44545862 -0.45797169
  -0.02962904 -0.32132067  0.57177778  1.35370903 -0.1883057   0.41541716
   0.86986991 -1.56444528 -0.65392137  0.12830469  0.5266316  -0.45063003
   0.64640281  0.79446439 -0.10875413 
  -0.48613408 -0.23347775 -1.68307351 -1.08266886 -1.34447342  0.38317452
   0.45148729 -0.10465966  0.13579012  1.3927252   0.05319812  1.09538482
  -0.81866655 -0.02849104  0.02236956 -0.82221058 -0.29661607 -0.78764058
   0.09606574 -0.58735773  0.47082173 -0.52625736 -0.30962759 -0.4858943
  -0.1737351  -0.69233068 -0.80233061  0.24964822  0.7719896  -0.77092406
   1.12919539 -0.28216711 -0.09141437 
  -0.2858762  -0.59538426  0.41158809  0.95842633 -1.34877422  0.57188101
  -0.29340461  0.26565189  0.37644887 -0.46748297 -0.99315075  0.29978693
  -1.35520079 -0.20463249 -1.47492587  1.04048822 -1.62917253 -0.08251583
   0.30178325 -0.2794214   0.46352121 -0.5585272   0.55021723 -0.03525355
   0.28898429 -1.37942323  0.62472339 -0.76992346  0.3188648  -0.48664641
  -0.31717877  0.354548   -0.26751169 
  -0.50162474  0.52063202 -0.16246947 -0.60946922 -0.78995729 -0.22290617
   0.04855758  0.32251699 -0.19633983  0.18787669 -0.7480983  -0.49094536
  -0.10940816  0.07463833  0.3036142  -0.47029329  0.02730794 -0.05741756
  -0.50975884  0.41516825 -0.12190448  0.40816687 -0.40890505  0.16480014
   0.1300115  -0.69601972 -0.17820614 -0.17019347 -0.11798566 -0.10470528
  -0.74652798 -0.72067189 -0.74032927 
  -0.11687505 -0.41970537 -0.50243587 -0.09913562  0.01617555  0.23794919
  -0.29515708 -0.25796987  0.26023825  0.0273267  -0.73620289  0.22060752
  -0.40303898  0.12838989 -0.02071313 -0.0840874  -0.29616413 -0.59691188
  -0.41734083  0.30558157 -0.55029734  0.09705591 -0.4849063  -0.60967046
  -0.19127714 -0.6534082  -0.8987853  -0.69825431  0.23042532 -0.06087288
  -0.79946209 -0.25932749 -0.10136812  