NN 16 32 16   -4.08029047e+00  -1.17951217e+00   2.77625310e-01   5.03090629e-01
    2.90803157e+00  -1.03218032e+00  -2.33285502e+00  -2.15462649e+00
    3.45722674e+00  -1.31067987e+00  -2.92610290e-01   2.51528012e-01
    9.52531339e-01  -1.71628114e-01   3.44427657e-01  -6.13213311e-01
   -8.94574343e-01 
    8.67033478e-01  -5.96597295e-01  -2.68828542e-01   1.18841081e-01
    8.59901712e-01  -1.07618177e-01   3.05327681e-01   3.95627774e-01
   -2.85176989e+00   7.92167290e-01   2.41321160e+00  -4.22818488e+00
    9.45468646e-01   7.65461985e-01  -2.32690901e+00   1.45829764e+00
    7.28675608e-01 
   -1.15149965e+00   3.36241265e-01  -2.45399899e+00   7.51234404e-01
    2.99015694e+00  -1.86409385e+00  -7.81536714e-01  -7.76676328e-01
   -9.35241802e-01   7.66117410e-01  -4.61671366e-01   2.40381844e-01
    1.56136224e+00  -5.96587240e-01  -1.86524153e-01   2.26590230e+00
    2.70386139e-01 
    1.78718080e+00  -8.35191494e-01  -1.53750394e+00   9.96457387e-01
    1.32201158e-01  -1.14216825e+00   8.03443681e-01  -4.58832397e-01
   -1.69262416e+00   8.92241369e-01  -1.57896013e+00   1.80294915e+00
    1.79120106e+00  -1.75455756e+00   1.25016120e+00  -2.06223064e+00
   -1.96122774e-01 
   -1.77877131e-01  -1.73080284e+00   1.55468596e+00  -1.37620606e+00
   -1.59683496e-01  -7.74295820e-01  -2.88584561e-02  -2.21880684e+00
    1.20588379e+00  -6.10031555e-01   1.61737800e-01   2.18605880e+00
    1.55914593e+00   2.31343778e+00  -1.90555581e-01  -1.52492865e+00
   -7.08602733e-01 
   -4.69069383e-01   1.26295767e+00   1.95226041e+00  -1.23144649e+00
    7.74605264e-01   1.11753159e+00   2.19547634e+00  -5.20909697e-01
   -2.12077321e-02  -1.86132067e-01  -2.28812422e+00   4.98563060e-01
   -8.95040132e-01  -1.49921847e+00  -4.86528947e-01  -1.64340822e-03
    1.03300116e-01 
    1.11805278e+00   1.59666947e+00   1.62263780e+00  -2.05564163e+00
   -1.81008254e-01   2.84235121e-01  -2.16716726e+00   1.67230285e+00
   -5.48403970e-01   5.51493400e-01   8.63223502e-01   1.10907613e-01
   -1.57928564e-01  -4.97975936e-01  -1.49390389e+00   7.73199967e-01
   -7.90715223e-01 
    8.33576050e-01  -1.42053199e+00   1.27493929e+00  -3.42183908e-01
    5.98894202e-01   4.42925042e+00  -2.42715252e+00  -1.21442825e-01
    2.66695026e+00   2.48536975e+00   3.65194596e-01  -2.92806118e-01
   -6.18194195e-01  -2.84123057e+00  -1.45446844e+00  -1.44161917e-01
   -6.66448888e-01 
    1.77459951e-01   2.86924760e+00  -6.90881088e-01  -1.10728188e+00
    6.48145404e-01  -1.26301659e+00  -1.33893763e+00  -2.21931324e-01
   -1.78335693e+00   2.37737520e+00   1.54040278e+00  -1.13347722e+00
    1.05167426e+00  -1.88948295e+00   1.52985681e+00  -1.76733045e+00
   -1.30292398e-01 
   -1.17425597e+00  -3.38018409e-01  -7.32820435e-01   1.08344542e+00
    1.84756839e+00  -9.20414833e-01   1.18891380e+00  -5.67556986e-01
   -1.21901352e+00   7.01810390e-01   9.21607147e-01   2.22045458e+00
   -3.08891970e+00   3.80310677e-01  -9.04770951e-01  -1.41137977e+00
    3.60503636e-01 
   -6.44765334e-01   4.80065422e-01   3.00242763e-02  -2.83966859e+00
   -2.53693549e+00  -1.59411672e+00   6.19542062e-02   4.52013870e+00
   -1.42756083e+00   5.22959799e-01  -3.40226881e-01   3.17610796e+00
   -1.18443482e+00  -4.08386318e-01  -8.09080189e-02   7.60391659e-02
   -5.99991689e-01 
    3.25409234e+00  -7.56811131e-01   2.69292601e-01   2.04186598e+00
    1.64657412e+00  -7.58736513e-01  -1.28181807e+00   6.36055528e-01
    2.65052545e-01  -1.37980220e+00   6.64544339e-01  -5.46860088e-01
   -3.11256502e+00   5.25171417e-01   1.17759262e+00  -1.12915125e+00
   -3.07424297e-01 
   -3.37706045e-02  -2.61170391e+00   1.68115022e+00   1.18439564e-01
    1.90038578e-03   4.47318269e-01  -3.55245482e+00  -4.97695654e-01
   -1.87702323e+00   1.11291352e+00   3.22716488e+00   8.56743080e-02
   -4.19372100e-01   1.38310619e+00  -4.33276143e-01  -6.98445946e-01
   -1.26799367e+00 
   -7.06861258e-01   5.09319625e-01  -5.12588991e-01   3.00367726e-02
    2.45529359e+00  -2.10197426e+00   1.14541544e+00   1.11673771e+00
    1.11959874e+00   1.55863735e+00  -2.37325986e+00  -1.71529705e+00
   -1.22204528e+00   2.07966683e-01  -4.44408081e-01  -9.79377021e-02
   -1.60560297e-01 
    1.84260267e+00  -1.90556489e+00   6.87014370e-01   3.18092092e+00
   -2.34033276e+00   7.07403086e-01   5.45038814e-01  -1.01221186e+00
   -1.52209246e+00  -1.11961150e-01  -5.00720976e-01  -3.42535909e-01
    7.09432619e-01   2.44913663e+00  -2.26064966e+00  -1.74482481e-01
    6.12498695e-01 
    1.69567467e+00  -1.22404539e+00  -3.02819934e-01   1.44830147e-01
   -3.74273621e-01  -3.45881031e-01   3.16988015e+00  -3.08541065e+00
   -1.10373721e+00  -1.09620253e+00  -5.78312462e-01  -9.52523992e-01
    1.15547972e+00  -2.09274208e+00   9.00491385e-01   6.61361788e-01
    5.25705129e-01 
    1.52236011e+00   7.77545757e-01  -3.05295932e+00  -4.62155931e+00
    1.23148861e+00   1.49885953e-01   4.82660010e-01   1.65054976e+00
    8.44689015e-01   4.56398276e-01  -7.43734693e-01  -1.39405446e+00
   -3.57223252e-01   1.62412850e+00  -5.48674788e-01   1.26568740e+00
    3.26617053e-01 
   -1.64593665e+00   5.76803627e-01  -2.14928824e-01   3.51884021e-01
    6.90364105e-01  -1.99725428e+00   3.57200463e-01   3.40255604e-01
    1.50013895e+00  -9.65866903e-01   1.38693721e+00   4.69674561e-01
    8.59105406e-01  -1.15634778e+00  -7.90749048e-01   1.22561905e+00
   -7.45755856e-01 
   -2.34475098e-01  -2.50470234e+00   2.17114780e+00   1.14387515e-02
   -2.57799230e+00   1.51877434e-01  -2.98480088e-01   1.70052592e+00
    4.57194235e-02   1.54919389e+00  -1.73898429e+00  -5.64302212e-01
    5.14481964e-01  -1.13404293e+00   5.95864196e-01   6.33617026e-01
    7.30430334e-02 
   -1.41695072e+00   5.37464543e-01  -7.27809316e-01   2.34892123e+00
   -7.75837937e-01   2.02254320e+00   1.29700984e+00  -1.82625329e+00
    5.95103867e-03  -1.66549436e+00  -4.48104817e-01   6.38258361e-01
    1.77613079e+00  -1.96444458e-01  -3.14047657e-01  -2.47497103e+00
    3.49610278e-01 
   -2.11956913e-01   2.75352916e+00   1.22538791e+00  -6.80093065e-01
   -1.15429977e-01  -4.89708531e+00   1.28948822e+00   3.72046204e+00
    1.45872010e+00  -2.69214319e+00   6.80085679e-01   5.21148382e-02
   -4.03636031e-01  -8.51397203e-01   8.60853350e-01  -3.50118522e-01
   -2.59603922e-01 
   -2.80174188e+00   9.36876514e-01   2.22518022e+00   3.92648873e-02
    1.78055214e+00  -8.80988622e-01  -1.59809534e+00  -1.86828271e-01
    2.41007772e+00  -9.96202729e-01   3.05461981e-01  -1.72134085e+00
    4.77751830e-01   5.60166512e-01  -1.16251684e+00  -4.22886855e-01
    7.18219035e-01 
   -9.52335176e-02  -7.25003368e-01   4.84584259e-01  -6.90087038e-01
    2.49796155e+00  -9.87010067e-01   1.70943475e-01   2.61016220e+00
   -2.74533418e+00  -9.44215792e-01   1.43865138e+00   1.02133634e+00
    3.39332974e-01  -8.42948998e-01  -4.88988291e-01  -1.29340387e+00
   -3.65495540e-01 
   -2.11046931e+00   1.02236463e-01  -1.43745511e+00   2.10208073e+00
   -9.69369324e-01   1.13415131e+00   8.83271660e-01  -8.61268653e-01
    1.14745968e+00   1.41243326e+00   1.93145026e+00  -1.64878573e+00
    8.79474953e-01  -1.46998085e+00   5.82738377e-01  -4.07031720e-01
   -6.73996288e-01 
    2.06088921e+00   1.77572676e+00  -2.27808094e+00  -1.34674261e+00
   -3.85383453e+00  -1.66949192e+00   8.61608109e-01   7.02509474e-01
    1.52481635e+00  -2.27756166e+00   1.84382901e+00  -1.91710241e-01
    8.04581960e-01  -3.96216806e-01  -7.74538125e-01   1.72549320e-01
   -1.27112770e-01 
    1.92616815e+00   4.43330931e-01  -2.31110642e+00   1.46987564e-01
   -1.17176129e+00  -6.74304202e-01   2.95585021e+00  -3.05428628e+00
   -2.68519936e-01  -2.52391953e-01   3.21530372e-01   8.54874160e-01
   -1.62971023e-01   1.34893563e+00   7.39398017e-01   1.36136780e+00
   -4.75712121e-01 
   -6.21176154e-01  -2.45428089e-01   2.13308957e+00  -3.82249148e-01
    1.93321338e+00   1.93838044e+00  -3.50694267e+00   1.99232231e-01
    3.14834945e-01  -9.77124035e-01  -3.56188850e+00   4.39225116e-03
    2.07459326e+00  -1.54034420e+00  -1.96282799e-01   3.34832233e+00
   -3.42353582e-01 
   -7.10582927e-01   3.12269379e+00   1.23561513e+00   1.60542446e-01
   -1.45737171e+00   1.85178738e+00  -7.31737443e-01   7.65579492e-02
   -9.19900434e-01  -2.41771116e+00  -1.77079444e-01   3.98635809e-02
   -9.57523092e-01   6.62145618e-01  -1.51235160e-01   7.60425183e-01
   -6.63405342e-01 
   -1.88997862e-01  -1.08607887e+00  -1.26255332e+00   2.94397412e-02
   -8.81413763e-02   2.72426794e+00  -6.20123842e-01   7.59909201e-01
    3.27474377e-01  -2.96196942e+00   1.14699903e+00  -2.52361606e-01
   -1.56768083e+00   3.37040319e-02   3.42014733e+00  -1.58505567e+00
    7.47656580e-01 
   -2.15318931e-01   2.73988253e+00   1.61509948e-01  -1.00652992e+00
    9.63126045e-01  -1.79107836e+00  -2.60170028e+00  -1.21886492e+00
   -6.65218742e-01  -1.01370092e+00  -3.21939311e-01   8.67734462e-01
    7.67678226e-01   4.67392426e-01   2.45216792e-01   9.43638650e-01
   -2.06744651e-01 
   -7.32817655e-01   9.26138612e-02   3.26690052e+00   1.68859729e+00
    8.42224132e-01   5.11594470e-01  -2.29464087e+00  -1.51009205e+00
   -8.85622341e-01   6.06064844e-01  -2.18027798e+00  -1.54049032e+00
   -1.91062433e+00   1.82405373e+00   1.87805482e+00   1.23580815e+00
    2.35797531e-01 
    1.62339856e+00   8.83419274e-01  -1.23846086e+00  -1.74806088e-01
   -9.70098368e-01  -1.82964260e-01  -3.77650587e-01  -6.81631227e-01
    1.84112004e+00   1.80079317e+00  -2.51996353e+00  -2.21291260e+00
   -5.16648301e-01  -1.85547626e+00   2.50792474e+00   8.78436523e-01
   -5.84863437e-01      3.73859907e+00  -1.18416818e+00   4.73321528e-01  -2.07517262e+00
   -9.78717627e-01   1.52588770e+00  -8.52836761e-01  -1.05488867e+00
    3.96093322e-01   5.96222235e-01  -1.12339765e-01  -3.25355304e+00
   -7.94277738e-01   6.69152815e-01   9.79797492e-01  -1.53477526e+00
   -1.55090136e-01   7.03507311e-02   1.95607030e-01  -9.10718984e-02
   -2.37787639e-01   1.74037129e+00   7.92292529e-01   2.14943143e+00
   -1.37433333e+00  -8.76649127e-01   3.68582600e-01  -4.14890914e-02
   -7.08594226e-02  -1.52514120e-01   1.79019572e-01  -1.15958605e+00
   -3.42046081e-03 
    5.74818138e-01   5.08256619e-01  -2.55651793e-01  -3.41606796e-01
    1.13563726e+00  -3.41730144e-01  -1.36484016e+00   8.15435157e-01
   -2.02780886e+00  -1.96518030e-01  -9.41042152e-01   7.59705304e-02
    1.13649972e+00  -2.36468658e-01   1.46020649e+00   1.61129818e-01
   -1.22628377e-01  -1.22781972e+00   1.89269929e+00  -2.08460716e+00
   -1.43623495e+00   2.70390427e-01   4.20453865e-01   4.12987269e-02
   -1.24256767e+00   8.22594072e-01   6.30411050e-01  -4.62157644e+00
    1.51116134e+00  -1.62258031e+00   1.20139525e-01  -1.24490772e+00
    3.18325056e-01 
    6.20728243e-01  -1.61682615e-01   2.85789952e+00   1.29712506e+00
   -1.66280326e+00  -2.05990511e+00  -1.25163722e+00  -8.63933037e-01
    1.22434333e+00   1.12199178e+00   3.81689204e-01   7.12163978e-01
   -1.99442614e+00   5.29033044e-02  -3.44682691e-01  -1.27451173e+00
    2.19920813e+00   1.38967852e-01  -1.32975224e+00   1.40714129e+00
   -1.27988401e+00  -2.48669611e+00  -9.34119785e-01   1.24570461e+00
    1.36646713e+00   7.55543980e-01  -2.53444379e+00  -5.02515576e-01
    2.26715662e+00  -3.83539327e-02  -2.16596315e+00   9.57220279e-01
   -2.33470851e-01 
   -1.48561746e+00   1.22840037e-01  -1.53270938e+00  -9.93475355e-01
    2.05566894e+00   1.28471281e+00   1.24812541e+00   1.43114303e-01
    6.04750565e-01  -8.49360338e-01   2.94667659e+00  -2.00529998e+00
    3.19763119e-01  -7.99805812e-01  -3.22831713e+00   2.05568054e-01
    3.92857356e+00  -9.25527847e-02   7.61285052e-02  -2.22015828e+00
   -9.39909179e-01   5.73738813e-01   7.13686634e-01  -2.88687215e+00
    6.41872038e-01   5.32381000e-01   1.27523842e-01   1.38755813e-01
   -3.25097397e-01   3.36131065e-01  -1.59598662e+00  -4.77000956e-01
   -1.50090049e-01 
   -1.94517180e+00  -1.23036225e+00  -2.26376773e+00  -5.91220067e-01
    5.93870657e-02  -3.84204917e-01  -1.85090745e-01  -1.21324542e+00
   -2.66678212e-01  -3.02826197e+00   1.51680883e+00  -7.49265472e-01
   -1.51446864e-01  -2.61945589e+00   3.06297430e+00  -1.67817649e+00
   -1.10297552e-01  -1.54776505e+00   2.60351953e+00  -3.31100199e-01
    1.24072845e+00  -1.04410331e+00  -3.51854415e+00   2.34520583e+00
    1.73908919e+00   1.19016985e+00  -1.56636416e+00  -1.08678740e-01
   -9.90493330e-02  -1.23507974e-01  -1.04572539e+00   1.93216603e+00
   -1.19438175e-01 
   -1.69495364e+00  -3.41818195e-01   6.40715074e-01   3.48838382e-01
    1.19076308e+00  -6.84275056e-01  -4.94331873e-01  -3.60932021e+00
    1.15856709e+00   1.21015084e-01  -2.61392546e-01   4.30080005e-01
   -1.04661979e+00   1.97657119e+00  -7.42198406e-01  -2.18113646e+00
   -1.26750376e+00   6.83498998e-01  -2.47009778e-01  -2.44819894e+00
    4.28089425e+00   4.29102540e-01  -2.59163868e-01  -3.20038382e-01
    6.62205900e-01   6.13833200e-01  -1.17606578e+00  -1.72722725e+00
   -3.76141647e+00   8.19916574e-01  -2.60292475e-01   4.01220792e-01
    2.08486603e-02 
    8.72532979e-01  -1.55052825e+00  -1.01864549e-01  -8.65493406e-01
   -2.00133321e-01  -2.65089091e+00   9.08777549e-01   9.25749710e-01
    6.11060637e-01  -2.09276065e+00  -5.75522534e-01   2.76232629e+00
    2.92185973e+00  -1.65323580e+00  -1.14524518e+00  -3.98223438e+00
   -9.81797086e-01  -4.62494449e-02  -7.44974006e-02  -7.04761384e-01
   -8.87857508e-01  -1.25846898e-01  -3.65277340e-01  -8.20449867e-01
   -1.37926526e+00  -2.11566761e+00   7.85930470e-01   4.40394663e-01
    4.07847278e-01   2.76037751e+00   1.06039831e+00   1.88840967e-01
   -5.57961093e-01 
    1.77107461e-03  -5.81062928e-01   2.13184567e+00  -6.14306667e-01
    1.86392727e+00  -7.15107191e-02  -9.69977281e-01  -2.62724728e-01
   -2.64864453e-01   4.74240995e-01  -4.43628715e+00   2.99849539e-01
    3.27086382e-01  -2.02335361e+00  -4.41894540e-01   2.40426599e+00
   -2.60579026e+00  -5.23709605e-01  -2.26165541e+00  -1.62490775e-01
   -2.68309518e+00  -8.81978636e-02  -2.97621627e+00   2.57648679e-01
   -3.23034609e-01   3.53652274e+00   2.31808875e-01   7.06659475e-01
   -1.46378934e+00   7.79189646e-01   1.20252832e+00  -2.35542344e-01
   -1.16413974e+00 
   -2.18030037e+00   2.53097378e+00   1.21863571e+00   1.61934649e+00
   -2.06462379e+00  -2.54312259e-01   1.26162060e+00  -2.40489037e+00
    2.41164430e+00   3.05580307e-01   7.56849702e-01  -1.60244032e+00
    1.09042333e+00  -1.71399578e+00   1.88741193e+00   1.28249621e+00
   -6.34584921e-01  -2.59971578e+00  -3.67137524e-01   5.55510112e-01
   -1.50584949e+00  -1.87499648e+00   2.21476030e+00  -1.25851257e+00
   -1.93217236e+00  -3.25142188e-01   1.40564782e-02   3.35396894e-01
   -1.38649221e+00   9.69661460e-03   1.48545436e+00  -1.98131569e+00
   -5.54348865e-01 
    1.20634918e+00  -1.02608986e+00  -9.42436281e-01  -1.61170489e+00
   -1.16616893e-01   1.47459145e-01  -1.12027696e+00  -2.58101616e+00
   -2.65783421e+00  -2.61239469e+00  -2.03537216e+00   2.01887399e+00
   -2.61413036e+00  -1.43955439e+00   2.80398940e-01   2.69440029e-01
    5.06969167e-01  -8.32487381e-02  -2.31147468e+00   1.70372614e+00
    1.32414225e+00   1.28652112e+00   5.34656368e-01  -2.52554751e+00
    2.59065746e+00  -1.01705931e+00   2.19715330e+00   5.78363398e-01
    2.73085387e+00   4.41601117e-01   5.53657024e-02  -2.02681771e+00
   -5.17273367e-01 
   -3.88029340e-03  -2.97000763e+00   4.97438019e-01   9.82913603e-01
   -6.54527935e-01   1.42561430e+00  -1.19030994e+00  -2.28722740e+00
   -1.86124997e+00  -2.09590465e-01   1.18441644e+00  -8.87941578e-02
   -2.62520926e+00   1.93573281e+00  -3.88582731e-01   2.61693477e-01
    3.72270650e-01  -1.37156523e+00   1.12407184e+00   1.57750946e+00
   -7.67010692e-01  -1.33558543e+00  -1.41417194e+00  -2.92929840e+00
   -1.60800704e+00  -1.74024527e+00   3.65745794e+00   1.01188822e+00
   -1.27164138e+00  -3.13374920e-01   1.59664337e+00   2.68663761e+00
   -5.63759487e-01 
   -1.12881482e+00   4.67732854e+00  -1.45475159e+00  -2.62842033e+00
   -2.15652781e+00  -1.21791279e+00  -1.18143529e+00  -4.43978047e-02
    1.03713466e+00  -2.41790678e+00  -2.74505309e+00   4.19892234e-01
   -6.19253790e-01   1.32894681e+00  -2.85743890e-01   1.65406709e+00
   -6.67675875e-01  -6.03723857e-01  -1.15448803e-02  -9.09873449e-01
    7.15715303e-01   1.86822564e+00  -6.70367532e-01   1.00220200e+00
    3.91496708e-01  -1.68124880e+00  -1.46833595e+00  -2.08177267e-02
    1.15402117e+00  -9.80943831e-01   1.86906892e+00   1.26793790e+00
   -6.87543666e-01 
   -4.29694710e-01  -1.01524871e+00  -2.54378526e+00  -2.12161491e+00
   -2.15820815e+00   9.61542260e-01  -8.48067287e-02  -1.94871974e-01
   -7.06924060e-01   3.67601044e+00   1.24932051e-01   2.18847359e+00
   -9.80815228e-01   3.87653629e-01  -5.79058183e-01  -1.36633280e+00
   -1.43030966e-01  -1.13098687e+00  -4.65289839e-01  -1.53331145e+00
    2.73423932e-01  -3.70139053e-01  -9.02198266e-01  -7.28170740e-01
   -1.32946013e-01  -2.44770360e-01  -1.96600585e+00   4.74071736e-01
    1.56217870e+00  -1.25913448e+00   2.06684391e+00  -4.67226468e-01
   -2.53464427e-01 
   -2.47725591e-01  -7.99656036e-01   4.80572836e-01   1.96801081e+00
   -2.43232198e+00   1.34593212e+00  -2.48960271e-01   1.13356899e+00
    9.64703760e-01  -7.67094161e-01  -9.42037924e-01   1.21078730e-01
   -1.72355713e+00  -7.56459256e-01  -2.74147345e+00   2.19274098e+00
   -3.11549200e+00   4.75266656e-01   1.02571701e+00  -8.52579819e-01
    8.67363196e-01  -5.80117924e-01   1.48190250e+00   3.65787488e-01
    2.43720401e-01  -2.13079381e+00   9.37151333e-01  -1.36020798e+00
   -1.26773795e-02  -1.18913553e+00  -9.40682326e-01   7.46753882e-01
   -5.94644824e-01 
   -5.78514462e-01   2.28185089e+00   3.40420467e-01  -1.11717176e+00
   -9.72651486e-01  -2.18626615e-01   9.79398539e-01   1.59432585e+00
   -1.10417786e+00   2.58008771e-01  -1.01950709e+00  -6.33781763e-01
    2.42014308e-01   3.76845696e-01   2.01589132e+00  -1.21295818e+00
    4.91427269e-01   2.51993682e-01  -1.45414956e+00   4.32710800e-01
   -8.23842904e-01   9.89107605e-01  -3.76868312e-01  -3.87719020e-01
    9.97625038e-01  -1.23627714e+00  -3.75450564e-01  -4.12683162e-01
   -2.66236462e+00  -1.46268814e-01  -1.95495180e+00  -2.97481119e+00
   -9.73406179e-01 
   -1.64923282e-01  -1.80264381e+00  -2.40566419e+00   2.09689535e+00
    1.40117024e+00   9.07373538e-01  -4.23425508e-01  -4.95363268e-01
    2.11339910e+00   1.28014989e+00   1.94753096e-01   5.46484743e-01
   -5.14661813e-02   2.83115712e-01  -1.04204759e+00  -5.99020460e-01
   -2.38781731e-01  -1.92587438e+00  -9.29005093e-01   1.71815374e+00
   -4.44485507e-01   7.58606854e-01   4.64885140e-01  -1.57330376e+00
   -4.96534485e-01  -1.58396204e+00  -1.63072490e+00  -6.53283460e-01
    1.16373198e+00  -5.02240477e-01  -8.79229421e-01  -6.54838288e-01
   -1.73094805e-01  