NN 16 32 16  -2.63053613 -0.38585073 -0.61777752  0.66888852  0.92085727 -0.46086777
  -0.71807847 -0.87487261  1.62624515 -1.16927978  0.0279927   0.81365504
   0.59063758 -0.11951014  0.04529283 -0.21806216 -0.64799631 
   0.30351338 -0.16445069 -0.43310795 -0.73036198  0.76456678 -0.14056387
  -0.05260992  0.60694773 -1.60350779  0.49378041  1.45642877 -2.63253237
   0.32642077  0.58376854 -1.0299269   0.85526191  0.46120604 
  -0.18335478  0.18102287 -1.97336633  1.08706705  1.76930209 -1.00577247
  -0.5047804  -1.05528778 -0.84461491  0.34183242  0.22583291  0.11291006
   1.56400619 -0.79219895  0.06474003  1.03973574  0.31279992 
   1.25312244 -0.69344908 -0.56171436  0.59215971 -0.32840965 -0.81452344
   0.88107169 -0.0473692  -1.09223281  0.75950337 -0.9975814   1.30204376
   1.23155106 -1.60397672  0.73794081 -1.22347182 -0.46043168 
  -0.28356156 -1.08344274  1.24912212 -0.86207071 -0.50582733 -0.73885684
  -0.2225643  -1.36261071  1.33153032  0.1094097  -0.25133261  1.43764476
   1.31931653  1.41653075  0.24815466 -1.09693824 -0.68877423 
  -0.19900976  0.64040889  0.74702002 -0.80763475  0.06952368  0.95017997
   0.85090315  0.11394863 -0.02971524 -0.31452574 -0.79285789  0.67739294
  -0.63113228 -1.01898753 -0.12925033 -0.13424667 -0.22458091 
   0.31861121  1.10391493  1.16046721 -1.23811433 -0.30342332 -0.0912607
  -1.48132671  0.8347712  -0.5210992   0.33023468  0.55151111  0.54197575
  -0.33979943 -0.23332535 -0.94516517  0.60544915 -0.53396135 
   0.36255354 -1.16100988  0.75963001 -0.46163705  0.66634919  2.68261654
  -1.34501732 -0.2262596   1.68716812  1.90944962  0.86179253 -1.00577876
  -0.60739087 -1.59050576 -0.99595611 -0.07350555 -0.74397349 
   0.1648308   1.83227564 -1.09064524 -0.33220813  0.76676455 -0.94843354
  -0.34453661 -0.188606   -1.28494968  1.90756776  0.97839677 -0.8063599
   0.22739039 -1.27160591  0.60215276 -0.81160049 -0.17414144 
  -1.35825789  0.34622985 -0.92517737  0.88920887  1.65917672 -0.57086342
   1.18031343 -0.50715864 -0.58274867  1.29657407  0.31927634  1.46411599
  -1.97050144  0.23303266  0.02339935 -0.98512798  0.0359872  
  -0.60064911  0.76487995 -0.11538982 -2.27062622 -1.87431621 -0.83944881
   0.21905563  2.83461179 -0.56366414  0.85508593 -1.02698905  1.54709492
  -0.63559039 -0.05328749  0.07432421 -0.08594115 -0.68882221 
   1.84452594 -1.07911304  0.62811962  1.61861948  1.02325066 -0.00720443
  -1.31199392  0.30504461  0.57445991 -0.51475768 -0.44727995 -0.3550396
  -2.00828374  0.20507362  0.54035705 -0.39981355  0.03880165 
   0.32125508 -1.44678039  0.74636664 -0.15792442  0.40065154 -0.11178109
  -2.68898717  0.28578372 -1.47745941  0.84877659  2.17047189  0.36081266
  -0.23905566  0.88822718 -0.5539098  -0.31513999 -0.85343704 
  -0.07240677 -0.22351301 -0.8121139   0.38205182  1.74914915 -1.54657424
   0.78129969  0.38037537  0.78637528  1.22492361 -1.81694332 -1.57608125
  -0.3855394   0.47220296 -0.22640454 -0.23927154 -0.08356177 
   0.61059474 -1.92311333  0.25063089  2.10484997 -1.85211916  0.86203895
   0.21959844 -0.4610568  -1.4840119   0.06078926 -0.14663914 -0.65977196
   0.55874779  1.85274885 -1.16810532  0.02857938  0.59908737 
   1.11265258 -0.85135281  0.0667321   0.14416506 -0.05123894  0.49901471
   2.45438681 -2.39334962 -1.33535977 -0.38505233 -0.32601539 -0.72719346
   1.37601501 -1.42178734  0.50965293 -0.06949483  0.36228632 
   1.12389121  0.57266591 -2.29477401 -3.02246684  0.32421027  0.09199671
   0.86789038  1.56376516  0.62408794 -0.42202439 -1.02533653 -0.49941217
  -0.34621905  1.80309526 -0.53588288  0.48548445 -0.05616991 
  -1.12834315  0.18434388  0.00972824  0.07882368  0.76600676 -0.77913354
  -0.40311924  0.12545915  1.26124043 -0.56443754  0.65425448 -0.26955446
   0.50082371 -0.60602077 -0.33697395  0.56044112 -0.49415394 
   0.13066862 -1.49674717  1.17516898 -0.50702992 -1.98529501  0.46062425
   0.27044601  1.19158793  0.49738154  1.52406037 -1.68855289 -0.63361844
   0.26748365 -1.02898456  0.45589132  0.38477361  0.07528803 
  -1.00927332  0.6397036  -0.94748391  1.38124332 -0.57837519  1.75941936
   0.06961583 -0.87542312 -0.37419303 -1.5590202  -0.60725104  0.31336388
   1.32325859  0.59576245 -0.15970833 -1.13346272  0.38674791 
   0.17813309  2.11556374  0.96714126  0.1285855  -0.51142775 -3.31447289
   0.71831574  2.52400374  1.12082414 -1.32167967  0.53729031 -0.84335673
  -0.71063881 -0.367684    0.34466483 -0.03189829 -0.20194473 
  -2.30613346  0.49270715  1.31558157 -0.64854098  1.13307893 -0.82736406
  -0.31483313 -0.52026358  1.5000617  -1.17346847  0.0959211  -1.5547209
   0.37158085  0.53298357 -0.88382967 -0.19329801  0.48609522 
  -0.58156691 -0.66340214  0.85186811 -1.06178615  1.73318131 -1.204785
   0.06553252  1.73459079 -1.69716486 -0.79997737  0.86143561  0.3992899
   0.54858842 -0.67654673 -0.31422333 -0.32443027 -0.37150857 
  -1.37283321 -0.04216884 -1.16680544  1.7457034  -0.96472699  0.73092665
   0.15295173 -0.89280395  1.49814749  1.58171005  1.21327528 -1.45213915
   0.56641413 -1.00558173  0.34007105 -0.15962376 -0.47659722 
   1.42609152  1.21129471 -1.24087211 -0.38767976 -2.42070249 -0.49892027
   0.85775607  0.24025886  0.93110037 -2.15597826  1.98191146 -0.2625891
  -0.12902904 -0.18977015 -0.51198651 -0.1289045  -0.24882151 
   1.08177392 -0.1505749  -1.26230974 -0.40815861 -1.07747399 -0.46982341
   1.71579796 -2.54113604  0.00380727 -0.42371676  0.83561716  1.1734513
  -0.06142148  1.00823537  0.82253681  0.27444935 -0.63331689 
  -0.7900878  -0.70999846  1.51386959 -0.15202382  1.10871783  1.22337564
  -1.78691703 -0.60694809  0.18634161 -0.6523335  -2.31187113  0.57560198
   1.30092404 -0.77500893  0.18633311  1.57769297 -0.13972625 
  -0.67413975  2.0683893   1.13097564  0.18573156 -0.51166348  1.80414936
  -0.45678802 -0.32789484 -0.94535159 -0.8345587  -0.549525   -0.43218318
  -0.83840211  0.52310792 -0.09444551  0.36995139 -0.39862846 
  -0.25024789 -1.33177545 -0.69066224  0.22075961  0.67014902  2.1185145
  -0.57661879  0.52652309  0.54699926 -1.53936827  0.90823798 -0.21489636
  -1.19275518  0.11767338  1.32965166 -1.05197396  0.15178841 
  -0.12947852  1.30549542  0.53023922 -0.49572015  0.32594158 -0.88672803
  -2.06330814 -1.48390542  0.1996998  -0.4192369   0.14600019  0.55477612
   0.54372953  0.35590371 -0.14409053  0.72089473  0.1685057  
  -1.25157197  0.08255892  2.2435529   1.21851049  0.81537221  0.33956615
  -1.0707307  -0.97190427 -0.34739649  0.5748764  -1.27350073 -0.95078775
  -1.0920052   0.91862159  0.83426176  0.59995344  0.28338808 
   1.15797094  0.91666691 -0.77932153 -0.2876908  -0.61409622 -0.12021711
  -0.80131042 -0.25704196  1.18718632  1.0224813  -1.52127722 -1.17085458
  -0.26057298 -1.12886701  1.75784117  0.18382699 -0.42677688      2.50798159e+00  -5.36001648e-01  -1.82244553e-01  -1.71342360e+00
   -2.56239828e-01   3.62495768e-01  -3.06192592e-01  -8.10985449e-01
    4.23228915e-01   1.19827486e+00   5.04267813e-01  -2.37612089e+00
   -9.38045857e-01   1.72072341e-01   3.17943347e-01  -1.38551905e+00
   -5.61955431e-01   4.06505988e-01  -8.91773587e-02   8.37720314e-01
   -4.52793589e-01   2.48464935e+00   4.36660483e-01   1.72988140e+00
   -2.39869508e+00  -9.85836984e-01   5.79731944e-01  -1.35493717e-01
   -3.78474948e-01  -1.99728750e-01   8.68246189e-01  -1.64682580e+00
   -2.95824046e-01 
    4.69296361e-01   1.68050288e-01  -3.37251761e-01   5.57944137e-01
    8.84377773e-01  -2.64081631e-01  -1.24119840e+00   1.02812424e+00
   -2.04731136e+00  -6.00495914e-01  -8.15497327e-01   4.72608576e-01
    1.71867959e+00   3.11275795e-01   1.97781753e+00   5.97015846e-01
   -1.29677633e-01  -6.21488978e-01   2.01091346e+00  -1.47675036e+00
   -1.79055790e+00   2.64485124e-01   3.32278563e-02   3.87811793e-01
   -1.57374352e+00   7.30622195e-02   1.01132079e+00  -2.99121983e+00
    1.24241137e+00  -1.39452545e+00   5.95367536e-02  -1.04791437e+00
    1.20673292e-01 
    8.86169660e-01   3.41707631e-01   2.32954430e+00   4.13694552e-01
   -1.87266519e+00  -5.71020518e-01  -1.12216841e+00  -9.32760813e-01
    1.46357720e+00   1.29603127e+00   1.54245555e-01  -4.74777629e-01
   -1.31795752e+00   5.17189133e-01  -1.41055571e-01  -1.07662083e+00
    2.29900095e+00  -3.34078060e-01  -1.19601705e+00   1.01760812e+00
   -1.29680087e+00  -1.76119481e+00  -7.57241391e-01   1.12533269e+00
    1.16025961e+00   1.33890358e+00  -1.84631001e+00  -8.79032222e-01
    1.44603737e+00  -5.60621727e-01  -2.69258785e+00   6.73803662e-01
   -4.04135076e-01 
   -7.97683812e-01   7.44145427e-01  -1.25246989e+00  -8.89537099e-01
    1.21467772e+00   1.11524266e+00   1.17407524e+00   2.82673874e-01
    1.17035748e-01  -8.71966625e-01   2.00691144e+00  -2.22195225e+00
    6.72175664e-01  -8.86354648e-01  -2.89319227e+00  -4.66945785e-02
    3.41774500e+00  -3.87332023e-01   1.14900523e+00  -1.65467309e+00
   -1.24120617e+00   7.27972656e-01   8.29246808e-01  -2.43459304e+00
    5.42034512e-02   3.13222465e-01   4.89688860e-01  -3.58178131e-02
   -2.76737316e-01   3.02257960e-01  -1.67897207e+00  -1.94045561e-01
   -1.26000309e-01 
   -1.01892567e+00  -8.90964855e-01  -1.67273552e+00   2.95139350e-01
    2.91260355e-01  -1.09089170e-01   4.56805476e-01  -8.72085975e-01
   -4.88909999e-01  -2.40008747e+00   1.31481091e+00  -3.41081564e-01
   -4.17045159e-01  -2.26985662e+00   2.34169781e+00  -6.18078148e-01
    4.56867382e-02  -1.42635495e+00   2.58750454e+00   9.04927553e-02
    1.59502390e+00  -1.10955719e+00  -2.45485343e+00   1.91247120e+00
    1.65156920e+00   1.56864357e+00  -1.42454629e+00  -4.62885142e-01
   -1.21529927e+00  -6.42181213e-01  -7.90089650e-01   7.64824273e-01
   -3.02484657e-02 
    6.42279538e-02  -4.72976605e-02   5.83175205e-01   9.35463146e-01
    7.29747936e-01  -4.95848934e-01  -1.91402197e-01  -3.18325439e+00
    7.67606015e-01  -2.49268172e-02   1.12225039e-01  -2.01871889e-01
   -3.60461962e-01   1.73013452e+00  -1.10695730e+00  -1.68703061e+00
   -8.08215856e-01   2.50842093e-01  -4.20038347e-01  -2.55256068e+00
    4.07892945e+00   4.82067591e-01   8.23086982e-01  -5.65670998e-02
   -2.99589351e-01   2.42216890e-01  -1.47172151e+00  -1.37730116e+00
   -2.91439441e+00   6.12008229e-01  -4.50359053e-01  -1.17906011e-01
    2.07874221e-02 
    4.22504522e-01  -3.06351108e-01   6.59573306e-01  -1.31550171e+00
   -5.60875096e-01  -9.42171653e-01   1.35934600e+00   7.77365891e-01
   -1.79201174e-01  -2.28065026e+00  -4.78019096e-01   1.68109376e+00
    3.19674500e+00  -1.21531959e+00  -8.09043348e-01  -3.44719490e+00
   -9.66317646e-01   6.99531646e-02  -5.61842319e-01   5.41479160e-01
   -8.53668563e-01  -5.21378391e-02  -4.77160795e-01  -5.20412535e-01
   -1.71382941e+00  -1.52944639e+00   1.07254016e+00   4.83753583e-01
   -2.06449273e-01   2.51685446e+00   2.40734641e-01   5.75411492e-01
   -2.70436460e-01 
    7.82449439e-02  -7.71654794e-01   1.83042094e+00  -5.30985829e-01
    1.17484299e+00   5.68481556e-02  -8.17355239e-01   4.09756485e-01
    2.49233331e-01   3.24639643e-01  -3.60297155e+00  -2.86749605e-01
   -4.20117440e-01  -6.96733010e-01  -4.00615360e-01   2.03153293e+00
   -1.67032150e+00  -6.18050874e-01  -2.09379247e+00   8.51410570e-02
   -2.40557427e+00  -5.87361075e-02  -2.42861835e+00   2.62787350e-01
   -1.97976077e-01   2.49179669e+00   7.10470716e-01   6.46822780e-01
   -1.54161348e+00   1.37357698e+00   6.22324804e-01  -3.34971958e-01
   -3.04865500e-01 
   -1.40659629e+00   1.80213879e+00   9.19126551e-01   8.60251020e-01
   -1.71895233e+00  -1.39297199e-01   9.62121602e-01  -1.95880731e+00
    1.50477491e+00   7.67273990e-02   1.94466480e-01  -1.21219908e+00
    9.85801381e-01  -1.31770705e+00   1.85445933e+00   1.47538756e+00
   -1.04567040e+00  -1.54665440e+00  -4.52975359e-01   5.33597520e-01
   -1.33038268e+00  -1.31428280e+00   1.82982600e+00  -1.65596564e+00
   -1.03458808e+00  -6.57853271e-01   5.98903656e-02   8.04792775e-01
   -8.27105987e-01  -2.11385164e-01   1.04889849e+00  -1.42804546e+00
   -4.60299385e-01 
    6.66449772e-01  -5.06365674e-01  -4.62448184e-01  -9.61446235e-01
   -1.83521061e-01  -1.62649288e-02  -7.41989327e-01  -2.16071557e+00
   -1.98799161e+00  -1.77411621e+00  -1.62299265e+00   1.10774605e+00
   -1.72145760e+00  -1.34276103e+00  -2.72538834e-03  -7.51234747e-02
    7.17334951e-01   7.26172205e-02  -1.84197926e+00   1.75304520e+00
    9.75822089e-01   1.08672935e+00   8.48058629e-01  -2.26087678e+00
    2.42127353e+00  -1.29592722e-01   1.08801816e+00  -9.03462260e-02
    1.76596728e+00   1.64315561e-01  -7.34165809e-04  -1.29865505e+00
    4.60741747e-02 
   -6.38706873e-01  -1.76188329e+00   2.02466711e-01   6.63980790e-01
   -5.94832952e-01   6.71269888e-01  -8.60359067e-01  -2.13472789e+00
   -9.05127266e-01  -5.30486110e-02   9.30866098e-01   6.90994564e-01
   -2.48392869e+00   1.81443484e+00  -3.15164331e-01   1.83722975e-01
    8.80222922e-01  -1.00749666e+00   6.10612333e-01   1.34814974e+00
   -5.15395167e-01  -8.38699692e-01  -1.02918752e+00  -2.11440290e+00
   -1.75579250e+00  -1.52655716e+00   2.53721172e+00   6.37694010e-01
   -8.57335689e-01  -5.75019944e-01   1.09664889e+00   1.91173410e+00
   -1.57221498e-01 
   -1.39819706e+00   3.11873952e+00  -7.86758313e-01  -2.23566549e+00
   -1.69092738e+00  -6.96025546e-01  -8.93994272e-01   4.16760242e-01
    9.48417429e-01  -1.80872086e+00  -2.16612432e+00  -5.22193404e-02
   -9.26849539e-01   1.42601816e+00   3.31034493e-01   1.21917787e+00
   -6.81105760e-01  -3.79477815e-01  -6.08034594e-02  -5.49074782e-01
    8.26596218e-01   1.77633575e+00  -3.79225271e-01   6.90187551e-01
    9.65309180e-01  -1.83110078e+00  -1.05800054e+00   1.01989823e-01
    5.15761114e-01  -5.97683032e-01   8.11598488e-01   9.51423028e-01
   -3.07961471e-01 
   -4.78039089e-01  -5.54534457e-01  -2.27406958e+00  -1.67524168e+00
   -1.69945764e+00   6.76197277e-01   3.05837461e-01  -2.14199051e-01
   -2.82477181e-01   2.24543363e+00  -2.69996744e-02   1.75784801e+00
   -1.07170542e+00  -8.99039444e-03  -1.81551982e-01  -1.17522499e+00
   -4.71206690e-02  -9.08344954e-01  -1.59064821e-01  -9.94254633e-01
    6.10919912e-01  -4.07368989e-01  -6.99960134e-01  -6.24487478e-01
    1.11534714e-01  -3.66008949e-01  -1.34545385e+00   3.87505192e-01
    1.20634803e+00  -9.89125484e-01   1.46403099e+00  -3.88642342e-01
   -1.40995412e-01 
   -3.44005926e-01  -6.09821411e-01   5.78214856e-01   1.47013402e+00
   -1.85940488e+00   9.23762641e-01  -2.27869795e-01   5.51341990e-01
    7.91242428e-01  -5.46811879e-01  -8.53828034e-01   2.78819964e-02
   -1.49448314e+00  -4.11443183e-01  -2.04104418e+00   1.52573412e+00
   -2.21233579e+00   1.29278447e-01   6.82358025e-01  -5.74390224e-01
    5.06625139e-01  -6.37266282e-01   1.03283005e+00   1.57050612e-01
    3.48615048e-01  -1.74041034e+00   7.74631807e-01  -1.05529250e+00
    2.69949847e-01  -7.57286233e-01  -6.57156675e-01   5.57630385e-01
   -2.94118530e-01 
   -7.81442919e-01   1.35050656e+00  -3.50252338e-02  -8.91107016e-01
   -1.00224124e+00  -2.09114556e-01   7.06854195e-01   8.39534125e-01
   -4.56040237e-01  -1.60888440e-01  -5.28385334e-01  -5.66154284e-01
    2.40078888e-01   3.34718958e-01   1.03929015e+00  -9.16749277e-01
    5.23288388e-01   6.59540645e-02  -6.71210533e-01   2.59478008e-01
   -2.41817971e-01   5.89306147e-01  -5.35796997e-02  -2.59538784e-01
    8.47534473e-01  -1.19561316e+00  -5.44066932e-01  -2.18630702e-01
   -1.05198563e+00  -1.23208767e-01  -1.36477307e+00  -1.80565715e+00
   -7.44786559e-01 
   -3.93524018e-01  -1.05749098e+00  -1.50986581e+00   7.95623505e-01
    8.70853043e-01   6.26504704e-01  -3.72014543e-01  -3.06279697e-01
    7.68771437e-01   8.09129981e-01  -1.72393801e-01   7.80893327e-02
   -4.33554992e-01   9.15256186e-02  -6.56261011e-01   1.79557805e-01
   -1.56597252e-01  -1.10425376e+00  -4.99810222e-01   1.00468299e+00
   -7.92830560e-01   2.81161929e-01  -2.41503213e-02  -1.11458075e+00
   -4.68663454e-01  -1.11802469e+00  -1.01399849e+00  -2.80310744e-01
    6.73632037e-01  -3.91980980e-01  -6.28617704e-01  -3.21673080e-01
   -1.39428481e-01  