NN 16 32 16   -3.98483751e+00  -1.18862076e+00   6.78613079e-02   6.26310767e-01
    2.75666829e+00  -8.92546384e-01  -2.08997329e+00  -2.29404715e+00
    3.56617621e+00  -1.29726174e+00  -2.28910166e-01   2.49517441e-01
    9.36290479e-01  -1.58549122e-01   3.42006296e-01  -5.80442067e-01
   -8.59841694e-01 
    7.29165446e-01  -6.21868012e-01  -3.38051726e-01  -4.53536157e-03
    8.85968448e-01  -2.27878547e-01   3.32165166e-01   4.92682602e-01
   -2.86881635e+00   7.80358595e-01   2.35648146e+00  -4.08039227e+00
    8.91461533e-01   7.24653282e-01  -2.29256852e+00   1.39352327e+00
    6.62347832e-01 
   -1.06892989e+00   1.92005028e-01  -2.59696420e+00   7.76453430e-01
    2.95998789e+00  -1.71945118e+00  -6.87035812e-01  -9.08714186e-01
   -9.16216690e-01   7.39796156e-01  -4.66127244e-01   2.35465829e-01
    1.52334907e+00  -6.16462539e-01  -1.96370255e-01   2.21543741e+00
    2.54085674e-01 
    1.75234537e+00  -8.84297970e-01  -1.42729629e+00   9.83761680e-01
    1.60266205e-01  -1.09730102e+00   8.13489132e-01  -5.06493854e-01
   -1.73485601e+00   8.43126480e-01  -1.59824771e+00   1.71392370e+00
    1.74161953e+00  -1.74871364e+00   1.22658753e+00  -2.06816794e+00
   -2.21164779e-01 
   -1.22574841e-01  -1.82617199e+00   1.41038966e+00  -1.38078963e+00
   -6.34393813e-02  -7.47794256e-01  -2.23910672e-01  -2.16434063e+00
    1.20226164e+00  -5.45238759e-01   1.34887154e-02   2.10889403e+00
    1.54913814e+00   2.20881781e+00  -2.54996242e-01  -1.55509321e+00
   -7.57419602e-01 
   -4.09063165e-01   1.25554604e+00   2.02949342e+00  -1.20205453e+00
    8.03439166e-01   1.23071344e+00   2.21640492e+00  -4.92826199e-01
    1.93321178e-02  -1.89828233e-01  -2.13414948e+00   5.15816708e-01
   -8.30220141e-01  -1.43577479e+00  -4.28321925e-01   3.62877471e-02
    1.58041892e-01 
    1.07394814e+00   1.56512202e+00   1.72802899e+00  -1.98789303e+00
   -1.27944557e-01   2.58533842e-01  -2.02056221e+00   1.62358070e+00
   -4.95326778e-01   6.54809356e-01   9.23261679e-01   2.46075734e-01
   -1.01781568e-01  -4.36810370e-01  -1.43678490e+00   8.53660813e-01
   -7.14427612e-01 
    9.47000748e-01  -1.35237481e+00   1.31517217e+00  -2.81114031e-01
    6.61102979e-01   4.31132229e+00  -2.37462095e+00  -4.62242697e-02
    2.72056109e+00   2.53649822e+00   2.80441636e-01  -3.79071563e-01
   -5.87489452e-01  -2.77861150e+00  -1.41757141e+00  -9.51288161e-02
   -6.43660886e-01 
    7.29258232e-02   2.82338537e+00  -6.26612323e-01  -1.22207780e+00
    6.97036614e-01  -1.27635365e+00  -1.16616258e+00  -3.06842613e-01
   -1.75948186e+00   2.43999781e+00   1.50385022e+00  -1.15111775e+00
    1.00034315e+00  -1.91815826e+00   1.49155729e+00  -1.73144422e+00
   -1.28976141e-01 
   -1.36603249e+00  -1.29559785e-01  -7.10225245e-01   1.03867108e+00
    1.77599033e+00  -8.03682845e-01   1.41521269e+00  -7.34226510e-01
   -1.19302072e+00   8.41406373e-01   9.41899227e-01   2.22072685e+00
   -2.93369315e+00   4.64750031e-01  -7.62877138e-01  -1.33771730e+00
    4.16143765e-01 
   -7.18616536e-01   5.44615918e-01  -4.87105632e-02  -2.78607033e+00
   -2.47539015e+00  -1.55928992e+00   3.06038779e-02   4.43185603e+00
   -1.42272113e+00   4.37002760e-01  -3.48237037e-01   3.17739576e+00
   -1.15863545e+00  -4.32112301e-01  -1.18200962e-01   3.08197352e-02
   -6.39984016e-01 
    3.14758010e+00  -7.81023054e-01   2.08654127e-01   2.03073891e+00
    1.66983325e+00  -8.56272132e-01  -1.25624253e+00   6.42784818e-01
    2.87548048e-01  -1.29691763e+00   4.86754748e-01  -5.74299714e-01
   -3.07374403e+00   4.83433420e-01   1.09975625e+00  -1.13488879e+00
   -3.12935196e-01 
   -9.94912178e-02  -2.65547052e+00   1.58225807e+00   2.10378686e-01
   -6.92463106e-02   2.03259192e-01  -3.52243139e+00  -2.29180269e-01
   -1.79680267e+00   1.22621464e+00   3.11017033e+00   6.39244967e-02
   -4.75459299e-01   1.29112698e+00  -5.54927642e-01  -7.56507410e-01
   -1.32709748e+00 
   -6.39609138e-01   5.59839336e-01  -4.85400981e-01  -3.96204445e-02
    2.36689042e+00  -2.11442705e+00   1.16770820e+00   1.03066965e+00
    1.06528863e+00   1.55296860e+00  -2.34584087e+00  -1.73324821e+00
   -1.19012007e+00   2.54826576e-01  -4.32917474e-01  -1.27035060e-01
   -1.63208995e-01 
    1.78372280e+00  -1.86942610e+00   6.37752284e-01   3.21016604e+00
   -2.29521755e+00   6.74334478e-01   4.15452483e-01  -9.12616726e-01
   -1.56115815e+00  -8.39853043e-02  -5.34200852e-01  -2.28014904e-01
    7.60584926e-01   2.44183843e+00  -2.21788830e+00  -1.85435329e-01
    6.16445128e-01 
    1.57631938e+00  -1.16582260e+00  -3.56705031e-01   1.54655833e-01
   -2.57543131e-01  -1.79096169e-01   3.23222960e+00  -3.01957838e+00
   -1.05952952e+00  -1.06505444e+00  -5.35871434e-01  -9.46263338e-01
    1.20123232e+00  -2.04022334e+00   9.46761081e-01   6.62642045e-01
    5.47369790e-01 
    1.58101471e+00   7.51953483e-01  -3.10008145e+00  -4.55524252e+00
    1.30234365e+00  -7.30120185e-02   4.79048055e-01   1.51142337e+00
    6.63446927e-01   3.46762545e-01  -7.98373490e-01  -1.30556438e+00
   -3.38378500e-01   1.57777535e+00  -5.88674648e-01   1.20732915e+00
    2.64886529e-01 
   -1.63827472e+00   5.82365029e-01  -2.19330303e-01   2.62522558e-01
    7.12664439e-01  -1.89911747e+00   4.16921279e-01   1.90742800e-01
    1.42482608e+00  -1.02706695e+00   1.35732483e+00   3.44263526e-01
    8.73372159e-01  -1.14322855e+00  -7.67461826e-01   1.23429236e+00
   -7.36130679e-01 
   -1.54408526e-01  -2.46414862e+00   2.14068705e+00   7.53015608e-02
   -2.42567552e+00   1.14214406e-01  -4.17897060e-01   1.79362042e+00
    2.20879047e-01   1.70020400e+00  -1.75478040e+00  -6.33387217e-01
    5.36156504e-01  -1.14313328e+00   5.99892505e-01   6.36261294e-01
    9.64082037e-02 
   -1.35209590e+00   4.67687825e-01  -7.91943618e-01   2.34493620e+00
   -7.73582966e-01   1.88308015e+00   1.24689626e+00  -1.74831171e+00
    7.02617870e-04  -1.75812867e+00  -3.42650257e-01   7.43711190e-01
    1.82659556e+00  -5.45188270e-02  -2.55651488e-01  -2.43686751e+00
    3.83162975e-01 
   -1.40309055e-01   2.77453590e+00   1.32683682e+00  -6.84665903e-01
   -1.05178317e-01  -4.88890908e+00   1.35413032e+00   3.51931408e+00
    1.34905304e+00  -2.58186834e+00   7.47154995e-01   9.57462985e-03
   -3.85268771e-01  -8.38255889e-01   8.51317414e-01  -3.47657376e-01
   -2.62049902e-01 
   -2.70440277e+00   8.73094693e-01   2.17306790e+00   7.27900611e-02
    1.74084027e+00  -9.43339676e-01  -1.47804119e+00  -1.34347913e-01
    2.40054171e+00  -1.01246994e+00   3.80342515e-01  -1.66977278e+00
    5.30166889e-01   6.22407314e-01  -1.07144883e+00  -3.64651392e-01
    7.62624364e-01 
   -1.67828163e-01  -7.01888709e-01   6.35800102e-01  -8.76241641e-01
    2.49204175e+00  -1.06601796e+00   1.52079012e-01   2.49371090e+00
   -2.69753674e+00  -7.98811010e-01   1.39502712e+00   9.83851844e-01
    3.12883153e-01  -8.15623375e-01  -5.01029629e-01  -1.25866950e+00
   -3.75332778e-01 
   -2.08166764e+00   2.02480977e-01  -1.39188185e+00   2.08968456e+00
   -1.04312195e+00   1.26102678e+00   9.10536087e-01  -6.71504022e-01
    9.63909431e-01   1.45437809e+00   1.92389135e+00  -1.60703713e+00
    9.36668531e-01  -1.40364387e+00   6.48386784e-01  -3.40643445e-01
   -6.21012415e-01 
    2.06597648e+00   1.70590554e+00  -2.31298813e+00  -1.29728336e+00
   -3.78764747e+00  -1.73048789e+00   8.22672924e-01   6.85752857e-01
    1.41978183e+00  -2.37123172e+00   1.87227607e+00  -1.62316899e-01
    7.67271931e-01  -3.89044369e-01  -8.00091027e-01   1.34448206e-01
   -1.71158492e-01 
    1.86438392e+00   4.59424531e-01  -2.24915251e+00   1.34412861e-01
   -1.07526305e+00  -5.87018163e-01   2.87975563e+00  -3.07084443e+00
   -2.49900096e-01  -2.77330224e-01   2.28247472e-01   8.59192438e-01
   -1.21011051e-01   1.36219604e+00   7.55478918e-01   1.36024472e+00
   -4.70442327e-01 
   -6.63094841e-01  -2.71824471e-01   2.01621841e+00  -2.03424853e-01
    1.88915224e+00   2.12537920e+00  -3.44823567e+00   3.82936943e-01
    4.59743642e-01  -9.10869551e-01  -3.40760723e+00   1.01362223e-01
    2.08853994e+00  -1.45339394e+00  -9.82437329e-02   3.35724611e+00
   -2.36468670e-01 
   -6.54291180e-01   3.03382369e+00   1.22564655e+00   2.48675145e-01
   -1.46520554e+00   1.84169039e+00  -7.41135051e-01   1.87283534e-01
   -9.00792470e-01  -2.45424183e+00  -1.38330739e-01   2.54730272e-02
   -9.23228873e-01   6.73708230e-01  -1.01092593e-01   7.99420143e-01
   -6.00840046e-01 
   -1.08824741e-01  -1.04861595e+00  -1.30779177e+00   1.29078390e-01
   -7.63491299e-02   2.63914166e+00  -7.65920035e-01   8.96931668e-01
    2.90357387e-01  -2.88549794e+00   1.24238808e+00  -1.61508751e-01
   -1.49121215e+00   1.11944938e-01   3.37607367e+00  -1.58100173e+00
    7.48097638e-01 
   -1.60486974e-01   2.67632999e+00   1.84521524e-01  -9.75447316e-01
    1.03323947e+00  -1.75686599e+00  -2.51706994e+00  -1.18926455e+00
   -5.25324070e-01  -9.57147182e-01  -1.19809800e-01   1.01046548e+00
    7.77894583e-01   5.77506254e-01   2.79843377e-01   1.05757247e+00
   -9.08767609e-02 
   -8.41405504e-01   7.59569081e-02   3.19600321e+00   1.70179662e+00
    7.65334460e-01   5.29775091e-01  -2.11155218e+00  -1.39855909e+00
   -7.56613964e-01   6.69130554e-01  -2.20007794e+00  -1.51653454e+00
   -1.94572046e+00   1.77930581e+00   1.81682212e+00   1.20380232e+00
    2.36277656e-01 
    1.60635743e+00   9.75567742e-01  -1.08625096e+00  -2.70454453e-01
   -9.50003735e-01  -1.88924211e-01  -4.76359055e-01  -6.29269764e-01
    1.78802665e+00   1.74366889e+00  -2.45972487e+00  -2.16552002e+00
   -5.00996931e-01  -1.87006876e+00   2.47615601e+00   8.39682124e-01
   -5.84725634e-01      3.69253293e+00  -1.06849805e+00   4.50088371e-01  -2.05595264e+00
   -9.28847694e-01   1.61434538e+00  -8.34932392e-01  -1.19579908e+00
    4.48946134e-01   7.75597573e-01  -1.36932827e-01  -3.22200899e+00
   -8.63131314e-01   6.60070881e-01   1.00832800e+00  -1.40345125e+00
   -1.59967725e-01   4.55347306e-02   8.38447512e-02  -2.17729203e-02
   -2.36304223e-01   1.80389215e+00   8.03503037e-01   2.15997962e+00
   -1.41308255e+00  -7.63184889e-01   2.34181388e-01  -9.32420596e-02
    7.93738051e-02  -2.30816958e-01   1.42491515e-01  -1.22151994e+00
   -1.87725718e-02 
    6.82839603e-01   4.65071834e-01  -2.99542037e-01  -2.95700023e-01
    1.06136337e+00  -4.05602871e-01  -1.27260755e+00   1.01816059e+00
   -1.96235751e+00  -3.80147175e-01  -8.44582264e-01   1.78065464e-02
    1.16977871e+00  -9.13939600e-02   1.45050669e+00  -8.45751419e-02
   -8.36266990e-03  -1.23083712e+00   2.02619295e+00  -2.10022639e+00
   -1.50165188e+00   1.90326436e-01   3.00795755e-01   8.15186992e-03
   -1.32923165e+00   6.90454100e-01   7.97958715e-01  -4.57435380e+00
    1.44707824e+00  -1.61234657e+00   1.72506318e-01  -1.07868303e+00
    2.81807349e-01 
    7.06060355e-01  -6.98812088e-02   2.85778733e+00   1.15046047e+00
   -1.74306225e+00  -2.04210242e+00  -1.20516384e+00  -9.11304912e-01
    1.33440088e+00   1.07971186e+00   3.43490222e-01   5.55805288e-01
   -2.00926927e+00  -6.63507197e-02  -4.92851760e-01  -1.23656305e+00
    2.17103367e+00   9.73197890e-02  -1.43182996e+00   1.42952771e+00
   -1.27992559e+00  -2.37344743e+00  -9.46912350e-01   1.25459561e+00
    1.29574566e+00   7.44558041e-01  -2.49858634e+00  -4.76951974e-01
    2.29190962e+00  -3.48911453e-02  -2.22508734e+00   8.31978652e-01
   -3.22800098e-01 
   -1.47264044e+00   2.91127898e-01  -1.45299348e+00  -1.09263559e+00
    1.90739765e+00   1.20904095e+00   1.24568798e+00   1.41851292e-01
    6.82172179e-01  -8.22150259e-01   2.85111531e+00  -1.97539804e+00
    3.40714642e-01  -8.43856450e-01  -3.23787923e+00   2.12923074e-01
    3.91350959e+00  -1.52801344e-01   3.73699781e-02  -2.33727698e+00
   -1.04292708e+00   5.03139492e-01   7.79444563e-01  -2.92795098e+00
    5.23225045e-01   5.28311214e-01   4.60209364e-02   2.90945670e-02
   -3.83693305e-01   3.20197555e-01  -1.64062169e+00  -4.42058075e-01
   -2.01767502e-01 
   -1.95132362e+00  -1.21900724e+00  -2.23256717e+00  -5.55829475e-01
    4.98679163e-02  -4.91140943e-01  -4.74462293e-02  -1.11361307e+00
   -2.13484994e-01  -3.03979287e+00   1.55317232e+00  -5.84620929e-01
   -1.36721857e-01  -2.56586129e+00   3.05509599e+00  -1.82001752e+00
   -1.05602618e-01  -1.54460732e+00   2.66583361e+00  -3.79910517e-01
    1.34086386e+00  -1.09420000e+00  -3.40257785e+00   2.22394549e+00
    1.90423995e+00   1.22531037e+00  -1.49069740e+00  -9.03819437e-02
   -2.85499308e-01  -1.36810098e-02  -1.10397985e+00   1.90318783e+00
   -1.18203473e-01 
   -1.54798529e+00  -2.76896369e-01   7.82468614e-01   3.40935226e-01
    1.18297126e+00  -6.37420201e-01  -4.87111132e-01  -3.63691822e+00
    1.15604189e+00   1.90296355e-01  -2.65583163e-01   4.16594346e-01
   -9.86840911e-01   1.94254801e+00  -8.09739891e-01  -2.05173116e+00
   -1.38367075e+00   7.01642832e-01  -1.94291957e-01  -2.51312729e+00
    4.31731763e+00   5.14610166e-01  -1.26058961e-01  -3.11221011e-01
    5.17460782e-01   6.13489746e-01  -1.18214679e+00  -1.73384105e+00
   -3.76227647e+00   8.89904727e-01  -1.06976307e-01   3.79104244e-01
    4.23745790e-02 
    8.64613870e-01  -1.45447497e+00  -6.34877143e-02  -8.91160106e-01
   -1.30225857e-01  -2.50998554e+00   1.01784952e+00   1.06360011e+00
    5.21342180e-01  -2.07082447e+00  -7.41664428e-01   2.82061411e+00
    2.93718153e+00  -1.61772021e+00  -1.03163927e+00  -3.98558501e+00
   -8.43273523e-01   2.44716384e-02  -1.04268586e-02  -7.39972526e-01
   -7.92046600e-01  -1.76743136e-01  -3.78697452e-01  -7.98260968e-01
   -1.47153659e+00  -2.07454058e+00   8.85016245e-01   4.48697087e-01
    4.03065090e-01   2.77070891e+00   1.04523836e+00   2.68531952e-01
   -4.81721325e-01 
    1.58460160e-01  -6.73561770e-01   2.09703249e+00  -6.78172297e-01
    1.75590265e+00   1.92476524e-02  -1.02489331e+00  -2.26112875e-01
   -2.93301064e-01   5.05722078e-01  -4.38943720e+00   1.17077889e-01
    8.90245051e-02  -1.94031847e+00  -5.35364773e-01   2.33996461e+00
   -2.57590852e+00  -5.60993659e-01  -2.34370394e+00  -1.68915465e-01
   -2.74617859e+00  -7.60568170e-02  -3.03824637e+00   3.76385537e-01
   -2.86973188e-01   3.49764745e+00   3.43070905e-01   8.13631328e-01
   -1.35395770e+00   7.70070151e-01   1.07468021e+00  -1.27393613e-01
   -1.11537068e+00 
   -2.13301443e+00   2.47458449e+00   1.16596648e+00   1.50658636e+00
   -2.01469269e+00  -2.36634974e-01   1.26263061e+00  -2.38230287e+00
    2.34815829e+00   3.11572028e-01   7.81099553e-01  -1.61949113e+00
    1.11403843e+00  -1.69523162e+00   1.91214473e+00   1.24701733e+00
   -7.17419237e-01  -2.56692461e+00  -3.27737258e-01   5.33285021e-01
   -1.56861764e+00  -1.81985231e+00   2.15984759e+00  -1.29666549e+00
   -1.95678110e+00  -3.43694627e-01   5.79853498e-03   3.94837857e-01
   -1.39706318e+00  -5.21634986e-02   1.53195472e+00  -1.94860221e+00
   -5.56555763e-01 
    1.19837255e+00  -9.94613627e-01  -9.46922318e-01  -1.55226307e+00
   -7.59556908e-02   1.07359946e-01  -1.04617532e+00  -2.55009460e+00
   -2.64200396e+00  -2.59482182e+00  -1.89374084e+00   1.96389185e+00
   -2.55418084e+00  -1.46940239e+00   2.69599709e-01   1.76216856e-01
    5.59289167e-01  -5.92806731e-02  -2.27781336e+00   1.69743556e+00
    1.33278044e+00   1.28687437e+00   5.66578146e-01  -2.53521412e+00
    2.68083622e+00  -9.23259456e-01   2.12136862e+00   5.43581937e-01
    2.68368848e+00   4.64576852e-01   1.85504599e-02  -2.01883712e+00
   -4.62219229e-01 
   -3.49562656e-02  -2.91967838e+00   4.36153039e-01   9.53413450e-01
   -6.09884643e-01   1.40182078e+00  -1.19660338e+00  -2.29070024e+00
   -1.84386187e+00  -1.91177072e-01   1.19541501e+00   1.08694419e-02
   -2.67124315e+00   1.91039990e+00  -3.47645754e-01   3.01145568e-01
    4.40153221e-01  -1.36347911e+00   1.07653819e+00   1.62009547e+00
   -7.72681813e-01  -1.34825393e+00  -1.43145925e+00  -2.86210771e+00
   -1.62761777e+00  -1.62030390e+00   3.62723982e+00   1.04828223e+00
   -1.20646263e+00  -3.32839239e-01   1.59323681e+00   2.68691066e+00
   -5.41819246e-01 
   -1.17792158e+00   4.57978951e+00  -1.41974520e+00  -2.58915412e+00
   -2.17153842e+00  -1.22213361e+00  -1.17631530e+00  -6.25981742e-02
    1.04502394e+00  -2.38747425e+00  -2.71036066e+00   3.95017166e-01
   -6.38680182e-01   1.31507500e+00  -2.63986769e-01   1.64460084e+00
   -7.01497023e-01  -5.75101849e-01  -3.08182890e-02  -8.65306034e-01
    7.63612430e-01   1.82002643e+00  -6.72914569e-01   9.84626684e-01
    4.70678326e-01  -1.66444209e+00  -1.48901987e+00  -4.08079547e-03
    1.15765392e+00  -9.41662480e-01   1.80939951e+00   1.24742012e+00
   -6.62277778e-01 
   -4.29313285e-01  -9.77608180e-01  -2.53367302e+00  -2.10873786e+00
   -2.13634708e+00   9.69909061e-01  -3.76536192e-02  -1.79882790e-01
   -6.95846557e-01   3.63155903e+00   1.29198283e-01   2.21636823e+00
   -9.80043800e-01   3.80614426e-01  -5.31040827e-01  -1.33159680e+00
   -1.11083979e-01  -1.09936028e+00  -4.16883441e-01  -1.49655036e+00
    3.34095637e-01  -3.46818271e-01  -8.95516286e-01  -6.85720977e-01
   -8.74604374e-02  -1.94705822e-01  -1.91399507e+00   5.13481943e-01
    1.60406297e+00  -1.24496270e+00   2.08906209e+00  -4.37615850e-01
   -1.95719197e-01 
   -2.43302084e-01  -7.93115156e-01   5.12881833e-01   1.98037735e+00
   -2.37826371e+00   1.34576288e+00  -2.40493742e-01   1.12580527e+00
    9.64659952e-01  -7.46982017e-01  -9.36622053e-01   1.06579718e-01
   -1.71385871e+00  -7.39833312e-01  -2.70444989e+00   2.18048957e+00
   -3.06989734e+00   4.66984863e-01   1.02888249e+00  -8.31439042e-01
    8.47211185e-01  -5.81147526e-01   1.46921066e+00   3.75182517e-01
    2.50953522e-01  -2.08710230e+00   9.54482495e-01  -1.35594951e+00
    1.08267170e-03  -1.16129181e+00  -9.13741926e-01   7.47539085e-01
   -5.52216591e-01 
   -5.88430833e-01   2.23312010e+00   3.19424453e-01  -1.09961354e+00
   -9.83094210e-01  -2.08443382e-01   9.46607654e-01   1.55762211e+00
   -1.09844463e+00   2.36344978e-01  -1.02767191e+00  -6.43752633e-01
    2.35749194e-01   3.76788267e-01   1.99844727e+00  -1.18974653e+00
    4.74146836e-01   2.57062125e-01  -1.39805737e+00   4.27684185e-01
   -7.86967160e-01   9.83970713e-01  -3.75310911e-01  -3.67437217e-01
    9.80859190e-01  -1.25611564e+00  -3.97374489e-01  -4.00706026e-01
   -2.61322545e+00  -1.71055881e-01  -1.92061760e+00  -2.94633210e+00
   -9.68667220e-01 
   -1.61123349e-01  -1.78545496e+00  -2.38292127e+00   2.05842360e+00
    1.42000648e+00   9.18845714e-01  -3.97750100e-01  -4.93108923e-01
    2.12408948e+00   1.28966267e+00   1.94076713e-01   5.22269373e-01
   -4.97927519e-02   2.80149062e-01  -1.05529664e+00  -5.70889384e-01
   -2.26120487e-01  -1.88175689e+00  -9.14671309e-01   1.69307665e+00
   -4.27224710e-01   7.74268606e-01   4.51966923e-01  -1.54874273e+00
   -4.81283896e-01  -1.55443795e+00  -1.63062330e+00  -6.32840485e-01
    1.13960639e+00  -4.73070997e-01  -8.68402777e-01  -6.44962542e-01
   -1.52166303e-01  