NN 16 32 16   -2.64685464e+00  -4.49496443e-01  -6.25271810e-01   7.53726227e-01
    1.01157430e+00  -4.44994114e-01  -8.06821194e-01  -8.50555384e-01
    1.62331963e+00  -1.22019144e+00  -5.14329739e-03   7.87961257e-01
    5.77862538e-01  -1.80671239e-01   6.48806918e-02  -2.46987276e-01
   -6.61811768e-01 
    3.32377244e-01  -1.09271766e-01  -4.29526205e-01  -7.10247578e-01
    8.07418337e-01  -1.90917689e-01  -4.12986834e-02   5.31380957e-01
   -1.61530999e+00   5.84903374e-01   1.48830987e+00  -2.66083527e+00
    3.20719472e-01   6.47503314e-01  -1.09970596e+00   8.69096151e-01
    4.70184169e-01 
   -1.60558164e-01   7.56973462e-02  -1.91931677e+00   1.10681611e+00
    1.72864647e+00  -1.16613422e+00  -5.04433458e-01  -1.16664621e+00
   -9.21993809e-01   2.47989822e-01   2.32339653e-01   7.94623324e-02
    1.50675862e+00  -8.53083528e-01   4.10241071e-02   1.03237711e+00
    2.53777755e-01 
    1.22638230e+00  -6.96568260e-01  -5.88497093e-01   6.38448012e-01
   -3.56536499e-01  -8.12410781e-01   9.77906316e-01  -4.94961871e-02
   -1.13094328e+00   8.13578190e-01  -9.66019190e-01   1.33473552e+00
    1.28139351e+00  -1.54366260e+00   7.66740912e-01  -1.22119506e+00
   -4.30202757e-01 
   -2.77675914e-01  -1.08351561e+00   1.20314591e+00  -9.02535531e-01
   -4.96159333e-01  -7.01797511e-01  -9.88622347e-02  -1.29214147e+00
    1.35415760e+00   8.21092508e-02  -3.00077301e-01   1.44759182e+00
    1.34608172e+00   1.50801784e+00   2.43535296e-01  -1.12351120e+00
   -6.76035355e-01 
   -1.63594673e-01   6.75847532e-01   7.59885694e-01  -8.11086692e-01
    1.28215585e-01   9.35271511e-01   8.95824059e-01   1.42798802e-01
   -2.00739722e-02  -2.95861871e-01  -8.64977133e-01   6.77358180e-01
   -6.16161177e-01  -1.03478461e+00  -1.52880547e-01  -1.27409043e-01
   -2.06257407e-01 
    4.33607727e-01   1.16657985e+00   1.14328813e+00  -1.27169335e+00
   -2.34320549e-01  -6.30384910e-02  -1.42375775e+00   8.68542404e-01
   -3.83100985e-01   4.80485066e-01   6.59306969e-01   5.89153029e-01
   -2.69787221e-01  -1.67673886e-01  -8.77493143e-01   6.87026020e-01
   -4.62282982e-01 
    3.30331111e-01  -1.17206716e+00   6.94900733e-01  -4.00063919e-01
    6.89057191e-01   2.72139515e+00  -1.40358568e+00  -1.53743481e-01
    1.66157999e+00   1.94280080e+00   9.21792770e-01  -9.69616659e-01
   -6.08817008e-01  -1.69366120e+00  -1.00645553e+00  -6.54320108e-02
   -7.44430547e-01 
    1.93704124e-01   1.87371088e+00  -1.05391936e+00  -3.14029283e-01
    7.07354357e-01  -9.51134234e-01  -4.04538491e-01  -2.49756560e-01
   -1.39234656e+00   1.89395451e+00   9.35092497e-01  -8.45971626e-01
    2.05518803e-01  -1.33570459e+00   6.04527317e-01  -9.22426341e-01
   -2.07746907e-01 
   -1.36050762e+00   2.12499792e-01  -8.62656913e-01   9.71889276e-01
    1.66028390e+00  -7.22127335e-01   1.17649660e+00  -5.43089134e-01
   -7.36714673e-01   1.24879676e+00   1.87331495e-01   1.41160242e+00
   -2.02865027e+00   1.68884053e-01  -5.52372864e-02  -1.05558331e+00
   -1.57785110e-02 
   -5.22521784e-01   7.78293141e-01  -1.68501860e-01  -2.29708497e+00
   -1.82874770e+00  -8.82846365e-01   2.62349925e-01   2.89124905e+00
   -4.89688413e-01   8.90537707e-01  -1.03566284e+00   1.61590690e+00
   -6.00201269e-01  -1.30367714e-02   1.17868828e-01  -7.50095224e-03
   -6.45954020e-01 
    1.82309151e+00  -1.12612279e+00   6.47809093e-01   1.52207891e+00
    1.01907915e+00  -9.01358625e-02  -1.24151474e+00   2.33162055e-01
    5.39051395e-01  -5.96060523e-01  -3.86745460e-01  -3.87619257e-01
   -2.09166581e+00   1.67703520e-01   5.31892407e-01  -4.16960266e-01
   -5.65630211e-03 
    3.46588180e-01  -1.42753812e+00   7.11134918e-01  -2.51448257e-01
    3.67662802e-01  -1.53413415e-01  -2.65028803e+00   2.38671581e-01
   -1.42881028e+00   8.94319607e-01   2.33271352e+00   2.77811820e-01
   -2.91339364e-01   9.02168018e-01  -4.87887520e-01  -3.50879366e-01
   -8.86122353e-01 
   -1.52094537e-01  -2.10255827e-01  -7.48199504e-01   3.89952353e-01
    1.74458980e+00  -1.56691608e+00   7.97216051e-01   3.68069125e-01
    8.07485979e-01   1.27310955e+00  -1.82239093e+00  -1.56519446e+00
   -4.01813117e-01   5.07769432e-01  -2.46841102e-01  -1.82433465e-01
   -6.87539294e-02 
    5.93908295e-01  -1.86358641e+00   2.68069319e-01   2.14542546e+00
   -1.81252541e+00   8.93316577e-01   2.45111308e-01  -4.43325600e-01
   -1.49362835e+00   2.35109543e-02  -9.41183041e-02  -6.02230018e-01
    6.20347981e-01   1.95972119e+00  -1.20625548e+00   5.84784558e-02
    6.50249741e-01 
    1.12869322e+00  -9.66838889e-01   3.84340004e-02   1.39697000e-01
   -1.00846904e-01   5.64275927e-01   2.49230949e+00  -2.43679478e+00
   -1.38052384e+00  -3.99809142e-01  -3.11783427e-01  -7.09413739e-01
    1.35315643e+00  -1.40936242e+00   4.64898563e-01  -9.59147606e-02
    3.44294134e-01 
    1.26106086e+00   6.54924950e-01  -2.34362546e+00  -3.01272628e+00
    2.89342909e-01   1.46944709e-01   9.03871554e-01   1.54791655e+00
    5.92614130e-01  -3.50360536e-01  -1.05556365e+00  -5.46825545e-01
   -3.04618002e-01   1.82947408e+00  -5.08125205e-01   5.85237284e-01
   -6.52541471e-03 
   -1.08834288e+00   1.67446647e-01   2.11026810e-02   1.46373889e-01
    7.94647666e-01  -7.71538315e-01  -3.58852961e-01   1.62889207e-01
    1.26278224e+00  -5.57039300e-01   6.44947839e-01  -2.39162202e-01
    5.10572151e-01  -6.47161742e-01  -3.29924373e-01   6.17034396e-01
   -4.74747741e-01 
   -1.23026998e-02  -1.44580017e+00   1.13650795e+00  -5.91672168e-01
   -1.94934343e+00   5.22121063e-01   2.03680782e-01   1.29272405e+00
    5.73536802e-01   1.55629003e+00  -1.66740334e+00  -6.28897791e-01
    3.02930422e-01  -1.02183833e+00   4.54683397e-01   4.36361499e-01
    8.44380525e-02 
   -1.01710096e+00   6.20092539e-01  -9.40153599e-01   1.38272123e+00
   -6.22623634e-01   1.84199719e+00   3.19537681e-02  -8.64173577e-01
   -4.16885491e-01  -1.59282859e+00  -5.93413517e-01   3.25153576e-01
    1.32522611e+00   5.62849065e-01  -1.50747263e-01  -1.17318074e+00
    3.83205808e-01 
    1.81000726e-01   2.14365761e+00   9.19122923e-01   8.29892148e-02
   -4.94143026e-01  -3.31898341e+00   7.59635779e-01   2.54028470e+00
    1.19585043e+00  -1.32066348e+00   4.34217691e-01  -8.49454806e-01
   -7.22824795e-01  -3.65717849e-01   3.17381632e-01   2.60455439e-03
   -2.02048400e-01 
   -2.26023326e+00   4.42898234e-01   1.29093114e+00  -5.67423145e-01
    1.14818950e+00  -7.88618027e-01  -2.75482725e-01  -4.65680033e-01
    1.53891479e+00  -1.13370403e+00   9.44130185e-02  -1.57397242e+00
    3.94785186e-01   5.60011314e-01  -9.14769457e-01  -1.91260427e-01
    5.00965827e-01 
   -4.78927944e-01  -6.76876903e-01   7.88516195e-01  -1.08324572e+00
    1.79162713e+00  -1.18765165e+00   1.81608701e-01   1.70137312e+00
   -1.72898700e+00  -7.12122422e-01   8.83655612e-01   3.57333150e-01
    5.46796164e-01  -6.19806078e-01  -3.14729416e-01  -3.58510852e-01
   -3.63869894e-01 
   -1.62979929e+00  -5.34088649e-02  -1.24252860e+00   1.83786373e+00
   -1.10029792e+00   7.39046517e-01   4.01333723e-02  -7.68192365e-01
    1.37611646e+00   1.45555221e+00   1.10556860e+00  -1.47302615e+00
    5.40990897e-01  -1.15354987e+00   2.65551518e-01  -2.54316246e-01
   -5.59067062e-01 
    1.30617056e+00   1.19196719e+00  -1.31352796e+00  -3.54969230e-01
   -2.53958972e+00  -4.37397790e-01   8.46949309e-01   2.06588482e-01
    9.18785549e-01  -2.25498684e+00   1.91928260e+00  -1.82443367e-01
   -1.01730228e-01  -1.83745442e-01  -5.43641134e-01  -1.06153258e-01
   -2.37576452e-01 
    1.03770293e+00  -1.11289153e-01  -1.25990666e+00  -4.00556675e-01
   -1.05165244e+00  -5.22422765e-01   1.75473158e+00  -2.50774778e+00
   -6.04831257e-02  -4.73382945e-01   7.76505891e-01   1.21939919e+00
   -3.05157802e-02   1.03856145e+00   8.52614453e-01   3.03962104e-01
   -6.14812066e-01 
   -6.51305534e-01  -7.75354529e-01   1.56603706e+00  -1.84201664e-01
    1.18704552e+00   1.17147793e+00  -1.85941697e+00  -5.30549227e-01
    3.04010676e-01  -6.33860935e-01  -2.25507685e+00   5.66137818e-01
    1.32273368e+00  -7.71890166e-01   2.33984016e-01   1.71933641e+00
   -1.18207188e-01 
   -5.70666497e-01   2.06564434e+00   1.17120491e+00   1.49287181e-01
   -5.77503491e-01   1.88601014e+00  -4.07177042e-01  -2.81555056e-01
   -9.22071838e-01  -8.65483718e-01  -5.44222967e-01  -3.80862465e-01
   -8.19228133e-01   5.71974455e-01  -6.57814978e-02   4.12646494e-01
   -3.69646952e-01 
   -2.58452615e-01  -1.37551678e+00  -6.74134363e-01   3.52123307e-01
    7.73530319e-01   2.11734398e+00  -5.97099929e-01   6.24762725e-01
    4.68059066e-01  -1.44851637e+00   1.02308108e+00  -1.52817524e-01
   -1.10321523e+00   1.08190712e-01   1.49491236e+00  -9.96436797e-01
    2.50826232e-01 
   -6.89919506e-02   1.35574532e+00   5.65008512e-01  -5.27200465e-01
    3.58960119e-01  -9.08248190e-01  -2.01079318e+00  -1.44424121e+00
    2.73120320e-01  -3.77894544e-01   1.72050478e-01   5.61925991e-01
    5.68981707e-01   3.80796302e-01  -7.46505142e-02   7.54965061e-01
    1.93216503e-01 
   -1.20119154e+00   1.72547532e-02   2.33517712e+00   1.16305512e+00
    8.57312747e-01   3.68573054e-01  -1.06501705e+00  -9.14439466e-01
   -2.28575625e-01   5.70614664e-01  -1.21870132e+00  -1.01414296e+00
   -1.11164795e+00   9.64871462e-01   8.65366672e-01   6.36475511e-01
    2.90758707e-01 
    1.18398578e+00   9.48463523e-01  -7.36931413e-01  -2.77049117e-01
   -6.03427865e-01  -6.91466420e-02  -7.67746860e-01  -2.66403495e-01
    1.30221576e+00   1.06449353e+00  -1.46633624e+00  -1.09487894e+00
   -1.74806416e-01  -1.10656572e+00   1.91540956e+00   3.43228955e-01
   -3.39709584e-01      2.55203316e+00  -5.82490344e-01  -1.76542150e-01  -1.71854197e+00
   -3.32406669e-01   3.87307620e-01  -2.91034106e-01  -7.54966501e-01
    4.28218260e-01   1.14112917e+00   5.62275741e-01  -2.32780307e+00
   -9.24841912e-01   1.94226841e-01   3.41201584e-01  -1.48013191e+00
   -5.72985456e-01   3.97919582e-01  -4.00926071e-02   8.32261565e-01
   -3.89848021e-01   2.43207606e+00   4.46105469e-01   1.77665226e+00
   -2.40229038e+00  -1.13198901e+00   6.55181139e-01  -1.10954734e-01
   -3.09059668e-01  -2.58647226e-01   8.54909387e-01  -1.63064499e+00
   -2.96182598e-01 
    5.77289137e-01   1.80033279e-01  -3.77962344e-01   4.28050931e-01
    8.70061528e-01  -3.15424578e-01  -1.25853745e+00   1.00504570e+00
   -2.06593269e+00  -6.12043833e-01  -8.66628168e-01   3.88502231e-01
    1.74237398e+00   2.85741600e-01   1.89597310e+00   5.28905895e-01
   -1.82451540e-01  -5.93485943e-01   1.88432815e+00  -1.57371643e+00
   -1.79035246e+00   3.07113140e-01   7.85960217e-02   3.77708858e-01
   -1.60572326e+00   2.07113410e-02   9.44147571e-01  -3.07580579e+00
    1.23973209e+00  -1.37581795e+00   3.29379827e-02  -1.10743175e+00
    5.77845309e-02 
    9.06212318e-01   3.19628498e-01   2.34863923e+00   4.58566967e-01
   -1.94310629e+00  -6.35358419e-01  -1.13804854e+00  -1.03574048e+00
    1.50878379e+00   1.31023631e+00   1.47827572e-01  -4.43247083e-01
   -1.39378356e+00   4.43311247e-01  -9.85161072e-02  -1.13170865e+00
    2.18593408e+00  -3.50437028e-01  -1.20424248e+00   1.05638006e+00
   -1.34376433e+00  -1.74561357e+00  -7.61522653e-01   1.12950887e+00
    1.15919604e+00   1.29235486e+00  -1.84700198e+00  -8.38971769e-01
    1.40148858e+00  -5.87330192e-01  -2.64387316e+00   6.34053240e-01
   -4.53220264e-01 
   -8.84425847e-01   8.03448322e-01  -1.20797817e+00  -8.51595999e-01
    1.24594649e+00   1.12532107e+00   1.18297597e+00   2.34678510e-01
    1.86074705e-01  -8.47262881e-01   2.02846459e+00  -2.17670743e+00
    6.89052840e-01  -7.95621168e-01  -2.90520735e+00  -1.65714137e-02
    3.53987030e+00  -4.01960035e-01   1.15627457e+00  -1.72147627e+00
   -1.17547209e+00   6.58625231e-01   8.22322666e-01  -2.48324596e+00
    6.07146269e-02   3.65483619e-01   4.35035695e-01  -7.84467938e-02
   -3.67420682e-01   3.34424794e-01  -1.72786729e+00  -1.07600158e-01
   -9.24866531e-02 
   -9.75085685e-01  -9.12528792e-01  -1.67103279e+00   2.03662965e-01
    2.98819302e-01  -1.02232388e-01   5.20177525e-01  -8.63092525e-01
   -4.43018330e-01  -2.42676196e+00   1.41165748e+00  -3.71770038e-01
   -3.97104537e-01  -2.28755404e+00   2.32673744e+00  -7.21322538e-01
    1.23464279e-01  -1.34577098e+00   2.61094816e+00   1.97373732e-01
    1.58854938e+00  -1.07455200e+00  -2.45718488e+00   1.97963999e+00
    1.70459047e+00   1.52361544e+00  -1.36003720e+00  -3.72149329e-01
   -1.14079949e+00  -5.88526432e-01  -8.07667136e-01   8.48927086e-01
    1.71066193e-02 
    2.97153363e-02  -6.01955131e-02   5.53575814e-01   9.01070600e-01
    8.07523165e-01  -4.96903564e-01  -2.35282295e-01  -3.23169064e+00
    7.51377855e-01  -9.34039806e-03   9.41885577e-02  -2.44641681e-01
   -4.52423741e-01   1.74607800e+00  -1.07796764e+00  -1.67425473e+00
   -7.65640091e-01   2.59030648e-01  -4.13043465e-01  -2.53953001e+00
    4.11637017e+00   5.17715763e-01   7.38707537e-01  -7.95064660e-02
   -2.45557950e-01   3.33682789e-01  -1.50428509e+00  -1.36743704e+00
   -2.96160976e+00   6.24967339e-01  -4.28385945e-01  -9.28730777e-02
    3.45355669e-02 
    4.05618342e-01  -3.01547091e-01   6.08466619e-01  -1.34557805e+00
   -5.46316563e-01  -9.97644188e-01   1.36843138e+00   8.73941018e-01
   -9.11904613e-02  -2.28120394e+00  -5.47999289e-01   1.69050937e+00
    3.20690658e+00  -1.27217415e+00  -8.99546211e-01  -3.46757439e+00
   -9.99283848e-01   1.28800702e-01  -5.89195268e-01   4.39953102e-01
   -8.56453065e-01  -1.62149665e-01  -5.38922266e-01  -4.78974968e-01
   -1.68653434e+00  -1.45234595e+00   9.82072143e-01   4.36723774e-01
   -1.78632794e-01   2.52448483e+00   2.07249778e-01   6.69122556e-01
   -2.80862862e-01 
    7.80585563e-02  -8.60945922e-01   1.77304808e+00  -5.50801190e-01
    1.16768803e+00   5.18277118e-02  -8.53821638e-01   3.67494422e-01
    1.37499607e-01   2.62893957e-01  -3.63259429e+00  -2.99624989e-01
   -4.55678412e-01  -7.94312637e-01  -4.09011182e-01   2.03325426e+00
   -1.75531489e+00  -6.66780630e-01  -2.14636974e+00   9.24056082e-02
   -2.42108854e+00  -6.73996021e-02  -2.39677665e+00   1.91007000e-01
   -1.65162127e-01   2.44875394e+00   7.07536157e-01   6.68017182e-01
   -1.54985228e+00   1.31703670e+00   5.98488320e-01  -3.97853834e-01
   -3.81516557e-01 
   -1.42926285e+00   1.82822362e+00   8.36083736e-01   8.24423208e-01
   -1.69677721e+00  -1.71667424e-01   9.87110087e-01  -1.96957735e+00
    1.51984025e+00   4.74046402e-02   2.05408244e-01  -1.23584917e+00
    9.69025816e-01  -1.34204423e+00   1.86431363e+00   1.44419859e+00
   -1.02742995e+00  -1.58942932e+00  -4.72612552e-01   4.41066987e-01
   -1.28394646e+00  -1.29834564e+00   1.82344743e+00  -1.69880914e+00
   -1.09243005e+00  -6.56064411e-01  -3.68085325e-02   7.80416065e-01
   -8.95339433e-01  -2.05017953e-01   1.06672658e+00  -1.45918050e+00
   -5.03365138e-01 
    6.60767545e-01  -5.06129908e-01  -4.62881016e-01  -9.47239151e-01
   -1.87951673e-01   1.41805252e-03  -7.34436814e-01  -2.17552006e+00
   -2.00644415e+00  -1.80208020e+00  -1.61529535e+00   1.14418319e+00
   -1.71932803e+00  -1.34781568e+00   2.57506855e-02  -6.19533247e-02
    7.35583336e-01   6.64069593e-02  -1.83514032e+00   1.78709480e+00
    9.90922742e-01   1.08478186e+00   8.64873695e-01  -2.29201590e+00
    2.44218386e+00  -1.36351556e-01   1.12664357e+00  -5.64471629e-02
    1.80034752e+00   1.73246518e-01   1.56732092e-02  -1.29992481e+00
    6.23376588e-02 
   -6.47004453e-01  -1.81745436e+00   1.20242405e-01   6.04711183e-01
   -5.50191994e-01   6.62378479e-01  -8.44783003e-01  -2.11045287e+00
   -1.00986620e+00  -1.57827425e-01   8.87199750e-01   7.06167643e-01
   -2.48114713e+00   1.75545850e+00  -3.42833787e-01   1.78577113e-01
    8.21552662e-01  -1.02467144e+00   6.38190188e-01   1.27797495e+00
   -5.45174485e-01  -8.43468591e-01  -1.07285132e+00  -2.20461754e+00
   -1.75540194e+00  -1.51802368e+00   2.57052497e+00   6.08573812e-01
   -9.11037794e-01  -5.50311381e-01   1.07157985e+00   1.92920775e+00
   -2.19840712e-01 
   -1.39995382e+00   3.13663874e+00  -8.24862847e-01  -2.27427358e+00
   -1.69905888e+00  -7.04233871e-01  -8.86961533e-01   4.52267114e-01
    9.33497631e-01  -1.83115325e+00  -2.20507517e+00  -5.70949037e-02
   -9.13926450e-01   1.39791058e+00   3.44437888e-01   1.21591924e+00
   -6.99851777e-01  -3.88497965e-01  -6.59757654e-02  -5.48396645e-01
    7.90460562e-01   1.79460535e+00  -3.92530245e-01   7.12677681e-01
    9.52707764e-01  -1.85211808e+00  -1.04783635e+00   1.25402012e-01
    5.29471701e-01  -6.00930504e-01   8.41791252e-01   9.42139468e-01
   -3.25032229e-01 
   -4.91535198e-01  -5.60566455e-01  -2.29975241e+00  -1.69126279e+00
   -1.73044756e+00   6.68539842e-01   2.93272133e-01  -2.29757352e-01
   -2.93016269e-01   2.25523934e+00  -4.78237669e-02   1.76383113e+00
   -1.07811405e+00  -4.28009642e-03  -2.10687618e-01  -1.18623821e+00
   -6.40729206e-02  -9.26345644e-01  -1.80214059e-01  -1.03261331e+00
    5.91405667e-01  -4.08538627e-01  -7.06736782e-01  -6.61448782e-01
    9.32827545e-02  -3.85543542e-01  -1.36908660e+00   3.68644085e-01
    1.18429369e+00  -1.00782457e+00   1.45997006e+00  -4.00466304e-01
   -1.76364081e-01 
   -3.15548739e-01  -6.32542016e-01   5.88889572e-01   1.48016685e+00
   -1.87496914e+00   9.19305976e-01  -2.22979565e-01   5.90355053e-01
    7.98269012e-01  -5.51225084e-01  -8.66198601e-01   3.16541932e-02
   -1.47667231e+00  -4.35005504e-01  -2.07276356e+00   1.51551383e+00
   -2.25719342e+00   1.53121711e-01   7.14470241e-01  -5.94776237e-01
    5.16623983e-01  -6.29577301e-01   1.05630797e+00   1.89392498e-01
    3.42769037e-01  -1.77676829e+00   7.99280832e-01  -1.07827992e+00
    2.67003625e-01  -7.66154241e-01  -6.57137189e-01   5.57409717e-01
   -3.06340917e-01 
   -6.96756243e-01   1.34285464e+00   1.69908843e-02  -9.35061362e-01
   -9.80585221e-01  -2.09370830e-01   7.13254787e-01   9.20854770e-01
   -4.43546990e-01  -1.05005831e-01  -5.98061950e-01  -6.13718151e-01
    2.13561628e-01   3.13556626e-01   1.06494392e+00  -9.39922223e-01
    4.57700981e-01   1.01433124e-01  -7.52099010e-01   3.32940393e-01
   -3.40080488e-01   6.37717686e-01  -1.19842870e-01  -2.14919839e-01
    8.35140800e-01  -1.18749296e+00  -5.04394961e-01  -1.79506821e-01
   -1.10929834e+00  -5.09808195e-02  -1.34289590e+00  -1.86166796e+00
   -7.52313179e-01 
   -3.35152624e-01  -1.06158960e+00  -1.42630385e+00   8.93368907e-01
    9.17748869e-01   6.76005725e-01  -4.01943738e-01  -3.05227581e-01
    9.10854556e-01   9.38043535e-01  -1.68735298e-01   5.82962288e-02
   -4.45342780e-01   1.54800464e-01  -6.37853758e-01   2.16822136e-01
   -9.63561369e-02  -1.10037114e+00  -5.39108306e-01   1.16026487e+00
   -8.33965794e-01   3.18526551e-01  -3.96404721e-03  -1.02652148e+00
   -5.01080449e-01  -1.07912872e+00  -1.05690842e+00  -2.11834062e-01
    7.59175486e-01  -3.87645992e-01  -5.78856780e-01  -3.27204568e-01
   -6.57391115e-02  