NN 16 32 16   -2.43541854e+00  -3.76713128e-01  -5.63362705e-01   7.32588361e-01
    6.77480309e-01  -2.95256986e-01  -6.02098847e-01  -5.45290268e-01
    1.39896992e+00  -1.03870442e+00   8.88029105e-02   7.87328268e-01
    5.19305155e-01  -4.31350078e-02   1.80458875e-02  -1.54589169e-01
   -5.83741085e-01 
    2.99470798e-01   1.73432565e-02  -4.45570050e-01  -6.70143547e-01
    6.90856729e-01  -2.57978642e-01  -1.05592540e-01   6.37126994e-01
   -1.52389100e+00   4.24514253e-01   1.32848848e+00  -2.37737704e+00
    4.35240392e-01   6.24554817e-01  -7.32349767e-01   7.07255356e-01
    5.39626033e-01 
    3.97314220e-02   2.44474440e-01  -1.70139844e+00   1.19358434e+00
    1.56455198e+00  -1.02762774e+00  -5.66360689e-01  -1.15865148e+00
   -7.26786463e-01   1.92663413e-01   6.36449811e-02   2.58601046e-01
    1.57503069e+00  -7.29637109e-01   5.34346647e-02   6.66268077e-01
    3.88859370e-01 
    1.19410868e+00  -5.50190115e-01  -4.49534535e-01   5.63858845e-01
   -3.02161153e-01  -8.35465503e-01   1.05428344e+00   1.36414190e-01
   -8.14992824e-01   8.61672097e-01  -7.44750690e-01   1.40302113e+00
    1.15906649e+00  -1.42173782e+00   7.30052379e-01  -7.69523211e-01
   -3.57644617e-01 
   -2.60376505e-01  -9.06828824e-01   1.11617058e+00  -9.17830537e-01
   -4.47221291e-01  -8.02902134e-01  -1.17272255e-01  -1.22905047e+00
    1.30852622e+00   2.56654958e-01  -1.54899363e-01   1.33492285e+00
    1.13007488e+00   1.28694305e+00   2.07423074e-01  -9.32654570e-01
   -6.48890689e-01 
   -1.62446060e-01   4.00881975e-01   6.55996026e-01  -7.13926722e-01
   -5.91473461e-02   8.71000541e-01   6.75070970e-01   1.52860325e-01
   -7.91221086e-02  -2.96603340e-01  -6.01783081e-01   7.24225678e-01
   -5.64837047e-01  -9.02122855e-01  -1.62671449e-01   2.59332126e-03
   -2.69387651e-01 
    2.79255713e-01   1.10069213e+00   1.09013539e+00  -1.25861118e+00
   -3.31633544e-01  -6.66906696e-02  -1.40739484e+00   6.65599934e-01
   -6.69987557e-01   2.48419364e-01   6.08058517e-01   5.69658346e-01
   -2.71951591e-01  -1.80482411e-01  -7.61356686e-01   5.16976959e-01
   -4.74296068e-01 
    2.43466626e-01  -1.12497013e+00   6.79797510e-01  -3.50896291e-01
    4.39303621e-01   2.39933525e+00  -1.11439903e+00  -2.13169667e-01
    1.41495367e+00   1.70004125e+00   9.03367795e-01  -9.88576115e-01
   -5.51716831e-01  -1.34228937e+00  -9.85472484e-01  -1.90369680e-01
   -7.87354996e-01 
    1.62129789e-01   1.77606438e+00  -9.89765406e-01  -1.95714766e-01
    7.28655188e-01  -8.55865847e-01   6.89118563e-02  -1.39669108e-01
   -1.21308847e+00   1.66027278e+00   8.70443488e-01  -6.87439612e-01
    2.73056193e-01  -1.06724081e+00   5.23883863e-01  -4.44886886e-01
   -5.73242967e-02 
   -1.27549581e+00   4.43380101e-01  -9.69945171e-01   8.21510446e-01
    1.59754737e+00  -5.06029228e-01   1.35326155e+00  -4.00111485e-01
   -4.78585040e-01   1.14747477e+00   6.42019560e-02   1.15571019e+00
   -1.79292381e+00   7.49279495e-02  -2.95490804e-02  -7.80953924e-01
   -6.91381631e-02 
   -4.98319997e-01   7.78508775e-01  -1.16272804e-01  -2.16207146e+00
   -1.62975293e+00  -6.09371625e-01   1.99064344e-01   2.51521374e+00
   -4.88682559e-01   8.60827873e-01  -8.70135537e-01   1.45313419e+00
   -4.76359874e-01   8.30852550e-02   1.83615740e-01   1.95338810e-02
   -5.92431486e-01 
    1.57726261e+00  -1.00654490e+00   6.07692859e-01   1.57308229e+00
    9.22300773e-01   1.82362780e-01  -1.21927313e+00   9.15719811e-02
    6.46958499e-01  -4.58234727e-01  -5.60863462e-01  -2.70434402e-01
   -1.87034832e+00   8.89566629e-02   3.71313840e-01  -3.51745889e-01
   -2.64834585e-02 
    3.37749002e-01  -1.30441528e+00   7.79299327e-01  -4.70492838e-01
    3.36307633e-01  -1.92006532e-02  -2.49414478e+00   3.76505712e-01
   -1.34587024e+00   8.10938424e-01   2.07894800e+00   3.54331989e-01
   -1.17313864e-01   8.73501170e-01  -4.37891148e-01  -2.73847387e-01
   -7.04722785e-01 
    7.78321740e-02  -2.93428060e-01  -7.76192419e-01   3.78692491e-01
    1.71730458e+00  -1.44625121e+00   8.36722528e-01   8.43724630e-02
    8.01242570e-01   1.26048535e+00  -1.75939648e+00  -1.46628015e+00
   -2.02117649e-01   4.94279763e-01  -1.74232364e-01  -1.50063206e-01
   -7.68485334e-02 
    1.37865867e-01  -1.86650983e+00  -1.85462148e-01   1.98653131e+00
   -1.83273955e+00   7.66307224e-01   6.07213911e-02  -8.66612134e-02
   -1.27454081e+00   2.38342644e-01  -7.21606285e-02  -6.32709049e-01
    4.60080312e-01   1.64910523e+00  -9.34373539e-01   1.02161689e-01
    5.73869278e-01 
    9.85022080e-01  -6.80759469e-01   8.98997683e-02  -4.89277126e-02
   -3.29251442e-03   5.92072929e-01   2.46094738e+00  -2.13112431e+00
   -1.28851922e+00  -1.97259893e-01  -2.55649660e-01  -6.60208320e-01
    1.36400853e+00  -1.24612177e+00   4.17130850e-01  -1.37121271e-01
    3.94461152e-01 
    1.21584643e+00   4.57977705e-01  -1.98746488e+00  -2.82682270e+00
    2.21181761e-01   3.30226139e-01   7.66262261e-01   1.24546321e+00
    6.50982467e-01  -4.06011523e-01  -7.00926072e-01   2.82676941e-02
   -1.71017865e-01   1.80653798e+00  -4.04632546e-01   5.07992866e-01
    1.88347325e-02 
   -9.05584059e-01   1.24230180e-02   1.20029446e-01   2.87466508e-02
    8.53373763e-01  -7.77640822e-01  -4.41663093e-01   3.78785329e-03
    1.23619809e+00  -4.30876002e-01   5.91809428e-01  -3.04936843e-01
    4.71242012e-01  -4.74220651e-01  -2.59073797e-01   3.18304043e-01
   -4.47391854e-01 
    1.60400380e-02  -1.44517577e+00   1.00115049e+00  -6.52706000e-01
   -1.89536657e+00   6.58684411e-01   3.73477846e-01   1.20468475e+00
    5.52772663e-01   1.40479341e+00  -1.41990677e+00  -5.47670523e-01
    9.57327747e-02  -8.52548959e-01   4.48064621e-01   2.79291806e-01
    8.47909558e-02 
   -8.81725963e-01   5.26975986e-01  -9.63066781e-01   1.31386806e+00
   -3.19044628e-01   1.71521194e+00  -1.73580335e-01  -7.70784790e-01
   -2.73490681e-01  -1.50466373e+00  -7.57978513e-01   3.03097364e-01
    1.13417471e+00   5.07021737e-01  -1.42108720e-01  -6.99548034e-01
    3.82905507e-01 
    3.82912040e-01   2.06348677e+00   9.86833411e-01   9.87592255e-03
   -6.53943525e-01  -2.87314423e+00   6.53611473e-01   2.16642601e+00
    1.23181833e+00  -9.96265211e-01   4.10291641e-01  -8.78038033e-01
   -7.03792673e-01  -2.44114353e-01   3.90748096e-01  -3.89575472e-02
   -1.64273097e-01 
   -2.04375005e+00   3.80374856e-01   1.27480570e+00  -7.21604454e-01
    1.12186071e+00  -6.99993117e-01  -2.62603675e-01  -3.83031996e-01
    1.37558434e+00  -1.01125275e+00   1.76168203e-01  -1.49911802e+00
    3.01541346e-01   5.78522604e-01  -7.37688875e-01  -8.08901900e-02
    5.41747277e-01 
   -6.28229175e-01  -3.56321922e-01   7.45100569e-01  -9.77688344e-01
    1.67612049e+00  -1.25563757e+00   1.75531881e-01   1.62201538e+00
   -1.62397947e+00  -7.42198337e-01   8.62999708e-01   4.15883531e-01
    7.56673989e-01  -5.18179267e-01  -2.47982188e-01  -8.51597148e-02
   -3.06254784e-01 
   -1.29596902e+00  -1.67044670e-01  -9.62958390e-01   1.74843930e+00
   -8.16906245e-01   5.20560627e-01   2.39742255e-01  -6.75916647e-01
    1.72557727e+00   1.62807536e+00   9.36631441e-01  -1.35672493e+00
    2.86373545e-01  -7.37271553e-01   3.80650375e-01  -2.77362261e-01
   -3.57900625e-01 
    1.54327249e+00   1.21255887e+00  -1.20196812e+00  -2.06160892e-01
   -1.89298235e+00  -4.12937299e-01   9.36903024e-01   1.96333417e-01
    8.76423885e-01  -1.92273550e+00   1.79060206e+00  -3.35465847e-01
   -1.13069977e-01  -1.49756757e-01  -2.88198674e-01  -1.64393587e-01
   -2.14762846e-01 
    1.06463255e+00   1.90279207e-02  -1.24658455e+00  -3.39351376e-01
   -1.12383984e+00  -3.70111672e-01   1.46155233e+00  -2.28263893e+00
    2.71939775e-01  -3.61122700e-01   9.84779987e-01   1.18898583e+00
    6.93410624e-02   9.67106828e-01   7.48350568e-01  -2.84128216e-02
   -5.32143098e-01 
   -6.08850406e-01  -7.71080096e-01   1.60603989e+00  -2.15332754e-01
    9.93925104e-01   1.12032919e+00  -1.41658063e+00  -5.75358555e-01
   -2.32932289e-02  -7.14722092e-01  -2.09444988e+00   7.15507091e-01
    1.17201791e+00  -6.80783737e-01   1.22521872e-01   1.14286294e+00
   -1.43657664e-01 
   -4.56989206e-01   1.96013712e+00   1.14511199e+00   5.75893757e-02
   -1.48259165e-01   1.52385082e+00  -6.67092065e-01  -4.20387274e-01
   -9.02566411e-01  -4.04413761e-01  -4.72602186e-01  -4.00395554e-01
   -6.74859833e-01   4.92787339e-01  -1.04326695e-01   3.10649720e-01
   -3.31118099e-01 
   -1.21322281e-01  -1.27356222e+00  -5.97961797e-01   1.05086898e-01
    7.23207964e-01   2.19141370e+00  -6.76185866e-01   6.95733802e-01
    5.69655105e-01  -1.25136563e+00   7.96175619e-01  -3.65463200e-01
   -1.08921032e+00   1.29436158e-01   9.93909462e-01  -8.95346906e-01
    7.87584945e-02 
    1.13966657e-02   1.22431189e+00   5.74821430e-01  -5.16048031e-01
    4.70136712e-01  -9.00733753e-01  -1.89391710e+00  -1.65669258e+00
    1.33642603e-01  -4.31135914e-01   2.51289082e-01   4.33012159e-01
    6.03241102e-01   3.39227872e-01  -1.52296879e-01   5.31972317e-01
    2.58564960e-01 
   -1.18245611e+00  -5.78507056e-02   2.16183134e+00   1.24859407e+00
    6.29921895e-01   4.03236941e-01  -8.20854511e-01  -7.31939516e-01
   -3.16757212e-01   5.26415709e-01  -1.22794708e+00  -7.95780079e-01
   -9.52916295e-01   7.44037861e-01   6.13547337e-01   4.26724628e-01
    2.51026433e-01 
    1.21306966e+00   9.25318045e-01  -6.93372917e-01  -2.96440521e-01
   -5.57510397e-01   8.18833555e-02  -8.14167284e-01  -2.10244186e-01
    1.10848504e+00   9.38136287e-01  -1.44395442e+00  -1.00524062e+00
   -1.61107863e-01  -9.35048516e-01   1.50302158e+00   9.87100382e-02
   -3.55148564e-01      2.42654539e+00  -4.74937662e-01  -2.89596646e-01  -1.74291658e+00
   -2.58612215e-01   2.28443360e-01  -3.38527351e-01  -6.97054411e-01
    1.74764542e-01   1.27253047e+00   3.05725584e-01  -2.20359970e+00
   -8.38952540e-01   3.05160881e-01   2.27062594e-01  -1.44848625e+00
   -6.26965125e-01   4.26601973e-01  -1.47382115e-01   8.25289754e-01
   -5.44234694e-01   2.48621392e+00   4.92094614e-01   1.55380837e+00
   -2.41213958e+00  -1.03337465e+00   5.18362699e-01  -1.75678990e-01
   -4.13304811e-01  -1.61513221e-01   9.72374808e-01  -1.53734898e+00
   -3.28015714e-01 
    4.63258365e-01   1.62438529e-01  -4.04062841e-01   5.72838559e-01
    8.06920711e-01  -2.87822734e-01  -1.25772774e+00   8.14096872e-01
   -1.84980631e+00  -6.71807528e-01  -7.64951069e-01   4.56639966e-01
    1.79867974e+00   4.30652376e-01   1.89385051e+00   3.28233216e-01
   -2.85557038e-01  -6.11683693e-01   1.96720673e+00  -1.27932425e+00
   -1.72890673e+00   1.73827061e-01   5.25066826e-02   4.81179681e-01
   -1.66392251e+00  -5.68286839e-02   8.74161711e-01  -2.69260457e+00
    1.22246338e+00  -1.49357734e+00  -8.88734352e-02  -1.16448173e+00
    3.81017325e-02 
    8.94585423e-01   3.01504164e-01   2.19389336e+00   2.97687002e-01
   -1.74055915e+00  -5.07210485e-01  -1.19117087e+00  -1.04371248e+00
    1.28662881e+00   1.19514899e+00  -7.92409599e-02  -5.24604134e-01
   -1.19526221e+00   6.37285979e-01  -2.31411432e-03  -9.29884123e-01
    2.21157098e+00  -4.14719975e-01  -1.11414355e+00   1.02225715e+00
   -1.22233734e+00  -1.51694787e+00  -6.62668287e-01   1.15858898e+00
    1.17364475e+00   1.55612408e+00  -1.86795092e+00  -9.70367302e-01
    1.30129503e+00  -5.58722714e-01  -2.63813602e+00   6.90803963e-01
   -4.29091862e-01 
   -6.59855548e-01   7.61332062e-01  -1.20878662e+00  -8.84292104e-01
    9.42132820e-01   9.73465907e-01   1.15674288e+00   2.47670566e-01
    1.45865100e-01  -8.30138440e-01   1.74068388e+00  -2.03611748e+00
    8.64116347e-01  -8.31054681e-01  -2.70097394e+00   3.11157120e-02
    3.06790682e+00  -3.90515485e-01   1.12808198e+00  -1.64431554e+00
   -1.27233571e+00   8.12230377e-01   9.66526996e-01  -2.39490789e+00
   -4.07638256e-02   4.02786344e-01   5.23690100e-01  -9.37140332e-02
   -2.99113186e-01   4.62898719e-01  -1.56656277e+00  -2.59626935e-01
   -1.37274791e-01 
   -7.56593053e-01  -9.76026648e-01  -1.57488282e+00   1.53484293e-01
    2.10168600e-01  -1.13212558e-02   4.69604294e-01  -6.86163346e-01
   -5.94575241e-01  -2.24078944e+00   1.24746461e+00  -3.98628765e-01
   -5.05429587e-01  -2.18384622e+00   2.14430978e+00  -5.07002987e-01
    1.65640228e-01  -1.39011290e+00   2.50275155e+00   7.78552007e-02
    1.53573551e+00  -1.00914076e+00  -2.50782040e+00   1.83583861e+00
    1.45590926e+00   1.39792191e+00  -1.26681372e+00  -4.33335148e-01
   -1.13691684e+00  -6.90630639e-01  -6.17206511e-01   5.90578407e-01
   -3.87796621e-02 
    1.05598683e-01   8.07367733e-02   7.97918763e-01   1.02986777e+00
    7.36063169e-01  -4.01703703e-01  -2.04074862e-01  -2.82697916e+00
    7.51984945e-01   3.80359836e-02   4.35522141e-02  -2.23003502e-01
   -3.56431220e-01   1.80105210e+00  -1.04530040e+00  -1.23734768e+00
   -6.74056987e-01   1.83373583e-01  -5.47019277e-01  -2.24170568e+00
    3.84994929e+00   5.22032922e-01   9.29265973e-01  -1.26538863e-01
   -3.00629987e-01   3.70183887e-01  -1.41531612e+00  -1.28532331e+00
   -2.75633104e+00   7.08148682e-01  -5.51715079e-01  -1.10447591e-01
    1.03244035e-01 
    2.44873914e-01  -8.21861036e-02   8.43444069e-01  -1.23772523e+00
   -6.07141826e-01  -7.86453304e-01   1.38240889e+00   7.61728418e-01
   -1.55688015e-01  -2.26749156e+00  -4.25249285e-01   1.47585864e+00
    3.10809462e+00  -1.14018316e+00  -6.00547497e-01  -3.18824371e+00
   -8.77900565e-01  -1.17906764e-01  -6.61317571e-01   5.97910068e-01
   -9.91099227e-01  -1.03984400e-01  -2.69489904e-01  -5.54406765e-01
   -1.49835021e+00  -1.50312688e+00   8.95657088e-01   7.00845137e-01
   -2.22802705e-01   2.39512142e+00   5.53302983e-02   5.49946493e-01
   -2.18866606e-01 
    6.52059627e-02  -6.70603556e-01   1.78383749e+00  -4.42753119e-01
    1.00900256e+00   7.74155644e-02  -8.22863149e-01   3.15882857e-01
    3.11152469e-01   2.32577103e-01  -3.38603154e+00  -2.31689660e-01
   -5.41811233e-01  -4.39133743e-01  -4.63046689e-01   2.10962203e+00
   -1.56619882e+00  -5.67025401e-01  -1.91503426e+00   2.57849695e-01
   -2.26781459e+00  -1.94447543e-02  -2.35794238e+00   2.91525810e-01
   -1.23722570e-01   2.26474571e+00   7.04309061e-01   5.82669538e-01
   -1.40796927e+00   1.49420499e+00   4.74703604e-01  -3.02475604e-01
   -2.06566843e-01 
   -1.22722590e+00   1.64276113e+00   9.93929019e-01   8.19982325e-01
   -1.72007688e+00  -9.51989792e-02   8.48676004e-01  -2.01480877e+00
    1.44051400e+00   1.58034723e-01   2.46939806e-01  -1.29135854e+00
    7.38237350e-01  -1.20427189e+00   1.70276528e+00   1.46818205e+00
   -9.53698714e-01  -1.39102191e+00  -5.61653820e-01   6.27958729e-01
   -1.14635233e+00  -1.15907323e+00   1.80388176e+00  -1.69280889e+00
   -8.25596257e-01  -5.93715992e-01   4.19314803e-02   7.02940775e-01
   -7.83009987e-01  -2.34429307e-01   8.52909438e-01  -1.43687785e+00
   -4.53917702e-01 
    6.84603666e-01  -4.53914261e-01  -4.34382998e-01  -1.03158918e+00
   -2.04698082e-01  -9.36124648e-02  -6.96125705e-01  -2.04518877e+00
   -1.82773101e+00  -1.63351733e+00  -1.59804250e+00   9.02576658e-01
   -1.54377529e+00  -1.34759166e+00  -3.10636269e-02  -1.40654005e-01
    6.38203660e-01   1.03315700e-01  -1.77208676e+00   1.60805451e+00
    8.06296228e-01   1.04884405e+00   7.28740866e-01  -2.01899598e+00
    2.27393112e+00  -9.88078976e-02   9.05984663e-01  -1.65935266e-01
    1.65644010e+00   1.37057711e-01  -2.15765513e-02  -1.20023538e+00
    2.13892822e-02 
   -6.75729666e-01  -1.71245739e+00   1.55211092e-01   6.24675855e-01
   -4.95982557e-01   6.46609288e-01  -7.76727480e-01  -2.03950666e+00
   -9.20113006e-01  -5.24448837e-02   8.67553046e-01   7.28037923e-01
   -2.35624172e+00   1.62469581e+00  -2.08822311e-01   2.22160430e-01
    8.02378171e-01  -9.47640898e-01   5.69615452e-01   1.35073260e+00
   -5.48705369e-01  -7.95180935e-01  -9.79401189e-01  -2.04610998e+00
   -1.65744422e+00  -1.43734219e+00   2.40826690e+00   6.04295386e-01
   -7.10684531e-01  -5.66496393e-01   1.00172623e+00   1.73677613e+00
   -1.03132301e-01 
   -1.36437654e+00   2.89651003e+00  -7.51409102e-01  -2.15514188e+00
   -1.60733504e+00  -5.76721301e-01  -8.11910715e-01   4.62766359e-01
    9.10614735e-01  -1.75811430e+00  -2.00130366e+00  -5.94877838e-02
   -8.70635226e-01   1.42614186e+00   3.14460142e-01   1.12910953e+00
   -6.10440748e-01  -4.17079880e-01  -2.23442292e-02  -4.60868471e-01
    7.38744844e-01   1.65842931e+00  -3.34951882e-01   6.25066137e-01
    9.12415593e-01  -1.85888463e+00  -8.82558530e-01   1.66658891e-01
    5.15604793e-01  -5.40441000e-01   7.77960238e-01   9.67314814e-01
   -2.56097271e-01 
   -4.14177363e-01  -3.85174142e-01  -2.08292156e+00  -1.52201265e+00
   -1.61006782e+00   5.71448050e-01   2.91730509e-01  -9.55489635e-02
   -1.83921385e-01   1.93715454e+00  -6.97190651e-02   1.61281004e+00
   -9.98506430e-01  -3.51810730e-02  -3.66815710e-02  -1.06937962e+00
   -1.04848900e-01  -8.12604737e-01  -8.05460699e-02  -8.11839439e-01
    6.36216154e-01  -3.99891687e-01  -5.93857431e-01  -4.57055013e-01
    3.67735595e-02  -4.52908847e-01  -1.19256034e+00   3.25498879e-01
    1.19517690e+00  -9.99379681e-01   1.36438848e+00  -4.00532497e-01
   -9.02832039e-02 
   -2.94844597e-01  -6.47123123e-01   5.15979436e-01   1.29359399e+00
   -1.72117639e+00   8.34645925e-01  -2.82989464e-01   4.63856255e-01
    6.48096911e-01  -5.01169426e-01  -9.55757388e-01   7.99072490e-02
   -1.46070026e+00  -3.26535309e-01  -1.92104327e+00   1.38758058e+00
   -2.11736996e+00   7.10437459e-02   5.64194473e-01  -5.11287240e-01
    4.47202727e-01  -5.82113881e-01   8.85765795e-01   7.43409259e-02
    2.53366439e-01  -1.69740165e+00   7.93102566e-01  -9.68472374e-01
    2.74992568e-01  -6.81054440e-01  -5.13067510e-01   4.47162331e-01
   -3.15522014e-01 
   -6.54161195e-01   1.07457313e+00   1.00422130e-01  -6.59609504e-01
   -8.49774710e-01  -2.67411805e-01   4.42067891e-01   5.65930949e-01
   -3.26851565e-01   8.56240961e-03  -5.25212222e-01  -4.86812651e-01
    1.47091476e-01   3.74434778e-01   8.61017734e-01  -8.01841570e-01
    4.63875802e-01   8.94688297e-02  -6.48700158e-01   3.08031729e-01
   -4.75648755e-02   5.09949003e-01  -5.31669630e-02  -1.26606505e-01
    7.19021986e-01  -9.93045526e-01  -4.95816782e-01  -2.86721762e-01
   -7.99820965e-01  -8.24091665e-02  -1.27827940e+00  -1.48728535e+00
   -7.03466427e-01 
   -5.00499374e-01  -7.13295710e-01  -1.13808731e+00   4.56177544e-01
    4.75259703e-01   5.97073038e-01  -2.52446533e-01  -3.55560424e-01
    6.75909012e-01   6.49592953e-01  -2.15152374e-02  -1.46214562e-01
   -5.56284645e-01   9.35369757e-02  -5.75770288e-01   2.75376439e-01
    1.07068546e-01  -9.96255328e-01  -3.42705910e-01   6.39508645e-01
   -6.52018500e-01   1.03724042e-01  -6.47969397e-02  -1.02540520e+00
   -2.86639980e-01  -9.07009976e-01  -9.40387694e-01  -2.36282007e-01
    4.15402972e-01  -4.04117243e-01  -7.25128271e-01  -2.42662755e-01
   -9.39113513e-02  