NN 16 32 16   -2.69224792e+00  -6.18595194e-01  -6.09904815e-01   7.82066247e-01
    1.27842310e+00  -5.93280226e-01  -9.35443289e-01  -1.23091340e+00
    1.81308974e+00  -1.32339613e+00  -8.86381809e-03   7.45797846e-01
    6.43238396e-01  -2.02023136e-01   5.52243328e-02  -3.04962132e-01
   -7.06494395e-01 
    3.45487631e-01  -1.12799410e-02  -4.77041607e-01  -8.87510886e-01
    7.53399028e-01  -2.42648087e-01  -1.77594630e-02   6.02945802e-01
   -1.79152693e+00   5.79209777e-01   1.52575631e+00  -2.82149736e+00
    3.94501939e-01   5.75795662e-01  -1.20406408e+00   9.74268633e-01
    4.34961489e-01 
   -1.68077739e-01   5.58172915e-02  -2.02586534e+00   1.13242409e+00
    2.02095948e+00  -1.21631974e+00  -5.00160880e-01  -1.03784299e+00
   -8.75584745e-01   3.32160068e-01   1.62383229e-01   5.77438819e-02
    1.53913328e+00  -8.58113770e-01   4.73025420e-02   1.22748595e+00
    2.53389638e-01 
    1.25212763e+00  -6.32918915e-01  -6.88618203e-01   6.02159598e-01
   -2.26149334e-01  -9.48426472e-01   1.05891222e+00  -1.24844121e-01
   -1.13269426e+00   8.02889645e-01  -1.04477137e+00   1.33200781e+00
    1.31166250e+00  -1.59325918e+00   7.74780651e-01  -1.38856863e+00
   -4.30401086e-01 
   -2.82958105e-01  -1.06503125e+00   1.11275141e+00  -8.69729001e-01
   -4.56933884e-01  -7.28307845e-01  -2.17732268e-01  -1.52915120e+00
    1.33689648e+00  -7.26303729e-02  -2.53176555e-01   1.45181114e+00
    1.36207458e+00   1.70008880e+00   1.54291979e-01  -1.26032596e+00
   -7.24357761e-01 
   -3.49146059e-01   8.15849426e-01   8.94624835e-01  -9.34109571e-01
    2.24408272e-01   9.38944871e-01   9.39933282e-01   5.73427126e-02
   -1.12102835e-01  -3.63487841e-01  -9.01414138e-01   5.81757894e-01
   -6.84017794e-01  -1.16085125e+00  -2.62025393e-01  -2.43377184e-01
   -2.23272977e-01 
    2.90435362e-01   1.28273214e+00   1.10947918e+00  -1.37251996e+00
   -2.89379643e-01  -5.55397972e-02  -1.62314396e+00   7.91318198e-01
   -5.77062873e-01   4.35018042e-01   6.77654712e-01   5.69717438e-01
   -2.73521629e-01  -3.32210067e-01  -1.04862692e+00   6.57193240e-01
   -5.71319701e-01 
    4.90443528e-01  -1.24350258e+00   7.32992027e-01  -4.55746415e-01
    6.32872506e-01   2.92616095e+00  -1.52870374e+00  -4.00638722e-02
    1.83760040e+00   1.93912116e+00   8.33180828e-01  -8.54453738e-01
   -7.03949196e-01  -1.93303905e+00  -1.05597848e+00  -5.35166350e-02
   -7.60072911e-01 
    3.11570326e-01   2.04957881e+00  -9.54213469e-01  -4.17739723e-01
    6.51528637e-01  -1.07942137e+00  -3.39003754e-01  -1.11522110e-01
   -1.39716854e+00   2.04941244e+00   1.08562012e+00  -7.31228318e-01
    4.32531651e-01  -1.38642005e+00   8.78932841e-01  -9.31409841e-01
   -8.26631914e-02 
   -1.32052254e+00   3.43962513e-01  -8.09928405e-01   9.29420772e-01
    1.68831512e+00  -6.22954132e-01   1.27422513e+00  -5.56994808e-01
   -7.21455647e-01   1.35090585e+00   1.91569464e-01   1.44669962e+00
   -2.08084292e+00   3.34312044e-01  -1.10760631e-01  -1.04224919e+00
    1.23427458e-01 
   -6.97846347e-01   7.63517853e-01  -1.73199006e-01  -2.33903333e+00
   -1.84449564e+00  -9.86827834e-01   2.53594817e-01   3.08075221e+00
   -7.18335190e-01   7.78261959e-01  -8.07225678e-01   1.84577783e+00
   -5.83925269e-01  -4.41681193e-02  -1.92593234e-02  -5.82679214e-03
   -6.41924791e-01 
    2.12745773e+00  -1.04667404e+00   5.72475343e-01   1.57167352e+00
    1.03629035e+00   4.36217019e-02  -1.38172165e+00   3.51722459e-01
    4.34461495e-01  -6.65891321e-01  -4.28672174e-01  -3.91686266e-01
   -2.16018200e+00   2.50792557e-01   6.25023360e-01  -4.20340028e-01
    1.91996885e-02 
    1.04829785e-01  -1.31619632e+00   8.81568215e-01  -3.56697443e-01
    2.33577924e-01  -1.40916260e-01  -2.74294124e+00   2.32650124e-01
   -1.50352697e+00   9.22656929e-01   2.43932934e+00   4.16847846e-01
   -2.54310206e-01   9.95263370e-01  -5.31912412e-01  -3.53765245e-01
   -9.38408607e-01 
   -2.10579110e-01  -1.90295661e-01  -7.06861980e-01   3.28056632e-01
    1.76855191e+00  -1.62421976e+00   8.40590724e-01   3.22807327e-01
    8.56687094e-01   1.39721844e+00  -1.87228903e+00  -1.67954155e+00
   -4.35862632e-01   5.84560303e-01  -2.10451018e-01  -1.75135208e-01
   -6.28690709e-02 
    6.49218911e-01  -1.98248431e+00   8.14580248e-02   2.29131121e+00
   -1.78633845e+00   9.24024208e-01   1.82154665e-01  -3.63415171e-01
   -1.53125471e+00  -1.15217607e-01  -1.69038023e-01  -6.37674012e-01
    5.66467732e-01   1.99161300e+00  -1.41316648e+00  -3.46233930e-02
    5.56964819e-01 
    1.16240785e+00  -9.51371465e-01   2.81583759e-02   9.97295276e-02
   -8.34687343e-02   4.59000939e-01   2.66738168e+00  -2.46259835e+00
   -1.39087544e+00  -5.28916374e-01  -2.46334365e-01  -9.13844737e-01
    1.37907121e+00  -1.48456576e+00   5.77756237e-01  -3.18651484e-02
    3.85470146e-01 
    1.21965550e+00   6.15328533e-01  -2.43124396e+00  -3.32010482e+00
    3.08270398e-01   1.51764522e-01   9.90106331e-01   1.54784953e+00
    5.25164202e-01  -3.24720380e-01  -1.07369908e+00  -5.86107247e-01
   -2.44374329e-01   1.85940174e+00  -5.27952755e-01   6.52158269e-01
    1.98144512e-02 
   -1.21216552e+00   1.51224094e-01   5.84579934e-02   1.19664833e-01
    7.31970617e-01  -8.02116387e-01  -2.98630176e-01   6.29290838e-03
    1.16383163e+00  -6.63248336e-01   6.99347058e-01  -2.66217834e-01
    5.47380425e-01  -7.04075697e-01  -4.22215803e-01   7.27705815e-01
   -5.23874246e-01 
   -6.32544010e-02  -1.59406065e+00   1.40224805e+00  -4.33608698e-01
   -2.14999501e+00   4.70836397e-01   2.02326680e-01   1.42540785e+00
    5.26679728e-01   1.58904848e+00  -1.54133710e+00  -6.32438201e-01
    3.96618344e-01  -9.69075026e-01   4.94544831e-01   5.07811222e-01
    1.05469732e-01 
   -1.17694729e+00   5.98397153e-01  -1.02355263e+00   1.52553329e+00
   -5.66095459e-01   1.75826494e+00   2.87303087e-01  -1.04816221e+00
   -3.64414712e-01  -1.59959447e+00  -6.77791427e-01   5.63701600e-01
    1.48715274e+00   5.30263503e-01  -1.67361184e-01  -1.36308575e+00
    4.09916080e-01 
    9.26642095e-02   2.20818246e+00   1.15284714e+00  -9.90939565e-02
   -4.27323698e-01  -3.60251360e+00   7.99394583e-01   2.56089093e+00
    1.20215153e+00  -1.42590218e+00   5.06713842e-01  -8.99361006e-01
   -7.03905702e-01  -3.65095204e-01   3.36363092e-01   1.95641065e-03
   -2.19738645e-01 
   -2.25617415e+00   5.73992743e-01   1.40713735e+00  -5.61223717e-01
    1.36769416e+00  -8.55368486e-01  -2.48588280e-01  -5.92643652e-01
    1.66460686e+00  -1.15661414e+00   3.29895887e-01  -1.59811407e+00
    4.84480015e-01   6.80471813e-01  -8.85160218e-01  -1.59733655e-01
    5.88949807e-01 
   -5.27804690e-01  -5.48714853e-01   8.06122238e-01  -1.10080927e+00
    1.81031585e+00  -1.34714179e+00   2.21341457e-01   1.81165022e+00
   -1.93677434e+00  -6.52685198e-01   1.01820682e+00   5.92361631e-01
    6.92961576e-01  -5.78289843e-01  -2.52932692e-01  -2.93118909e-01
   -2.62271698e-01 
   -1.38749367e+00   8.86174007e-02  -1.21147429e+00   1.76930665e+00
   -9.82863616e-01   8.85106367e-01   5.03569450e-01  -8.28148580e-01
    1.39173790e+00   1.57788173e+00   1.21555071e+00  -1.60558302e+00
    5.88246333e-01  -1.18831271e+00   3.89687844e-01  -1.05138160e-01
   -5.23232006e-01 
    1.48512767e+00   1.31503415e+00  -1.34562878e+00  -5.81379678e-01
   -2.60372408e+00  -5.47751318e-01   7.69853251e-01   4.07423954e-01
    1.08252814e+00  -2.31178574e+00   2.03987079e+00  -1.81662130e-01
    8.30311508e-02  -6.82669504e-02  -4.79209372e-01   9.10526725e-02
   -9.94953422e-02 
    1.09564329e+00  -6.95396083e-02  -1.33666061e+00  -3.17658567e-01
   -9.44539612e-01  -3.93998867e-01   1.97312674e+00  -2.77755839e+00
    2.80978009e-02  -4.41821326e-01   5.66997777e-01   1.06431107e+00
   -1.18793302e-01   1.13055131e+00   8.91235198e-01   3.74407897e-01
   -6.28799816e-01 
   -7.60208211e-01  -8.58185998e-01   1.61897827e+00  -9.21791560e-02
    1.21887618e+00   1.27190887e+00  -2.19549913e+00  -3.77763197e-01
    2.01721704e-01  -6.71886693e-01  -2.29387873e+00   5.59018469e-01
    1.33075933e+00  -9.04139303e-01   1.41987571e-01   1.82145072e+00
   -1.75856669e-01 
   -7.42530843e-01   2.14517583e+00   1.21810733e+00  -2.61198873e-02
   -6.95291462e-01   1.99508353e+00  -5.18360408e-01  -3.50623150e-01
   -1.13518910e+00  -1.16572578e+00  -5.64949014e-01  -3.71631949e-01
   -9.01909007e-01   5.22020605e-01  -1.43216736e-01   3.77423662e-01
   -4.52610547e-01 
   -3.36725007e-01  -1.44614388e+00  -7.23320672e-01   2.21345661e-01
    7.40831537e-01   2.13603274e+00  -8.55484472e-01   6.94459785e-01
    4.09926699e-01  -1.83084798e+00   1.01051800e+00  -4.93070913e-02
   -1.14518574e+00  -5.14386649e-04   1.65685080e+00  -1.11571739e+00
    2.64224806e-01 
   -1.54347761e-01   1.45922618e+00   6.40969402e-01  -4.53342796e-01
    4.28337100e-01  -9.50454800e-01  -2.09597653e+00  -1.53304239e+00
    1.14834985e-01  -4.45639568e-01   9.05863253e-03   6.32875396e-01
    5.59756532e-01   3.95688700e-01  -6.30432946e-02   8.40042318e-01
    1.70462615e-01 
   -1.20047597e+00   4.73115782e-02   2.21322273e+00   1.43798828e+00
    9.78470513e-01   2.09328935e-01  -1.27645254e+00  -9.47589826e-01
   -4.20310180e-01   6.00744526e-01  -1.51916678e+00  -1.20923712e+00
   -1.21402762e+00   1.00115499e+00   8.87270657e-01   6.31231727e-01
    2.28153477e-01 
    1.15669901e+00   7.66247916e-01  -7.16880367e-01  -3.02684848e-01
   -6.60602306e-01  -1.53125791e-01  -7.99441640e-01  -2.50488648e-01
    1.28794362e+00   1.10992130e+00  -1.70315559e+00  -1.23558608e+00
   -3.12792607e-01  -1.31149208e+00   1.99837460e+00   3.63021211e-01
   -4.29789731e-01      2.68313034e+00  -5.62801119e-01  -6.47818636e-02  -1.69831633e+00
   -4.73877867e-01   4.31855854e-01  -3.69717439e-01  -8.35263453e-01
    4.72424320e-01   1.19345759e+00   5.13810736e-01  -2.40280832e+00
   -1.01245103e+00   1.32679139e-01   4.43488293e-01  -1.52683164e+00
   -5.72563412e-01   3.64962636e-01   2.76842501e-02   7.97772903e-01
   -3.48717955e-01   2.39277563e+00   3.89718022e-01   1.90927353e+00
   -2.24810803e+00  -1.05720784e+00   4.28191670e-01  -1.71071411e-01
   -2.78807798e-01  -4.26540021e-01   6.65938366e-01  -1.64593990e+00
   -2.95423652e-01 
    5.40414405e-01   2.04126588e-01  -3.48584404e-01   3.33663328e-01
    9.83709942e-01  -2.73538145e-01  -1.35365390e+00   9.87338680e-01
   -2.16142723e+00  -5.09542778e-01  -8.51316022e-01   3.67704425e-01
    1.51449151e+00   1.21518739e-01   1.88347210e+00   5.31962238e-01
    4.23145959e-02  -5.66902275e-01   1.86323857e+00  -1.67987602e+00
   -1.72421085e+00   3.63167549e-01   1.50391834e-01   3.70690835e-01
   -1.54354372e+00   2.11704006e-01   8.86960589e-01  -3.31906009e+00
    1.38879265e+00  -1.44917541e+00  -2.96229034e-02  -1.17451404e+00
    1.57223907e-01 
    8.49372146e-01   2.58117927e-01   2.53990890e+00   5.64067303e-01
   -1.93162158e+00  -7.43122388e-01  -1.05939057e+00  -9.11752541e-01
    1.49921547e+00   1.15891230e+00   2.72576526e-01  -2.60645480e-01
   -1.66934741e+00   4.45084235e-01  -3.03435187e-01  -1.08244416e+00
    2.25710703e+00  -3.10856068e-01  -1.16596663e+00   1.12887107e+00
   -1.29605723e+00  -1.89054769e+00  -8.17916963e-01   1.13896434e+00
    1.14153210e+00   1.18343506e+00  -1.79799920e+00  -8.95325285e-01
    1.58883882e+00  -5.34269571e-01  -2.66145120e+00   7.73375538e-01
   -3.77728196e-01 
   -8.80496358e-01   8.18909536e-01  -1.27044645e+00  -8.86876306e-01
    1.27118105e+00   1.08172436e+00   1.28034477e+00   2.74127507e-01
    2.35656294e-01  -9.04635523e-01   2.04899156e+00  -2.33835420e+00
    7.10752762e-01  -9.81296819e-01  -3.03813202e+00  -2.61830815e-02
    3.58309547e+00  -3.24355872e-01   9.39324736e-01  -1.66984824e+00
   -1.25825595e+00   7.15371576e-01   9.15378899e-01  -2.55776202e+00
    1.36760545e-01   3.94956403e-01   3.54784581e-01   6.44128864e-02
   -3.23596696e-01   3.65173646e-01  -1.75523282e+00  -2.94790994e-01
   -1.56703350e-01 
   -1.15153960e+00  -9.58584811e-01  -1.79354573e+00   7.20350460e-02
    2.49333002e-01  -1.68775355e-01   3.60132970e-01  -9.62776137e-01
   -4.28871625e-01  -2.44628533e+00   1.29217907e+00  -2.92846835e-01
   -4.16765246e-01  -2.24722396e+00   2.36330609e+00  -9.42979149e-01
    1.36974830e-02  -1.35481232e+00   2.67459898e+00   2.06244185e-01
    1.53339819e+00  -1.12355290e+00  -2.65172760e+00   2.06815600e+00
    1.73085213e+00   1.54562827e+00  -1.39819702e+00  -4.15530913e-01
   -1.09541754e+00  -7.08649290e-01  -8.45455509e-01   9.32401259e-01
   -5.06968937e-02 
   -1.86141954e-01  -4.20287219e-02   6.05210362e-01   9.08248402e-01
    8.84211191e-01  -5.64972987e-01  -3.54851412e-01  -3.34566995e+00
    8.69053894e-01   4.33848909e-02   6.18536082e-02  -2.61377199e-01
   -5.81739161e-01   1.86431557e+00  -8.84276334e-01  -1.59882784e+00
   -8.59739135e-01   2.73610170e-01  -2.74378415e-01  -2.65608125e+00
    4.24961263e+00   4.97279840e-01   4.80206306e-01   2.32040538e-02
   -1.57794289e-01   6.14771028e-01  -1.62222563e+00  -1.41702380e+00
   -3.18269690e+00   6.70221236e-01  -3.02745982e-01  -2.86552276e-03
    9.68680094e-02 
    4.44390283e-01  -4.49682930e-01   4.88388549e-01  -1.20970621e+00
   -4.30235897e-01  -1.07813596e+00   1.43061280e+00   9.89289613e-01
   -8.79344637e-02  -2.23635875e+00  -4.91882026e-01   1.83263253e+00
    3.23240144e+00  -1.45723145e+00  -9.68316545e-01  -3.55654088e+00
   -9.60514929e-01   1.02388046e-01  -5.09930997e-01   4.83624307e-01
   -9.66263279e-01  -3.68092256e-01  -4.79156443e-01  -5.81377768e-01
   -1.76606853e+00  -1.39534197e+00   1.19363896e+00   4.87850490e-01
    2.77019615e-02   2.64665730e+00   4.01228578e-01   7.10767683e-01
   -2.15628618e-01 
    5.08783137e-02  -8.50781470e-01   1.80399224e+00  -5.82827784e-01
    1.26514338e+00  -1.50440971e-02  -9.00721900e-01   4.13107217e-01
    5.36894816e-02   3.11437261e-01  -3.75957651e+00   4.12810845e-03
   -4.55856305e-01  -8.13345535e-01  -3.46395302e-01   2.11718121e+00
   -1.82898295e+00  -5.84050809e-01  -2.19445917e+00  -3.74136767e-02
   -2.30014435e+00  -1.65258044e-02  -2.54054696e+00   3.10417945e-01
   -1.88572696e-01   2.69817589e+00   7.02995045e-01   6.23374006e-01
   -1.47114079e+00   1.26235033e+00   8.46479300e-01  -2.59187739e-01
   -3.41339653e-01 
   -1.59565457e+00   1.91433395e+00   9.42897537e-01   9.64138723e-01
   -1.80975694e+00  -1.91539872e-01   1.09111930e+00  -1.97966140e+00
    1.75917709e+00   9.06477408e-02   4.12859720e-01  -1.34146067e+00
    9.67621380e-01  -1.34241933e+00   1.80390667e+00   1.37812336e+00
   -9.01051737e-01  -1.66219670e+00  -4.27641229e-01   4.20325822e-01
   -1.27789884e+00  -1.40794764e+00   1.90631907e+00  -1.54584079e+00
   -1.20520922e+00  -6.73907445e-01  -5.75614730e-02   7.67319018e-01
   -1.06369611e+00  -1.89960447e-01   1.10400998e+00  -1.42929008e+00
   -4.83495549e-01 
    7.01479880e-01  -5.45591299e-01  -4.55000562e-01  -1.04532123e+00
   -2.13808563e-01  -2.31874011e-02  -8.37339924e-01  -2.24927607e+00
   -2.11532225e+00  -1.90322429e+00  -1.76274264e+00   1.31197681e+00
   -1.71895980e+00  -1.33410534e+00  -1.57331505e-02  -1.21067486e-01
    6.80534057e-01   8.00433338e-02  -1.93464908e+00   1.84595196e+00
    9.27932236e-01   1.18516495e+00   8.24819170e-01  -2.41500793e+00
    2.35009363e+00  -2.90447290e-01   1.28553457e+00  -4.04799637e-02
    1.91410482e+00   2.12378550e-01   1.21271441e-01  -1.33027708e+00
   -1.56936506e-02 
   -5.71371912e-01  -1.97282637e+00   1.52854354e-01   6.61274585e-01
   -4.77781771e-01   7.37642171e-01  -8.42753188e-01  -2.09369663e+00
   -1.07723670e+00  -1.24873708e-01   9.13144840e-01   7.57928896e-01
   -2.50679006e+00   1.81707597e+00  -3.20365327e-01   1.57097666e-01
    8.13314850e-01  -1.02474298e+00   7.70135637e-01   1.32110475e+00
   -5.81888840e-01  -8.48808979e-01  -1.09480875e+00  -2.22483120e+00
   -1.82264308e+00  -1.57082680e+00   2.75521328e+00   6.65476444e-01
   -8.96325525e-01  -4.71150313e-01   1.26213688e+00   2.00695833e+00
   -1.97160333e-01 
   -1.42761261e+00   3.30170419e+00  -9.07783172e-01  -2.30505149e+00
   -1.78634146e+00  -8.16529189e-01  -1.00157536e+00   3.41951841e-01
    9.00016021e-01  -1.95854434e+00  -2.27958770e+00  -2.73655838e-02
   -9.42620260e-01   1.35771260e+00   3.12521608e-01   1.33381960e+00
   -6.82423376e-01  -4.19322369e-01  -7.64259794e-02  -6.15049813e-01
    8.11013647e-01   1.71674218e+00  -4.34426334e-01   7.14395651e-01
    1.05675995e+00  -1.77172296e+00  -1.19154707e+00  -7.85978195e-03
    6.47210937e-01  -7.55022471e-01   7.92186751e-01   9.71471713e-01
   -3.93429311e-01 
   -4.89169637e-01  -6.31076366e-01  -2.35875015e+00  -1.73939810e+00
   -1.82165483e+00   6.94290236e-01   2.49264968e-01  -2.29976338e-01
   -3.82672494e-01   2.34581530e+00  -1.01946003e-01   1.92741471e+00
   -1.07246694e+00   1.33398726e-02  -1.75006758e-01  -1.17593380e+00
   -1.06347335e-01  -1.00084946e+00  -2.44818861e-01  -1.05711430e+00
    5.21013172e-01  -4.45983849e-01  -7.75334835e-01  -6.98753477e-01
    9.62549442e-02  -3.74412666e-01  -1.40544799e+00   4.16712913e-01
    1.27094445e+00  -1.04169081e+00   1.55040851e+00  -3.92830469e-01
   -2.05285375e-01 
   -2.89841948e-01  -7.29124628e-01   5.70281048e-01   1.58717221e+00
   -1.90855980e+00   9.83188122e-01  -1.67480461e-01   7.09929956e-01
    8.06822091e-01  -5.92007683e-01  -8.52167788e-01   3.04210869e-02
   -1.47270040e+00  -5.48604564e-01  -2.19519099e+00   1.56973815e+00
   -2.42466694e+00   1.98128188e-01   7.97747997e-01  -6.44152334e-01
    5.51108574e-01  -6.42132157e-01   1.13964415e+00   2.21800317e-01
    3.41377884e-01  -1.85523148e+00   8.66743664e-01  -1.12352851e+00
    2.35775179e-01  -7.99155487e-01  -6.87110911e-01   5.81585454e-01
   -3.33834154e-01 
   -7.43990920e-01   1.45320814e+00  -5.49163200e-03  -1.01082715e+00
   -1.05287346e+00  -1.69679181e-01   8.25300693e-01   1.00001220e+00
   -4.54609475e-01  -1.27596498e-01  -5.67534484e-01  -6.94618708e-01
    2.41205600e-01   3.32606317e-01   1.08516438e+00  -9.85332237e-01
    5.02810950e-01   1.01911447e-01  -8.23214477e-01   2.75609304e-01
   -3.76568445e-01   7.03273758e-01  -5.59644680e-02  -3.53249830e-01
    8.39625786e-01  -1.30790917e+00  -5.54865726e-01  -1.69892994e-01
   -1.33652461e+00  -4.64979327e-02  -1.43328928e+00  -2.02365670e+00
   -7.95269006e-01 
   -3.47740591e-01  -1.18092559e+00  -1.63130409e+00   1.09068262e+00
    1.03930065e+00   7.07910548e-01  -4.55935020e-01  -4.15559656e-01
    1.13084863e+00   1.02835117e+00   1.78967900e-02   2.70272187e-02
   -4.65231743e-01   2.17919678e-01  -8.01095493e-01   8.68135912e-02
   -6.07067626e-02  -1.19339408e+00  -6.08692322e-01   1.21750535e+00
   -6.82030391e-01   4.09634477e-01   8.81821058e-02  -1.10707394e+00
   -4.64376594e-01  -1.12998556e+00  -1.31279160e+00  -3.27748111e-01
    7.31336997e-01  -4.67602070e-01  -7.62031438e-01  -3.72117085e-01
   -1.22456367e-01  