NN 16 32 16  -2.38509763 -0.29890637 -0.49750752  0.76011407  0.70866039 -0.29016676
  -0.5687622  -0.55876313  1.26211117 -0.93428639  0.18376634  0.86418659
   0.52487794 -0.02978356  0.01533748 -0.09995917 -0.52599655 
   0.2933373   0.03212345 -0.48912009 -0.80243969  0.50828399 -0.16130493
  -0.02046242  0.59915309 -1.50068378  0.36108127  1.33212204 -2.26495026
   0.36911434  0.60155721 -0.61575919  0.62518274  0.51250416 
   0.00960881  0.21360364 -1.62377091  1.13649228  1.34064368 -0.88515005
  -0.82238048 -1.27749562 -0.72472733  0.11793549 -0.04212673  0.11634333
   1.43917535 -0.79545635 -0.08632755  0.50665992  0.29370988 
   1.18278667 -0.68023085 -0.46383882  0.48612858 -0.39007659 -0.83442283
   1.00013619  0.05776695 -0.72319066  0.7555415  -0.69225768  1.3050314
   1.02271153 -1.45465477  0.6068661  -0.81594857 -0.44085355 
  -0.24180071 -0.85478194  1.13890974 -0.87788733 -0.35250624 -0.78565075
  -0.07181345 -1.25725784  1.38555012  0.25605405 -0.25181851  1.23858428
   1.11254552  1.26445992  0.20024607 -0.87349974 -0.62414699 
  -0.15067408  0.37696252  0.6101066  -0.66788244  0.01771383  0.80823397
   0.67024533  0.1668392  -0.05127749 -0.23146973 -0.51391068  0.76290461
  -0.4753695  -0.84147907 -0.14368626  0.09110427 -0.23565445 
   0.32070748  1.1056237   1.02576392 -1.1546982  -0.3691899  -0.03963918
  -1.21843184  0.75115769 -0.55689528  0.2796175   0.63706507  0.62399633
  -0.22580931 -0.08139667 -0.65877531  0.58464088 -0.38401697 
   0.2966167  -1.0578349   0.6419235  -0.33347704  0.47737583  2.40728227
  -1.05172289 -0.23923449  1.46284219  1.63352587  0.87945705 -0.890375
  -0.46487767 -1.27391641 -0.87317531 -0.1977151  -0.75749822 
   0.08660631  1.64511888 -1.03025789 -0.20567283  0.49548502 -0.82767917
   0.09274995 -0.14170579 -1.10347539  1.60872933  0.90631948 -0.73601966
   0.16689806 -1.09446526  0.3122169  -0.40649539 -0.11987968 
  -1.55349788  0.50282362 -0.88035888  0.59884262  1.55429754 -0.33801919
   1.22011362 -0.4653174  -0.49114427  1.18001517 -0.0079882   1.1014799
  -1.75915627 -0.09270912 -0.15225555 -0.84353742 -0.18174202 
  -0.39588785  0.62353206 -0.29547757 -1.96993277 -1.5316304  -0.75088133
   0.34552881  2.56356872 -0.42948088  0.95518844 -0.85730036  1.2689047
  -0.50593681  0.06285669  0.06036558  0.03647605 -0.60198705 
   1.56205128 -0.99377229  0.65322664  1.52357616  0.91399125  0.17703061
  -1.2591684   0.12933072  0.67309107 -0.51409163 -0.65011128 -0.26409313
  -1.7501924   0.07306555  0.26908899 -0.43117361 -0.06213663 
   0.31768294 -1.38096297  0.77020604 -0.67705529  0.27965721  0.02388292
  -2.55077203  0.32677942 -1.27372645  0.73160611  1.90429648  0.34686069
  -0.16021839  0.7686187  -0.44132784 -0.36666414 -0.76244444 
  -0.00520466 -0.10761116 -0.78982033  0.3588576   1.76345715 -1.38857725
   0.79420566  0.06188618  0.84585842  1.30960144 -1.70360187 -1.45373624
  -0.10723078  0.46206471 -0.06153748 -0.12639929 -0.06649161 
   0.26091112 -1.88355801 -0.09285148  1.88563803 -1.71227346  0.75458369
   0.04920532 -0.14050537 -1.37181576  0.19367564 -0.05195388 -0.63723509
   0.42053635  1.60676657 -0.83787604  0.09430982  0.591452   
   0.91448208 -0.69667823  0.07799647 -0.08973058 -0.00997125  0.69511865
   2.30027944 -2.16965093 -1.13127611 -0.1367447  -0.28513975 -0.68493307
   1.39752458 -1.22609126  0.33764791 -0.14537347  0.37798533 
   1.16625495  0.35100167 -2.08158184 -2.63433824  0.16186035  0.2621559
   0.79809548  1.3358092   0.44227014 -0.53675141 -0.72038677 -0.03854317
  -0.28043459  1.68427531 -0.46608116  0.41911937 -0.06279428 
  -0.95369899  0.07224395  0.10149574  0.05658546  0.86140051 -0.70788282
  -0.40157969  0.01610472  1.24100906 -0.36188823  0.63351262 -0.19892117
   0.45823425 -0.44487769 -0.21357933  0.29603493 -0.42197055 
   0.21005038 -1.48818327  0.87477355 -0.61004588 -1.74879103  0.5059502
   0.61468066  1.11984504  0.59950226  1.41771099 -1.3955296  -0.60245741
   0.05131878 -0.8137304   0.4944174   0.31186458  0.13282149 
  -0.95867777  0.53192987 -0.88148723  1.39031533 -0.25103001  1.6949782
  -0.29092409 -0.75840249 -0.3367034  -1.46111028 -0.64280489  0.34405589
   1.09719003  0.5359054  -0.12072892 -0.58511012  0.41463124 
   0.41796465  1.91661066  0.89740429  0.14143791 -0.84311152 -2.82517375
   0.75766502  2.20087125  1.11099299 -0.89038739  0.47625614 -0.84699118
  -0.74658399 -0.21866353  0.35713714 -0.10561983 -0.17403923 
  -2.05412835  0.54248151  1.27824602 -0.70694967  1.12180388 -0.61962688
  -0.14143247 -0.392629    1.27913844 -0.90635522  0.2826986  -1.36716262
   0.34084778  0.63198215 -0.56181224  0.01959987  0.61639005 
  -0.54708621 -0.33796301  0.6359397  -0.96112121  1.65022851 -1.19329095
   0.20692123  1.54066075 -1.59769425 -0.73976134  0.85432362  0.41865196
   0.70995698 -0.52199596 -0.25665496 -0.06967195 -0.33841651 
  -1.40906449 -0.15832326 -0.83957332  1.78203371 -0.93913745  0.5465837
   0.08599389 -0.67468533  1.5629576   1.52001192  0.91476622 -1.33725242
   0.1594292  -0.8021683   0.31017949 -0.40461875 -0.41580098 
   1.51475623  1.10996207 -1.14203695 -0.19096713 -1.84638309 -0.360709
   0.91021263  0.29575611  0.72279992 -1.9586353   1.68250973 -0.49051709
  -0.1534216  -0.1418496  -0.26509132 -0.2093384  -0.23402913 
   1.03664312 -0.09545623 -1.20483751 -0.30316224 -1.16278213 -0.35517549
   1.44439333 -2.23871442  0.16416534 -0.30115115  0.88226247  1.11918363
   0.06951334  0.95690287  0.61894199 -0.08891719 -0.52850447 
  -0.60745517 -0.74950757  1.56706886 -0.19007675  1.12653563  1.0137805
  -1.27478095 -0.57497046  0.0833985  -0.65036664 -2.01342972  0.84654961
   1.21292995 -0.61072088  0.17882159  1.13794723 -0.08803342 
  -0.39880558  1.9282079   1.16843497  0.09321855 -0.02503429  1.53404876
  -0.72780776 -0.42181611 -0.80355996 -0.30801371 -0.46658771 -0.35954002
  -0.60947382  0.54103543 -0.09517356  0.34286592 -0.287113   
   0.04911179 -1.35316479 -0.70663094  0.11614879  0.79562209  2.11842187
  -0.57486424  0.76311835  0.51966225 -1.28947098  0.76373535 -0.28828646
  -1.01768317  0.11363144  0.8868888  -0.89154012  0.0535995  
  -0.05578899  1.25859208  0.49965395 -0.44913651  0.40088722 -0.86068332
  -1.9935284  -1.5456326   0.1935827  -0.40591144  0.15380191  0.41050765
   0.60564644  0.342646   -0.203893    0.47811338  0.25494083 
  -1.16923859 -0.0130947   2.21666045  1.19165906  0.60406028  0.5164835
  -0.72162706 -0.85431453 -0.24578848  0.43901332 -1.17777945 -0.65536154
  -0.87165184  0.69890313  0.56273095  0.41453334  0.2558434  
   1.22587192  0.8960111  -0.71710143 -0.24436577 -0.5841406   0.04720706
  -0.79830547 -0.10054131  1.0999043   0.94387867 -1.43766286 -1.04699179
  -0.18922878 -0.93081826  1.30408757  0.04615481 -0.36397798      2.43963253e+00  -3.62044169e-01  -1.65625645e-01  -1.75373543e+00
   -2.27707601e-01   2.39810444e-01  -2.46980421e-01  -6.74201549e-01
    2.72096429e-01   1.38999041e+00   1.96815426e-01  -2.15115221e+00
   -7.51069837e-01   2.72819795e-01   2.13687300e-01  -1.28629103e+00
   -7.63605614e-01   4.42645856e-01  -2.09100858e-01   8.53409933e-01
   -5.58189556e-01   2.50374388e+00   5.51014740e-01   1.54514811e+00
   -2.40182492e+00  -9.44377199e-01   5.38165030e-01  -3.40463454e-02
   -4.87751751e-01  -3.46006639e-02   1.09560935e+00  -1.55694910e+00
   -2.53364745e-01 
    4.27085153e-01   1.07974491e-01  -3.39030844e-01   5.87685477e-01
    8.02286223e-01  -2.79554017e-01  -1.29783991e+00   7.60076880e-01
   -1.81230025e+00  -7.18246916e-01  -9.82627681e-01   5.30886073e-01
    1.76398255e+00   5.03196334e-01   1.75162805e+00   4.87793570e-01
   -3.24265163e-01  -6.41798287e-01   1.82586868e+00  -1.16571659e+00
   -1.87844916e+00   1.16622371e-01   6.28780291e-03   4.16780759e-01
   -1.80655809e+00  -8.08555974e-02   9.94257208e-01  -2.61030380e+00
    1.29682187e+00  -1.36423791e+00  -1.13610533e-01  -1.06738741e+00
   -3.08738806e-03 
    8.61442947e-01   3.70064335e-01   2.09489962e+00   2.60149545e-01
   -1.83223623e+00  -5.44840590e-01  -1.18027170e+00  -1.03215801e+00
    1.26118051e+00   1.13944854e+00  -8.07051110e-02  -5.27620024e-01
   -1.04683814e+00   6.10457724e-01   1.01537619e-01  -9.95258100e-01
    2.09627333e+00  -4.54625283e-01  -1.10812476e+00   9.39305674e-01
   -1.20506110e+00  -1.47190813e+00  -6.40890168e-01   1.16405639e+00
    1.13555863e+00   1.48894814e+00  -1.92054133e+00  -1.04643632e+00
    1.24416876e+00  -6.34811251e-01  -2.62264443e+00   6.22335753e-01
   -4.84039493e-01 
   -6.53663533e-01   8.78942147e-01  -1.05781340e+00  -7.27483353e-01
    8.52452717e-01   9.35026510e-01   1.08433187e+00   1.85310683e-01
    2.48991158e-01  -7.81625949e-01   1.80090693e+00  -2.05097177e+00
    8.05294984e-01  -6.64263233e-01  -2.55346447e+00   1.32142214e-01
    3.13160384e+00  -3.96710141e-01   1.19192234e+00  -1.65155889e+00
   -1.12393563e+00   7.75588899e-01   1.01693177e+00  -2.32766565e+00
    1.10524343e-02   4.81940554e-01   4.59500946e-01  -1.73725690e-01
   -3.50901266e-01   4.03042281e-01  -1.61678736e+00  -1.84095052e-01
   -5.07851989e-02 
   -7.74392497e-01  -8.02129439e-01  -1.49367969e+00   2.02914579e-01
    1.40330439e-01  -5.38719507e-02   4.73595904e-01  -6.39462300e-01
   -5.73930184e-01  -2.19919386e+00   1.20796440e+00  -3.76120483e-01
   -4.67427740e-01  -2.14418056e+00   2.25642479e+00  -4.37713667e-01
    1.54453656e-01  -1.40329250e+00   2.49873484e+00  -4.64516017e-02
    1.67389462e+00  -9.61449717e-01  -2.33105639e+00   1.72343722e+00
    1.39724661e+00   1.40013706e+00  -1.32432233e+00  -4.87317584e-01
   -1.18485749e+00  -7.16424248e-01  -5.39639544e-01   4.94496900e-01
    4.07274996e-03 
    7.55971737e-02   9.28582101e-02   6.60919639e-01   9.76060228e-01
    7.39687021e-01  -3.72685901e-01  -1.77430857e-01  -2.75284508e+00
    6.89653419e-01  -5.10709705e-02   9.24062733e-02  -2.39108146e-01
   -3.43321145e-01   1.74837984e+00  -1.01157354e+00  -1.21485633e+00
   -6.82834804e-01   1.23625166e-01  -4.92568882e-01  -2.24920208e+00
    3.80500532e+00   5.02709554e-01   9.01880013e-01  -7.99524269e-02
   -2.49811057e-01   2.98527395e-01  -1.44009209e+00  -1.25132727e+00
   -2.70966620e+00   7.09780828e-01  -5.81351198e-01  -9.39357442e-02
    9.72078267e-02 
    2.47745181e-01  -7.96863379e-02   9.50811530e-01  -1.17621451e+00
   -6.18222664e-01  -7.77370312e-01   1.33127225e+00   7.27915761e-01
   -1.66876452e-01  -2.24692185e+00  -4.12850480e-01   1.52657333e+00
    3.08815337e+00  -1.07663128e+00  -4.66961495e-01  -3.16064765e+00
   -7.72191023e-01  -1.09965466e-01  -6.78516771e-01   5.89527485e-01
   -8.52757328e-01  -1.34714303e-01  -2.90051060e-01  -5.23522800e-01
   -1.42344107e+00  -1.49524356e+00   8.20933563e-01   6.84767285e-01
   -1.86664343e-01   2.31701621e+00   1.61602676e-02   5.99465355e-01
   -1.88286592e-01 
    5.19208370e-02  -7.01838352e-01   1.74388188e+00  -5.48643037e-01
    9.97769649e-01   1.03277995e-01  -7.25461409e-01   3.02854639e-01
    2.41125918e-01   1.06476948e-01  -3.29891883e+00  -2.26581558e-01
   -4.80843292e-01  -3.71618462e-01  -5.28456336e-01   2.01928341e+00
   -1.58988280e+00  -5.71311777e-01  -1.83556877e+00   3.32209854e-01
   -2.38912377e+00   7.78947827e-02  -2.33020804e+00   2.25955199e-01
   -3.05238774e-01   2.04840118e+00   8.66176809e-01   7.09528681e-01
   -1.45029618e+00   1.68092012e+00   5.11586072e-01  -2.83281632e-01
   -2.28949882e-01 
   -1.22938185e+00   1.59887641e+00   8.75130697e-01   7.63592855e-01
   -1.64123580e+00  -5.72840531e-02   8.18627163e-01  -1.98676794e+00
    1.30448768e+00   2.70865796e-02   1.73507780e-01  -1.26441083e+00
    7.25446319e-01  -1.23731096e+00   1.71633666e+00   1.54120584e+00
   -8.88320872e-01  -1.40310326e+00  -5.52479330e-01   6.05652476e-01
   -1.20762813e+00  -1.18552490e+00   1.71853253e+00  -1.74104262e+00
   -6.88804406e-01  -4.98012290e-01   4.02569378e-02   6.66995717e-01
   -7.29665365e-01  -2.29607161e-01   7.71545496e-01  -1.43428021e+00
   -4.62706560e-01 
    6.43299462e-01  -3.41592887e-01  -3.55439678e-01  -9.02883462e-01
   -1.88095931e-01  -1.06765356e-01  -6.14139775e-01  -2.06670415e+00
   -1.71442908e+00  -1.59431986e+00  -1.47320947e+00   8.34449109e-01
   -1.45026354e+00  -1.34407321e+00   1.34928517e-02  -1.31225583e-01
    7.39191144e-01   7.58532443e-02  -1.75410331e+00   1.55693705e+00
    8.94219897e-01   1.01654218e+00   8.58860050e-01  -2.07427852e+00
    2.24477587e+00  -3.78989853e-02   8.56868383e-01  -2.05103945e-01
    1.59349790e+00   1.31345547e-01  -6.50463142e-02  -1.23398302e+00
    7.78844077e-02 
   -7.02841045e-01  -1.54396614e+00   2.71268484e-01   5.67792210e-01
   -5.14827324e-01   5.92559421e-01  -7.42165954e-01  -1.98018655e+00
   -8.08456962e-01  -5.13395912e-02   8.28015071e-01   7.54645282e-01
   -2.32033985e+00   1.68183328e+00  -2.37474849e-01   2.41468179e-01
    8.03494542e-01  -8.58834052e-01   5.09345310e-01   1.34375345e+00
   -4.86790985e-01  -6.90736075e-01  -9.16622578e-01  -1.98730443e+00
   -1.60302078e+00  -1.44963044e+00   2.37247637e+00   6.32807106e-01
   -6.85176691e-01  -4.73504458e-01   9.83576044e-01   1.77498761e+00
   -4.50819305e-02 
   -1.37799423e+00   2.80757515e+00  -7.88481402e-01  -2.08557302e+00
   -1.58168006e+00  -5.40729175e-01  -7.89480274e-01   4.20692380e-01
    8.82241320e-01  -1.76249709e+00  -1.94893451e+00  -9.10687884e-02
   -8.58085218e-01   1.36527511e+00   3.24014450e-01   1.13887178e+00
   -5.96953613e-01  -4.76196382e-01  -1.68808567e-02  -4.67009925e-01
    7.19517733e-01   1.54096929e+00  -3.35024227e-01   5.48609289e-01
    9.30302245e-01  -1.79511242e+00  -8.70393399e-01   1.38213285e-01
    4.91950281e-01  -5.59826881e-01   7.07162596e-01   9.29006417e-01
   -2.68727646e-01 
   -3.75084021e-01  -3.87018087e-01  -1.99269883e+00  -1.41374835e+00
   -1.59457519e+00   5.52367645e-01   3.05966802e-01  -1.53637989e-01
   -1.20832150e-01   1.88646402e+00   1.71969325e-02   1.48357542e+00
   -9.96667888e-01  -1.56769978e-02  -4.03568140e-02  -1.09766401e+00
   -1.01213123e-01  -7.85513590e-01  -6.72802401e-02  -7.14454478e-01
    6.08259990e-01  -4.39213787e-01  -5.18036962e-01  -4.62643845e-01
   -2.79241639e-02  -5.60402354e-01  -1.08321110e+00   2.99670260e-01
    1.14247537e+00  -9.90772837e-01   1.28965919e+00  -4.01578734e-01
   -9.02968114e-02 
   -2.88333375e-01  -6.47676238e-01   5.27784690e-01   1.29597868e+00
   -1.65253060e+00   7.95118828e-01  -2.70808376e-01   4.04464904e-01
    6.45466137e-01  -4.82886840e-01  -9.17301929e-01   8.81171408e-02
   -1.44245046e+00  -2.98146528e-01  -1.87521349e+00   1.35009849e+00
   -2.05328475e+00   5.83100806e-02   5.54346869e-01  -5.15104547e-01
    4.87803707e-01  -5.88180796e-01   8.55016391e-01   4.97434009e-02
    2.79614276e-01  -1.62945626e+00   7.73134625e-01  -9.67900974e-01
    2.33992605e-01  -6.44319858e-01  -5.18724031e-01   4.55568778e-01
   -2.95977988e-01 
   -5.35519482e-01   1.00110543e+00   5.27038914e-02  -7.35612966e-01
   -8.98556177e-01  -2.15008110e-01   4.79184309e-01   5.07729404e-01
   -1.43421402e-01   8.62410021e-02  -4.84064934e-01  -5.77531804e-01
    1.02683880e-01   2.32867591e-01   6.57853922e-01  -7.50355663e-01
    3.92359795e-01   8.66812120e-02  -7.13957632e-01   4.16713868e-01
   -6.49832273e-02   6.00581643e-01  -1.60894036e-02  -1.01475976e-01
    5.36677894e-01  -1.00110062e+00  -3.83080168e-01  -1.21559715e-01
   -6.55797262e-01   5.88960146e-03  -1.12244536e+00  -1.32350974e+00
   -7.01412561e-01 
   -3.97241048e-01  -6.05638799e-01  -1.01422323e+00   3.12284790e-01
    4.79609844e-01   5.55953281e-01  -2.04950285e-01  -2.64230875e-01
    6.35573389e-01   5.86197802e-01  -1.50215769e-01  -9.04334006e-02
   -5.09236966e-01   1.16316106e-01  -6.13195365e-01   2.92349088e-01
    2.05654377e-01  -8.63905619e-01  -3.92845151e-01   5.67859557e-01
   -6.55483078e-01   1.93748189e-01  -6.63416033e-02  -9.86010361e-01
   -2.31393777e-01  -7.95266342e-01  -8.68822526e-01  -3.11994280e-01
    4.54374785e-01  -2.91707398e-01  -7.67219684e-01  -2.46885580e-01
   -5.34587868e-02  