NN 16 32 16   -3.42396587e+00  -8.47592350e-01  -4.20254746e-02   7.01842231e-01
    2.38522927e+00  -1.00105016e+00  -1.76381090e+00  -1.82428988e+00
    2.80793022e+00  -1.38911722e+00  -1.80092436e-01   2.79436577e-01
    8.60737025e-01  -1.79761850e-01   3.17668926e-01  -4.00841534e-01
   -7.51855442e-01 
    7.67835859e-01  -4.89096656e-01  -3.76374857e-01  -3.58304870e-01
    1.01529473e+00  -2.93734074e-01   1.15174986e-01   4.42150003e-01
   -2.28638383e+00   7.96264603e-01   1.89219546e+00  -3.59508624e+00
    6.90727213e-01   6.96292460e-01  -1.84812693e+00   1.27378195e+00
    5.68372127e-01 
   -7.05593763e-01   3.24031880e-02  -2.56781035e+00   8.94066909e-01
    2.51298637e+00  -1.80471788e+00  -4.26456773e-01  -7.73871359e-01
   -8.97421665e-01   6.11102072e-01  -3.27231239e-02   2.19594819e-01
    1.48835502e+00  -7.74004710e-01  -1.53431966e-01   1.89862476e+00
    1.63890544e-01 
    1.57221070e+00  -8.31843196e-01  -1.32121383e+00   9.41991493e-01
   -2.74901965e-02  -1.11391485e+00   9.26942247e-01  -4.06041658e-01
   -1.35392043e+00   8.15959526e-01  -1.41649558e+00   1.74073731e+00
    1.65945398e+00  -1.57204550e+00   1.05925424e+00  -1.84894715e+00
   -2.81563221e-01 
   -3.07164240e-01  -1.51068450e+00   1.41217418e+00  -9.60349016e-01
   -2.98260990e-01  -6.40753436e-01   5.14527944e-02  -1.79896411e+00
    1.23348739e+00  -4.87482540e-01   6.56519241e-02   1.92781432e+00
    1.60704392e+00   2.09302887e+00  -6.85121076e-02  -1.42113736e+00
   -6.97017565e-01 
   -3.87248884e-01   1.20253420e+00   1.63615687e+00  -1.30638731e+00
    6.29430492e-01   1.11066440e+00   1.78133046e+00  -1.95709387e-01
   -1.00194601e-01  -3.02653374e-01  -1.87181617e+00   5.08806521e-01
   -8.09679643e-01  -1.34705223e+00  -3.96539843e-01  -1.55269977e-01
   -4.17826999e-03 
    7.20115318e-01   1.57855224e+00   1.40335255e+00  -1.78444014e+00
   -1.03290464e-01  -1.93271462e-02  -1.84011711e+00   1.18790880e+00
   -5.53982848e-01   4.51400381e-01   7.10498931e-01   2.01702255e-01
   -2.65727960e-01  -4.29482812e-01  -1.40360015e+00   7.48822160e-01
   -6.93910113e-01 
    7.79436628e-01  -1.36642612e+00   1.05008637e+00  -3.96750335e-01
    5.71651185e-01   3.81768280e+00  -2.00772536e+00  -9.76639164e-02
    2.19840503e+00   2.11777722e+00   5.36972643e-01  -7.09542396e-01
   -6.58919075e-01  -2.53855108e+00  -1.27016887e+00  -1.00150253e-01
   -6.76424657e-01 
    2.78258450e-01   2.60589292e+00  -9.77259649e-01  -8.34418708e-01
    7.73244411e-01  -1.16760786e+00  -9.85753437e-01  -7.11966095e-02
   -1.57914871e+00   2.28384684e+00   1.21953397e+00  -1.15661020e+00
    7.22384801e-01  -1.67515446e+00   1.25894846e+00  -1.46818792e+00
   -1.34130508e-01 
   -1.44895144e+00  -1.41030699e-01  -6.50216420e-01   1.37295697e+00
    1.65431073e+00  -8.65929359e-01   1.27583185e+00  -6.84527871e-01
   -7.93767365e-01   1.21566832e+00   4.05695464e-01   1.96104733e+00
   -2.51850362e+00   5.59627035e-01  -4.16702273e-01  -1.21961903e+00
    3.58606317e-01 
   -5.24229432e-01   5.44670168e-01  -6.85566845e-02  -2.70038733e+00
   -2.08730401e+00  -1.33076479e+00   1.48794861e-01   3.82130110e+00
   -1.01869305e+00   6.48558341e-01  -7.09135604e-01   2.77761488e+00
   -8.66438562e-01  -2.86802566e-01  -4.72686433e-02   3.12551429e-02
   -5.94515892e-01 
    2.60471791e+00  -8.11697585e-01   2.54363780e-01   1.84841266e+00
    1.50103983e+00  -6.40080210e-01  -1.36722546e+00   6.06293254e-01
    1.47546579e-01  -1.12484251e+00   2.60915147e-01  -6.56781419e-01
   -2.82904739e+00   2.66441148e-01   8.47182234e-01  -8.81295312e-01
   -2.14750472e-01 
   -2.00411036e-01  -1.86908500e+00   1.15129091e+00  -1.87486816e-02
   -1.07290345e-01   4.27234104e-01  -3.39909998e+00  -2.18838532e-02
   -1.83212515e+00   8.36297343e-01   2.85208939e+00   6.59477488e-02
   -4.68649175e-01   1.13648120e+00  -6.70371167e-01  -6.98830573e-01
   -1.27220507e+00 
   -4.73597523e-01   2.10964944e-01  -5.96058826e-01   8.15851564e-02
    2.10251283e+00  -1.93269763e+00   8.29759538e-01   6.80318759e-01
    9.68545573e-01   1.60673482e+00  -2.15282600e+00  -1.61418952e+00
   -8.82388311e-01   3.86160359e-01  -4.15732238e-01  -9.73263600e-02
   -1.27470342e-01 
    1.41481472e+00  -1.85134076e+00   6.13621219e-01   2.73133887e+00
   -2.05965169e+00   9.43364018e-01   5.14994567e-01  -8.82267248e-01
   -1.54150329e+00  -1.72537015e-01  -3.39136431e-01  -2.57774551e-01
    7.86004040e-01   2.33422613e+00  -1.89864857e+00  -7.98644822e-02
    6.29151579e-01 
    1.34545758e+00  -8.68052469e-01  -3.74301008e-01   6.11131417e-02
   -3.92718201e-01  -2.15105530e-01   3.08716667e+00  -2.83593599e+00
   -1.43315169e+00  -8.32423551e-01  -4.77208801e-01  -8.98598845e-01
    1.33653445e+00  -1.85161970e+00   7.28317847e-01   3.76685450e-01
    4.30841414e-01 
    1.36872745e+00   6.43429434e-01  -2.94074031e+00  -3.94982414e+00
    8.17295557e-01  -4.48531649e-02   9.09997403e-01   1.38865782e+00
    7.42547053e-01   1.63416883e-01  -9.24178462e-01  -9.10927068e-01
   -3.14565474e-01   1.76602319e+00  -5.57084031e-01   9.89933848e-01
    1.64140733e-01 
   -1.46957818e+00   3.20254025e-01  -1.32505186e-01   1.78867669e-01
    7.41648236e-01  -1.33053063e+00   8.70769733e-02   1.33249153e-01
    1.43963203e+00  -8.96257228e-01   1.00165308e+00  -3.31635822e-02
    8.16342350e-01  -9.84298331e-01  -6.28399350e-01   1.09113477e+00
   -6.36086688e-01 
   -8.99820545e-02  -2.22805964e+00   1.99204957e+00  -1.16688922e-01
   -2.32662321e+00   2.88710755e-01  -2.63858034e-01   1.56268951e+00
    2.68209142e-01   1.62200691e+00  -1.70390327e+00  -3.93509477e-01
    5.95588690e-01  -1.16815968e+00   5.78179842e-01   6.26567368e-01
    1.05642076e-01 
   -1.41306399e+00   5.25700498e-01  -9.33896133e-01   1.94864776e+00
   -7.41877294e-01   1.74015799e+00   9.52620444e-01  -1.57891035e+00
   -2.80661908e-01  -1.72777177e+00  -8.04573776e-01   7.36898385e-01
    1.73702773e+00   1.85261000e-01  -2.17280193e-01  -2.02330534e+00
    3.64244148e-01 
   -2.13911830e-01   2.55876260e+00   8.86905583e-01  -2.98982529e-01
   -3.46551573e-01  -4.42053694e+00   1.22353484e+00   3.30680417e+00
    1.36941574e+00  -2.03508607e+00   7.31552090e-01  -2.62798057e-01
   -5.68552479e-01  -6.87476197e-01   5.85123371e-01  -2.73452011e-01
   -2.99040820e-01 
   -2.43381856e+00   8.96102239e-01   1.87657457e+00  -1.55374935e-01
    1.66755240e+00  -9.32920818e-01  -7.79627592e-01  -5.59996534e-01
    2.08892145e+00  -1.24504449e+00   8.46589434e-02  -1.78309592e+00
    5.84423876e-01   5.35698432e-01  -1.09761213e+00  -3.84934984e-01
    6.47730582e-01 
   -3.26637678e-01  -4.76212888e-01   4.02109406e-01  -8.36275437e-01
    2.22330251e+00  -1.37265128e+00   1.08874793e-01   2.21126603e+00
   -2.57934782e+00  -8.83377187e-01   1.06310951e+00   7.42666083e-01
    4.42805421e-01  -7.57154388e-01  -4.28529303e-01  -9.55100698e-01
   -3.63157498e-01 
   -1.94989192e+00   2.38027623e-01  -1.29777146e+00   2.09548173e+00
   -1.06029424e+00   9.65906627e-01   7.66628798e-01  -5.94604623e-01
    1.09128764e+00   1.55817564e+00   1.58822258e+00  -1.77278387e+00
    7.96423843e-01  -1.31131648e+00   5.21357792e-01  -2.09642410e-01
   -6.13264084e-01 
    1.59582944e+00   1.48574665e+00  -1.99943040e+00  -9.04170445e-01
   -3.37350988e+00  -1.18641137e+00   9.44702346e-01   5.62143400e-01
    1.20660769e+00  -2.29870333e+00   1.88677146e+00  -1.83616623e-01
    3.27709126e-01  -3.24461670e-01  -8.38566069e-01   6.58436068e-03
   -2.41941341e-01 
    1.67564690e+00   9.22006720e-02  -1.62948007e+00  -3.03234999e-01
   -1.10819568e+00  -4.50313540e-01   2.68169873e+00  -2.85767012e+00
   -7.52052919e-02  -3.39039058e-01   3.15813121e-01   9.26929413e-01
   -1.97536920e-01   1.31150304e+00   8.18647066e-01   9.67231427e-01
   -5.91864517e-01 
   -6.58353104e-01  -5.53023473e-01   1.92836179e+00  -2.36511423e-01
    1.44891027e+00   1.78910773e+00  -2.96768265e+00   1.11641719e-01
    3.85552213e-01  -8.72104200e-01  -2.96759621e+00   1.83385004e-01
    1.74227406e+00  -1.29057418e+00   1.93965439e-02   2.87802288e+00
   -2.15745827e-01 
   -8.87485499e-01   2.58841313e+00   1.33926167e+00   5.07599372e-02
   -1.22446370e+00   1.96066271e+00  -4.84782924e-01  -8.21114336e-02
   -1.00941325e+00  -1.98016830e+00  -3.32902198e-01  -1.43256163e-01
   -9.05504636e-01   5.68331670e-01  -5.50600527e-02   7.22796787e-01
   -4.85228934e-01 
   -3.30912634e-01  -1.23990873e+00  -9.90754661e-01   1.36539846e-01
    1.21416825e-01   2.42781104e+00  -8.77338619e-01   7.61569956e-01
    3.54290094e-01  -2.45954065e+00   1.19872767e+00  -3.06517515e-01
   -1.36835190e+00   3.13821493e-03   2.83932593e+00  -1.41375854e+00
    5.59981678e-01 
   -2.98184451e-01   2.05607987e+00   3.41214443e-01  -7.04124407e-01
    8.23439070e-01  -1.53645648e+00  -2.20175068e+00  -1.51029726e+00
   -3.65060577e-01  -7.76535609e-01  -1.35029361e-01   8.43360448e-01
    6.25182094e-01   4.68031822e-01   8.68463290e-02   1.00294577e+00
   -3.13671082e-02 
   -1.10948470e+00   1.52639083e-01   2.58297490e+00   1.45813094e+00
    1.06727088e+00   2.83340642e-01  -1.86409237e+00  -1.20619555e+00
   -6.63106354e-01   7.98034853e-01  -1.85562145e+00  -1.41399404e+00
   -1.62748785e+00   1.39238317e+00   1.47191958e+00   1.08263592e+00
    2.63030329e-01 
    1.37279251e+00   8.78737558e-01  -1.03307095e+00  -2.99097514e-01
   -8.46515690e-01  -3.57584805e-01  -5.29272831e-01  -3.58193023e-01
    1.63594876e+00   1.52659104e+00  -2.06454304e+00  -1.80292214e+00
   -4.38468090e-01  -1.59839462e+00   2.37103398e+00   7.85918965e-01
   -4.94445760e-01     3.31116464 -0.86479518  0.27323053 -2.01758263 -0.84567596  1.20737969
  -0.72895901 -1.02067696  0.54359453  0.88727434  0.29334821 -2.91324079
  -0.84213703  0.35195149  0.78114664 -1.6896686  -0.25145805  0.14755929
   0.21354231  0.19938174 -0.2872991   2.08509322  0.56352726  1.90528511
  -1.66114772 -0.84372707  0.37292783 -0.26094563 -0.19474802 -0.50048991
   0.27290611 -1.45283317 -0.26907804 
   0.61218506  0.53516299 -0.27127656 -0.12631578  0.9510331  -0.26331647
  -1.42387694  1.09453831 -2.23232265 -0.26934978 -1.09173404  0.12821996
   1.29059791 -0.33415139  1.62448178  0.21031726  0.12723663 -0.85279992
   1.97384335 -2.13676893 -1.59418756  0.31209308  0.44770508  0.07739337
  -1.37310373  0.54462011  0.78857659 -4.0575747   1.41301415 -1.70550469
   0.04593508 -1.3700505   0.09949839 
   0.69456141  0.0279135   2.87368974  0.98785931 -1.84676531 -1.55949268
  -0.84694272 -0.89326268  1.55005186  1.12456287  0.48385033  0.37752723
  -2.24641711  0.02833223 -0.37025511 -1.25123257  2.20219992 -0.04402463
  -1.38236214  1.14652878 -1.40565171 -2.45545933 -1.13119113  1.21327352
   1.18761541  0.94125338 -2.20209521 -0.63565003  1.92432729 -0.27687019
  -2.32298593  0.88149591 -0.3026484  
  -1.30894445  0.54886808 -1.34064071 -0.94877529  1.71636295  1.3378422
   1.43176449  0.23613766  0.50746172 -0.84892718  2.60571623 -2.11518976
   0.59104581 -0.96815841 -3.1636118   0.03466333  3.79222925 -0.18753449
   0.24601183 -2.20990699 -0.89056373  0.58565142  0.84249608 -2.8828056
   0.52049237  0.64677767  0.06499614  0.17628683 -0.34634235  0.34621661
  -1.63534953 -0.48216171 -0.03840188 
  -1.71597497 -1.07702966 -2.17875585 -0.49188736  0.23386628 -0.44362343
   0.2922127  -1.08179323 -0.27242595 -2.75618922  1.45787363 -0.36594727
  -0.00669276 -2.35339071  2.66735796 -1.75762402 -0.13140572 -1.38876594
   2.63142173 -0.08481983  1.35466105 -1.35772654 -3.01435336  2.23607367
   2.04858451  1.43229874 -1.40683453 -0.16577033 -0.60829441 -0.34230885
  -1.07390723  1.43358896 -0.07293792 
  -0.93881373 -0.27026067  0.70156407  0.65441448  1.0119255  -0.70463106
  -0.41622118 -3.55144389  1.00072043  0.13933142 -0.06779063  0.29539263
  -0.70905571  1.90397786 -0.85813702 -2.06601103 -1.28199079  0.54403413
  -0.09484291 -2.59542836  4.53966336  0.41076066  0.0791678   0.09260352
   0.09258623  0.58606458 -1.47038952 -1.67081819 -3.54404407  0.75330029
  -0.23280235  0.14473826  0.06906217 
   0.76246288 -0.88172777  0.23354225 -1.12498786 -0.41651164 -2.03419888
   1.1648483   0.78758111  0.36831386 -2.1235283  -0.74694222  2.59271895
   3.01980142 -1.48426863 -1.20274881 -3.82893769 -1.03034575  0.1416961
  -0.35784571 -0.24287105 -0.8102742  -0.25833051 -0.48750398 -0.61753465
  -1.46005481 -1.63151077  1.09744933  0.19615098  0.45729623  2.70424276
   0.62487124  0.45867014 -0.35084646 
  -0.02980404 -0.68309931  2.08193455 -0.60748458  1.50163077 -0.20886298
  -0.92342047 -0.11458458 -0.18548375  0.41295957 -4.13865606  0.09299795
  -0.01890678 -1.58916578 -0.40498907  2.16251191 -2.22929803 -0.55036949
  -2.36355312 -0.38628633 -2.35342032 -0.25899919 -2.67982915  0.11074323
  -0.38920639  3.27362557  0.47678063  0.51841807 -1.66219904  0.84597542
   1.00110588 -0.194333   -0.84770632 
  -2.01117441  2.24408652  1.0647444   1.31436544 -2.05487746 -0.32542854
   1.18814078 -2.2591613   2.08670904  0.29505873  0.66169232 -1.38671429
   1.1426905  -1.45593079  1.9548644   1.23153916 -0.81965097 -2.20492006
  -0.41735528  0.49867894 -1.42258471 -1.69441271  2.04691043 -1.3855199
  -1.73113715 -0.55995582  0.01582219  0.57440458 -1.27122643 -0.15759591
   1.45554761 -1.72137146 -0.54553584 
   0.84819751 -0.83791909 -0.82301361 -1.2620081  -0.11345293  0.24984673
  -0.90007771 -2.30184931 -2.31865428 -2.44080603 -1.80102114  1.61581478
  -2.47979312 -1.44618737  0.1233522   0.12092173  0.65387559 -0.01304577
  -2.11840118  1.78111818  1.27168437  1.15438188  0.66075766 -2.60387739
   2.58125084 -0.54620076  1.69786607  0.35239485  2.26197481  0.32351406
   0.07157928 -1.72161918 -0.22940566 
  -0.23380677 -2.63141755  0.29951819  0.76381366 -0.60476234  1.08866522
  -1.05664496 -2.29478422 -1.49960977 -0.06564685  1.13354166  0.1466096
  -2.62649469  1.78959869 -0.43962371  0.1789568   0.58187546 -1.18438334
   0.92653806  1.52927966 -0.72682005 -1.23213196 -1.30310216 -2.61531544
  -1.72203757 -1.65393437  3.2380481   0.93374525 -1.17628137 -0.3829153
   1.49463232  2.35080829 -0.45943127 
  -1.37366862  4.06445169 -1.1689753  -2.50337535 -2.01228111 -1.14286783
  -1.09076067  0.13427795  1.09248267 -2.2335463  -2.52810006  0.2129593
  -0.75569398  1.34021835  0.02687775  1.60538714 -0.78745653 -0.502067
  -0.01014826 -0.80804213  0.74786347  1.80107998 -0.53316087  0.9595665
   0.72681748 -1.69026788 -1.36250109 -0.01889208  0.88659857 -0.79941171
   1.47552917  1.11954339 -0.52546949 
  -0.44117698 -0.88917491 -2.50589972 -2.00160126 -1.99574937  0.86341331
   0.05847823 -0.20921468 -0.6037854   3.17812364  0.02395967  2.07143962
  -1.02122704  0.20575802 -0.41041576 -1.27115637 -0.08202432 -1.08755408
  -0.36612365 -1.35116905  0.36822841 -0.41225509 -0.87438263 -0.70459226
   0.01790045 -0.19902423 -1.73473523  0.44081218  1.48126062 -1.18472773
   1.88785816 -0.44687772 -0.21461166 
  -0.33485522 -0.79264527  0.55732969  1.86608496 -2.212975    1.17117774
  -0.19268919  0.92324562  0.92030495 -0.7277572  -0.82431196  0.03628391
  -1.65605552 -0.69687162 -2.45647806  1.91178285 -2.78246463  0.33971016
   0.96982876 -0.78166981  0.72258759 -0.67488456  1.32059772  0.34102846
   0.3702463  -1.99338039  0.90036701 -1.24411394  0.11819364 -1.02556865
  -0.87243581  0.70534953 -0.43678297 
  -0.57982466  1.9071381   0.23596948 -1.11183915 -0.97816317 -0.17658244
   0.9164762   1.42939638 -0.91213982  0.1818156  -0.963358   -0.69008993
   0.2207221   0.41014888  1.72226399 -1.08571039  0.40760707  0.25789673
  -1.25305309  0.45136889 -0.66910862  0.99386523 -0.28567294 -0.30170728
   0.85867504 -1.27242094 -0.43507791 -0.32391937 -2.17459673 -0.10063092
  -1.70034974 -2.72063222 -0.89194609 
  -0.25661095 -1.64344015 -2.19516693  1.74912084  1.31450267  0.87708174
  -0.48038839 -0.50806447  1.74772517  1.22231355  0.14264001  0.41293923
  -0.20989157  0.2542779  -0.97520896 -0.3638754  -0.19255443 -1.66390015
  -0.86008473  1.55710243 -0.49412817  0.69000547  0.30590243 -1.43441405
  -0.51699515 -1.39676286 -1.59183675 -0.52562811  1.05012192 -0.5289665
  -0.85722927 -0.57605459 -0.16735642  