NN 16 32 16   -2.37355894e+00  -3.58983217e-01  -5.69963369e-01   7.91278574e-01
    7.14190020e-01  -3.13485612e-01  -5.02299860e-01  -5.51771185e-01
    1.25392636e+00  -1.02018013e+00   1.31935247e-01   8.38635427e-01
    4.89178695e-01  -6.32075945e-02  -1.36600081e-02  -1.23341012e-01
   -5.54994031e-01 
    1.79084989e-01  -1.67801612e-02  -5.20924731e-01  -7.52769600e-01
    5.84237806e-01  -1.96987254e-01  -1.92549903e-01   5.68855127e-01
   -1.58906794e+00   3.17557694e-01   1.22631377e+00  -2.37619871e+00
    3.15711242e-01   5.23190780e-01  -6.97680450e-01   5.78098286e-01
    4.30582900e-01 
    3.77052241e-02   1.84196919e-01  -1.63286376e+00   1.27182370e+00
    1.38116430e+00  -9.06548017e-01  -6.52171398e-01  -1.24861369e+00
   -6.92145949e-01   1.51895642e-01  -1.84971474e-02   2.29261613e-01
    1.52506257e+00  -7.15215881e-01  -6.73340164e-03   6.30417055e-01
    3.73304025e-01 
    1.21288051e+00  -6.47833833e-01  -4.56249330e-01   5.81587388e-01
   -3.92899260e-01  -7.42695321e-01   1.02971194e+00   7.21079026e-02
   -6.59806594e-01   8.53518945e-01  -6.58253251e-01   1.35315410e+00
    1.12272072e+00  -1.37647303e+00   6.87991714e-01  -7.59555077e-01
   -3.59727937e-01 
   -2.13773744e-01  -8.71697722e-01   1.14877523e+00  -9.09665832e-01
   -4.15517800e-01  -8.37469880e-01  -5.53717443e-02  -1.27616990e+00
    1.38960703e+00   2.14827043e-01  -1.43123179e-01   1.28199356e+00
    1.11378983e+00   1.26807000e+00   1.97826496e-01  -8.83909542e-01
   -6.26566566e-01 
   -1.29389587e-01   3.99833926e-01   6.34625937e-01  -6.84366214e-01
   -5.71355726e-03   8.41043187e-01   7.02686014e-01   1.70555457e-01
   -3.89257049e-02  -2.07522383e-01  -4.98027811e-01   7.66893704e-01
   -4.70972031e-01  -8.33397512e-01  -1.28452748e-01   8.13701737e-02
   -2.20420943e-01 
    2.61918526e-01   1.11853510e+00   1.04574935e+00  -1.19412603e+00
   -3.53337576e-01  -1.17533966e-01  -1.33268041e+00   6.67281147e-01
   -6.09426399e-01   2.90105182e-01   5.84013340e-01   5.69523352e-01
   -2.78893089e-01  -1.35397743e-01  -7.27553029e-01   5.33148298e-01
   -4.52794685e-01 
    2.86049268e-01  -1.12719273e+00   5.60602862e-01  -3.28552496e-01
    5.03843639e-01   2.32784187e+00  -1.10492285e+00  -2.84443198e-01
    1.44306949e+00   1.62509383e+00   9.43325247e-01  -8.95184683e-01
   -4.98539817e-01  -1.28854455e+00  -9.07029910e-01  -2.17513693e-01
   -7.91352814e-01 
    9.20720654e-02   1.65929078e+00  -1.10640427e+00  -1.74108828e-01
    5.29647547e-01  -8.33816354e-01   9.50746871e-02  -9.01664294e-02
   -1.13006056e+00   1.64697986e+00   8.88623010e-01  -7.18399325e-01
    1.95029025e-01  -1.05139372e+00   3.30083732e-01  -4.11191479e-01
   -1.02012852e-01 
   -1.42361824e+00   4.84812028e-01  -9.10705085e-01   7.86146498e-01
    1.48275530e+00  -3.09893330e-01   1.36357752e+00  -3.41674562e-01
   -4.84061606e-01   1.16485996e+00   6.15927392e-02   1.19846700e+00
   -1.66506146e+00   5.08882276e-02  -3.90730875e-02  -7.56166940e-01
   -6.85595608e-02 
   -4.73091120e-01   7.61257056e-01  -2.52228343e-01  -2.01453907e+00
   -1.53320158e+00  -7.11004004e-01   2.83496371e-01   2.58479280e+00
   -3.71127080e-01   1.06399016e+00  -8.50268144e-01   1.34758375e+00
   -4.61102541e-01   1.14221517e-01   9.73031284e-02   5.33156458e-02
   -5.65049496e-01 
    1.63405913e+00  -1.00167725e+00   7.06433676e-01   1.56662398e+00
    9.50533308e-01   1.99147528e-01  -1.23021628e+00   9.73739802e-02
    7.18448097e-01  -4.69923782e-01  -5.71670893e-01  -2.01002727e-01
   -1.70016589e+00   1.33792308e-01   3.34998470e-01  -3.68873547e-01
    3.77284518e-03 
    3.53734936e-01  -1.31340133e+00   8.37807343e-01  -5.62571302e-01
    4.34298638e-01   2.58814757e-02  -2.59686723e+00   3.27220679e-01
   -1.18225520e+00   8.35403226e-01   2.00233429e+00   4.03885014e-01
   -4.04755459e-02   8.83788822e-01  -3.33019117e-01  -2.39200159e-01
   -6.54135715e-01 
   -1.24616634e-02  -2.60366856e-01  -7.91919608e-01   4.17520194e-01
    1.70926852e+00  -1.39841688e+00   8.06978630e-01   1.11598240e-01
    7.99534755e-01   1.26821515e+00  -1.70355546e+00  -1.42575148e+00
   -1.04648863e-01   4.86279501e-01  -6.39416678e-02  -1.49781953e-01
   -6.88957972e-02 
    2.24603895e-01  -1.88600574e+00  -1.45368974e-01   1.93404731e+00
   -1.72160105e+00   7.57210676e-01   1.64863366e-02  -1.24026673e-01
   -1.30733590e+00   2.29401966e-01  -2.55547373e-02  -6.02390144e-01
    4.60772589e-01   1.64431396e+00  -8.14143965e-01   1.38827788e-01
    6.15184076e-01 
    9.83243199e-01  -7.50027629e-01   5.26940411e-02  -9.52652290e-02
   -6.34228649e-02   6.80630902e-01   2.35516598e+00  -2.17813034e+00
   -1.19069472e+00  -1.91539441e-01  -2.52080119e-01  -6.43674704e-01
    1.35765907e+00  -1.24449355e+00   3.21678758e-01  -1.49139159e-01
    3.62016182e-01 
    1.03037186e+00   3.83173514e-01  -1.99181234e+00  -2.73146046e+00
    1.92519715e-01   3.90696187e-01   7.10647797e-01   1.33487832e+00
    5.34717572e-01  -3.78964866e-01  -7.42448464e-01  -7.07237903e-02
   -2.32128016e-01   1.71398232e+00  -4.43277317e-01   4.46965290e-01
   -3.99904406e-02 
   -9.52567430e-01  -3.15174595e-02   9.76871590e-02   7.81474614e-02
    8.17649747e-01  -7.89404210e-01  -4.59133011e-01   1.79455299e-03
    1.15985252e+00  -4.81920294e-01   5.73391590e-01  -2.57481361e-01
    4.03850770e-01  -5.03343869e-01  -2.79269912e-01   2.59271407e-01
   -4.87661138e-01 
    1.41258721e-01  -1.37428021e+00   8.44913152e-01  -6.77867034e-01
   -1.81546968e+00   5.02568390e-01   4.98750381e-01   1.17058417e+00
    5.64858366e-01   1.46558555e+00  -1.40245399e+00  -6.20417996e-01
    6.81969774e-02  -8.07294317e-01   4.69926177e-01   2.86027261e-01
    1.08330270e-01 
   -8.67498207e-01   4.84974315e-01  -9.55967233e-01   1.29088493e+00
   -2.59696863e-01   1.69074184e+00  -2.15980475e-01  -7.47618755e-01
   -3.44597970e-01  -1.48924868e+00  -7.11681384e-01   3.55659615e-01
    1.06447438e+00   4.91697811e-01  -1.50026754e-01  -6.59805979e-01
    3.85333412e-01 
    2.38221822e-01   1.95148598e+00   9.41630465e-01   1.05573258e-01
   -8.14895155e-01  -2.90461632e+00   6.08286856e-01   2.20451566e+00
    1.06752357e+00  -9.25081725e-01   4.05462237e-01  -9.12631404e-01
   -8.02452313e-01  -2.75948201e-01   2.95676895e-01  -1.69301642e-01
   -2.35499471e-01 
   -2.09188198e+00   4.67434458e-01   1.24498856e+00  -6.99258935e-01
    1.10182784e+00  -7.49719114e-01  -1.73696615e-01  -4.16328574e-01
    1.22777692e+00  -1.03369046e+00   2.32881418e-01  -1.43238979e+00
    2.43558989e-01   5.42240062e-01  -6.47703380e-01  -6.06281717e-02
    5.30498908e-01 
   -6.08342033e-01  -3.49061644e-01   6.40979306e-01  -8.79280431e-01
    1.66906393e+00  -1.20189835e+00   1.86260672e-01   1.54300317e+00
   -1.62678102e+00  -7.60854914e-01   8.52046046e-01   3.81219204e-01
    7.38053330e-01  -5.23711522e-01  -2.46615681e-01  -8.77238034e-02
   -3.28377222e-01 
   -1.39733504e+00  -1.73528458e-01  -9.57690274e-01   1.78991259e+00
   -9.52165129e-01   5.65792746e-01   1.41704377e-01  -7.09130773e-01
    1.56528669e+00   1.49568849e+00   9.28683893e-01  -1.33082113e+00
    1.64262925e-01  -7.79508368e-01   3.17198608e-01  -3.63113370e-01
   -4.08781859e-01 
    1.53611321e+00   1.29395861e+00  -1.09275021e+00  -2.03596787e-01
   -1.85684027e+00  -3.10281741e-01   9.49365758e-01   2.99690835e-01
    8.25594282e-01  -1.90458689e+00   1.71061750e+00  -4.42438921e-01
   -8.99819214e-02  -1.10866160e-01  -2.04617808e-01  -1.44146197e-01
   -1.73555613e-01 
    1.04120575e+00  -3.03068103e-02  -1.14113080e+00  -3.17387928e-01
   -1.24230338e+00  -2.78198344e-01   1.47550760e+00  -2.20793080e+00
    1.93503109e-01  -3.18481512e-01   8.66880775e-01   1.12664986e+00
    7.06092473e-02   9.70447118e-01   6.26854971e-01  -7.05368770e-02
   -5.20591493e-01 
   -5.14000897e-01  -7.88454375e-01   1.60613350e+00  -1.50963627e-01
    1.13417917e+00   1.01831849e+00  -1.27507480e+00  -5.59572898e-01
    9.13019142e-02  -6.46726610e-01  -1.91298541e+00   9.21702648e-01
    1.26023343e+00  -5.73502130e-01   2.28785907e-01   1.21687661e+00
   -3.80690988e-02 
   -4.12003608e-01   1.88916276e+00   1.15197599e+00   2.87017590e-02
   -8.20093466e-02   1.45430657e+00  -7.57099134e-01  -4.63910013e-01
   -9.16237326e-01  -3.92312543e-01  -5.13193903e-01  -3.95811967e-01
   -7.02531711e-01   4.61011000e-01  -1.80451988e-01   2.70174257e-01
   -3.72391422e-01 
    7.49337548e-02  -1.34027085e+00  -6.83930307e-01   1.12843739e-01
    8.26331339e-01   2.19557154e+00  -6.26081735e-01   7.47265497e-01
    5.35601095e-01  -1.30528653e+00   7.36625977e-01  -3.24103465e-01
   -1.00684773e+00   1.04164189e-01   8.98285433e-01  -9.28316334e-01
    6.49961382e-02 
    1.25408290e-02   1.20435223e+00   5.72076869e-01  -4.84879478e-01
    3.75973453e-01  -9.19146720e-01  -1.93944181e+00  -1.59868756e+00
    1.67087023e-01  -4.33958841e-01   1.95258306e-01   4.35850671e-01
    5.76685532e-01   3.28632759e-01  -2.14746388e-01   5.14146279e-01
    2.44087446e-01 
   -1.15818143e+00  -1.06282128e-01   2.19855201e+00   1.22407002e+00
    6.02429792e-01   4.10869432e-01  -7.20169590e-01  -8.89630183e-01
   -3.17649529e-01   3.63063503e-01  -1.16101961e+00  -6.64497974e-01
   -9.20135364e-01   6.61368314e-01   5.24862360e-01   3.83716735e-01
    2.17974809e-01 
    1.20043512e+00   9.25801786e-01  -6.93836600e-01  -2.96968277e-01
   -5.89020464e-01   1.88461023e-02  -8.27573839e-01  -1.19129702e-01
    1.11902501e+00   9.67397719e-01  -1.41346079e+00  -1.01995798e+00
   -1.64677059e-01  -9.08448761e-01   1.30954533e+00   6.20296387e-02
   -3.58520211e-01      2.41467000e+00  -4.04711953e-01  -1.92603604e-01  -1.71787138e+00
   -3.17729417e-01   2.33298547e-01  -3.25563115e-01  -7.53649093e-01
    2.56220894e-01   1.39433592e+00   2.49646373e-01  -2.20220238e+00
   -8.58505143e-01   2.87199723e-01   1.88977266e-01  -1.32223174e+00
   -7.09276572e-01   3.98555380e-01  -2.38104980e-01   8.24746111e-01
   -5.17815696e-01   2.43749291e+00   5.22605889e-01   1.51466469e+00
   -2.40280364e+00  -9.24800611e-01   4.52644898e-01  -1.21580053e-01
   -5.12582420e-01  -1.32383655e-01   9.78992905e-01  -1.60646871e+00
   -3.18856310e-01 
    4.63539903e-01   1.30681392e-01  -3.46561435e-01   5.84292493e-01
    8.19272350e-01  -2.63237640e-01  -1.30877296e+00   7.76599673e-01
   -1.81263015e+00  -7.14862301e-01  -1.01563723e+00   5.28940900e-01
    1.79581520e+00   4.59589739e-01   1.80358895e+00   5.15867772e-01
   -3.28863579e-01  -6.24534533e-01   1.82493008e+00  -1.14091743e+00
   -1.90502893e+00   1.30521121e-01   1.59212004e-03   4.63622389e-01
   -1.74461777e+00  -4.86576088e-02   9.85165951e-01  -2.62719952e+00
    1.35921821e+00  -1.38240414e+00  -1.11315429e-01  -1.09947891e+00
    2.52212456e-02 
    8.43729793e-01   3.93935503e-01   2.12351263e+00   2.68482897e-01
   -1.84616587e+00  -4.86363564e-01  -1.18309077e+00  -9.88988055e-01
    1.27472803e+00   1.14862244e+00  -3.91538057e-02  -5.29600225e-01
   -1.13408691e+00   6.48486239e-01   9.82642993e-02  -9.40543999e-01
    2.19536542e+00  -4.70667729e-01  -1.05462777e+00   1.01048165e+00
   -1.24111358e+00  -1.48573178e+00  -6.66629278e-01   1.17524704e+00
    1.12482512e+00   1.46440351e+00  -1.84586585e+00  -9.50275311e-01
    1.30182796e+00  -6.43837193e-01  -2.58607357e+00   6.83014030e-01
   -4.35934404e-01 
   -6.44489684e-01   8.42331700e-01  -1.12336554e+00  -8.36567616e-01
    8.58667126e-01   9.66817347e-01   1.14313760e+00   2.20342911e-01
    2.74704905e-01  -7.60899887e-01   1.82451961e+00  -2.08628627e+00
    8.30457770e-01  -7.19053826e-01  -2.65465216e+00   5.36177357e-02
    3.05141446e+00  -3.82526229e-01   1.19057409e+00  -1.66164861e+00
   -1.20886445e+00   8.43522280e-01   9.89804291e-01  -2.31711675e+00
   -4.77503636e-02   3.92635855e-01   5.04523597e-01  -8.35296430e-02
   -3.76385990e-01   4.26603488e-01  -1.53390208e+00  -1.87303252e-01
   -8.33331643e-02 
   -7.66887500e-01  -8.26132563e-01  -1.53226856e+00   1.33254692e-01
    2.19705330e-01   1.43193475e-03   5.38510229e-01  -6.06133135e-01
   -4.90966066e-01  -2.14118064e+00   1.30360287e+00  -4.03385922e-01
   -4.74434585e-01  -2.11117754e+00   2.13223202e+00  -5.02465338e-01
    2.10159604e-01  -1.35770446e+00   2.51674394e+00  -4.08455833e-02
    1.67578916e+00  -9.00542241e-01  -2.38648325e+00   1.82591984e+00
    1.44130737e+00   1.39429351e+00  -1.32329852e+00  -3.99871887e-01
   -1.18828220e+00  -6.38663950e-01  -5.27152760e-01   5.99745613e-01
    3.37039022e-02 
    1.48198616e-01   8.53106150e-02   7.39198934e-01   1.00368114e+00
    7.55110420e-01  -3.93130055e-01  -1.80611584e-01  -2.75492399e+00
    7.24804730e-01   1.39026570e-02   7.64390269e-02  -2.12404207e-01
   -3.34309473e-01   1.77221765e+00  -9.43084863e-01  -1.22551421e+00
   -7.36787183e-01   1.78000917e-01  -4.54904459e-01  -2.18058466e+00
    3.85858839e+00   5.60913599e-01   8.96891217e-01  -3.04187582e-02
   -2.88675505e-01   3.15179324e-01  -1.36771129e+00  -1.25243954e+00
   -2.71495796e+00   7.35496317e-01  -4.68936372e-01  -7.72992764e-02
    1.49309894e-01 
    2.65499587e-01  -7.42392427e-02   9.68320598e-01  -1.16937666e+00
   -5.64038721e-01  -7.73982863e-01   1.35941197e+00   7.27103296e-01
   -1.36899830e-01  -2.22850544e+00  -4.25806147e-01   1.55382639e+00
    3.11871837e+00  -1.02471072e+00  -5.36282218e-01  -3.17520860e+00
   -7.77975874e-01  -6.84031500e-02  -7.15396585e-01   5.54357038e-01
   -8.49396885e-01  -8.93504255e-02  -2.28651280e-01  -5.62976860e-01
   -1.46961301e+00  -1.49613428e+00   8.55660535e-01   6.90129240e-01
   -2.10835223e-01   2.38945958e+00   3.82944051e-02   5.73077086e-01
   -1.75165507e-01 
    5.13508745e-03  -6.80134917e-01   1.73100528e+00  -4.33224160e-01
    1.04498358e+00   1.57233945e-01  -7.23919330e-01   2.93536964e-01
    2.48561507e-01   1.30935280e-01  -3.30793795e+00  -2.02574320e-01
   -5.21889944e-01  -4.23024025e-01  -4.38455060e-01   2.15874240e+00
   -1.49683551e+00  -5.94068741e-01  -1.79608790e+00   3.28034240e-01
   -2.29849494e+00   8.14680401e-03  -2.32461004e+00   2.43464598e-01
   -1.30994201e-01   2.23966001e+00   8.30932967e-01   6.92173814e-01
   -1.41627630e+00   1.62187740e+00   4.78833052e-01  -2.79083677e-01
   -1.50043479e-01 
   -1.22235187e+00   1.59542556e+00   9.34097454e-01   7.78556933e-01
   -1.67565969e+00  -6.32444757e-02   7.97492639e-01  -1.96969982e+00
    1.32973997e+00   8.18199606e-02   1.42116316e-01  -1.24964621e+00
    7.19576655e-01  -1.19158384e+00   1.73788207e+00   1.54548624e+00
   -9.29745636e-01  -1.39597135e+00  -5.34277040e-01   6.44632452e-01
   -1.23919210e+00  -1.17525247e+00   1.70365857e+00  -1.72178883e+00
   -7.66963637e-01  -5.41136136e-01   8.54093196e-02   6.85099541e-01
   -7.14034332e-01  -2.51324842e-01   8.41450501e-01  -1.41961982e+00
   -4.62117162e-01 
    6.33876138e-01  -3.92839025e-01  -4.39833068e-01  -9.70014452e-01
   -1.77041725e-01  -6.03986392e-02  -6.24684610e-01  -2.03829107e+00
   -1.79057604e+00  -1.61653233e+00  -1.52493382e+00   8.90284734e-01
   -1.45261482e+00  -1.34213954e+00  -7.85475969e-02  -1.28626262e-01
    6.65904283e-01   8.49173449e-02  -1.72936179e+00   1.51974303e+00
    8.59752311e-01   1.05610006e+00   8.26701970e-01  -2.08062385e+00
    2.20078641e+00  -1.20271466e-01   9.35283544e-01  -1.47159274e-01
    1.62196378e+00   1.46890127e-01   2.24622101e-03  -1.20318600e+00
    4.43495752e-02 
   -7.08525638e-01  -1.60497834e+00   2.07862408e-01   5.96781046e-01
   -5.18790707e-01   6.13586052e-01  -7.56655227e-01  -2.00048935e+00
   -8.38922097e-01  -3.44314248e-02   8.56797251e-01   7.21414197e-01
   -2.33956527e+00   1.64773820e+00  -2.44604559e-01   2.14047813e-01
    8.09684361e-01  -9.04847395e-01   5.41215442e-01   1.31331378e+00
   -5.27004599e-01  -7.45752589e-01  -9.31123214e-01  -2.02106539e+00
   -1.61591944e+00  -1.44441109e+00   2.35353433e+00   5.96022776e-01
   -7.11867406e-01  -5.40239666e-01   9.54932844e-01   1.74013021e+00
   -8.22282469e-02 
   -1.36688912e+00   2.82801677e+00  -7.79057739e-01  -2.12984059e+00
   -1.62371700e+00  -5.79423553e-01  -8.03926192e-01   4.02332522e-01
    8.87876134e-01  -1.75931782e+00  -1.96889371e+00  -1.05382744e-01
   -8.53957978e-01   1.36027604e+00   2.93012793e-01   1.09968351e+00
   -6.38351446e-01  -4.59856856e-01  -6.00129028e-02  -4.80413010e-01
    7.16597294e-01   1.55643172e+00  -3.36789968e-01   5.46876235e-01
    9.01859308e-01  -1.84315685e+00  -9.09404564e-01   1.18195645e-01
    4.90964527e-01  -5.60509613e-01   6.89094797e-01   9.05528471e-01
   -3.03517170e-01 
   -3.84597265e-01  -3.72252416e-01  -2.00358070e+00  -1.41966561e+00
   -1.59775822e+00   5.71440275e-01   3.12582728e-01  -1.38298775e-01
   -1.18859526e-01   1.89130605e+00   7.56574103e-03   1.52904652e+00
   -1.00338238e+00  -1.38909152e-02  -8.41149489e-03  -1.06959416e+00
   -9.82447501e-02  -7.87276347e-01  -5.86520656e-02  -7.01754959e-01
    6.46481537e-01  -4.20774667e-01  -5.27695390e-01  -4.38693400e-01
    1.10849197e-02  -5.24079800e-01  -1.08581492e+00   3.42558541e-01
    1.16917550e+00  -9.83865963e-01   1.33153769e+00  -3.78546294e-01
   -6.01663421e-02 
   -2.95264163e-01  -6.31275844e-01   5.44014821e-01   1.31280727e+00
   -1.67227666e+00   8.02335907e-01  -2.72673060e-01   4.18372369e-01
    6.64753686e-01  -4.79417723e-01  -9.27093343e-01   9.11596395e-02
   -1.44860471e+00  -2.91642083e-01  -1.87800000e+00   1.37349921e+00
   -2.06822339e+00   5.86676752e-02   5.52432297e-01  -5.07634697e-01
    4.83402224e-01  -5.95154546e-01   8.58352263e-01   6.35865241e-02
    2.85822012e-01  -1.62696068e+00   7.72093477e-01  -9.56028913e-01
    2.38496723e-01  -6.46577618e-01  -5.11133444e-01   4.68229140e-01
   -2.88912429e-01 
   -5.67184824e-01   9.42813702e-01  -9.58185555e-03  -7.89846907e-01
   -9.53515016e-01  -2.44944096e-01   4.17134521e-01   4.84923628e-01
   -1.98899017e-01   4.73966485e-02  -5.41827996e-01  -5.94033160e-01
    7.01994877e-02   2.00008127e-01   6.05497741e-01  -7.86194724e-01
    3.18801347e-01   4.04111457e-02  -7.40301324e-01   3.68944422e-01
   -1.43165277e-01   5.65698387e-01  -7.65235850e-02  -1.40033354e-01
    4.76113846e-01  -1.07280278e+00  -4.22072127e-01  -1.59373597e-01
   -6.92009278e-01  -4.23443166e-02  -1.15267652e+00  -1.35451889e+00
   -8.01206200e-01 
   -4.13078506e-01  -5.95296379e-01  -9.82977215e-01   4.50325036e-01
    5.90347375e-01   5.69926748e-01  -2.10498205e-01  -2.11607773e-01
    7.18864068e-01   6.61445459e-01  -8.00038802e-02  -7.23810624e-02
   -4.55195567e-01   1.77539986e-01  -5.81324137e-01   3.54119609e-01
    3.11994613e-01  -8.52082206e-01  -3.53010560e-01   5.81796319e-01
   -5.87780567e-01   1.76623984e-01  -4.02891768e-02  -9.20912653e-01
   -1.04981519e-01  -6.81810378e-01  -9.36373433e-01  -3.49329197e-01
    5.36807925e-01  -2.80006836e-01  -8.13659688e-01  -1.74730809e-01
    3.59782765e-02  