NN 16 32 16   -2.48476955e+00  -4.01206914e-01  -5.86549050e-01   8.31818034e-01
    8.89153718e-01  -2.50356439e-01  -5.60235716e-01  -5.78238010e-01
    1.51498943e+00  -1.03280434e+00  -3.04764314e-03   8.12874690e-01
    5.46463225e-01  -9.00274257e-02   5.56333880e-02  -1.65335003e-01
   -5.86362788e-01 
    3.14039310e-01  -4.15588169e-03  -4.63134448e-01  -7.07015096e-01
    6.17267255e-01  -1.62517150e-01  -7.16490204e-02   6.39746359e-01
   -1.59727627e+00   4.03781485e-01   1.40391723e+00  -2.47110635e+00
    4.38600097e-01   6.71752585e-01  -8.17896691e-01   8.26534393e-01
    5.46445921e-01 
   -4.06246465e-02   1.15212656e-01  -1.82201079e+00   1.13525829e+00
    1.51895087e+00  -9.96889811e-01  -6.56306346e-01  -1.11212293e+00
   -8.49186077e-01   1.49203204e-01   6.46916461e-02   2.06564959e-01
    1.51424014e+00  -8.35725030e-01   8.90822708e-03   7.75947022e-01
    2.90063226e-01 
    1.31320970e+00  -6.02696655e-01  -5.65255545e-01   6.25923760e-01
   -3.65796065e-01  -8.66258710e-01   9.60460557e-01   3.30509033e-02
   -1.01878907e+00   7.32281652e-01  -8.39189623e-01   1.36751393e+00
    1.19261853e+00  -1.48475381e+00   7.53602185e-01  -9.22366493e-01
   -3.96864343e-01 
   -2.67638286e-01  -1.01783449e+00   1.14204018e+00  -8.92357042e-01
   -4.26515893e-01  -8.27587564e-01  -1.47124774e-01  -1.35918513e+00
    1.31619638e+00   2.13353331e-01  -1.75816962e-01   1.35673487e+00
    1.16950203e+00   1.26682280e+00   2.13729875e-01  -1.01238488e+00
   -6.79306046e-01 
   -1.88177769e-01   4.86418216e-01   6.64098579e-01  -7.27789817e-01
    2.04453017e-02   8.99263502e-01   7.22688453e-01   1.23989921e-01
   -9.16765393e-02  -3.31875380e-01  -6.26953039e-01   7.35892216e-01
   -6.11248342e-01  -9.14285757e-01  -1.45634321e-01  -4.70100394e-02
   -2.59026026e-01 
    2.22713864e-01   1.18045599e+00   1.10068210e+00  -1.21399175e+00
   -3.19078992e-01  -1.24509773e-01  -1.51310828e+00   6.84879491e-01
   -6.47808662e-01   2.66767165e-01   6.46431316e-01   5.45218597e-01
   -2.83785604e-01  -1.69046806e-01  -8.20986399e-01   5.82041109e-01
   -4.91467209e-01 
    1.39930028e-01  -1.03857114e+00   6.70140906e-01  -3.84827552e-01
    6.01807490e-01   2.56492007e+00  -1.13372371e+00  -2.28720591e-01
    1.55721330e+00   1.83817449e+00   8.42171991e-01  -9.87709941e-01
   -5.05260731e-01  -1.32593959e+00  -9.31968764e-01  -7.08108155e-02
   -7.05404122e-01 
    2.12534433e-01   1.83266247e+00  -1.11253496e+00  -2.38007609e-01
    7.43101706e-01  -9.07513865e-01  -6.37481670e-02  -1.37531221e-01
   -1.32888759e+00   1.68490348e+00   9.13738294e-01  -6.87522897e-01
    2.64493663e-01  -1.10111296e+00   5.71095965e-01  -5.63189937e-01
   -9.44865900e-02 
   -1.20773829e+00   2.97159072e-01  -1.03581765e+00   9.19927422e-01
    1.55049626e+00  -5.34149932e-01   1.19087427e+00  -4.32651100e-01
   -5.23510338e-01   1.16604196e+00   1.60320980e-01   1.32731487e+00
   -1.89226634e+00   1.21959590e-01  -1.35959477e-02  -8.90243440e-01
   -5.81909125e-02 
   -6.34088853e-01   7.69054745e-01  -1.57109528e-01  -2.12158035e+00
   -1.74256862e+00  -7.66014414e-01   1.75944074e-01   2.71635941e+00
   -6.29263754e-01   8.12033969e-01  -8.36609569e-01   1.44074332e+00
   -5.73031410e-01   3.43353758e-02   1.49119082e-01  -6.71779849e-03
   -6.51134105e-01 
    1.60059042e+00  -1.03419898e+00   6.97057823e-01   1.58517886e+00
    9.45821646e-01   5.20062437e-02  -1.24464771e+00   9.10314368e-02
    6.67469608e-01  -4.62563789e-01  -6.04753667e-01  -2.67971823e-01
   -1.92015204e+00   9.62377672e-02   4.15343787e-01  -4.06033574e-01
   -1.04481320e-02 
    3.43722916e-01  -1.19532862e+00   7.19010116e-01  -4.07733899e-01
    4.10026404e-01  -3.36586996e-02  -2.60561011e+00   3.38350323e-01
   -1.33346232e+00   8.51293459e-01   2.11966954e+00   3.47418502e-01
   -1.20378197e-01   8.63027436e-01  -4.51055484e-01  -2.18689650e-01
   -7.27789016e-01 
    3.06232087e-02  -3.31077204e-01  -7.63253384e-01   3.77689136e-01
    1.72461549e+00  -1.46146984e+00   8.63472708e-01   1.69590133e-01
    7.30480735e-01   1.23883808e+00  -1.81779526e+00  -1.53468490e+00
   -2.87079480e-01   4.32648471e-01  -2.45526940e-01  -2.01268399e-01
   -1.05261638e-01 
    3.48711253e-01  -1.93080701e+00  -1.74279924e-02   2.00412164e+00
   -1.89969396e+00   7.68863415e-01   1.61559218e-01  -1.90987258e-01
   -1.29255074e+00   2.06744102e-01  -1.80406763e-01  -6.97924926e-01
    4.79214111e-01   1.70909859e+00  -1.03026188e+00   7.57398421e-02
    5.89083669e-01 
    1.12686115e+00  -7.14010245e-01   4.34585839e-02  -9.69741548e-02
   -1.30293953e-03   5.73263798e-01   2.37365311e+00  -2.36319437e+00
   -1.25407148e+00  -2.66354097e-01  -3.11182223e-01  -6.98644890e-01
    1.34073039e+00  -1.24268083e+00   4.44152240e-01  -1.44779314e-01
    3.78592867e-01 
    1.16498381e+00   4.33538750e-01  -2.16270449e+00  -2.90747320e+00
    1.99435703e-01   1.67661551e-01   8.74927110e-01   1.33597241e+00
    5.47249002e-01  -4.38826047e-01  -8.22271629e-01  -1.31843375e-01
   -2.93380269e-01   1.77023874e+00  -5.06227141e-01   4.38387752e-01
   -7.00682379e-02 
   -1.02349647e+00  -2.28042302e-03   1.16383479e-01   1.35233759e-01
    7.95392316e-01  -7.38846867e-01  -4.64177126e-01   7.34722863e-02
    1.25740099e+00  -4.05486061e-01   6.40811737e-01  -2.86887651e-01
    5.17839358e-01  -5.21448315e-01  -2.85534907e-01   4.43727134e-01
   -4.51615407e-01 
    8.78634451e-02  -1.40129346e+00   1.10317463e+00  -6.42905679e-01
   -1.84506605e+00   4.81944187e-01   3.53091296e-01   1.16655621e+00
    5.73929369e-01   1.61216177e+00  -1.50241276e+00  -6.93346236e-01
    1.78337392e-01  -9.02332417e-01   4.67149337e-01   4.27738395e-01
    9.83851516e-02 
   -8.83796411e-01   4.90090451e-01  -9.88266529e-01   1.42081892e+00
   -2.98403874e-01   1.69382552e+00  -3.43822988e-02  -8.05270304e-01
   -1.87925840e-01  -1.46815213e+00  -7.30368571e-01   4.01519124e-01
    1.20862229e+00   5.81842640e-01  -1.04969056e-01  -8.57600060e-01
    4.14717858e-01 
    1.40774437e-01   2.02498517e+00   1.10878463e+00  -6.43088211e-02
   -5.54870103e-01  -3.05494038e+00   6.74278812e-01   2.30392941e+00
    1.07625124e+00  -1.12521722e+00   5.06909771e-01  -9.74827507e-01
   -7.59324082e-01  -3.43162930e-01   2.97924971e-01  -1.34569064e-01
   -2.33945605e-01 
   -2.14962686e+00   3.96595292e-01   1.29610127e+00  -6.09420085e-01
    1.15460457e+00  -6.59746245e-01  -1.71155793e-01  -3.37828201e-01
    1.46715613e+00  -9.92200348e-01   1.89343840e-01  -1.50427329e+00
    3.36460678e-01   5.88335550e-01  -7.98567976e-01  -9.30555652e-02
    5.42125300e-01 
   -5.45871035e-01  -5.82198934e-01   7.14866636e-01  -1.00547661e+00
    1.66658246e+00  -1.25136580e+00   2.28882601e-01   1.60458464e+00
   -1.73445315e+00  -8.56627996e-01   8.67080670e-01   4.02086111e-01
    6.25175938e-01  -5.93744015e-01  -3.20241771e-01  -2.13677621e-01
   -3.74584097e-01 
   -1.31069047e+00  -1.75614758e-01  -9.92383734e-01   1.68642778e+00
   -8.89766798e-01   6.31728585e-01   2.58335044e-01  -6.89810328e-01
    1.64933599e+00   1.71250786e+00   9.40040175e-01  -1.41334815e+00
    4.19754332e-01  -8.49672091e-01   3.69191696e-01  -2.23660598e-01
   -3.97526274e-01 
    1.52868221e+00   1.11663093e+00  -1.29991353e+00  -3.35461960e-01
   -2.11405279e+00  -5.04131294e-01   9.00425375e-01   2.40941385e-01
    9.06991259e-01  -2.02848719e+00   1.81814339e+00  -2.82999026e-01
   -1.57696163e-01  -1.44482819e-01  -3.77002402e-01  -2.20317317e-01
   -2.54811882e-01 
    1.24909250e+00  -1.44566454e-01  -1.23544243e+00  -5.11083075e-01
   -1.13043326e+00  -4.13132167e-01   1.50014241e+00  -2.48427244e+00
    1.11824074e-01  -3.97804913e-01   9.18701859e-01   1.13384594e+00
   -2.56398278e-02   9.38219755e-01   7.54150790e-01  -6.23287336e-02
   -6.10945858e-01 
   -8.87468536e-01  -6.60194025e-01   1.56387886e+00  -1.21078821e-01
    1.02232467e+00   1.17160140e+00  -1.60809004e+00  -6.38399423e-01
    1.91398707e-02  -6.81807752e-01  -2.12711803e+00   6.23286987e-01
    1.17689050e+00  -7.54137807e-01   1.03391314e-01   1.33981530e+00
   -1.77177723e-01 
   -6.39500168e-01   1.97513602e+00   1.18556157e+00   4.50001243e-02
   -2.78195365e-01   1.56410771e+00  -6.78526134e-01  -4.14103298e-01
   -8.93962901e-01  -5.47649344e-01  -4.44914966e-01  -3.90557552e-01
   -7.57416117e-01   4.96338561e-01  -1.15878949e-01   3.22086793e-01
   -3.78869941e-01 
   -2.03131143e-01  -1.32359834e+00  -5.34041069e-01   6.96387624e-02
    9.24045100e-01   2.23241486e+00  -6.05601622e-01   5.80982516e-01
    6.02084323e-01  -1.31487098e+00   7.08829237e-01  -3.27615032e-01
   -1.11419501e+00   1.40223529e-01   1.12976593e+00  -9.83120573e-01
    1.17694416e-01 
   -1.77480772e-01   1.31975781e+00   5.78522181e-01  -4.23838640e-01
    4.04619023e-01  -8.95250023e-01  -2.00088615e+00  -1.61902341e+00
    1.77829093e-01  -4.39718086e-01   2.49376125e-01   4.44235799e-01
    5.73351079e-01   3.10157301e-01  -1.61507792e-01   6.18288471e-01
    2.17306994e-01 
   -1.33659615e+00  -2.03718144e-02   2.26906847e+00   1.33852235e+00
    6.70363461e-01   3.18970726e-01  -9.45624237e-01  -8.10548901e-01
   -2.89802468e-01   5.90865051e-01  -1.14827500e+00  -8.35009377e-01
   -9.60166042e-01   8.05516590e-01   7.09566507e-01   5.51432601e-01
    2.97469980e-01 
    1.11450991e+00   8.87968105e-01  -6.76241971e-01  -3.53082127e-01
   -5.99754032e-01  -7.50623795e-02  -8.73323065e-01  -2.55842579e-01
    1.07197722e+00   1.01426083e+00  -1.43592905e+00  -1.07833499e+00
   -2.25510756e-01  -1.02454305e+00   1.57846277e+00   1.34019498e-01
   -4.21801552e-01     2.47941113 -0.43855049 -0.15080235 -1.68108333 -0.22927022  0.3131976
  -0.30937444 -0.6851112   0.28276012  1.2870267   0.40447471 -2.1987286
  -0.8670801   0.35194248  0.31848981 -1.43110192 -0.56901926  0.48491965
  -0.15212676  0.78173335 -0.43114437  2.52092714  0.55815011  1.6306215
  -2.42443203 -1.02570571  0.58032441 -0.18514214 -0.32532218 -0.19135944
   0.99762862 -1.52565106 -0.24591695 
   0.3012221   0.14413364 -0.40521072  0.58213978  0.68368146 -0.26270055
  -1.30118281  0.91930872 -1.94170417 -0.63641198 -0.84375204  0.51229956
   1.65963686  0.45388299  1.84178399  0.50512032 -0.18783429 -0.72550665
   1.98179443 -1.32919057 -1.80721129  0.13959891  0.0135081   0.35513493
  -1.65113478 -0.15886419  0.93112636 -2.77513805  1.20089475 -1.55502076
  -0.09751179 -1.09987786 -0.0114819  
   0.82190907  0.30609666  2.21867313  0.37411633 -1.79453275 -0.471431
  -1.17859674 -0.98393835  1.34984633  1.22213246  0.03099222 -0.48286978
  -1.23692132  0.59480795 -0.11171218 -0.96617449  2.3268287  -0.44792552
  -1.13509564  1.06090972 -1.30098157 -1.67105284 -0.73158807  1.02861999
   1.16128471  1.53372618 -1.81084453 -0.91588794  1.39281992 -0.5958744
  -2.71820157  0.70180614 -0.40825518 
  -0.70613861  0.847429   -1.18291029 -0.94970215  0.98234709  1.01836467
   1.22202258  0.29458597  0.20217192 -0.81819938  1.84664072 -2.09463372
   0.81607214 -0.90011712 -2.80028929 -0.03992108  3.2290802  -0.380703
   1.08628157 -1.61147345 -1.29536244  0.77296477  0.91301975 -2.37251011
   0.02923825  0.40589546  0.46853143  0.00408172 -0.24988883  0.47430889
  -1.61989943 -0.23445771 -0.11472319 
  -0.88209725 -0.94609491 -1.62373001  0.21842735  0.27049656 -0.03991785
   0.49596383 -0.7621323  -0.48445359 -2.26478841  1.34387412 -0.34877417
  -0.51550634 -2.20194427  2.1379391  -0.60123316  0.09292936 -1.35971871
   2.52515128  0.01658918  1.5868011  -0.98120401 -2.45293077  1.87691812
   1.5355993   1.41827633 -1.35988033 -0.45219371 -1.22079933 -0.65829428
  -0.66261742  0.68831693 -0.02508806 
   0.02774909  0.07043432  0.66117057  1.05189264  0.64762036 -0.42949173
  -0.1651743  -2.95138309  0.73495212 -0.02706811  0.11740519 -0.2606902
  -0.36193338  1.66189129 -1.05004473 -1.37342001 -0.73928507  0.1665118
  -0.48961949 -2.29911072  4.06052671  0.44564944  0.89840366 -0.13148908
  -0.23359157  0.43824151 -1.53698002 -1.28853782 -2.87797027  0.63168978
  -0.56082448 -0.13933183  0.05391163 
   0.38085523 -0.21065571  0.77867727 -1.31095973 -0.61616949 -0.81044817
   1.36729482  0.74152583 -0.13530108 -2.22055837 -0.4242782   1.54285426
   3.0436494  -1.08162132 -0.7425188  -3.29007528 -0.92874007  0.01563444
  -0.63703002  0.59991216 -0.88316391  0.03460306 -0.32496104 -0.50277648
  -1.61932016 -1.59590447  1.00241861  0.66553476 -0.26310642  2.47951019
   0.24354899  0.58404799 -0.22907131 
   0.08748346 -0.75496582  1.74260723 -0.51190957  1.09958049  0.10071129
  -0.81406773  0.32201808  0.28362044  0.28569143 -3.45523748 -0.28859722
  -0.53410434 -0.58819396 -0.44318908  2.07765737 -1.57630941 -0.57553508
  -2.00756171  0.19329735 -2.2983084  -0.02390415 -2.47583973  0.28942511
  -0.0989351   2.42539849  0.66304477  0.60155075 -1.43445514  1.47722659
   0.50312079 -0.28137005 -0.23665453 
  -1.28183435  1.68870465  0.97374996  0.83587584 -1.71717362 -0.12188969
   0.91511313 -2.0525486   1.44261333  0.09824898  0.26022873 -1.29297014
   0.83767585 -1.32079984  1.75463346  1.46345232 -0.97418764 -1.44325214
  -0.57263635  0.63584419 -1.1630364  -1.18270866  1.84030011 -1.77429414
  -0.8510529  -0.5640331   0.04160406  0.75689536 -0.81551374 -0.1844669
   0.88886675 -1.46946555 -0.46295904 
   0.73814031 -0.50867761 -0.39870244 -0.96838249 -0.14918381 -0.03907469
  -0.74609183 -2.08011051 -1.89730349 -1.61901644 -1.60902556  1.03650548
  -1.65684841 -1.26725665  0.00967803 -0.09338381  0.68012621  0.14252091
  -1.78713148  1.73330637  0.89426421  1.12271895  0.76814161 -2.05468787
   2.33357768 -0.09907785  1.00652641 -0.11457622  1.72856678  0.13955907
   0.04905563 -1.19666105  0.09339532 
  -0.69237676 -1.73193831  0.19182593  0.62205888 -0.53858593  0.63846641
  -0.76805779 -2.08988019 -0.92297613 -0.05947183  0.92704986  0.71341577
  -2.34041761  1.6515548  -0.28583932  0.15314895  0.79609639 -0.94465114
   0.56156766  1.2989882  -0.47288343 -0.80390017 -0.93271127 -2.12549506
  -1.70225738 -1.50619541  2.45556717  0.62146418 -0.79615354 -0.52424061
   1.06025244  1.7603158  -0.1326297  
  -1.37277918  2.97840064 -0.77025398 -2.20296263 -1.65753458 -0.59618424
  -0.84430212  0.45481925  0.94008527 -1.77610284 -2.04175837 -0.09104006
  -0.92858874  1.45159243  0.29916373  1.1508216  -0.61388413 -0.40022751
  -0.04659298 -0.48948111  0.77825406  1.72798373 -0.33950502  0.65290096
   0.94786784 -1.86064881 -0.94382279  0.16631562  0.4880126  -0.56312854
   0.78440034  0.97048683 -0.27164877 
  -0.47371599 -0.43888994 -2.17473368 -1.59816943 -1.64407622  0.61983856
   0.32690422 -0.16275973 -0.21304362  2.0616197  -0.02362166  1.65151376
  -1.02769402 -0.0423096  -0.12240048 -1.11079932 -0.08120283 -0.85767394
  -0.10460201 -0.91261523  0.65400086 -0.38357434 -0.61565611 -0.55315425
   0.05761017 -0.44338708 -1.2706791   0.36884206  1.14081453 -0.97867928
   1.40647753 -0.39513514 -0.11554112 
  -0.3050547  -0.64495564  0.54118237  1.33073162 -1.78387415  0.86579945
  -0.29909579  0.46950027  0.67264244 -0.5012611  -0.9557112   0.07267335
  -1.4885333  -0.32881738 -1.9402375   1.42797774 -2.14678192  0.07209298
   0.57819636 -0.49558079  0.4284355  -0.59042291  0.91793309  0.08871174
   0.25727432 -1.73809145  0.80731149 -0.9799722   0.28950589 -0.7138729
  -0.53509785  0.46197958 -0.31804531 
  -0.7252345   1.15000134  0.05345403 -0.72191033 -0.90057438 -0.26188382
   0.51996122  0.66086724 -0.4198773  -0.0828155  -0.4974766  -0.49084045
   0.15861567  0.33471481  0.95264176 -0.85019992  0.51522412  0.07124793
  -0.66042524  0.3069868  -0.12696769  0.48852114 -0.1046075  -0.20775009
   0.86643351 -1.01320971 -0.53123939 -0.3288816  -0.86685198 -0.10760492
  -1.39439024 -1.59723986 -0.72175284 
  -0.41766097 -0.89334671 -1.15600529  0.67359203  0.69170056  0.64501414
  -0.42258291 -0.3653192   0.72783606  0.83050385 -0.20481431  0.00781246
  -0.63517775  0.24535001 -0.61251908  0.44131726  0.15727796 -1.05385141
  -0.5123524   0.91805792 -0.72785158  0.13769067 -0.08194588 -1.06245837
  -0.32782386 -0.85926328 -0.97685575 -0.24895493  0.58917286 -0.43464677
  -0.75711783 -0.23104309 -0.05859287  