NN 16 32 16   -3.81694656e+00  -1.15419360e+00  -4.81669509e-02   5.93292233e-01
    2.34549213e+00  -8.49492460e-01  -1.95635201e+00  -2.14503896e+00
    3.34847421e+00  -1.24265353e+00  -1.89301605e-01   2.33570706e-01
    9.29320504e-01  -2.16317601e-01   2.78641918e-01  -5.44200661e-01
   -8.62541693e-01 
    5.42566558e-01  -3.61295156e-01  -2.66577082e-01  -1.86348824e-01
    1.21858997e+00  -4.13714670e-01   2.42830937e-01   4.35263596e-01
   -2.71668005e+00   7.89521774e-01   2.12834496e+00  -3.76044098e+00
    8.21748654e-01   7.98872675e-01  -2.06006440e+00   1.37698552e+00
    6.58351530e-01 
   -8.81198577e-01  -5.61965826e-02  -2.62071104e+00   8.95294137e-01
    2.59776752e+00  -1.87789599e+00  -6.42501183e-01  -7.36855586e-01
   -9.34654644e-01   5.37056675e-01  -3.06596431e-01   2.99924945e-01
    1.49599104e+00  -7.40225648e-01  -2.32131325e-01   2.04031287e+00
    1.60095076e-01 
    1.59248845e+00  -5.80652892e-01  -1.34460715e+00   1.05748507e+00
    9.97286470e-02  -1.11491964e+00   7.61439288e-01  -4.33160987e-01
   -1.61288768e+00   8.74598057e-01  -1.58784699e+00   1.76784254e+00
    1.73778458e+00  -1.59801951e+00   1.21367453e+00  -1.89993186e+00
   -1.98262162e-01 
   -9.88966685e-02  -1.52935729e+00   1.41883875e+00  -1.13992670e+00
   -1.71670375e-01  -5.66147474e-01  -1.23103940e-01  -2.01745775e+00
    1.19625766e+00  -6.05823147e-01   1.68864988e-01   2.05328787e+00
    1.54334001e+00   2.17465427e+00  -1.66684941e-01  -1.47617819e+00
   -7.09615329e-01 
   -4.26712216e-01   1.22446391e+00   1.82930290e+00  -1.43646725e+00
    6.92583140e-01   1.20341796e+00   1.99793214e+00  -3.94024149e-01
   -4.72739763e-02  -2.53627701e-01  -1.90903113e+00   4.45833301e-01
   -8.26839464e-01  -1.43272044e+00  -4.89509207e-01  -9.55673090e-02
    3.37706251e-02 
    9.16555676e-01   1.55558604e+00   1.63924730e+00  -1.88895130e+00
    1.73639938e-02   9.47491724e-02  -1.82654770e+00   1.41030282e+00
   -5.53479316e-01   5.72496665e-01   9.32213812e-01   3.57818546e-01
   -1.13835621e-01  -4.13938185e-01  -1.39486358e+00   8.43552805e-01
   -6.57474413e-01 
    7.51654833e-01  -1.27292256e+00   1.12958977e+00  -3.55141040e-01
    5.73444915e-01   4.15980489e+00  -2.16804669e+00   3.58809960e-02
    2.43340439e+00   2.26424501e+00   2.86320088e-01  -4.16420583e-01
   -6.68123536e-01  -2.65120148e+00  -1.36122916e+00  -7.18171772e-02
   -6.48085725e-01 
    1.45844341e-01   2.71283515e+00  -6.67714941e-01  -1.11485518e+00
    7.03936434e-01  -1.27228004e+00  -1.02872243e+00  -1.94859422e-01
   -1.70769639e+00   2.42403470e+00   1.37382179e+00  -1.19574189e+00
    9.44456551e-01  -1.76108349e+00   1.46895264e+00  -1.55499090e+00
   -7.47289008e-02 
   -1.36836087e+00  -4.68650882e-02  -6.83306579e-01   1.13226463e+00
    1.66457554e+00  -9.18185347e-01   1.34504328e+00  -9.76494234e-01
   -1.04683111e+00   1.02439598e+00   6.11585040e-01   2.01716307e+00
   -2.74612370e+00   5.30976981e-01  -6.74615528e-01  -1.32614675e+00
    3.33133992e-01 
   -4.52685774e-01   4.63090840e-01  -2.21904495e-02  -2.92116785e+00
   -2.13484603e+00  -1.43287626e+00   1.33601714e-01   4.15078781e+00
   -1.34081164e+00   4.60296547e-01  -5.36506047e-01   2.94925081e+00
   -1.06393310e+00  -3.44467440e-01  -9.78185997e-02   2.77900492e-02
   -6.09032480e-01 
    3.03163500e+00  -8.44584351e-01   3.00399035e-01   1.95640471e+00
    1.56125933e+00  -5.28504578e-01  -1.41930254e+00   6.50658437e-01
    2.65625560e-01  -1.21389368e+00   3.62312874e-01  -4.65578500e-01
   -2.96992508e+00   4.15335687e-01   1.07148642e+00  -9.27220575e-01
   -1.97703546e-01 
   -1.93723971e-01  -2.19594396e+00   1.38995404e+00   2.26732006e-01
   -1.34221054e-01   2.54875856e-01  -3.55400933e+00   2.06154833e-01
   -1.70358959e+00   1.01246964e+00   2.95532240e+00   9.12663689e-02
   -4.20991446e-01   1.29866735e+00  -5.62854707e-01  -6.60586355e-01
   -1.24163205e+00 
   -5.34173042e-01   2.30577320e-01  -4.00246460e-01  -1.67557200e-03
    2.19264093e+00  -1.95589056e+00   9.81323107e-01   8.66821565e-01
    1.09805542e+00   1.57986784e+00  -2.25517295e+00  -1.85312582e+00
   -1.04618306e+00   3.60789274e-01  -4.51096990e-01  -1.37480423e-01
   -1.63295723e-01 
    1.58176532e+00  -1.90982972e+00   4.72792486e-01   3.03073908e+00
   -2.06301763e+00   6.98159204e-01   3.42874724e-01  -9.13332805e-01
   -1.53262192e+00  -1.60560742e-01  -4.35522880e-01  -2.61491296e-01
    7.79781076e-01   2.37123110e+00  -2.13015704e+00  -1.48495748e-01
    6.04051902e-01 
    1.50227682e+00  -1.03308557e+00  -2.55517367e-01   1.49558411e-02
   -2.47168249e-01  -3.06692959e-01   3.19487558e+00  -3.01839287e+00
   -1.20603410e+00  -9.42493975e-01  -3.77090397e-01  -8.54702361e-01
    1.26122291e+00  -1.86938822e+00   9.04166244e-01   5.78504642e-01
    5.38565888e-01 
    1.46186957e+00   6.92545245e-01  -3.08779241e+00  -4.16184795e+00
    1.09244543e+00   1.31225943e-01   7.40294002e-01   1.53901173e+00
    7.04809063e-01   1.84459030e-01  -8.87410394e-01  -1.02260767e+00
   -2.96001966e-01   1.70207103e+00  -5.17930282e-01   1.14051734e+00
    2.74319458e-01 
   -1.50409955e+00   4.48512936e-01  -2.38723572e-01   2.32664807e-01
    7.16669556e-01  -1.65286059e+00   1.55820080e-01   2.12637384e-01
    1.43414743e+00  -9.53882239e-01   1.21496181e+00   1.53172524e-01
    8.80100978e-01  -1.06435966e+00  -7.16111003e-01   1.15459556e+00
   -7.01708512e-01 
   -7.30856628e-02  -2.46302285e+00   2.25205818e+00  -2.95271347e-02
   -2.34085955e+00   2.99158347e-01  -2.79592445e-01   1.62281321e+00
    1.12941924e-01   1.58670570e+00  -1.61664136e+00  -5.30509286e-01
    4.33164137e-01  -1.10720003e+00   6.26484691e-01   6.40741425e-01
    1.30009986e-01 
   -1.35263650e+00   5.06216823e-01  -8.47590700e-01   2.29628725e+00
   -7.73552236e-01   1.79583284e+00   1.18987553e+00  -1.55603133e+00
   -2.78703066e-01  -1.69488780e+00  -5.77399011e-01   6.40928336e-01
    1.83381505e+00   1.04468448e-01  -2.24175701e-01  -2.24798721e+00
    3.81367821e-01 
   -1.01782691e-01   2.57792464e+00   1.21086557e+00  -5.10487772e-01
   -1.77530756e-01  -4.74448590e+00   1.15526722e+00   3.41492978e+00
    1.31522751e+00  -2.30817191e+00   8.92380313e-01  -2.28305321e-01
   -4.54474833e-01  -7.75583094e-01   7.21823436e-01  -3.26913524e-01
   -2.94883875e-01 
   -2.67567171e+00   8.72510963e-01   1.88799243e+00  -9.64278836e-02
    1.64423404e+00  -9.65855495e-01  -1.41501812e+00  -4.15415450e-01
    2.31678870e+00  -1.21183319e+00   3.33942078e-01  -1.81004034e+00
    5.32424860e-01   4.17185502e-01  -1.22122028e+00  -4.80911183e-01
    5.92587945e-01 
   -3.35959194e-01  -7.27150763e-01   7.18210211e-01  -8.20132572e-01
    2.32105383e+00  -1.24253559e+00   2.66175578e-01   2.37794381e+00
   -2.64141609e+00  -6.42088888e-01   1.31193779e+00   8.96295446e-01
    4.99793726e-01  -7.79000996e-01  -4.56904419e-01  -1.09172340e+00
   -3.36725240e-01 
   -2.02316719e+00   2.45840824e-01  -1.27408376e+00   2.05779372e+00
   -8.65830277e-01   1.18031769e+00   8.25287784e-01  -7.16897527e-01
    1.09304462e+00   1.48658064e+00   1.73938709e+00  -1.70775340e+00
    8.78286576e-01  -1.25528000e+00   6.74155575e-01  -2.19487588e-01
   -5.51319776e-01 
    1.93635479e+00   1.73152858e+00  -2.09859112e+00  -9.94249039e-01
   -3.69552271e+00  -1.40658064e+00   9.77073442e-01   3.62743966e-01
    1.18651400e+00  -2.47623774e+00   1.91903626e+00  -3.50741946e-02
    6.85285028e-01  -3.56802770e-01  -7.71151936e-01   1.21393682e-01
   -1.55028314e-01 
    1.68504324e+00   3.16968478e-01  -1.87061562e+00  -1.66972932e-01
   -1.13635473e+00  -4.59929578e-01   2.84178042e+00  -2.97731384e+00
   -1.01489050e-01  -2.60964829e-01   2.66339481e-01   9.85168174e-01
   -2.47404818e-01   1.36063298e+00   8.07418074e-01   1.18788447e+00
   -5.19947040e-01 
   -5.25831104e-01  -5.40819977e-01   1.89319986e+00  -2.13627422e-01
    1.46803633e+00   2.01977246e+00  -3.37493070e+00   5.45643170e-01
    2.74547695e-01  -8.32261455e-01  -3.28081203e+00   1.99790998e-01
    2.03529363e+00  -1.42906623e+00  -7.57405185e-02   3.12594286e+00
   -2.45710900e-01 
   -7.39901346e-01   2.83408320e+00   1.13158216e+00   1.13476379e-01
   -1.35200576e+00   2.00131201e+00  -5.43558638e-01  -1.60667210e-01
   -9.92566878e-01  -2.18128298e+00  -2.24182907e-01  -1.14957658e-01
   -8.61989115e-01   5.47077828e-01  -1.22044054e-01   7.45501415e-01
   -5.77845335e-01 
   -1.35393609e-01  -1.05665469e+00  -1.34346237e+00   2.29536363e-01
    6.55404104e-02   2.62477648e+00  -8.54547354e-01   8.39329089e-01
    3.01116906e-01  -2.65735404e+00   1.18838390e+00  -1.91398547e-01
   -1.39755246e+00   4.90625684e-03   3.17880095e+00  -1.49619688e+00
    6.73405886e-01 
   -1.26162348e-01   2.36074744e+00   2.47602943e-01  -9.09674152e-01
    9.68912707e-01  -1.69750586e+00  -2.40406361e+00  -1.37960389e+00
   -5.54868158e-01  -9.89936267e-01  -1.44711992e-01   9.09998385e-01
    7.60943818e-01   4.50605462e-01   1.61831466e-01   9.93952623e-01
   -9.53280140e-02 
   -1.08499269e+00   3.12630633e-01   2.78938073e+00   1.65698470e+00
    9.60380589e-01   3.73304875e-01  -2.05628258e+00  -1.15309480e+00
   -7.67467663e-01   7.49013915e-01  -2.04702084e+00  -1.52516273e+00
   -1.73195995e+00   1.58141826e+00   1.68113655e+00   1.14784599e+00
    2.49181181e-01 
    1.59581323e+00   8.44204906e-01  -1.03241327e+00  -2.12533722e-01
   -7.60970024e-01  -2.55425050e-01  -4.62196212e-01  -5.12812081e-01
    1.88131377e+00   1.61530195e+00  -2.32439507e+00  -2.02139514e+00
   -5.44486724e-01  -1.70301867e+00   2.47523769e+00   8.08844293e-01
   -5.26211329e-01      3.56566968e+00  -9.40969838e-01   3.24275389e-01  -1.98501667e+00
   -6.91282289e-01   1.37186587e+00  -7.07286880e-01  -1.08948948e+00
    6.01625454e-01   7.98808475e-01   1.66913404e-02  -3.19725267e+00
   -7.80491500e-01   4.75074139e-01   1.06933547e+00  -1.49387939e+00
   -4.73787165e-02   1.59207921e-01   3.07240818e-01   1.11669329e-01
   -3.31948945e-01   1.89747381e+00   6.15708690e-01   2.22089253e+00
   -1.50304488e+00  -7.08212769e-01   3.02384471e-01  -2.47427145e-01
   -1.08926019e-01  -3.58081849e-01   1.89516328e-01  -1.32950330e+00
   -5.04101962e-02 
    7.43479470e-01   4.02308978e-01  -3.22619160e-01  -1.02794782e-01
    1.01597860e+00  -2.88928681e-01  -1.36107699e+00   9.64079546e-01
   -2.09677824e+00  -2.09302256e-01  -8.24682403e-01   1.52392463e-01
    1.30640711e+00  -1.77680672e-01   1.63285288e+00  -4.97474812e-02
    4.50395078e-02  -9.52636656e-01   2.08043788e+00  -2.06350139e+00
   -1.29260251e+00   3.38422769e-01   4.80677454e-01  -2.36382919e-02
   -1.37712853e+00   7.05489604e-01   9.46046399e-01  -4.27534142e+00
    1.48452229e+00  -1.65560810e+00   1.94665932e-01  -1.25625843e+00
    2.85032030e-01 
    6.67315105e-01  -1.27952671e-01   2.75576720e+00   1.10972164e+00
   -1.75256556e+00  -1.89931260e+00  -1.06648993e+00  -9.05268581e-01
    1.30936917e+00   1.04871182e+00   3.76511037e-01   6.04135472e-01
   -2.17420247e+00   5.29486021e-02  -4.31292289e-01  -1.15941954e+00
    2.18624237e+00  -6.51643849e-02  -1.34464116e+00   1.35498399e+00
   -1.32366870e+00  -2.56207845e+00  -1.19468748e+00   1.20715253e+00
    1.17465303e+00   8.43582501e-01  -2.42181959e+00  -6.17340297e-01
    2.09832733e+00  -2.65560562e-01  -2.23589880e+00   1.03070520e+00
   -3.64633058e-01 
   -1.42359531e+00   3.07350713e-01  -1.44060048e+00  -1.03974869e+00
    1.76904679e+00   1.21265444e+00   1.29580797e+00   1.80120672e-01
    5.99530564e-01  -9.06766867e-01   2.73355539e+00  -2.06343742e+00
    4.33656213e-01  -9.14099153e-01  -3.23108909e+00   1.59123568e-01
    3.78608179e+00  -1.45356166e-01   8.96619297e-02  -2.25860069e+00
   -9.77538204e-01   6.07385789e-01   8.54983560e-01  -2.94305651e+00
    5.98760251e-01   5.48294853e-01  -1.22282413e-01   1.20041295e-01
   -3.58997325e-01   3.14875995e-01  -1.77325089e+00  -6.07348819e-01
   -1.74698662e-01 
   -1.94631093e+00  -1.28755630e+00  -2.28027461e+00  -6.07102479e-01
    4.45400013e-02  -4.72342040e-01  -6.63802102e-02  -1.25124302e+00
   -3.41798716e-01  -2.79001739e+00   1.37710740e+00  -5.95713300e-01
   -1.27975923e-01  -2.41846337e+00   2.70909830e+00  -1.81147973e+00
   -2.50827950e-01  -1.52490839e+00   2.45787847e+00  -2.51961412e-01
    1.16023964e+00  -1.25351279e+00  -3.27489031e+00   2.07473697e+00
    1.97257235e+00   1.25947258e+00  -1.59693508e+00  -2.01565932e-01
   -3.71806364e-01  -2.95603867e-01  -1.26687051e+00   1.66439867e+00
   -2.93802021e-01 
   -1.39825122e+00  -2.14379545e-01   6.16068718e-01   3.11878487e-01
    1.08572661e+00  -6.35065470e-01  -3.71221794e-01  -3.52602751e+00
    1.15261075e+00   4.62216575e-02  -2.05921890e-01   3.03764284e-01
   -9.29777093e-01   1.91760995e+00  -9.57697862e-01  -1.97907321e+00
   -1.46938846e+00   6.44455968e-01  -1.00112271e-01  -2.56670918e+00
    4.49613224e+00   5.34769765e-01   5.40667697e-03  -6.77964257e-02
    1.90478154e-01   4.37549844e-01  -1.41610390e+00  -1.63276786e+00
   -3.84090030e+00   7.58633053e-01  -1.50587884e-01   3.58990527e-01
   -4.55451061e-02 
    7.20307694e-01  -1.21435209e+00   6.10269423e-02  -8.99055562e-01
   -9.95404783e-02  -2.26015378e+00   1.14249235e+00   7.87253193e-01
    4.92196170e-01  -2.17792754e+00  -6.44218403e-01   2.76209832e+00
    2.96523691e+00  -1.68455603e+00  -9.84010404e-01  -3.90960942e+00
   -1.00756137e+00   1.39808452e-02  -1.73415812e-01  -5.65574356e-01
   -7.62993045e-01  -2.75584876e-01  -2.45606692e-01  -7.18909663e-01
   -1.29410230e+00  -1.76722678e+00   1.11386574e+00   2.86417387e-01
    4.08193711e-01   2.85384564e+00   7.04863344e-01   3.95785257e-01
   -3.66187055e-01 
    8.39651796e-02  -7.03108298e-01   2.03617595e+00  -6.41575926e-01
    1.64666067e+00  -1.71120272e-01  -9.42947715e-01  -4.36589559e-02
   -3.03242319e-01   3.79502418e-01  -4.33283135e+00   1.94010755e-01
    8.49353823e-02  -1.84741829e+00  -3.99651648e-01   2.25060157e+00
   -2.27683514e+00  -5.13023464e-01  -2.19625055e+00  -3.85233001e-01
   -2.44038940e+00  -1.89693992e-01  -3.01645462e+00   2.82622350e-01
   -3.90959591e-01   3.47167950e+00   4.95575995e-01   6.28089087e-01
   -1.46185767e+00   6.67661025e-01   1.14737719e+00   1.95848324e-02
   -9.41874956e-01 
   -2.05148636e+00   2.32475646e+00   1.15718326e+00   1.38044133e+00
   -2.02850653e+00  -2.18276979e-01   1.23822995e+00  -2.33440037e+00
    2.25517326e+00   3.55630084e-01   7.41988587e-01  -1.56516176e+00
    1.09428518e+00  -1.61848513e+00   1.91109021e+00   1.24799341e+00
   -8.37279817e-01  -2.36611552e+00  -3.23262243e-01   5.44389995e-01
   -1.49172674e+00  -1.72407221e+00   2.13015874e+00  -1.31954429e+00
   -1.92951112e+00  -4.23624561e-01   1.95945271e-03   5.07922299e-01
   -1.39889109e+00  -8.79322409e-02   1.54686627e+00  -1.84915036e+00
   -5.51217261e-01 
    1.06657906e+00  -1.01364391e+00  -8.22029837e-01  -1.37093764e+00
   -1.41758067e-01   1.36517894e-01  -1.02398252e+00  -2.60640489e+00
   -2.46219904e+00  -2.63709598e+00  -1.86699044e+00   1.65755005e+00
   -2.50409838e+00  -1.42148513e+00   1.34877329e-01   1.84538302e-01
    4.68076087e-01  -3.48801987e-02  -2.26370480e+00   1.73958367e+00
    1.18889557e+00   1.22326440e+00   5.25675167e-01  -2.55381033e+00
    2.66925890e+00  -8.13790208e-01   1.98860939e+00   3.87551131e-01
    2.33834351e+00   3.99764264e-01  -5.67166169e-02  -1.82906220e+00
   -4.40263981e-01 
   -2.06933593e-01  -2.79260617e+00   3.36501091e-01   9.05931539e-01
   -6.20973524e-01   1.23435685e+00  -1.15958524e+00  -2.24744786e+00
   -1.74070087e+00  -1.27901150e-01   1.14988661e+00   1.39333911e-01
   -2.65858425e+00   1.83669127e+00  -3.11298746e-01   2.69877580e-01
    5.58081662e-01  -1.29098538e+00   1.05492473e+00   1.60544810e+00
   -7.45144184e-01  -1.37043780e+00  -1.41123327e+00  -2.74313224e+00
   -1.60878323e+00  -1.55801329e+00   3.42913580e+00   9.92527001e-01
   -1.14108666e+00  -4.27255508e-01   1.51426149e+00   2.56653220e+00
   -4.75736506e-01 
   -1.18169444e+00   4.37529481e+00  -1.27354347e+00  -2.56354811e+00
   -2.04838337e+00  -1.14490873e+00  -1.10965961e+00   6.87665362e-03
    1.11645546e+00  -2.30491166e+00  -2.65071053e+00   3.35611553e-01
   -6.76247139e-01   1.36053832e+00  -1.67509188e-01   1.64285194e+00
   -7.09986185e-01  -5.09881086e-01  -2.90850828e-02  -8.72107025e-01
    8.16674255e-01   1.92050798e+00  -6.05404637e-01   9.64102319e-01
    5.66463028e-01  -1.63998886e+00  -1.42134477e+00   3.19240635e-02
    1.08601996e+00  -8.09187028e-01   1.70927453e+00   1.20272843e+00
   -5.65348876e-01 
   -4.35526141e-01  -9.19664157e-01  -2.54251953e+00  -2.06612357e+00
   -2.05456231e+00   9.48243252e-01  -4.91084268e-03  -1.52529721e-01
   -6.70142998e-01   3.40951396e+00   2.99858333e-02   2.18848269e+00
   -1.00669316e+00   3.02235347e-01  -4.72602579e-01  -1.29084185e+00
   -5.90666816e-02  -1.12260270e+00  -4.12162388e-01  -1.44198263e+00
    3.39780104e-01  -3.68506381e-01  -8.84745025e-01  -7.18433142e-01
   -5.26318911e-02  -1.75599872e-01  -1.82037531e+00   4.76281384e-01
    1.58313503e+00  -1.23166119e+00   2.01459532e+00  -4.35966470e-01
   -2.06270014e-01 
   -2.63674093e-01  -8.06638760e-01   5.37358695e-01   1.92994943e+00
   -2.28356489e+00   1.26249233e+00  -2.32187649e-01   1.03105422e+00
    9.31933896e-01  -7.33335186e-01  -9.01283443e-01   6.36589911e-02
   -1.68433391e+00  -7.25898074e-01  -2.60109224e+00   2.07127556e+00
   -2.98000229e+00   4.14743097e-01   1.02100057e+00  -8.42567120e-01
    7.91926387e-01  -5.96867093e-01   1.40609446e+00   3.57272983e-01
    2.85403173e-01  -2.05977088e+00   9.22523585e-01  -1.33103734e+00
    3.07166400e-02  -1.10243555e+00  -8.82783418e-01   7.06413992e-01
   -5.12381987e-01 
   -5.77833171e-01   2.12023637e+00   3.26223048e-01  -1.09475599e+00
   -9.59702909e-01  -1.89813266e-01   9.59510507e-01   1.52635720e+00
   -1.00976859e+00   2.32242481e-01  -9.81100478e-01  -6.55072951e-01
    2.34854706e-01   4.14056092e-01   1.90069504e+00  -1.14451561e+00
    4.86356738e-01   2.84609129e-01  -1.32328834e+00   4.30795549e-01
   -7.06089294e-01   1.01118022e+00  -3.16750813e-01  -3.26570425e-01
    9.46818668e-01  -1.24946761e+00  -3.93254655e-01  -3.71470253e-01
   -2.43322962e+00  -1.22635830e-01  -1.82576031e+00  -2.84688594e+00
   -9.06486461e-01 
   -1.88576622e-01  -1.73499372e+00  -2.33166100e+00   1.88924026e+00
    1.33055526e+00   9.01785569e-01  -4.67960092e-01  -4.94443128e-01
    1.93336598e+00   1.24673222e+00   1.40034410e-01   4.15696187e-01
   -1.48891010e-01   2.51204285e-01  -1.05888532e+00  -5.02267303e-01
   -2.47038983e-01  -1.81354539e+00  -9.45417935e-01   1.64474151e+00
   -5.08573314e-01   7.39397816e-01   3.48373615e-01  -1.50744721e+00
   -5.37402126e-01  -1.53553206e+00  -1.62938335e+00  -5.72301005e-01
    1.09434924e+00  -5.02403329e-01  -8.78521986e-01  -6.26024188e-01
   -2.18889657e-01  