NN 16 32 16   -2.53223074e+00  -4.25229255e-01  -6.60740385e-01   8.10892777e-01
    8.80501448e-01  -3.22954793e-01  -6.98930211e-01  -8.01245825e-01
    1.52250922e+00  -1.12530209e+00   3.52277090e-02   7.79830962e-01
    5.47998113e-01  -1.11201359e-01   4.26507711e-02  -2.07453443e-01
   -6.34149153e-01 
    2.99526720e-01  -5.06858902e-02  -5.21670559e-01  -7.83052656e-01
    6.12098514e-01  -2.31857507e-01   2.27933706e-02   6.28544804e-01
   -1.63699601e+00   4.58289554e-01   1.44558051e+00  -2.57176932e+00
    3.31942123e-01   5.82730580e-01  -9.88705084e-01   7.80965128e-01
    4.61340995e-01 
   -1.28496706e-01   1.92751155e-01  -1.87801918e+00   1.19089565e+00
    1.68412014e+00  -1.09272618e+00  -6.23123822e-01  -1.14365199e+00
   -8.01236772e-01   1.54449645e-01   1.33427725e-01   5.22822950e-02
    1.48876994e+00  -8.45256913e-01  -2.17796965e-02   8.28143839e-01
    2.51758806e-01 
    1.25940204e+00  -7.26289713e-01  -5.09250285e-01   6.15834601e-01
   -3.72345105e-01  -8.04265125e-01   9.05354432e-01  -1.04307841e-03
   -1.05112206e+00   7.45222440e-01  -9.79929399e-01   1.32383503e+00
    1.15594420e+00  -1.56505908e+00   7.33700534e-01  -1.08818834e+00
   -4.59861213e-01 
   -3.01016681e-01  -1.10175531e+00   1.20484776e+00  -8.58523343e-01
   -4.67339643e-01  -7.44498236e-01  -1.97516774e-01  -1.35301314e+00
    1.33227520e+00   1.75362701e-01  -2.43565496e-01   1.42869262e+00
    1.26888438e+00   1.36793642e+00   2.91536578e-01  -1.03477137e+00
   -6.64399321e-01 
   -2.19181365e-01   5.34676725e-01   7.60495550e-01  -7.63212675e-01
    4.90851292e-02   9.14666302e-01   7.56591573e-01   1.19607260e-01
   -7.79321012e-02  -2.89085115e-01  -7.39738160e-01   7.29567464e-01
   -6.08324737e-01  -9.80098986e-01  -9.78417607e-02  -4.91335185e-02
   -2.34510219e-01 
    3.33313392e-01   1.16776702e+00   1.09551149e+00  -1.27040569e+00
   -3.02188829e-01  -1.09968670e-01  -1.48620118e+00   6.87790856e-01
   -6.02696737e-01   2.65186588e-01   6.32763927e-01   5.71147146e-01
   -3.00585248e-01  -2.10388753e-01  -8.78164907e-01   6.03529670e-01
   -5.03051249e-01 
    2.01927422e-01  -1.11698049e+00   7.20541780e-01  -5.10169133e-01
    5.41596766e-01   2.61209274e+00  -1.16603533e+00  -2.25971772e-01
    1.64449045e+00   1.83019902e+00   8.17953617e-01  -9.38838853e-01
   -6.04848826e-01  -1.50561844e+00  -9.93606359e-01  -9.45354438e-02
   -7.42104367e-01 
    3.47349206e-01   1.86140598e+00  -1.06827673e+00  -2.50609915e-01
    7.77353931e-01  -8.62011796e-01  -1.17331424e-01  -1.53568656e-01
   -1.35245902e+00   1.87917264e+00   9.72118969e-01  -7.88464254e-01
    2.72741590e-01  -1.15324539e+00   6.17685849e-01  -6.28364680e-01
   -8.83939027e-02 
   -1.23427575e+00   2.79893018e-01  -1.03318429e+00   9.98197357e-01
    1.57917622e+00  -5.87574828e-01   1.10883775e+00  -3.95609950e-01
   -5.75277686e-01   1.27801742e+00   2.54078165e-01   1.39562560e+00
   -1.97115204e+00   1.91528559e-01   5.19442301e-02  -9.22732096e-01
   -1.07403604e-02 
   -5.64158227e-01   7.51559820e-01  -2.51574860e-01  -2.19120436e+00
   -1.84446348e+00  -7.01996816e-01   1.73872980e-01   2.70274973e+00
   -6.30197876e-01   8.19391241e-01  -9.23931055e-01   1.56260557e+00
   -5.67011559e-01  -2.45367809e-02   1.61789757e-01  -3.44185971e-02
   -6.57313290e-01 
    1.75751736e+00  -9.36671080e-01   5.78007423e-01   1.60128646e+00
    1.04831837e+00   4.73030889e-02  -1.34063750e+00   2.61163210e-01
    6.77312517e-01  -5.20032582e-01  -4.53398723e-01  -2.69826226e-01
   -1.96217225e+00   1.94217672e-01   5.20922364e-01  -3.57151631e-01
    5.89434327e-02 
    3.34129350e-01  -1.27039577e+00   6.71280118e-01  -3.35941764e-01
    3.35278228e-01  -1.66750420e-01  -2.53505646e+00   2.15152900e-01
   -1.45818573e+00   7.38768234e-01   2.23492621e+00   4.28868675e-01
   -2.13553887e-01   8.54690138e-01  -5.49687451e-01  -2.94590355e-01
   -8.12364989e-01 
   -4.42527564e-02  -2.44494312e-01  -7.81396318e-01   3.67502803e-01
    1.73153401e+00  -1.48046122e+00   8.31722441e-01   3.37935260e-01
    7.97438892e-01   1.28037913e+00  -1.74571516e+00  -1.59381951e+00
   -3.54039383e-01   4.75535205e-01  -2.24239653e-01  -1.88163676e-01
   -6.43590965e-02 
    3.64742449e-01  -1.99937190e+00   2.26404517e-02   2.06446473e+00
   -1.92247754e+00   8.17467192e-01   2.06722418e-01  -2.34294595e-01
   -1.38092946e+00   7.06981496e-02  -2.29709886e-01  -7.44691888e-01
    4.66093258e-01   1.72159411e+00  -1.13864224e+00  -5.02292940e-02
    5.19844302e-01 
    1.11902401e+00  -9.49975247e-01   1.86862535e-01   6.81964574e-02
   -7.27115561e-02   5.18280851e-01   2.50565241e+00  -2.31083414e+00
   -1.28907962e+00  -2.89580606e-01  -3.50053564e-01  -6.84519404e-01
    1.34482806e+00  -1.29278537e+00   5.15340921e-01  -9.13202852e-02
    3.85959466e-01 
    1.16992420e+00   5.66103768e-01  -2.13941926e+00  -2.93104971e+00
    2.81105884e-01   1.22070385e-01   7.98751833e-01   1.45704458e+00
    5.74011124e-01  -3.68506820e-01  -8.55260974e-01  -3.04101091e-01
   -2.28155745e-01   1.79989712e+00  -4.63315687e-01   5.16003649e-01
   -1.04180940e-02 
   -1.07004789e+00   1.59897182e-01   7.28468220e-02   7.26914642e-02
    8.05478620e-01  -7.63979827e-01  -4.07278003e-01   1.15945947e-01
    1.26879307e+00  -4.73002688e-01   7.16596438e-01  -2.67539584e-01
    5.23154631e-01  -5.38592599e-01  -2.53243095e-01   5.15744183e-01
   -4.27045257e-01 
    2.50728738e-02  -1.40545879e+00   1.12438058e+00  -6.08624391e-01
   -1.89962471e+00   5.10232237e-01   4.06654536e-01   1.19789678e+00
    5.35415578e-01   1.56292260e+00  -1.63460553e+00  -6.20349688e-01
    2.51738985e-01  -9.83624056e-01   4.82374379e-01   4.13438670e-01
    9.89234207e-02 
   -8.64734676e-01   5.94975488e-01  -9.55874264e-01   1.44292645e+00
   -3.38519332e-01   1.81957053e+00  -1.04240401e-02  -9.04743453e-01
   -2.13723477e-01  -1.46098791e+00  -6.49332546e-01   3.63274567e-01
    1.32804420e+00   6.61749512e-01  -8.36598989e-02  -9.13660496e-01
    4.55294646e-01 
    2.13053676e-01   2.00497952e+00   9.44690825e-01  -1.40922172e-02
   -3.69838144e-01  -3.18285168e+00   7.09676259e-01   2.48292919e+00
    1.02722577e+00  -1.18388656e+00   5.72108537e-01  -9.58345601e-01
   -6.87198919e-01  -3.77375643e-01   3.42045702e-01  -7.21144617e-02
   -2.05717922e-01 
   -2.30178545e+00   5.82062508e-01   1.33864946e+00  -5.59196576e-01
    1.22672879e+00  -7.22718519e-01  -1.88105473e-01  -4.50668687e-01
    1.48109370e+00  -1.04073332e+00   2.30491687e-01  -1.44117552e+00
    4.73164452e-01   6.39928724e-01  -7.61123815e-01  -2.10778677e-02
    6.10277042e-01 
   -5.67258639e-01  -5.60198380e-01   8.33518264e-01  -9.96598044e-01
    1.75800206e+00  -1.30261530e+00   1.14726196e-01   1.64538886e+00
   -1.72263321e+00  -7.50620258e-01   8.83638647e-01   3.12694093e-01
    5.96188676e-01  -6.22240576e-01  -2.76352723e-01  -2.43282845e-01
   -3.45147277e-01 
   -1.33133769e+00  -3.56522313e-02  -1.20209260e+00   1.67850670e+00
   -8.56165464e-01   7.62839327e-01   2.56394465e-01  -7.14513506e-01
    1.59331452e+00   1.56448310e+00   1.03330418e+00  -1.49658275e+00
    4.76633254e-01  -9.65022281e-01   3.13646536e-01  -2.58847155e-01
   -4.63865786e-01 
    1.52742335e+00   1.23476674e+00  -1.24100559e+00  -3.28079409e-01
   -2.26834269e+00  -5.04436863e-01   8.49630198e-01   3.77086524e-01
    9.39781197e-01  -2.09323847e+00   1.91159565e+00  -1.88787361e-01
   -5.47894324e-02  -1.24972392e-01  -4.16228703e-01  -1.57176857e-01
   -2.06619197e-01 
    1.19258695e+00  -1.30846427e-01  -1.24333223e+00  -3.86235148e-01
   -1.14660904e+00  -4.49483940e-01   1.57438720e+00  -2.42547487e+00
    6.95536092e-02  -4.08618833e-01   8.49170627e-01   1.18272577e+00
    1.52799747e-02   9.89623515e-01   8.08437394e-01   9.66466678e-02
   -6.20066297e-01 
   -9.09988125e-01  -6.83921015e-01   1.57016383e+00  -2.32836581e-01
    1.05574006e+00   1.11997368e+00  -1.63633772e+00  -6.61518695e-01
    1.72203225e-01  -7.04593571e-01  -2.18654056e+00   6.61068509e-01
    1.22475492e+00  -7.74153929e-01   1.64241074e-01   1.47640098e+00
   -1.52411953e-01 
   -6.71764847e-01   1.99884222e+00   1.17025906e+00   7.88935315e-02
   -3.82167168e-01   1.70352427e+00  -5.88012284e-01  -3.78741461e-01
   -9.46993464e-01  -7.60802896e-01  -4.94529632e-01  -4.36560245e-01
   -8.20511746e-01   4.92061986e-01  -1.20163486e-01   3.19079050e-01
   -4.05727394e-01 
   -3.29685581e-01  -1.24012053e+00  -6.27868233e-01   3.70950580e-02
    7.35443217e-01   2.15601831e+00  -5.49738290e-01   5.69020392e-01
    5.60715893e-01  -1.47045901e+00   8.14626913e-01  -2.65587805e-01
   -1.21693848e+00   1.21275750e-01   1.19650164e+00  -1.03088782e+00
    1.09658138e-01 
   -1.06293297e-01   1.30645811e+00   6.09834889e-01  -5.37489060e-01
    3.97928099e-01  -9.59443756e-01  -2.03334268e+00  -1.58020443e+00
    1.70347268e-01  -5.13753165e-01   2.17088518e-01   4.75699550e-01
    5.40302433e-01   3.22095649e-01  -1.78751311e-01   6.47115058e-01
    1.86795571e-01 
   -1.38752136e+00   5.90535398e-02   2.19189267e+00   1.25011324e+00
    8.11004371e-01   2.40295598e-01  -9.54128106e-01  -9.09833846e-01
   -3.03846343e-01   5.56278598e-01  -1.20632456e+00  -9.04842562e-01
   -1.07262601e+00   8.92406235e-01   7.49844291e-01   5.55601959e-01
    2.77049644e-01 
    1.21559623e+00   8.92506962e-01  -7.29230826e-01  -3.10020190e-01
   -5.82217373e-01  -7.59491249e-02  -8.62651075e-01  -2.36477663e-01
    1.14630180e+00   9.53318339e-01  -1.48562407e+00  -1.10251718e+00
   -2.26930109e-01  -1.10447997e+00   1.67015591e+00   1.44963040e-01
   -4.23070168e-01      2.51847813e+00  -4.20617530e-01  -7.86534565e-02  -1.70702433e+00
   -2.35567307e-01   3.07254871e-01  -3.25158489e-01  -6.89536358e-01
    4.17590686e-01   1.27905660e+00   3.54572169e-01  -2.28494649e+00
   -9.01109269e-01   2.95348138e-01   3.42564040e-01  -1.36711631e+00
   -6.07814069e-01   4.37032029e-01  -1.48818941e-01   8.70615077e-01
   -5.21694185e-01   2.52400506e+00   4.49633818e-01   1.74755546e+00
   -2.44808553e+00  -1.02317550e+00   5.74353800e-01  -1.28053941e-01
   -3.39347480e-01  -1.17054680e-01   9.88814055e-01  -1.56145981e+00
   -2.58877060e-01 
    4.04507326e-01   8.24456461e-02  -4.17687008e-01   5.32399337e-01
    7.97400751e-01  -2.82349735e-01  -1.29237144e+00   9.47321517e-01
   -2.05747257e+00  -5.94870197e-01  -7.70778456e-01   4.32347999e-01
    1.59421396e+00   3.60359101e-01   1.88946503e+00   4.90876949e-01
   -1.92831005e-01  -6.57536155e-01   1.99298105e+00  -1.41060718e+00
   -1.75297611e+00   2.43777987e-01   3.94214730e-02   4.49102195e-01
   -1.60528563e+00  -9.18550262e-02   9.19423539e-01  -2.92000145e+00
    1.16859985e+00  -1.56303186e+00  -2.06471042e-02  -1.12095661e+00
    1.87566879e-02 
    7.31649721e-01   3.20629929e-01   2.26726461e+00   3.75092983e-01
   -1.95257645e+00  -5.53554502e-01  -1.22239043e+00  -9.73517515e-01
    1.39430681e+00   1.15860995e+00  -4.53502472e-02  -4.51878431e-01
   -1.34962251e+00   5.30290703e-01  -1.40620540e-01  -9.50933055e-01
    2.14306701e+00  -4.73977128e-01  -1.24940040e+00   1.05491745e+00
   -1.27670941e+00  -1.82159304e+00  -7.64650492e-01   1.02236780e+00
    1.15608905e+00   1.37467382e+00  -1.93209533e+00  -9.02040808e-01
    1.32398277e+00  -6.04261460e-01  -2.76307613e+00   6.88056049e-01
   -4.88707270e-01 
   -7.93343939e-01   7.68787366e-01  -1.25268169e+00  -8.98858218e-01
    1.11247976e+00   1.07129541e+00   1.19101622e+00   2.01203092e-01
    1.46814115e-01  -8.33455174e-01   1.89272562e+00  -2.22376032e+00
    6.86356684e-01  -8.89987413e-01  -2.85878773e+00   1.58061045e-02
    3.22006444e+00  -4.19096931e-01   1.15879547e+00  -1.67399339e+00
   -1.29787988e+00   7.52812675e-01   9.24234280e-01  -2.45903407e+00
    1.49732027e-03   3.41275615e-01   5.03604193e-01  -4.52333755e-03
   -4.03717256e-01   3.63385974e-01  -1.60363096e+00  -2.25292855e-01
   -1.68151324e-01 
   -9.30568276e-01  -9.66864472e-01  -1.64322538e+00   2.97185037e-01
    2.97538632e-01  -2.84189932e-02   4.38021875e-01  -8.41029901e-01
   -5.37077466e-01  -2.34713797e+00   1.34221389e+00  -4.06954300e-01
   -5.12853312e-01  -2.23917236e+00   2.20269218e+00  -5.83623372e-01
    6.18244740e-02  -1.42157424e+00   2.55463386e+00   1.28633746e-01
    1.49045789e+00  -1.08453171e+00  -2.45239944e+00   1.84197613e+00
    1.55217919e+00   1.44680662e+00  -1.32714169e+00  -4.16551465e-01
   -1.20709171e+00  -6.96670995e-01  -7.44214042e-01   7.09125261e-01
   -4.60747950e-02 
    4.68786536e-02   7.83409277e-02   6.73151522e-01   9.52529270e-01
    6.43630827e-01  -5.00365036e-01  -2.11139529e-01  -3.02116814e+00
    7.74054895e-01  -2.62973029e-02   3.73508013e-03  -1.91377257e-01
   -3.28471014e-01   1.75357439e+00  -1.10118576e+00  -1.52292314e+00
   -8.17425993e-01   2.37633543e-01  -5.09810746e-01  -2.44021350e+00
    4.05197593e+00   5.13243142e-01   8.45967632e-01  -6.31016659e-02
   -3.69600483e-01   2.81158090e-01  -1.45041759e+00  -1.31393785e+00
   -2.90636525e+00   6.44713120e-01  -4.16717376e-01  -1.12356417e-01
    1.49592770e-02 
    3.80543707e-01  -2.50347902e-01   6.88464443e-01  -1.33750032e+00
   -6.19897528e-01  -8.58225051e-01   1.38855249e+00   7.38920017e-01
   -1.57187839e-01  -2.29380232e+00  -5.60193498e-01   1.58211148e+00
    3.07972267e+00  -1.21653175e+00  -8.70962040e-01  -3.38735339e+00
   -8.72723819e-01   4.91244853e-02  -6.80631332e-01   6.34006184e-01
   -8.48572649e-01  -7.95805091e-02  -4.59765198e-01  -5.56542938e-01
   -1.55465825e+00  -1.42262588e+00   1.00506635e+00   6.14735087e-01
   -2.52051441e-01   2.54300521e+00   1.90122189e-01   5.81333369e-01
   -2.56051565e-01 
    6.69189426e-02  -8.29325208e-01   1.71917959e+00  -5.34131055e-01
    1.11203340e+00   6.06290721e-02  -8.66429878e-01   3.78375099e-01
    1.57988241e-01   2.68518843e-01  -3.53644715e+00  -2.47015704e-01
   -5.06342826e-01  -6.28718540e-01  -3.93969153e-01   2.03303799e+00
   -1.68675033e+00  -6.17483234e-01  -2.03082133e+00   1.26216844e-01
   -2.39357302e+00  -8.28590731e-02  -2.47105270e+00   2.39743141e-01
   -2.24297382e-01   2.38343445e+00   6.98306387e-01   6.09364917e-01
   -1.48571155e+00   1.38580071e+00   5.60180312e-01  -3.52241004e-01
   -3.15283723e-01 
   -1.36850076e+00   1.74217555e+00   9.31592336e-01   8.48014045e-01
   -1.71023648e+00  -1.50000887e-01   9.16980660e-01  -1.99980377e+00
    1.47122675e+00   1.09373354e-01   1.89091570e-01  -1.23004126e+00
    8.91390816e-01  -1.29372728e+00   1.83485231e+00   1.49547625e+00
   -1.02717855e+00  -1.51350668e+00  -5.09333788e-01   5.36904680e-01
   -1.23672444e+00  -1.27112509e+00   1.79400683e+00  -1.70154008e+00
   -9.53578292e-01  -6.03592950e-01   2.80235717e-03   7.65951490e-01
   -8.66748794e-01  -2.01682817e-01   9.81062674e-01  -1.43516792e+00
   -4.71181687e-01 
    7.00174896e-01  -4.97874467e-01  -4.37343834e-01  -1.01424090e+00
   -1.77317154e-01  -4.47262355e-02  -7.28005940e-01  -2.14273642e+00
   -1.96037688e+00  -1.72343025e+00  -1.63142564e+00   1.04993678e+00
   -1.64855406e+00  -1.32578259e+00  -3.72738631e-02  -1.37860585e-01
    6.47813589e-01   1.14620155e-01  -1.84386500e+00   1.71544668e+00
    9.06077336e-01   1.12409797e+00   8.41816327e-01  -2.18211143e+00
    2.34384528e+00  -1.80527364e-01   1.06529182e+00  -8.62902712e-02
    1.71735625e+00   1.90026741e-01   4.59584555e-02  -1.25863202e+00
    3.41843718e-02 
   -6.44146644e-01  -1.75190238e+00   2.37463530e-01   6.27346615e-01
   -5.15597928e-01   6.58942457e-01  -8.14184893e-01  -2.07865804e+00
   -9.21004731e-01  -4.72776076e-02   8.85917229e-01   7.40391587e-01
   -2.40445288e+00   1.75923581e+00  -2.83137273e-01   2.01757398e-01
    8.18612943e-01  -9.41181346e-01   5.91507659e-01   1.35459456e+00
   -5.06099269e-01  -7.61865349e-01  -9.92465362e-01  -2.08011149e+00
   -1.75967191e+00  -1.51689882e+00   2.55724258e+00   6.62908849e-01
   -8.04886778e-01  -4.89729455e-01   1.14483375e+00   1.86161669e+00
   -1.13380023e-01 
   -1.39671399e+00   3.10998485e+00  -7.82131205e-01  -2.20165005e+00
   -1.74193050e+00  -6.28606258e-01  -8.31364719e-01   4.17590485e-01
    1.00054864e+00  -1.77916761e+00  -2.05536658e+00  -1.08477371e-01
   -9.10078798e-01   1.43945840e+00   3.17322387e-01   1.18386103e+00
   -6.00287667e-01  -3.98896978e-01  -7.49783573e-02  -5.24217462e-01
    8.55813496e-01   1.74112857e+00  -3.27122758e-01   6.53158378e-01
    9.82354589e-01  -1.85153690e+00  -1.04358183e+00   1.47676823e-01
    4.66465708e-01  -6.16073714e-01   7.53948727e-01   9.41575560e-01
   -2.79798987e-01 
   -4.78089686e-01  -5.16468791e-01  -2.21438617e+00  -1.63618946e+00
   -1.68293385e+00   6.17904420e-01   3.08932179e-01  -2.29663636e-01
   -2.45679292e-01   2.16380415e+00  -5.00783503e-03   1.69826074e+00
   -1.05455703e+00  -1.41972535e-02  -1.88609538e-01  -1.18241334e+00
   -4.95353262e-02  -8.80170409e-01  -1.54033539e-01  -9.82920723e-01
    6.33577992e-01  -4.24601255e-01  -6.64428421e-01  -6.04244645e-01
    8.54050277e-02  -4.10339312e-01  -1.32125917e+00   3.26473394e-01
    1.14007365e+00  -9.97632435e-01   1.39311989e+00  -3.88940620e-01
   -1.50546031e-01 
   -3.18698471e-01  -6.15903990e-01   5.55497705e-01   1.41458717e+00
   -1.79360976e+00   9.39563398e-01  -2.19813996e-01   5.40222850e-01
    7.46032385e-01  -5.14307197e-01  -8.73211451e-01   3.17516745e-02
   -1.48769315e+00  -3.72167607e-01  -2.01899713e+00   1.49604963e+00
   -2.15680241e+00   1.29788424e-01   6.63346759e-01  -5.49533492e-01
    4.83906362e-01  -5.96813410e-01   1.03697792e+00   1.15816878e-01
    2.96994658e-01  -1.73906118e+00   8.27450246e-01  -1.01507029e+00
    2.97683435e-01  -7.28112644e-01  -5.87295429e-01   5.07466679e-01
   -2.76157851e-01 
   -7.43637304e-01   1.22791679e+00  -1.63942364e-02  -8.21527522e-01
   -9.30722496e-01  -2.48676899e-01   5.83937082e-01   7.34615892e-01
   -4.80555378e-01  -1.15611433e-01  -5.12341592e-01  -5.49931096e-01
    1.65125589e-01   3.30627726e-01   1.00169011e+00  -8.89326610e-01
    4.75582665e-01   6.80571710e-02  -6.36711879e-01   2.63292643e-01
   -2.00365948e-01   5.37007023e-01  -1.12328701e-01  -2.00070422e-01
    8.53657403e-01  -1.09224654e+00  -5.63604185e-01  -3.08260438e-01
   -9.69991934e-01  -1.48408355e-01  -1.39088765e+00  -1.73096095e+00
   -7.57117468e-01 
   -4.84793530e-01  -9.87132518e-01  -1.36396787e+00   6.90869533e-01
    6.82029858e-01   6.38943357e-01  -3.86582988e-01  -3.65134905e-01
    6.92450929e-01   7.70981245e-01  -2.06143784e-01   6.10575852e-02
   -5.36905186e-01   1.19333605e-01  -5.74670396e-01   3.02678164e-01
   -1.14345182e-01  -1.14507830e+00  -4.78116309e-01   9.43082615e-01
   -7.99129243e-01   1.28125277e-01  -5.40660479e-02  -1.15003972e+00
   -4.84081728e-01  -1.08669226e+00  -9.32874854e-01  -2.00093198e-01
    6.03046727e-01  -4.40264389e-01  -6.22192694e-01  -2.87407401e-01
   -1.47594592e-01  