NN 16 32 16   -4.16712925e+00  -1.16252683e+00   1.23681450e-01   6.31689854e-01
    2.77611441e+00  -1.02703318e+00  -2.05389704e+00  -2.45725232e+00
    3.67095576e+00  -1.19530850e+00  -3.39280782e-01   1.40173322e-01
    9.31016496e-01  -2.06964203e-01   3.23776815e-01  -6.58020914e-01
   -9.29144963e-01 
    6.81764589e-01  -6.01428641e-01  -1.72159585e-01   2.17996743e-01
    8.96756038e-01  -1.46728948e-01   1.54417162e-01   5.65964363e-01
   -2.92258470e+00   7.87335335e-01   2.35418887e+00  -4.35586159e+00
    9.79780476e-01   7.49585233e-01  -2.36947642e+00   1.50584910e+00
    7.62147435e-01 
   -1.30268365e+00   1.02614919e-01  -2.53920366e+00   9.49768483e-01
    3.01703897e+00  -1.84707550e+00  -7.55428724e-01  -8.82737208e-01
   -9.39913609e-01   6.38104459e-01  -6.71621609e-01   3.28205262e-01
    1.45799214e+00  -6.55975123e-01  -2.49799757e-01   2.24016158e+00
    2.08263577e-01 
    1.78805516e+00  -6.24836974e-01  -1.40260176e+00   1.05572480e+00
    2.58300028e-01  -1.12826975e+00   8.45767012e-01  -5.22024340e-01
   -1.68334086e+00   9.25493709e-01  -1.71733760e+00   1.81055153e+00
    1.80709490e+00  -1.74801035e+00   1.31890788e+00  -2.08230092e+00
   -1.62096883e-01 
   -1.65199423e-01  -1.86753153e+00   1.66869479e+00  -1.56245243e+00
    2.21910996e-02  -7.12893930e-01  -1.02304355e-01  -2.19212623e+00
    1.22526394e+00  -5.76406137e-01   8.59570875e-02   2.14725222e+00
    1.52469268e+00   2.29474575e+00  -2.08951762e-01  -1.54231855e+00
   -7.22898026e-01 
   -4.00388955e-01   1.20408652e+00   2.04690973e+00  -1.36183324e+00
    8.12020667e-01   1.16940026e+00   2.37432478e+00  -5.88300810e-01
    6.87679465e-02  -1.76445057e-01  -2.26227256e+00   4.37248037e-01
   -8.54198898e-01  -1.42980614e+00  -4.17950177e-01   4.33437430e-02
    1.80996394e-01 
    1.31912550e+00   1.64405543e+00   1.62839514e+00  -2.02115027e+00
    2.01388735e-02   4.24363761e-01  -2.23110033e+00   1.65511877e+00
   -4.86778460e-01   6.52570453e-01   9.74394656e-01   7.36253440e-02
   -1.58656217e-02  -3.61853364e-01  -1.40958397e+00   8.91236446e-01
   -7.06780970e-01 
    8.21872976e-01  -1.48421265e+00   1.27117419e+00  -4.57088579e-01
    6.64063815e-01   4.52028051e+00  -2.45568224e+00  -6.48768783e-02
    2.76626116e+00   2.53691089e+00   4.21524341e-01  -2.80170434e-01
   -6.07977900e-01  -2.87548845e+00  -1.50383053e+00  -1.47179083e-01
   -6.75079425e-01 
    1.54984513e-01   2.93089938e+00  -6.45643628e-01  -1.17038720e+00
    7.05735377e-01  -1.33322935e+00  -1.46440749e+00  -3.11189464e-01
   -1.77190970e+00   2.38789796e+00   1.42067137e+00  -1.31803055e+00
    1.07248915e+00  -1.95801173e+00   1.50464832e+00  -1.85806048e+00
   -1.87403569e-01 
   -1.25622298e+00  -3.79798406e-01  -7.78614650e-01   1.39528904e+00
    1.79676544e+00  -7.28276240e-01   1.26299424e+00  -7.23700529e-01
   -1.10815627e+00   6.84398978e-01   1.09247792e+00   2.37348566e+00
   -3.16261700e+00   4.49193596e-01  -8.13998920e-01  -1.35136968e+00
    4.70903515e-01 
   -8.34396974e-01   5.15418029e-01   1.59303902e-01  -2.81364990e+00
   -2.66525977e+00  -1.46362682e+00   2.50172617e-01   4.75333936e+00
   -1.46745857e+00   5.39367135e-01  -4.48922880e-01   3.20044542e+00
   -1.25507354e+00  -3.80088512e-01  -4.73197636e-02   7.71657637e-02
   -5.97479362e-01 
    3.35125161e+00  -7.39360790e-01   2.76680528e-01   2.01126648e+00
    1.74431354e+00  -8.22791971e-01  -1.30363712e+00   6.91710319e-01
    3.20967919e-01  -1.35650526e+00   6.26948650e-01  -6.01591915e-01
   -3.10110722e+00   5.27282554e-01   1.18274253e+00  -1.21566442e+00
   -3.54798993e-01 
   -1.80381614e-01  -2.72717899e+00   1.67999867e+00   1.93258015e-01
   -2.62882732e-02   3.23530283e-01  -3.64017550e+00  -5.77204679e-01
   -1.83018112e+00   1.18415494e+00   3.27285006e+00   1.03636696e-02
   -4.72239683e-01   1.33534617e+00  -5.02432550e-01  -7.96619343e-01
   -1.34517762e+00 
   -6.45037998e-01   4.11361870e-01  -4.85378603e-01   6.94810771e-02
    2.55725542e+00  -2.23355938e+00   1.29405261e+00   9.30804063e-01
    1.14211331e+00   1.43052355e+00  -2.27572811e+00  -1.75145749e+00
   -1.28498520e+00   1.90207848e-01  -4.50664757e-01  -1.25130861e-01
   -1.54449846e-01 
    1.98219493e+00  -1.97390988e+00   7.77835697e-01   3.24893455e+00
   -2.43031745e+00   7.43049052e-01   3.72442830e-01  -9.50401959e-01
   -1.58359744e+00  -7.78928234e-02  -6.00346814e-01  -2.98180465e-01
    6.78762692e-01   2.42792443e+00  -2.31596002e+00  -2.07606484e-01
    5.82794405e-01 
    1.67311563e+00  -1.20934596e+00  -3.70365041e-01   1.58356442e-01
   -3.27327699e-01  -2.80578653e-01   3.26553171e+00  -3.04809865e+00
   -1.13794592e+00  -1.03592347e+00  -6.40168505e-01  -9.04147641e-01
    1.21886805e+00  -2.08591916e+00   9.62623622e-01   7.41847553e-01
    5.75448577e-01 
    1.64709062e+00   6.95777560e-01  -3.05485460e+00  -4.71157819e+00
    1.23381547e+00   2.92289803e-01   5.22084945e-01   1.54845868e+00
    8.21026756e-01   5.39678703e-01  -7.06371404e-01  -1.29583348e+00
   -3.38853388e-01   1.69863708e+00  -5.09208751e-01   1.34625372e+00
    3.77097590e-01 
   -1.75433095e+00   6.73498433e-01  -2.87843446e-01   4.08359928e-01
    6.73628474e-01  -2.05537975e+00   3.71070377e-01   2.37244149e-01
    1.61807165e+00  -8.95977863e-01   1.48427901e+00   4.09827346e-01
    9.05008852e-01  -1.14295780e+00  -7.92956204e-01   1.33326974e+00
   -7.45302421e-01 
   -1.22187322e-01  -2.55349867e+00   2.33512686e+00   7.80943181e-02
   -2.55083762e+00   2.74491489e-01  -3.34461991e-01   1.81641258e+00
    1.77181428e-02   1.60992175e+00  -1.58530688e+00  -3.85859445e-01
    5.45768883e-01  -1.01220933e+00   7.15579994e-01   7.47301330e-01
    1.84647872e-01 
   -1.30318817e+00   5.68606868e-01  -8.18122961e-01   2.37051791e+00
   -9.52479497e-01   1.93734616e+00   1.46330019e+00  -1.90337089e+00
    1.03647536e-01  -1.78687737e+00  -4.67423054e-01   5.55418795e-01
    1.71755482e+00  -3.17943029e-01  -3.69188983e-01  -2.58932062e+00
    3.00758501e-01 
   -3.39350521e-01   2.92961373e+00   1.40458991e+00  -6.88949203e-01
   -2.14876816e-01  -5.03605595e+00   1.34353988e+00   3.55136657e+00
    1.45319368e+00  -2.65057270e+00   8.07745052e-01   4.92843025e-02
   -3.89478330e-01  -8.77900412e-01   8.45633704e-01  -3.96016454e-01
   -2.89033881e-01 
   -2.92286918e+00   8.21017899e-01   2.12494212e+00  -1.27859831e-01
    1.66223752e+00  -9.51230210e-01  -1.72137298e+00  -1.38565264e-01
    2.45740445e+00  -1.02822042e+00   3.69539951e-01  -1.84818014e+00
    3.81228373e-01   4.35169760e-01  -1.31828814e+00  -5.46162569e-01
    6.24216542e-01 
   -4.77415748e-02  -9.43540178e-01   4.36489956e-01  -5.77043756e-01
    2.50069184e+00  -1.14088950e+00   2.35124807e-01   2.61651878e+00
   -2.74056990e+00  -9.72594392e-01   1.47067794e+00   9.51962616e-01
    3.43698433e-01  -9.00885734e-01  -5.26280164e-01  -1.39280014e+00
   -4.06851304e-01 
   -2.12202641e+00   1.45959608e-01  -1.47996205e+00   2.09297382e+00
   -1.04298690e+00   1.16422772e+00   8.94229840e-01  -7.93209024e-01
    1.06868240e+00   1.36111897e+00   1.95850830e+00  -1.70980336e+00
    7.84166079e-01  -1.51880939e+00   5.65209553e-01  -4.04691482e-01
   -6.92190421e-01 
    2.39067527e+00   1.79389552e+00  -2.21220104e+00  -1.40632030e+00
   -3.75817527e+00  -1.77784273e+00   9.02069722e-01   6.30201826e-01
    1.44029536e+00  -2.42214917e+00   1.85716233e+00   8.65322315e-03
    9.06419126e-01  -3.38920390e-01  -7.26590707e-01   2.61487366e-01
   -6.34583420e-02 
    2.00604766e+00   4.23269691e-01  -2.25359219e+00   1.84674626e-01
   -1.14559348e+00  -6.84352218e-01   3.00989520e+00  -3.24796090e+00
   -2.33850476e-01  -3.07864750e-01   2.71241820e-01   8.54829817e-01
   -1.93451128e-01   1.33606813e+00   7.68068941e-01   1.45126133e+00
   -4.52471010e-01 
   -6.32038662e-01  -1.71344883e-01   2.02569567e+00  -2.56372651e-01
    1.91551432e+00   1.97090156e+00  -3.61952473e+00   3.87288285e-01
    3.31755806e-01  -8.65554258e-01  -3.64825978e+00  -3.45525956e-03
    2.24846407e+00  -1.54332941e+00  -1.91746951e-01   3.39892795e+00
   -3.18797079e-01 
   -6.21290446e-01   3.26140548e+00   1.09860591e+00   6.14379058e-02
   -1.44468503e+00   1.81431125e+00  -6.97058462e-01  -4.68591105e-02
   -8.91195025e-01  -2.51090422e+00  -2.01104679e-01   8.80222046e-02
   -9.39632176e-01   6.93625022e-01  -1.84251318e-01   7.43243141e-01
   -7.03388134e-01 
   -2.11811720e-01  -8.82587898e-01  -1.31533745e+00   1.88165656e-02
   -1.28925211e-01   2.81069162e+00  -5.80815648e-01   8.80490019e-01
    3.59013373e-01  -3.00507654e+00   1.16223335e+00  -2.98586459e-01
   -1.59459960e+00   2.30234260e-02   3.46449762e+00  -1.62195032e+00
    7.66890754e-01 
   -1.53111105e-01   2.83468406e+00   1.26008901e-01  -1.13305011e+00
    9.75796959e-01  -1.86725620e+00  -2.62047588e+00  -1.23425236e+00
   -6.28991654e-01  -1.03081309e+00  -3.43203264e-01   7.91520068e-01
    8.21754306e-01   4.66738504e-01   2.34874706e-01   9.19924662e-01
   -2.50430339e-01 
   -7.89020993e-01  -1.44156076e-02   3.27983768e+00   1.92718285e+00
    6.97731386e-01   6.28997093e-01  -2.42684189e+00  -1.48752374e+00
   -8.55419126e-01   5.83940166e-01  -2.22024492e+00  -1.60682499e+00
   -1.91851968e+00   1.86505815e+00   1.89682622e+00   1.22417279e+00
    2.18801321e-01 
    1.78950717e+00   8.75697444e-01  -1.21273772e+00  -3.01724424e-01
   -8.91362088e-01  -2.14766413e-01  -4.41918359e-01  -5.56310961e-01
    1.85293147e+00   1.75292362e+00  -2.57984362e+00  -2.19833121e+00
   -5.77118639e-01  -1.86127695e+00   2.53496679e+00   8.99230275e-01
   -5.93903662e-01      3.77958656e+00  -1.08355233e+00   5.37865487e-01  -1.99847724e+00
   -1.03629325e+00   1.49945829e+00  -8.75866199e-01  -1.10750896e+00
    3.72140757e-01   6.40476522e-01  -2.12195153e-01  -3.32338687e+00
   -9.05624616e-01   6.32230364e-01   1.11696446e+00  -1.39474871e+00
   -1.33734623e-01   2.39527354e-02   1.19360410e-01  -1.58598209e-01
   -1.56059654e-01   1.60731997e+00   7.43868553e-01   2.18940032e+00
   -1.26192358e+00  -9.46399621e-01   2.56849333e-01  -1.41181654e-01
    1.20923609e-01  -1.57393692e-01   2.47974849e-02  -1.06738420e+00
   -2.09888942e-03 
    6.05444259e-01   4.85711381e-01  -3.36230533e-01  -2.96400065e-01
    1.18569278e+00  -2.46590530e-01  -1.21505666e+00   8.02423211e-01
   -2.04252379e+00  -1.64699530e-01  -7.55734683e-01  -1.32450266e-01
    1.12860708e+00  -1.05301524e-01   1.42518580e+00   4.05433506e-02
   -2.14945374e-01  -1.16887189e+00   2.12767977e+00  -2.08212518e+00
   -1.39310638e+00   3.66481623e-01   5.82330537e-01   2.50835237e-01
   -1.24927943e+00   7.20563452e-01   5.70918108e-01  -4.67575794e+00
    1.51515381e+00  -1.78831259e+00   1.40267939e-01  -1.17134745e+00
    4.64603673e-01 
    5.50745512e-01  -2.30051953e-01   2.81295472e+00   1.31355895e+00
   -1.78640459e+00  -2.09969773e+00  -1.28472235e+00  -9.39698236e-01
    1.26191723e+00   1.19066669e+00   3.05005462e-01   7.12297674e-01
   -1.93669365e+00   1.42988513e-01  -5.85123598e-01  -1.27215513e+00
    2.13701377e+00   1.04330163e-01  -1.43469937e+00   1.47205673e+00
   -1.17077602e+00  -2.47905988e+00  -8.79903833e-01   1.16900750e+00
    1.26666364e+00   6.14809361e-01  -2.47600743e+00  -4.22098837e-01
    2.20097654e+00   1.24038984e-01  -2.02441990e+00   1.00476551e+00
   -2.34680908e-01 
   -1.47898810e+00   1.89273842e-01  -1.49914404e+00  -1.07583374e+00
    1.94153820e+00   1.14777807e+00   1.24077766e+00   1.03708952e-01
    6.15791632e-01  -8.88446510e-01   2.95572914e+00  -1.92222766e+00
    2.78515350e-01  -7.32507961e-01  -3.37435394e+00   1.21084089e-01
    3.91662167e+00  -1.20741581e-01  -4.08605028e-02  -2.26987860e+00
   -1.08266817e+00   4.77434789e-01   7.57862660e-01  -2.88670675e+00
    5.74627405e-01   4.91934706e-01   8.57851223e-02   1.33576658e-01
   -3.10783655e-01   3.86787056e-01  -1.75024576e+00  -5.63543743e-01
   -2.14378414e-01 
   -2.05919129e+00  -1.25594122e+00  -2.40803051e+00  -6.17979841e-01
   -1.36999951e-01  -3.83529528e-01  -1.73319832e-01  -1.37513567e+00
   -2.91646432e-01  -3.21690496e+00   1.62140751e+00  -6.56226355e-01
   -1.46162493e-01  -2.67206884e+00   3.01142353e+00  -1.78684506e+00
   -3.70344038e-02  -1.80047011e+00   2.52349577e+00  -4.86723398e-01
    1.18030004e+00  -1.11907904e+00  -3.54368784e+00   2.07694438e+00
    1.71505284e+00   1.13036577e+00  -1.51514576e+00  -5.70145386e-02
   -1.06399555e-01   3.34645547e-04  -9.55873815e-01   1.95225983e+00
   -2.44001598e-01 
   -1.73178242e+00  -3.04406186e-01   5.34195327e-01   2.21734448e-01
    1.15585091e+00  -7.35299237e-01  -4.94103935e-01  -3.58547157e+00
    1.18919010e+00   1.71759996e-01  -1.75816187e-01   5.04707928e-01
   -9.89681559e-01   1.92623648e+00  -7.34004810e-01  -2.19145388e+00
   -1.48029256e+00   7.11700938e-01  -2.49015439e-01  -2.49774952e+00
    4.20543323e+00   5.61758482e-01  -2.61212302e-01  -2.81826148e-01
    5.95400568e-01   5.56978289e-01  -1.18462230e+00  -1.79128746e+00
   -3.85886573e+00   7.80953146e-01  -1.56474500e-01   3.58662493e-01
    1.35468434e-02 
    7.66191847e-01  -1.54613862e+00  -4.90960920e-02  -8.05617962e-01
   -2.45028378e-01  -2.73442926e+00   9.77946510e-01   1.11664537e+00
    6.76737874e-01  -2.12723449e+00  -6.33898737e-01   2.74526387e+00
    2.93299881e+00  -1.59246330e+00  -1.15477562e+00  -4.00475360e+00
   -8.38768180e-01   1.76451354e-02   4.42225782e-02  -6.95602663e-01
   -8.05642211e-01  -7.15694649e-02  -3.64326811e-01  -7.97954984e-01
   -1.28257751e+00  -2.20647129e+00   9.09461594e-01   5.21668505e-01
    4.46827926e-01   2.76594904e+00   1.15415722e+00   1.71458385e-01
   -4.92139533e-01 
    3.63533007e-02  -6.08588154e-01   2.18367487e+00  -5.40576917e-01
    1.94435300e+00  -7.80176821e-03  -9.79986924e-01  -3.69216329e-01
   -1.86525089e-01   5.89029785e-01  -4.44010904e+00   1.06858529e-01
    3.82342360e-01  -1.97768067e+00  -3.54106253e-01   2.41779507e+00
   -2.59069556e+00  -5.72177915e-01  -2.23154541e+00  -2.08331021e-01
   -2.67842660e+00  -7.60070247e-02  -2.96537244e+00   2.17540061e-01
   -2.91354613e-01   3.45491703e+00   2.89620544e-01   7.29055857e-01
   -1.38966863e+00   7.73687052e-01   1.24861275e+00  -2.28622163e-01
   -1.23294673e+00 
   -2.14368406e+00   2.52064183e+00   1.29092523e+00   1.70772540e+00
   -2.04496344e+00  -2.50120764e-01   1.27997600e+00  -2.42199162e+00
    2.43591929e+00   3.69654211e-01   8.40261629e-01  -1.58262394e+00
    1.08792933e+00  -1.75713003e+00   1.87737765e+00   1.24679705e+00
   -6.44395371e-01  -2.59510438e+00  -3.63262203e-01   5.56472545e-01
   -1.49020458e+00  -1.82175869e+00   2.37162638e+00  -1.26704777e+00
   -1.98808419e+00  -2.97042161e-01   3.27995811e-02   3.06209479e-01
   -1.40380410e+00   9.61382828e-02   1.50950239e+00  -2.03188811e+00
   -5.32292425e-01 
    1.20408846e+00  -1.05534007e+00  -9.08184113e-01  -1.58537311e+00
   -9.06540021e-02   5.72060954e-02  -1.15812266e+00  -2.66576989e+00
   -2.65796263e+00  -2.61124815e+00  -1.97228503e+00   2.04433457e+00
   -2.66791944e+00  -1.49982140e+00   3.84106303e-01   3.82137470e-01
    5.22428961e-01  -4.18496595e-02  -2.35916591e+00   1.74452513e+00
    1.35473446e+00   1.19234068e+00   4.85499822e-01  -2.44748341e+00
    2.74523789e+00  -9.76127171e-01   2.18084744e+00   6.44353748e-01
    2.82756228e+00   5.29071593e-01  -2.34795057e-02  -2.03606741e+00
   -5.05988392e-01 
   -4.03164500e-02  -3.11929423e+00   4.60141041e-01   1.07134442e+00
   -5.65966366e-01   1.45036015e+00  -1.28881969e+00  -2.30971215e+00
   -2.01312468e+00  -1.98223000e-01   1.21958889e+00  -1.33701552e-01
   -2.62137753e+00   1.81273393e+00  -4.05782437e-01   3.27962888e-01
    2.74531301e-01  -1.45762049e+00   1.06643831e+00   1.63017572e+00
   -8.57780363e-01  -1.44983448e+00  -1.40505410e+00  -3.08339189e+00
   -1.58790548e+00  -1.67237759e+00   3.61006887e+00   9.65322895e-01
   -1.19751492e+00  -4.07720138e-01   1.50090508e+00   2.57599908e+00
   -6.45941952e-01 
   -1.10427849e+00   4.79950738e+00  -1.47691662e+00  -2.66398844e+00
   -2.22944785e+00  -1.22739032e+00  -1.13864396e+00  -1.30492512e-01
    1.08782889e+00  -2.41278524e+00  -2.70860227e+00   3.70943946e-01
   -6.54328269e-01   1.35398886e+00  -3.73439907e-01   1.59323181e+00
   -5.56424597e-01  -5.51026510e-01   3.86453785e-03  -9.43029150e-01
    7.77932769e-01   1.85711008e+00  -6.08930195e-01   1.03457554e+00
    4.06668836e-01  -1.70548676e+00  -1.54222391e+00   1.63134348e-02
    1.16019159e+00  -9.97851242e-01   1.83605450e+00   1.25087381e+00
   -6.98498599e-01 
   -4.28326249e-01  -9.84580264e-01  -2.53563050e+00  -2.13659445e+00
   -2.17160015e+00   1.01217338e+00  -8.91361729e-02  -1.64647146e-01
   -7.09900311e-01   3.74506763e+00   1.20901412e-01   2.23751523e+00
   -9.81108168e-01   4.33197325e-01  -5.65636075e-01  -1.34671746e+00
   -1.16676581e-01  -1.12403910e+00  -4.73866186e-01  -1.53007958e+00
    2.90979303e-01  -3.43369455e-01  -9.00869121e-01  -7.10407487e-01
   -1.42600452e-01  -1.98741269e-01  -1.98660776e+00   5.24196328e-01
    1.60393987e+00  -1.26045352e+00   2.12958527e+00  -4.32454979e-01
   -2.12906848e-01 
   -2.49829678e-01  -7.98257780e-01   4.47512665e-01   1.97379372e+00
   -2.47761918e+00   1.37103332e+00  -2.51921222e-01   1.14846255e+00
    9.63480241e-01  -7.69103198e-01  -9.51578939e-01   1.35197920e-01
   -1.73287508e+00  -7.68614681e-01  -2.77637279e+00   2.22436625e+00
   -3.16608225e+00   4.84852150e-01   1.02902492e+00  -8.54564541e-01
    8.94896900e-01  -5.73565696e-01   1.51193410e+00   3.61293890e-01
    2.29377558e-01  -2.15873515e+00   9.41789697e-01  -1.36251706e+00
   -2.31294560e-02  -1.21995576e+00  -9.51565031e-01   7.41311549e-01
   -6.23546478e-01 
   -5.96150127e-01   2.33498256e+00   3.48077763e-01  -1.12286788e+00
   -9.74866474e-01  -2.27369416e-01   9.94241168e-01   1.58424769e+00
   -1.12089415e+00   2.74502056e-01  -9.91224775e-01  -6.32183559e-01
    2.28328112e-01   3.81543057e-01   2.03834542e+00  -1.22854249e+00
    4.95006668e-01   2.55602815e-01  -1.48367138e+00   4.25167472e-01
   -8.23446435e-01   9.72908132e-01  -3.85242077e-01  -4.23523346e-01
    1.05878984e+00  -1.21533774e+00  -3.98561360e-01  -4.30396566e-01
   -2.73312914e+00  -1.40764324e-01  -2.00851567e+00  -3.01073450e+00
   -9.91745238e-01 
   -1.60012940e-01  -1.82838006e+00  -2.45348657e+00   2.16920252e+00
    1.44585545e+00   8.90098287e-01  -3.71108972e-01  -5.15138011e-01
    2.18326536e+00   1.28164011e+00   2.64543314e-01   5.83124678e-01
   -1.96888007e-02   2.78531093e-01  -1.02773174e+00  -6.41783657e-01
   -2.30831599e-01  -1.94240930e+00  -8.95012537e-01   1.70532789e+00
   -3.55215541e-01   7.67442577e-01   4.96755122e-01  -1.60386115e+00
   -4.26621192e-01  -1.60056429e+00  -1.68589890e+00  -6.88834120e-01
    1.13499742e+00  -4.92927456e-01  -9.20049140e-01  -6.79284539e-01
   -1.61840479e-01  