NN 16 32 16  -3.80243517 -1.0748213   0.00885779  0.62510795  2.42703799 -0.87111702
  -1.93609452 -2.19139056  3.25567298 -1.31805224 -0.20797032  0.25211865
   0.92090972 -0.21528612  0.28216024 -0.54068234 -0.85902337 
   0.51568973 -0.42031378 -0.38955021 -0.1927213   1.19282874 -0.46699324
   0.19276571  0.40162861 -2.6429188   0.84466312  2.0569489  -3.82792831
   0.76313484  0.73764826 -2.12229054  1.31475938  0.59612539 
  -0.82874219  0.00647707 -2.58471073  0.88556849  2.59325707 -1.97978133
  -0.59675075 -0.80585405 -0.89997705  0.55623553 -0.30684839  0.31409277
   1.4867746  -0.74123975 -0.22927921  2.04316499  0.16294719 
   1.58408172 -0.64137141 -1.40959241  1.1167957   0.06850545 -1.12644593
   0.77604569 -0.35814186 -1.5466271   0.91854672 -1.58601479  1.7465856
   1.73991143 -1.59106887  1.22293309 -1.8906733  -0.1890036  
  -0.13790286 -1.52583927  1.41007503 -1.15685534 -0.15798959 -0.55574874
  -0.07792884 -1.99483294  1.19047042 -0.57772033  0.18354708  2.07481525
   1.56623277  2.2029698  -0.15390873 -1.46340198 -0.69683911 
  -0.37573615  1.2201211   1.81589641 -1.41016588  0.69628026  1.26486934
   2.01581523 -0.39316142 -0.03139202 -0.2427037  -1.89914654  0.45361793
  -0.81199842 -1.43040461 -0.47245946 -0.07851756  0.05082037 
   0.90500407  1.58446573  1.56617295 -1.8467066  -0.0143574   0.08959368
  -1.88502602  1.41035813 -0.54478734  0.58700346  0.86634925  0.30422312
  -0.15300163 -0.47829183 -1.42560041  0.81281598 -0.68821124 
   0.72271347 -1.29223885  1.14783191 -0.45289916  0.57858423  4.08144428
  -2.17743783 -0.05510417  2.44624549  2.26714925  0.25797583 -0.4075216
  -0.65267295 -2.66772925 -1.39588259 -0.1064706  -0.68273915 
   0.12471649  2.75260157 -0.71716078 -0.99690466  0.75735059 -1.23395284
  -1.09112366 -0.16291847 -1.67840382  2.46212375  1.33978722 -1.23297795
   0.92184028 -1.775857    1.47874965 -1.5451939  -0.0649319  
  -1.36549992 -0.06366619 -0.74563511  1.13759956  1.68738286 -1.04709179
   1.32962968 -1.01824907 -1.03512268  0.97669068  0.57273811  1.96763973
  -2.78643099  0.48172743 -0.72270403 -1.37423526  0.28504549 
  -0.41232852  0.48221384 -0.05889525 -2.89556982 -2.08882123 -1.43076562
   0.14838861  4.17954702 -1.20072407  0.55459992 -0.49202988  3.00506498
  -1.00213263 -0.3061703  -0.04360055  0.0820081  -0.55481443 
   3.03121471 -0.85722822  0.33179642  1.97461053  1.52318764 -0.54757675
  -1.39586816  0.67327062  0.27680735 -1.17895667  0.40437484 -0.3968769
  -2.9205224   0.45526121  1.11128196 -0.88742504 -0.15790801 
  -0.27487233 -2.17038805  1.37919533  0.14783406 -0.1877452   0.26315133
  -3.53911457  0.10387604 -1.68542987  1.07217948  2.90378973  0.06665068
  -0.44891218  1.26254879 -0.60588397 -0.70361561 -1.28466131 
  -0.60160527  0.30458039 -0.54532892  0.10472871  2.18281009 -1.96301436
   0.96376862  0.8492558   1.08323729  1.5802534  -2.22123881 -1.81147561
  -1.0064472   0.3720026  -0.43864049 -0.12502392 -0.15083922 
   1.60976371 -1.88651545  0.55245672  2.94675643 -2.04262961  0.74426624
   0.43485341 -0.86655128 -1.5584995  -0.12218928 -0.41326846 -0.24774329
   0.79884521  2.42390668 -2.09577584 -0.11411455  0.6384331  
   1.50029259 -1.09664265 -0.18678105  0.01304863 -0.2967039  -0.29470638
   3.17384393 -2.98195382 -1.20401406 -0.90682287 -0.43087222 -0.8834939
   1.22498664 -1.88962287  0.88615909  0.56049749  0.52055873 
   1.46053253  0.61263702 -3.13081136 -4.18983831  1.00830842  0.15518137
   0.68848276  1.56466678  0.68436802  0.11433522 -0.93835328 -1.11286316
  -0.35647681  1.63757219 -0.5876443   1.07080333  0.20460544 
  -1.48564632  0.47045212 -0.2424283   0.29627615  0.76117364 -1.61570256
   0.12137905  0.26796927  1.4366307  -0.95814536  1.24226367  0.17126697
   0.9102927  -1.04583928 -0.67833779  1.19236877 -0.6639353  
  -0.14450665 -2.43323406  2.16204945 -0.07594901 -2.43040217  0.33428198
  -0.23815996  1.58527765  0.12342841  1.62866645 -1.65319312 -0.51433663
   0.45783316 -1.14036724  0.59612439  0.61038112  0.09964968 
  -1.349613    0.49111237 -0.80824527  2.24967748 -0.81713598  1.78019353
   1.08081263 -1.56200558 -0.36980737 -1.82271633 -0.63401087  0.55788061
   1.76193751  0.05275233 -0.29190085 -2.31571236  0.31364267 
  -0.19135636  2.63131616  1.07253582 -0.41739259 -0.17311975 -4.68865915
   1.08720435  3.45282645  1.28053461 -2.32524668  0.96836087 -0.18952103
  -0.41087238 -0.73762278  0.75521131 -0.29352565 -0.261496   
  -2.68789121  0.92884498  1.90146086 -0.03510592  1.69834926 -0.92714608
  -1.36625128 -0.41382355  2.29418649 -1.22342678  0.36846038 -1.79703263
   0.54475133  0.45554905 -1.19369394 -0.45338485  0.62011428 
  -0.37439338 -0.67240465  0.59394034 -0.79696373  2.33598911 -1.21699808
   0.17908378  2.40291227 -2.65112162 -0.64452727  1.22897574  0.79673436
   0.40918152 -0.82331209 -0.50968041 -1.14449939 -0.38950123 
  -2.09799715  0.2396059  -1.35708588  2.06965162 -0.87681849  1.11622917
   0.76418212 -0.72682982  0.94774733  1.33727117  1.64243128 -1.7903184
   0.7990587  -1.36076123  0.57524176 -0.3184014  -0.65023359 
   1.99725854  1.63424861 -2.09862874 -0.98909079 -3.66813027 -1.38825434
   0.97623328  0.42167616  1.20789191 -2.49861336  1.94298174 -0.03595987
   0.68465353 -0.33089107 -0.7486973   0.14384831 -0.13257368 
   1.67348526  0.25779063 -1.91131093 -0.17183521 -1.18833314 -0.52697562
   2.82993879 -2.99263225 -0.1518673  -0.28205513  0.23253039  0.98308287
  -0.26197609  1.32669725  0.76883459  1.14930099 -0.55853052 
  -0.55569266 -0.54722427  1.92450744 -0.30118637  1.50424707  1.98406706
  -3.34708706  0.4524187   0.31948832 -0.85233881 -3.32456426  0.12660984
   1.95602053 -1.46365671 -0.12068421  3.08099916 -0.29065459 
  -0.70429217  2.77475347  1.18229513  0.11772293 -1.34868423  2.01625295
  -0.555648   -0.12334547 -1.00287677 -2.21945682 -0.17916123 -0.15509711
  -0.88515602  0.56248549 -0.10406957  0.7634759  -0.55987085 
  -0.17933968 -1.10110832 -1.27008289  0.08266144 -0.08757394  2.58604547
  -0.89296994  0.785308    0.25800768 -2.75748246  1.09699493 -0.29950889
  -1.49145214 -0.08163588  3.06727498 -1.60772285  0.56187991 
  -0.13712182  2.3455726   0.2524676  -0.83509344  0.95612349 -1.64987981
  -2.44585015 -1.31508706 -0.54671823 -0.95803602 -0.11425052  0.95231134
   0.79518081  0.47054515  0.19919722  1.03131837 -0.05796226 
  -1.08368262  0.31827747  2.81698309  1.62013938  0.99532167  0.36628037
  -2.00478619 -1.20054447 -0.73947815  0.80762808 -2.04042754 -1.50272189
  -1.71633177  1.59290942  1.69582484  1.16253428  0.26386947 
   1.54190789  0.76801692 -1.06086777 -0.22992147 -0.82934561 -0.31736465
  -0.55410494 -0.47895154  1.82042349  1.53636408 -2.34846252 -2.07165912
  -0.57319566 -1.78259863  2.41356878  0.74717538 -0.58788024      3.54860783e+00  -9.47762398e-01   3.01045116e-01  -2.01797676e+00
   -8.07778115e-01   1.41787874e+00  -7.32072832e-01  -1.09180019e+00
    6.50458718e-01   7.90569499e-01  -8.44905844e-02  -3.17204713e+00
   -8.39357364e-01   4.44656545e-01   9.69168876e-01  -1.48939287e+00
   -6.30494233e-02   8.83559127e-02   1.50834831e-01   1.12456699e-01
   -3.89787972e-01   1.89847872e+00   6.05925848e-01   2.10995611e+00
   -1.53610244e+00  -8.15501060e-01   3.30795443e-01  -1.41441799e-01
   -1.20672801e-01  -3.27009568e-01   1.98077908e-01  -1.31866032e+00
   -1.49475342e-01 
    6.93772546e-01   2.90347517e-01  -4.16597996e-01  -2.19321858e-01
    1.04202419e+00  -2.33259658e-01  -1.44955892e+00   8.49033890e-01
   -2.18021491e+00  -1.83366901e-01  -8.38285499e-01  -1.10811161e-01
    1.14968105e+00  -1.95182327e-01   1.53206493e+00  -1.40948472e-02
    5.52787887e-02  -9.64191711e-01   2.03213461e+00  -2.08225180e+00
   -1.35670688e+00   3.04233371e-01   3.29978131e-01  -2.08954694e-02
   -1.41529294e+00   7.94704016e-01   7.58134132e-01  -4.29828589e+00
    1.34212317e+00  -1.73978670e+00   7.45208880e-02  -1.33672562e+00
    2.06454299e-01 
    6.38466489e-01  -1.58554953e-01   2.69508330e+00   1.10445172e+00
   -1.78427768e+00  -1.90021883e+00  -1.09726795e+00  -9.50819153e-01
    1.26161644e+00   1.01004999e+00   3.43416203e-01   5.97365149e-01
   -2.18621740e+00  -1.28337110e-02  -3.78632928e-01  -1.17511823e+00
    2.17691838e+00  -8.27054699e-02  -1.36144472e+00   1.34509982e+00
   -1.32725914e+00  -2.59492497e+00  -1.22342560e+00   1.18237020e+00
    1.24625927e+00   8.26678790e-01  -2.46843604e+00  -5.91355388e-01
    2.10966550e+00  -2.82639566e-01  -2.26884085e+00   9.99001780e-01
   -4.08248479e-01 
   -1.40614318e+00   3.45925887e-01  -1.43847434e+00  -1.00113029e+00
    1.83415706e+00   1.21738411e+00   1.32296537e+00   2.52270827e-01
    6.11084926e-01  -9.12409037e-01   2.74308437e+00  -2.06187449e+00
    4.45372525e-01  -8.95318027e-01  -3.18538928e+00   1.90829139e-01
    3.84939893e+00  -1.20023939e-01   1.48787036e-01  -2.26500587e+00
   -9.43801050e-01   6.41979287e-01   8.35965334e-01  -2.87794049e+00
    6.77340299e-01   5.75894749e-01  -9.83318898e-02   1.16662221e-01
   -3.03851436e-01   3.24513334e-01  -1.76347850e+00  -5.46714926e-01
   -1.02395911e-01 
   -1.96373474e+00  -1.21785225e+00  -2.29940859e+00  -5.95988476e-01
    6.88833052e-02  -4.39777813e-01   2.58545243e-02  -1.18715851e+00
   -3.45796244e-01  -2.80730715e+00   1.51194939e+00  -5.87954419e-01
   -8.99981129e-02  -2.43351303e+00   2.77209050e+00  -1.76166720e+00
   -2.06886433e-01  -1.55700327e+00   2.51711765e+00  -2.32230904e-01
    1.15186469e+00  -1.29491332e+00  -3.19244792e+00   2.05086077e+00
    1.98940362e+00   1.27909189e+00  -1.56313012e+00  -1.36525292e-01
   -2.92356735e-01  -2.96695175e-01  -1.25898036e+00   1.61843836e+00
   -2.37587396e-01 
   -1.33050955e+00  -1.94776359e-01   7.13584906e-01   3.86020067e-01
    1.12106228e+00  -6.46747075e-01  -4.04044952e-01  -3.57074606e+00
    1.18783573e+00   1.47423578e-01  -1.98438426e-01   2.89127825e-01
   -9.05598680e-01   1.92172940e+00  -8.75346247e-01  -1.95577104e+00
   -1.43394235e+00   6.92723200e-01  -1.44364721e-01  -2.49407568e+00
    4.50694184e+00   5.31195818e-01  -2.91629603e-03   4.16973530e-02
    2.51609040e-01   5.54813153e-01  -1.43989331e+00  -1.63251361e+00
   -3.78049552e+00   7.95220328e-01  -1.79880271e-01   3.46716011e-01
    1.90536515e-02 
    7.18518559e-01  -1.26226577e+00   4.97203660e-02  -9.42677439e-01
   -9.37398813e-02  -2.23305304e+00   1.16740566e+00   8.11736200e-01
    4.97015319e-01  -2.20400489e+00  -6.02517850e-01   2.68200736e+00
    2.93877426e+00  -1.66801058e+00  -1.02779886e+00  -3.90935379e+00
   -1.02368737e+00   3.22261818e-02  -1.25386257e-01  -5.06456977e-01
   -7.60066697e-01  -2.43133382e-01  -3.09295672e-01  -7.09039355e-01
   -1.30972086e+00  -1.78780716e+00   1.12874203e+00   3.02315019e-01
    4.01150375e-01   2.84127328e+00   7.38044651e-01   4.17058059e-01
   -3.59862320e-01 
    2.36857390e-02  -6.77682540e-01   2.02666214e+00  -6.53368030e-01
    1.65052795e+00  -1.35768449e-01  -9.11177755e-01  -9.33431075e-02
   -3.27578903e-01   4.12994382e-01  -4.31507581e+00   2.01402231e-01
    1.13571806e-01  -1.84471796e+00  -3.65691022e-01   2.32924446e+00
   -2.32594421e+00  -5.34017528e-01  -2.18306851e+00  -4.20829575e-01
   -2.41876366e+00  -2.32534431e-01  -2.93050746e+00   1.80752643e-01
   -4.72112071e-01   3.48249100e+00   5.02570898e-01   6.46696762e-01
   -1.50744289e+00   6.89305203e-01   1.20125149e+00  -3.63707278e-02
   -9.41877565e-01 
   -2.07597845e+00   2.31759131e+00   1.12508961e+00   1.37358550e+00
   -2.10515605e+00  -2.03880715e-01   1.20310618e+00  -2.33293474e+00
    2.25172938e+00   3.72755313e-01   6.88419252e-01  -1.54846200e+00
    1.04061204e+00  -1.56512385e+00   1.88795791e+00   1.23281494e+00
   -8.36133722e-01  -2.41365263e+00  -3.44997669e-01   5.02110301e-01
   -1.51108041e+00  -1.76263569e+00   2.05063951e+00  -1.33360766e+00
   -1.96133665e+00  -4.31288464e-01  -1.68532426e-02   4.75631353e-01
   -1.44595807e+00  -1.45469171e-01   1.54412413e+00  -1.80262744e+00
   -5.94239596e-01 
    1.05879653e+00  -9.32858367e-01  -8.28451948e-01  -1.35565974e+00
   -8.32385646e-02   1.79089664e-01  -9.43709742e-01  -2.54809508e+00
   -2.46473942e+00  -2.64317379e+00  -1.82315679e+00   1.73676423e+00
   -2.44976808e+00  -1.41733277e+00   2.20338641e-01   2.17697971e-01
    5.18829137e-01  -1.59038004e-02  -2.19046066e+00   1.76099572e+00
    1.24615966e+00   1.23930385e+00   6.10348358e-01  -2.56774645e+00
    2.69571693e+00  -7.66295810e-01   2.03543793e+00   4.65503995e-01
    2.40442796e+00   4.16736845e-01   1.55261540e-02  -1.83015375e+00
   -3.44782104e-01 
   -2.09539734e-01  -2.79881112e+00   3.30210547e-01   8.98267348e-01
   -6.24637079e-01   1.22240624e+00  -1.16474679e+00  -2.25467298e+00
   -1.74205625e+00  -1.31090445e-01   1.14423499e+00   1.30042796e-01
   -2.65691623e+00   1.82839397e+00  -3.20805790e-01   2.64574020e-01
    5.47109078e-01  -1.29124813e+00   1.04460366e+00   1.60269581e+00
   -7.47344148e-01  -1.37364997e+00  -1.41881473e+00  -2.74372858e+00
   -1.60708302e+00  -1.56487350e+00   3.41395073e+00   9.87989508e-01
   -1.15111176e+00  -4.30438485e-01   1.50414825e+00   2.55894767e+00
   -4.87865539e-01 
   -1.17815250e+00   4.36780826e+00  -1.26713096e+00  -2.56099679e+00
   -2.03891957e+00  -1.14693412e+00  -1.10455762e+00   9.97436700e-03
    1.11604879e+00  -2.30142199e+00  -2.64286175e+00   3.34276731e-01
   -6.68916888e-01   1.35737515e+00  -1.59162943e-01   1.63979248e+00
   -7.16533085e-01  -4.98445274e-01  -2.21015348e-02  -8.58139132e-01
    8.23985661e-01   1.92552378e+00  -6.04347312e-01   9.75541015e-01
    5.73138171e-01  -1.63912070e+00  -1.41287269e+00   4.13141106e-02
    1.09220482e+00  -7.99827476e-01   1.71820545e+00   1.20333094e+00
   -5.54710151e-01 
   -4.34839467e-01  -9.29368961e-01  -2.54264305e+00  -2.06585520e+00
   -2.05036884e+00   9.41720032e-01  -5.80884982e-03  -1.57253890e-01
   -6.70149674e-01   3.40603132e+00   3.42006172e-02   2.17913779e+00
   -1.00599744e+00   2.94465986e-01  -4.74678140e-01  -1.29329496e+00
   -6.57365869e-02  -1.12079363e+00  -4.12763287e-01  -1.44017016e+00
    3.35601315e-01  -3.69729938e-01  -8.87935214e-01  -7.16036747e-01
   -5.01453417e-02  -1.79147552e-01  -1.82288931e+00   4.73980077e-01
    1.57733671e+00  -1.22722756e+00   2.00801040e+00  -4.38993907e-01
   -2.10469816e-01 
   -2.62999618e-01  -8.05787574e-01   5.33906804e-01   1.92364459e+00
   -2.28008035e+00   1.26257528e+00  -2.32288121e-01   1.02757040e+00
    9.30698520e-01  -7.32665771e-01  -9.06280678e-01   5.97045704e-02
   -1.68357953e+00  -7.25711355e-01  -2.60388061e+00   2.06577393e+00
   -2.97860586e+00   4.09389794e-01   1.01455812e+00  -8.42877377e-01
    7.83722348e-01  -5.95830158e-01   1.40448123e+00   3.51855167e-01
    2.79470881e-01  -2.06309205e+00   9.23191064e-01  -1.33090234e+00
    2.85430826e-02  -1.10073542e+00  -8.81513313e-01   7.00248392e-01
   -5.16146839e-01 
   -5.74174783e-01   2.12729180e+00   3.35875713e-01  -1.09017001e+00
   -9.48394866e-01  -1.86485458e-01   9.69604689e-01   1.53411363e+00
   -1.00314090e+00   2.36678015e-01  -9.73250478e-01  -6.49108396e-01
    2.40640235e-01   4.17858820e-01   1.90993296e+00  -1.13978326e+00
    4.96537810e-01   2.93802291e-01  -1.31459117e+00   4.34838360e-01
   -6.98104290e-01   1.01606851e+00  -3.09556772e-01  -3.16594134e-01
    9.51370527e-01  -1.23837364e+00  -3.85523743e-01  -3.67071909e-01
   -2.42541047e+00  -1.15886445e-01  -1.81818964e+00  -2.84366936e+00
   -8.90080780e-01 
   -1.86669511e-01  -1.73266667e+00  -2.32749461e+00   1.89163749e+00
    1.34035211e+00   9.07603796e-01  -4.61881145e-01  -4.89366886e-01
    1.93805050e+00   1.24991120e+00   1.44579987e-01   4.17100793e-01
   -1.47714051e-01   2.52559484e-01  -1.05356929e+00  -4.96563702e-01
   -2.40358549e-01  -1.80832710e+00  -9.40369502e-01   1.65001271e+00
   -5.05442235e-01   7.41996898e-01   3.50231141e-01  -1.49955656e+00
   -5.33598081e-01  -1.52559565e+00  -1.62606970e+00  -5.66999450e-01
    1.09857654e+00  -4.97102660e-01  -8.73536555e-01  -6.23625521e-01
   -2.07871869e-01  