NN 16 32 16   -2.27630721e+00  -3.12994932e-01  -5.58049963e-01   6.56218853e-01
    6.19371519e-01  -3.60117831e-01  -3.58248568e-01  -2.86389427e-01
    1.26021733e+00  -7.84355292e-01   1.49749721e-01   8.61806865e-01
    4.19757592e-01   3.38503990e-02  -1.28940555e-01  -7.62750270e-02
   -4.83920639e-01 
    2.14652735e-01   2.48365197e-02  -2.29447422e-01  -7.70309577e-01
    5.50839708e-01  -7.81532116e-02  -1.22177484e-01   4.39267528e-01
   -1.42253203e+00   3.46968203e-01   1.21444474e+00  -2.21880467e+00
    3.12218200e-01   5.80650390e-01  -3.08396542e-01   4.46256980e-01
    5.27756647e-01 
    9.27356381e-03   2.97767291e-01  -1.53130601e+00   9.17968672e-01
    1.37534739e+00  -8.96014225e-01  -6.34191890e-01  -1.27895919e+00
   -5.32558661e-01   3.81763239e-01   5.23775161e-02   1.84942114e-01
    1.41729993e+00  -5.57476944e-01  -1.02854342e-03   5.25116141e-01
    4.68899778e-01 
    1.20935749e+00  -6.01769460e-01  -4.50454524e-01   4.27618867e-01
   -4.05463295e-01  -9.42769886e-01   1.01509393e+00   6.89983068e-02
   -7.43552624e-01   6.50461449e-01  -4.93440978e-01   1.31238052e+00
    8.45375354e-01  -1.40899566e+00   3.58153139e-01  -8.02071968e-01
   -4.93521963e-01 
   -1.69591446e-01  -8.74739094e-01   8.87015866e-01  -6.98919445e-01
   -5.21404425e-01  -8.33355886e-01  -1.53602269e-03  -1.19279355e+00
    1.32201584e+00   2.29587457e-01  -1.28474835e-01   1.23705700e+00
    9.18069312e-01   1.11623129e+00   5.75511437e-03  -8.12918231e-01
   -6.08368764e-01 
   -1.32141818e-01   2.36788024e-01   4.88774832e-01  -4.44341049e-01
   -1.64942285e-01   7.15848219e-01   4.54136235e-01   1.93486148e-01
   -1.15530601e-01  -2.71463522e-01  -3.68919750e-01   6.78721924e-01
   -4.29777531e-01  -8.27151866e-01  -2.99385896e-01   2.02253326e-01
   -3.07172485e-01 
    6.73846622e-02   1.12036318e+00   9.99194698e-01  -1.06114425e+00
   -4.42296652e-01   9.56117626e-02  -1.28018698e+00   5.11719382e-01
   -6.03375817e-01   2.21455062e-01   4.78740305e-01   5.43759199e-01
   -2.82723466e-01  -1.05924332e-01  -5.70261309e-01   4.74245731e-01
   -3.95349938e-01 
    2.60334985e-01  -8.84413071e-01   7.81250680e-01  -2.51452422e-01
    5.09118862e-01   2.21319597e+00  -7.63617141e-01  -4.43206820e-01
    1.40095074e+00   1.41390978e+00   8.46054372e-01  -8.97286236e-01
   -2.96201594e-01  -1.06432041e+00  -6.65352008e-01  -3.50127045e-01
   -6.89225115e-01 
    4.37390100e-02   1.53281265e+00  -9.54246233e-01  -8.72447063e-02
    5.16755523e-01  -6.76641926e-01   1.26028044e-01  -1.08051643e-01
   -9.45821523e-01   1.52488041e+00   8.48044136e-01  -7.27641533e-01
    1.04645019e-01  -9.48709923e-01   1.87104857e-01  -1.53304279e-01
   -6.28144884e-02 
   -1.43252491e+00   6.83198647e-01  -8.16900775e-01   8.22117846e-01
    1.56842536e+00  -2.28840920e-01   1.32099714e+00  -2.33545822e-01
   -3.98792405e-01   1.33940165e+00   1.17823848e-01   1.14102783e+00
   -1.43102877e+00  -1.47753087e-02  -1.13664167e-01  -6.35946996e-01
   -6.50632612e-02 
   -4.87550401e-01   7.44046704e-01  -1.36586365e-01  -1.74787709e+00
   -1.24639117e+00  -4.49824128e-01   2.34183680e-01   2.31472473e+00
   -4.37820151e-01   9.16507625e-01  -8.52543718e-01   1.23928289e+00
   -4.22077736e-01   8.40917539e-02  -1.43269118e-01  -4.28788528e-02
   -5.80699102e-01 
    1.55707095e+00  -8.32663194e-01   8.24802671e-01   1.45284793e+00
    7.57096255e-01   1.80600237e-01  -1.21421125e+00   1.53439246e-01
    6.49416426e-01  -3.80711449e-01  -6.42815596e-01  -1.06660770e-01
   -1.33492109e+00   9.06262963e-02   2.00418543e-01  -3.69283342e-01
   -2.46731045e-02 
    3.04833789e-01  -1.28612980e+00   8.83833748e-01  -6.53666631e-01
    4.84870477e-01  -4.51993435e-03  -2.40532540e+00   1.58770205e-01
   -9.90265827e-01   8.53018361e-01   1.54438495e+00   4.83012992e-01
   -3.87252332e-03   8.74660535e-01  -1.39923922e-01  -3.38738184e-01
   -5.70203335e-01 
    6.49164781e-02  -2.12472672e-01  -6.86729302e-01   4.93140969e-01
    1.65429008e+00  -1.37729201e+00   6.86880552e-01   1.27360849e-01
    7.65920824e-01   1.28404162e+00  -1.56563603e+00  -1.40591913e+00
   -4.04587512e-02   3.85956414e-01  -1.86072684e-02  -7.59300805e-02
   -9.10013224e-02 
    1.48445917e-01  -1.62017860e+00  -3.58067746e-02   1.79677159e+00
   -1.59676508e+00   8.35631274e-01   1.36569107e-01  -1.65567531e-01
   -1.45696816e+00   1.81490019e-01   2.51594946e-02  -6.22915633e-01
    2.16726678e-01   1.46916946e+00  -6.28883262e-01   4.89682740e-02
    5.79171588e-01 
    9.38712622e-01  -7.77766271e-01  -4.38963675e-02  -1.12031234e-01
   -1.37537437e-01   4.90905310e-01   2.13008608e+00  -1.96445263e+00
   -1.13395359e+00  -7.53730449e-02  -1.40507238e-01  -6.46008419e-01
    1.29914949e+00  -1.15868649e+00   2.22152147e-01  -7.37845174e-02
    3.52374570e-01 
    8.63314659e-01   5.03402248e-01  -1.90714929e+00  -2.37450733e+00
   -6.82725036e-02   5.06528842e-01   5.86936296e-01   1.15288320e+00
    5.00107686e-01  -4.79743510e-01  -5.89142437e-01   1.58183446e-01
   -1.14230018e-01   1.56390923e+00  -4.22454311e-01   4.01153842e-01
   -4.27502181e-02 
   -8.98514204e-01  -2.31673621e-02   1.13292346e-01  -2.06559644e-02
    9.45461087e-01  -6.56072288e-01  -3.20649878e-01  -1.45536223e-02
    1.14846126e+00  -3.21748461e-01   5.09018449e-01  -1.59578889e-01
    2.80697714e-01  -3.46615955e-01  -1.75798543e-01   4.50202543e-02
   -3.92296050e-01 
    1.77921472e-01  -1.45929182e+00   8.81800691e-01  -7.84103511e-01
   -1.84144641e+00   6.52841233e-01   6.29614588e-01   1.16087888e+00
    5.13519368e-01   1.19931738e+00  -1.22766502e+00  -4.32746935e-01
    9.18519006e-02  -7.45424863e-01   4.07747575e-01   1.22351392e-01
    9.31342999e-02 
   -1.01131992e+00   4.96467428e-01  -1.00680677e+00   1.28582409e+00
   -6.07722551e-02   1.51858834e+00  -4.65007958e-01  -6.08999414e-01
   -2.33052644e-01  -1.33345739e+00  -7.12877773e-01   2.82797437e-01
    7.85480262e-01   4.54254700e-01  -6.90751882e-02  -3.10456580e-01
    3.51093469e-01 
    5.28928609e-01   1.68767937e+00   7.19542091e-01   2.92385868e-01
   -8.90831017e-01  -2.52551579e+00   5.93556507e-01   2.13447389e+00
    9.22179490e-01  -6.90297141e-01   3.78126344e-01  -6.20009426e-01
   -7.44128446e-01  -2.92031812e-01   3.39970941e-01  -3.99382295e-01
   -2.17429280e-01 
   -1.95916581e+00   1.19368991e-01   1.02946849e+00  -5.69362501e-01
    9.24515902e-01  -6.47200278e-01  -1.86565095e-01  -3.92612817e-01
    1.20009967e+00  -1.01586657e+00   3.15620369e-01  -1.41013413e+00
    7.09463845e-02   4.74644323e-01  -4.33407760e-01   5.21052304e-02
    5.16859048e-01 
   -7.02885924e-01  -2.48020753e-01   5.32374798e-01  -7.90352580e-01
    1.47865812e+00  -1.04972526e+00   1.00242681e-01   1.55619671e+00
   -1.46987305e+00  -7.16186357e-01   8.63166906e-01   3.91409618e-01
    5.59721640e-01  -4.31282767e-01  -3.16490259e-01  -2.64365985e-02
   -3.40590618e-01 
   -1.26243063e+00   2.09962798e-02  -9.02313526e-01   1.63344669e+00
   -7.43673732e-01   3.09983258e-01   3.49387106e-01  -5.82974968e-01
    1.64964128e+00   1.48260003e+00   8.08494514e-01  -1.17614077e+00
    1.10789037e-02  -6.64381899e-01   3.75736791e-01  -4.94262491e-01
   -3.63074485e-01 
    1.48440917e+00   1.18310973e+00  -1.15908487e+00  -2.72382607e-01
   -1.45675038e+00  -1.16173276e-01   9.20886805e-01   2.42290481e-01
    6.54039895e-01  -1.82843386e+00   1.55237949e+00  -4.93049143e-01
   -7.73961846e-02  -1.36077305e-01  -1.31461557e-01  -2.73081843e-01
   -2.01915593e-01 
    8.36194639e-01  -1.57302825e-01  -1.32067694e+00  -3.68650866e-01
   -9.96480340e-01  -4.26441775e-01   1.36620701e+00  -1.90917005e+00
    1.01009556e-01  -1.28197427e-01   9.90397043e-01   1.15312814e+00
    1.49893321e-01   8.56081262e-01   3.15928655e-01  -2.55747849e-01
   -5.02333628e-01 
   -5.33241417e-01  -9.15607674e-01   1.59152723e+00  -2.83822433e-01
    1.02508884e+00   1.02768957e+00  -1.05723320e+00  -6.84897045e-01
    1.08871983e-01  -6.71219488e-01  -1.75809670e+00   7.95938532e-01
    1.01637833e+00  -5.29770396e-01   1.88408210e-01   1.00401516e+00
   -8.17024736e-02 
   -3.83601981e-01   1.77206959e+00   1.03333777e+00   8.53339388e-02
    9.42178420e-02   1.35240775e+00  -9.03666092e-01  -5.21229024e-01
   -8.25445001e-01  -8.88644078e-02  -5.17069324e-01  -4.07091036e-01
   -6.42211373e-01   4.29003654e-01  -1.29203870e-01   2.47919946e-01
   -3.20768286e-01 
    1.73476943e-01  -1.19146574e+00  -5.62309423e-01   2.31829879e-01
    6.87837149e-01   2.13694975e+00  -3.51889557e-01   7.54022914e-01
    5.66292956e-01  -1.14852913e+00   7.05393422e-01  -3.96039855e-01
   -8.08861381e-01   1.91272331e-01   6.67051780e-01  -7.69150945e-01
    3.51889697e-02 
   -6.08805208e-02   1.03750381e+00   4.45708357e-01  -5.21678667e-01
    2.83788443e-01  -9.11936795e-01  -1.88537949e+00  -1.62478928e+00
    2.51978211e-01  -2.96323032e-01   9.42617638e-02   3.09818202e-01
    5.83086131e-01   3.37447928e-01  -1.57331520e-01   4.25836349e-01
    3.20323944e-01 
   -1.04161931e+00  -3.48583828e-02   2.13748563e+00   1.18757085e+00
    4.12098839e-01   4.32823965e-01  -6.56621553e-01  -7.24778496e-01
   -3.65967669e-01   3.92081431e-01  -1.01425615e+00  -4.57682229e-01
   -7.82821594e-01   5.86754744e-01   3.65750910e-01   2.68574323e-01
    2.19573583e-01 
    1.14163025e+00   9.89452497e-01  -6.33354100e-01  -3.73542347e-01
   -5.48284534e-01   1.01892971e-01  -7.43008411e-01  -7.30273439e-02
    1.02123059e+00   9.15166195e-01  -1.39756665e+00  -9.47047730e-01
    1.40125352e-03  -8.04208330e-01   9.36601037e-01  -6.49699672e-02
   -3.19220198e-01      2.42230385e+00  -3.98929178e-01  -1.51397016e-01  -1.83019228e+00
   -2.62703961e-01   2.43674643e-01  -3.19422925e-01  -6.31085227e-01
    1.32093454e-01   1.42722634e+00   2.11210905e-01  -1.90493755e+00
   -7.24863240e-01   2.97520360e-01   1.83804473e-01  -1.36925732e+00
   -5.82822816e-01   4.39358053e-01  -1.82039872e-01   8.48590517e-01
   -5.39201678e-01   2.39328557e+00   4.97935891e-01   1.50568169e+00
   -2.33654453e+00  -8.76647155e-01   4.99580885e-01  -7.86710477e-02
   -3.55826185e-01  -1.07185828e-01   1.06794967e+00  -1.41280997e+00
   -2.09545318e-01 
    3.98207443e-01   1.24942988e-01  -2.91403757e-01   6.46749543e-01
    8.84046640e-01  -2.58619858e-01  -1.29871373e+00   7.16954787e-01
   -1.69657538e+00  -8.40260367e-01  -9.54244962e-01   5.91072074e-01
    1.72488972e+00   5.43394571e-01   1.84766490e+00   5.77315633e-01
   -3.44990756e-01  -6.41953881e-01   1.89728212e+00  -9.42266900e-01
   -1.72931598e+00   5.40797151e-02  -1.04996376e-01   4.96817471e-01
   -1.69813648e+00  -3.73117894e-02   9.99987720e-01  -2.39075352e+00
    1.37237183e+00  -1.26022748e+00  -1.16952959e-01  -1.02142969e+00
    7.85310622e-02 
    8.17762663e-01   4.73843640e-01   1.87107372e+00   2.11741076e-01
   -1.66216257e+00  -4.34392097e-01  -1.17666780e+00  -9.84183578e-01
    1.26377054e+00   1.20187648e+00  -7.28062418e-02  -8.13572873e-01
   -1.01188778e+00   7.84162608e-01   1.57566648e-02  -7.21794557e-01
    2.12462803e+00  -4.64591951e-01  -9.93866517e-01   7.35021347e-01
   -1.11475461e+00  -1.17587068e+00  -5.69739354e-01   1.13072779e+00
    1.01610247e+00   1.53010531e+00  -1.93689282e+00  -1.11397278e+00
    1.01384186e+00  -6.98916007e-01  -2.59472523e+00   6.70030485e-01
   -5.16301718e-01 
   -4.57596445e-01   8.22025454e-01  -1.04344409e+00  -8.72451370e-01
    6.56510587e-01   7.83546648e-01   9.85605130e-01   2.37783654e-01
    1.33742226e-01  -8.98322916e-01   1.53192926e+00  -1.97126049e+00
    9.73607863e-01  -5.93040981e-01  -2.30029077e+00   9.19390022e-02
    2.75358916e+00  -4.04627999e-01   1.28990320e+00  -1.54033753e+00
   -1.24623152e+00   8.33590993e-01   9.39557584e-01  -2.07419757e+00
   -9.83402736e-02   4.26691171e-01   5.91313709e-01  -1.65334848e-01
   -3.50962661e-01   4.42210655e-01  -1.50874579e+00  -1.98367679e-01
   -1.08086515e-01 
   -6.29059083e-01  -7.71089998e-01  -1.41040362e+00   1.84400508e-01
    1.61966047e-01   3.60818224e-02   4.40713899e-01  -5.61719280e-01
   -4.51175693e-01  -2.01802605e+00   1.15524825e+00  -4.28480727e-01
   -4.59693380e-01  -2.03725933e+00   1.98537683e+00  -3.04238113e-01
    3.64352536e-01  -1.33347391e+00   2.33558051e+00   1.46307990e-02
    1.66260524e+00  -8.52688452e-01  -2.21527916e+00   1.55491752e+00
    1.37778390e+00   1.38630855e+00  -1.26713140e+00  -4.06795491e-01
   -1.09293998e+00  -6.52937762e-01  -5.22185737e-01   4.60408053e-01
    5.20245193e-02 
    1.00354284e-01   1.61350447e-01   6.56382896e-01   8.95484244e-01
    7.74497820e-01  -2.94336770e-01  -1.20462415e-01  -2.48291655e+00
    6.18899282e-01  -3.34505674e-02   9.09090280e-02  -1.75402483e-01
   -1.79360208e-01   1.69561001e+00  -1.02060332e+00  -1.00056931e+00
   -5.56981514e-01   6.89290919e-02  -5.32903008e-01  -2.13203621e+00
    3.49102063e+00   4.55065462e-01   9.03497415e-01  -2.25017181e-01
   -3.24353635e-01   8.98204067e-02  -1.28133638e+00  -1.25188096e+00
   -2.49149093e+00   8.62207807e-01  -6.06580277e-01  -1.18966199e-01
    1.25610917e-01 
    3.08968515e-01  -1.91947373e-01   9.34967854e-01  -1.25068430e+00
   -4.37024513e-01  -6.67892467e-01   1.21451635e+00   7.06317854e-01
   -2.70477546e-01  -2.23891085e+00  -2.99263807e-01   1.28110246e+00
    2.83116721e+00  -9.12693900e-01  -4.21760801e-01  -2.94430801e+00
   -6.46938134e-01  -1.48991886e-01  -5.99926502e-01   5.40975014e-01
   -9.43961023e-01   4.66743081e-02  -4.40353159e-01  -4.60318470e-01
   -1.45481013e+00  -1.45207350e+00   8.86355083e-01   7.04705046e-01
   -2.68820732e-01   2.25152790e+00   3.18864087e-02   7.24503233e-01
   -1.81058691e-01 
   -3.01217944e-02  -4.72749790e-01   1.79849337e+00  -3.76845635e-01
    8.48549425e-01   7.67516077e-02  -6.91715541e-01   2.86761615e-01
    3.46153530e-01   3.55907085e-02  -3.04914587e+00  -2.88502198e-01
   -4.74637903e-01  -2.79165673e-01  -4.61202959e-01   2.10024172e+00
   -1.35887211e+00  -5.62837915e-01  -1.56721229e+00   2.68344254e-01
   -2.25038603e+00   1.05744804e-01  -2.11869058e+00   2.97459364e-01
   -2.43412628e-01   1.94007409e+00   7.38666157e-01   5.53763473e-01
   -1.41200568e+00   1.62990792e+00   3.37109792e-01  -2.33792502e-01
   -1.32122810e-01 
   -1.11589275e+00   1.56187706e+00   7.72293299e-01   6.84332796e-01
   -1.49879877e+00   2.55502096e-02   8.37403658e-01  -1.86774859e+00
    1.23167802e+00   6.55001977e-02   1.92374242e-01  -1.15240527e+00
    7.24656686e-01  -1.08688420e+00   1.69137589e+00   1.51632218e+00
   -8.17855640e-01  -1.25040298e+00  -4.31020830e-01   5.40603232e-01
   -1.00233974e+00  -1.05901271e+00   1.64410985e+00  -1.64567725e+00
   -6.20040860e-01  -4.07552837e-01   6.86020730e-02   6.67134631e-01
   -6.20051963e-01  -1.79091614e-01   7.99402214e-01  -1.34498806e+00
   -3.58087700e-01 
    6.56440054e-01  -2.14433197e-01  -2.92303119e-01  -8.20324009e-01
   -1.12733982e-01  -1.23401568e-01  -4.94802744e-01  -1.86847363e+00
   -1.56100452e+00  -1.48708513e+00  -1.35174224e+00   7.61327530e-01
   -1.22705730e+00  -1.26535545e+00   4.16400063e-02  -1.87458648e-01
    7.50197509e-01   1.26351784e-01  -1.57293733e+00   1.38557113e+00
    8.96491138e-01   1.00472080e+00   9.14061084e-01  -1.93424339e+00
    2.11394633e+00   8.30620655e-03   7.93598689e-01  -2.86308803e-01
    1.51480435e+00   1.47920800e-01  -8.83074180e-02  -1.16003837e+00
    1.57128563e-01 
   -7.30858033e-01  -1.38618091e+00   2.00111928e-01   4.93153316e-01
   -5.57051608e-01   5.65275975e-01  -6.47171378e-01  -1.85199465e+00
   -7.58690060e-01  -1.00912542e-01   8.21355815e-01   6.97867585e-01
   -2.18508953e+00   1.50018791e+00  -2.04201427e-01   2.01047824e-01
    7.97978730e-01  -7.92184866e-01   4.83745042e-01   1.29433701e+00
   -4.19904154e-01  -6.58114369e-01  -8.13717828e-01  -1.91495351e+00
   -1.42038734e+00  -1.37833361e+00   2.19341873e+00   5.76902377e-01
   -5.75674790e-01  -4.93140845e-01   8.74690275e-01   1.59369913e+00
   -1.79065732e-02 
   -1.32023459e+00   2.62710517e+00  -6.60988429e-01  -1.93121937e+00
   -1.39302829e+00  -4.88842118e-01  -7.39129872e-01   4.28491367e-01
    8.23204289e-01  -1.73762914e+00  -1.86092613e+00  -2.68212904e-02
   -7.85013990e-01   1.33851208e+00   3.59190699e-01   1.14275563e+00
   -5.70831863e-01  -4.70370298e-01   2.84091454e-02  -4.00556048e-01
    6.27252100e-01   1.42772628e+00  -3.31385240e-01   5.15867651e-01
    8.93908314e-01  -1.68778716e+00  -7.13425262e-01   1.07435414e-01
    5.31825455e-01  -4.49964783e-01   6.81160623e-01   9.72638714e-01
   -1.91569883e-01 
   -4.81410051e-01  -3.38961347e-01  -1.83437998e+00  -1.20964046e+00
   -1.53573863e+00   4.03164145e-01   3.61387846e-01  -2.38696532e-01
    1.65750381e-02   1.48886605e+00  -3.84220344e-02   1.23853504e+00
   -9.51885873e-01  -4.92914708e-02  -5.69206834e-02  -9.85782912e-01
   -3.34147406e-01  -8.39166198e-01  -7.82742711e-02  -6.34466031e-01
    5.11558330e-01  -5.66170888e-01  -4.16670444e-01  -5.83797304e-01
   -1.57723551e-01  -7.78766814e-01  -9.07177463e-01   2.84681062e-01
    8.48619545e-01  -8.88425729e-01   1.15991991e+00  -3.41814934e-01
   -1.98803350e-01 
   -2.82701690e-01  -5.73040132e-01   4.21834272e-01   1.17894993e+00
   -1.43510284e+00   7.48404765e-01  -2.62132856e-01   4.17920794e-01
    5.19638180e-01  -5.01124715e-01  -9.19993589e-01   1.46176864e-01
   -1.37341819e+00  -2.24214853e-01  -1.74103500e+00   1.29746027e+00
   -1.85882549e+00   5.97998110e-02   5.63252701e-01  -4.85310448e-01
    4.99889930e-01  -4.82069445e-01   7.95396346e-01   3.95682628e-02
    3.05198483e-01  -1.51306717e+00   7.65929850e-01  -9.16758179e-01
    3.00365844e-01  -5.92457326e-01  -4.00087384e-01   4.02017485e-01
   -2.28420271e-01 
   -5.53755137e-01   8.77373012e-01  -1.13187523e-01  -7.93861081e-01
   -9.56883193e-01  -1.47857997e-01   2.44586952e-01   5.28647234e-01
   -9.21498702e-02   2.12398371e-01  -7.46718954e-01  -4.73075109e-01
   -5.97856023e-02   2.22231849e-01   4.73027276e-01  -4.83058535e-01
    1.63578468e-01   7.35660496e-02  -6.58788027e-01   4.81367428e-01
   -1.00466584e-01   7.12475742e-01  -9.42696758e-02   4.44640092e-02
    2.85582369e-01  -9.45665488e-01  -1.89480922e-01   5.34350691e-02
   -1.95319041e-01  -5.48219674e-02  -6.38260478e-01  -9.64317431e-01
   -6.59915917e-01 
   -2.99097992e-01  -5.07644688e-01  -7.25758627e-01   5.58435539e-02
    1.55314220e-01   3.46660475e-01  -1.84816657e-01  -2.06574338e-01
    4.30867193e-01   2.52200552e-01  -4.73258869e-01   3.82937676e-02
   -5.56721593e-01   1.05262158e-03  -2.27862181e-01   1.02938341e-01
   -8.59049302e-02  -7.45009451e-01  -3.75306018e-01   4.26345427e-01
   -5.08471896e-01   2.46637524e-02  -4.75905169e-01  -6.72981628e-01
   -5.91989545e-02  -6.44479403e-01  -9.52250659e-01  -4.76170577e-01
    2.72290723e-01  -1.09150903e-01  -7.90103269e-01  -8.91895253e-02
   -8.50192264e-02  