NN 16 32 16   -2.74053020e+00  -5.88897063e-01  -5.78945767e-01   7.23734083e-01
    1.30731162e+00  -5.82271940e-01  -1.05415321e+00  -1.22023968e+00
    1.90081277e+00  -1.21421982e+00   1.75856072e-02   7.19668573e-01
    6.45301869e-01  -2.01926898e-01   1.00702562e-01  -2.95321127e-01
   -7.00258150e-01 
    3.67541834e-01   1.33011761e-02  -5.36145005e-01  -8.07818545e-01
    7.94677930e-01  -1.94283872e-01   1.96049262e-02   5.72763699e-01
   -1.84779542e+00   5.70798708e-01   1.57938031e+00  -2.75263995e+00
    4.40422357e-01   6.16901381e-01  -1.25614154e+00   1.02011736e+00
    4.62923702e-01 
   -2.98207970e-01   2.46104375e-03  -2.06299711e+00   1.10245240e+00
    1.96555318e+00  -1.30294211e+00  -5.25130752e-01  -1.03418781e+00
   -9.23799353e-01   2.70943785e-01   1.81402107e-01  -5.01829121e-03
    1.47701239e+00  -9.19707412e-01  -1.31498043e-02   1.20999155e+00
    1.89124836e-01 
    1.30707980e+00  -6.77683850e-01  -6.74012563e-01   6.69899914e-01
   -1.98037014e-01  -9.17405978e-01   1.05274956e+00  -1.16875831e-01
   -1.09442976e+00   8.44249637e-01  -9.71628829e-01   1.39399477e+00
    1.38970316e+00  -1.51949722e+00   8.40152575e-01  -1.41062199e+00
   -3.75046902e-01 
   -2.37675840e-01  -1.12129113e+00   1.16679938e+00  -8.71609456e-01
   -3.87182092e-01  -7.12760604e-01  -1.65977357e-01  -1.50370791e+00
    1.32983376e+00  -1.87327323e-03  -3.28194619e-01   1.45220876e+00
    1.41888188e+00   1.74919663e+00   1.84986990e-01  -1.24498343e+00
   -7.02901186e-01 
   -2.92666208e-01   8.63041639e-01   9.01173827e-01  -9.26657200e-01
    3.24455778e-01   9.77586829e-01   1.02178997e+00   5.13127063e-02
   -4.49101818e-02  -3.33058384e-01  -9.18030291e-01   6.39336333e-01
   -6.32116076e-01  -1.12520323e+00  -2.09887808e-01  -1.78074952e-01
   -1.52311614e-01 
    3.15217897e-01   1.35946971e+00   1.13517191e+00  -1.37778621e+00
   -2.43566537e-01  -4.88931715e-02  -1.51086876e+00   8.43767596e-01
   -5.74018280e-01   3.80082359e-01   6.37873865e-01   5.78787140e-01
   -2.30934640e-01  -3.34920021e-01  -1.03704303e+00   7.02462296e-01
   -5.46599280e-01 
    4.70448059e-01  -1.20781239e+00   7.65716264e-01  -5.03753632e-01
    5.96645536e-01   3.06887186e+00  -1.37076877e+00  -1.33535375e-01
    1.81679831e+00   1.91526475e+00   7.92324008e-01  -8.56358966e-01
   -7.19499085e-01  -1.94320798e+00  -1.05549958e+00  -3.31196329e-02
   -7.44914991e-01 
    2.65943278e-01   1.99682507e+00  -9.73532050e-01  -4.75368386e-01
    6.57805763e-01  -1.09067978e+00  -4.99401766e-01  -1.36496943e-01
   -1.45867502e+00   1.98584468e+00   1.05608959e+00  -7.86493546e-01
    3.82004176e-01  -1.52152850e+00   8.46077282e-01  -1.03612709e+00
   -1.49999753e-01 
   -1.32998793e+00   2.17696153e-01  -8.01986473e-01   9.21474060e-01
    1.70786971e+00  -6.30009867e-01   1.19247632e+00  -6.21330764e-01
   -6.93438863e-01   1.35320841e+00   2.51681153e-01   1.53576450e+00
   -2.10764881e+00   3.57762619e-01  -1.12836556e-01  -1.05837873e+00
    1.44281113e-01 
   -5.93658853e-01   7.73361457e-01  -1.56574875e-01  -2.37012369e+00
   -1.76520708e+00  -9.96788556e-01   3.14805347e-01   3.10793065e+00
   -6.85234856e-01   6.80116307e-01  -8.20424427e-01   1.88043381e+00
   -5.59793931e-01  -4.48641424e-02   2.01344313e-02   2.61169846e-02
   -6.05358321e-01 
    2.16048794e+00  -1.04931271e+00   5.85169208e-01   1.64093337e+00
    1.06914274e+00  -1.24293395e-02  -1.34911048e+00   4.06815536e-01
    4.13930522e-01  -6.84984649e-01  -3.47628446e-01  -4.18554572e-01
   -2.17498820e+00   2.78440842e-01   6.77182428e-01  -4.34535016e-01
    3.33975179e-02 
    8.28764941e-02  -1.33466663e+00   9.73579116e-01  -3.56893312e-01
    1.97143046e-01  -1.44009760e-01  -2.69247455e+00   3.09488357e-01
   -1.63196867e+00   8.91302527e-01   2.39875188e+00   3.90823495e-01
   -2.66765597e-01   9.82583904e-01  -4.85821954e-01  -3.75737098e-01
   -9.65285272e-01 
   -2.86541715e-01  -2.05136849e-01  -7.69454023e-01   3.81127658e-01
    1.82208592e+00  -1.60990324e+00   6.99128877e-01   3.93511851e-01
    8.43500802e-01   1.46083400e+00  -1.87244289e+00  -1.63491700e+00
   -5.03674503e-01   6.20795049e-01  -2.72458084e-01  -1.94533540e-01
   -6.92142809e-02 
    6.34324787e-01  -1.97834898e+00   1.13497816e-01   2.25914948e+00
   -1.81222784e+00   9.80860186e-01   1.94389430e-01  -4.68596719e-01
   -1.50855086e+00  -5.71199220e-02  -1.46005218e-01  -6.13494835e-01
    5.67828485e-01   2.02765077e+00  -1.49672998e+00  -7.15728091e-02
    5.54543340e-01 
    1.09335818e+00  -9.41235012e-01  -5.40642080e-04   1.24673908e-01
   -1.68350483e-01   4.44247932e-01   2.74804237e+00  -2.45147408e+00
   -1.41925950e+00  -5.36571605e-01  -2.51674737e-01  -9.21325700e-01
    1.40446270e+00  -1.48890912e+00   5.57858588e-01  -6.51828723e-03
    3.79278005e-01 
    1.29445097e+00   6.12908379e-01  -2.44833447e+00  -3.35902871e+00
    2.88018107e-01   7.55639330e-02   1.05673833e+00   1.52164151e+00
    5.72160123e-01  -4.56559493e-01  -1.06504260e+00  -5.93163490e-01
   -2.70397937e-01   1.82666873e+00  -5.54589540e-01   6.66974853e-01
    9.81012674e-03 
   -1.27374297e+00   1.63675975e-01   4.48753959e-02   1.91115894e-01
    7.40858757e-01  -7.67289049e-01  -2.95335259e-01   5.73600382e-02
    1.15582811e+00  -6.55125582e-01   7.13755522e-01  -1.98577511e-01
    5.75218372e-01  -6.97273599e-01  -4.11242008e-01   7.74648723e-01
   -5.04410441e-01 
   -1.79920477e-02  -1.58668890e+00   1.42550532e+00  -4.43302426e-01
   -2.08535254e+00   4.74596811e-01   1.78159056e-01   1.39205450e+00
    5.63131867e-01   1.60204368e+00  -1.65143339e+00  -6.40264563e-01
    3.87375608e-01  -9.36347835e-01   4.86865114e-01   4.84221294e-01
    9.48653537e-02 
   -1.14956567e+00   5.83187461e-01  -1.01569409e+00   1.53077711e+00
   -6.17056445e-01   1.76875082e+00   2.70828876e-01  -1.08865564e+00
   -2.66879261e-01  -1.64041113e+00  -5.83615567e-01   6.13610451e-01
    1.57085128e+00   4.64974430e-01  -1.52600954e-01  -1.41117061e+00
    4.23825350e-01 
    1.63413266e-01   2.17354731e+00   1.18169571e+00  -1.27077231e-01
   -4.06253869e-01  -3.56678358e+00   7.74537719e-01   2.67713529e+00
    1.23250193e+00  -1.42784846e+00   4.86246998e-01  -8.88564599e-01
   -6.74730597e-01  -3.76749245e-01   3.38257590e-01   1.71597395e-02
   -2.14813380e-01 
   -2.26001105e+00   5.92322575e-01   1.49319642e+00  -5.97240009e-01
    1.41782724e+00  -8.19355857e-01  -3.12602804e-01  -5.89316278e-01
    1.68393812e+00  -1.09087253e+00   2.30610820e-01  -1.63682210e+00
    4.60768910e-01   6.62263984e-01  -9.22604104e-01  -1.56895817e-01
    5.90023458e-01 
   -4.96289251e-01  -5.58328786e-01   7.60946566e-01  -1.08517669e+00
    1.82808195e+00  -1.35530120e+00   2.57547663e-01   1.81968495e+00
   -1.97491387e+00  -6.47377680e-01   9.73003353e-01   6.61393338e-01
    7.01530160e-01  -5.74100970e-01  -2.57209874e-01  -3.27517461e-01
   -2.58957612e-01 
   -1.47534225e+00  -8.11916165e-02  -1.16726910e+00   1.73252312e+00
   -1.02399548e+00   8.84270665e-01   3.96552861e-01  -7.89415829e-01
    1.41635301e+00   1.61839115e+00   1.27293410e+00  -1.63241907e+00
    5.24989816e-01  -1.19260676e+00   3.64267135e-01  -1.29191452e-01
   -5.51048137e-01 
    1.49149185e+00   1.21569418e+00  -1.34872007e+00  -6.61771370e-01
   -2.60252544e+00  -7.43596630e-01   7.89819783e-01   3.80019865e-01
    1.05359947e+00  -2.43528155e+00   1.97979130e+00  -2.80146434e-01
    3.60485868e-02  -2.06402569e-01  -6.25052210e-01  -1.72435554e-03
   -1.97868476e-01 
    1.14611331e+00  -8.12261213e-02  -1.33198555e+00  -3.10131579e-01
   -9.18159615e-01  -5.46538480e-01   2.07510817e+00  -2.78996422e+00
    4.53204524e-02  -4.65180307e-01   5.92309236e-01   1.06019009e+00
   -1.03886030e-01   1.14797539e+00   9.31241192e-01   4.79366420e-01
   -6.20642202e-01 
   -8.16575048e-01  -7.89245550e-01   1.63461090e+00  -1.13444752e-01
    1.18221030e+00   1.30432805e+00  -2.10507380e+00  -3.45999030e-01
    1.73576589e-01  -6.49704689e-01  -2.38555650e+00   4.82260875e-01
    1.34175281e+00  -9.42203972e-01   1.51719488e-01   1.86239021e+00
   -1.90818185e-01 
   -8.06129565e-01   2.20019126e+00   1.24155103e+00   2.36146552e-03
   -6.32847962e-01   1.97494970e+00  -4.17594783e-01  -3.20628239e-01
   -1.14027030e+00  -1.22075235e+00  -5.68753184e-01  -3.42642494e-01
   -8.45176813e-01   5.08846618e-01  -1.14711983e-01   4.22346860e-01
   -4.24728044e-01 
   -3.09776041e-01  -1.38811637e+00  -7.49396355e-01   2.21717159e-01
    6.23903884e-01   2.09550895e+00  -6.98261825e-01   6.08400992e-01
    4.81445850e-01  -1.89865209e+00   1.14746215e+00   2.46670444e-03
   -1.15029640e+00   5.06515049e-02   1.77495534e+00  -1.08521884e+00
    3.12390595e-01 
   -3.16787579e-01   1.49559918e+00   6.44756800e-01  -3.79377477e-01
    4.78166651e-01  -9.83898089e-01  -2.08795553e+00  -1.45219074e+00
    4.94609138e-02  -4.72269909e-01  -2.36939968e-02   6.16656537e-01
    5.67383416e-01   3.71869492e-01  -5.68780382e-02   8.68817673e-01
    1.55242971e-01 
   -1.21697306e+00   1.10460705e-01   2.20238067e+00   1.49046757e+00
    9.73698666e-01   2.91934393e-01  -1.22108375e+00  -8.72036556e-01
   -4.57282342e-01   7.21947615e-01  -1.56772346e+00  -1.15936496e+00
   -1.21229015e+00   1.05321803e+00   9.68095241e-01   6.98707085e-01
    2.79142855e-01 
    1.15952578e+00   7.79296228e-01  -7.41664709e-01  -3.19126235e-01
   -6.85368806e-01  -1.80007013e-01  -7.68457306e-01  -1.78065214e-01
    1.35842201e+00   1.11432629e+00  -1.69275826e+00  -1.25887701e+00
   -2.86716385e-01  -1.32431744e+00   2.03084097e+00   3.71745828e-01
   -4.25603921e-01      2.68656183e+00  -5.77619169e-01  -8.35341748e-02  -1.74676301e+00
   -5.20066825e-01   4.35360833e-01  -2.73195836e-01  -6.85107881e-01
    5.15624368e-01   1.16629283e+00   5.22116004e-01  -2.41202355e+00
   -9.10694485e-01   1.34863436e-01   3.61670930e-01  -1.63170074e+00
   -5.82659209e-01   3.62406389e-01   8.81541734e-02   7.30611179e-01
   -4.46947250e-01   2.41926756e+00   3.95943575e-01   1.90353335e+00
   -2.33710822e+00  -1.20061342e+00   4.87841245e-01  -1.79520630e-01
   -2.60713153e-01  -3.61603805e-01   6.91350199e-01  -1.59589244e+00
   -3.06245721e-01 
    5.21789375e-01   2.55560680e-01  -3.86944848e-01   2.96642730e-01
    1.02890075e+00  -3.47340895e-01  -1.33968168e+00   9.81074156e-01
   -2.14244298e+00  -4.79710438e-01  -8.46987240e-01   3.57833492e-01
    1.52778716e+00   1.66598371e-01   1.87466173e+00   4.30018845e-01
    4.95021059e-02  -6.33181920e-01   1.84263836e+00  -1.74000171e+00
   -1.70892488e+00   3.35587749e-01   8.98853236e-02   3.49672907e-01
   -1.57329067e+00   2.48510634e-01   7.83134078e-01  -3.36125686e+00
    1.26945693e+00  -1.47113521e+00   2.87397502e-03  -1.20037874e+00
    1.15467971e-01 
    9.20997835e-01   2.37138482e-01   2.51278249e+00   5.06867508e-01
   -1.91234048e+00  -8.36248438e-01  -1.06242089e+00  -9.55354342e-01
    1.50535924e+00   1.11551854e+00   2.37132959e-01  -2.52184119e-01
   -1.63116882e+00   3.94392839e-01  -4.17736247e-01  -1.17602734e+00
    2.18129771e+00  -2.35475210e-01  -1.25888642e+00   1.03431664e+00
   -1.21415729e+00  -1.85915708e+00  -8.36150029e-01   1.17222432e+00
    1.18848725e+00   1.18208729e+00  -1.88003556e+00  -9.61266057e-01
    1.60044495e+00  -4.78984670e-01  -2.70145028e+00   7.15019863e-01
   -4.32205656e-01 
   -8.95492073e-01   8.39699837e-01  -1.18753266e+00  -8.45769371e-01
    1.25701335e+00   1.12454010e+00   1.27372385e+00   2.24270643e-01
    2.56073360e-01  -8.89378168e-01   2.04429634e+00  -2.33932716e+00
    6.35179806e-01  -9.03411594e-01  -3.07958516e+00   4.84397754e-02
    3.67735585e+00  -2.78155717e-01   9.14238431e-01  -1.69464022e+00
   -1.14343603e+00   7.52678396e-01   9.97968819e-01  -2.61838875e+00
    1.77463664e-01   4.36765210e-01   3.87018334e-01   7.84113112e-02
   -3.26292381e-01   3.91509703e-01  -1.74781301e+00  -2.59292767e-01
   -1.08929147e-01 
   -1.18930802e+00  -9.47035141e-01  -1.87060900e+00   3.36432473e-02
    2.85346419e-01  -1.59558893e-01   3.65291851e-01  -9.46712290e-01
   -4.60454182e-01  -2.54146088e+00   1.29004345e+00  -2.85201270e-01
   -4.20837491e-01  -2.25766592e+00   2.32251500e+00  -9.65117877e-01
    4.21355485e-02  -1.36609019e+00   2.68280172e+00   1.37975989e-01
    1.49255544e+00  -1.10829582e+00  -2.63487329e+00   2.01023401e+00
    1.72154758e+00   1.53427252e+00  -1.40802248e+00  -4.26785909e-01
   -1.11045495e+00  -6.95347668e-01  -8.78721486e-01   9.61794692e-01
   -8.38615668e-02 
   -2.22106381e-01  -1.58670463e-02   6.05083600e-01   8.70372683e-01
    8.44365581e-01  -6.07880300e-01  -2.93986495e-01  -3.29107365e+00
    8.90671761e-01   3.29574676e-02   4.70198028e-02  -1.49291087e-01
   -4.34985819e-01   1.91123329e+00  -8.90005538e-01  -1.77709515e+00
   -9.05033633e-01   2.90748609e-01  -2.47456889e-01  -2.76792198e+00
    4.27800144e+00   4.73413114e-01   5.27851135e-01  -3.17999161e-03
   -3.24856949e-01   4.49897991e-01  -1.51881655e+00  -1.44411081e+00
   -3.16834746e+00   7.00632141e-01  -2.12870300e-01   9.74056996e-03
    6.40521648e-02 
    4.01272679e-01  -4.46046741e-01   4.13151884e-01  -1.21681734e+00
   -4.73424330e-01  -1.08466870e+00   1.43709068e+00   9.52756952e-01
   -6.48007702e-02  -2.24288164e+00  -4.45719629e-01   1.85364054e+00
    3.22783246e+00  -1.46152058e+00  -1.03300672e+00  -3.56164725e+00
   -9.90864010e-01   9.62703125e-02  -4.61744027e-01   4.13012811e-01
   -8.89667659e-01  -3.68884448e-01  -4.41027474e-01  -6.08049619e-01
   -1.79377696e+00  -1.49507972e+00   1.17290517e+00   5.03487522e-01
    5.94187634e-02   2.61620519e+00   4.47990227e-01   7.29479243e-01
   -2.41003398e-01 
    3.98726427e-02  -7.97128817e-01   1.80746338e+00  -6.01489577e-01
    1.25198604e+00  -5.44849644e-02  -9.36973763e-01   3.91519478e-01
    7.23931149e-02   3.15248692e-01  -3.77636138e+00  -1.25500079e-02
   -4.63749720e-01  -8.03217452e-01  -3.75147167e-01   2.12889041e+00
   -1.90937811e+00  -5.58029412e-01  -2.18067120e+00  -9.62370978e-02
   -2.27204050e+00   4.81310776e-02  -2.54703703e+00   3.52010627e-01
   -2.65617641e-01   2.68037381e+00   6.74823476e-01   5.58908115e-01
   -1.54593949e+00   1.18480440e+00   9.02219000e-01  -2.55676056e-01
   -3.87349459e-01 
   -1.64062775e+00   1.93204676e+00   9.49650906e-01   1.02337248e+00
   -1.81662965e+00  -1.90941067e-01   1.09682754e+00  -1.98340550e+00
    1.78120972e+00   7.77665655e-02   4.18455222e-01  -1.35805060e+00
    9.45154463e-01  -1.34173955e+00   1.79582541e+00   1.40618175e+00
   -8.74983541e-01  -1.69185308e+00  -4.20705632e-01   4.24422184e-01
   -1.27259747e+00  -1.44502597e+00   1.89112916e+00  -1.55454919e+00
   -1.19825886e+00  -6.64551773e-01  -7.79686203e-02   7.50284973e-01
   -1.09687711e+00  -1.97844905e-01   1.08353895e+00  -1.42609477e+00
   -4.85918381e-01 
    6.67764603e-01  -5.43346610e-01  -4.89003844e-01  -1.05789728e+00
   -2.84651192e-01  -4.05844856e-02  -8.48969156e-01  -2.24528709e+00
   -2.12460448e+00  -2.00515428e+00  -1.76886890e+00   1.31268576e+00
   -1.77057908e+00  -1.35309295e+00  -6.44888154e-02  -1.37351675e-01
    6.49993440e-01   6.95712807e-02  -1.93022670e+00   1.80089136e+00
    9.50715601e-01   1.15097473e+00   7.91163200e-01  -2.39476455e+00
    2.38419738e+00  -3.70649570e-01   1.25197210e+00  -6.57670070e-02
    1.89027822e+00   1.84516127e-01   6.02522247e-02  -1.32729516e+00
   -6.77699697e-02 
   -5.66054120e-01  -1.97372763e+00   1.66478577e-01   6.71005623e-01
   -4.76503285e-01   7.50042707e-01  -8.47238329e-01  -2.09571252e+00
   -1.06106992e+00  -1.13004233e-01   9.22300375e-01   7.46214966e-01
   -2.52719796e+00   1.86195258e+00  -3.43206159e-01   1.54046675e-01
    8.48404376e-01  -1.02011259e+00   7.86536556e-01   1.31689589e+00
   -5.61947940e-01  -8.44046402e-01  -1.11247560e+00  -2.21250509e+00
   -1.82826184e+00  -1.56662589e+00   2.76405630e+00   6.56782225e-01
   -9.17305770e-01  -4.65139174e-01   1.26725013e+00   2.04133373e+00
   -1.89129062e-01 
   -1.43715559e+00   3.34285564e+00  -9.14398493e-01  -2.31702211e+00
   -1.80419174e+00  -8.19448512e-01  -9.89301970e-01   3.83054662e-01
    9.04944810e-01  -1.97586802e+00  -2.29357584e+00  -1.20521663e-02
   -9.23434307e-01   1.33611325e+00   3.37766558e-01   1.33704257e+00
   -7.05292083e-01  -4.23891168e-01  -7.98272133e-02  -6.05849246e-01
    7.71076184e-01   1.72575511e+00  -4.29036767e-01   7.32066455e-01
    1.05073728e+00  -1.78860202e+00  -1.18048303e+00   2.30718931e-02
    6.67978256e-01  -7.61668757e-01   8.13298563e-01   9.62174689e-01
   -3.89717568e-01 
   -4.84384012e-01  -6.50485450e-01  -2.34685080e+00  -1.74289216e+00
   -1.81541380e+00   7.17310582e-01   2.63571574e-01  -2.39619877e-01
   -3.71949209e-01   2.42135720e+00  -5.36285357e-02   1.94897474e+00
   -1.07009766e+00   4.53537326e-02  -1.70559838e-01  -1.17711391e+00
   -5.39051646e-02  -9.83048657e-01  -2.47643038e-01  -1.05927519e+00
    5.72404038e-01  -4.49342539e-01  -7.84167136e-01  -6.75086692e-01
    1.52947198e-01  -3.00246484e-01  -1.41456622e+00   4.35892226e-01
    1.30518616e+00  -1.03122946e+00   1.57522882e+00  -3.70811663e-01
   -1.55444709e-01 
   -2.94945968e-01  -7.26790923e-01   5.73317000e-01   1.59529208e+00
   -1.92994587e+00   9.84011580e-01  -1.80919893e-01   7.23449247e-01
    8.12263273e-01  -6.04755540e-01  -8.58198091e-01   2.70072981e-02
   -1.48640936e+00  -5.47478117e-01  -2.20197052e+00   1.58774511e+00
   -2.44107790e+00   2.03218055e-01   8.11129379e-01  -6.51989924e-01
    5.50161466e-01  -6.44079766e-01   1.13696639e+00   2.36200362e-01
    3.43544461e-01  -1.86185385e+00   8.64497275e-01  -1.13482530e+00
    2.31829871e-01  -8.17886685e-01  -6.99889524e-01   5.92079861e-01
   -3.41457473e-01 
   -6.39953949e-01   1.46699152e+00   8.56066558e-02  -1.03038898e+00
   -1.02816504e+00  -1.72989195e-01   8.43175269e-01   1.04935533e+00
   -4.42322863e-01  -1.81562468e-02  -6.15196343e-01  -7.14871861e-01
    2.45532797e-01   3.55539928e-01   1.10729995e+00  -1.01021105e+00
    4.62139114e-01   1.67747940e-01  -8.97304839e-01   3.67166763e-01
   -4.34938915e-01   7.87945647e-01  -8.80565686e-02  -2.92033403e-01
    8.16594050e-01  -1.27659928e+00  -5.11725331e-01  -1.48107100e-01
   -1.38690016e+00   3.47417676e-02  -1.39678932e+00  -2.08574602e+00
   -7.64280467e-01 
   -3.43874406e-01  -1.21246848e+00  -1.70218935e+00   1.10032205e+00
    1.06592752e+00   7.10662466e-01  -4.34207348e-01  -3.62186021e-01
    1.14076979e+00   9.90927265e-01  -2.76181972e-02   9.55335312e-02
   -3.91576855e-01   1.78762536e-01  -8.18952058e-01   5.00680882e-02
   -1.16839207e-01  -1.23285227e+00  -6.20658341e-01   1.19991616e+00
   -7.34421820e-01   4.39999488e-01   9.10022494e-02  -1.16183792e+00
   -5.21773134e-01  -1.17703163e+00  -1.28382619e+00  -3.43343817e-01
    7.75316187e-01  -4.46864785e-01  -7.38684300e-01  -3.90870793e-01
   -1.44112639e-01  