NN 16 32 16  -3.94039818 -1.15854849 -0.08974698  0.6871963   2.75848822 -1.02035827
  -2.02016957 -2.31872875  3.5782907  -1.26204667 -0.31503206  0.24379025
   0.87743608 -0.1802527   0.30196372 -0.5892157  -0.88004849 
   0.67917454 -0.66947653 -0.30498699 -0.081739    0.98374954 -0.31675035
   0.34991962  0.43120866 -2.87298413  0.69727103  2.26366045 -4.13236677
   0.81674362  0.67809426 -2.28809896  1.31885517  0.59221457 
  -1.02396401  0.15237089 -2.68221983  0.86519255  2.92172413 -1.83000613
  -0.72506996 -0.82496608 -0.98277847  0.77122828 -0.49641211  0.23723321
   1.43636409 -0.660095   -0.25116589  2.14032099  0.1962977  
   1.70097454 -0.96950983 -1.43212775  1.03884137  0.19900656 -1.08902807
   0.81376535 -0.39298812 -1.68920539  0.86880494 -1.5634414   1.72205118
   1.78615945 -1.67315336  1.24240622 -2.01400336 -0.1857139  
  -0.24296159 -1.7622185   1.46974963 -1.33896688 -0.09523466 -0.75022864
  -0.11770931 -2.08427386  1.21613095 -0.53921724  0.10801269  2.16298031
   1.61553718  2.25968528 -0.1996664  -1.48991154 -0.69221652 
  -0.43321829  1.15752808  2.03566482 -1.30118812  0.6070135   1.2306519
   2.10162278 -0.47093361  0.0657352  -0.28678648 -2.14522097  0.54233942
  -0.91651376 -1.5037151  -0.51932537 -0.05720678  0.07487265 
   0.94799576  1.54411134  1.67615932 -2.02500436 -0.1127522   0.31597617
  -2.03421204  1.57430003 -0.54823745  0.54139502  0.89150816  0.20521706
  -0.16313023 -0.47597405 -1.48101193  0.80100666 -0.75399655 
   0.78134092 -1.25614388  1.30461348 -0.45938175  0.742363    4.28648737
  -2.30873382 -0.11125329  2.54038885  2.45825472  0.24488101 -0.25262926
  -0.57479132 -2.74948908 -1.4007428  -0.1017623  -0.6504627  
   0.0650032   2.7245247  -0.73186834 -1.17146382  0.6807932  -1.26346472
  -1.24963726 -0.18872704 -1.67611498  2.44913576  1.38435673 -1.31280573
   0.93730622 -1.94331993  1.45109163 -1.75019461 -0.16418484 
  -1.26417621 -0.25409121 -0.70193462  1.16883095  1.73077142 -0.83734669
   1.31116909 -0.85974217 -1.18526746  0.82327207  0.76906331  2.09013771
  -2.96067404  0.37238529 -0.8441896  -1.41625108  0.31025241 
  -0.7676294   0.52835854 -0.02005087 -2.80697918 -2.54797218 -1.39627263
   0.07071807  4.31213456 -1.35579219  0.39088914 -0.3508169   3.15794187
  -1.16954806 -0.46954385 -0.18254003 -0.00715048 -0.6713504  
   3.13367206 -0.85164348  0.19646901  2.06015994  1.71509978 -0.77363357
  -1.24638624  0.63084354  0.23043055 -1.21928866  0.61340057 -0.54513295
  -3.04200915  0.5004554   1.10302171 -1.03660516 -0.26381773 
  -0.22696414 -2.55525705  1.60421401  0.1423749  -0.20326359  0.37772984
  -3.45175694 -0.35092681 -1.96485547  1.10003772  3.08537349  0.09612219
  -0.50572227  1.27471119 -0.58451679 -0.76932667 -1.33983527 
  -0.55915415  0.44129614 -0.56663292  0.13239722  2.30554627 -2.01924366
   1.11683421  1.00136511  1.11708461  1.56935688 -2.34484247 -1.85628323
  -1.14189767  0.26900994 -0.42839763 -0.08822372 -0.1637814  
   1.74637619 -1.8734436   0.82333836  3.10771607 -2.21377113  0.77403316
   0.46676308 -0.82695146 -1.5706961  -0.0899902  -0.5506464  -0.16576953
   0.81332821  2.47599332 -2.17086177 -0.12029648  0.66133969 
   1.66302259 -1.08091197 -0.32904985  0.15631897 -0.23762753 -0.30892912
   3.17441495 -2.97418124 -1.09577892 -1.08634731 -0.57427747 -0.91509909
   1.20371711 -1.99473924  0.97825497  0.62094551  0.55285912 
   1.51549329  0.64150643 -3.13120969 -4.47827317  1.08611926  0.10375189
   0.61151858  1.63502743  0.76627303  0.32472985 -0.79753493 -1.31645446
  -0.32332922  1.55861591 -0.58112986  1.20297553  0.26544361 
  -1.54269216  0.58768637 -0.34596447  0.28113127  0.69359899 -1.86599902
   0.32985216  0.22441557  1.47939976 -0.98577212  1.34902949  0.26604469
   0.87227455 -1.17245047 -0.77566843  1.20603911 -0.7420279  
  -0.2270524  -2.53647468  2.33777589 -0.02830447 -2.48680762  0.18632129
  -0.252205    1.67051708  0.1775069   1.57818811 -1.65838167 -0.58353583
   0.49930646 -1.10886711  0.59850778  0.63305156  0.09789441 
  -1.40651335  0.43668066 -0.8287452   2.25056258 -0.73122657  1.86452982
   1.18894545 -1.72415582 -0.09984099 -1.85067998 -0.53715223  0.64323392
   1.71501663 -0.17806333 -0.35526023 -2.45477052  0.28196586 
  -0.16663066  2.73606848  1.20066817 -0.60311968 -0.16121745 -4.8280717
   1.30897431  3.46803065  1.53133269 -2.60078255  0.73974659 -0.2699138
  -0.41279436 -0.90471482  0.77813387 -0.37832774 -0.31131333 
  -2.70704864  0.84107707  2.11960553 -0.05445853  1.57180791 -0.98972813
  -1.45216245 -0.22688976  2.41498735 -1.14100307  0.34594539 -1.7578596
   0.44624592  0.50695098 -1.15011402 -0.45349449  0.66370343 
  -0.28148343 -0.82408933  0.58315528 -0.7745594   2.44924063 -0.99550235
   0.15288875  2.58615701 -2.68209656 -0.80514494  1.36040499  0.89046866
   0.32338089 -0.83457258 -0.52703175 -1.24514112 -0.39891409 
  -2.09081397  0.29248334 -1.31024633  2.11091964 -0.99213077  1.17031766
   0.9436861  -0.67652345  1.04219559  1.48673076  1.8608758  -1.62301283
   0.85238315 -1.31987833  0.69061873 -0.26301423 -0.57663918 
   2.13457139  1.70160316 -2.16045822 -1.24007117 -3.79149165 -1.71250464
   0.92136387  0.59429346  1.42278557 -2.44512801  1.87273973 -0.18052162
   0.76124943 -0.38376958 -0.78995634  0.13714053 -0.15743902 
   1.90473988  0.39887156 -2.11626369  0.07747293 -1.09622184 -0.61232298
   2.83374348 -3.14832347 -0.14998317 -0.31795926  0.20117013  0.86107479
  -0.14754955  1.37061669  0.72348837  1.34585931 -0.4942368  
  -0.73315409 -0.29797018  1.99935978 -0.19345581  1.78678118  2.14033055
  -3.51202069  0.37430322  0.32564709 -0.85132512 -3.31826455  0.22009622
   2.05934704 -1.46476    -0.11678665  3.31157069 -0.25431569 
  -0.59423771  3.00230374  1.23191845  0.21449469 -1.45410148  1.81821521
  -0.68431493  0.13819956 -0.85623032 -2.4109569  -0.12817782  0.10141413
  -0.87070735  0.6637694  -0.06086438  0.83349566 -0.5579288  
  -0.16735066 -0.97574258 -1.19917867  0.08874927 -0.18721222  2.6371454
  -0.64004932  0.92115746  0.20672748 -2.89274821  1.23106917 -0.22963288
  -1.47417825  0.0938132   3.33498457 -1.55676658  0.73261308 
  -0.19263391  2.6040761   0.17200368 -1.02189687  1.02200747 -1.78413163
  -2.54814471 -1.27566869 -0.61189744 -0.99721782 -0.18847342  0.96164752
   0.71112813  0.50913337  0.18269912  0.98304978 -0.14634762 
  -0.84571896  0.13962006  3.01474282  1.71736011  0.86394288  0.55519333
  -2.16757071 -1.36168491 -0.78458319  0.76113093 -2.15669476 -1.4329778
  -1.86785047  1.80453536  1.82913478  1.22584471  0.26803972 
   1.59482533  0.89586827 -1.05240464 -0.31535331 -0.93818853 -0.2441439
  -0.52408623 -0.5392556   1.77719974  1.73493367 -2.47466885 -2.17619612
  -0.52786614 -1.87327476  2.44149507  0.81112087 -0.6049199       3.69720600e+00  -1.16501877e+00   2.75802890e-01  -2.06154865e+00
   -1.06566495e+00   1.60043791e+00  -7.96221975e-01  -1.16965838e+00
    4.17049261e-01   7.48750082e-01  -1.14542959e-01  -3.19235979e+00
   -9.36081685e-01   6.66515283e-01   9.83181336e-01  -1.53485930e+00
   -1.68049447e-01   4.24002270e-03   7.39140580e-02  -3.29798176e-02
   -1.48871533e-01   1.78695292e+00   6.73731722e-01   2.14176621e+00
   -1.55821749e+00  -8.32064248e-01   1.99170484e-01  -1.22190026e-01
    1.17909142e-02  -3.03019709e-01   1.46996330e-01  -1.23361604e+00
   -9.59489345e-02 
    6.01390035e-01   4.90648616e-01  -2.53672665e-01  -3.15430022e-01
    1.14028403e+00  -3.00697423e-01  -1.27369169e+00   8.78777560e-01
   -1.97987055e+00  -2.76570635e-01  -7.91006888e-01   4.51676560e-03
    1.13618029e+00  -1.19527354e-01   1.45360123e+00  -2.10131736e-02
   -1.11898968e-02  -1.19619379e+00   2.11324320e+00  -2.09512371e+00
   -1.41602470e+00   2.44439234e-01   4.16733676e-01   2.82729389e-02
   -1.35686947e+00   8.07298320e-01   6.76531823e-01  -4.46301836e+00
    1.39191880e+00  -1.65063897e+00   2.13095453e-01  -1.16729622e+00
    3.30878522e-01 
    6.09241227e-01  -4.07723346e-02   2.73465516e+00   1.19507205e+00
   -1.84387510e+00  -2.04025967e+00  -1.22621035e+00  -8.95388461e-01
    1.28699607e+00   1.05931644e+00   2.36148846e-01   6.16781439e-01
   -2.07051973e+00  -4.51643662e-02  -5.21054884e-01  -1.25552891e+00
    2.16462539e+00   3.64295331e-02  -1.38351127e+00   1.34647550e+00
   -1.31169214e+00  -2.46214141e+00  -1.04764894e+00   1.18973357e+00
    1.25238302e+00   7.33404883e-01  -2.57722481e+00  -5.40798170e-01
    2.16339371e+00  -1.81468308e-01  -2.27252733e+00   8.72457960e-01
   -4.08161099e-01 
   -1.58809389e+00   2.47897647e-01  -1.60813638e+00  -1.06015850e+00
    1.94373365e+00   1.18129534e+00   1.21792377e+00   1.95438238e-01
    5.67285693e-01  -8.66948172e-01   2.85676948e+00  -1.97777090e+00
    3.62914294e-01  -8.78339239e-01  -3.18672814e+00   2.48454597e-01
    3.89530779e+00  -1.94473133e-01   1.78761496e-01  -2.28172095e+00
   -1.02954642e+00   4.47345083e-01   7.66601004e-01  -2.87874046e+00
    6.38581887e-01   5.47631550e-01  -3.77783776e-02   2.20005406e-02
   -3.38654795e-01   2.04744176e-01  -1.73329533e+00  -4.40350624e-01
   -1.85622388e-01 
   -1.95633280e+00  -1.27291510e+00  -2.42208897e+00  -6.07256956e-01
    1.74131752e-01  -3.33618912e-01   3.69967318e-02  -1.10580460e+00
   -2.94733917e-01  -3.02525546e+00   1.53160245e+00  -6.60236872e-01
   -1.70119846e-01  -2.53545197e+00   2.95956429e+00  -1.75158348e+00
   -6.72187691e-02  -1.52513024e+00   2.69487654e+00  -3.66564146e-01
    1.33450479e+00  -1.06717149e+00  -3.37541221e+00   2.09029417e+00
    1.92891284e+00   1.23909749e+00  -1.45230862e+00   2.30097709e-03
   -3.01645040e-01  -3.11534088e-02  -1.08195936e+00   1.82498487e+00
   -1.39692349e-01 
   -1.56340691e+00  -2.36192813e-01   6.91045713e-01   2.31485578e-01
    1.13687483e+00  -6.93803679e-01  -5.24042273e-01  -3.46993789e+00
    1.13399081e+00   1.23092229e-01  -3.61655204e-01   4.26385476e-01
   -9.46803446e-01   1.97937627e+00  -8.60561393e-01  -2.03802079e+00
   -1.38682539e+00   6.79047539e-01  -1.46852093e-01  -2.47942971e+00
    4.37680402e+00   5.43441746e-01  -2.01989427e-01  -2.28988315e-01
    4.47880599e-01   5.65449205e-01  -1.23394337e+00  -1.80102061e+00
   -3.79008379e+00   8.31850509e-01  -1.23010038e-01   4.58848904e-01
   -6.97667392e-03 
    9.27476555e-01  -1.40708561e+00   7.69720766e-02  -8.83356018e-01
   -1.40751092e-01  -2.46465855e+00   1.15229198e+00   9.56864926e-01
    7.15580404e-01  -2.01791332e+00  -6.07342704e-01   2.77847089e+00
    3.00542098e+00  -1.55837320e+00  -1.03184735e+00  -3.95680522e+00
   -8.21415729e-01   2.29679185e-02  -9.01855200e-02  -7.03946987e-01
   -7.62532722e-01  -1.39280808e-01  -2.59982571e-01  -7.44275561e-01
   -1.49704046e+00  -2.01008358e+00   9.96039315e-01   4.38652767e-01
    4.00123876e-01   2.88239153e+00   9.77671870e-01   2.19516230e-01
   -3.87751267e-01 
    2.49017182e-01  -7.20116038e-01   2.33252990e+00  -5.09410469e-01
    1.78941358e+00  -2.40115135e-02  -9.31235064e-01  -2.98175848e-01
   -2.04492109e-01   5.73339603e-01  -4.37271010e+00   1.62736656e-01
    1.13527372e-01  -1.88682239e+00  -5.46606543e-01   2.28962987e+00
   -2.52579158e+00  -5.20200673e-01  -2.37232062e+00  -2.46414028e-01
   -2.58606620e+00  -6.97884851e-02  -2.95280841e+00   2.19540172e-01
   -3.80384222e-01   3.46766979e+00   4.60839981e-01   7.61716705e-01
   -1.41758384e+00   8.95810077e-01   1.19556604e+00  -1.49497254e-01
   -1.05661253e+00 
   -2.11791875e+00   2.46554204e+00   1.19364838e+00   1.44494803e+00
   -2.02619918e+00  -2.36079026e-01   1.24922636e+00  -2.35342003e+00
    2.29674929e+00   3.36036752e-01   7.34966369e-01  -1.57888417e+00
    1.13361847e+00  -1.64100569e+00   1.91368312e+00   1.20563841e+00
   -7.49884998e-01  -2.55341065e+00  -3.33892674e-01   5.11866845e-01
   -1.58059006e+00  -1.77099907e+00   2.19100563e+00  -1.34230832e+00
   -2.00396367e+00  -4.19657721e-01   5.84249405e-02   3.92003014e-01
   -1.38983854e+00  -7.51104141e-02   1.56467277e+00  -1.94691473e+00
   -5.75075709e-01 
    1.16913211e+00  -1.02070913e+00  -9.69831605e-01  -1.54503523e+00
   -9.63703145e-02   1.51706384e-01  -1.01297095e+00  -2.54242621e+00
   -2.57359403e+00  -2.61643148e+00  -1.86694504e+00   1.89617186e+00
   -2.60413405e+00  -1.45054396e+00   2.09462080e-01   2.21419075e-01
    5.57040920e-01  -2.79543071e-02  -2.25875784e+00   1.70090970e+00
    1.37431273e+00   1.27542313e+00   5.67113215e-01  -2.51827778e+00
    2.71033129e+00  -8.80945935e-01   2.07694551e+00   5.14310628e-01
    2.61530583e+00   4.59610621e-01  -2.49070573e-02  -1.96231091e+00
   -4.50833058e-01 
   -7.26182376e-02  -2.90518504e+00   4.42348489e-01   9.70277185e-01
   -6.01852598e-01   1.37946092e+00  -1.17683133e+00  -2.22997175e+00
   -1.83904692e+00  -1.68485839e-01   1.21120481e+00   3.83365265e-02
   -2.66613754e+00   1.87373932e+00  -2.92867942e-01   2.93546593e-01
    4.81721778e-01  -1.35381701e+00   1.11100457e+00   1.65407687e+00
   -8.04643420e-01  -1.37072051e+00  -1.41151169e+00  -2.79754461e+00
   -1.62925538e+00  -1.58295979e+00   3.64437979e+00   1.06942720e+00
   -1.13264312e+00  -3.53442246e-01   1.63687061e+00   2.68307690e+00
   -4.92053804e-01 
   -1.17399646e+00   4.54884569e+00  -1.38110407e+00  -2.56753609e+00
   -2.15742622e+00  -1.20610794e+00  -1.16687862e+00  -7.91508158e-02
    1.07710706e+00  -2.37515508e+00  -2.68796848e+00   3.79667131e-01
   -6.45053833e-01   1.35246608e+00  -2.62062429e-01   1.66102093e+00
   -7.12659065e-01  -5.74237541e-01  -1.14016178e-02  -8.60076839e-01
    7.85784004e-01   1.81558698e+00  -6.74942154e-01   9.87844086e-01
    5.15228851e-01  -1.62408939e+00  -1.49410831e+00  -3.19998416e-03
    1.11124531e+00  -9.07447605e-01   1.78996355e+00   1.27665503e+00
   -6.38010801e-01 
   -4.30945756e-01  -9.71809781e-01  -2.53052360e+00  -2.10288978e+00
   -2.12880939e+00   9.48105066e-01  -5.10509681e-02  -1.65590982e-01
   -7.03386830e-01   3.59219714e+00   1.00661478e-01   2.22376977e+00
   -9.78887722e-01   3.52795138e-01  -5.10353963e-01  -1.32275237e+00
   -1.23128915e-01  -1.10927382e+00  -4.30139080e-01  -1.47984991e+00
    3.26254344e-01  -3.55260743e-01  -8.99156746e-01  -6.83713448e-01
   -9.07790285e-02  -2.02048286e-01  -1.89334390e+00   5.07166293e-01
    1.61951276e+00  -1.24696726e+00   2.07512753e+00  -4.36312770e-01
   -2.03014799e-01 
   -2.47871469e-01  -7.87689472e-01   5.24240679e-01   1.97306458e+00
   -2.36507734e+00   1.32946377e+00  -2.37490858e-01   1.10962779e+00
    9.64747086e-01  -7.46455308e-01  -9.30567441e-01   1.00594144e-01
   -1.70916298e+00  -7.35163485e-01  -2.69092997e+00   2.16193665e+00
   -3.04777968e+00   4.64725736e-01   1.01923260e+00  -8.34318730e-01
    8.40961442e-01  -5.85714631e-01   1.45968509e+00   3.77118949e-01
    2.60118041e-01  -2.07723726e+00   9.47754225e-01  -1.35630232e+00
    7.86369504e-03  -1.15062990e+00  -9.15023400e-01   7.40738686e-01
   -5.42855589e-01 
   -5.89477346e-01   2.19155912e+00   2.88744554e-01  -1.12273172e+00
   -1.00945473e+00  -1.96803937e-01   9.47373879e-01   1.54925269e+00
   -1.07857183e+00   2.22834307e-01  -1.04343482e+00  -6.62699997e-01
    2.26857228e-01   3.73098682e-01   1.94900424e+00  -1.18890779e+00
    4.45753384e-01   2.34759296e-01  -1.39954183e+00   4.29809244e-01
   -7.96009743e-01   1.00601497e+00  -3.62409425e-01  -3.88782616e-01
    9.41814357e-01  -1.29434641e+00  -3.91799679e-01  -3.83799048e-01
   -2.56814252e+00  -1.59459160e-01  -1.88790738e+00  -2.92806226e+00
   -9.88493044e-01 
   -1.50045549e-01  -1.77984649e+00  -2.42067691e+00   1.99883192e+00
    1.40020076e+00   9.27495501e-01  -3.84917973e-01  -4.72141964e-01
    2.06657796e+00   1.24748487e+00   2.13158610e-01   4.98769964e-01
   -4.23624678e-02   2.51000657e-01  -1.03254764e+00  -5.89962414e-01
   -2.60934905e-01  -1.88159430e+00  -8.84556078e-01   1.68170009e+00
   -4.66059019e-01   7.89883313e-01   4.39955651e-01  -1.53979162e+00
   -5.21752024e-01  -1.57514243e+00  -1.60769510e+00  -6.12340533e-01
    1.15000740e+00  -5.01498997e-01  -8.45080978e-01  -6.64006576e-01
   -1.65030751e-01  