NN 16 32 16   -3.70660803e+00  -7.92802762e-01  -2.50386557e-01   7.48217138e-01
    2.46819660e+00  -9.60838811e-01  -1.99888701e+00  -1.95905205e+00
    3.16803915e+00  -1.20014818e+00  -1.14917642e-01   2.94853540e-01
    9.61152507e-01  -1.47298020e-01   3.28072075e-01  -4.47861544e-01
   -7.75625712e-01 
    7.07862769e-01  -5.43265658e-01  -4.08470217e-01  -2.12378657e-01
    1.05333789e+00  -3.02250220e-01   1.70348210e-01   5.99096911e-01
   -2.61253666e+00   7.07487236e-01   2.15446648e+00  -3.65881374e+00
    7.88301371e-01   7.83650755e-01  -1.94924822e+00   1.35821766e+00
    6.40890808e-01 
   -9.44558775e-01   2.05718929e-01  -2.63722806e+00   8.68432615e-01
    2.49985668e+00  -1.82729154e+00  -6.24834088e-01  -7.75744679e-01
   -1.11036192e+00   5.14015991e-01  -2.07166045e-01   1.60101617e-01
    1.44972761e+00  -7.68955876e-01  -2.65720891e-01   1.97431245e+00
    1.28520976e-01 
    1.65819711e+00  -7.58323968e-01  -1.24692891e+00   1.03779081e+00
    1.83136902e-02  -1.07258474e+00   9.63676050e-01  -4.13636352e-01
   -1.51770544e+00   8.18320821e-01  -1.54269259e+00   1.76484121e+00
    1.76035736e+00  -1.56256399e+00   1.17527308e+00  -1.86694139e+00
   -2.00704188e-01 
   -1.60268426e-01  -1.45510064e+00   1.58340702e+00  -1.01948548e+00
   -9.63772026e-02  -6.00978433e-01   1.10198222e-01  -2.03822049e+00
    1.22406871e+00  -4.96661990e-01   4.00974373e-02   2.00480440e+00
    1.60706093e+00   2.24266093e+00  -7.90981198e-02  -1.40441463e+00
   -6.50535123e-01 
   -3.28854998e-01   1.18621521e+00   1.78396619e+00  -1.24661225e+00
    7.66271561e-01   1.25633055e+00   1.91972794e+00  -3.07554399e-01
    2.32254100e-03  -2.03979249e-01  -2.00788087e+00   4.73327218e-01
   -8.08555248e-01  -1.39756509e+00  -4.22963980e-01  -7.08455185e-02
    6.60460002e-02 
    7.74990605e-01   1.57536723e+00   1.63933781e+00  -1.84295751e+00
    4.66319413e-05   8.25818341e-02  -1.77708937e+00   1.25434839e+00
   -4.91006479e-01   5.92154093e-01   8.42025900e-01   2.90611525e-01
   -1.40924750e-01  -4.00218570e-01  -1.37644831e+00   8.44937334e-01
   -6.44278735e-01 
    8.46108219e-01  -1.32360397e+00   1.11399010e+00  -3.90117315e-01
    5.17153063e-01   4.04610719e+00  -2.06839378e+00  -7.12140447e-02
    2.32330328e+00   2.28714433e+00   4.89815560e-01  -5.33577944e-01
   -5.98114575e-01  -2.62660004e+00  -1.30261091e+00  -6.87819249e-02
   -6.39644757e-01 
    1.14458146e-01   2.59309327e+00  -8.18426533e-01  -1.01037198e+00
    6.69375826e-01  -1.19423662e+00  -1.10634889e+00  -1.49985692e-01
   -1.62680458e+00   2.38592665e+00   1.37228486e+00  -1.16708281e+00
    8.35588084e-01  -1.75711011e+00   1.37733997e+00  -1.57250978e+00
   -1.28844288e-01 
   -1.30835865e+00  -1.04642708e-01  -6.93064131e-01   1.19663679e+00
    1.80034812e+00  -8.86463859e-01   1.20330291e+00  -9.02892503e-01
   -1.03904935e+00   1.11189123e+00   5.35631930e-01   1.96137754e+00
   -2.68033921e+00   5.45759244e-01  -6.14900668e-01  -1.30895973e+00
    3.39639802e-01 
   -4.21094245e-01   4.17379517e-01   4.18826373e-02  -2.80303658e+00
   -2.02896841e+00  -1.46566968e+00   1.66590665e-01   4.02116022e+00
   -1.02605283e+00   6.43980616e-01  -5.39737094e-01   3.04854610e+00
   -9.70596489e-01  -3.11621058e-01  -8.61523945e-02   5.52381237e-02
   -5.76137990e-01 
    2.88462345e+00  -8.85841995e-01   3.13116843e-01   1.89716345e+00
    1.54291087e+00  -5.83343107e-01  -1.33000508e+00   5.93507477e-01
    2.32883489e-01  -1.14138933e+00   4.48649258e-01  -4.21860833e-01
   -2.89174684e+00   4.29826636e-01   1.02037278e+00  -8.69504140e-01
   -1.55796928e-01 
   -2.10457621e-01  -2.07614245e+00   1.37994289e+00   1.69874535e-01
    1.33411368e-02   3.27049285e-01  -3.39846230e+00  -1.67035345e-02
   -1.80610251e+00   9.90858639e-01   2.92786991e+00  -1.45426623e-02
   -3.95756914e-01   1.30076084e+00  -5.99092563e-01  -6.54236600e-01
   -1.23161624e+00 
   -3.93365446e-01   2.54487604e-01  -4.43145336e-01   7.61835829e-02
    2.14745055e+00  -1.94892296e+00   8.49521481e-01   8.65950515e-01
    1.13127423e+00   1.62104892e+00  -2.27778726e+00  -1.71536728e+00
   -9.49952473e-01   4.14168691e-01  -3.66408937e-01  -8.98104909e-02
   -1.06832040e-01 
    1.65205376e+00  -1.88410167e+00   4.68712344e-01   2.81318849e+00
   -2.16575620e+00   7.18566356e-01   4.36028810e-01  -8.96039571e-01
   -1.70080741e+00  -1.56766987e-01  -4.73312083e-01  -2.35136632e-01
    7.14788322e-01   2.33032327e+00  -2.12388036e+00  -1.71895864e-01
    5.61388576e-01 
    1.37311609e+00  -1.03281541e+00  -3.88681708e-01   1.17124433e-01
   -2.06961867e-01  -2.64549735e-01   3.05049673e+00  -2.89680191e+00
   -1.39088628e+00  -9.04315581e-01  -4.64824548e-01  -8.83104558e-01
    1.21260431e+00  -1.92776555e+00   8.41783524e-01   4.75453223e-01
    4.73309000e-01 
    1.46438978e+00   6.87992638e-01  -3.09229737e+00  -4.13852318e+00
    8.94677151e-01   5.10770210e-02   9.21939006e-01   1.46490016e+00
    8.36166553e-01   2.20369144e-01  -8.93731061e-01  -1.16700977e+00
   -3.59150799e-01   1.68750163e+00  -5.77230449e-01   1.05330256e+00
    2.00094279e-01 
   -1.42962484e+00   3.76862949e-01  -2.93647760e-01   2.41337175e-01
    7.20920041e-01  -1.52887664e+00   6.66237278e-02   2.24610783e-01
    1.52442224e+00  -8.80336652e-01   1.08342235e+00   1.14686133e-01
    8.64883720e-01  -1.05696114e+00  -6.81137151e-01   1.15211208e+00
   -6.73875846e-01 
   -9.25837694e-02  -2.37028400e+00   2.22214044e+00  -1.52082668e-01
   -2.33215100e+00   3.18006906e-01  -2.35399417e-01   1.60023088e+00
    2.68752022e-01   1.56973402e+00  -1.66004916e+00  -4.46332202e-01
    6.03209462e-01  -1.11798754e+00   6.42779148e-01   6.53207176e-01
    1.37762873e-01 
   -1.33845765e+00   4.78872999e-01  -9.27485662e-01   2.09804826e+00
   -7.06915251e-01   1.76532806e+00   9.95318603e-01  -1.51611517e+00
   -3.31947599e-01  -1.79643887e+00  -6.95323859e-01   6.01125525e-01
    1.73571035e+00   9.42391346e-02  -2.99513032e-01  -2.24194671e+00
    3.15293710e-01 
    6.22859153e-02   2.54748450e+00   1.15267987e+00  -4.58045722e-01
   -2.20719469e-01  -4.65045938e+00   1.36022508e+00   3.35688455e+00
    1.53389959e+00  -2.18270757e+00   7.23183337e-01  -2.11860983e-01
   -4.03806432e-01  -6.42410892e-01   8.01055618e-01  -2.10154002e-01
   -1.94051375e-01 
   -2.59087560e+00   9.80526322e-01   1.78799533e+00   1.13902214e-01
    1.60494571e+00  -8.58149750e-01  -1.27057783e+00  -3.40002137e-01
    2.37997317e+00  -1.19717961e+00   3.75732824e-01  -1.77660806e+00
    6.41248674e-01   5.41873696e-01  -1.05532020e+00  -3.55920930e-01
    7.04511097e-01 
   -1.76032230e-01  -6.43731315e-01   6.78137861e-01  -8.67514205e-01
    2.29052695e+00  -1.22139173e+00   1.57271206e-01   2.41749045e+00
   -2.54683289e+00  -7.41616023e-01   1.31124370e+00   7.79656691e-01
    4.65588972e-01  -7.28278631e-01  -4.08173154e-01  -1.00889739e+00
   -3.04677595e-01 
   -2.02298754e+00   1.66784034e-01  -1.43788315e+00   2.02294097e+00
   -9.14659600e-01   1.11099026e+00   7.61540284e-01  -6.90212299e-01
    1.03438375e+00   1.53690797e+00   1.55809057e+00  -1.78763075e+00
    8.37873726e-01  -1.34234041e+00   5.73748348e-01  -2.63227068e-01
   -6.34183854e-01 
    1.84833809e+00   1.60726728e+00  -1.93391785e+00  -1.06840983e+00
   -3.63215041e+00  -1.31697385e+00   1.03797005e+00   3.91727170e-01
    1.27158247e+00  -2.46576799e+00   1.88079704e+00  -1.31602953e-01
    5.54446431e-01  -3.76499402e-01  -7.94696059e-01   8.94976076e-02
   -1.84671912e-01 
    1.78043661e+00   1.58497711e-01  -1.75647046e+00  -2.58758081e-01
   -1.00300272e+00  -5.35044783e-01   2.79880714e+00  -3.04476801e+00
   -1.83042016e-01  -2.06550027e-01   1.73958421e-01   9.66604475e-01
   -2.63766307e-01   1.28652265e+00   7.62023151e-01   1.07515421e+00
   -5.87406718e-01 
   -5.69099111e-01  -5.08662082e-01   1.93364026e+00  -2.30426616e-01
    1.65632720e+00   1.78526270e+00  -3.28136908e+00   4.25712951e-01
    2.87004791e-01  -8.68122704e-01  -3.14982831e+00   1.24264851e-01
    1.92624995e+00  -1.38984508e+00  -5.24163864e-02   3.04613165e+00
   -2.40973906e-01 
   -8.31362320e-01   2.70265645e+00   1.18646555e+00   3.76992905e-02
   -1.29465473e+00   1.95596469e+00  -5.47965629e-01  -1.54012120e-01
   -9.73602241e-01  -2.11539395e+00  -2.55855822e-01  -1.98915392e-01
   -9.51395636e-01   5.33440180e-01  -1.18900806e-01   7.22411696e-01
   -5.67531722e-01 
   -2.41160335e-01  -1.06858551e+00  -1.25081499e+00   1.06532595e-01
    3.51214512e-02   2.62244578e+00  -8.22335961e-01   9.02540840e-01
    3.88889421e-01  -2.48005998e+00   1.31173061e+00  -3.00630165e-01
   -1.36884686e+00   1.60066518e-02   3.08404283e+00  -1.44956476e+00
    6.64668872e-01 
   -3.19219752e-01   2.26140244e+00   3.08726050e-01  -8.01999166e-01
    8.38763220e-01  -1.55670700e+00  -2.42390695e+00  -1.31453782e+00
   -4.26992137e-01  -8.43790727e-01  -1.09066319e-01   9.31796014e-01
    7.86776880e-01   4.75983850e-01   1.39006448e-01   1.02253227e+00
   -4.61288458e-02 
   -9.72944782e-01   2.07274206e-01   2.70109559e+00   1.59102588e+00
    1.00805879e+00   2.73072975e-01  -2.03873060e+00  -1.16104739e+00
   -7.72950027e-01   7.17938732e-01  -1.98643733e+00  -1.49591673e+00
   -1.70956420e+00   1.52081155e+00   1.63821159e+00   1.12050184e+00
    2.52265793e-01 
    1.45852283e+00   8.73118989e-01  -9.51246615e-01  -4.14239525e-01
   -8.71636304e-01  -3.15764987e-01  -4.65931416e-01  -5.46415961e-01
    1.71164681e+00   1.57397819e+00  -2.30275432e+00  -1.96669307e+00
   -4.97214294e-01  -1.69121751e+00   2.40260675e+00   7.70254246e-01
   -5.53472531e-01     3.48946446 -0.93747293  0.32969886 -2.04786805 -0.96072089  1.24225458
  -0.69388925 -0.93813304  0.56705868  0.74865522  0.14665315 -3.10171458
  -0.87179028  0.34631971  0.88839533 -1.67469314 -0.11697563  0.17031631
   0.191961    0.1773697  -0.17481252  1.88011926  0.58151588  2.16368469
  -1.5932126  -0.91763293  0.48819617 -0.19060321 -0.09458326 -0.37540913
   0.17441648 -1.31327121 -0.14833075 
   0.65559083  0.48758147 -0.37948451 -0.22946537  0.95008996 -0.22595233
  -1.45644874  0.88889196 -2.18821484 -0.27036196 -0.91955656 -0.03323093
   1.17306007 -0.29779301  1.65997927  0.08755182  0.04946352 -0.96435426
   2.04967124 -2.03774143 -1.515901    0.24235659  0.41514969  0.03923166
  -1.31639552  0.68625478  0.7245588  -4.16717633  1.37061027 -1.80597416
   0.019077   -1.32224973  0.13700184 
   0.59235017 -0.07176836  2.72045397  1.01976893 -1.80488869 -1.76381835
  -0.9354537  -0.91509707  1.45694098  1.11960153  0.45168512  0.46069881
  -2.05748904 -0.05002092 -0.43383833 -1.25750246  2.19591135 -0.07548493
  -1.48056412  1.12622849 -1.41626437 -2.6484013  -1.21677092  1.22861424
   1.21179671  0.80042816 -2.40867479 -0.57278106  2.03773493 -0.23896301
  -2.36663937  0.79045057 -0.41506069 
  -1.48024517  0.43711877 -1.444373   -1.01022071  1.82595495  1.39141678
   1.28478887  0.27748828  0.53120225 -0.90139837  2.72223458 -2.01155136
   0.48958669 -0.89668166 -3.23836445  0.13232777  3.84782207 -0.09548059
   0.26147557 -2.14247851 -0.91986257  0.72906903  0.82159323 -2.81186844
   0.60215375  0.59467688 -0.0650142   0.20697716 -0.34798464  0.27180317
  -1.66741177 -0.58659593 -0.08931662 
  -1.81940735 -1.26686873 -2.24634429 -0.57097473  0.1904093  -0.27782161
   0.04141637 -1.17016618 -0.32750413 -2.77084001  1.46926598 -0.55875975
  -0.08543127 -2.43587467  2.69808802 -1.72959218 -0.21035032 -1.44941515
   2.4621783  -0.21551861  1.2539507  -1.32788798 -3.17831267  2.06410219
   2.04389314  1.37149179 -1.53230525 -0.21529689 -0.56430338 -0.28550122
  -1.20578065  1.56350612 -0.24018382 
  -1.28746809 -0.2723852   0.61491167  0.52053112  1.09328431 -0.65700942
  -0.48459065 -3.67703958  1.01505015  0.01115112 -0.25767408  0.30656462
  -1.00910257  1.93702001 -0.76484313 -1.9891202  -1.45564528  0.55273026
  -0.10649747 -2.52020007  4.47421605  0.44315833 -0.07936133 -0.04144276
   0.27959103  0.57135874 -1.44763531 -1.59901021 -3.73359051  0.75498552
  -0.19597222  0.33240136 -0.02896151 
   0.70138053 -1.0397593   0.12693628 -1.09162975 -0.22312198 -2.24158977
   1.10428752  0.85336684  0.47909306 -2.11907747 -0.714811    2.56912483
   3.05726716 -1.68200355 -1.14706199 -3.87695195 -1.07444276  0.17836604
  -0.17517532 -0.37873274 -0.77792694 -0.24280362 -0.37710095 -0.56028287
  -1.42061852 -1.72415707  1.11208926  0.24755059  0.41706169  2.73618931
   0.75362317  0.36052456 -0.35912839 
   0.21647905 -0.67370499  2.12986086 -0.67976286  1.59608842 -0.18493286
  -0.85729957 -0.21069555 -0.17272046  0.50618264 -4.24656281  0.15245859
   0.1094575  -1.7536211  -0.3993859   2.1369437  -2.42581391 -0.53226204
  -2.3576546  -0.4490122  -2.43013319 -0.15385762 -2.7571616   0.21969269
  -0.49825326  3.37596166  0.51887306  0.6296435  -1.43461004  0.8911091
   1.16492856 -0.19290479 -0.91724799 
  -2.06176425  2.37513239  1.15586722  1.36599167 -1.96841074 -0.28335525
   1.2464815  -2.31950124  2.18076772  0.36229924  0.72919999 -1.46468873
   1.17428013 -1.51890009  2.00105289  1.25759721 -0.81477277 -2.28244855
  -0.34095017  0.58215994 -1.41577319 -1.7128865   2.12745685 -1.327755
  -1.7817042  -0.43345407  0.03941628  0.5628507  -1.30408469 -0.08278382
   1.54262129 -1.86230578 -0.48294828 
   1.00652555 -0.90977986 -0.81735525 -1.31905307 -0.15131252  0.20972971
  -0.93027412 -2.39037801 -2.37047035 -2.5889978  -1.8402668   1.7171571
  -2.48252595 -1.39395884  0.13591439  0.16861165  0.58279527  0.03632205
  -2.14847058  1.74796122  1.2914774   1.25780842  0.56751473 -2.55370555
   2.70594308 -0.69852639  1.93677865  0.4171254   2.36933301  0.38914495
   0.00995543 -1.75998312 -0.29624812 
  -0.13686581 -2.75269293  0.35550767  0.82970476 -0.62230195  1.21465235
  -1.14027547 -2.29281013 -1.61092676 -0.08422141  1.13117276  0.0947425
  -2.66060553  1.85793761 -0.39985277  0.22800496  0.54681203 -1.21518166
   0.95173683  1.62273405 -0.72499352 -1.26771077 -1.38500669 -2.69428676
  -1.67373819 -1.58949891  3.36359165  1.01549263 -1.2056475  -0.35440622
   1.52810825  2.50666661 -0.47522371 
  -1.27748853  4.27843462 -1.32959937 -2.5496412  -2.05662122 -1.25722576
  -1.12899463  0.01747349  1.03686034 -2.30643589 -2.60354819  0.30169972
  -0.67717873  1.23483358 -0.14818714  1.60730613 -0.74934802 -0.5413394
  -0.03932449 -0.89985972  0.76737679  1.77669025 -0.58128669  0.89617652
   0.64634029 -1.68364717 -1.50622738 -0.04624977  1.1241199  -0.88239694
   1.53798726  1.07573494 -0.62285461 
  -0.43585883 -0.952821   -2.53828699 -2.04970193 -2.01994314  0.91694938
   0.01372073 -0.17571403 -0.65397757  3.36698573  0.06219271  2.1386322
  -1.0051108   0.26677229 -0.46248175 -1.30044764 -0.07695425 -1.10291202
  -0.39327862 -1.42260233  0.34712489 -0.38414109 -0.8916308  -0.70473367
  -0.01768449 -0.18115389 -1.8018865   0.47375021  1.54927539 -1.20357789
   1.97163657 -0.4447549  -0.20599457 
  -0.28773689 -0.80254634  0.54463846  1.91763837 -2.25502152  1.24763514
  -0.20515281  1.00526345  0.94079086 -0.74096423 -0.87333136  0.0664343
  -1.66733455 -0.7142284  -2.55985945  2.02916568 -2.91637521  0.40356332
   1.01645243 -0.83150872  0.78462839 -0.60807857  1.3992405   0.34936822
   0.31612504 -2.04316415  0.92657041 -1.30727797  0.05285528 -1.06448382
  -0.87956285  0.71885899 -0.48002885 
  -0.58073189  2.06344952  0.29812913 -1.09155199 -0.96350133 -0.16365729
   0.96819781  1.48413542 -0.95437629  0.22625839 -0.94898065 -0.67395078
   0.2236714   0.42720501  1.85969788 -1.11346226  0.48423107  0.28824581
  -1.26601362  0.43017039 -0.6681477   1.01505112 -0.28413061 -0.29991096
   0.9288525  -1.25083822 -0.40706208 -0.33350434 -2.3587406  -0.11333465
  -1.77002006 -2.80706479 -0.87872174 
  -0.19564068 -1.71105882 -2.31015888  1.84481602  1.34753571  0.90157505
  -0.45317249 -0.46900296  1.87569566  1.24044914  0.16750146  0.42399556
  -0.15093486  0.2451583  -1.02843623 -0.47669269 -0.22034009 -1.76994606
  -0.90156831  1.61197408 -0.49160762  0.7421606   0.34211955 -1.47864296
  -0.51588532 -1.4924134  -1.61195124 -0.54996865  1.1061878  -0.50600437
  -0.86534508 -0.6122423  -0.18552119  