NN 16 32 16  -2.40440518 -0.34766954 -0.53262478  0.73892679  0.66147522 -0.22685466
  -0.5148566  -0.51436665  1.3096582  -1.02243438  0.16566911  0.85626408
   0.52908177 -0.03390405  0.02943748 -0.10792418 -0.53659566 
   0.20505165  0.06332035 -0.45485307 -0.69702507  0.71355569 -0.17893826
  -0.14929856  0.58849288 -1.50465451  0.42771801  1.24214949 -2.42655854
   0.38211744  0.59799325 -0.65658073  0.65744998  0.50437757 
  -0.05368747  0.21162713 -1.66263783  1.20688695  1.42161231 -1.01801488
  -0.62112187 -1.21702721 -0.71812398  0.18308358  0.011798    0.19814329
   1.49453563 -0.77196883 -0.03660935  0.59525029  0.33280209 
   1.21220115 -0.64009938 -0.54449942  0.5890575  -0.33068975 -0.83195438
   1.04642668 -0.01005077 -0.76270596  0.83965104 -0.76808538  1.31163085
   1.05916733 -1.46363929  0.63684963 -0.83310978 -0.434015   
  -0.19143242 -0.93806695  1.08193626 -0.89064423 -0.49633986 -0.83861289
  -0.08418831 -1.31340814  1.31373812  0.17530568 -0.19550749  1.33322765
   1.07575854  1.24231615  0.17008993 -0.94128052 -0.6802798  
  -0.11600032  0.35421864  0.62808843 -0.71350585 -0.03605743  0.84824832
   0.70575309  0.17080842 -0.06623072 -0.24742198 -0.56197957  0.74507364
  -0.52806376 -0.88744853 -0.15062573  0.04267776 -0.25404616 
   0.25316203  1.13266297  1.1091152  -1.16571768 -0.32147288 -0.07615076
  -1.34542039  0.69258471 -0.60403402  0.27570409  0.61647865  0.58545789
  -0.24352115 -0.13638092 -0.71850783  0.5642842  -0.42434051 
   0.23934262 -1.10035046  0.62027707 -0.32924775  0.53212199  2.36704693
  -1.15457729 -0.26283619  1.44015734  1.62898068  0.92297395 -0.92428767
  -0.52779747 -1.29755517 -0.88974321 -0.20175575 -0.78163536 
   0.12079777  1.6918028  -1.0572716  -0.18588136  0.60981498 -0.80263099
   0.11752113 -0.09870316 -1.11043112  1.73104235  0.90657899 -0.74296985
   0.23142633 -1.06958351  0.4039565  -0.38732458 -0.06376584 
  -1.33318576  0.46280425 -0.87252495  0.7777694   1.56387565 -0.37588792
   1.43407642 -0.31220991 -0.45711309  1.19392195  0.1401841   1.20199137
  -1.70550127  0.08452102  0.01744422 -0.72105336 -0.02847559 
  -0.39021804  0.66358549 -0.24336209 -2.0359842  -1.55797792 -0.65211111
   0.27898846  2.58744569 -0.46432471  0.93995433 -0.90319539  1.36505458
  -0.50542848  0.06312135  0.0813525   0.01853073 -0.59910852 
   1.57316034 -1.01919237  0.69661542  1.53148128  0.84234723  0.16228301
  -1.25731868  0.01674014  0.66764226 -0.50971992 -0.5669925  -0.19811215
  -1.7828298   0.11492545  0.32516456 -0.39792914 -0.03395712 
   0.28510117 -1.22071739  0.83121734 -0.53580794  0.48283851 -0.03892934
  -2.60125914  0.3236939  -1.22627638  0.83425243  2.01008514  0.34032511
  -0.1274697   0.89184051 -0.37163705 -0.26856491 -0.68939939 
   0.08479053 -0.29376521 -0.729946    0.35899422  1.74640401 -1.38203644
   0.89845699  0.1433257   0.82603014  1.27762013 -1.71372282 -1.45571536
  -0.15561118  0.51910859 -0.05962634 -0.12323464 -0.04274174 
   0.25887774 -1.88007879 -0.16439622  2.0219407  -1.69218985  0.74662352
  -0.04690202 -0.0575376  -1.25704062  0.23751678 -0.03016012 -0.59771033
   0.48968197  1.68512636 -0.83710204  0.1506705   0.62578126 
   1.02986868 -0.68428962  0.04963569 -0.02414705 -0.00935093  0.66479912
   2.45436489 -2.12279332 -1.19011979 -0.08407228 -0.20413474 -0.56889201
   1.40908631 -1.18230838  0.41523233 -0.07867682  0.43515462 
   1.13429251  0.30926877 -2.00337081 -2.77704565  0.28247835  0.29136735
   0.71626312  1.29249087  0.48304683 -0.48704766 -0.70646887 -0.05066171
  -0.22302867  1.71769911 -0.46495569  0.43463073 -0.05353977 
  -0.94622974  0.02063669  0.15467982  0.09125292  0.82945913 -0.73572447
  -0.4446385   0.01487879  1.19389071 -0.47197841  0.60690087 -0.25166566
   0.46465174 -0.46974237 -0.24411318  0.31084479 -0.44165582 
   0.18844208 -1.45912827  0.88412619 -0.64571425 -1.73505894  0.61001578
   0.47257451  1.17333     0.57745403  1.40267534 -1.459254   -0.58419743
   0.09011287 -0.80496605  0.49674465  0.30163121  0.11728034 
  -0.89083581  0.50891458 -0.89091011  1.3087359  -0.23926025  1.74252232
  -0.21984789 -0.67481095 -0.28646004 -1.48186656 -0.61132526  0.42854269
   1.16261487  0.56607237 -0.08585444 -0.6043438   0.4555598  
   0.417252    1.90535226  1.01713553  0.14223197 -0.76948185 -2.83841915
   0.67477566  2.22580246  1.19914088 -0.88709929  0.45640274 -0.86265364
  -0.66594719 -0.19998975  0.41536    -0.04054162 -0.12411311 
  -2.06039474  0.43543315  1.32795782 -0.74824268  1.07001881 -0.6645251
  -0.20748031 -0.38346161  1.28265305 -1.03070958  0.21127169 -1.43820453
   0.29914876  0.56898659 -0.65755959 -0.05711547  0.54990431 
  -0.57898183 -0.36769117  0.7038519  -0.89566738  1.69505618 -1.24291377
   0.21790917  1.56592938 -1.61005912 -0.72434799  0.86662246  0.39985345
   0.73501435 -0.51688401 -0.24768848 -0.07907653 -0.31462612 
  -1.36134462 -0.19383716 -0.92497742  1.77711201 -0.9075027   0.6558182
   0.1183365  -0.72256259  1.6539784   1.5085848   0.94735468 -1.32001558
   0.26401702 -0.74734193  0.37640869 -0.3231592  -0.37088064 
   1.56739802  1.23319307 -1.16437018 -0.12846354 -1.84799377 -0.38445453
   0.91352119  0.15580544  0.76981817 -1.99094657  1.73796172 -0.38863876
  -0.06532735 -0.11855044 -0.24916329 -0.16465263 -0.19565907 
   1.10577122 -0.07996481 -1.18485619 -0.33340654 -1.23239575 -0.32735141
   1.45115305 -2.27222306  0.14642444 -0.38886065  0.84260619  1.12251555
   0.03307524  0.92050795  0.6267685  -0.11661447 -0.57672932 
  -0.56336325 -0.72498283  1.62104262 -0.1210082   1.0920861   1.04340521
  -1.31393356 -0.53201785  0.09660189 -0.58668092 -1.95974239  0.93506258
   1.27548474 -0.57275878  0.24260771  1.22394148 -0.03375382 
  -0.47577187  1.93801918  1.18377412  0.05925038 -0.1038122   1.47880423
  -0.71384501 -0.40034939 -0.87879771 -0.34726198 -0.45332949 -0.3188606
  -0.63523822  0.49696531 -0.09487907  0.33418313 -0.3101837  
   0.01260531 -1.29741158 -0.6206871   0.12484326  0.85518812  2.18205041
  -0.67965852  0.75255042  0.57853489 -1.30063049  0.79498603 -0.30095266
  -0.9951291   0.17365666  0.99496087 -0.87750843  0.11493848 
  -0.09183878  1.26689711  0.60401609 -0.50757727  0.30944258 -0.92789009
  -1.90401416 -1.64488234  0.1244957  -0.44708596  0.24668736  0.43345723
   0.56271921  0.30595708 -0.23281104  0.50232062  0.22982972 
  -1.24729037 -0.04612616  2.15761885  1.22906937  0.54791699  0.41044656
  -0.78698624 -0.79768934 -0.29735285  0.46304804 -1.23920493 -0.67374251
  -0.96711109  0.66315518  0.5615732   0.38037244  0.21250832 
   1.1837171   0.89003756 -0.73969068 -0.30301414 -0.58270674  0.00766492
  -0.82563026 -0.15461972  1.12992094  0.9539292  -1.411494   -1.01106745
  -0.16377983 -0.93790631  1.35249858  0.06847487 -0.3623269       2.41879482e+00  -4.05829780e-01  -2.71476523e-01  -1.72049623e+00
   -2.78334653e-01   2.90413766e-01  -2.81929078e-01  -6.74584692e-01
    2.13087841e-01   1.33035675e+00   3.53055591e-01  -2.18879851e+00
   -8.13929154e-01   2.69477436e-01   2.23326868e-01  -1.37657971e+00
   -6.24880603e-01   4.22092550e-01  -1.08328829e-01   8.61360372e-01
   -5.12520234e-01   2.48048267e+00   5.59296548e-01   1.54450645e+00
   -2.41098953e+00  -9.54445521e-01   5.59942313e-01  -8.47206425e-02
   -4.21350579e-01  -1.32753029e-01   1.00002184e+00  -1.57793040e+00
   -2.65907816e-01 
    4.37187807e-01   7.26520854e-02  -4.04311521e-01   5.33707368e-01
    7.51281382e-01  -3.18671852e-01  -1.34197728e+00   7.55472795e-01
   -1.87150246e+00  -7.40999311e-01  -9.78174671e-01   5.07275788e-01
    1.74115629e+00   4.26095810e-01   1.72669027e+00   4.21727641e-01
   -3.36118789e-01  -6.75810869e-01   1.76948455e+00  -1.22652333e+00
   -1.92905928e+00   9.50397600e-02  -4.60919653e-02   3.66091777e-01
   -1.76099984e+00  -9.79516455e-02   8.73694365e-01  -2.69306029e+00
    1.25641885e+00  -1.46788381e+00  -1.64512012e-01  -1.13403533e+00
   -7.66166854e-02 
    8.36960343e-01   4.06329565e-01   2.11880246e+00   2.53671559e-01
   -1.80885373e+00  -5.02746801e-01  -1.19125989e+00  -9.83996623e-01
    1.28518825e+00   1.14104611e+00  -5.73028986e-02  -5.54917460e-01
   -1.11885319e+00   6.14729650e-01   4.70252529e-02  -9.28643351e-01
    2.19816158e+00  -4.55979228e-01  -1.09756212e+00   9.57787402e-01
   -1.26077961e+00  -1.48197830e+00  -6.28923777e-01   1.13290668e+00
    1.15996873e+00   1.50705832e+00  -1.88855273e+00  -9.73703611e-01
    1.30053241e+00  -6.14244309e-01  -2.65707991e+00   6.46395105e-01
   -4.54013806e-01 
   -6.95329303e-01   8.32696415e-01  -1.13017570e+00  -7.66227655e-01
    9.05556051e-01   9.93654497e-01   1.13584632e+00   2.54747996e-01
    2.35386672e-01  -7.95126939e-01   1.81073196e+00  -2.05017640e+00
    8.57602890e-01  -7.23212268e-01  -2.64273313e+00   1.22046164e-01
    3.08008047e+00  -4.01138679e-01   1.23527151e+00  -1.67261231e+00
   -1.20843726e+00   8.07804716e-01   9.99382902e-01  -2.36444961e+00
   -2.75791007e-02   4.07050835e-01   5.42286515e-01  -1.03660225e-01
   -3.58535946e-01   4.07846739e-01  -1.53592547e+00  -1.95168542e-01
   -6.29893350e-02 
   -7.18224425e-01  -8.61028824e-01  -1.50425296e+00   1.70768920e-01
    2.76067021e-01  -1.78529616e-03   5.38398477e-01  -5.70307329e-01
   -5.42893512e-01  -2.20266751e+00   1.27411159e+00  -3.52361385e-01
   -4.14853236e-01  -2.13855984e+00   2.22509315e+00  -4.50081716e-01
    2.07461607e-01  -1.34799106e+00   2.53139456e+00   7.65186099e-02
    1.59149226e+00  -9.63862906e-01  -2.41289245e+00   1.84920048e+00
    1.48001419e+00   1.43026680e+00  -1.21986855e+00  -4.00573279e-01
   -1.06754421e+00  -6.06097647e-01  -5.32727835e-01   6.19263974e-01
    7.07311678e-02 
    7.70307387e-02   8.09123148e-02   7.46774266e-01   1.03758768e+00
    7.46982564e-01  -3.85548044e-01  -2.16751886e-01  -2.76973933e+00
    7.16937413e-01   1.47860163e-02   4.26822358e-02  -2.32796542e-01
   -4.03644612e-01   1.80884396e+00  -9.50353486e-01  -1.14519602e+00
   -7.11262026e-01   1.42898559e-01  -4.48226522e-01  -2.22281837e+00
    3.82888310e+00   5.42825589e-01   8.78784191e-01  -5.00945569e-02
   -2.61985798e-01   3.48917297e-01  -1.40993646e+00  -1.25913723e+00
   -2.77286038e+00   6.81201400e-01  -5.12019284e-01  -8.72987902e-02
    1.33166538e-01 
    3.17898085e-01  -7.88138545e-02   9.06634405e-01  -1.26471875e+00
   -5.55395958e-01  -7.86431980e-01   1.41518188e+00   7.16276367e-01
   -1.35796524e-01  -2.23951779e+00  -3.62725393e-01   1.43184731e+00
    3.11967841e+00  -1.11472875e+00  -5.88172518e-01  -3.20866858e+00
   -8.44261238e-01  -4.89217745e-02  -6.78757902e-01   5.64336863e-01
   -8.47596075e-01  -2.82179159e-02  -2.27088826e-01  -5.46982000e-01
   -1.48231729e+00  -1.50580608e+00   8.61078366e-01   7.05783252e-01
   -2.70608698e-01   2.43365771e+00   6.13024209e-02   5.17051995e-01
   -1.93663894e-01 
    1.43448681e-02  -7.20827685e-01   1.67074343e+00  -4.70283200e-01
    9.87112964e-01   1.17818964e-01  -7.58135704e-01   2.78591260e-01
    2.75455182e-01   1.64488032e-01  -3.29609936e+00  -2.68914630e-01
   -5.80055579e-01  -4.78814946e-01  -4.86643187e-01   2.10611751e+00
   -1.57091119e+00  -6.16700981e-01  -1.81986005e+00   2.67887020e-01
   -2.27507586e+00  -2.90551268e-02  -2.37351263e+00   2.69113067e-01
   -1.36497583e-01   2.24575171e+00   7.06071858e-01   6.32690119e-01
   -1.47005636e+00   1.53903322e+00   4.61490446e-01  -3.17862561e-01
   -2.25420734e-01 
   -1.22825605e+00   1.59565325e+00   9.47502812e-01   7.65803118e-01
   -1.75692308e+00  -1.17166229e-01   7.88175443e-01  -1.98993934e+00
    1.40123172e+00   1.40411290e-01   1.78515069e-01  -1.28332907e+00
    6.80312159e-01  -1.17225707e+00   1.65384816e+00   1.44397683e+00
   -9.83309490e-01  -1.39740109e+00  -5.61762429e-01   5.57505341e-01
   -1.17772743e+00  -1.17191850e+00   1.71362556e+00  -1.70126171e+00
   -8.47387335e-01  -6.28754788e-01  -9.99420072e-03   6.51684113e-01
   -8.16223696e-01  -2.86333845e-01   8.25745887e-01  -1.41639668e+00
   -5.21646868e-01 
    6.71747802e-01  -3.90978608e-01  -4.01783037e-01  -9.58949256e-01
   -1.27018487e-01  -7.98413514e-02  -5.97361794e-01  -2.06665233e+00
   -1.78531510e+00  -1.62366357e+00  -1.50677894e+00   8.80152939e-01
   -1.43150934e+00  -1.37497193e+00   9.22515433e-03  -1.21266427e-01
    6.75436232e-01   1.04165140e-01  -1.74793063e+00   1.59925280e+00
    8.60437551e-01   1.03400695e+00   8.23252807e-01  -2.03521759e+00
    2.27259522e+00  -4.53215912e-02   9.47095894e-01  -1.41009880e-01
    1.64681457e+00   2.06573728e-01  -1.99488311e-02  -1.20862982e+00
    8.33851746e-02 
   -7.20198171e-01  -1.65808960e+00   1.65941879e-01   6.17738489e-01
   -5.36018345e-01   6.06667280e-01  -7.81413334e-01  -2.03644030e+00
   -8.73530505e-01  -3.75286315e-02   8.86271207e-01   6.80937391e-01
   -2.35477234e+00   1.62983667e+00  -2.69057944e-01   1.96602609e-01
    8.33788349e-01  -9.42505621e-01   5.47303977e-01   1.26734083e+00
   -5.53933694e-01  -8.07066251e-01  -9.46299310e-01  -2.06621825e+00
   -1.65248412e+00  -1.44724369e+00   2.31527778e+00   5.20929281e-01
   -7.33888096e-01  -6.07101058e-01   9.22310692e-01   1.71407355e+00
   -1.34803684e-01 
   -1.34933948e+00   2.87296905e+00  -7.58701399e-01  -2.13570417e+00
   -1.59069397e+00  -5.64141735e-01  -7.98726908e-01   4.56337451e-01
    9.05772370e-01  -1.75499767e+00  -1.95910130e+00  -8.27640555e-02
   -8.55543948e-01   1.41241390e+00   3.22830279e-01   1.12424955e+00
   -6.18525568e-01  -4.29829561e-01  -1.55554391e-02  -4.57859827e-01
    7.31932624e-01   1.62397828e+00  -3.36139151e-01   6.10446626e-01
    9.12627242e-01  -1.84017102e+00  -8.76959000e-01   1.56233088e-01
    5.12002476e-01  -5.34195142e-01   7.37797450e-01   9.52650022e-01
   -2.52956130e-01 
   -4.17697322e-01  -3.58732007e-01  -2.05296809e+00  -1.45746945e+00
   -1.59089455e+00   5.88052211e-01   3.34253713e-01  -1.31831703e-01
   -1.23870265e-01   1.90914391e+00   2.01559939e-02   1.55010915e+00
   -9.98528302e-01  -1.84803821e-02  -3.51611247e-02  -1.07084176e+00
   -7.66365723e-02  -7.90095407e-01  -3.65018644e-02  -7.68398698e-01
    6.96776985e-01  -3.80624057e-01  -5.37859894e-01  -4.49760987e-01
    5.11404267e-02  -4.91736710e-01  -1.14788024e+00   3.53335661e-01
    1.15470939e+00  -9.84727558e-01   1.35957116e+00  -3.72200571e-01
   -5.29558384e-02 
   -2.93806213e-01  -6.10148116e-01   5.35489821e-01   1.30681078e+00
   -1.67999241e+00   8.27168238e-01  -2.63279009e-01   4.55995444e-01
    6.77825312e-01  -4.82762145e-01  -9.21908498e-01   8.88591544e-02
   -1.44971345e+00  -2.80327184e-01  -1.90076509e+00   1.39459007e+00
   -2.06392408e+00   8.25853971e-02   5.82671939e-01  -5.14901119e-01
    4.92914183e-01  -5.65088057e-01   8.84491964e-01   8.16705345e-02
    2.80236149e-01  -1.64942450e+00   7.98431336e-01  -9.55146675e-01
    2.66583002e-01  -6.55677831e-01  -4.99569021e-01   4.76824346e-01
   -2.74315261e-01 
   -5.29303741e-01   1.08636890e+00   7.92293907e-02  -8.02283232e-01
   -9.22450388e-01  -2.21309483e-01   4.89058705e-01   5.77777020e-01
   -2.05014636e-01   4.06286828e-02  -5.77978865e-01  -4.86616430e-01
    1.33088052e-01   3.02484641e-01   7.05342370e-01  -7.73336142e-01
    4.04019592e-01   1.46928038e-01  -7.33564131e-01   4.37006208e-01
   -8.68802854e-02   6.62399648e-01   2.39001966e-02  -1.11241429e-01
    5.78818815e-01  -1.08906788e+00  -3.40883636e-01  -1.16755348e-01
   -6.09753669e-01   2.39257558e-02  -1.08763428e+00  -1.37095682e+00
   -6.77506691e-01 
   -4.72762407e-01  -6.57200163e-01  -1.06749812e+00   3.94913490e-01
    4.85977254e-01   5.25620976e-01  -2.59503343e-01  -2.81209167e-01
    6.58341439e-01   6.01357661e-01  -1.23484176e-01  -1.17894359e-01
   -5.10090043e-01   1.25053712e-01  -6.60544906e-01   2.84581288e-01
    2.04284897e-01  -9.29436921e-01  -4.24834219e-01   5.31888202e-01
   -6.66339563e-01   1.28964629e-01  -6.84202425e-02  -1.02458354e+00
   -2.10454384e-01  -8.22304377e-01  -9.89468489e-01  -3.63574695e-01
    4.57852603e-01  -3.47493990e-01  -8.46712750e-01  -2.28965446e-01
   -1.06439954e-01  