NN 16 32 16   -3.25687654e+00  -7.83946073e-01  -3.29091082e-01   6.04565787e-01
    1.93594862e+00  -9.51111759e-01  -1.58020123e+00  -1.75604803e+00
    2.72688199e+00  -1.38087773e+00  -1.54304928e-01   4.60870281e-01
    7.24965922e-01  -2.32448256e-01   2.46576795e-01  -4.10808088e-01
   -7.75480806e-01 
    6.14139532e-01  -5.58451240e-01  -3.51441676e-01  -3.08398501e-01
    9.62786315e-01  -2.93697359e-01   1.31285864e-01   4.77600611e-01
   -2.22777963e+00   7.20415656e-01   1.90242157e+00  -3.34008112e+00
    6.28433455e-01   7.31105047e-01  -1.68848367e+00   1.23077239e+00
    5.47475004e-01 
   -7.45037780e-01   1.19533619e-01  -2.55817254e+00   9.89818640e-01
    2.40059067e+00  -1.61725812e+00  -3.77496712e-01  -7.33907362e-01
   -1.01083380e+00   5.89947236e-01   1.28115945e-01   1.64989764e-01
    1.49530919e+00  -7.82996425e-01  -1.06010756e-01   1.80587606e+00
    1.85097386e-01 
    1.47759013e+00  -7.55468791e-01  -1.07362246e+00   7.13198735e-01
    1.36375981e-01  -9.72309406e-01   8.95850519e-01  -2.98025145e-01
   -1.34904938e+00   8.46819949e-01  -1.32306265e+00   1.64221450e+00
    1.67857674e+00  -1.52942658e+00   1.04588143e+00  -1.77904544e+00
   -2.90018072e-01 
   -3.51150973e-01  -1.47407218e+00   1.30970267e+00  -1.05633607e+00
   -3.25504964e-01  -5.83884520e-01  -9.04149565e-02  -1.70832734e+00
    1.29288088e+00  -2.98417612e-01  -1.33931877e-01   1.81801778e+00
    1.56247663e+00   2.05307284e+00   6.16448081e-03  -1.42691615e+00
   -7.20594933e-01 
   -3.96903697e-01   1.27182508e+00   1.44124790e+00  -1.24131914e+00
    6.85070933e-01   1.08341444e+00   1.54443641e+00  -1.75253891e-01
    2.52181091e-02  -2.75018897e-01  -1.68805404e+00   5.29322458e-01
   -7.67535306e-01  -1.30104544e+00  -2.63072322e-01  -1.34132980e-01
   -3.54673608e-03 
    7.72227157e-01   1.38973527e+00   1.29690784e+00  -1.68286333e+00
   -1.24456552e-02  -7.77654590e-02  -1.71406530e+00   1.15094292e+00
   -4.60075275e-01   5.01381529e-01   8.12229289e-01   3.50796425e-01
   -2.46310539e-01  -4.45211818e-01  -1.28957555e+00   7.85321277e-01
   -6.22835988e-01 
    7.36434914e-01  -1.42369182e+00   7.59633391e-01  -2.16867632e-01
    7.19663300e-01   3.66662282e+00  -1.81742339e+00   1.22458260e-01
    2.12818996e+00   2.12644749e+00   5.46630465e-01  -6.11254357e-01
   -6.50936915e-01  -2.43658597e+00  -1.20124398e+00  -4.00908285e-02
   -6.38139625e-01 
    2.85500187e-01   2.41119531e+00  -8.82647206e-01  -7.74647248e-01
    9.12408953e-01  -1.09396898e+00  -1.01496544e+00  -1.18955995e-01
   -1.54058802e+00   2.21068742e+00   1.25432949e+00  -1.11787208e+00
    6.48550996e-01  -1.75914738e+00   1.14223292e+00  -1.43923605e+00
   -1.61428942e-01 
   -1.52195722e+00  -1.86364345e-02  -7.99150428e-01   1.32256248e+00
    1.61088915e+00  -6.70975213e-01   1.25473141e+00  -7.95204693e-01
   -9.13869039e-01   1.15662431e+00   2.99505184e-01   1.89946605e+00
   -2.41166868e+00   5.65900706e-01  -3.39737736e-01  -1.21777431e+00
    3.02525768e-01 
   -4.98876497e-01   3.52410572e-01   4.22083198e-03  -2.58646997e+00
   -1.98708694e+00  -1.33096372e+00   1.80372232e-01   3.79871417e+00
   -9.80807338e-01   5.18868610e-01  -7.86404410e-01   2.48057504e+00
   -8.87589432e-01  -3.50653204e-01  -1.03556558e-01  -3.47930113e-02
   -6.81946561e-01 
    2.49814534e+00  -7.41097744e-01   4.00756588e-01   1.86028149e+00
    1.36862442e+00  -4.67371819e-01  -1.41976594e+00   7.06272305e-01
    1.28644896e-01  -9.96059020e-01   1.69568243e-01  -7.30327389e-01
   -2.72827271e+00   2.76423935e-01   8.14780425e-01  -7.25761395e-01
   -1.27003400e-01 
   -1.24201236e-01  -1.68790587e+00   1.16578361e+00  -2.71279770e-02
   -8.74294077e-02   3.90609359e-01  -3.13810357e+00   3.21756057e-01
   -1.88617594e+00   9.25880755e-01   2.86504929e+00   4.14510285e-01
   -3.77428887e-01   1.16385528e+00  -6.12795921e-01  -5.19167079e-01
   -1.09635492e+00 
   -3.61521487e-01   8.75742867e-02  -4.88707741e-01   1.24950935e-01
    2.08356835e+00  -1.88915624e+00   8.13826490e-01   6.13068285e-01
    9.13305710e-01   1.64187432e+00  -2.10259244e+00  -1.63224184e+00
   -8.40959608e-01   5.17735808e-01  -3.63312366e-01  -2.88730602e-02
   -8.64118495e-02 
    1.21862089e+00  -1.84194219e+00   4.18108741e-01   2.66496594e+00
   -2.15068417e+00   9.48250776e-01   2.84378724e-01  -6.47309892e-01
   -1.68729007e+00  -1.04592026e-01  -4.19459299e-01  -5.32326544e-01
    7.97333407e-01   2.28982443e+00  -1.77794484e+00  -1.12100531e-01
    5.79684160e-01 
    1.23379567e+00  -8.96976991e-01  -6.33098639e-02   3.43789946e-02
   -3.04055548e-01  -1.22274338e-02   3.04056900e+00  -2.74736228e+00
   -1.42289382e+00  -7.44660859e-01  -4.08376009e-01  -9.13378810e-01
    1.39539193e+00  -1.70939331e+00   6.87428993e-01   3.20554028e-01
    4.78302942e-01 
    1.53114805e+00   5.75918532e-01  -2.99003888e+00  -3.77637759e+00
    7.16309252e-01   3.51165138e-02   1.02009904e+00   1.52070349e+00
    6.66661996e-01   1.29332099e-01  -8.39125795e-01  -9.91517719e-01
   -2.67782172e-01   1.77718775e+00  -4.92450825e-01   9.64476547e-01
    1.53882262e-01 
   -1.35141220e+00   3.89291792e-01  -1.38138639e-01   1.13819401e-01
    6.88789309e-01  -1.21797719e+00   1.71991656e-01   8.25133645e-02
    1.39961353e+00  -7.89936590e-01   1.00128916e+00  -1.31934305e-02
    7.80395839e-01  -8.97256880e-01  -5.23688688e-01   1.08570784e+00
   -5.55540645e-01 
   -1.23435477e-01  -2.02863253e+00   1.95492717e+00   2.66892252e-02
   -2.18611364e+00   4.67005958e-01  -1.69938145e-01   1.43165141e+00
    3.30313007e-01   1.64215784e+00  -1.85932921e+00  -5.47772812e-01
    6.25774676e-01  -1.08878195e+00   6.02390579e-01   6.26667164e-01
    1.37602473e-01 
   -1.31031888e+00   5.20489374e-01  -7.94592973e-01   1.94681311e+00
   -8.08879813e-01   1.75148225e+00   9.66576868e-01  -1.45280054e+00
   -2.19235694e-01  -1.71630378e+00  -7.30694306e-01   7.64253613e-01
    1.78138621e+00   3.25096739e-01  -1.09799902e-01  -1.80172804e+00
    4.52727995e-01 
    1.71017108e-01   2.37682823e+00   1.14641415e+00  -4.92332002e-01
   -4.33568484e-01  -4.28743883e+00   1.16731818e+00   3.14971958e+00
    1.24706541e+00  -1.82517294e+00   6.63106533e-01  -3.74182816e-01
   -4.91730310e-01  -5.35615958e-01   6.00516135e-01  -1.15066221e-01
   -2.12628154e-01 
   -2.39170350e+00   8.56250924e-01   1.69086316e+00  -4.19895216e-01
    1.57908380e+00  -9.67301287e-01  -6.59922193e-01  -5.42933288e-01
    2.11579137e+00  -1.20046459e+00   1.01178521e-01  -1.69861984e+00
    4.77573670e-01   5.43930260e-01  -1.10803974e+00  -3.72674436e-01
    6.00777364e-01 
   -2.62597423e-01  -4.90624975e-01   4.66852764e-01  -7.91094960e-01
    2.19835173e+00  -1.37806784e+00   1.14071073e-01   2.15604940e+00
   -2.33553722e+00  -7.59923106e-01   1.10225023e+00   7.85794582e-01
    6.00310941e-01  -6.26807032e-01  -2.83777039e-01  -7.07301115e-01
   -2.50666131e-01 
   -1.82028592e+00   3.43767459e-01  -1.43672221e+00   1.86266599e+00
   -9.85989401e-01   9.78119310e-01   7.65104645e-01  -7.56177332e-01
    1.12229078e+00   1.51244525e+00   1.58000965e+00  -1.68249064e+00
    7.21796038e-01  -1.26922419e+00   4.75147962e-01  -1.99912023e-01
   -6.12363374e-01 
    1.56671716e+00   1.54184136e+00  -1.89155221e+00  -7.41894823e-01
   -3.21279859e+00  -9.61181855e-01   1.06027107e+00   6.77539314e-01
    1.37068683e+00  -2.30576410e+00   1.96725751e+00  -2.60153877e-01
    4.16240345e-01  -1.90934095e-01  -7.04678023e-01   8.79597759e-02
   -1.29383126e-01 
    1.54590634e+00   2.25588545e-02  -1.53822136e+00  -2.69630844e-01
   -1.16610183e+00  -4.40186023e-01   2.50366965e+00  -2.88370492e+00
    2.96895784e-02  -2.84749803e-01   3.03087773e-01   9.18669779e-01
   -1.26262460e-01   1.34360399e+00   9.27348156e-01   9.06313597e-01
   -6.01805375e-01 
   -6.96632817e-01  -6.38194079e-01   1.77934784e+00  -1.35088367e-01
    1.23705347e+00   1.61322061e+00  -2.72499236e+00  -5.02411561e-02
    3.34784560e-01  -8.20519977e-01  -2.91372370e+00   2.98491079e-01
    1.59555140e+00  -1.29899300e+00   3.69997812e-02   2.74054493e+00
   -2.22093515e-01 
   -7.44614413e-01   2.43600856e+00   1.21078479e+00  -2.21419858e-02
   -1.16608049e+00   2.07742762e+00  -4.09923549e-01  -2.17819230e-01
   -9.87261500e-01  -1.92824262e+00  -3.61299095e-01  -1.81506514e-01
   -8.79232206e-01   5.44747043e-01  -6.86164988e-02   7.05379675e-01
   -4.55786258e-01 
   -4.32025654e-01  -1.19872810e+00  -1.11265322e+00   2.14554400e-01
    2.86299727e-01   2.27841822e+00  -7.41038722e-01   8.58700939e-01
    3.89132816e-01  -2.33220405e+00   1.21858890e+00  -1.82697434e-01
   -1.39460939e+00   1.43918403e-02   2.60445862e+00  -1.31966199e+00
    5.26005497e-01 
   -2.21851769e-01   1.87065263e+00   4.71144446e-01  -7.50245311e-01
    8.10395283e-01  -1.46333339e+00  -2.10560552e+00  -1.46843492e+00
   -2.15416539e-01  -7.20406131e-01  -1.35569715e-01   9.38188940e-01
    5.72004626e-01   4.14500914e-01   7.24665227e-02   9.93414819e-01
    2.67344479e-02 
   -1.30683821e+00   2.88971882e-01   2.37844128e+00   1.54840985e+00
    1.01435067e+00   3.15142901e-01  -1.75282728e+00  -9.83625999e-01
   -6.43518411e-01   7.45735274e-01  -1.78890853e+00  -1.38337466e+00
   -1.57199736e+00   1.37492148e+00   1.32842496e+00   1.07831085e+00
    3.06779407e-01 
    1.26879658e+00   9.88371712e-01  -9.41191106e-01  -3.98018282e-01
   -7.74793858e-01  -3.93674004e-01  -6.28612621e-01  -4.34586212e-01
    1.47924043e+00   1.40047107e+00  -2.07313271e+00  -1.75814618e+00
   -3.96752199e-01  -1.65372809e+00   2.26662100e+00   6.60185347e-01
   -5.41451401e-01      3.18908762e+00  -9.11542082e-01   2.53282442e-01  -1.90895276e+00
   -8.05400607e-01   9.64161378e-01  -5.60396980e-01  -1.00499831e+00
    5.49851205e-01   9.59904404e-01   3.44373142e-01  -2.81034642e+00
   -8.06824244e-01   2.66453408e-01   7.27350471e-01  -1.58565068e+00
   -4.60265210e-01   1.71127221e-01   7.34343765e-02   4.79619221e-01
   -2.86626258e-01   2.11265256e+00   3.03378693e-01   1.98298733e+00
   -1.71695175e+00  -9.91035554e-01   4.61685266e-01  -1.06987979e-01
   -1.60019715e-01  -4.26478909e-01   3.79077918e-01  -1.58777463e+00
   -3.19218769e-01 
    5.55980452e-01   4.12932236e-01  -4.76690887e-01  -3.39101655e-02
    9.39344446e-01  -3.79646849e-01  -1.39613371e+00   1.02764642e+00
   -2.34719980e+00  -1.46268537e-01  -9.37611566e-01   1.69579254e-01
    1.30948588e+00  -2.58285122e-01   1.83934672e+00   1.04860704e-01
    1.59842328e-01  -8.21021852e-01   1.98369933e+00  -2.02470819e+00
   -1.68039421e+00   1.69497574e-01   2.24218734e-01   2.32566622e-01
   -1.49486843e+00   4.96044234e-01   5.78093383e-01  -3.83547667e+00
    1.30378741e+00  -1.77552307e+00   6.29768509e-02  -1.30687378e+00
    9.87398383e-02 
    7.42817886e-01   1.40401263e-01   2.90712441e+00   7.94816111e-01
   -1.91802131e+00  -1.42123596e+00  -8.52735008e-01  -7.94807609e-01
    1.61409372e+00   1.10262701e+00   4.02572927e-01   2.16664682e-01
   -2.30478625e+00   2.95696867e-03  -3.76342147e-01  -1.18531747e+00
    2.28925170e+00  -1.59786594e-02  -1.45681051e+00   1.15295112e+00
   -1.29547111e+00  -2.33966029e+00  -1.12566371e+00   1.21525929e+00
    1.18678193e+00   9.24946757e-01  -2.08863960e+00  -6.24316843e-01
    1.95289485e+00  -2.63203350e-01  -2.40238930e+00   8.60148532e-01
   -2.62161039e-01 
   -1.28116832e+00   5.70540259e-01  -1.33475386e+00  -9.44220639e-01
    1.62001756e+00   1.28769825e+00   1.34562919e+00   3.51637744e-01
    3.45870925e-01  -8.65466349e-01   2.42674136e+00  -2.23108679e+00
    5.51833140e-01  -1.00370697e+00  -3.21018584e+00   4.79866422e-02
    3.82217019e+00  -1.83898152e-01   4.04065192e-01  -2.10860569e+00
   -1.02201199e+00   6.33297026e-01   7.86363661e-01  -2.79363555e+00
    4.74433861e-01   5.50702836e-01   6.86715362e-02   1.47605731e-01
   -2.89284806e-01   2.93648674e-01  -1.78240516e+00  -4.71142090e-01
   -9.12793896e-02 
   -1.57284757e+00  -1.00716554e+00  -2.08456089e+00  -3.39888014e-01
    2.42441200e-01  -3.64131674e-01   2.12938535e-01  -1.15970172e+00
   -2.06565007e-01  -2.80400940e+00   1.22220059e+00  -3.37689215e-01
   -2.45321186e-01  -2.28627924e+00   2.61024886e+00  -1.62043367e+00
   -5.15543336e-02  -1.45130414e+00   2.64899037e+00  -5.77340435e-03
    1.32368369e+00  -1.30213225e+00  -2.94814010e+00   2.11858700e+00
    2.05375613e+00   1.41484825e+00  -1.49336539e+00  -3.41708607e-01
   -9.73544763e-01  -4.18904887e-01  -1.01051632e+00   1.48630862e+00
   -1.47499748e-01 
   -7.96111039e-01  -1.39242366e-01   7.04188748e-01   6.63589903e-01
    1.02456635e+00  -7.32872202e-01  -3.31665735e-01  -3.54618737e+00
    9.64118611e-01   3.50963879e-02   2.53203044e-02   2.21506056e-01
   -5.07662865e-01   1.85544338e+00  -9.44292980e-01  -2.10345324e+00
   -1.27233483e+00   4.11056086e-01  -4.83689124e-02  -2.76307790e+00
    4.50858228e+00   4.15743718e-01   1.99486435e-01  -2.27411823e-02
   -2.25226518e-02   4.72448576e-01  -1.45303159e+00  -1.63148232e+00
   -3.44464055e+00   7.91810168e-01  -1.71150420e-01   6.02634331e-02
    8.58662018e-02 
    6.93746526e-01  -8.62231570e-01   1.86607417e-01  -1.10758388e+00
   -5.02714439e-01  -1.84304927e+00   1.21295023e+00   8.18966081e-01
    8.42047124e-02  -2.15334453e+00  -5.99991098e-01   2.51920448e+00
    3.08552794e+00  -1.58392335e+00  -1.11634129e+00  -3.80187032e+00
   -1.08412016e+00   1.14152907e-01  -3.14840604e-01  -2.05753459e-02
   -7.90082818e-01  -4.16007292e-01  -3.74881853e-01  -6.34911756e-01
   -1.64109594e+00  -1.80591896e+00   1.12442534e+00   1.24062090e-01
    3.86799749e-01   2.55231674e+00   5.87983692e-01   4.97041787e-01
   -3.59251330e-01 
    4.92838313e-02  -8.07148685e-01   1.97549084e+00  -6.44105782e-01
    1.54800739e+00  -2.16395317e-01  -8.93473163e-01  -3.07273055e-02
   -1.59278097e-01   4.04640182e-01  -3.99234906e+00   9.74816902e-03
   -6.66821666e-02  -1.42210498e+00  -4.35337884e-01   2.10130515e+00
   -2.19443779e+00  -5.77291819e-01  -2.31428733e+00  -3.69190351e-01
   -2.34680251e+00  -2.63048362e-01  -2.68923634e+00   2.22090669e-01
   -1.94275960e-01   3.12430211e+00   6.00964118e-01   5.80798677e-01
   -1.63409934e+00   9.95302203e-01   9.17479800e-01  -2.35267916e-01
   -7.37913242e-01 
   -1.84707568e+00   2.24329328e+00   1.10973237e+00   1.17490900e+00
   -1.96723122e+00  -3.60589551e-01   1.15933363e+00  -2.15211721e+00
    1.99632403e+00   2.73019207e-01   4.56740106e-01  -1.30724817e+00
    1.18516314e+00  -1.48800102e+00   2.03120721e+00   1.30268012e+00
   -8.91366447e-01  -2.03866955e+00  -4.67096948e-01   5.44096184e-01
   -1.44578433e+00  -1.56985189e+00   2.06321418e+00  -1.36327233e+00
   -1.72090467e+00  -6.31834417e-01   4.08906462e-02   6.70882275e-01
   -1.12615055e+00  -1.55980930e-01   1.50913484e+00  -1.67427389e+00
   -5.22430986e-01 
    7.48475168e-01  -7.59819900e-01  -8.14147289e-01  -1.26359337e+00
   -1.86105290e-01   1.85151363e-01  -8.42250249e-01  -2.27190406e+00
   -2.23135932e+00  -2.42289962e+00  -1.77058378e+00   1.58053254e+00
   -2.38367352e+00  -1.41342732e+00  -8.34320964e-02  -3.38880484e-02
    7.54383295e-01   1.57431801e-02  -2.09494651e+00   1.68937033e+00
    1.31650216e+00   1.23854305e+00   6.20596397e-01  -2.54565629e+00
    2.60039895e+00  -5.15013779e-01   1.52153809e+00   2.43335451e-01
    2.12066164e+00   3.45144581e-01   4.54601836e-02  -1.60821272e+00
   -2.04521317e-01 
   -2.29165247e-01  -2.48715813e+00   2.65636981e-01   6.70061828e-01
   -4.91069253e-01   1.03111697e+00  -9.88455763e-01  -2.20337043e+00
   -1.42242881e+00  -8.96727510e-02   1.08344372e+00   2.84901191e-01
   -2.58886994e+00   1.84864567e+00  -4.33915074e-01   1.83687889e-01
    5.32779566e-01  -1.14449245e+00   9.45337454e-01   1.44164966e+00
   -7.00351217e-01  -1.02703204e+00  -1.27724136e+00  -2.57454835e+00
   -1.76660913e+00  -1.63824172e+00   3.16817925e+00   8.71475285e-01
   -1.19587492e+00  -3.46786473e-01   1.48187930e+00   2.34282131e+00
   -3.99552592e-01 
   -1.38136385e+00   3.91085941e+00  -1.09515213e+00  -2.46728525e+00
   -1.93982571e+00  -1.06991158e+00  -1.08636362e+00   2.12482185e-01
    1.00271434e+00  -2.16026288e+00  -2.56630148e+00   1.93460154e-01
   -7.97644058e-01   1.34829487e+00   1.89640280e-01   1.56301260e+00
   -8.14764813e-01  -4.52958747e-01  -5.21684553e-03  -7.29550151e-01
    7.73486951e-01   1.81741492e+00  -4.50312918e-01   9.23753593e-01
    7.78668211e-01  -1.75683573e+00  -1.27044215e+00  -1.77531171e-02
    8.33324583e-01  -8.08705463e-01   1.36772907e+00   1.04633760e+00
   -4.81659440e-01 
   -4.53694314e-01  -8.39923423e-01  -2.45277175e+00  -1.96074519e+00
   -1.96448078e+00   8.07863021e-01   1.03105588e-01  -2.61863922e-01
   -5.53474318e-01   3.04206673e+00   4.74155978e-02   2.05268940e+00
   -1.03514488e+00   1.70142649e-01  -3.73504112e-01  -1.24438523e+00
   -4.90366093e-02  -1.04643423e+00  -3.58445896e-01  -1.30198633e+00
    4.50658740e-01  -4.37461927e-01  -8.54325467e-01  -6.76826801e-01
    1.01640257e-01  -1.91278573e-01  -1.69931466e+00   4.28320727e-01
    1.43608552e+00  -1.15424529e+00   1.79734129e+00  -4.45443587e-01
   -1.96563035e-01 
   -3.27758653e-01  -8.07737916e-01   5.69123248e-01   1.84178905e+00
   -2.13711456e+00   1.14711041e+00  -1.90779387e-01   8.93913351e-01
    9.01608922e-01  -6.96805250e-01  -8.12338726e-01   2.78916749e-03
   -1.63262241e+00  -6.84096757e-01  -2.39832368e+00   1.86992019e+00
   -2.70463069e+00   3.17997963e-01   9.55004198e-01  -7.50379086e-01
    6.85955086e-01  -6.81450818e-01   1.28635037e+00   3.31523552e-01
    3.91861516e-01  -1.94886324e+00   8.89054569e-01  -1.21985796e+00
    1.50408920e-01  -9.90294208e-01  -8.53852773e-01   6.75189913e-01
   -4.03988824e-01 
   -6.74005591e-01   1.86599667e+00   2.40138207e-01  -1.02819449e+00
   -9.42866109e-01  -1.60868776e-01   9.12934225e-01   1.34772166e+00
   -8.10874239e-01   1.46982843e-01  -8.10252993e-01  -6.62858616e-01
    2.35895542e-01   4.58734036e-01   1.66036668e+00  -1.02353789e+00
    4.83751188e-01   2.47361974e-01  -1.08847903e+00   3.79879018e-01
   -5.38490768e-01   9.02154815e-01  -2.21408949e-01  -2.56155844e-01
    9.02058409e-01  -1.20547626e+00  -5.03823387e-01  -3.22306787e-01
   -2.01177922e+00  -1.23442796e-01  -1.66306478e+00  -2.59765600e+00
   -8.00738815e-01 
   -2.49026917e-01  -1.59645812e+00  -2.16705770e+00   1.61528128e+00
    1.25156496e+00   8.72337250e-01  -4.90042175e-01  -4.37768026e-01
    1.60144086e+00   1.16681597e+00   1.35404118e-01   3.61654409e-01
   -2.16323158e-01   2.14380490e-01  -9.34494583e-01  -3.61124709e-01
   -2.32726226e-01  -1.60766448e+00  -8.19409270e-01   1.52538238e+00
   -5.90849009e-01   6.77480177e-01   2.57927182e-01  -1.39202784e+00
   -5.81402625e-01  -1.39346319e+00  -1.50485241e+00  -4.67482855e-01
    1.05864507e+00  -5.43105175e-01  -7.81195840e-01  -5.80469475e-01
   -1.80319910e-01  