NN 16 32 16   -4.28029291e+00  -1.32838172e+00   1.48245322e-01   6.17272631e-01
    2.68612498e+00  -9.32090289e-01  -2.19655560e+00  -2.37801972e+00
    3.74035613e+00  -1.16992307e+00  -3.47558432e-01   6.99908402e-02
    8.68708608e-01  -1.86170510e-01   3.04982299e-01  -6.77825807e-01
   -9.47906909e-01 
    6.65315907e-01  -5.95117427e-01  -1.07940569e-01   2.69379598e-01
    9.36179174e-01  -8.67124424e-02   1.76266158e-01   6.02825402e-01
   -2.89225850e+00   7.72271437e-01   2.39813709e+00  -4.43187479e+00
    1.04486307e+00   7.93370353e-01  -2.32407193e+00   1.55958434e+00
    8.16902859e-01 
   -1.52168286e+00   1.35538854e-01  -2.46725658e+00   9.06634532e-01
    3.03291449e+00  -1.97029964e+00  -8.91160232e-01  -8.81228186e-01
   -9.35243459e-01   6.10722529e-01  -6.30311727e-01   2.34394171e-01
    1.43492481e+00  -6.65593391e-01  -2.99488141e-01   2.25751498e+00
    1.82521033e-01 
    1.75209628e+00  -5.85035300e-01  -1.42364484e+00   1.09294522e+00
    2.95012036e-01  -1.16334872e+00   8.26077825e-01  -4.44935480e-01
   -1.71311733e+00   8.90627043e-01  -1.71005808e+00   1.82442264e+00
    1.81695840e+00  -1.78974685e+00   1.32356416e+00  -2.11537784e+00
   -1.59701531e-01 
   -1.34384613e-01  -1.78019310e+00   1.67247403e+00  -1.41337503e+00
    5.62966298e-02  -7.65813534e-01  -8.20973317e-02  -2.17340011e+00
    1.27860710e+00  -6.17462682e-01   7.19869996e-02   2.21057877e+00
    1.57098082e+00   2.35593317e+00  -2.19016750e-01  -1.52418331e+00
   -6.99072210e-01 
   -4.25260351e-01   1.18831596e+00   2.10273153e+00  -1.31426940e+00
    7.72271756e-01   1.17203294e+00   2.39569319e+00  -5.80190042e-01
    6.69492950e-02  -2.82468381e-01  -2.41867551e+00   3.76551772e-01
   -9.29547740e-01  -1.49878536e+00  -4.73215569e-01   1.95723711e-03
    1.42872111e-01 
    1.35586441e+00   1.50994994e+00   1.62868124e+00  -2.14637085e+00
   -2.68657285e-02   3.15043452e-01  -2.30386351e+00   1.58211588e+00
   -5.51595890e-01   6.48493950e-01   9.10908224e-01   2.42061757e-02
   -4.93087522e-02  -4.25944616e-01  -1.48323566e+00   8.24189831e-01
   -7.75695220e-01 
    8.51991257e-01  -1.55601581e+00   1.24778193e+00  -4.52435715e-01
    6.44104792e-01   4.59499096e+00  -2.45557882e+00  -1.44270505e-02
    2.78814335e+00   2.45049933e+00   3.63191236e-01  -2.82130408e-01
   -6.14888409e-01  -3.00452759e+00  -1.52692576e+00  -1.57555810e-01
   -7.01051699e-01 
    2.90069584e-01   2.91844527e+00  -6.45261441e-01  -1.09370083e+00
    7.12897916e-01  -1.33610342e+00  -1.44497033e+00  -2.66984161e-01
   -1.75070144e+00   2.50466853e+00   1.58220001e+00  -1.25802422e+00
    1.20637852e+00  -1.89605000e+00   1.62443940e+00  -1.81262449e+00
   -9.38125291e-02 
   -1.25193369e+00  -5.95918228e-01  -8.24021961e-01   1.31882725e+00
    1.80872599e+00  -5.77294044e-01   1.15126184e+00  -7.65860917e-01
   -1.21441477e+00   5.56897013e-01   1.05318185e+00   2.25573293e+00
   -3.32781767e+00   3.40599888e-01  -9.33929895e-01  -1.45625309e+00
    3.89005682e-01 
   -8.29668022e-01   4.75009430e-01   1.21084197e-01  -2.79934288e+00
   -2.58493777e+00  -1.52729841e+00   4.16108552e-01   4.82642990e+00
   -1.54020125e+00   6.94209278e-01  -4.30333429e-01   3.21267899e+00
   -1.21036365e+00  -3.51249834e-01  -5.17199652e-02   1.27529910e-01
   -5.56480359e-01 
    3.40297426e+00  -7.54730226e-01   2.21650559e-01   2.09528216e+00
    1.70920666e+00  -8.51426826e-01  -1.21874719e+00   7.08937451e-01
    2.45094835e-01  -1.38713501e+00   6.37952213e-01  -5.88152324e-01
   -3.11029380e+00   5.12103351e-01   1.15706596e+00  -1.26991116e+00
   -3.97676634e-01 
   -3.38880002e-01  -2.79557013e+00   1.66457696e+00   1.57548773e-01
   -8.75764158e-02   3.23006220e-01  -3.66864954e+00  -7.58829541e-01
   -1.91442405e+00   1.09325213e+00   3.18311863e+00  -6.58235000e-02
   -5.66598290e-01   1.24666045e+00  -6.26735294e-01  -9.01971688e-01
   -1.45396570e+00 
   -6.34974327e-01   4.29525091e-01  -5.13451470e-01   7.07733025e-02
    2.66043733e+00  -2.21300668e+00   1.28653163e+00   9.39048846e-01
    1.13172482e+00   1.49638897e+00  -2.30871127e+00  -1.72073411e+00
   -1.36536836e+00   1.58038472e-01  -4.12067157e-01  -1.35821906e-01
   -1.62597931e-01 
    2.04597235e+00  -1.87390263e+00   7.26671157e-01   3.21981279e+00
   -2.48374130e+00   7.52178114e-01   4.22660353e-01  -1.12110121e+00
   -1.54994480e+00  -9.40722636e-02  -6.01617798e-01  -3.58449095e-01
    6.55922423e-01   2.41394222e+00  -2.40628559e+00  -2.62529289e-01
    5.27325968e-01 
    1.77470410e+00  -1.15746673e+00  -3.69664885e-01   7.90342320e-02
   -1.86913101e-01  -3.25567692e-01   3.20960049e+00  -3.07075598e+00
   -1.08957838e+00  -1.08531607e+00  -6.09665132e-01  -9.48264073e-01
    1.26910557e+00  -2.07189441e+00   1.03378943e+00   8.04188877e-01
    6.25301989e-01 
    1.63151356e+00   6.14882154e-01  -3.10026477e+00  -4.80178627e+00
    1.30656393e+00   2.73645392e-01   5.61591773e-01   1.65358770e+00
    6.83984271e-01   4.88945005e-01  -7.99335185e-01  -1.32985362e+00
   -4.26112831e-01   1.61593839e+00  -5.87498294e-01   1.28930758e+00
    3.03056131e-01 
   -1.73307711e+00   6.33398049e-01  -3.29917549e-01   3.68833609e-01
    6.10838058e-01  -2.23493955e+00   4.98254955e-01   1.78671437e-01
    1.56433518e+00  -8.29530365e-01   1.46477287e+00   4.08661492e-01
    8.37650845e-01  -1.22259437e+00  -8.36980826e-01   1.32144293e+00
   -7.93118712e-01 
   -5.02997263e-02  -2.62452554e+00   2.34715457e+00  -3.19085969e-02
   -2.59701093e+00   2.47125761e-01  -3.05081917e-01   1.66663330e+00
   -6.39074912e-02   1.59691957e+00  -1.63092110e+00  -4.14914021e-01
    4.37102260e-01  -1.09415951e+00   6.29487099e-01   6.58786616e-01
    9.12074214e-02 
   -1.39899215e+00   6.16223584e-01  -8.12875880e-01   2.40307978e+00
   -8.89675681e-01   1.94718382e+00   1.55957417e+00  -1.83200639e+00
    1.54804561e-01  -1.82470030e+00  -3.97417013e-01   6.06273052e-01
    1.80496679e+00  -3.32570752e-01  -2.99498669e-01  -2.54752416e+00
    3.78368144e-01 
   -3.11616666e-01   2.98264781e+00   1.44673978e+00  -8.23834545e-01
   -8.42088924e-02  -5.16474043e+00   1.36488720e+00   3.65485385e+00
    1.34309888e+00  -2.51854955e+00   8.49439023e-01   2.29707750e-01
   -3.49575920e-01  -8.98568637e-01   9.18503293e-01  -3.85506749e-01
   -2.58250359e-01 
   -3.00873954e+00   8.47622014e-01   2.16158848e+00  -2.22438744e-01
    1.66360915e+00  -9.65725199e-01  -1.75237613e+00  -8.24711533e-02
    2.56370156e+00  -9.57042017e-01   3.12948054e-01  -1.83404002e+00
    3.26973016e-01   4.32780534e-01  -1.32328074e+00  -5.71221126e-01
    6.10396496e-01 
   -1.25708455e-02  -9.56740547e-01   5.78461884e-01  -6.26265410e-01
    2.55497360e+00  -1.16572367e+00   2.04555652e-01   2.65245453e+00
   -2.63833319e+00  -9.29012903e-01   1.54665183e+00   1.01753893e+00
    4.08408565e-01  -8.62346039e-01  -4.89237086e-01  -1.38824841e+00
   -3.66572488e-01 
   -2.04342827e+00   1.26569329e-01  -1.50406364e+00   2.15734768e+00
   -1.03216770e+00   1.23182395e+00   9.16705423e-01  -7.45787853e-01
    1.12899602e+00   1.42906528e+00   2.06682084e+00  -1.56984904e+00
    7.46393820e-01  -1.48547631e+00   6.54956092e-01  -3.40400384e-01
   -6.42225400e-01 
    2.36979370e+00   1.77456067e+00  -2.28181151e+00  -1.51383877e+00
   -3.85449629e+00  -1.79418764e+00   8.88854375e-01   6.08056719e-01
    1.38934651e+00  -2.36870839e+00   1.83184170e+00   1.00659237e-02
    9.01956696e-01  -3.89682907e-01  -7.88584074e-01   2.21489612e-01
   -1.10415429e-01 
    2.02400125e+00   4.77008666e-01  -2.25010255e+00   2.31912800e-01
   -1.15806834e+00  -6.06805513e-01   3.04829899e+00  -3.35780405e+00
   -1.97343349e-01  -2.94063730e-01   2.74701565e-01   8.50908008e-01
   -1.65581087e-01   1.35329386e+00   7.76574891e-01   1.50008767e+00
   -4.30036514e-01 
   -7.80814921e-01  -1.18859534e-02   2.13048224e+00  -3.20213363e-01
    1.91890063e+00   1.93206418e+00  -3.62683861e+00   3.52146208e-01
    3.95050569e-01  -9.58585959e-01  -3.70125385e+00  -4.68345855e-02
    2.26579051e+00  -1.55811055e+00  -2.28569867e-01   3.44011299e+00
   -3.31205164e-01 
   -6.94919647e-01   3.26457245e+00   1.17728503e+00  -4.69019653e-02
   -1.33667748e+00   1.63078675e+00  -7.20338363e-01   8.84226738e-02
   -8.19745819e-01  -2.56521172e+00  -1.07391863e-01   1.08973773e-01
   -9.27088784e-01   7.23423132e-01  -1.78606779e-01   7.74477884e-01
   -7.00899585e-01 
   -2.24410055e-01  -9.76295583e-01  -1.36257536e+00  -1.62634230e-01
   -2.44346538e-01   2.86192163e+00  -6.10493848e-01   8.68025764e-01
    2.55349172e-01  -3.18365075e+00   1.01878733e+00  -3.62892091e-01
   -1.74170851e+00  -6.18420382e-02   3.39562306e+00  -1.74035828e+00
    6.73108852e-01 
   -9.11317033e-02   2.88934716e+00   6.45839418e-02  -1.06717994e+00
    9.97874450e-01  -1.89629489e+00  -2.63665200e+00  -1.24760391e+00
   -6.38486051e-01  -1.01605116e+00  -2.82450637e-01   7.59648642e-01
    8.53420596e-01   5.28202988e-01   2.31088124e-01   9.42342665e-01
   -2.31907853e-01 
   -7.72407008e-01  -1.59606169e-02   3.32960778e+00   1.91699895e+00
    6.97859271e-01   7.00835069e-01  -2.50573262e+00  -1.66888914e+00
   -7.59471102e-01   5.57980137e-01  -2.23075588e+00  -1.58611529e+00
   -1.91849808e+00   1.93396673e+00   1.97303787e+00   1.26248854e+00
    2.34251005e-01 
    1.77278696e+00   9.75927699e-01  -1.34571262e+00  -2.64817087e-01
   -8.90591123e-01  -1.94162104e-01  -4.87954542e-01  -5.71714824e-01
    1.90735029e+00   1.82812329e+00  -2.52071122e+00  -2.19350206e+00
   -5.42974426e-01  -1.86847049e+00   2.57481451e+00   9.42640511e-01
   -5.64784532e-01      3.89031404e+00  -1.12895926e+00   5.71901491e-01  -2.03124861e+00
   -9.27402065e-01   1.67987841e+00  -7.68504030e-01  -1.05619441e+00
    3.76515249e-01   6.20004283e-01  -2.21817907e-01  -3.32724401e+00
   -8.42294640e-01   6.73235660e-01   9.88429235e-01  -1.31531663e+00
   -9.12950341e-02  -1.11624635e-02   1.07223034e-01  -1.75327669e-01
   -1.25247325e-01   1.72054087e+00   7.29893416e-01   2.17803151e+00
   -1.24661006e+00  -9.92172815e-01   3.58658698e-01  -1.10285830e-01
    1.32707981e-01  -2.22256196e-01   1.72457368e-01  -1.00759590e+00
    5.49614341e-02 
    5.54561738e-01   4.11740180e-01  -4.12648450e-01  -4.16903143e-01
    1.23371943e+00  -3.03143673e-01  -1.18353982e+00   8.96335462e-01
   -2.07317631e+00  -1.92009541e-01  -8.14676522e-01  -3.68753876e-02
    1.09573877e+00   1.55503589e-02   1.34720849e+00   4.13299141e-02
   -2.12449324e-01  -1.21927317e+00   1.99707987e+00  -1.99398942e+00
   -1.36823038e+00   3.79835712e-01   5.86633084e-01   1.79433717e-01
   -1.30243483e+00   7.44195376e-01   5.37879979e-01  -4.61781093e+00
    1.45614324e+00  -1.82486480e+00   1.13535431e-01  -1.22656450e+00
    4.62756525e-01 
    5.08598500e-01  -1.96453296e-01   2.77029328e+00   1.29586709e+00
   -1.75546849e+00  -2.21406451e+00  -1.27276690e+00  -8.76964207e-01
    1.21575342e+00   1.16044596e+00   3.54285809e-01   7.65300051e-01
   -1.79227657e+00   1.11577052e-01  -5.48294417e-01  -1.28815999e+00
    2.13444498e+00   1.08030011e-01  -1.37117821e+00   1.51255276e+00
   -1.22048322e+00  -2.57345018e+00  -8.45262327e-01   1.18509619e+00
    1.38480215e+00   6.49857220e-01  -2.47710655e+00  -3.92882253e-01
    2.25005066e+00   6.51400350e-02  -2.06446004e+00   9.95923967e-01
   -2.04981467e-01 
   -1.56649535e+00   1.03881816e-01  -1.57169524e+00  -9.68483964e-01
    2.03457995e+00   1.20345617e+00   1.08102341e+00  -3.30123054e-02
    5.29025093e-01  -9.12765983e-01   2.95493782e+00  -1.82815833e+00
    1.19892326e-01  -5.77784333e-01  -3.26877765e+00   2.15467593e-01
    3.93699093e+00  -1.12526096e-01  -1.28107850e-02  -2.28947493e+00
   -9.22262660e-01   4.04847214e-01   6.97741623e-01  -2.86827164e+00
    7.02766398e-01   6.17783868e-01   2.11045967e-02   1.38248937e-02
   -3.11492074e-01   3.62925235e-01  -1.84634473e+00  -4.95422637e-01
   -2.06227896e-01 
   -2.11337051e+00  -1.25690960e+00  -2.32216712e+00  -5.37154692e-01
   -1.83914680e-01  -3.75013388e-01  -2.70355712e-01  -1.36451150e+00
   -2.60091652e-01  -3.14651165e+00   1.55581944e+00  -7.19104607e-01
   -2.11863832e-01  -2.69509450e+00   3.08586229e+00  -1.75121171e+00
   -7.17208242e-03  -1.77588012e+00   2.45635930e+00  -4.00844678e-01
    1.14977732e+00  -1.17250640e+00  -3.61152555e+00   2.15066473e+00
    1.72197695e+00   1.26543450e+00  -1.59917165e+00   4.23547184e-03
   -8.61141732e-03   9.15822659e-02  -9.73249156e-01   1.98258538e+00
   -2.15533815e-01 
   -1.79139168e+00  -2.07668902e-01   6.02780940e-01   3.26331501e-01
    1.22162987e+00  -6.60894549e-01  -4.82159609e-01  -3.49620087e+00
    1.27269858e+00   2.62997471e-01  -2.04528730e-01   5.21625822e-01
   -8.37591129e-01   1.98027949e+00  -5.94439632e-01  -2.19551580e+00
   -1.48437679e+00   7.66138318e-01  -2.82657797e-01  -2.52638107e+00
    4.13055309e+00   5.24636137e-01  -3.06578772e-01  -1.88299876e-01
    5.66747678e-01   5.98245167e-01  -1.17578458e+00  -1.85167067e+00
   -4.02385318e+00   8.26292521e-01  -1.10794187e-01   2.98647319e-01
    7.33677361e-02 
    7.16525220e-01  -1.52732427e+00  -2.89106616e-02  -7.79791541e-01
   -2.65864622e-01  -2.88102151e+00   9.48971837e-01   1.13026446e+00
    6.61898866e-01  -2.05258972e+00  -6.12707406e-01   2.81386008e+00
    2.97190540e+00  -1.56575374e+00  -1.07027154e+00  -4.02646310e+00
   -8.12991336e-01   3.98698045e-02   4.56988332e-02  -6.81282430e-01
   -8.34699541e-01  -5.50298813e-02  -3.16960240e-01  -7.58570678e-01
   -1.25388628e+00  -2.15420332e+00   9.22576474e-01   4.94032348e-01
    4.64610051e-01   2.68519802e+00   1.15269884e+00   6.89055255e-02
   -4.69241506e-01 
    6.93641405e-02  -5.77227583e-01   2.12998064e+00  -6.99896119e-01
    1.91366495e+00  -6.16038522e-02  -8.76205026e-01  -2.82304504e-01
   -1.79061091e-01   5.01458405e-01  -4.46801861e+00   1.80883870e-01
    4.29750372e-01  -2.05078027e+00  -4.68643865e-01   2.29388494e+00
   -2.66379008e+00  -5.04216425e-01  -2.16632514e+00  -1.91171353e-01
   -2.68617066e+00   2.49521389e-02  -3.03105830e+00   2.18932081e-01
   -1.85689019e-01   3.43606504e+00   3.72078157e-01   8.71228067e-01
   -1.40897185e+00   7.96301000e-01   1.31262670e+00  -2.18984284e-01
   -1.29428200e+00 
   -2.12510289e+00   2.55363502e+00   1.33085038e+00   1.64695815e+00
   -2.01234817e+00  -2.85520234e-01   1.29850083e+00  -2.40250181e+00
    2.46344283e+00   3.90240823e-01   7.80957608e-01  -1.65096034e+00
    1.12673454e+00  -1.82915445e+00   1.79977312e+00   1.18283593e+00
   -6.65186137e-01  -2.58550836e+00  -4.24715646e-01   5.06878370e-01
   -1.52895173e+00  -1.75555303e+00   2.42282666e+00  -1.28007693e+00
   -2.09989934e+00  -3.87786373e-01   4.72734971e-02   2.53310506e-01
   -1.45838162e+00   1.33665495e-01   1.51338490e+00  -2.08293473e+00
   -5.80879646e-01 
    1.24260964e+00  -1.14441662e+00  -9.79937430e-01  -1.59794877e+00
   -1.23729591e-01   1.48500582e-01  -1.17921926e+00  -2.62423152e+00
   -2.71739427e+00  -2.70240027e+00  -1.91002793e+00   2.08563889e+00
   -2.72275597e+00  -1.51168904e+00   3.88915493e-01   3.78307859e-01
    5.30277024e-01  -1.10833798e-01  -2.33584479e+00   1.64821342e+00
    1.38896241e+00   1.18206486e+00   4.69033776e-01  -2.53015282e+00
    2.62744867e+00  -1.07464175e+00   2.30770786e+00   6.26898165e-01
    2.85001343e+00   4.50688916e-01   2.45875338e-02  -2.09351898e+00
   -5.74923269e-01 
   -1.04369548e-02  -3.09913197e+00   5.16167658e-01   1.12004104e+00
   -5.51340271e-01   1.50378410e+00  -1.26558016e+00  -2.28150656e+00
   -1.99093970e+00  -2.39347761e-01   1.20982987e+00  -1.12851064e-01
   -2.61754403e+00   1.84346860e+00  -3.64460792e-01   3.49269956e-01
    2.18443272e-01  -1.47510824e+00   1.07865996e+00   1.67179739e+00
   -8.55188467e-01  -1.43784421e+00  -1.43246923e+00  -3.11527860e+00
   -1.55913003e+00  -1.62828444e+00   3.71532766e+00   1.01950173e+00
   -1.18579808e+00  -3.23209111e-01   1.54702986e+00   2.64953695e+00
   -6.14471678e-01 
   -1.09063086e+00   4.83495544e+00  -1.54478968e+00  -2.66697677e+00
   -2.20838369e+00  -1.25603502e+00  -1.17756313e+00  -1.36287707e-01
    1.09929893e+00  -2.43452470e+00  -2.72790864e+00   3.87447067e-01
   -6.42041994e-01   1.32178741e+00  -4.19062852e-01   1.63852102e+00
   -5.11647808e-01  -5.90827231e-01   3.02545455e-02  -9.42971119e-01
    7.51577220e-01   1.80029970e+00  -6.71814480e-01   1.06302445e+00
    3.95281721e-01  -1.64283192e+00  -1.55944105e+00  -3.56545932e-02
    1.20782660e+00  -1.02276639e+00   1.89392337e+00   1.31147094e+00
   -7.13654667e-01 
   -4.26333610e-01  -9.98507658e-01  -2.53800637e+00  -2.14329083e+00
   -2.19031890e+00   1.02784475e+00  -1.07782393e-01  -1.64020802e-01
   -7.17445041e-01   3.78939808e+00   1.43580786e-01   2.23981073e+00
   -9.82316853e-01   4.48613533e-01  -5.66540192e-01  -1.35483443e+00
   -1.47392367e-01  -1.12618577e+00  -4.76932670e-01  -1.53511987e+00
    2.86614407e-01  -3.38651899e-01  -9.00810436e-01  -7.06442240e-01
   -1.63986115e-01  -2.07260494e-01  -2.00158250e+00   5.33331616e-01
    1.60426428e+00  -1.26642698e+00   2.14283231e+00  -4.38880501e-01
   -2.13762963e-01 
   -2.37423098e-01  -8.05336610e-01   4.40467412e-01   1.98886628e+00
   -2.48207976e+00   1.40359131e+00  -2.46448952e-01   1.19695896e+00
    9.67897737e-01  -7.70066172e-01  -9.47476280e-01   1.43053606e-01
   -1.74043907e+00  -7.76590787e-01  -2.80192701e+00   2.27370666e+00
   -3.18614933e+00   5.22855109e-01   1.05125680e+00  -8.56262705e-01
    9.34942124e-01  -5.57505215e-01   1.52473848e+00   3.78702188e-01
    2.41224798e-01  -2.15756863e+00   9.46740864e-01  -1.37280920e+00
   -2.59845985e-02  -1.24185486e+00  -9.65243001e-01   7.65012008e-01
   -6.22926440e-01 
   -6.18266836e-01   2.33605667e+00   2.95547311e-01  -1.15139868e+00
   -1.01510496e+00  -2.16637394e-01   9.91316924e-01   1.57577414e+00
   -1.12220136e+00   2.50488313e-01  -1.01107180e+00  -6.65253518e-01
    2.05381303e-01   3.70361659e-01   2.01251602e+00  -1.23971239e+00
    4.78324788e-01   2.15991919e-01  -1.51686626e+00   4.09926663e-01
   -8.53982984e-01   9.64228319e-01  -3.94937456e-01  -4.66151229e-01
    1.05460477e+00  -1.25677497e+00  -4.08606545e-01  -4.10980551e-01
   -2.77218575e+00  -1.51391657e-01  -2.03467888e+00  -3.03205194e+00
   -1.03940299e+00 
   -1.38185776e-01  -1.84471363e+00  -2.48395109e+00   2.18894458e+00
    1.44163427e+00   8.63596547e-01  -3.45558182e-01  -5.09581835e-01
    2.22343535e+00   1.25241430e+00   2.69804861e-01   5.80737896e-01
    9.14487541e-03   2.58695617e-01  -1.01979471e+00  -6.80671255e-01
   -2.64788410e-01  -1.98712253e+00  -8.94824198e-01   1.70707618e+00
   -3.67608669e-01   7.68454263e-01   4.96097187e-01  -1.60923329e+00
   -4.23897030e-01  -1.64134567e+00  -1.68806719e+00  -7.08195546e-01
    1.12456805e+00  -4.81028042e-01  -9.25019856e-01  -6.98152810e-01
   -1.79080116e-01  