NN 16 32 16   -3.22247973e+00  -7.34228222e-01  -1.97925974e-01   5.61986058e-01
    2.09335452e+00  -9.65239635e-01  -1.54632982e+00  -1.66258916e+00
    2.82776166e+00  -1.38562854e+00  -8.23589087e-02   4.95592378e-01
    7.98639448e-01  -1.43016043e-01   3.34647599e-01  -3.33348865e-01
   -6.98021584e-01 
    6.44825500e-01  -5.40321239e-01  -2.71686165e-01  -2.82833545e-01
    9.80502036e-01  -2.13557531e-01   1.03748559e-01   4.28189958e-01
   -2.22437051e+00   7.64356290e-01   1.86400957e+00  -3.38558102e+00
    6.75605285e-01   7.51641536e-01  -1.71152513e+00   1.24805509e+00
    5.64757712e-01 
   -7.35566184e-01   1.13582340e-01  -2.51781901e+00   9.93888527e-01
    2.45376856e+00  -1.63966121e+00  -3.79265776e-01  -6.80559069e-01
   -1.01827120e+00   5.66734684e-01   1.70800332e-01   1.96984165e-01
    1.50288029e+00  -7.78403242e-01  -9.81058095e-02   1.81370854e+00
    1.92929864e-01 
    1.48533027e+00  -8.12130997e-01  -1.13769690e+00   7.43282810e-01
    5.57376915e-02  -9.84132119e-01   9.26842345e-01  -3.34390998e-01
   -1.39824158e+00   8.31475821e-01  -1.35840790e+00   1.60316242e+00
    1.63278743e+00  -1.58588046e+00   9.99656635e-01  -1.82506976e+00
   -3.36042395e-01 
   -3.87778190e-01  -1.43652938e+00   1.32921289e+00  -1.07020208e+00
   -3.64452129e-01  -6.63888180e-01  -1.14163894e-01  -1.80072893e+00
    1.21895992e+00  -3.52774329e-01  -1.56322233e-01   1.80244769e+00
    1.53721268e+00   1.99019382e+00  -2.67803726e-02  -1.46247439e+00
   -7.56153170e-01 
   -4.36792825e-01   1.29539290e+00   1.41026019e+00  -1.24402406e+00
    6.47384093e-01   1.04494427e+00   1.52063824e+00  -2.21287809e-01
   -5.33602389e-02  -2.93993713e-01  -1.71885884e+00   5.26573632e-01
   -8.32422020e-01  -1.34108871e+00  -3.23549309e-01  -1.78464070e-01
   -4.78778254e-02 
    7.42647575e-01   1.49147898e+00   1.32652778e+00  -1.70036768e+00
   -8.75995866e-02  -6.24251602e-02  -1.76058715e+00   1.03637409e+00
   -5.05955167e-01   5.39453485e-01   7.31446827e-01   3.27254062e-01
   -2.51762445e-01  -4.59417273e-01  -1.30918386e+00   7.60281509e-01
   -6.47875756e-01 
    8.02677517e-01  -1.37593531e+00   9.48101805e-01  -3.02480028e-01
    6.94545792e-01   3.66189568e+00  -1.84501449e+00   2.83397126e-02
    2.12691156e+00   2.12768157e+00   5.02999428e-01  -6.25664692e-01
   -6.11755403e-01  -2.44350380e+00  -1.20637980e+00  -4.43585978e-02
   -6.42407395e-01 
    2.54953633e-01   2.39313958e+00  -8.65253673e-01  -7.59913135e-01
    9.12535982e-01  -1.14637814e+00  -9.53762535e-01  -8.30960646e-02
   -1.50601876e+00   2.25313766e+00   1.24414272e+00  -1.11611587e+00
    6.53557188e-01  -1.75912639e+00   1.16291491e+00  -1.43274787e+00
   -1.54940762e-01 
   -1.49726766e+00   2.23127122e-03  -7.23222498e-01   1.34057283e+00
    1.57431484e+00  -6.24513075e-01   1.28923346e+00  -6.93305811e-01
   -8.33386866e-01   1.18124835e+00   3.58424502e-01   1.96146163e+00
   -2.39754978e+00   5.92216857e-01  -3.30908452e-01  -1.18777407e+00
    3.32526009e-01 
   -5.46657250e-01   4.22566526e-01   4.53556077e-03  -2.57116974e+00
   -1.99339226e+00  -1.38696583e+00   2.37008715e-01   3.80657511e+00
   -9.43303675e-01   6.04651391e-01  -7.54870068e-01   2.54354038e+00
   -8.70637680e-01  -3.18663058e-01  -6.60885296e-02   2.60203563e-03
   -6.44551514e-01 
    2.61358278e+00  -6.89686324e-01   4.02474786e-01   1.83706616e+00
    1.51969010e+00  -5.12939606e-01  -1.46307081e+00   6.81416149e-01
    2.47272474e-01  -9.59597634e-01   2.47148930e-01  -6.92501196e-01
   -2.60754786e+00   3.52976630e-01   9.01069643e-01  -6.54024975e-01
   -5.52669801e-02 
   -1.15412298e-01  -1.68185821e+00   1.25523450e+00  -6.02606273e-02
   -3.19944541e-02   3.66772955e-01  -3.23188787e+00   1.13459895e-01
   -1.88741956e+00   9.46355663e-01   2.76815486e+00   3.74328216e-01
   -3.30053731e-01   1.14827840e+00  -5.86546147e-01  -5.36834151e-01
   -1.11402199e+00 
   -4.06551259e-01   7.00458772e-02  -5.49787816e-01   1.18508216e-01
    2.10351421e+00  -1.87876714e+00   8.35401617e-01   6.70619311e-01
    9.02414074e-01   1.60066050e+00  -2.10008582e+00  -1.65023046e+00
   -8.41186283e-01   4.61399827e-01  -4.21961509e-01  -6.28566533e-02
   -1.20395443e-01 
    1.32922184e+00  -1.93222249e+00   5.24402321e-01   2.64649435e+00
   -2.03543058e+00   9.49029350e-01   3.80756086e-01  -6.96420006e-01
   -1.59365430e+00  -1.44077460e-01  -3.98368015e-01  -4.56265422e-01
    8.09459261e-01   2.36922617e+00  -1.75522749e+00  -5.16779048e-02
    6.40106786e-01 
    1.25903816e+00  -9.56140238e-01  -7.86803236e-02   5.17124997e-02
   -3.33274658e-01   3.20824550e-03   3.06187911e+00  -2.72355144e+00
   -1.43387847e+00  -8.01029613e-01  -3.93507481e-01  -8.90262562e-01
    1.40000325e+00  -1.70830164e+00   6.78240054e-01   3.12776085e-01
    4.70524999e-01 
    1.45714020e+00   6.53663296e-01  -2.91574135e+00  -3.83847871e+00
    6.69158304e-01   5.06711463e-02   1.01380806e+00   1.56407082e+00
    6.72232729e-01   1.64185213e-01  -8.24369756e-01  -9.84906297e-01
   -2.48580345e-01   1.80916647e+00  -4.88173918e-01   9.88006802e-01
    1.77412517e-01 
   -1.35000627e+00   4.18150746e-01  -1.40116450e-01   1.22936380e-01
    6.82003181e-01  -1.24968998e+00   1.33889156e-01   9.04799185e-02
    1.40233823e+00  -7.96177767e-01   9.96616333e-01  -3.61501425e-02
    7.80892541e-01  -9.34258521e-01  -5.54974190e-01   1.05573402e+00
   -5.85514466e-01 
   -1.98265497e-01  -2.06054055e+00   1.98701111e+00  -2.93872146e-02
   -2.21770531e+00   4.43245716e-01  -1.20161485e-01   1.38758318e+00
    3.07469478e-01   1.59238300e+00  -1.92945263e+00  -5.76731654e-01
    6.01618919e-01  -1.12057609e+00   5.80713151e-01   6.03860689e-01
    1.14795998e-01 
   -1.32674007e+00   4.25787131e-01  -8.48085508e-01   1.89809955e+00
   -8.43254263e-01   1.74521221e+00   9.58083495e-01  -1.49394002e+00
   -2.88742700e-01  -1.79443788e+00  -7.68348861e-01   7.59036800e-01
    1.69197845e+00   2.74852529e-01  -1.94633290e-01  -1.88374847e+00
    3.70707561e-01 
    9.45894124e-02   2.40600455e+00   1.05305083e+00  -4.85714163e-01
   -4.71211334e-01  -4.33299926e+00   1.17908496e+00   3.11894942e+00
    1.27350531e+00  -1.81921224e+00   7.03822894e-01  -4.38759993e-01
   -5.22248128e-01  -6.06515351e-01   5.63599504e-01  -1.51429460e-01
   -2.48991393e-01 
   -2.39548399e+00   8.79768470e-01   1.73667339e+00  -3.00097694e-01
    1.64663438e+00  -9.51509835e-01  -6.51996745e-01  -5.78879641e-01
    2.09567106e+00  -1.18064373e+00   1.44969012e-01  -1.68831513e+00
    5.16495941e-01   5.84469716e-01  -1.06848960e+00  -3.23578696e-01
    6.49873104e-01 
   -3.60838003e-01  -5.01987482e-01   4.60976695e-01  -8.16313755e-01
    2.13520321e+00  -1.37957880e+00   6.86863860e-02   2.06764804e+00
   -2.45807251e+00  -8.27011760e-01   9.91896213e-01   7.32041985e-01
    4.90813092e-01  -7.06219567e-01  -3.85320895e-01  -8.08274868e-01
   -3.51639884e-01 
   -1.78304398e+00   2.06216520e-01  -1.47896074e+00   1.86053369e+00
   -9.51546359e-01   9.60818426e-01   8.42433929e-01  -7.21899070e-01
    1.16608070e+00   1.49549497e+00   1.56129655e+00  -1.78547034e+00
    6.71084910e-01  -1.30973309e+00   4.42702898e-01  -2.30996463e-01
   -6.43447814e-01 
    1.53124473e+00   1.52255667e+00  -1.96033769e+00  -7.75535652e-01
   -3.30169524e+00  -1.01938720e+00   1.00229490e+00   5.84637144e-01
    1.27121402e+00  -2.30374315e+00   1.92458850e+00  -3.73829366e-01
    3.17347522e-01  -2.48571691e-01  -7.87626584e-01   1.34538173e-02
   -2.03889085e-01 
    1.55748639e+00  -9.87323210e-03  -1.56570085e+00  -3.19150820e-01
   -1.21633742e+00  -4.95556929e-01   2.57808251e+00  -2.85075119e+00
    8.93076932e-03  -3.32663236e-01   3.23813176e-01   9.15894602e-01
   -1.75555853e-01   1.28966423e+00   8.86290464e-01   8.76253120e-01
   -6.31865851e-01 
   -6.38519433e-01  -5.61611350e-01   1.89417646e+00  -1.11581700e-01
    1.39017515e+00   1.63638057e+00  -2.72768204e+00  -3.96404785e-02
    3.31491819e-01  -8.10460401e-01  -2.86080153e+00   3.75896707e-01
    1.69295910e+00  -1.22412211e+00   1.21401320e-01   2.81632572e+00
   -1.46312722e-01 
   -6.86206543e-01   2.47915452e+00   1.21687792e+00   1.37712394e-02
   -1.22482950e+00   2.08714557e+00  -4.18626833e-01  -2.19451840e-01
   -1.00098195e+00  -1.92735119e+00  -3.55738934e-01  -1.73318293e-01
   -8.88837773e-01   5.57486525e-01  -6.52226845e-02   7.04502980e-01
   -4.56662953e-01 
   -3.61016305e-01  -1.32056732e+00  -1.00279945e+00   1.15701258e-01
    2.45794184e-01   2.26938246e+00  -7.72938541e-01   8.90524477e-01
    3.62476265e-01  -2.47045353e+00   1.12521820e+00  -2.27627457e-01
   -1.39849108e+00   2.52908021e-03   2.59772394e+00  -1.35389005e+00
    4.91777435e-01 
   -2.99309217e-01   1.87737063e+00   3.90595164e-01  -7.39953899e-01
    7.51194318e-01  -1.44126715e+00  -2.15989315e+00  -1.51476113e+00
   -2.76586157e-01  -6.95051465e-01  -1.82060761e-01   8.77702244e-01
    5.56933690e-01   3.59491564e-01   3.27390795e-02   9.42560141e-01
   -2.41202298e-02 
   -1.26960745e+00   2.94102745e-01   2.46652104e+00   1.50104852e+00
    1.08251119e+00   2.78669324e-01  -1.78427649e+00  -1.08615743e+00
   -6.87041396e-01   6.91052739e-01  -1.81218189e+00  -1.41428857e+00
   -1.59432756e+00   1.35128322e+00   1.32273731e+00   1.04928389e+00
    2.77752455e-01 
    1.28098287e+00   9.75331363e-01  -9.40176933e-01  -4.20790053e-01
   -8.12026146e-01  -3.86356318e-01  -5.23758724e-01  -3.94776052e-01
    1.53974441e+00   1.44693969e+00  -2.03642680e+00  -1.75674875e+00
   -3.64996408e-01  -1.63487404e+00   2.30696791e+00   6.91692830e-01
   -5.09943918e-01      3.22928321e+00  -9.16557499e-01   3.08639629e-01  -1.94294867e+00
   -8.34987750e-01   9.86289306e-01  -6.54525149e-01  -9.56709063e-01
    5.26025273e-01   9.81074208e-01   3.17087520e-01  -2.78006495e+00
   -8.07162258e-01   3.14472042e-01   7.52110111e-01  -1.65119970e+00
   -4.20160578e-01   1.90094623e-01   9.15565179e-02   4.39436253e-01
   -3.03683842e-01   2.11035940e+00   3.62272133e-01   1.96753620e+00
   -1.70835351e+00  -9.78606179e-01   4.29781476e-01  -1.94684860e-01
   -7.36057749e-02  -4.40697995e-01   3.42883595e-01  -1.60837837e+00
   -3.02545260e-01 
    5.20957290e-01   4.46107047e-01  -4.14842622e-01  -6.26614274e-02
    1.00639226e+00  -3.05662220e-01  -1.36716303e+00   1.03660817e+00
   -2.33946478e+00  -1.73356100e-01  -8.74898401e-01   2.48011237e-01
    1.33261517e+00  -2.51472580e-01   1.79715901e+00   1.05259674e-01
    2.38876044e-01  -7.62258691e-01   2.02291593e+00  -2.00333733e+00
   -1.59827252e+00   2.25375426e-01   3.23697342e-01   1.40700779e-01
   -1.51372945e+00   5.24027667e-01   7.63177172e-01  -3.86819469e+00
    1.38305963e+00  -1.72653748e+00   7.61037950e-02  -1.29257549e+00
    1.51760943e-01 
    6.69991383e-01   6.87748107e-02   2.84338424e+00   7.77173413e-01
   -1.94695669e+00  -1.44514637e+00  -8.48314832e-01  -8.27519086e-01
    1.49228655e+00   1.00683569e+00   4.45244730e-01   2.17802054e-01
   -2.32480224e+00  -3.19817571e-02  -4.06396768e-01  -1.19733864e+00
    2.29815483e+00  -6.72543172e-02  -1.44571027e+00   1.08312342e+00
   -1.29329668e+00  -2.40845537e+00  -1.11768970e+00   1.13370554e+00
    1.21133613e+00   8.44024094e-01  -2.19365241e+00  -7.01776080e-01
    1.93641426e+00  -3.80268654e-01  -2.57064249e+00   7.95986501e-01
   -3.61225310e-01 
   -1.26973362e+00   4.83154535e-01  -1.37737607e+00  -9.66156455e-01
    1.56542128e+00   1.27545639e+00   1.38639844e+00   2.59599487e-01
    4.32298438e-01  -8.75213330e-01   2.46519698e+00  -2.30290475e+00
    5.83025888e-01  -1.06450024e+00  -3.25805131e+00  -2.60756848e-02
    3.68690953e+00  -2.45577459e-01   3.19079185e-01  -2.12551804e+00
   -1.03859699e+00   5.61901773e-01   7.63529727e-01  -2.84909728e+00
    4.63718945e-01   4.97966613e-01   1.48912388e-02   2.04980397e-01
   -4.09597687e-01   3.35660676e-01  -1.75726071e+00  -4.94225891e-01
   -1.68212652e-01 
   -1.57654011e+00  -9.94832684e-01  -2.04247860e+00  -3.44614604e-01
    2.38893788e-01  -3.89630771e-01   1.71186259e-01  -1.14589514e+00
   -2.31842617e-01  -2.74916477e+00   1.26034410e+00  -3.50092743e-01
   -2.67770221e-01  -2.27853127e+00   2.61169259e+00  -1.62311910e+00
    4.12683417e-04  -1.44359284e+00   2.63376009e+00  -3.10666903e-02
    1.32871006e+00  -1.33201897e+00  -2.93601541e+00   2.12615957e+00
    2.07929017e+00   1.47083455e+00  -1.60360838e+00  -4.00442707e-01
   -9.19482844e-01  -4.66543707e-01  -1.09428766e+00   1.50930541e+00
   -1.50231291e-01 
   -7.62605783e-01  -1.07842193e-01   8.01919949e-01   6.85785653e-01
    9.92925587e-01  -7.36903905e-01  -3.86483382e-01  -3.52384035e+00
    9.98966447e-01   7.70591584e-02  -4.54822805e-02   2.53617096e-01
   -5.54880393e-01   1.88515835e+00  -9.56890081e-01  -2.06932370e+00
   -1.31739559e+00   4.72702400e-01  -5.59883285e-02  -2.75215902e+00
    4.47273728e+00   4.42686330e-01   1.74960695e-01   1.37311477e-01
    1.53200605e-03   4.74091744e-01  -1.49893534e+00  -1.63235840e+00
   -3.42962547e+00   7.38803210e-01  -2.12826826e-01   1.19010079e-01
    8.05825920e-02 
    7.72030370e-01  -8.76949272e-01   2.02550549e-01  -1.08318610e+00
   -4.18721899e-01  -1.84840241e+00   1.20209705e+00   7.95392687e-01
    1.39357031e-01  -2.14710885e+00  -6.20964580e-01   2.54601741e+00
    3.03285860e+00  -1.52213398e+00  -1.17880491e+00  -3.80429536e+00
   -1.11515811e+00   1.31155325e-01  -2.75278286e-01  -6.07560210e-02
   -8.05142319e-01  -3.42437177e-01  -4.02554018e-01  -6.91981389e-01
   -1.70798248e+00  -1.75559790e+00   1.17024861e+00   7.08718286e-02
    3.52785930e-01   2.58690297e+00   6.62786714e-01   5.41473948e-01
   -3.57355235e-01 
    3.31197617e-02  -7.69442493e-01   2.00358046e+00  -6.07617381e-01
    1.57420181e+00  -2.11552447e-01  -8.91480251e-01  -9.64860680e-03
   -1.23849023e-01   4.22868803e-01  -4.02237584e+00   5.41831947e-02
   -3.28663096e-02  -1.41052274e+00  -4.21172866e-01   2.14501252e+00
   -2.14116673e+00  -5.20718928e-01  -2.34516112e+00  -3.78976106e-01
   -2.29779956e+00  -2.30553665e-01  -2.65996244e+00   2.62589071e-01
   -2.03669775e-01   3.23424732e+00   6.25094924e-01   5.70559436e-01
   -1.58897290e+00   9.82113594e-01   9.39415434e-01  -2.27832646e-01
   -6.94967857e-01 
   -1.86916990e+00   2.22626036e+00   1.09248221e+00   1.19428769e+00
   -1.95709274e+00  -3.30059794e-01   1.14696979e+00  -2.16027055e+00
    1.96200715e+00   2.94312564e-01   4.94928146e-01  -1.31415154e+00
    1.17116743e+00  -1.47622746e+00   2.06511177e+00   1.31373813e+00
   -8.82025653e-01  -2.07440069e+00  -4.29863921e-01   5.59044547e-01
   -1.47863751e+00  -1.60131826e+00   2.04477780e+00  -1.37359194e+00
   -1.71835542e+00  -5.96478263e-01   5.26975609e-02   6.87763129e-01
   -1.13703282e+00  -1.76840565e-01   1.51676646e+00  -1.67156317e+00
   -5.08776228e-01 
    7.82473730e-01  -7.26061041e-01  -7.87732860e-01  -1.26589954e+00
   -1.56962207e-01   1.68635380e-01  -8.43224819e-01  -2.25771098e+00
   -2.23042508e+00  -2.40211528e+00  -1.76502379e+00   1.61814072e+00
   -2.35531008e+00  -1.41818891e+00  -3.69423567e-02  -2.19562015e-02
    7.71926804e-01   3.54139763e-02  -2.10618886e+00   1.71902940e+00
    1.33131998e+00   1.26170706e+00   6.42064877e-01  -2.53472871e+00
    2.60614847e+00  -4.88586340e-01   1.55047693e+00   2.63761588e-01
    2.18220875e+00   3.65226126e-01   7.77538913e-02  -1.62816683e+00
   -1.69884510e-01 
   -2.43912455e-01  -2.53341960e+00   2.32180681e-01   6.71659566e-01
   -5.46944346e-01   1.02629831e+00  -1.00452813e+00  -2.26580982e+00
   -1.43605886e+00  -8.43857203e-02   1.09464390e+00   2.20925139e-01
   -2.60894171e+00   1.80937815e+00  -4.87312319e-01   1.60698399e-01
    5.38879914e-01  -1.16650591e+00   8.96028640e-01   1.44437698e+00
   -7.15755269e-01  -1.09046841e+00  -1.27195485e+00  -2.61089505e+00
   -1.76998107e+00  -1.67317180e+00   3.12258159e+00   8.63023515e-01
   -1.20663937e+00  -3.91357329e-01   1.42932531e+00   2.29102372e+00
   -4.58951240e-01 
   -1.37579005e+00   3.94152483e+00  -1.09800307e+00  -2.47898453e+00
   -1.93423681e+00  -1.06112611e+00  -1.08791687e+00   2.24152510e-01
    1.00581603e+00  -2.17516226e+00  -2.57818817e+00   1.93466915e-01
   -7.98304918e-01   1.35562489e+00   1.92768968e-01   1.57951164e+00
   -8.16189903e-01  -4.53638069e-01   1.44978539e-03  -7.30644737e-01
    7.57648094e-01   1.84723483e+00  -4.55589584e-01   9.28169316e-01
    7.59643398e-01  -1.75342940e+00  -1.25741550e+00  -1.55863606e-02
    8.26893571e-01  -8.06391182e-01   1.38981053e+00   1.05336822e+00
   -4.80761287e-01 
   -4.52547124e-01  -8.49468408e-01  -2.45916053e+00  -1.96517430e+00
   -1.96866137e+00   8.17757045e-01   9.81108749e-02  -2.51563525e-01
   -5.57681716e-01   3.06021539e+00   4.28510494e-02   2.05353511e+00
   -1.03488490e+00   1.71116609e-01  -3.72972735e-01  -1.24644680e+00
   -5.81722480e-02  -1.04680321e+00  -3.64409553e-01  -1.29873474e+00
    4.43321348e-01  -4.26611269e-01  -8.54942398e-01  -6.74457221e-01
    9.45360781e-02  -1.85387150e-01  -1.70589338e+00   4.43029853e-01
    1.44087854e+00  -1.15401880e+00   1.80926281e+00  -4.39485936e-01
   -1.94071408e-01 
   -3.27865671e-01  -7.98780931e-01   5.71323017e-01   1.84677720e+00
   -2.14522640e+00   1.14979964e+00  -1.94913432e-01   9.02675412e-01
    9.06848314e-01  -7.03028578e-01  -8.19112017e-01   9.75156829e-03
   -1.63876715e+00  -6.79834515e-01  -2.40011859e+00   1.88403690e+00
   -2.71889896e+00   3.22050823e-01   9.60062986e-01  -7.56615443e-01
    6.89385290e-01  -6.75249949e-01   1.28587960e+00   3.36528290e-01
    3.84067701e-01  -1.94780633e+00   8.93258295e-01  -1.22357353e+00
    1.41445322e-01  -9.95575346e-01  -8.47574212e-01   6.83457324e-01
   -4.06997803e-01 
   -6.33858174e-01   1.86562136e+00   2.60976414e-01  -1.04203322e+00
   -9.42992016e-01  -1.66414482e-01   9.19869691e-01   1.36938213e+00
   -8.08875231e-01   1.71249417e-01  -8.35044039e-01  -6.74514407e-01
    2.43638794e-01   4.56385670e-01   1.66789793e+00  -1.03714359e+00
    4.67980826e-01   2.61858096e-01  -1.12362468e+00   4.13579887e-01
   -5.69610107e-01   9.30718132e-01  -2.36875388e-01  -2.43284866e-01
    8.86158056e-01  -1.21312123e+00  -4.82496134e-01  -3.08797395e-01
   -2.03261220e+00  -9.00651838e-02  -1.64896761e+00  -2.61092689e+00
   -8.02954639e-01 
   -2.54241466e-01  -1.60174158e+00  -2.17930722e+00   1.60696062e+00
    1.23346449e+00   8.62278634e-01  -4.97140148e-01  -4.49362631e-01
    1.59592841e+00   1.15417472e+00   1.25996018e-01   3.55351374e-01
   -2.21299520e-01   2.07592612e-01  -9.45319193e-01  -3.69020411e-01
   -2.47794372e-01  -1.62086316e+00  -8.32535882e-01   1.51672061e+00
   -6.02502883e-01   6.68235255e-01   2.50805859e-01  -1.40576222e+00
   -5.88169432e-01  -1.41177127e+00  -1.51691930e+00  -4.75808794e-01
    1.04655539e+00  -5.51342438e-01  -7.92685367e-01  -5.86181264e-01
   -2.04121579e-01  