NN 16 32 16   -4.29027018e+00  -1.28200731e+00   1.49105214e-01   5.93817279e-01
    2.69752366e+00  -9.62904461e-01  -2.20865417e+00  -2.41576053e+00
    3.71841705e+00  -1.18108209e+00  -3.86940561e-01   6.82487647e-02
    8.36388241e-01  -1.85456622e-01   2.85755526e-01  -6.97962543e-01
   -9.67133682e-01 
    6.34233563e-01  -5.84379806e-01  -1.17059510e-01   2.79447821e-01
    9.09307984e-01  -9.70292660e-02   1.54786495e-01   5.94266753e-01
   -2.93230982e+00   7.20365624e-01   2.35027088e+00  -4.46376530e+00
    1.00236756e+00   7.42632025e-01  -2.35992658e+00   1.52400263e+00
    7.81048206e-01 
   -1.53775036e+00   1.61549005e-01  -2.47779472e+00   8.69407909e-01
    3.03306370e+00  -1.98743205e+00  -8.10456653e-01  -9.21197060e-01
   -9.40129403e-01   6.34934495e-01  -6.79080782e-01   2.39516707e-01
    1.42076574e+00  -6.69644300e-01  -3.12498314e-01   2.24596289e+00
    1.69510860e-01 
    1.76000276e+00  -5.60693556e-01  -1.42213869e+00   1.14230836e+00
    2.72826604e-01  -1.18912431e+00   8.72288782e-01  -4.55849441e-01
   -1.67355458e+00   8.98289182e-01  -1.71280629e+00   1.82889940e+00
    1.82645808e+00  -1.78789844e+00   1.33678944e+00  -2.10506054e+00
   -1.46476254e-01 
   -1.15882157e-01  -1.83954214e+00   1.69553090e+00  -1.33219441e+00
    7.80740377e-02  -8.00692893e-01  -6.96990810e-02  -2.11659236e+00
    1.26733740e+00  -6.17688357e-01   7.66922955e-02   2.28771034e+00
    1.59691753e+00   2.38425540e+00  -1.92292302e-01  -1.49733939e+00
   -6.72347762e-01 
   -4.26274991e-01   1.20716805e+00   2.16306326e+00  -1.33070478e+00
    7.81085568e-01   1.18274071e+00   2.39995831e+00  -5.73517648e-01
    5.27158545e-02  -2.49455458e-01  -2.38803726e+00   3.85424672e-01
   -8.96594067e-01  -1.48623414e+00  -4.51570350e-01   2.53613035e-02
    1.64517330e-01 
    1.40049212e+00   1.42567776e+00   1.68178021e+00  -2.17726850e+00
   -1.29519810e-02   3.55274332e-01  -2.30311109e+00   1.59630073e+00
   -5.55040253e-01   6.34169054e-01   9.01785931e-01   1.96994459e-03
   -4.25815034e-02  -4.18802244e-01  -1.47407203e+00   8.34483891e-01
   -7.66531591e-01 
    8.96314945e-01  -1.58097055e+00   1.26701862e+00  -3.81938319e-01
    6.59704038e-01   4.56992712e+00  -2.56729585e+00   9.34161941e-02
    2.78356558e+00   2.51851124e+00   2.69269179e-01  -2.59503794e-01
   -5.86098588e-01  -2.97260646e+00  -1.50336097e+00  -1.33964806e-01
   -6.77486913e-01 
    2.47560512e-01   2.92759439e+00  -5.73823254e-01  -1.21000040e+00
    6.88288470e-01  -1.26733448e+00  -1.37730790e+00  -3.07876868e-01
   -1.72627841e+00   2.49132757e+00   1.57951807e+00  -1.32517865e+00
    1.20328706e+00  -1.96172555e+00   1.60678008e+00  -1.83084967e+00
   -1.11471843e-01 
   -1.31044025e+00  -4.68570223e-01  -7.77883415e-01   1.28083465e+00
    1.77326491e+00  -6.05894360e-01   1.25427408e+00  -8.14380308e-01
   -1.16519514e+00   5.82946681e-01   1.08306844e+00   2.28119458e+00
   -3.32545889e+00   3.35765031e-01  -9.12128687e-01  -1.43845446e+00
    4.10806890e-01 
   -8.38661565e-01   3.88370689e-01   9.98920404e-02  -2.75327937e+00
   -2.67688182e+00  -1.47555266e+00   2.56552420e-01   4.88303808e+00
   -1.58897340e+00   6.51569505e-01  -4.85688627e-01   3.13374799e+00
   -1.27929186e+00  -4.43092690e-01  -1.22463254e-01   5.69774091e-02
   -6.27223648e-01 
    3.43078432e+00  -7.26699232e-01   2.19098459e-01   2.02234118e+00
    1.70310069e+00  -9.02234741e-01  -1.17144639e+00   6.96107218e-01
    2.71117533e-01  -1.37106370e+00   6.40271816e-01  -6.24637285e-01
   -3.11697195e+00   5.43431798e-01   1.15873227e+00  -1.26926164e+00
   -3.96010325e-01 
   -2.85199739e-01  -2.82119757e+00   1.67495774e+00   1.91502778e-01
    7.23354271e-03   3.25461090e-01  -3.70340949e+00  -7.02516247e-01
   -1.90793519e+00   1.20094702e+00   3.22792937e+00  -4.09054796e-03
   -5.02228374e-01   1.31558145e+00  -5.63309899e-01  -8.37736213e-01
   -1.39054031e+00 
   -6.42573467e-01   4.93921166e-01  -4.65314154e-01   1.06232343e-02
    2.63406232e+00  -2.21046984e+00   1.27146283e+00   9.58152735e-01
    1.10867357e+00   1.45626238e+00  -2.29608019e+00  -1.77343544e+00
   -1.40687469e+00   8.39049021e-02  -4.36947394e-01  -1.62094303e-01
   -1.87478168e-01 
    2.09503467e+00  -1.80806137e+00   7.54466846e-01   3.36401438e+00
   -2.46318991e+00   7.90257445e-01   4.80362543e-01  -9.81694355e-01
   -1.44554953e+00   1.51063270e-02  -5.24498159e-01  -2.79659228e-01
    7.47839945e-01   2.51262359e+00  -2.29527510e+00  -1.51991831e-01
    6.38336456e-01 
    1.67525649e+00  -1.10852100e+00  -4.48418150e-01   1.07853838e-01
   -1.46342503e-01  -3.51844939e-01   3.28535327e+00  -3.04997387e+00
   -1.08584901e+00  -1.07347051e+00  -5.89275539e-01  -9.20177430e-01
    1.28257727e+00  -2.07854994e+00   1.04742163e+00   8.17941532e-01
    6.38934189e-01 
    1.74336707e+00   5.58576296e-01  -3.03601305e+00  -4.82519654e+00
    1.32892314e+00   3.15505231e-01   5.17506184e-01   1.63620080e+00
    7.31529505e-01   5.83597821e-01  -7.39914072e-01  -1.27223415e+00
   -3.77783095e-01   1.64567309e+00  -5.40332075e-01   1.34505889e+00
    3.50222350e-01 
   -1.74804823e+00   6.65730120e-01  -2.62244585e-01   2.79331736e-01
    6.18751837e-01  -2.19359528e+00   5.94823755e-01   1.30232678e-01
    1.58266731e+00  -8.50774147e-01   1.52513076e+00   3.70273855e-01
    8.48280376e-01  -1.23846488e+00  -8.24165119e-01   1.33659500e+00
   -7.80303006e-01 
    1.16408079e-03  -2.69670905e+00   2.22262219e+00   1.25024372e-01
   -2.51247844e+00   2.17452746e-01  -4.46782865e-01   1.73808607e+00
   -1.00770424e-01   1.58993227e+00  -1.66444319e+00  -4.22384261e-01
    4.45486373e-01  -1.10732469e+00   6.15445128e-01   6.44493267e-01
    7.71654502e-02 
   -1.40952266e+00   6.35929252e-01  -8.80977824e-01   2.37310420e+00
   -8.87058645e-01   1.95212864e+00   1.53470276e+00  -1.88260565e+00
    1.55912896e-01  -1.81089845e+00  -3.99119861e-01   5.96385166e-01
    1.78782903e+00  -3.57079066e-01  -3.18579311e-01  -2.57556669e+00
    3.59287502e-01 
   -2.99457320e-01   2.94251247e+00   1.47798166e+00  -9.06254255e-01
   -2.39254338e-01  -5.13934696e+00   1.37335137e+00   3.60239781e+00
    1.31263355e+00  -2.63864984e+00   8.80881417e-01   1.13906098e-01
   -4.28442208e-01  -9.99198603e-01   8.46413286e-01  -4.60870309e-01
   -3.30340366e-01 
   -3.00433896e+00   8.46066868e-01   2.21611739e+00  -2.62332813e-01
    1.68557312e+00  -9.93510056e-01  -1.69930696e+00  -1.24756051e-01
    2.51394191e+00  -9.87365336e-01   3.21065767e-01  -1.88653657e+00
    3.38766034e-01   4.24470080e-01  -1.32183539e+00  -5.69783850e-01
    6.11841841e-01 
   -1.18078988e-02  -9.40964307e-01   5.60034322e-01  -6.38050272e-01
    2.54723816e+00  -1.21262036e+00   1.55112087e-01   2.60943227e+00
   -2.66202597e+00  -1.00445618e+00   1.50528176e+00   1.00918177e+00
    3.61373786e-01  -8.89459452e-01  -5.26546390e-01  -1.42734619e+00
   -4.03881791e-01 
   -2.10101175e+00   1.36606236e-01  -1.58437890e+00   2.19279737e+00
   -9.68446696e-01   1.14004735e+00   9.18322551e-01  -7.63303271e-01
    1.10043650e+00   1.39360430e+00   2.01624467e+00  -1.61738189e+00
    7.60262983e-01  -1.55424481e+00   6.07928322e-01  -3.92272396e-01
   -6.89253170e-01 
    2.38102361e+00   1.76047219e+00  -2.31474430e+00  -1.47671171e+00
   -3.84527931e+00  -1.77797091e+00   8.54042090e-01   6.66055436e-01
    1.39355080e+00  -2.39138037e+00   1.86723055e+00   4.91968640e-02
    9.04654305e-01  -4.05376869e-01  -7.88284783e-01   2.21827090e-01
   -1.10116137e-01 
    2.00907311e+00   5.14487284e-01  -2.28979782e+00   2.75248376e-01
   -1.18679970e+00  -5.45276253e-01   3.05871871e+00  -3.37337818e+00
   -2.20875349e-01  -3.22095644e-01   2.83888268e-01   8.52554514e-01
   -2.02558494e-01   1.28162697e+00   7.46726101e-01   1.47498698e+00
   -4.59885305e-01 
   -7.52345145e-01  -3.43224988e-02   2.16261667e+00  -3.31864667e-01
    1.95665744e+00   1.93568971e+00  -3.59962116e+00   3.44133569e-01
    3.57702562e-01  -9.74657482e-01  -3.67851403e+00  -4.84707156e-02
    2.28057588e+00  -1.52198465e+00  -2.01221148e-01   3.46955419e+00
   -3.03856446e-01 
   -6.37767996e-01   3.23523510e+00   1.15121665e+00   3.05943077e-02
   -1.38530295e+00   1.67550544e+00  -7.29265026e-01   1.53716722e-01
   -7.84136253e-01  -2.58851000e+00  -5.89754961e-02   1.50829051e-01
   -8.88020004e-01   7.70300686e-01  -1.38371401e-01   8.17020004e-01
   -6.60664208e-01 
   -1.74646663e-01  -9.31950930e-01  -1.36841639e+00  -6.82887401e-02
   -2.14432344e-01   2.85783271e+00  -6.28203157e-01   8.95575190e-01
    3.39517151e-01  -3.07315686e+00   1.09582937e+00  -2.46215727e-01
   -1.65291241e+00   9.58682735e-02   3.48834264e+00  -1.65168919e+00
    7.65828434e-01 
   -4.53532729e-02   2.88110144e+00   1.09316279e-01  -1.12869968e+00
    1.01385172e+00  -1.88215901e+00  -2.58389768e+00  -1.27325684e+00
   -6.18745417e-01  -9.75457633e-01  -2.55903715e-01   7.70696905e-01
    8.87508720e-01   5.82400172e-01   2.59661643e-01   9.71527152e-01
   -2.03334334e-01 
   -7.81539115e-01  -1.59138381e-02   3.34953534e+00   1.90458757e+00
    7.00178427e-01   6.09393636e-01  -2.48738964e+00  -1.69949100e+00
   -8.25042923e-01   5.18064495e-01  -2.26110971e+00  -1.59992589e+00
   -1.95741751e+00   1.95657445e+00   1.96044775e+00   1.24952171e+00
    2.21660887e-01 
    1.75776554e+00   9.57405956e-01  -1.35888554e+00  -2.35811349e-01
   -8.68239609e-01  -1.39980129e-01  -4.68227668e-01  -5.36413247e-01
    1.93415626e+00   1.84526895e+00  -2.51179084e+00  -2.18287690e+00
   -5.25761658e-01  -1.89173498e+00   2.58967628e+00   9.57364318e-01
   -5.49922765e-01     3.88543757 -1.07484906  0.55821037 -2.0700549  -0.92170648  1.69289721
  -0.75941491 -1.06036494  0.46711005  0.58194127 -0.26717449 -3.32757693
  -0.86205259  0.6630701   0.91335545 -1.30273902 -0.03849338  0.00960448
   0.05538499 -0.17438991 -0.13572768  1.77893837  0.79005946  2.14623368
  -1.26578801 -0.9966063   0.37929815 -0.07288849  0.08850669 -0.13486747
   0.20376963 -1.01024133  0.06648408 
   0.62897069  0.40507588 -0.1810352  -0.24352879  1.2655189  -0.45573091
  -1.15682939  0.91443591 -2.02432716 -0.08872291 -0.73235793  0.14538362
   1.22032614  0.07876178  1.45885891 -0.05127542 -0.25990169 -1.17879098
   1.97418158 -2.02637706 -1.27716738  0.35369108  0.67920794  0.17661818
  -1.39256121  0.77052647  0.559086   -4.63951734  1.4163953  -1.71281732
   0.21840083 -1.18348823  0.51962695 
   0.55062847 -0.28049944  2.80053997  1.27028745 -1.75700059 -2.21052768
  -1.2631585  -0.86725975  1.23307849  1.14275119  0.38144285  0.6596485
  -1.82175768  0.12255718 -0.62589746 -1.29702299  2.1183008   0.17348758
  -1.41674609  1.49081193 -1.18613281 -2.51500839 -0.87393066  1.22503108
   1.34087223  0.60593158 -2.49768168 -0.43159132  2.22581055  0.09357031
  -2.13079346  1.00705704 -0.2311222  
  -1.57056601  0.10050209 -1.58584062 -1.00809643  2.05688784  1.21658146
   1.14910443  0.06925859  0.50295748 -0.91817545  2.95836792 -1.83773963
   0.19583316 -0.64182808 -3.24343137  0.18871129  3.93920015 -0.14527582
   0.05674774 -2.2926779  -1.01020743  0.40467018  0.71078443 -2.86299203
   0.62112244  0.59464793  0.10923671  0.03891456 -0.26341756  0.32784275
  -1.79148192 -0.53830848 -0.19505971 
  -2.12230104 -1.24563611 -2.31680194 -0.53161703 -0.21333688 -0.41741987
  -0.29324626 -1.2662572  -0.33951316 -3.16519421  1.56440664 -0.68146319
  -0.13712739 -2.7232955   3.17971734 -1.78709252 -0.09191642 -1.81867171
   2.45645258 -0.39544638  1.10262883 -1.22109761 -3.58940411  2.1782018
   1.65745366  1.23074831 -1.56066563 -0.03477367  0.04678184  0.02709319
  -0.96269784  1.96636398 -0.21953012 
  -1.85477785 -0.2022916   0.55152719  0.26634273  1.16875268 -0.63193898
  -0.5092827  -3.54078731  1.28181752  0.20932397 -0.29638374  0.5273795
  -0.89096795  1.92321844 -0.65258382 -2.14254836 -1.44615817  0.79601519
  -0.3068267  -2.52974273  4.15628683  0.52090824 -0.28796045 -0.17528659
   0.65489756  0.63393333 -1.27097656 -1.84052445 -3.95812086  0.80205286
  -0.21182873  0.26720135  0.03484338 
   0.71005053 -1.44832269  0.04147087 -0.71662658 -0.15755543 -2.8957636
   0.98318023  1.16714438  0.66202339 -2.03505223 -0.58098536  2.84313755
   3.03915054 -1.52345819 -0.99273242 -4.01110789 -0.7169345   0.03130444
   0.10859993 -0.73973049 -0.83845078 -0.05634761 -0.28611587 -0.83458888
  -1.29100741 -2.12627152  0.94783348  0.4734023   0.42950185  2.70331132
   1.2467204   0.14256029 -0.41713148 
   0.08497928 -0.6121097   2.18091322 -0.6585111   1.96132578  0.02886186
  -0.96574247 -0.33905514 -0.15846219  0.56117271 -4.44084277  0.11479174
   0.37313819 -1.97115411 -0.52169249  2.32079349 -2.65144623 -0.43134292
  -2.18149602 -0.12488609 -2.6384716   0.05611645 -3.04223061  0.3060893
  -0.21891053  3.45748427  0.29229246  0.86287653 -1.44849134  0.82714768
   1.2653805  -0.23458776 -1.28029864 
  -2.12663103  2.51294919  1.31469296  1.64695803 -2.02060992 -0.3099651
   1.26706545 -2.43275243  2.42811058  0.38973681  0.78063656 -1.66253643
   1.12164548 -1.84118318  1.79483643  1.16272934 -0.69392428 -2.60716089
  -0.44184195  0.50651843 -1.55582073 -1.7818074   2.39418008 -1.31748035
  -2.09956789 -0.39393665  0.0267711   0.23789813 -1.47061608  0.1282348
   1.48842058 -2.09201646 -0.61466326 
   1.25921196 -1.12133008 -0.97206862 -1.60687636 -0.08917044  0.14708941
  -1.15942127 -2.63871913 -2.71358681 -2.67788295 -1.88110636  2.10408381
  -2.72053694 -1.50524153  0.39014776  0.37411159  0.57058583 -0.07989855
  -2.33690325  1.63945718  1.42026751  1.20929731  0.48895216 -2.52435753
   2.66044535 -1.04247823  2.29818157  0.65019238  2.87125079  0.46945206
   0.01903761 -2.09777246 -0.54593214 
  -0.01071208 -3.09878691  0.5236542   1.13066005 -0.54844527  1.5045323
  -1.26782984 -2.28216971 -1.99233021 -0.23897046  1.21413826 -0.10599826
  -2.61866451  1.85147888 -0.35538063  0.35553285  0.22470386 -1.47233322
   1.08404053  1.67590265 -0.84857226 -1.43981706 -1.42980744 -3.11369427
  -1.55470308 -1.62003812  3.72049801  1.01825041 -1.18195442 -0.32400057
   1.54761914  2.65736963 -0.60710854 
  -1.09092109  4.83918959 -1.54938298 -2.6771385  -2.22069601 -1.25488876
  -1.17901713 -0.15308518  1.09791322 -2.43781512 -2.72756196  0.38304071
  -0.64628245  1.32397913 -0.43604568  1.62980485 -0.51504281 -0.59333999
   0.02072055 -0.95252472  0.75415958  1.80344242 -0.67035897  1.04575619
   0.3889259  -1.65696338 -1.56534985 -0.03496703  1.19872482 -1.02460488
   1.88431979  1.30482257 -0.72928509 
  -0.42637412 -0.99866272 -2.53824792 -2.14448049 -2.17791226  1.04393104
  -0.08984719 -0.16469376 -0.70940789  3.80725513  0.16723026  2.24031021
  -0.98251734  0.46203522 -0.56755771 -1.3561855  -0.12895949 -1.10723776
  -0.46243966 -1.53709947  0.30918462 -0.32505509 -0.89871748 -0.69687162
  -0.1504044  -0.19057395 -2.00465569  0.5481829   1.60706711 -1.25626101
   2.15601248 -0.43536117 -0.19273084 
  -0.2379412  -0.80024432  0.43858624  1.98735944 -2.48809495  1.41074735
  -0.24126632  1.20441094  0.97148479 -0.7718194  -0.94895092  0.14498843
  -1.74106513 -0.77391959 -2.80552497  2.27695712 -3.18544438  0.52632957
   1.05415928 -0.85453262  0.94028874 -0.55206398  1.52891001  0.38378141
   0.23979567 -2.16241249  0.95372546 -1.36954914 -0.02171931 -1.24265594
  -0.96331965  0.76904996 -0.62049264 
  -0.61991848  2.33245045  0.29087162 -1.15357527 -1.01975091 -0.21764464
   0.98703571  1.57159659 -1.12572103  0.24874937 -1.01457155 -0.66762903
   0.20363675  0.36761023  2.00944897 -1.24120648  0.47247506  0.21117221
  -1.52042986  0.4085979  -0.85849305  0.96124187 -0.39834954 -0.4709875
   1.0522346  -1.2613857  -0.41267    -0.41244187 -2.77505211 -0.15470467
  -2.03769985 -3.03422955 -1.04700226 
  -0.13706645 -1.84866909 -2.4896326   2.18336611  1.41589578  0.84329354
  -0.35757645 -0.52895171  2.22477952  1.23450087  0.24687974  0.56454077
   0.01154314  0.25014692 -1.02815487 -0.68976131 -0.29236194 -2.00748105
  -0.91150503  1.7042403  -0.39420827  0.75639715  0.47862508 -1.62054901
  -0.43258683 -1.66308589 -1.69927365 -0.72404528  1.10267333 -0.48193211
  -0.94037444 -0.70486107 -0.2099702   