NN 16 32 16   -3.44640271e+00  -8.98944199e-01  -1.70766394e-01   6.46844557e-01
    2.23278212e+00  -9.09194190e-01  -1.66079380e+00  -1.85435969e+00
    2.80078052e+00  -1.36743386e+00  -1.97089979e-01   2.17192726e-01
    7.42082745e-01  -2.29942147e-01   2.62897141e-01  -4.44577248e-01
   -8.00163212e-01 
    7.10882884e-01  -4.80568962e-01  -4.58950105e-01  -2.99943959e-01
    9.88954480e-01  -3.22159845e-01   1.25627246e-01   4.74240754e-01
   -2.28172451e+00   7.64836739e-01   1.97581536e+00  -3.51500546e+00
    7.07907881e-01   7.11856143e-01  -1.79926167e+00   1.27881919e+00
    5.78720539e-01 
   -7.80407389e-01   1.00643334e-01  -2.61150064e+00   9.74702348e-01
    2.51688002e+00  -1.77471432e+00  -4.77840148e-01  -8.17590151e-01
   -1.02267731e+00   5.80613790e-01  -9.10653826e-02   7.31806412e-02
    1.46182223e+00  -8.17115297e-01  -1.79955137e-01   1.82964627e+00
    1.37936758e-01 
    1.59498184e+00  -8.09392876e-01  -1.32062606e+00   9.24068505e-01
    5.43799982e-02  -1.03159687e+00   8.09343973e-01  -3.37694787e-01
   -1.35620886e+00   7.60294384e-01  -1.44004589e+00   1.75754326e+00
    1.69522290e+00  -1.55240561e+00   1.07586041e+00  -1.80421418e+00
   -2.65107577e-01 
   -3.07976116e-01  -1.57857916e+00   1.41442426e+00  -1.02427938e+00
   -3.74584072e-01  -6.54553887e-01   1.18365779e-02  -1.84187276e+00
    1.26386309e+00  -4.93804146e-01  -3.37196985e-02   1.82300931e+00
    1.54807832e+00   2.01529441e+00  -1.38629298e-01  -1.48713135e+00
   -7.65983391e-01 
   -4.23346421e-01   1.23973173e+00   1.64683792e+00  -1.30004250e+00
    7.06911384e-01   1.15703453e+00   1.71113757e+00  -1.55420866e-01
   -5.51755616e-02  -2.29096072e-01  -1.76977742e+00   5.62618626e-01
   -7.49806613e-01  -1.30785305e+00  -3.48685862e-01  -1.20048597e-01
    3.21725399e-02 
    7.19205827e-01   1.59349426e+00   1.34202754e+00  -1.76695819e+00
   -9.08886622e-02  -2.23328479e-02  -1.86083975e+00   1.13066186e+00
   -4.98203514e-01   4.95281252e-01   7.96929189e-01   2.94984955e-01
   -2.72911580e-01  -4.34418213e-01  -1.40355688e+00   7.51356414e-01
   -6.89572503e-01 
    6.15625481e-01  -1.35938719e+00   1.07095772e+00  -3.72849400e-01
    6.30238988e-01   3.81415422e+00  -1.90128412e+00  -8.83601685e-02
    2.18114455e+00   2.12765799e+00   5.53546127e-01  -7.09845574e-01
   -6.36671432e-01  -2.47075090e+00  -1.24509602e+00  -7.68222103e-02
   -6.51957998e-01 
    3.02794171e-01   2.55025621e+00  -9.54910797e-01  -8.15025054e-01
    8.17329054e-01  -1.14210545e+00  -1.04892051e+00  -1.16510377e-01
   -1.58348429e+00   2.22419027e+00   1.26715751e+00  -1.10407723e+00
    7.22795947e-01  -1.70294171e+00   1.24711767e+00  -1.44429796e+00
   -1.32308114e-01 
   -1.45764903e+00  -1.41892822e-01  -7.29318102e-01   1.43035689e+00
    1.75579586e+00  -8.96114475e-01   1.19344304e+00  -6.96848821e-01
   -9.61932701e-01   1.17589931e+00   3.38515818e-01   1.89558916e+00
   -2.42307719e+00   5.32549464e-01  -4.01525663e-01  -1.21147149e+00
    3.49993423e-01 
   -5.26912889e-01   5.64660446e-01  -6.63551796e-02  -2.61250013e+00
   -2.02584375e+00  -1.26226789e+00   1.10174519e-01   3.82109098e+00
   -1.04280767e+00   5.96225499e-01  -7.18601208e-01   2.77085615e+00
   -8.67702314e-01  -3.04471200e-01  -5.81700901e-02   3.89135153e-02
   -6.05389507e-01 
    2.70178203e+00  -7.18313719e-01   2.73496954e-01   1.83136882e+00
    1.42944671e+00  -5.32096723e-01  -1.47110446e+00   6.96719368e-01
    2.16543484e-01  -9.93584339e-01   3.23495457e-01  -6.15958378e-01
   -2.68190127e+00   3.68406046e-01   9.30756616e-01  -7.52569553e-01
   -1.15954296e-01 
   -3.32874741e-01  -1.62805933e+00   1.16680086e+00  -1.68808720e-01
   -1.45316500e-01   4.09494283e-01  -3.33453093e+00  -6.35319208e-03
   -1.76911044e+00   9.91778956e-01   2.83283795e+00   1.63946833e-01
   -4.28136889e-01   1.18402801e+00  -6.61288611e-01  -6.50935716e-01
   -1.22410987e+00 
   -3.29544429e-01   2.03161563e-01  -6.09580670e-01   8.85738353e-02
    2.08104139e+00  -1.95145024e+00   8.18798597e-01   7.40038848e-01
    8.37340854e-01   1.61657919e+00  -2.19180877e+00  -1.61173803e+00
   -8.50353075e-01   3.91722355e-01  -3.89171397e-01  -5.42966118e-02
   -1.18067610e-01 
    1.39691575e+00  -1.85141401e+00   4.93597437e-01   2.72037398e+00
   -1.98962396e+00   9.81086800e-01   4.99914982e-01  -8.54290984e-01
   -1.60041991e+00  -1.40089004e-01  -4.54448962e-01  -3.87567138e-01
    7.72856624e-01   2.32410259e+00  -1.87627224e+00  -7.28006543e-02
    6.16663263e-01 
    1.28936828e+00  -8.44370705e-01  -3.02557862e-01   1.26970181e-01
   -4.08779466e-01  -2.30431949e-01   3.06339967e+00  -2.83580671e+00
   -1.39338247e+00  -7.25721937e-01  -3.86804477e-01  -8.56373320e-01
    1.45421754e+00  -1.75187490e+00   8.02919899e-01   3.87620259e-01
    5.02096004e-01 
    1.32516910e+00   7.39231373e-01  -2.93280263e+00  -3.91134218e+00
    8.66583764e-01   1.45556280e-03   1.03985218e+00   1.44396581e+00
    7.18820501e-01   1.23832703e-01  -9.23071784e-01  -8.59804003e-01
   -2.80584194e-01   1.79949359e+00  -5.21239418e-01   1.00321324e+00
    1.83479674e-01 
   -1.37827536e+00   2.88780535e-01  -1.39598368e-01   1.37453002e-01
    7.55448031e-01  -1.32537984e+00   1.10922026e-01   1.37282771e-01
    1.41235688e+00  -8.60305260e-01   1.02216769e+00  -3.67529077e-02
    8.14917958e-01  -9.56788343e-01  -5.99244979e-01   1.09981795e+00
   -6.08634736e-01 
   -2.01717488e-01  -2.16180749e+00   1.98874279e+00  -1.45178705e-01
   -2.34270081e+00   3.67664762e-01  -2.85888950e-01   1.47939392e+00
    2.92324512e-01   1.64830844e+00  -1.79426904e+00  -3.37759900e-01
    6.05715960e-01  -1.19329256e+00   5.34243087e-01   5.83258092e-01
    6.24850697e-02 
   -1.47382524e+00   4.48937064e-01  -9.50765808e-01   1.92150041e+00
   -7.89354686e-01   1.72361714e+00   9.55151439e-01  -1.50996389e+00
   -4.11653375e-01  -1.72399615e+00  -9.25182246e-01   6.76427413e-01
    1.65966775e+00   1.52206880e-01  -2.64281463e-01  -2.01536479e+00
    3.12472343e-01 
    1.10440016e-01   2.56954103e+00   9.43341790e-01  -4.72428473e-01
   -4.21609993e-01  -4.38062685e+00   1.16388836e+00   3.27438445e+00
    1.37685771e+00  -1.92021503e+00   7.57930036e-01  -1.79353327e-01
   -5.59880262e-01  -6.33018652e-01   6.23891984e-01  -1.98852350e-01
   -2.61119493e-01 
   -2.47656665e+00   8.91024977e-01   1.85733762e+00  -3.11085437e-01
    1.60848771e+00  -8.95684122e-01  -7.71072925e-01  -5.39702221e-01
    2.06823530e+00  -1.16589466e+00   1.43443976e-01  -1.80546393e+00
    5.34238008e-01   5.33565203e-01  -1.11422407e+00  -3.93794927e-01
    6.22791661e-01 
   -3.11575763e-01  -5.13132333e-01   4.84597528e-01  -8.27761365e-01
    2.18646985e+00  -1.34283143e+00   8.05560118e-02   2.21148985e+00
   -2.52969148e+00  -7.53197062e-01   1.08286566e+00   7.58610475e-01
    4.92618024e-01  -7.05936553e-01  -3.86894591e-01  -8.59794629e-01
   -3.22693733e-01 
   -1.93544987e+00   2.43470822e-01  -1.40310545e+00   2.04826089e+00
   -9.56384167e-01   8.97252385e-01   6.88973944e-01  -6.33326379e-01
    1.10066024e+00   1.45759770e+00   1.57101748e+00  -1.81359418e+00
    7.45587812e-01  -1.36921846e+00   4.73395848e-01  -2.46214843e-01
   -6.61791019e-01 
    1.63384035e+00   1.54490006e+00  -1.97212012e+00  -8.45809436e-01
   -3.29605101e+00  -1.07484502e+00   9.12537248e-01   6.04839194e-01
    1.33253304e+00  -2.32259841e+00   1.87267816e+00  -1.05617831e-01
    3.67013585e-01  -2.54188666e-01  -7.62440025e-01   6.54887176e-02
   -1.73451764e-01 
    1.61825657e+00   8.49694262e-02  -1.65112825e+00  -2.79363451e-01
   -1.13341503e+00  -4.87577428e-01   2.62981485e+00  -2.86658613e+00
   -8.59102432e-02  -3.93381787e-01   2.32326313e-01   8.91668775e-01
   -1.81067511e-01   1.26615689e+00   7.95660831e-01   9.43536985e-01
   -6.24186028e-01 
   -7.63919406e-01  -6.18677439e-01   1.89799914e+00  -2.96667850e-01
    1.38341181e+00   1.76165796e+00  -2.90600015e+00   5.82138266e-02
    3.71256411e-01  -7.60393934e-01  -2.93651510e+00   1.27978769e-01
    1.63587312e+00  -1.29829971e+00  -1.80505525e-02   2.80976212e+00
   -2.46284731e-01 
   -8.18508948e-01   2.57110008e+00   1.31928097e+00  -1.96032675e-02
   -1.22580434e+00   2.01468122e+00  -4.92802898e-01  -9.90362384e-02
   -1.04487214e+00  -1.93245803e+00  -3.05577206e-01  -1.42027660e-01
   -9.33205127e-01   5.76449021e-01  -3.88043317e-02   7.23451715e-01
   -4.68056993e-01 
   -4.27194425e-01  -1.15502776e+00  -9.65137577e-01   5.24216069e-02
    1.32690268e-01   2.40696570e+00  -7.63876407e-01   8.45546450e-01
    3.51338838e-01  -2.41812312e+00   1.22829906e+00  -2.88204879e-01
   -1.36611244e+00   5.41955559e-02   2.81802598e+00  -1.34542415e+00
    5.65982971e-01 
   -1.92606223e-01   2.01822336e+00   3.97762921e-01  -7.55767421e-01
    7.36977846e-01  -1.48703065e+00  -2.25019964e+00  -1.50912448e+00
   -3.31822308e-01  -7.98317174e-01  -1.24496052e-01   8.79768202e-01
    5.53934622e-01   4.51366981e-01   6.93495628e-02   9.65027237e-01
   -3.76942272e-02 
   -1.17236901e+00   1.78202632e-01   2.49577157e+00   1.45676062e+00
    1.09288643e+00   2.62437033e-01  -1.83204258e+00  -1.15600371e+00
   -6.64067343e-01   8.91843435e-01  -1.80284683e+00  -1.40637977e+00
   -1.60699725e+00   1.41642143e+00   1.47948428e+00   1.09354886e+00
    2.93352741e-01 
    1.37321297e+00   9.06942555e-01  -9.89460730e-01  -3.24911271e-01
   -8.34426839e-01  -3.46581071e-01  -5.60719610e-01  -3.27707610e-01
    1.65855304e+00   1.52368727e+00  -2.06914818e+00  -1.72553082e+00
   -4.17120426e-01  -1.61532300e+00   2.37117236e+00   7.77583612e-01
   -4.90040955e-01      3.28747385e+00  -8.37915936e-01   3.41912803e-01  -1.98581879e+00
   -8.04094398e-01   1.13732103e+00  -6.98033205e-01  -9.28979288e-01
    6.04512827e-01   9.92020742e-01   2.65263469e-01  -2.88647487e+00
   -7.67558091e-01   4.00828134e-01   8.05727591e-01  -1.63170304e+00
   -2.38279369e-01   1.55609340e-01   1.62785340e-01   2.56182717e-01
   -2.32249602e-01   2.11306828e+00   5.45338555e-01   1.93661016e+00
   -1.65921734e+00  -8.82243358e-01   3.82543262e-01  -2.79661673e-01
   -7.25896888e-02  -4.90845992e-01   3.13393087e-01  -1.49412414e+00
   -2.40514405e-01 
    5.24757923e-01   4.99727654e-01  -3.68130299e-01  -1.44024513e-01
    1.00473829e+00  -3.03333434e-01  -1.44349741e+00   9.76782745e-01
   -2.25455056e+00  -2.38106129e-01  -9.82465427e-01   3.96409051e-02
    1.17140528e+00  -2.67465398e-01   1.66256161e+00   1.92155936e-01
    1.33701267e-01  -7.81485055e-01   2.00769166e+00  -2.07611127e+00
   -1.58008468e+00   3.09175976e-01   3.94045205e-01   2.17458993e-01
   -1.44532066e+00   5.46538567e-01   6.35066388e-01  -4.03686984e+00
    1.28574215e+00  -1.79512778e+00   2.25182127e-04  -1.38124710e+00
    9.31085924e-02 
    6.57215238e-01   5.90381439e-02   2.91964688e+00   9.58980701e-01
   -1.92158782e+00  -1.47877926e+00  -8.91763565e-01  -8.58111137e-01
    1.50611347e+00   1.08302027e+00   4.73048633e-01   3.91716900e-01
   -2.25181870e+00  -4.41694641e-02  -3.31499847e-01  -1.19866097e+00
    2.19754681e+00  -7.02162373e-02  -1.44147156e+00   1.24580567e+00
   -1.37078223e+00  -2.50747255e+00  -1.04554031e+00   1.16021701e+00
    1.21152266e+00   9.22825026e-01  -2.10218254e+00  -5.50107816e-01
    2.04682858e+00  -2.47783860e-01  -2.34760795e+00   9.09976425e-01
   -2.80619237e-01 
   -1.33228197e+00   4.32093627e-01  -1.44428514e+00  -9.49765314e-01
    1.71748782e+00   1.34514460e+00   1.35455361e+00   2.72349277e-01
    3.80408826e-01  -8.73406599e-01   2.53616008e+00  -2.22831676e+00
    4.52463083e-01  -1.11060241e+00  -3.19796531e+00   3.83260626e-02
    3.71618757e+00  -1.95341742e-01   2.01118802e-01  -2.13011012e+00
   -9.98909310e-01   5.79567840e-01   7.71962726e-01  -2.83763427e+00
    5.91453816e-01   6.13714372e-01  -6.45336900e-02   2.46350615e-01
   -3.63069321e-01   2.69859539e-01  -1.75329381e+00  -5.64029511e-01
   -1.19612932e-01 
   -1.66723212e+00  -1.19086630e+00  -2.20152419e+00  -5.07697387e-01
    2.66472977e-01  -3.85340392e-01   2.14918807e-01  -1.11268371e+00
   -3.19130199e-01  -2.71533123e+00   1.39047163e+00  -3.61299933e-01
   -1.58058761e-01  -2.35609713e+00   2.56702357e+00  -1.71453173e+00
   -7.14353615e-02  -1.37263418e+00   2.61000030e+00  -4.64015625e-02
    1.34329705e+00  -1.31178593e+00  -3.01697835e+00   2.20212440e+00
    2.05072941e+00   1.49053657e+00  -1.47205697e+00  -1.51554282e-01
   -7.60090643e-01  -3.44396784e-01  -1.07171799e+00   1.45108144e+00
   -1.15411108e-01 
   -9.78911555e-01  -2.60699630e-01   7.54268403e-01   7.54678390e-01
    9.65056280e-01  -7.36269982e-01  -4.45014041e-01  -3.58177641e+00
    9.67464036e-01   6.77910257e-02  -1.04672617e-01   3.89407326e-01
   -6.75757212e-01   1.80096886e+00  -8.49179494e-01  -2.09114197e+00
   -1.32584697e+00   4.84372117e-01  -1.18423252e-01  -2.61983633e+00
    4.54466490e+00   3.21954108e-01   7.32855205e-02   6.18269724e-03
    1.64227240e-01   5.42148393e-01  -1.43948573e+00  -1.66640225e+00
   -3.46583461e+00   7.54607165e-01  -2.96637515e-01   2.04153591e-01
    5.81273649e-02 
    7.61977875e-01  -9.50036216e-01   1.38971425e-01  -1.21975462e+00
   -3.94784038e-01  -2.00657888e+00   1.24567491e+00   8.28086101e-01
    3.27340445e-01  -2.12185345e+00  -6.91874731e-01   2.47605667e+00
    3.02468566e+00  -1.49665538e+00  -1.22935128e+00  -3.83452947e+00
   -1.02615020e+00   1.42424041e-01  -3.17519697e-01  -2.22401494e-01
   -7.93915241e-01  -2.09735849e-01  -5.84240772e-01  -5.96945977e-01
   -1.47576518e+00  -1.63195469e+00   1.06800853e+00   1.92346240e-01
    4.20102519e-01   2.68410527e+00   6.70899512e-01   4.50255970e-01
   -3.45397080e-01 
    4.30456625e-02  -6.81551584e-01   2.06217199e+00  -6.06307882e-01
    1.57862069e+00  -1.87800916e-01  -9.30007292e-01  -9.88221410e-02
   -1.58618549e-01   4.40911956e-01  -4.09753749e+00   1.02937630e-01
    1.57243767e-02  -1.52553535e+00  -2.69328202e-01   2.22031933e+00
   -2.23152109e+00  -5.34225403e-01  -2.26357535e+00  -3.67075949e-01
   -2.28220286e+00  -2.41189916e-01  -2.66688791e+00   2.14825794e-01
   -3.26677585e-01   3.31703160e+00   5.15002174e-01   4.94948753e-01
   -1.59907691e+00   8.72809148e-01   1.03604589e+00  -1.71939336e-01
   -7.42935525e-01 
   -1.93423134e+00   2.24864899e+00   1.13020497e+00   1.27966839e+00
   -2.03260617e+00  -3.61699998e-01   1.19454391e+00  -2.22749591e+00
    2.10386480e+00   3.14171828e-01   5.90441764e-01  -1.37494507e+00
    1.16879966e+00  -1.48618309e+00   1.93742391e+00   1.23905433e+00
   -8.34597389e-01  -2.12521131e+00  -4.69019634e-01   5.35023689e-01
   -1.43490156e+00  -1.64029534e+00   2.05743344e+00  -1.34908449e+00
   -1.74045909e+00  -5.96579513e-01   3.39397748e-02   6.01199050e-01
   -1.21495165e+00  -9.87418786e-02   1.46803127e+00  -1.70741974e+00
   -5.29640556e-01 
    7.84501200e-01  -7.92324754e-01  -9.01987371e-01  -1.27690790e+00
   -1.40985740e-01   2.45261386e-01  -8.85750493e-01  -2.24409562e+00
   -2.32810545e+00  -2.48925987e+00  -1.76359855e+00   1.61355908e+00
   -2.46287346e+00  -1.45005541e+00   5.97847929e-02   6.44013117e-02
    7.55486072e-01  -6.07505094e-02  -2.10281177e+00   1.73793723e+00
    1.29425558e+00   1.17703624e+00   6.15024025e-01  -2.62434685e+00
    2.63691694e+00  -4.83070122e-01   1.61083499e+00   3.49564008e-01
    2.23156278e+00   2.74959555e-01   4.22544759e-02  -1.69372601e+00
   -2.21773523e-01 
   -2.45416263e-01  -2.57666760e+00   3.14669098e-01   7.51552342e-01
   -5.87907387e-01   1.07901167e+00  -1.01697407e+00  -2.24385721e+00
   -1.44863995e+00  -5.20958526e-02   1.15119663e+00   1.88159581e-01
   -2.60289084e+00   1.83013185e+00  -4.30109907e-01   1.49663372e-01
    5.61597300e-01  -1.18933205e+00   9.71511642e-01   1.49731432e+00
   -7.22777666e-01  -1.17994308e+00  -1.27144752e+00  -2.60357624e+00
   -1.75312674e+00  -1.68434671e+00   3.23305964e+00   9.17068430e-01
   -1.19627309e+00  -3.69717467e-01   1.53315897e+00   2.35408424e+00
   -4.27945915e-01 
   -1.40105417e+00   3.99413350e+00  -1.18059342e+00  -2.49200549e+00
   -2.02616028e+00  -1.17108521e+00  -1.12454532e+00   9.48448280e-02
    1.06575106e+00  -2.22166309e+00  -2.51155391e+00   1.85489708e-01
   -7.69355466e-01   1.31288559e+00   3.06097947e-02   1.59617079e+00
   -8.23757458e-01  -5.21725063e-01  -2.01624335e-02  -7.87724599e-01
    7.36305835e-01   1.74350672e+00  -5.52283399e-01   9.50106428e-01
    7.46441119e-01  -1.69198788e+00  -1.40463797e+00  -3.80757676e-02
    8.69912105e-01  -8.22390674e-01   1.42544524e+00   1.09724009e+00
   -5.58196908e-01 
   -4.50587918e-01  -8.59981455e-01  -2.48982564e+00  -1.99232390e+00
   -2.01852283e+00   8.42273660e-01   8.26862662e-02  -2.49008500e-01
   -5.77001633e-01   3.12309311e+00   2.62226468e-02   2.06830472e+00
   -1.03229673e+00   2.00372858e-01  -4.02643881e-01  -1.26511771e+00
   -8.38356647e-02  -1.07736360e+00  -3.80762006e-01  -1.33421082e+00
    4.06082787e-01  -4.14246901e-01  -8.66824334e-01  -6.99267542e-01
    4.53200102e-02  -2.20577010e-01  -1.72146051e+00   4.47733959e-01
    1.45049341e+00  -1.16134867e+00   1.86093595e+00  -4.31693096e-01
   -2.18404815e-01 
   -3.27665167e-01  -7.96946724e-01   5.62417181e-01   1.85907419e+00
   -2.19770187e+00   1.16490682e+00  -1.83666059e-01   9.14101304e-01
    9.24493907e-01  -7.14828656e-01  -8.18966372e-01   2.69753203e-02
   -1.64702727e+00  -6.96288567e-01  -2.45392616e+00   1.88981188e+00
   -2.76822164e+00   3.34905178e-01   9.58219565e-01  -7.74673786e-01
    7.14563159e-01  -6.78301721e-01   1.32477245e+00   3.35613956e-01
    3.65273049e-01  -1.99377304e+00   9.05475047e-01  -1.24011006e+00
    1.24118387e-01  -1.00806629e+00  -8.67030477e-01   6.91196929e-01
   -4.31229330e-01 
   -6.12236609e-01   1.92473249e+00   2.31574883e-01  -1.09581736e+00
   -9.70700876e-01  -1.66231173e-01   9.21216795e-01   1.42099865e+00
   -8.95174555e-01   1.69456667e-01  -9.36724852e-01  -6.67605244e-01
    2.23470519e-01   4.22679265e-01   1.72698878e+00  -1.06857133e+00
    4.31634545e-01   2.57615021e-01  -1.22085378e+00   4.29060014e-01
   -6.27250210e-01   9.76521603e-01  -2.61284696e-01  -2.99910979e-01
    8.76477348e-01  -1.25539969e+00  -4.43414906e-01  -3.22010943e-01
   -2.14431392e+00  -1.16332564e-01  -1.69566937e+00  -2.70259551e+00
   -8.67594555e-01 
   -2.50831231e-01  -1.63473800e+00  -2.23133107e+00   1.68711016e+00
    1.29330867e+00   8.81124422e-01  -4.70116795e-01  -4.81383460e-01
    1.67268808e+00   1.17849384e+00   1.63851974e-01   3.95891116e-01
   -2.02206974e-01   2.19661509e-01  -9.50135719e-01  -3.87301746e-01
   -2.30525232e-01  -1.65451371e+00  -8.19420129e-01   1.54498316e+00
   -5.30215691e-01   6.96232950e-01   2.92503293e-01  -1.44247140e+00
   -5.44839117e-01  -1.41811704e+00  -1.55542952e+00  -5.03143611e-01
    1.05922819e+00  -5.55603356e-01  -8.28320441e-01  -5.93508636e-01
   -1.81412853e-01  