NN 16 32 16   -2.47997372e+00  -2.95061030e-01  -5.53912655e-01   7.57803174e-01
    8.19849647e-01  -2.60795988e-01  -6.07063892e-01  -5.86356872e-01
    1.51412061e+00  -1.00223793e+00   5.57785597e-02   8.12478653e-01
    5.72548894e-01  -9.27276545e-02   4.40581428e-02  -1.47930277e-01
   -5.82225128e-01 
    3.11384928e-01  -5.60977671e-03  -4.70752719e-01  -7.56256567e-01
    5.60506666e-01  -2.56888988e-01  -2.29234003e-02   6.51743198e-01
   -1.59887126e+00   3.45213857e-01   1.39223186e+00  -2.44090801e+00
    3.65789780e-01   6.30875306e-01  -8.24480507e-01   7.74785714e-01
    5.04817969e-01 
   -1.19961918e-01   1.80316108e-01  -1.75804383e+00   1.13437391e+00
    1.56400178e+00  -1.02043368e+00  -6.84145821e-01  -1.15049240e+00
   -8.56119696e-01   1.20299660e-01   2.47440191e-02   2.13953554e-01
    1.49267324e+00  -8.32891319e-01  -5.61048791e-02   6.61167717e-01
    2.82379078e-01 
    1.22326903e+00  -5.98140449e-01  -5.64680818e-01   6.34785677e-01
   -3.65548996e-01  -8.33357541e-01   1.00743946e+00   1.20964571e-02
   -9.65113387e-01   8.01006804e-01  -8.48861819e-01   1.41162389e+00
    1.16946875e+00  -1.44768612e+00   7.48997082e-01  -8.70680881e-01
   -3.78736320e-01 
   -2.87458884e-01  -1.00261053e+00   1.17325339e+00  -9.00199736e-01
   -4.33634230e-01  -8.61984909e-01  -1.49950685e-01  -1.35848160e+00
    1.30323686e+00   2.10836264e-01  -2.47912010e-01   1.32813344e+00
    1.12840800e+00   1.25205893e+00   2.17671847e-01  -9.82539124e-01
   -6.85183617e-01 
   -1.63647676e-01   4.84250302e-01   6.72729945e-01  -7.36790367e-01
    3.45798531e-02   8.95817714e-01   6.99864210e-01   1.30848544e-01
   -6.10950170e-02  -3.09772023e-01  -6.52944714e-01   7.23016774e-01
   -5.80882934e-01  -8.98265911e-01  -1.23939453e-01  -2.14762230e-02
   -2.50373527e-01 
    3.63059511e-01   1.13327352e+00   1.13815168e+00  -1.17759992e+00
   -3.08739812e-01  -7.20863635e-02  -1.39813048e+00   7.86435407e-01
   -5.77214267e-01   3.03253085e-01   6.93726251e-01   6.22106034e-01
   -2.24754474e-01  -8.69057396e-02  -7.21256454e-01   6.47813964e-01
   -4.08827088e-01 
    1.93603581e-01  -1.10869462e+00   6.42738827e-01  -4.00951274e-01
    4.91060529e-01   2.47743960e+00  -1.16198589e+00  -2.52465685e-01
    1.44735726e+00   1.73550921e+00   8.55262098e-01  -1.04480829e+00
   -5.76258826e-01  -1.38087878e+00  -9.78376588e-01  -1.39855584e-01
   -7.66030999e-01 
    1.70940921e-01   1.87260489e+00  -1.10484016e+00  -2.64399281e-01
    7.42939144e-01  -8.97902175e-01  -4.44181247e-02  -1.30449970e-01
   -1.27400981e+00   1.71385240e+00   9.14874300e-01  -6.36735883e-01
    2.47559769e-01  -1.08557249e+00   5.23564828e-01  -5.15836732e-01
   -9.59718251e-02 
   -1.25780437e+00   4.39193652e-01  -9.85862464e-01   7.99409826e-01
    1.59305832e+00  -5.29310987e-01   1.19919344e+00  -4.82096743e-01
   -4.84216895e-01   1.19162658e+00   9.93510899e-02   1.26936949e+00
   -1.86277982e+00   9.67815513e-02  -3.13741085e-02  -8.49043269e-01
   -7.93937101e-02 
   -5.23950283e-01   7.62392261e-01  -1.64939061e-01  -2.10084445e+00
   -1.78705446e+00  -6.44494241e-01   1.71525378e-01   2.67252807e+00
   -5.67777679e-01   8.34624732e-01  -9.07801269e-01   1.41081485e+00
   -5.48891583e-01   4.64317214e-02   1.56691788e-01   6.47940138e-03
   -6.39308244e-01 
    1.60308667e+00  -1.06724158e+00   6.70217256e-01   1.62745974e+00
    9.24355975e-01   8.49947402e-02  -1.18910568e+00   7.46248014e-02
    6.53727826e-01  -4.72390412e-01  -5.05297241e-01  -2.71118725e-01
   -1.91695964e+00   1.02126967e-01   4.14081467e-01  -4.04803273e-01
    6.74152812e-04 
    3.34626666e-01  -1.24767371e+00   7.19709748e-01  -3.74085900e-01
    3.57467421e-01  -6.12235620e-02  -2.52067134e+00   3.94934916e-01
   -1.30818961e+00   7.79639180e-01   2.17167284e+00   3.97584503e-01
   -1.32393498e-01   8.84883696e-01  -4.41015004e-01  -2.00862553e-01
   -6.99389018e-01 
    4.08197831e-02  -2.87436290e-01  -7.60380383e-01   3.76471039e-01
    1.74607510e+00  -1.42564150e+00   9.21605878e-01   8.75763834e-02
    8.16269451e-01   1.26712660e+00  -1.75826787e+00  -1.48745040e+00
   -2.23402095e-01   4.85812630e-01  -1.94215745e-01  -1.98741218e-01
   -6.11269266e-02 
    3.10888872e-01  -1.99849092e+00  -1.50858292e-01   1.95510175e+00
   -1.90335936e+00   8.22266069e-01   3.30282892e-02  -1.30958675e-01
   -1.37092791e+00   1.68498809e-01  -1.56586550e-01  -6.83087883e-01
    4.66095492e-01   1.66057641e+00  -1.00428354e+00   6.14037759e-02
    5.48986939e-01 
    1.07613846e+00  -6.98477937e-01   1.01325181e-01  -4.93377205e-02
    3.25257504e-02   6.07810266e-01   2.35775072e+00  -2.30146817e+00
   -1.18555113e+00  -2.02222517e-01  -3.04247965e-01  -6.30692483e-01
    1.39896908e+00  -1.16748385e+00   5.06337964e-01  -8.84795854e-02
    4.42254662e-01 
    1.13543983e+00   5.09362249e-01  -2.11938818e+00  -2.82435138e+00
    1.97380001e-01   2.20791231e-01   8.68700713e-01   1.31272922e+00
    6.17307442e-01  -4.04365482e-01  -7.99344211e-01  -1.04177603e-01
   -2.44286015e-01   1.78934997e+00  -4.51199883e-01   4.83618728e-01
   -2.10659798e-02 
   -9.31834877e-01   3.09157819e-02   1.37062907e-01   1.03096826e-01
    7.65506861e-01  -7.58113409e-01  -4.06528216e-01   1.89575433e-02
    1.26470646e+00  -4.30503730e-01   6.33596394e-01  -2.82973084e-01
    4.92547080e-01  -5.15520748e-01  -2.66649968e-01   4.28896305e-01
   -4.46043970e-01 
    1.39378792e-01  -1.43102555e+00   9.58428150e-01  -5.68290851e-01
   -1.91913925e+00   6.40273875e-01   4.21731385e-01   1.19722732e+00
    5.49443699e-01   1.55260900e+00  -1.51167976e+00  -6.47722770e-01
    1.79936508e-01  -8.55127731e-01   5.05930484e-01   3.94752544e-01
    1.21126949e-01 
   -8.26951399e-01   4.91284684e-01  -9.97549966e-01   1.33062047e+00
   -2.80372496e-01   1.72157187e+00  -1.48112166e-01  -8.22365933e-01
   -2.27445925e-01  -1.46506595e+00  -7.21345106e-01   3.45324641e-01
    1.18798751e+00   5.38714956e-01  -1.36978183e-01  -8.55427541e-01
    3.91137362e-01 
    2.73533142e-01   1.98132982e+00   1.12323456e+00  -1.65394933e-02
   -6.36713355e-01  -2.96181836e+00   7.52114708e-01   2.30318646e+00
    1.22070556e+00  -1.02632439e+00   4.76392075e-01  -8.42003014e-01
   -6.89279182e-01  -2.72645963e-01   4.03368488e-01  -6.19510456e-02
   -1.70566171e-01 
   -2.08541180e+00   5.06846369e-01   1.36092446e+00  -6.90069356e-01
    1.15565200e+00  -6.48188358e-01  -1.70530960e-01  -3.42750045e-01
    1.47564556e+00  -1.00309238e+00   2.11640955e-01  -1.47743795e+00
    3.73951301e-01   6.03115751e-01  -7.31919926e-01  -5.28555079e-02
    5.72897005e-01 
   -5.88950464e-01  -4.83998352e-01   8.06705191e-01  -1.03268251e+00
    1.62034345e+00  -1.31558672e+00   1.98997277e-01   1.55986542e+00
   -1.70301804e+00  -8.68469443e-01   8.00590565e-01   3.82128693e-01
    6.13247844e-01  -5.99079941e-01  -3.42417986e-01  -1.90653435e-01
   -3.96816144e-01 
   -1.31637076e+00  -1.82362800e-01  -1.02713066e+00   1.74326471e+00
   -9.02397528e-01   6.24688597e-01   2.32896881e-01  -6.76321382e-01
    1.58665670e+00   1.70251746e+00   9.10046320e-01  -1.35748444e+00
    4.02266693e-01  -8.29002098e-01   3.62649229e-01  -2.45659887e-01
   -3.92606624e-01 
    1.51219951e+00   1.10777032e+00  -1.26059873e+00  -2.22183158e-01
   -2.04938731e+00  -4.65687655e-01   8.86920044e-01   2.32112347e-01
    8.60210229e-01  -1.93501715e+00   1.84528678e+00  -2.91541077e-01
   -1.31233471e-01  -1.38529221e-01  -3.31830740e-01  -1.38287768e-01
   -2.25880117e-01 
    1.16839369e+00  -6.51371365e-03  -1.24133940e+00  -4.24548784e-01
   -1.08592124e+00  -3.47147195e-01   1.47613249e+00  -2.41284480e+00
    2.00029267e-01  -2.71443375e-01   9.11729755e-01   1.20465025e+00
    6.15719218e-02   9.90060049e-01   7.94796751e-01   6.00783940e-03
   -5.39526044e-01 
   -6.24278570e-01  -7.25289710e-01   1.61269475e+00  -1.37102524e-01
    1.05886735e+00   1.17308151e+00  -1.53321907e+00  -5.82643023e-01
    6.10292596e-04  -7.77373663e-01  -2.14696944e+00   6.90790404e-01
    1.20691822e+00  -6.92113472e-01   1.66491898e-01   1.23543233e+00
   -1.19684249e-01 
   -5.92512326e-01   1.92886667e+00   1.16679748e+00   2.44929518e-02
   -2.82180282e-01   1.53715194e+00  -6.59682016e-01  -4.41605775e-01
   -9.31621355e-01  -5.45261526e-01  -4.86607383e-01  -4.06943739e-01
   -7.64833203e-01   4.62258005e-01  -1.46156752e-01   2.68203390e-01
   -4.03408553e-01 
   -1.37302949e-01  -1.31781287e+00  -6.22747176e-01   4.46110205e-02
    7.78080936e-01   2.18286714e+00  -5.68746379e-01   6.18150847e-01
    5.86344744e-01  -1.34835013e+00   7.92610256e-01  -3.58403571e-01
   -1.12429540e+00   1.20041477e-01   1.06709263e+00  -9.69110928e-01
    9.98657456e-02 
   -1.60229075e-01   1.26685117e+00   6.16891762e-01  -4.38048440e-01
    4.73277315e-01  -9.86186308e-01  -1.97322046e+00  -1.59088421e+00
    1.52873956e-01  -4.80712935e-01   2.45040266e-01   4.48588640e-01
    5.45364228e-01   2.93561380e-01  -2.06267235e-01   5.67145083e-01
    2.07641062e-01 
   -1.18557199e+00  -6.22356873e-02   2.24426547e+00   1.28826546e+00
    6.72158688e-01   3.39741589e-01  -9.01367054e-01  -7.91149821e-01
   -3.32953893e-01   4.87498978e-01  -1.21450389e+00  -8.47232751e-01
   -9.57814543e-01   7.70528636e-01   6.72326702e-01   4.56296184e-01
    2.70989222e-01 
    1.19579927e+00   8.63113100e-01  -7.50795466e-01  -2.48054752e-01
   -5.62807107e-01   1.89901442e-02  -8.31733356e-01  -2.18203538e-01
    1.07996356e+00   1.02775372e+00  -1.45215997e+00  -1.04247177e+00
   -1.95400147e-01  -9.77669915e-01   1.54078823e+00   1.04329901e-01
   -3.83182191e-01      2.42244984e+00  -4.66740898e-01  -2.19195110e-01  -1.74028625e+00
   -2.52625882e-01   2.97696361e-01  -2.49075758e-01  -6.88603424e-01
    3.01620419e-01   1.20236695e+00   3.92233347e-01  -2.21147446e+00
   -8.29423109e-01   3.03912519e-01   2.03749277e-01  -1.44674378e+00
   -5.62328195e-01   4.41420325e-01  -1.84821107e-01   7.98552843e-01
   -5.20072787e-01   2.50821685e+00   5.26896149e-01   1.57308614e+00
   -2.41686928e+00  -1.08748163e+00   6.00397548e-01  -1.39551507e-01
   -3.70748739e-01  -1.31348416e-01   9.69278701e-01  -1.48099672e+00
   -3.03676817e-01 
    4.29081947e-01   1.81544774e-01  -3.43968122e-01   5.81443429e-01
    7.76087299e-01  -2.69873854e-01  -1.26359992e+00   8.91047374e-01
   -1.91180542e+00  -5.99078593e-01  -7.51517752e-01   4.94919150e-01
    1.71122986e+00   4.38898109e-01   1.90485854e+00   4.69827783e-01
   -2.07171052e-01  -6.32734167e-01   1.97452900e+00  -1.27418344e+00
   -1.76532093e+00   2.00274244e-01   7.41743338e-02   4.33423112e-01
   -1.60408754e+00  -7.81269557e-02   9.32345216e-01  -2.73406971e+00
    1.23345802e+00  -1.49594197e+00  -5.47179334e-02  -1.15287290e+00
    6.12001566e-02 
    8.84413734e-01   2.86970634e-01   2.22079531e+00   2.68202882e-01
   -1.82850967e+00  -5.08106637e-01  -1.17849394e+00  -9.89531953e-01
    1.37028557e+00   1.24622203e+00   3.99527076e-03  -5.83127429e-01
   -1.23480726e+00   5.69142843e-01  -1.33924464e-01  -9.91005439e-01
    2.20804970e+00  -4.23659425e-01  -1.18693607e+00   1.04311226e+00
   -1.30462052e+00  -1.62523676e+00  -7.51179558e-01   1.05622185e+00
    1.09926541e+00   1.47282090e+00  -1.85420248e+00  -9.12004716e-01
    1.30232508e+00  -5.65446763e-01  -2.69532199e+00   6.53669922e-01
   -4.70217125e-01 
   -6.91560535e-01   8.26395188e-01  -1.21681152e+00  -9.36686529e-01
    9.65805082e-01   1.03901696e+00   1.22129742e+00   2.71827600e-01
    1.85317012e-01  -8.18573522e-01   1.83755791e+00  -2.06974376e+00
    8.02090911e-01  -8.23541066e-01  -2.79426353e+00  -2.54946449e-02
    3.18936254e+00  -3.77692221e-01   1.13549447e+00  -1.62819732e+00
   -1.22228380e+00   8.14317717e-01   9.15847181e-01  -2.39267073e+00
   -1.32629077e-02   4.04384470e-01   5.30825035e-01   2.13643027e-03
   -2.72405116e-01   4.62698560e-01  -1.54724751e+00  -2.12896613e-01
   -1.06200337e-01 
   -8.49456961e-01  -9.27227961e-01  -1.55683324e+00   2.28362457e-01
    1.70838234e-01  -6.64114169e-02   4.65668528e-01  -7.16824274e-01
   -5.43796802e-01  -2.27718966e+00   1.34440052e+00  -3.70411329e-01
   -4.79264664e-01  -2.20022677e+00   2.20978916e+00  -6.12479237e-01
    1.09832379e-01  -1.39351959e+00   2.56830424e+00   6.68423038e-02
    1.49563949e+00  -1.04834701e+00  -2.48084986e+00   1.88533393e+00
    1.44227243e+00   1.32797516e+00  -1.30487654e+00  -4.88513057e-01
   -1.12696249e+00  -7.62455152e-01  -6.45249012e-01   6.60879920e-01
   -4.18923902e-02 
    9.22345980e-02   1.81894603e-02   6.86493439e-01   1.00104116e+00
    7.01350848e-01  -4.12579434e-01  -1.80669133e-01  -2.90894781e+00
    7.24374102e-01   3.16860443e-02   8.14648535e-02  -2.81539190e-01
   -4.04256416e-01   1.71984741e+00  -1.12921141e+00  -1.31254290e+00
   -7.79711823e-01   1.82641878e-01  -5.05751394e-01  -2.27823219e+00
    3.97129109e+00   5.42538345e-01   8.96633850e-01  -9.79215569e-02
   -2.89403108e-01   3.92256589e-01  -1.47600692e+00  -1.26179794e+00
   -2.88385686e+00   6.71150455e-01  -5.02206267e-01  -1.47157794e-01
    5.47341021e-02 
    3.83538241e-01  -1.62004174e-01   8.01915458e-01  -1.30252867e+00
   -6.32043791e-01  -8.17449257e-01   1.34851199e+00   7.35631060e-01
   -1.56934201e-01  -2.22369629e+00  -4.71282274e-01   1.54048556e+00
    3.08714974e+00  -1.10857706e+00  -6.57886281e-01  -3.28738628e+00
   -9.37103755e-01   2.00703339e-02  -7.01588604e-01   5.93835462e-01
   -8.99435586e-01   3.41798586e-03  -3.15389602e-01  -4.82306774e-01
   -1.52553193e+00  -1.54865627e+00   9.13161241e-01   6.35507761e-01
   -2.11050428e-01   2.41804186e+00   1.61856737e-01   4.97993915e-01
   -2.23794595e-01 
    1.53626286e-01  -7.46791550e-01   1.79112530e+00  -5.52950594e-01
    1.07303017e+00   7.01480281e-02  -7.75085147e-01   3.11038287e-01
    3.03975907e-01   3.04569488e-01  -3.45226018e+00  -2.48675908e-01
   -4.80014337e-01  -5.15114395e-01  -5.20636084e-01   1.96432369e+00
   -1.64404560e+00  -5.35044323e-01  -2.05412824e+00   1.90059336e-01
   -2.34790257e+00   5.25921358e-02  -2.38416451e+00   2.33369955e-01
   -2.60263983e-01   2.25766955e+00   7.54375636e-01   6.00250313e-01
   -1.44303685e+00   1.55877813e+00   5.17422609e-01  -3.33974331e-01
   -2.70577989e-01 
   -1.26140368e+00   1.67047348e+00   9.60388131e-01   8.00369628e-01
   -1.72401915e+00  -1.17271042e-01   9.14026952e-01  -2.04790297e+00
    1.43210551e+00   1.05487981e-01   2.76043288e-01  -1.29098534e+00
    8.16331153e-01  -1.28306998e+00   1.71503167e+00   1.42205606e+00
   -9.51431185e-01  -1.42620876e+00  -5.77666213e-01   6.12755386e-01
   -1.14154528e+00  -1.16990506e+00   1.83584526e+00  -1.78795715e+00
   -8.45908977e-01  -5.92365633e-01   4.59523330e-02   7.52729761e-01
   -8.19588375e-01  -1.79602806e-01   8.80998314e-01  -1.46686059e+00
   -4.69700281e-01 
    6.95165947e-01  -4.62705422e-01  -4.11717618e-01  -1.00575468e+00
   -1.68207809e-01  -6.56575612e-02  -7.06890661e-01  -2.06428459e+00
   -1.87178743e+00  -1.65229464e+00  -1.61876913e+00   1.01950446e+00
   -1.59699526e+00  -1.29520534e+00  -3.38545286e-02  -1.21782517e-01
    6.34410179e-01   1.54268802e-01  -1.80101785e+00   1.63805437e+00
    8.98167213e-01   1.13618031e+00   7.95630548e-01  -2.05139161e+00
    2.31952302e+00  -1.32832780e-01   9.84748555e-01  -1.35854655e-01
    1.68763596e+00   1.62202501e-01   4.53962114e-02  -1.19991179e+00
    6.46177478e-02 
   -6.56144814e-01  -1.70466806e+00   2.25005930e-01   6.65148730e-01
   -4.76305689e-01   6.61792389e-01  -7.66435147e-01  -2.03286520e+00
   -9.00402385e-01  -3.28805362e-02   8.85690367e-01   8.07055971e-01
   -2.34201371e+00   1.70995193e+00  -2.01244670e-01   2.21852086e-01
    8.34669527e-01  -9.36092368e-01   5.82774774e-01   1.39816170e+00
   -5.29254536e-01  -7.81866722e-01  -9.46991618e-01  -2.06175864e+00
   -1.68971377e+00  -1.46512866e+00   2.50115075e+00   6.50604055e-01
   -6.91247386e-01  -5.15035705e-01   1.07053539e+00   1.80710731e+00
   -5.57753914e-02 
   -1.38183648e+00   2.96875445e+00  -7.81398880e-01  -2.18348773e+00
   -1.65187956e+00  -5.86846997e-01  -8.20865553e-01   4.35821557e-01
    9.35925610e-01  -1.76874361e+00  -2.00938422e+00  -1.08635319e-01
   -9.02490851e-01   1.41296992e+00   2.95417323e-01   1.14123627e+00
   -5.83957600e-01  -4.08718465e-01  -4.70461071e-02  -5.01702373e-01
    7.92991597e-01   1.69164308e+00  -3.19256296e-01   6.31582161e-01
    9.66859348e-01  -1.84142352e+00  -9.62263369e-01   1.45896375e-01
    4.97327004e-01  -5.74072883e-01   7.57764555e-01   9.42958611e-01
   -2.67714792e-01 
   -4.64733017e-01  -4.10823224e-01  -2.15081504e+00  -1.57234270e+00
   -1.63820749e+00   5.95522439e-01   3.06637089e-01  -1.30967732e-01
   -2.05592384e-01   2.00317837e+00  -4.64382657e-02   1.63374356e+00
   -1.02224689e+00  -3.65025277e-02  -8.74551436e-02  -1.09156269e+00
   -8.26533047e-02  -8.49277563e-01  -8.96427803e-02  -8.93935185e-01
    6.33971891e-01  -4.02387533e-01  -6.13609458e-01  -5.18847231e-01
    4.06093038e-02  -4.49511765e-01  -1.25770467e+00   3.41597334e-01
    1.15861959e+00  -1.00248779e+00   1.38275111e+00  -3.99577346e-01
   -1.17498492e-01 
   -3.00353898e-01  -6.57472789e-01   5.17297198e-01   1.30270395e+00
   -1.76659873e+00   8.52891517e-01  -2.97593741e-01   4.55948137e-01
    6.55159029e-01  -5.08281431e-01  -9.54360993e-01   6.19506811e-02
   -1.49104970e+00  -3.28824834e-01  -1.94874549e+00   1.39955996e+00
   -2.15030086e+00   6.83511816e-02   5.65228429e-01  -5.04931993e-01
    4.31022592e-01  -5.85810690e-01   8.94455226e-01   7.85868807e-02
    2.49523384e-01  -1.73933864e+00   7.99758169e-01  -9.68287562e-01
    2.70821543e-01  -7.04714539e-01  -5.23282122e-01   4.54127525e-01
   -3.32307786e-01 
   -7.25368858e-01   1.13760197e+00   5.60345031e-02  -7.05525135e-01
   -8.69003700e-01  -2.57898505e-01   4.95385298e-01   6.72575456e-01
   -4.35876653e-01  -9.36426399e-02  -5.50052043e-01  -4.48606479e-01
    1.82491638e-01   3.44559192e-01   9.18537789e-01  -8.13017036e-01
    4.99259643e-01   7.16949130e-02  -6.37660570e-01   2.90952133e-01
   -1.49048063e-01   4.96007942e-01  -6.44220410e-02  -2.05840073e-01
    7.89441793e-01  -1.03355465e+00  -4.90872723e-01  -3.22472117e-01
   -7.84240134e-01  -1.01668412e-01  -1.33860955e+00  -1.55910784e+00
   -7.13461081e-01 
   -4.21643867e-01  -8.17208435e-01  -1.12203562e+00   5.13800064e-01
    6.02551737e-01   5.71088905e-01  -4.05339029e-01  -3.08787917e-01
    7.04488764e-01   7.82286877e-01  -1.86629528e-01  -1.22493751e-01
   -5.87291188e-01   1.91073089e-01  -7.34280820e-01   3.34226775e-01
    1.23675720e-01  -1.00092541e+00  -5.45411461e-01   7.25025625e-01
   -7.03344426e-01   1.90445191e-01  -5.62388364e-02  -1.04039607e+00
   -3.32019681e-01  -9.18720022e-01  -1.04331532e+00  -3.19875995e-01
    5.03586726e-01  -3.96069993e-01  -8.08893711e-01  -2.90084083e-01
   -1.35593758e-01  