NN 16 32 16   -4.16020829e+00  -1.07585931e+00   9.56860102e-02   5.28371579e-01
    2.63873910e+00  -9.77053125e-01  -2.19200378e+00  -2.21697612e+00
    3.55104522e+00  -1.29041951e+00  -2.57601561e-01   2.15654265e-01
    9.37195940e-01  -2.06162348e-01   3.09618716e-01  -6.32095578e-01
   -9.11495205e-01 
    8.02888036e-01  -6.41487662e-01  -3.57745938e-01   5.13534529e-02
    8.90184952e-01  -1.72882923e-01   4.11541878e-01   3.40462292e-01
   -2.86076957e+00   7.36662943e-01   2.33960896e+00  -4.13803476e+00
    9.09485823e-01   7.47743601e-01  -2.31712799e+00   1.41636120e+00
    6.85185759e-01 
   -1.16946378e+00   2.40956893e-01  -2.53120581e+00   8.16442415e-01
    3.00743053e+00  -1.91899600e+00  -8.41205336e-01  -8.78329998e-01
   -9.84246876e-01   7.29170299e-01  -5.61308028e-01   1.67992850e-01
    1.45420799e+00  -6.76454462e-01  -2.84870100e-01   2.14175970e+00
    1.80407968e-01 
    1.80584718e+00  -9.25330444e-01  -1.38839883e+00   1.03501303e+00
    1.93586085e-01  -1.05126756e+00   8.43407930e-01  -5.00154786e-01
   -1.73717872e+00   8.07834984e-01  -1.58658096e+00   1.79153972e+00
    1.77521046e+00  -1.71339857e+00   1.25789134e+00  -2.03401721e+00
   -1.87014047e-01 
   -1.16007136e-01  -1.83893336e+00   1.48856617e+00  -1.34457112e+00
   -7.15816566e-02  -7.70050065e-01  -2.46410257e-01  -2.14225702e+00
    1.23196115e+00  -5.43093403e-01   1.24754204e-01   2.10851119e+00
    1.54856386e+00   2.26350988e+00  -2.20775396e-01  -1.52717538e+00
   -7.29501780e-01 
   -4.63331645e-01   1.26672210e+00   2.02865419e+00  -1.26443838e+00
    7.69026889e-01   1.17097086e+00   2.16322643e+00  -4.88834472e-01
   -1.58727653e-02  -2.25746240e-01  -2.15983870e+00   5.27613047e-01
   -8.41259542e-01  -1.45964208e+00  -4.56423771e-01   1.28016642e-02
    1.34555809e-01 
    1.01070325e+00   1.66955234e+00   1.64227480e+00  -2.03939527e+00
   -1.50148437e-01   2.68797906e-01  -2.11035554e+00   1.56563462e+00
   -5.52522914e-01   5.56153218e-01   8.94848120e-01   1.62002154e-01
   -1.53122089e-01  -4.87676917e-01  -1.47279851e+00   8.05389034e-01
   -7.62699391e-01 
    8.05154900e-01  -1.34592739e+00   1.43409779e+00  -5.12365780e-01
    5.34872510e-01   4.34046850e+00  -2.22013671e+00  -2.39968244e-01
    2.69046654e+00   2.51890947e+00   3.18122966e-01  -3.41939491e-01
   -6.01301889e-01  -2.80456687e+00  -1.45465026e+00  -1.21336519e-01
   -6.69868588e-01 
    6.82177718e-02   2.76868569e+00  -7.31581336e-01  -1.15589633e+00
    6.66974331e-01  -1.31183372e+00  -1.30614822e+00  -2.22776175e-01
   -1.80118663e+00   2.41465106e+00   1.41882562e+00  -1.21306252e+00
    9.47917313e-01  -1.95635469e+00   1.45108388e+00  -1.79205197e+00
   -1.89583892e-01 
   -1.30860480e+00  -2.93389427e-01  -7.39825962e-01   1.08574048e+00
    1.77108890e+00  -8.03846256e-01   1.33030872e+00  -6.72806804e-01
   -1.20444764e+00   7.54471090e-01   8.76128822e-01   2.22762535e+00
   -2.98277518e+00   4.35078305e-01  -8.40051882e-01  -1.36607248e+00
    3.87788588e-01 
   -7.62795502e-01   6.74315337e-01   6.50221691e-02  -2.82951221e+00
   -2.48545516e+00  -1.44302020e+00   2.05530442e-01   4.43082008e+00
   -1.38223004e+00   6.21550706e-01  -2.95873353e-01   3.27695709e+00
   -1.10906831e+00  -3.58166710e-01  -3.18991683e-02   1.23441607e-01
   -5.47362144e-01 
    3.18556114e+00  -7.81764007e-01   2.45219398e-01   2.03577694e+00
    1.64014299e+00  -7.58453883e-01  -1.27373038e+00   7.13577630e-01
    3.58257601e-01  -1.23507209e+00   5.58918402e-01  -5.67412380e-01
   -3.12322258e+00   5.09448747e-01   1.16552226e+00  -1.10898031e+00
   -2.87026713e-01 
   -1.29865195e-01  -2.58947936e+00   1.73915442e+00  -6.29659257e-03
   -5.29275484e-02   3.64852252e-01  -3.39330754e+00  -3.78927082e-01
   -1.83841596e+00   1.24629797e+00   3.19110727e+00   1.01188625e-01
   -4.05641326e-01   1.36610578e+00  -4.45538769e-01  -6.82125185e-01
   -1.25271526e+00 
   -6.52868365e-01   4.70379505e-01  -5.43662836e-01  -1.68268839e-02
    2.33082606e+00  -2.16033767e+00   1.07678311e+00   1.12413870e+00
    1.05144499e+00   1.50353410e+00  -2.40852985e+00  -1.66721406e+00
   -1.22905723e+00   2.15629608e-01  -4.85211875e-01  -1.70421488e-01
   -2.06595423e-01 
    1.73787843e+00  -1.87227623e+00   7.76777159e-01   3.13683793e+00
   -2.35966866e+00   6.45687506e-01   4.68133575e-01  -9.68132448e-01
   -1.54569470e+00   1.64761185e-02  -5.66065351e-01  -3.20283275e-01
    7.28170066e-01   2.41086375e+00  -2.27652709e+00  -2.22055816e-01
    5.79824642e-01 
    1.65129158e+00  -1.28398009e+00  -3.68017704e-01   1.68807028e-01
   -2.44942794e-01  -2.52040849e-01   3.18430036e+00  -3.07220222e+00
   -1.05438477e+00  -1.13325912e+00  -4.95140823e-01  -8.90392090e-01
    1.15187322e+00  -2.06168972e+00   9.16490795e-01   6.49024726e-01
    5.33752471e-01 
    1.50081441e+00   9.07573007e-01  -3.04897211e+00  -4.52736401e+00
    1.26674597e+00   3.82135426e-02   6.22225884e-01   1.61025173e+00
    7.80630167e-01   4.37395614e-01  -7.70254042e-01  -1.29235773e+00
   -3.12490092e-01   1.63282437e+00  -5.13231907e-01   1.29492699e+00
    3.52484367e-01 
   -1.64214790e+00   5.41430226e-01  -2.50375742e-01   3.32869218e-01
    7.38147049e-01  -1.95288056e+00   3.54476145e-01   2.79000510e-01
    1.46067715e+00  -1.08290253e+00   1.35482634e+00   3.69396678e-01
    8.58586003e-01  -1.14828935e+00  -7.73610502e-01   1.23412034e+00
   -7.36302698e-01 
   -2.07014561e-01  -2.40991122e+00   2.17381194e+00   4.29681464e-02
   -2.52319642e+00   2.26340700e-01  -1.53046890e-01   1.66029383e+00
    2.13405447e-01   1.76128795e+00  -1.68593048e+00  -5.56270536e-01
    5.96412860e-01  -1.06849990e+00   6.59672659e-01   6.82719438e-01
    1.42866347e-01 
   -1.41880624e+00   5.32920548e-01  -8.78433977e-01   2.44296050e+00
   -7.86523169e-01   1.98414110e+00   1.22288376e+00  -1.71424936e+00
   -4.90165275e-03  -1.71218483e+00  -3.87327419e-01   7.51996367e-01
    1.80646610e+00  -1.19405053e-01  -2.69608171e-01  -2.43740286e+00
    3.82627622e-01 
   -2.45914717e-01   2.76475293e+00   1.14222055e+00  -5.48646082e-01
   -1.96734295e-01  -4.88266918e+00   1.09546554e+00   3.67140252e+00
    1.33770935e+00  -2.72031300e+00   6.63691051e-01   3.11268840e-02
   -4.38083504e-01  -8.86513216e-01   8.05580301e-01  -3.99766107e-01
   -3.14158632e-01 
   -2.75870007e+00   8.44524856e-01   2.11715276e+00  -1.36053782e-02
    1.68292296e+00  -1.09065813e+00  -1.58847602e+00  -2.26843905e-01
    2.28549344e+00  -1.21056136e+00   2.76497180e-01  -1.85256421e+00
    3.95548822e-01   4.76657645e-01  -1.24263701e+00  -5.10414045e-01
    6.16861711e-01 
   -2.76093525e-01  -6.41915098e-01   5.88805057e-01  -8.21161667e-01
    2.42817193e+00  -1.10789431e+00   2.13030168e-01   2.49127789e+00
   -2.69698098e+00  -9.35140127e-01   1.42684545e+00   1.01402257e+00
    3.24978999e-01  -8.31434908e-01  -4.94488998e-01  -1.25171745e+00
   -3.68380732e-01 
   -2.07002578e+00   1.18218019e-01  -1.32530820e+00   2.05711747e+00
   -1.01820384e+00   1.18053157e+00   8.95990656e-01  -7.95295788e-01
    9.74486831e-01   1.38968853e+00   1.87259628e+00  -1.70057512e+00
    8.83614981e-01  -1.44758835e+00   5.65823357e-01  -4.14666970e-01
   -6.95035940e-01 
    2.13419760e+00   1.78317437e+00  -2.36008335e+00  -1.17595914e+00
   -3.74752710e+00  -1.63694358e+00   8.40869791e-01   6.50392060e-01
    1.52357624e+00  -2.27902081e+00   1.85625218e+00  -2.02959896e-01
    7.84000038e-01  -3.74259222e-01  -7.70256738e-01   1.70107543e-01
   -1.35499155e-01 
    1.87545081e+00   4.13200077e-01  -2.24046110e+00   1.68128048e-01
   -1.08642236e+00  -6.06290508e-01   2.89100120e+00  -3.10349887e+00
   -2.41960009e-01  -2.39456030e-01   2.64774414e-01   8.68156387e-01
   -1.55552259e-01   1.37188208e+00   7.34936520e-01   1.34650698e+00
   -4.84180071e-01 
   -7.63207989e-01  -2.60478922e-01   2.05648715e+00  -3.31890339e-01
    1.94079983e+00   2.01763033e+00  -3.45971243e+00   3.40394244e-01
    3.90181194e-01  -9.32423680e-01  -3.46972671e+00   7.89657615e-02
    2.08517413e+00  -1.49862987e+00  -1.31101826e-01   3.31873816e+00
   -2.74976619e-01 
   -5.93875539e-01   3.09777272e+00   1.15785709e+00   2.12353818e-01
   -1.40490644e+00   1.81807529e+00  -8.12060689e-01   1.96489674e-01
   -8.97006658e-01  -2.45853466e+00  -1.40006668e-01   1.76666654e-02
   -9.44565205e-01   6.60750963e-01  -1.07837011e-01   7.85232569e-01
   -6.15027619e-01 
   -2.66747215e-01  -9.77842106e-01  -1.35477582e+00   3.49650110e-02
   -1.80509109e-01   2.67088271e+00  -6.38274740e-01   8.37612182e-01
    2.51670966e-01  -2.91243396e+00   1.14913384e+00  -2.95888981e-01
   -1.57325915e+00  -2.90165321e-03   3.32340900e+00  -1.64671651e+00
    6.82382852e-01 
   -1.79037368e-01   2.66581963e+00   9.09428483e-02  -9.94302516e-01
    1.04376505e+00  -1.79894732e+00  -2.63291006e+00  -1.09152412e+00
   -6.14910418e-01  -1.01906899e+00  -2.28482627e-01   9.18195758e-01
    7.69149782e-01   5.13258578e-01   2.59714816e-01   9.96643554e-01
   -1.51805675e-01 
   -8.49305749e-01   1.12829592e-01   3.26358109e+00   1.59548496e+00
    7.89031659e-01   4.86050027e-01  -2.16095788e+00  -1.52838745e+00
   -8.27370588e-01   5.96922477e-01  -2.16744255e+00  -1.51962470e+00
   -1.92418806e+00   1.77854120e+00   1.83409819e+00   1.18934979e+00
    2.21825127e-01 
    1.57928684e+00   1.00725648e+00  -1.14253307e+00  -2.12338908e-01
   -9.55868319e-01  -1.05693454e-01  -4.78382505e-01  -5.56389918e-01
    1.85202802e+00   1.79081916e+00  -2.45629989e+00  -2.14646521e+00
   -4.90492746e-01  -1.85582534e+00   2.50399935e+00   8.53081934e-01
   -5.71325824e-01      3.72264776e+00  -1.10445648e+00   5.06735870e-01  -2.02964432e+00
   -8.85041570e-01   1.54355684e+00  -8.79083847e-01  -1.25578791e+00
    3.51448716e-01   6.52313311e-01  -8.60700630e-02  -3.27556265e+00
   -8.40276565e-01   6.89666886e-01   1.06209475e+00  -1.44585577e+00
   -1.32608499e-01   8.52800900e-02   1.51166345e-01  -9.44441406e-02
   -1.49856589e-01   1.77543124e+00   7.88553299e-01   2.09918238e+00
   -1.31958856e+00  -8.10777042e-01   2.56316932e-01  -1.75309254e-01
    3.29932345e-02  -2.39992124e-01   8.05119760e-02  -1.23430877e+00
   -1.98567670e-02 
    5.67211853e-01   4.73812759e-01  -2.78646721e-01  -3.03222659e-01
    1.12978354e+00  -3.58856929e-01  -1.39863110e+00   8.76921358e-01
   -2.00422190e+00  -2.32752379e-01  -9.55829894e-01  -1.50295958e-02
    1.11595245e+00  -1.01654590e-01   1.53946099e+00   5.11068337e-02
   -7.70750036e-02  -1.19848604e+00   1.98935405e+00  -2.08462667e+00
   -1.45725279e+00   2.23618122e-01   3.04744754e-01   1.19230879e-01
   -1.36510241e+00   7.81257475e-01   6.79153155e-01  -4.55589922e+00
    1.42844029e+00  -1.68720087e+00   1.96939108e-01  -1.15773561e+00
    3.22333875e-01 
    5.43177280e-01  -8.02807850e-02   2.87752180e+00   1.27061320e+00
   -1.84873850e+00  -1.98764338e+00  -1.31015760e+00  -8.44592692e-01
    1.18791733e+00   9.87335939e-01   3.22034351e-01   5.95867112e-01
   -2.07416459e+00  -1.59687155e-02  -4.09533941e-01  -1.22147543e+00
    2.16812124e+00   2.44610954e-02  -1.36443088e+00   1.43086784e+00
   -1.29905935e+00  -2.55278904e+00  -9.21142307e-01   1.16549845e+00
    1.23370079e+00   6.67866674e-01  -2.58894549e+00  -4.83216491e-01
    2.30153955e+00  -1.67257168e-01  -2.25399875e+00   8.96466449e-01
   -3.61144837e-01 
   -1.49938445e+00   2.76338870e-01  -1.48593093e+00  -1.01577846e+00
    1.92392272e+00   1.19975073e+00   1.17408247e+00   1.21347576e-01
    5.87739871e-01  -8.61525581e-01   2.89413986e+00  -2.00339002e+00
    2.65100982e-01  -8.77358692e-01  -3.21784901e+00   2.80410595e-01
    3.89773387e+00  -2.05106338e-01  -1.88921301e-02  -2.35087699e+00
   -1.03788960e+00   5.16719068e-01   7.86152590e-01  -2.87981148e+00
    5.80980935e-01   4.78710865e-01   2.64644919e-02   5.32165107e-02
   -2.92043904e-01   2.36585997e-01  -1.64795530e+00  -4.65889658e-01
   -2.19446359e-01 
   -2.01026080e+00  -1.16065189e+00  -2.30196908e+00  -5.69489518e-01
   -1.15370106e-02  -4.62131471e-01  -1.77146891e-02  -1.07473483e+00
   -2.01481331e-01  -3.06370049e+00   1.53273801e+00  -6.34465944e-01
   -1.76904975e-01  -2.58338318e+00   2.99847022e+00  -1.81523669e+00
   -4.24656173e-02  -1.63422565e+00   2.65072820e+00  -4.10188852e-01
    1.16320246e+00  -1.18999690e+00  -3.41331721e+00   2.24918535e+00
    1.79371324e+00   1.25045044e+00  -1.59076335e+00  -8.50676560e-02
   -3.00585709e-01  -1.15247455e-01  -1.10725972e+00   1.94993886e+00
   -1.49796399e-01 
   -1.59079712e+00  -2.65791469e-01   7.97749438e-01   4.04590297e-01
    1.14928513e+00  -6.84678476e-01  -4.95748253e-01  -3.61028610e+00
    1.13351483e+00   1.21001955e-01  -3.04233355e-01   5.97646047e-01
   -9.10644782e-01   1.94046621e+00  -6.91381959e-01  -2.16410688e+00
   -1.31996553e+00   7.22477386e-01  -2.24766640e-01  -2.55132560e+00
    4.38015789e+00   4.66194505e-01  -8.01845351e-02  -3.37327385e-01
    5.07269104e-01   6.15686047e-01  -1.06483002e+00  -1.78375014e+00
   -3.66782843e+00   9.28860567e-01  -1.04337120e-01   3.79897320e-01
    5.76921331e-02 
    9.46159185e-01  -1.47937282e+00  -2.45948506e-04  -8.75836622e-01
   -1.70850191e-01  -2.58397673e+00   1.02107968e+00   9.51059753e-01
    6.34937747e-01  -2.05354872e+00  -5.95086283e-01   2.75125461e+00
    2.90524852e+00  -1.58550545e+00  -1.14527805e+00  -4.00176161e+00
   -7.90074991e-01   6.49403095e-02  -1.60844383e-02  -7.52783211e-01
   -7.72045759e-01  -6.98432043e-02  -3.70474365e-01  -7.68591105e-01
   -1.41896167e+00  -2.06674234e+00   9.19773262e-01   4.06890118e-01
    4.21160773e-01   2.82561614e+00   1.01202504e+00   2.78178015e-01
   -4.62228160e-01 
    1.05749861e-01  -6.01572427e-01   2.08760684e+00  -6.96759647e-01
    1.79442161e+00  -9.08220009e-02  -9.26369542e-01  -2.14488608e-01
   -2.56746747e-01   4.70442351e-01  -4.43388357e+00   1.89120681e-01
    2.63161872e-01  -1.93236681e+00  -5.36603976e-01   2.32258526e+00
   -2.54984665e+00  -5.77526990e-01  -2.28769795e+00  -2.60561789e-01
   -2.71281109e+00  -6.94385444e-02  -3.04506444e+00   2.38747152e-01
   -3.63771183e-01   3.47657429e+00   4.19167616e-01   7.50043262e-01
   -1.40009031e+00   7.77206793e-01   1.18150911e+00  -1.23285108e-01
   -1.14003506e+00 
   -2.14988539e+00   2.49171579e+00   1.17117344e+00   1.56688015e+00
   -2.00369705e+00  -1.82170321e-01   1.25125339e+00  -2.39880061e+00
    2.35586781e+00   3.20694589e-01   7.85197948e-01  -1.62402250e+00
    1.08788750e+00  -1.68800772e+00   1.94707182e+00   1.32263129e+00
   -6.87109455e-01  -2.58293426e+00  -3.26338666e-01   5.85791857e-01
   -1.56229291e+00  -1.85248531e+00   2.17507965e+00  -1.27093997e+00
   -1.92731315e+00  -2.76499069e-01   2.41560845e-02   4.27503726e-01
   -1.36768044e+00  -4.36015553e-02   1.53601721e+00  -1.94511639e+00
   -5.21472183e-01 
    1.17486870e+00  -9.85280993e-01  -9.33200639e-01  -1.55724861e+00
   -1.71739315e-01   9.72559530e-02  -1.02937804e+00  -2.54512099e+00
   -2.61543489e+00  -2.62169357e+00  -1.91264107e+00   2.02812588e+00
   -2.59967772e+00  -1.44552567e+00   2.32301453e-01   1.57363653e-01
    5.60285376e-01  -4.23218197e-02  -2.30385343e+00   1.67563198e+00
    1.39366267e+00   1.29130647e+00   5.51969185e-01  -2.51869375e+00
    2.69559973e+00  -9.61283933e-01   2.10289478e+00   5.72278496e-01
    2.68215792e+00   4.90209408e-01   3.43495677e-04  -1.98570529e+00
   -4.75010841e-01 
   -3.98645380e-02  -2.95652000e+00   4.41817573e-01   9.77427303e-01
   -6.21427425e-01   1.41007597e+00  -1.19650485e+00  -2.30722331e+00
   -1.85899022e+00  -1.64367844e-01   1.20743861e+00  -3.18391729e-02
   -2.64042515e+00   1.88767246e+00  -3.56881758e-01   2.76040787e-01
    3.94998360e-01  -1.37284909e+00   1.07769477e+00   1.62828610e+00
   -7.81554242e-01  -1.36975369e+00  -1.37837966e+00  -2.90027897e+00
   -1.63702144e+00  -1.67841647e+00   3.62290454e+00   1.05301376e+00
   -1.20657054e+00  -3.46021868e-01   1.57897199e+00   2.62103820e+00
   -5.57222935e-01 
   -1.16551628e+00   4.59282927e+00  -1.41818022e+00  -2.59856269e+00
   -2.17756378e+00  -1.22784098e+00  -1.18471338e+00  -7.42055943e-02
    1.04387868e+00  -2.40176255e+00  -2.72203473e+00   4.09803783e-01
   -6.43342434e-01   1.32992633e+00  -2.83008980e-01   1.63690510e+00
   -6.95881014e-01  -5.88056732e-01  -3.41592200e-02  -8.84042406e-01
    7.58250681e-01   1.82675258e+00  -6.82213012e-01   9.59619361e-01
    4.54965427e-01  -1.67053306e+00  -1.48646118e+00  -2.62014212e-02
    1.14632188e+00  -9.41721584e-01   1.81171829e+00   1.26627082e+00
   -6.80839119e-01 
   -4.29600753e-01  -9.93892208e-01  -2.53949124e+00  -2.11442642e+00
   -2.15144835e+00   9.62305588e-01  -6.49146181e-02  -1.96571441e-01
   -7.04531626e-01   3.63839002e+00   1.13018615e-01   2.20295751e+00
   -9.81389549e-01   3.75939196e-01  -5.53666417e-01  -1.33461802e+00
   -1.26027429e-01  -1.12040511e+00  -4.48655893e-01  -1.50354557e+00
    3.07097824e-01  -3.65302175e-01  -9.00361977e-01  -7.08362883e-01
   -1.02002533e-01  -2.14230016e-01  -1.93846430e+00   4.96228514e-01
    1.59029738e+00  -1.25253691e+00   2.07386311e+00  -4.53873496e-01
   -2.28213148e-01 
   -2.47407392e-01  -7.97143797e-01   5.08549799e-01   1.98196951e+00
   -2.38947112e+00   1.34519453e+00  -2.43201485e-01   1.12417860e+00
    9.66648613e-01  -7.54065842e-01  -9.36378412e-01   1.06257637e-01
   -1.71798261e+00  -7.44688827e-01  -2.71145248e+00   2.18526492e+00
   -3.07579693e+00   4.67480555e-01   1.02573599e+00  -8.38240941e-01
    8.52920757e-01  -5.86447136e-01   1.46944889e+00   3.70269229e-01
    2.53896242e-01  -2.09140631e+00   9.45451773e-01  -1.36132885e+00
   -4.18368634e-03  -1.16584943e+00  -9.25392962e-01   7.50929067e-01
   -5.62173451e-01 
   -5.76185377e-01   2.26841178e+00   3.46247712e-01  -1.10147715e+00
   -9.64034004e-01  -2.10699237e-01   9.78944618e-01   1.59386750e+00
   -1.08653191e+00   2.48028478e-01  -1.01823812e+00  -6.28487325e-01
    2.47269122e-01   3.81795493e-01   2.01962074e+00  -1.19583409e+00
    4.95492345e-01   2.72559779e-01  -1.40970393e+00   4.38985205e-01
   -7.90411300e-01   1.00000781e+00  -3.69702704e-01  -3.58772188e-01
    9.94933447e-01  -1.23240889e+00  -3.67720097e-01  -3.97661812e-01
   -2.62337912e+00  -1.45280260e-01  -1.92116035e+00  -2.95226416e+00
   -9.44861655e-01 
   -1.67250878e-01  -1.79042810e+00  -2.39484012e+00   2.05176327e+00
    1.39834424e+00   9.06889725e-01  -4.08945467e-01  -5.05993013e-01
    2.11717302e+00   1.27881730e+00   1.86782925e-01   5.15701228e-01
   -5.39492139e-02   2.74825420e-01  -1.06867835e+00  -5.82828499e-01
   -2.41320397e-01  -1.89519658e+00  -9.26869884e-01   1.68319253e+00
   -4.37911898e-01   7.65594733e-01   4.47738397e-01  -1.56609859e+00
   -4.90652225e-01  -1.57739416e+00  -1.64000012e+00  -6.42009558e-01
    1.12692439e+00  -4.83068654e-01  -8.80820247e-01  -6.51683957e-01
   -1.78103330e-01  