NN 16 32 16   -3.43554103e+00  -8.29309406e-01   1.40617026e-02   6.64967734e-01
    2.41163986e+00  -9.51462912e-01  -1.77927496e+00  -1.76525537e+00
    2.89664207e+00  -1.35201939e+00  -1.84262500e-01   3.30772550e-01
    9.06602580e-01  -1.04866680e-01   3.63900427e-01  -3.54769443e-01
   -7.05783350e-01 
    7.66361070e-01  -4.97206755e-01  -4.34614787e-01  -3.03104795e-01
    1.07581351e+00  -3.57926185e-01   1.00241571e-01   5.15110450e-01
   -2.29349194e+00   8.26571385e-01   1.93745551e+00  -3.54564517e+00
    7.10242293e-01   6.91066974e-01  -1.88292586e+00   1.29044344e+00
    5.85033619e-01 
   -7.17418065e-01   7.23217437e-02  -2.54871067e+00   8.92529859e-01
    2.56981677e+00  -1.81680638e+00  -5.06581699e-01  -6.99592001e-01
   -8.86953194e-01   6.14930940e-01  -5.56151694e-02   1.86240345e-01
    1.46146479e+00  -7.67039148e-01  -1.66527022e-01   1.89085710e+00
    1.56122891e-01 
    1.57778829e+00  -8.93421067e-01  -1.31105818e+00   9.45113974e-01
   -4.90480712e-03  -1.13448562e+00   9.17912748e-01  -4.21663501e-01
   -1.37698441e+00   8.19856891e-01  -1.43378340e+00   1.67534202e+00
    1.63383042e+00  -1.61440824e+00   1.06260363e+00  -1.87404183e+00
   -3.06657894e-01 
   -3.74916199e-01  -1.48113391e+00   1.46782697e+00  -9.77522727e-01
   -3.42499480e-01  -6.57095449e-01   4.68402240e-02  -1.86416295e+00
    1.18449214e+00  -4.99875289e-01   2.85921028e-02   1.97454108e+00
    1.60143888e+00   2.07015088e+00  -6.71154585e-02  -1.43260646e+00
   -7.08486663e-01 
   -4.20028208e-01   1.20246719e+00   1.61017612e+00  -1.32991940e+00
    6.06645815e-01   1.09267798e+00   1.79973529e+00  -2.27200827e-01
   -1.56101143e-01  -3.38350336e-01  -1.84457652e+00   5.40243925e-01
   -8.25427981e-01  -1.38366497e+00  -4.08440446e-01  -1.67976085e-01
   -1.68843786e-02 
    6.50402116e-01   1.56393734e+00   1.43948234e+00  -1.78755510e+00
   -9.02076585e-02   3.93153805e-02  -1.80744537e+00   1.19375490e+00
   -6.10722535e-01   4.69443786e-01   7.18464627e-01   2.24061935e-01
   -2.29256167e-01  -4.26670432e-01  -1.37589381e+00   7.79535184e-01
   -6.63197090e-01 
    7.42454605e-01  -1.32332661e+00   1.08936422e+00  -3.82322430e-01
    6.73379175e-01   3.87461668e+00  -1.92743708e+00  -3.64402075e-02
    2.29967107e+00   2.22729056e+00   5.81851512e-01  -5.99863771e-01
   -5.72574338e-01  -2.43293263e+00  -1.21141122e+00  -9.23878109e-03
   -5.85513185e-01 
    2.87228304e-01   2.56386060e+00  -9.84351403e-01  -8.16603398e-01
    8.25330901e-01  -1.12096145e+00  -1.03988787e+00   1.35003490e-04
   -1.61201645e+00   2.34357967e+00   1.25336634e+00  -1.22828120e+00
    7.47176094e-01  -1.68293142e+00   1.28136726e+00  -1.45284777e+00
   -1.18790361e-01 
   -1.36604645e+00  -1.54801276e-01  -6.97128575e-01   1.36722781e+00
    1.68117286e+00  -9.42694311e-01   1.21175325e+00  -7.01587206e-01
   -8.26097849e-01   1.16955098e+00   4.00581110e-01   1.88981733e+00
   -2.56884011e+00   4.73174732e-01  -4.73439683e-01  -1.27153158e+00
    3.06693758e-01 
   -5.11724487e-01   4.57463571e-01  -7.39237640e-02  -2.74477220e+00
   -2.05585281e+00  -1.37116835e+00   1.47867757e-01   3.67399727e+00
   -1.16473313e+00   6.41955734e-01  -6.56887021e-01   2.82923907e+00
   -8.79130222e-01  -3.33530818e-01  -3.29617168e-02   2.49039743e-03
   -6.23280637e-01 
    2.64491334e+00  -7.73058194e-01   3.67499552e-01   1.91971899e+00
    1.54094630e+00  -6.04741936e-01  -1.26462019e+00   7.35714839e-01
    2.70508374e-01  -1.02249158e+00   3.26920444e-01  -5.36452343e-01
   -2.74621258e+00   4.25397442e-01   9.82348388e-01  -7.59056178e-01
   -9.25113377e-02 
   -2.91821285e-01  -1.90283219e+00   1.16865073e+00  -2.77092781e-02
   -1.32926479e-01   4.45296521e-01  -3.40040430e+00  -2.38164230e-02
   -1.81568939e+00   8.75229706e-01   2.86323034e+00   1.01686590e-01
   -4.48521027e-01   1.18012149e+00  -6.55595185e-01  -6.79514316e-01
   -1.25288882e+00 
   -3.81492760e-01   2.53870969e-01  -6.56745307e-01   1.22371115e-01
    2.08617154e+00  -1.93592721e+00   8.15641247e-01   7.39122931e-01
    9.40031038e-01   1.59696770e+00  -2.13596806e+00  -1.63883025e+00
   -9.19924865e-01   3.68199968e-01  -4.24001382e-01  -9.68288872e-02
   -1.26972869e-01 
    1.53154411e+00  -1.80483963e+00   5.71868106e-01   2.71797657e+00
   -1.99595398e+00   8.70592416e-01   5.55725748e-01  -9.87848028e-01
   -1.50144119e+00  -1.65243490e-01  -3.33119808e-01  -3.42092341e-01
    8.20363019e-01   2.32399980e+00  -1.90892173e+00  -8.83611785e-02
    6.20654882e-01 
    1.43904135e+00  -7.60417367e-01  -3.20198041e-01   8.03355568e-02
   -2.75418287e-01  -1.66081552e-01   3.08886475e+00  -2.78659843e+00
   -1.37002004e+00  -7.94287434e-01  -3.53315998e-01  -8.09580791e-01
    1.43616695e+00  -1.79398422e+00   8.47349146e-01   4.74655237e-01
    5.28811201e-01 
    1.37065447e+00   6.21842425e-01  -3.03569101e+00  -3.92792779e+00
    8.71783477e-01  -1.11631004e-01   9.83813400e-01   1.45199996e+00
    5.98134345e-01   1.19958034e-01  -9.09478616e-01  -9.76534852e-01
   -3.44568107e-01   1.67481412e+00  -5.87090380e-01   9.64630967e-01
    1.38837852e-01 
   -1.43630120e+00   3.21003672e-01  -1.55900586e-01   1.88626735e-01
    7.07003986e-01  -1.31751528e+00   6.91265719e-02   1.99399938e-01
    1.45525537e+00  -8.82861273e-01   1.00911826e+00  -4.69797018e-02
    8.27520770e-01  -9.70403296e-01  -6.11417708e-01   1.10623468e+00
   -6.20986779e-01 
   -1.55668699e-01  -2.27404269e+00   2.02381945e+00  -1.95049670e-01
   -2.35328854e+00   2.54521348e-01  -2.19075133e-01   1.50335475e+00
    2.53937331e-01   1.60392457e+00  -1.67259045e+00  -3.77936185e-01
    6.25178986e-01  -1.19360688e+00   5.78174198e-01   6.20776440e-01
    9.98511486e-02 
   -1.39639703e+00   4.82216886e-01  -8.93048971e-01   1.95622751e+00
   -7.61658475e-01   1.71967139e+00   9.54516295e-01  -1.59790543e+00
   -3.03332792e-01  -1.78973554e+00  -8.06519861e-01   6.51694288e-01
    1.71567050e+00   1.68125986e-01  -2.40405575e-01  -2.05026023e+00
    3.37289259e-01 
   -1.06613054e-01   2.53496469e+00   9.01648563e-01  -2.89239893e-01
   -3.67334104e-01  -4.46538693e+00   1.23450976e+00   3.29492554e+00
    1.25811147e+00  -2.06130339e+00   7.35698055e-01  -3.17766190e-01
   -5.81330471e-01  -7.15952249e-01   5.96123410e-01  -2.82018818e-01
   -3.07607626e-01 
   -2.48739903e+00   9.18888730e-01   1.82689440e+00  -2.16285629e-01
    1.63272140e+00  -9.45440853e-01  -8.91005617e-01  -5.18178030e-01
    2.12469631e+00  -1.26307538e+00   9.18140696e-02  -1.74952417e+00
    5.64877632e-01   5.13753300e-01  -1.11617704e+00  -4.00143558e-01
    6.32522008e-01 
   -3.67024341e-01  -4.37923555e-01   4.37310140e-01  -8.46003474e-01
    2.19754828e+00  -1.34677833e+00   9.78024497e-02   2.23920674e+00
   -2.61280944e+00  -8.59229677e-01   1.08101907e+00   7.21580395e-01
    4.53776686e-01  -7.67378850e-01  -4.08661078e-01  -9.37330605e-01
   -3.45387405e-01 
   -1.91549878e+00   2.79119308e-01  -1.30274302e+00   2.10263605e+00
   -1.03921446e+00   8.77596366e-01   7.93181301e-01  -5.74454580e-01
    1.12023688e+00   1.56211826e+00   1.52850349e+00  -1.83860755e+00
    7.76083359e-01  -1.32526083e+00   5.02748183e-01  -2.28936968e-01
   -6.32558642e-01 
    1.64843841e+00   1.52332701e+00  -2.03092965e+00  -8.09102256e-01
   -3.35824486e+00  -1.18161799e+00   1.00441237e+00   5.57320425e-01
    1.26212554e+00  -2.27960041e+00   1.93837927e+00  -1.66465268e-01
    3.70282964e-01  -3.19875525e-01  -8.04343412e-01   4.21084227e-02
   -2.06417279e-01 
    1.73922878e+00   6.16904084e-02  -1.64602482e+00  -2.36809302e-01
   -1.02387813e+00  -4.98581775e-01   2.70570692e+00  -2.88173241e+00
   -9.06471076e-02  -3.34450816e-01   3.37253438e-01   9.43275294e-01
   -2.00527965e-01   1.26640765e+00   8.13965461e-01   9.60134779e-01
   -5.98961165e-01 
   -7.02826373e-01  -5.48494425e-01   1.98246204e+00  -3.07352235e-01
    1.49450089e+00   1.82026463e+00  -2.94804923e+00   1.17163780e-01
    4.38359654e-01  -8.80539381e-01  -2.93633084e+00   2.52563205e-01
    1.77478203e+00  -1.24049188e+00   5.12809018e-02   2.90970203e+00
   -1.84066686e-01 
   -8.84092955e-01   2.60717223e+00   1.44694813e+00   3.66557777e-02
   -1.20684862e+00   2.02314383e+00  -4.13254443e-01   1.09268940e-02
   -9.16451180e-01  -1.92775921e+00  -2.34440200e-01  -6.09050622e-02
   -8.15033880e-01   6.49866542e-01   4.62695564e-02   8.21472448e-01
   -3.86553273e-01 
   -3.42243903e-01  -1.22721319e+00  -9.69530085e-01   1.95476482e-01
    8.43244045e-02   2.39985846e+00  -7.83799158e-01   8.20227246e-01
    3.53105635e-01  -2.52189467e+00   1.26269880e+00  -2.76479269e-01
   -1.35361607e+00   6.26422270e-02   2.88595111e+00  -1.37177369e+00
    6.01966528e-01 
   -3.08337986e-01   2.05127460e+00   3.33251653e-01  -7.10182755e-01
    7.51880242e-01  -1.44968775e+00  -2.24742839e+00  -1.51846669e+00
   -3.97570430e-01  -7.90360264e-01  -2.00280975e-01   8.38452540e-01
    6.19225384e-01   4.97294155e-01   8.38837098e-02   9.96939196e-01
   -3.73736868e-02 
   -1.12221933e+00   1.67002764e-01   2.60866314e+00   1.42704275e+00
    1.05693171e+00   3.05043394e-01  -1.85177972e+00  -1.21847802e+00
   -6.02170654e-01   8.08490284e-01  -1.89187763e+00  -1.39490392e+00
   -1.64030520e+00   1.45347779e+00   1.49282651e+00   1.10207223e+00
    2.82466636e-01 
    1.31364929e+00   8.38166821e-01  -1.09171113e+00  -3.03190712e-01
   -8.47759362e-01  -3.49780213e-01  -5.54338639e-01  -4.14681277e-01
    1.58086844e+00   1.45308381e+00  -2.12582724e+00  -1.90149591e+00
   -5.05308147e-01  -1.66870945e+00   2.31770755e+00   7.09114282e-01
   -5.71250443e-01     3.34274584 -0.88149041  0.2311058  -2.05078513 -0.84960002  1.18469934
  -0.69179094 -0.98443947  0.56755431  0.83465479  0.2962651  -2.94596883
  -0.84833608  0.34010841  0.72279514 -1.68305787 -0.20478173  0.16801081
   0.22611959  0.2165632  -0.29245245  2.12749542  0.53682168  1.94071243
  -1.66371981 -0.84481629  0.37706612 -0.23718884 -0.18203241 -0.41536442
   0.28821572 -1.40696713 -0.24214955 
   0.70361654  0.45896094 -0.19024331 -0.10910246  1.03648456 -0.29226553
  -1.42413045  1.10385527 -2.27506829 -0.21975312 -1.02744355  0.10980025
   1.27912724 -0.29527108  1.5861116   0.19490591  0.13114723 -0.81223279
   2.01532883 -2.13399135 -1.49282253  0.33256415  0.43941531  0.03694103
  -1.33368262  0.60088518  0.81947445 -4.09553703  1.31871219 -1.65645467
   0.04663977 -1.37171177  0.13647833 
   0.63548045  0.07945827  2.8273901   0.99114162 -1.93320089 -1.61560056
  -0.87732714 -0.90518578  1.4993046   1.07836759  0.41562146  0.48149472
  -2.23237078  0.00714157 -0.38556209 -1.28954491  2.14499002 -0.06076292
  -1.3873173   1.09028321 -1.40547245 -2.50781702 -1.12893095  1.1699589
   1.17018299  0.86460961 -2.2683277  -0.67320953  1.92683883 -0.37700187
  -2.3807752   0.81828163 -0.37205226 
  -1.30628074  0.49371961 -1.32517453 -0.89865033  1.75363754  1.38108188
   1.40936002  0.19141339  0.54025298 -0.81341707  2.58723335 -2.13203072
   0.57174456 -1.04987076 -3.19448047  0.0793882   3.78645451 -0.19120155
   0.21213328 -2.15726377 -0.93801342  0.56207025  0.88381199 -2.86290825
   0.48960769  0.6061174   0.03863367  0.17696661 -0.32817919  0.3758829
  -1.65164222 -0.54870415 -0.06397634 
  -1.6855873  -1.13910685 -2.18624783 -0.48317564  0.25977797 -0.39802783
   0.17642844 -1.16461152 -0.27423809 -2.71420386  1.3287615  -0.4300095
  -0.12337255 -2.38032562  2.64499534 -1.71107794 -0.17933822 -1.38425154
   2.54927018 -0.06111504  1.35624057 -1.35895915 -3.02976572  2.20671986
   2.04785113  1.489625   -1.51581592 -0.23805111 -0.72126354 -0.33289102
  -1.16039845  1.40941008 -0.15269626 
  -1.08041494 -0.25717461  0.6517807   0.69022803  0.93652941 -0.72788898
  -0.4428303  -3.5427537   1.01844261  0.06808611 -0.11839093  0.33737564
  -0.71789076  1.89475103 -0.90680072 -2.08784112 -1.28430188  0.43267097
  -0.09934509 -2.65687557  4.47229434  0.31086552  0.05344466  0.00981564
   0.05989623  0.52094362 -1.48062799 -1.75578763 -3.61998429  0.69558469
  -0.28137631  0.19012985 -0.00623261 
   0.80849054 -0.92316585  0.22193792 -1.17874381 -0.33944642 -2.00856101
   1.18176415  0.83315102  0.29022706 -2.11674325 -0.60468507  2.52893037
   3.06652972 -1.46261264 -1.11399838 -3.84581338 -0.99625485  0.12539342
  -0.22131694 -0.20481257 -0.81612797 -0.18633739 -0.46806749 -0.60960345
  -1.49377615 -1.65346055  1.20819389  0.25252996  0.51849534  2.68960742
   0.71171626  0.43407805 -0.29965959 
  -0.01867787 -0.75831937  2.04243768 -0.66845351  1.51103741 -0.15198189
  -0.85880613 -0.08321016 -0.22309799  0.40808198 -4.15471456  0.09723349
  -0.03178629 -1.57877744 -0.48973314  2.09113661 -2.27919669 -0.52235429
  -2.35057806 -0.38541381 -2.3429659  -0.22222754 -2.73081448  0.03435625
  -0.464245    3.25530607  0.57970093  0.60618542 -1.69213488  0.88548677
   1.0729187  -0.19748953 -0.86290216 
  -2.00911127  2.26693682  1.10465891  1.31524274 -2.0566424  -0.32541128
   1.18839067 -2.25748567  2.10272023  0.31339569  0.64995187 -1.38052578
   1.17161883 -1.43228534  1.92855589  1.20813066 -0.81763573 -2.1982309
  -0.41210099  0.50152552 -1.42292495 -1.66732931  2.05994932 -1.36802078
  -1.78146487 -0.59738468  0.06103244  0.54770776 -1.26151938 -0.15404276
   1.49226848 -1.7249668  -0.54059615 
   0.84543561 -0.84559706 -0.84592206 -1.25471748 -0.11014191  0.26777177
  -0.88375987 -2.27958755 -2.32671356 -2.45517125 -1.78877642  1.63551009
  -2.47877272 -1.44078618  0.14059584  0.13281984  0.66181711 -0.01355945
  -2.09684826  1.77393518  1.28453284  1.15942839  0.66056447 -2.63021058
   2.61610934 -0.54140348  1.7209977   0.38651722  2.27383359  0.32435326
   0.06808659 -1.71750457 -0.21826985 
  -0.23778593 -2.67526449  0.25770299  0.75473875 -0.59348494  1.09935185
  -1.08663044 -2.29570771 -1.55536826 -0.06806379  1.12061759  0.10986115
  -2.6290122   1.74555312 -0.43560665  0.18942747  0.53441641 -1.2161482
   0.91411663  1.54200148 -0.78942552 -1.25877585 -1.31099429 -2.63983889
  -1.73316464 -1.66244171  3.21292691  0.93383475 -1.17253629 -0.42030174
   1.47007002  2.30856655 -0.49960985 
  -1.36839433  4.05995486 -1.17450125 -2.51383344 -2.05735309 -1.17368852
  -1.09600525  0.08713077  1.09195042 -2.23891609 -2.52782429  0.21235712
  -0.75579351  1.32666487 -0.02352182  1.55832545 -0.82390041 -0.50055692
  -0.06107694 -0.81812984  0.75445902  1.79679035 -0.53290639  0.93069771
   0.72431113 -1.73232697 -1.40799897 -0.03154153  0.88280398 -0.80511246
   1.43320788  1.07887471 -0.5693641  
  -0.4422659  -0.90301969 -2.49643557 -2.00389446 -2.00786102  0.85787831
   0.04512706 -0.22477839 -0.60339543  3.19771964  0.03367246  2.07142981
  -1.03051202  0.21963793 -0.42477973 -1.27896682 -0.08140577 -1.08127785
  -0.38362917 -1.35886161  0.37506129 -0.41515988 -0.87871939 -0.70159763
   0.02636514 -0.19446833 -1.75250299  0.43189286  1.47362439 -1.18472418
   1.88297286 -0.44087384 -0.219972   
  -0.33446988 -0.78554678  0.55893445  1.87050843 -2.21874176  1.17682943
  -0.18989953  0.92901301  0.92390354 -0.72730638 -0.82627559  0.0375912
  -1.65785877 -0.69636496 -2.46476408  1.91524124 -2.78256888  0.34573491
   0.97164721 -0.78584585  0.72668303 -0.6715592   1.32930129  0.34570733
   0.3664804  -1.99797965  0.9040654  -1.25023374  0.1210903  -1.02864399
  -0.87554493  0.7081353  -0.43558614 
  -0.58490942  1.97539471  0.31361554 -1.04719242 -0.90618718 -0.17851757
   0.92700037  1.43903971 -0.91848046  0.23868431 -0.90265372 -0.64889677
   0.22039867  0.4370904   1.82420645 -1.06583178  0.48679221  0.31796723
  -1.16926145  0.45670573 -0.58598908  0.98945083 -0.27803634 -0.22395716
   0.9616948  -1.17600602 -0.44521795 -0.33081542 -2.18443296 -0.10689413
  -1.7101823  -2.72021424 -0.80039317 
  -0.26108424 -1.64828453 -2.20784078  1.7424657   1.29886601  0.87011614
  -0.48652769 -0.51464779  1.73969906  1.21141087  0.13602509  0.40971476
  -0.21152072  0.24787402 -0.98354154 -0.37265559 -0.20596538 -1.67488347
  -0.8678879   1.55087957 -0.50374517  0.68391014  0.30147875 -1.44622591
  -0.52301631 -1.41337278 -1.59859158 -0.53135715  1.04245462 -0.53856705
  -0.86439319 -0.5824045  -0.18650786  