NN 16 32 16   -4.25489866e+00  -1.32127641e+00   2.09564463e-01   6.50296533e-01
    2.82517036e+00  -1.02741715e+00  -2.19111968e+00  -2.41274415e+00
    3.56818850e+00  -1.26761854e+00  -3.43587297e-01   1.11800095e-01
    8.49676351e-01  -2.15026995e-01   2.77296957e-01  -7.05571676e-01
   -9.75584402e-01 
    6.03777566e-01  -6.35141063e-01  -1.16026658e-01   1.44538030e-01
    8.58698371e-01  -1.61664677e-01   1.32042825e-01   4.70690837e-01
   -2.92943755e+00   7.18418868e-01   2.28437872e+00  -4.51888614e+00
    9.01089018e-01   6.58929357e-01  -2.45744135e+00   1.41499312e+00
    6.77339208e-01 
   -1.34974073e+00   1.29344916e-01  -2.40517027e+00   9.93782162e-01
    3.11005736e+00  -1.97377399e+00  -8.77721782e-01  -8.12519413e-01
   -9.68857638e-01   6.40125036e-01  -6.46976265e-01   3.02439249e-01
    1.45041701e+00  -6.47481310e-01  -2.72437923e-01   2.28883663e+00
    2.15285555e-01 
    1.80554199e+00  -5.77341302e-01  -1.45502824e+00   1.09281511e+00
    3.35423494e-01  -1.13498306e+00   7.86798275e-01  -4.78286139e-01
   -1.64371327e+00   9.43686672e-01  -1.69439162e+00   1.82529570e+00
    1.81565961e+00  -1.76999982e+00   1.33811414e+00  -2.08029249e+00
   -1.44352247e-01 
   -1.68423416e-01  -1.82771315e+00   1.66521099e+00  -1.48138182e+00
    2.89829922e-02  -7.07284916e-01  -4.50479418e-02  -2.19456029e+00
    1.26757045e+00  -6.06001079e-01   6.02142412e-02   2.19051060e+00
    1.54070987e+00   2.31198455e+00  -2.40118295e-01  -1.54788099e+00
   -7.23443664e-01 
   -4.34231136e-01   1.18179270e+00   2.00216386e+00  -1.33123934e+00
    7.78658497e-01   1.12393892e+00   2.40546071e+00  -6.10033393e-01
    6.85063996e-02  -2.83214573e-01  -2.38358079e+00   3.80535896e-01
   -9.23397452e-01  -1.50294000e+00  -4.88993295e-01  -5.77603904e-03
    1.25984660e-01 
    1.31077032e+00   1.60367426e+00   1.65420904e+00  -2.11147666e+00
   -5.15871159e-02   4.41242414e-01  -2.23420870e+00   1.62414782e+00
   -5.12665064e-01   6.79332087e-01   8.90496811e-01  -6.61221928e-02
   -1.00248719e-02  -3.74728712e-01  -1.42855066e+00   8.74514134e-01
   -7.21090646e-01 
    8.46082742e-01  -1.54113639e+00   1.27822383e+00  -4.52985731e-01
    5.83143592e-01   4.63943955e+00  -2.38724626e+00  -6.00523112e-02
    2.74051506e+00   2.44656135e+00   4.14414294e-01  -3.07694074e-01
   -5.93936269e-01  -2.97213310e+00  -1.52916452e+00  -1.80921997e-01
   -7.03514571e-01 
    1.70581334e-01   2.91243766e+00  -6.47362597e-01  -1.11309975e+00
    6.92975506e-01  -1.25101987e+00  -1.49179119e+00  -2.93226912e-01
   -1.76428405e+00   2.46336766e+00   1.50672124e+00  -1.33814219e+00
    1.12391110e+00  -1.93844554e+00   1.56820268e+00  -1.83666246e+00
   -1.43447801e-01 
   -1.17563887e+00  -4.67137682e-01  -7.63004962e-01   1.35595701e+00
    1.86574684e+00  -7.12092854e-01   1.14488121e+00  -7.37617492e-01
   -1.10299628e+00   6.57381609e-01   1.09961532e+00   2.33487780e+00
   -3.23418166e+00   3.89735208e-01  -8.73859162e-01  -1.39069399e+00
    4.49251334e-01 
   -7.58255632e-01   3.82839176e-01   2.70507021e-02  -2.83862331e+00
   -2.66723605e+00  -1.57616523e+00   3.60793651e-01   4.73926828e+00
   -1.56311813e+00   5.58428415e-01  -5.37227411e-01   3.18002676e+00
   -1.27675237e+00  -4.31653567e-01  -1.25121844e-01   5.52901318e-02
   -6.28923683e-01 
    3.40223029e+00  -7.95012410e-01   3.00691035e-01   2.06065968e+00
    1.74747143e+00  -8.38662251e-01  -1.28224217e+00   7.09391178e-01
    2.67792182e-01  -1.33648122e+00   6.41820034e-01  -5.64865396e-01
   -3.08279390e+00   5.57253202e-01   1.19776665e+00  -1.22216374e+00
   -3.56106178e-01 
   -2.80950999e-01  -2.76771698e+00   1.64893987e+00   1.11711262e-01
   -1.81956988e-01   4.06457372e-01  -3.67419630e+00  -6.48611443e-01
   -1.91629549e+00   1.15944446e+00   3.20404199e+00  -5.84910756e-02
   -5.56838526e-01   1.26040539e+00  -6.08205241e-01  -8.83193012e-01
   -1.43717171e+00 
   -6.46350630e-01   4.34882876e-01  -5.60366652e-01   1.26887931e-01
    2.62277667e+00  -2.19245406e+00   1.14937517e+00   1.05309244e+00
    1.21350471e+00   1.48219710e+00  -2.37563410e+00  -1.67918768e+00
   -1.30259560e+00   1.60442221e-01  -3.87362167e-01  -1.07409841e-01
   -1.37956885e-01 
    2.12388194e+00  -1.85722631e+00   8.54492247e-01   3.23326148e+00
   -2.36607954e+00   7.59777159e-01   4.94931550e-01  -9.88807022e-01
   -1.49531210e+00   2.53191371e-03  -4.75798790e-01  -2.02099797e-01
    7.60513887e-01   2.52873766e+00  -2.27122976e+00  -1.38121474e-01
    6.58154933e-01 
    1.75746923e+00  -1.17853522e+00  -3.08294663e-01   1.64332426e-01
   -1.49620400e-01  -3.39857574e-01   3.27199761e+00  -3.05811694e+00
   -1.10552505e+00  -1.04675154e+00  -5.80197968e-01  -9.25031641e-01
    1.24769969e+00  -2.06140967e+00   1.02439961e+00   7.84409225e-01
    6.15888185e-01 
    1.70895152e+00   5.73204031e-01  -3.01080811e+00  -4.78083140e+00
    1.17650729e+00   3.53887768e-01   5.27897851e-01   1.61772054e+00
    8.12926155e-01   4.86638487e-01  -7.03135115e-01  -1.32626074e+00
   -3.27455847e-01   1.70191780e+00  -4.97567760e-01   1.36519027e+00
    3.93014511e-01 
   -1.73836629e+00   5.97268309e-01  -3.19557637e-01   4.16483910e-01
    6.70967108e-01  -2.13299837e+00   4.27253821e-01   2.35816931e-01
    1.59802448e+00  -8.49518436e-01   1.45329107e+00   4.63076292e-01
    8.86346461e-01  -1.18105594e+00  -7.90730742e-01   1.34736490e+00
   -7.46959099e-01 
   -8.28196960e-02  -2.58117020e+00   2.30702760e+00  -5.32466701e-03
   -2.57387788e+00   2.46149153e-01  -2.38276466e-01   1.76733128e+00
    2.64629671e-02   1.57472934e+00  -1.66276681e+00  -4.76346890e-01
    5.04871446e-01  -1.05046373e+00   6.86148763e-01   7.13875162e-01
    1.47086571e-01 
   -1.33703420e+00   5.91145637e-01  -7.14850073e-01   2.35706535e+00
   -8.65010946e-01   1.86583351e+00   1.56324248e+00  -1.89476926e+00
    4.78884083e-02  -1.86612122e+00  -4.37706447e-01   6.43413194e-01
    1.76274580e+00  -3.39936507e-01  -3.34247973e-01  -2.58159130e+00
    3.44251267e-01 
   -3.97553372e-01   2.88928172e+00   1.30959460e+00  -8.22419995e-01
   -1.94234360e-01  -5.14430292e+00   1.29701650e+00   3.59787866e+00
    1.43673430e+00  -2.62439047e+00   7.18969946e-01   1.58205740e-01
   -3.86998053e-01  -9.44784830e-01   8.67533187e-01  -4.37723917e-01
   -3.11094591e-01 
   -3.03507516e+00   8.77309875e-01   2.15147776e+00  -1.24072408e-01
    1.69007570e+00  -9.20317103e-01  -1.73583608e+00  -1.31160970e-01
    2.56216571e+00  -9.44217305e-01   3.67182894e-01  -1.75825289e+00
    3.94033123e-01   4.71205024e-01  -1.27779977e+00  -5.22060223e-01
    6.51471056e-01 
   -8.27524065e-02  -9.73695608e-01   4.65308996e-01  -5.85832239e-01
    2.47344306e+00  -1.12414903e+00   1.45700474e-01   2.64484430e+00
   -2.76534100e+00  -1.00596348e+00   1.43610284e+00   9.01531627e-01
    2.95459816e-01  -9.27517501e-01  -5.68785051e-01  -1.45908361e+00
   -4.46423276e-01 
   -2.15357131e+00   2.00425858e-01  -1.49714915e+00   2.10615831e+00
   -1.00277712e+00   1.19716848e+00   9.19862246e-01  -7.67768173e-01
    1.15462610e+00   1.43736743e+00   2.06712000e+00  -1.49217959e+00
    7.77718499e-01  -1.50510403e+00   6.42838841e-01  -3.73708339e-01
   -6.49884279e-01 
    2.39997790e+00   1.78400593e+00  -2.24998109e+00  -1.46474793e+00
   -3.77414811e+00  -1.79412660e+00   9.10243103e-01   6.08655886e-01
    1.44982200e+00  -2.39330278e+00   1.87879584e+00   1.24499531e-02
    9.52136242e-01  -3.29320104e-01  -7.25727609e-01   2.77504477e-01
   -4.74481063e-02 
    2.05686111e+00   4.17348879e-01  -2.27298466e+00   1.32694575e-01
   -1.10925022e+00  -7.62808357e-01   3.08244594e+00  -3.32951811e+00
   -2.33032362e-01  -3.84097096e-01   2.65698006e-01   8.99660317e-01
   -2.23626648e-01   1.27460104e+00   7.12811228e-01   1.42571065e+00
   -4.91139369e-01 
   -7.29964448e-01  -1.16039677e-01   2.12486253e+00  -3.37497893e-01
    1.87217112e+00   1.95151843e+00  -3.58669229e+00   3.50714788e-01
    2.89362929e-01  -9.77201988e-01  -3.73967429e+00  -8.89052263e-02
    2.20525086e+00  -1.59697972e+00  -2.64547392e-01   3.39897287e+00
   -3.71969356e-01 
   -6.96041667e-01   3.25004265e+00   1.15405043e+00  -1.91852149e-02
   -1.40321164e+00   1.68003861e+00  -6.70637080e-01   1.19325213e-02
   -9.06912318e-01  -2.54793088e+00  -1.35899908e-01   9.42915297e-02
   -9.44099289e-01   6.94260832e-01  -1.88756943e-01   7.63140610e-01
   -7.11064550e-01 
   -1.74889727e-01  -9.11760922e-01  -1.34054054e+00  -9.52739059e-02
   -1.30699117e-01   2.82733476e+00  -4.90207380e-01   8.31321655e-01
    2.46944261e-01  -3.16577188e+00   1.14435547e+00  -2.78760365e-01
   -1.61981951e+00   4.86178778e-02   3.47862684e+00  -1.66170541e+00
    7.63273162e-01 
   -1.52082172e-01   2.86596780e+00   8.21921453e-02  -1.03975481e+00
    9.56765451e-01  -1.84470518e+00  -2.65440722e+00  -1.18396432e+00
   -6.69336840e-01  -9.85980663e-01  -2.91081861e-01   7.58019267e-01
    8.63232484e-01   5.49408299e-01   2.45872904e-01   9.58500196e-01
   -2.15342195e-01 
   -7.52082582e-01  -9.39771800e-03   3.36690158e+00   1.90612248e+00
    7.30197118e-01   6.37927812e-01  -2.42449197e+00  -1.65193821e+00
   -7.81423787e-01   6.05674700e-01  -2.24256774e+00  -1.55910458e+00
   -1.90585998e+00   1.93176229e+00   1.97399170e+00   1.26185972e+00
    2.35148463e-01 
    1.78188730e+00   9.61970898e-01  -1.29470126e+00  -2.82898659e-01
   -8.54087372e-01  -1.96369062e-01  -4.62384708e-01  -5.34170860e-01
    1.99279170e+00   1.83886789e+00  -2.50166337e+00  -2.17168921e+00
   -4.97548465e-01  -1.83274774e+00   2.61625113e+00   9.87029826e-01
   -5.16139314e-01      3.85408637e+00  -1.20124450e+00   6.01586930e-01  -1.99451099e+00
   -1.04101957e+00   1.56188256e+00  -8.36920211e-01  -1.16214817e+00
    3.57963646e-01   6.15740259e-01  -2.24957024e-01  -3.29938614e+00
   -8.52725971e-01   6.85212721e-01   1.02801599e+00  -1.38058669e+00
   -1.68324490e-01  -1.20206419e-03   3.70764765e-02  -1.58539004e-01
   -1.73969323e-01   1.63666897e+00   7.34731604e-01   2.17641363e+00
   -1.25884663e+00  -9.75156344e-01   3.15223713e-01  -9.68669118e-02
    7.51554369e-02  -1.65479788e-01   1.19372038e-01  -1.05934703e+00
    2.99255293e-03 
    6.27777374e-01   3.83690291e-01  -3.86485990e-01  -3.76446684e-01
    1.19639166e+00  -3.26183061e-01  -1.18976984e+00   8.37782694e-01
   -2.06656849e+00  -1.85839645e-01  -8.01009950e-01   3.19036660e-02
    1.05963016e+00  -8.62428050e-03   1.37392707e+00   3.86673559e-02
   -2.47308165e-01  -1.20566660e+00   2.01759178e+00  -2.02996129e+00
   -1.31351270e+00   3.72873436e-01   6.34897596e-01   1.19264780e-01
   -1.30076726e+00   7.48686218e-01   4.98345594e-01  -4.64178919e+00
    1.45007381e+00  -1.80035977e+00   8.99970605e-02  -1.24677250e+00
    4.53500180e-01 
    4.83026333e-01  -2.47173669e-01   2.80031383e+00   1.34110780e+00
   -1.73720093e+00  -2.19310426e+00  -1.26077586e+00  -9.54611434e-01
    1.21922488e+00   1.18675380e+00   3.72200562e-01   7.78969976e-01
   -1.83734955e+00   8.85344748e-02  -5.52900207e-01  -1.26875157e+00
    2.11803996e+00   1.17503512e-01  -1.41615394e+00   1.43536634e+00
   -1.16436740e+00  -2.58715057e+00  -8.05505513e-01   1.12082381e+00
    1.36651571e+00   6.46758070e-01  -2.54937263e+00  -4.29636931e-01
    2.18434033e+00   8.39517248e-02  -2.10908538e+00   9.37576009e-01
   -2.28675196e-01 
   -1.59856327e+00   1.94402767e-01  -1.60098423e+00  -9.94105021e-01
    2.00825742e+00   1.18827474e+00   1.10276631e+00   6.16385148e-02
    5.14757183e-01  -9.29598090e-01   2.92797648e+00  -1.87263733e+00
    1.35533527e-01  -6.39685019e-01  -3.22234302e+00   2.45744982e-01
    3.93238608e+00  -1.10156643e-01   7.39897803e-03  -2.21372645e+00
   -1.03340533e+00   4.07100303e-01   6.68018619e-01  -2.81524785e+00
    7.28645099e-01   6.65072045e-01   3.25736358e-02   8.10136486e-02
   -2.42950159e-01   2.73445173e-01  -1.81298678e+00  -4.18068643e-01
   -1.90771437e-01 
   -2.08487934e+00  -1.25529550e+00  -2.32754380e+00  -5.66775112e-01
   -8.27973906e-02  -3.25243356e-01  -1.90077997e-01  -1.36373570e+00
   -2.25534700e-01  -3.14464639e+00   1.65669053e+00  -7.29629550e-01
   -2.08271558e-01  -2.66774610e+00   3.04304789e+00  -1.70561491e+00
    7.78493152e-02  -1.69464775e+00   2.45163591e+00  -4.03164859e-01
    1.23358093e+00  -1.12129294e+00  -3.55078531e+00   2.12554169e+00
    1.81070882e+00   1.28930981e+00  -1.59640069e+00   3.86937733e-02
   -2.92161114e-02   1.12694875e-01  -9.95368069e-01   2.00645858e+00
   -1.67454447e-01 
   -1.73426802e+00  -2.98761579e-01   6.49450171e-01   3.29377304e-01
    1.23762316e+00  -7.32364563e-01  -4.38166247e-01  -3.46554327e+00
    1.21667981e+00   2.17354055e-01  -1.76197470e-01   5.69236200e-01
   -9.03414209e-01   1.99218836e+00  -6.05271384e-01  -2.24496974e+00
   -1.45624991e+00   7.56542048e-01  -2.46174216e-01  -2.57367717e+00
    4.14716175e+00   5.31635606e-01  -3.08987820e-01  -2.03493243e-01
    6.44048670e-01   5.58712687e-01  -1.08608407e+00  -1.86662999e+00
   -3.95767305e+00   8.10939273e-01  -1.35238607e-01   4.20843937e-01
    8.63164256e-02 
    6.91680716e-01  -1.46890348e+00  -2.84713636e-02  -7.81945248e-01
   -2.63928073e-01  -2.81458593e+00   9.92178263e-01   1.14874211e+00
    6.28289269e-01  -2.12565884e+00  -6.27799187e-01   2.81414461e+00
    3.03218831e+00  -1.58418586e+00  -1.01631575e+00  -4.03171167e+00
   -8.32871393e-01   2.99376200e-03   1.65619416e-01  -6.64778071e-01
   -8.70663999e-01  -7.20759905e-02  -3.45378266e-01  -7.28867698e-01
   -1.24917277e+00  -2.19185079e+00   9.68239889e-01   5.48576349e-01
    5.28045357e-01   2.66245786e+00   1.20913975e+00   1.41433872e-01
   -4.31972128e-01 
    2.55232970e-02  -6.09119319e-01   2.15100517e+00  -6.52871102e-01
    1.84885546e+00  -5.86373914e-02  -9.36917707e-01  -3.92403567e-01
   -1.93561512e-01   5.56003742e-01  -4.46353886e+00   2.07409904e-01
    3.90004469e-01  -2.03309581e+00  -4.73994967e-01   2.32982300e+00
   -2.67515294e+00  -5.08199328e-01  -2.26270659e+00  -3.04018435e-01
   -2.62019348e+00  -7.80887281e-02  -2.97181028e+00   1.35639141e-01
   -3.09316662e-01   3.41408637e+00   2.69261763e-01   7.91697873e-01
   -1.52336029e+00   7.90275111e-01   1.26644229e+00  -3.91966489e-01
   -1.34546217e+00 
   -2.14399625e+00   2.54186353e+00   1.29127232e+00   1.63993988e+00
   -2.08225221e+00  -2.55554908e-01   1.31474042e+00  -2.41356837e+00
    2.47038228e+00   3.68925248e-01   8.00763860e-01  -1.61748211e+00
    1.08092757e+00  -1.76535779e+00   1.80625743e+00   1.16912747e+00
   -6.44909849e-01  -2.59637637e+00  -4.19647440e-01   4.74364456e-01
   -1.47444637e+00  -1.76605214e+00   2.39794765e+00  -1.29391661e+00
   -2.06991184e+00  -3.81690357e-01   3.24508994e-02   2.84286706e-01
   -1.48526025e+00   1.18490160e-01   1.52250842e+00  -2.05941566e+00
   -5.83976185e-01 
    1.23237710e+00  -1.04039939e+00  -9.28052680e-01  -1.59383416e+00
   -4.26857301e-02   9.43461604e-02  -1.15728058e+00  -2.66192032e+00
   -2.69546244e+00  -2.59083698e+00  -1.92391905e+00   2.08830522e+00
   -2.67159147e+00  -1.54861644e+00   4.40783790e-01   4.15008143e-01
    5.19017703e-01  -3.94636294e-02  -2.35781229e+00   1.71040655e+00
    1.37817592e+00   1.21100804e+00   5.39445381e-01  -2.49000731e+00
    2.69301073e+00  -1.02371585e+00   2.22945411e+00   6.65745246e-01
    2.87739654e+00   5.08058995e-01   2.39075112e-02  -2.10804245e+00
   -5.12112314e-01 
   -3.31620419e-02  -3.06494333e+00   4.89288335e-01   1.09705750e+00
   -5.91389481e-01   1.47187314e+00  -1.25522716e+00  -2.27822045e+00
   -1.97441960e+00  -2.43658333e-01   1.20763490e+00  -1.05638499e-01
   -2.61644147e+00   1.85109003e+00  -3.83988615e-01   3.48535571e-01
    2.76142597e-01  -1.46826747e+00   1.08424977e+00   1.62950251e+00
   -8.47615234e-01  -1.44184364e+00  -1.44667223e+00  -3.09876561e+00
   -1.55907306e+00  -1.63594565e+00   3.69301194e+00   9.94601714e-01
   -1.20603769e+00  -3.49441246e-01   1.53892021e+00   2.67788352e+00
   -6.17338371e-01 
   -1.06736839e+00   4.79426941e+00  -1.53198582e+00  -2.67164787e+00
   -2.21170181e+00  -1.26211481e+00  -1.19136567e+00  -1.36451222e-01
    1.08737854e+00  -2.43104880e+00  -2.72936185e+00   3.64805271e-01
   -6.42575538e-01   1.32127904e+00  -4.22899055e-01   1.62104663e+00
   -5.61616182e-01  -5.97922490e-01   2.12741136e-02  -9.26919171e-01
    7.30371424e-01   1.80469974e+00  -6.76124074e-01   1.06131179e+00
    3.83416357e-01  -1.66634003e+00  -1.56437937e+00  -3.00192060e-02
    1.19152195e+00  -1.00479668e+00   1.88270701e+00   1.30637484e+00
   -7.26276294e-01 
   -4.26560446e-01  -1.00647680e+00  -2.54260119e+00  -2.14373966e+00
   -2.17908924e+00   1.01498429e+00  -1.15873160e-01  -1.71279747e-01
   -7.22654691e-01   3.77266038e+00   1.29888024e-01   2.22271441e+00
   -9.83656737e-01   4.31193421e-01  -5.75690613e-01  -1.35267428e+00
   -1.45195901e-01  -1.12748259e+00  -4.83384592e-01  -1.53208201e+00
    2.77316826e-01  -3.43883132e-01  -9.03751744e-01  -7.14227553e-01
   -1.58241434e-01  -2.11822193e-01  -2.01334178e+00   5.15433227e-01
    1.59942415e+00  -1.26623928e+00   2.12433245e+00  -4.50614734e-01
   -2.29404116e-01 
   -2.39740001e-01  -8.02717308e-01   4.42896235e-01   1.97839158e+00
   -2.48029386e+00   1.39208469e+00  -2.46323905e-01   1.18250043e+00
    9.70766055e-01  -7.73189621e-01  -9.52415201e-01   1.40531463e-01
   -1.73830915e+00  -7.76081997e-01  -2.79854317e+00   2.25246957e+00
   -3.18329353e+00   5.11819219e-01   1.03764716e+00  -8.61803620e-01
    9.20406228e-01  -5.59937154e-01   1.51919319e+00   3.70011182e-01
    2.31944674e-01  -2.16565719e+00   9.47238827e-01  -1.37060631e+00
   -2.69480306e-02  -1.22978300e+00  -9.61959262e-01   7.56437076e-01
   -6.27008426e-01 
   -6.14454718e-01   2.33744741e+00   3.05535010e-01  -1.14684155e+00
   -1.00701301e+00  -2.14019558e-01   9.92497561e-01   1.57635476e+00
   -1.12095352e+00   2.54912112e-01  -1.01064142e+00  -6.59235291e-01
    2.09446359e-01   3.74823607e-01   2.01569886e+00  -1.23597367e+00
    4.81147518e-01   2.24223238e-01  -1.51061831e+00   4.14076691e-01
   -8.46486490e-01   9.70100291e-01  -3.89385942e-01  -4.58885470e-01
    1.05157689e+00  -1.25119692e+00  -4.06161022e-01  -4.12911545e-01
   -2.76601267e+00  -1.49966851e-01  -2.02642442e+00  -3.02995799e+00
   -1.03021500e+00 
   -1.33026556e-01  -1.84235811e+00  -2.47018143e+00   2.15599660e+00
    1.41025324e+00   8.65581614e-01  -3.68928373e-01  -5.19533624e-01
    2.21410380e+00   1.25519644e+00   2.26113524e-01   5.52633242e-01
    2.79355936e-03   2.61510267e-01  -1.05699711e+00  -6.76745406e-01
   -2.83926202e-01  -1.98488852e+00  -9.36844147e-01   1.71426926e+00
   -4.08040350e-01   7.72536424e-01   4.70568044e-01  -1.61001373e+00
   -4.54889309e-01  -1.66144098e+00  -1.67857715e+00  -7.00368672e-01
    1.11321448e+00  -4.71208919e-01  -9.17929981e-01  -6.95521827e-01
   -2.06706290e-01  