NN 16 32 16   -4.08797052e+00  -1.13079826e+00   2.90126918e-01   5.03374932e-01
    2.87158990e+00  -1.07983002e+00  -2.16575452e+00  -2.38667177e+00
    3.61565516e+00  -1.20477298e+00  -3.40366482e-01   2.09966717e-01
    9.52019066e-01  -1.73458745e-01   3.39490417e-01  -6.30182550e-01
   -9.01488208e-01 
    7.05971702e-01  -5.59507311e-01  -3.23247695e-01   1.19889146e-01
    8.68414498e-01  -3.07929940e-01   2.95511441e-01   5.57676876e-01
   -2.93727335e+00   8.58095068e-01   2.34441594e+00  -4.29309619e+00
    9.67472840e-01   7.32950204e-01  -2.38029791e+00   1.45998163e+00
    7.22041258e-01 
   -1.23301722e+00   1.39470563e-01  -2.40842880e+00   9.33763287e-01
    2.99743699e+00  -1.96167893e+00  -8.10463728e-01  -9.08178164e-01
   -1.02153358e+00   6.91746470e-01  -6.87782504e-01   1.96388999e-01
    1.48461876e+00  -6.94481330e-01  -2.80270064e-01   2.22560410e+00
    1.84401276e-01 
    1.73307805e+00  -5.71682639e-01  -1.39495346e+00   1.11699663e+00
    2.43021698e-01  -1.09202569e+00   8.19057139e-01  -4.96543909e-01
   -1.69374217e+00   1.00493665e+00  -1.69981855e+00   1.73082500e+00
    1.86327621e+00  -1.71676559e+00   1.33281542e+00  -2.03583155e+00
   -1.35795924e-01 
   -1.47009074e-01  -1.76598520e+00   1.67052258e+00  -1.46072459e+00
   -5.52199488e-02  -6.57518358e-01  -1.65407949e-01  -2.21667581e+00
    1.24787789e+00  -6.07820434e-01   6.39879609e-02   2.20480387e+00
    1.56835671e+00   2.33810387e+00  -1.62693439e-01  -1.51071700e+00
   -6.93643582e-01 
   -3.86350027e-01   1.20189093e+00   2.03326830e+00  -1.26375498e+00
    8.22568059e-01   1.21636374e+00   2.25167609e+00  -6.20486093e-01
    3.87199655e-02  -2.44140137e-01  -2.32795761e+00   4.15261786e-01
   -9.07732885e-01  -1.45573651e+00  -4.53652247e-01   1.54431215e-02
    1.38919349e-01 
    1.24185771e+00   1.56441305e+00   1.55544124e+00  -1.97393112e+00
   -8.89218451e-02   3.37059197e-01  -2.26784505e+00   1.73741675e+00
   -5.25119497e-01   5.01543421e-01   9.75239286e-01   1.63435533e-01
   -5.84608674e-02  -4.10190898e-01  -1.44091775e+00   8.47489352e-01
   -7.34694696e-01 
    9.37920273e-01  -1.53417693e+00   1.22979472e+00  -3.37843553e-01
    6.44492819e-01   4.50443275e+00  -2.40764331e+00  -9.99932977e-02
    2.67580347e+00   2.44127552e+00   3.32345387e-01  -1.68394690e-01
   -6.28066839e-01  -2.85614929e+00  -1.46142003e+00  -1.28483651e-01
   -6.53448568e-01 
    1.92599727e-01   2.91192450e+00  -6.87998858e-01  -1.09985057e+00
    7.67268811e-01  -1.37243342e+00  -1.34591394e+00  -2.30220973e-01
   -1.79025705e+00   2.41136854e+00   1.52666515e+00  -1.23040522e+00
    1.10588604e+00  -1.93172972e+00   1.54050551e+00  -1.78794436e+00
   -1.29504377e-01 
   -1.25664586e+00  -3.79443816e-01  -7.05875233e-01   1.28904133e+00
    1.78823128e+00  -8.47370704e-01   1.21461536e+00  -6.97395794e-01
   -1.18457902e+00   7.25835873e-01   1.01902948e+00   2.28720815e+00
   -3.15214208e+00   3.90848765e-01  -8.78206402e-01  -1.41412521e+00
    3.92805453e-01 
   -8.14958958e-01   4.92205368e-01   1.97479376e-01  -2.86481685e+00
   -2.65989080e+00  -1.44444797e+00   2.47058434e-01   4.60733969e+00
   -1.52647214e+00   4.59581165e-01  -4.29051382e-01   3.21942048e+00
   -1.24959439e+00  -4.09546728e-01  -6.06922062e-02   6.64590007e-02
   -6.05023029e-01 
    3.39930930e+00  -8.54614794e-01   2.41292991e-01   1.96684906e+00
    1.64929006e+00  -6.71189381e-01  -1.36196084e+00   6.83762302e-01
    2.24185052e-01  -1.35278425e+00   7.00400220e-01  -5.84727816e-01
   -3.03119848e+00   5.31681679e-01   1.15291753e+00  -1.19507221e+00
   -3.41621727e-01 
   -1.57858520e-01  -2.72208959e+00   1.54101119e+00   1.44126260e-01
   -8.65922845e-02   3.74817881e-01  -3.69692195e+00  -5.23598576e-01
   -1.75136977e+00   1.13396463e+00   3.24483345e+00   8.67670830e-02
   -4.81256137e-01   1.32238737e+00  -5.07534531e-01  -7.82130702e-01
   -1.34693938e+00 
   -6.63103005e-01   4.15482336e-01  -5.50408152e-01   1.00706162e-01
    2.50427630e+00  -2.19232864e+00   1.19305144e+00   1.00730762e+00
    1.11311055e+00   1.50346558e+00  -2.31704757e+00  -1.79639595e+00
   -1.27332918e+00   1.92920499e-01  -4.77367643e-01  -1.58072029e-01
   -1.87287371e-01 
    1.93311623e+00  -1.85332736e+00   8.10572190e-01   3.25658292e+00
   -2.35756928e+00   7.00741564e-01   4.81953849e-01  -1.02912977e+00
   -1.48479599e+00   3.47164145e-02  -5.61661167e-01  -3.28875913e-01
    6.76720669e-01   2.48147554e+00  -2.26189452e+00  -1.66961711e-01
    6.25028688e-01 
    1.64804356e+00  -1.21896702e+00  -2.72062746e-01   3.28054635e-02
   -3.50825778e-01  -3.55620624e-01   3.14785293e+00  -3.06661283e+00
   -1.18398561e+00  -1.07462646e+00  -6.61673754e-01  -9.81954186e-01
    1.18546841e+00  -2.13824740e+00   9.06618156e-01   6.74889445e-01
    5.08821786e-01 
    1.68037326e+00   6.92837608e-01  -3.06390911e+00  -4.66997757e+00
    1.30668363e+00   2.21873422e-01   5.68418528e-01   1.59652290e+00
    6.39954690e-01   3.52625439e-01  -7.95741028e-01  -1.35819226e+00
   -3.60346433e-01   1.64655224e+00  -5.37811280e-01   1.29304354e+00
    3.39582160e-01 
   -1.68362109e+00   5.93413741e-01  -2.38898841e-01   4.00868354e-01
    5.91084919e-01  -2.01880694e+00   3.22095189e-01   2.90504997e-01
    1.48432018e+00  -1.00911332e+00   1.45267274e+00   3.82329552e-01
    8.75236933e-01  -1.17833393e+00  -8.23413524e-01   1.24840994e+00
   -7.79272427e-01 
   -1.01224372e-01  -2.59303300e+00   2.18086599e+00  -7.93074238e-02
   -2.61119452e+00   3.22607775e-01  -3.83808670e-01   1.71957393e+00
    4.56230070e-04   1.56388288e+00  -1.75945228e+00  -3.90384982e-01
    4.83385175e-01  -1.06610446e+00   6.26684153e-01   6.59102852e-01
    9.56363571e-02 
   -1.34265480e+00   5.83240088e-01  -7.31350979e-01   2.34300202e+00
   -8.09613869e-01   1.93363250e+00   1.37188125e+00  -1.88846452e+00
    2.18393018e-02  -1.76067606e+00  -4.71122701e-01   5.68000771e-01
    1.77586741e+00  -3.33329904e-01  -3.44899493e-01  -2.57019527e+00
    3.18888316e-01 
   -3.75119683e-01   2.85482058e+00   1.30887168e+00  -5.26122164e-01
   -1.88969817e-01  -4.98998705e+00   1.30426083e+00   3.64604715e+00
    1.45002917e+00  -2.67060119e+00   8.05576945e-01   3.42448938e-02
   -3.92486998e-01  -8.64019802e-01   8.66510354e-01  -3.83674427e-01
   -2.70378264e-01 
   -2.88523322e+00   8.04600582e-01   2.17788082e+00  -3.13352693e-03
    1.68329432e+00  -8.44294759e-01  -1.71069358e+00  -9.64284590e-02
    2.48599560e+00  -1.04847868e+00   3.77103463e-01  -1.74370551e+00
    3.93421309e-01   5.16866773e-01  -1.21848762e+00  -4.88650212e-01
    6.74278297e-01 
   -4.56915317e-02  -8.81403657e-01   4.00406067e-01  -5.46491101e-01
    2.54898840e+00  -1.14056569e+00   2.44781041e-01   2.56409829e+00
   -2.73420462e+00  -9.84187332e-01   1.43528365e+00   9.51681178e-01
    3.35660749e-01  -8.98355521e-01  -5.31644005e-01  -1.38896409e+00
   -4.11639864e-01 
   -2.05967532e+00   2.61547841e-01  -1.47497482e+00   2.08376946e+00
   -9.82340499e-01   1.17886195e+00   8.60065491e-01  -7.74204404e-01
    1.10521057e+00   1.40775798e+00   1.98502006e+00  -1.64722874e+00
    8.56407731e-01  -1.47736748e+00   5.99808841e-01  -3.91483925e-01
   -6.59764571e-01 
    2.30311086e+00   1.75296526e+00  -2.16701073e+00  -1.47494546e+00
   -3.82489118e+00  -1.65595865e+00   9.97680221e-01   6.54270233e-01
    1.36330413e+00  -2.46721697e+00   1.83930131e+00  -8.70843572e-02
    8.71002639e-01  -3.40532128e-01  -7.26478927e-01   2.43017078e-01
   -6.99882367e-02 
    1.95985248e+00   4.30483878e-01  -2.25421830e+00   2.32874089e-01
   -1.20429750e+00  -6.84901648e-01   2.99932417e+00  -3.22217350e+00
   -2.64151976e-01  -2.64361662e-01   1.88398775e-01   7.29187722e-01
   -1.98791604e-01   1.32760834e+00   7.17318930e-01   1.39359850e+00
   -4.96023776e-01 
   -5.98243568e-01  -1.95037916e-01   2.10669976e+00  -2.20640588e-01
    1.85994055e+00   2.05905009e+00  -3.61183567e+00   3.04958843e-01
    3.65284712e-01  -8.57892552e-01  -3.52414783e+00   1.48273327e-01
    2.24759834e+00  -1.45162473e+00  -9.77032217e-02   3.46194556e+00
   -2.49447271e-01 
   -5.70763108e-01   3.18930909e+00   1.25556263e+00   4.40811474e-02
   -1.44529347e+00   1.85425365e+00  -6.65027537e-01   6.65424116e-02
   -8.91211710e-01  -2.52172475e+00  -8.91974611e-02   1.21601569e-01
   -8.72208790e-01   7.56513849e-01  -9.54828397e-02   8.27258051e-01
   -6.14729834e-01 
   -1.58871511e-01  -9.81327289e-01  -1.35053282e+00   6.24298542e-02
   -1.14198403e-01   2.84946257e+00  -5.82932501e-01   7.64532030e-01
    2.18710309e-01  -3.07083255e+00   1.04446318e+00  -3.09139357e-01
   -1.63744852e+00  -3.65626941e-02   3.40112093e+00  -1.66230017e+00
    7.17037010e-01 
   -1.23422647e-01   2.75396492e+00   1.43520895e-01  -1.01909656e+00
    1.00983750e+00  -1.74552144e+00  -2.60089081e+00  -1.16707103e+00
   -5.91690487e-01  -1.04627836e+00  -2.20023628e-01   9.50625002e-01
    8.79061294e-01   5.44193637e-01   3.15438978e-01   1.02550564e+00
   -1.43770628e-01 
   -7.49619379e-01   5.15839357e-02   3.22838147e+00   1.89329646e+00
    8.08961071e-01   6.28440464e-01  -2.45786554e+00  -1.42222007e+00
   -7.20257281e-01   7.44291997e-01  -2.15867326e+00  -1.46294680e+00
   -1.82875682e+00   1.93055373e+00   1.96313679e+00   1.31291417e+00
    3.05730801e-01 
    1.65964168e+00   9.10098586e-01  -1.27262774e+00  -2.46784488e-01
   -9.60059261e-01  -1.75447262e-01  -4.27203199e-01  -5.92575740e-01
    1.89143657e+00   1.77822433e+00  -2.56276626e+00  -2.17417617e+00
   -5.77210709e-01  -1.86786865e+00   2.50738100e+00   8.80002754e-01
   -5.99326324e-01      3.74513597e+00  -1.14547628e+00   4.61027930e-01  -2.03216339e+00
   -9.94339029e-01   1.59565305e+00  -8.53923763e-01  -1.05209713e+00
    3.83621201e-01   6.60839885e-01  -1.41767370e-01  -3.27188118e+00
   -8.45444143e-01   6.37686437e-01   1.03830861e+00  -1.50082581e+00
   -1.32928373e-01   5.66817424e-02   1.53857014e-01  -1.90160473e-01
   -5.89742066e-02   1.65283868e+00   7.05508443e-01   2.17243429e+00
   -1.24164747e+00  -9.41865203e-01   3.18083278e-01  -5.82722743e-02
    5.34954841e-03  -2.10385973e-01   6.90041090e-02  -1.06229688e+00
    3.75889092e-03 
    5.04835881e-01   4.69412232e-01  -2.87008295e-01  -2.33768416e-01
    1.15589485e+00  -3.28522396e-01  -1.24039025e+00   8.09731427e-01
   -2.03670263e+00  -1.79112978e-01  -8.82379996e-01   5.22032064e-02
    1.13673017e+00  -9.52733287e-02   1.42746579e+00   1.93295505e-02
   -6.22825622e-02  -1.21537687e+00   2.00198235e+00  -2.10330369e+00
   -1.42165162e+00   2.83724890e-01   4.90043522e-01   1.23513541e-01
   -1.33108663e+00   7.30528385e-01   6.25332847e-01  -4.72287884e+00
    1.44991055e+00  -1.65839446e+00   1.64038529e-01  -1.17524067e+00
    4.13051547e-01 
    5.48385353e-01  -5.76857390e-02   2.79249165e+00   1.30837504e+00
   -1.80537262e+00  -2.02018589e+00  -1.23715923e+00  -8.49513142e-01
    1.31272287e+00   1.09605562e+00   2.93544468e-01   6.87117310e-01
   -1.94228745e+00   1.75413452e-01  -5.01972936e-01  -1.23775372e+00
    2.21395775e+00   7.62063920e-02  -1.37198009e+00   1.46935819e+00
   -1.27551833e+00  -2.49779222e+00  -8.59246157e-01   1.25104078e+00
    1.30543808e+00   6.59724388e-01  -2.52720510e+00  -4.48958991e-01
    2.21162374e+00   4.02511892e-02  -2.09632430e+00   1.02634092e+00
   -2.34108538e-01 
   -1.54034806e+00   1.64282192e-01  -1.58687591e+00  -9.99301993e-01
    2.00396107e+00   1.22117538e+00   1.16958315e+00   3.73792049e-02
    5.02305724e-01  -9.13204151e-01   2.99431871e+00  -1.96904971e+00
    2.36238341e-01  -8.10337869e-01  -3.23172097e+00   2.48116554e-01
    3.90568903e+00  -1.48559883e-01  -2.41022732e-02  -2.20648263e+00
   -1.05198693e+00   4.70197092e-01   7.66096422e-01  -2.88319103e+00
    6.84563506e-01   5.37748986e-01   7.39976669e-03   1.71456286e-01
   -2.28475316e-01   3.08324508e-01  -1.75226013e+00  -5.56660956e-01
   -2.03409369e-01 
   -2.03343561e+00  -1.35893381e+00  -2.38129628e+00  -7.02060914e-01
   -8.34323740e-02  -3.27346214e-01  -2.59428655e-01  -1.35201511e+00
   -3.03017469e-01  -3.10504152e+00   1.58440617e+00  -7.41706848e-01
   -2.36898830e-01  -2.62812923e+00   2.90104043e+00  -1.80343524e+00
   -3.07245678e-02  -1.66870913e+00   2.45910781e+00  -4.21587702e-01
    1.20803067e+00  -1.09180356e+00  -3.55630410e+00   2.14980292e+00
    1.75321221e+00   1.16368711e+00  -1.59839647e+00  -4.73161734e-02
   -9.75918508e-02  -5.48093446e-02  -1.07343336e+00   1.96241504e+00
   -2.46056147e-01 
   -1.68449409e+00  -2.78968396e-01   5.59382704e-01   2.13270508e-01
    1.19762725e+00  -6.89269769e-01  -4.79359396e-01  -3.53019110e+00
    1.21474722e+00   1.65559704e-01  -2.38083269e-01   3.64925908e-01
   -9.88943723e-01   1.96016601e+00  -7.44942477e-01  -2.20647930e+00
   -1.40239978e+00   7.23923948e-01  -2.23040569e-01  -2.47787359e+00
    4.23297176e+00   5.66519419e-01  -2.20405418e-01  -2.10855946e-01
    5.26315167e-01   6.12985219e-01  -1.21230488e+00  -1.77623626e+00
   -3.88636942e+00   7.61412989e-01  -1.59117141e-01   3.81735757e-01
    2.52414876e-02 
    8.13502403e-01  -1.55718844e+00  -6.33983427e-02  -7.02657976e-01
   -1.30617241e-01  -2.75047715e+00   9.71721202e-01   1.03987891e+00
    5.37128490e-01  -2.02975886e+00  -4.92182196e-01   2.86528618e+00
    3.05900706e+00  -1.70595553e+00  -9.85756421e-01  -3.98495317e+00
   -8.54702370e-01   4.28812936e-03   1.21040017e-01  -6.81757664e-01
   -8.12635128e-01  -1.62436089e-01  -2.98952545e-01  -8.09896351e-01
   -1.22377882e+00  -2.04369350e+00   9.20347721e-01   4.42103234e-01
    6.30421552e-01   2.72715630e+00   1.11182106e+00   8.29253473e-02
   -4.09677407e-01 
    4.88693100e-02  -6.87449507e-01   2.19633286e+00  -6.73331036e-01
    1.95215390e+00  -1.63920917e-02  -8.39234956e-01  -2.02566552e-01
   -1.75037212e-01   5.24704887e-01  -4.44664200e+00   1.44583132e-01
    3.62281836e-01  -2.00833485e+00  -5.45874890e-01   2.19123997e+00
   -2.59850831e+00  -4.86146339e-01  -2.27440431e+00  -2.41023640e-01
   -2.65287538e+00  -8.07840310e-03  -3.03188606e+00   2.40264769e-01
   -3.70641895e-01   3.48243681e+00   4.12467433e-01   7.95303519e-01
   -1.51898759e+00   8.35968363e-01   1.28956644e+00  -2.19797033e-01
   -1.21693124e+00 
   -2.14690145e+00   2.51659102e+00   1.32473776e+00   1.65748567e+00
   -2.10579732e+00  -2.96277019e-01   1.24190687e+00  -2.40873781e+00
    2.47428127e+00   3.59588882e-01   7.96663675e-01  -1.63154674e+00
    1.03890317e+00  -1.72726191e+00   1.78159685e+00   1.20594468e+00
   -6.14504049e-01  -2.54414980e+00  -4.13462104e-01   4.73237401e-01
   -1.48008211e+00  -1.82493837e+00   2.34896565e+00  -1.24260378e+00
   -2.05634265e+00  -3.53555149e-01  -3.38525474e-02   2.02094756e-01
   -1.50754528e+00   6.17314300e-02   1.43454231e+00  -2.00450897e+00
   -6.00868423e-01 
    1.18993858e+00  -9.82851413e-01  -9.74995610e-01  -1.62422974e+00
   -6.35442629e-02   1.06998979e-01  -1.10807906e+00  -2.64287179e+00
   -2.68695383e+00  -2.65690282e+00  -1.99407612e+00   2.02940778e+00
   -2.61250309e+00  -1.47405432e+00   3.45281434e-01   3.56887393e-01
    4.99325281e-01  -1.03180453e-01  -2.30006168e+00   1.69209529e+00
    1.32384100e+00   1.24194984e+00   5.22032697e-01  -2.49759360e+00
    2.70354553e+00  -9.93736255e-01   2.18806762e+00   6.05736737e-01
    2.82425542e+00   4.45128219e-01   8.79822677e-03  -2.06448907e+00
   -5.11059445e-01 
    1.94317965e-03  -3.06305093e+00   4.94501134e-01   1.04024394e+00
   -5.85995844e-01   1.42233860e+00  -1.24500012e+00  -2.26975357e+00
   -1.95854864e+00  -2.06210985e-01   1.19491192e+00  -8.83332045e-02
   -2.61056126e+00   1.86243253e+00  -3.80620313e-01   2.95397409e-01
    3.00544561e-01  -1.42197014e+00   1.10861862e+00   1.60864122e+00
   -8.30942192e-01  -1.35901774e+00  -1.41195830e+00  -3.01763637e+00
   -1.62172179e+00  -1.72318993e+00   3.65397551e+00   9.73779571e-01
   -1.21780342e+00  -3.54469982e-01   1.57103202e+00   2.63280933e+00
   -6.01667217e-01 
   -1.15182650e+00   4.75502333e+00  -1.46173034e+00  -2.63108788e+00
   -2.24650144e+00  -1.23962697e+00  -1.17677099e+00  -1.69975770e-01
    1.09723038e+00  -2.39906397e+00  -2.70716727e+00   3.54572215e-01
   -6.56531396e-01   1.35799752e+00  -3.84857614e-01   1.61286689e+00
   -5.66493220e-01  -5.55842669e-01  -3.08414629e-02  -9.37114741e-01
    7.91067637e-01   1.79500654e+00  -6.20382021e-01   1.01191906e+00
    4.29285392e-01  -1.67601092e+00  -1.56227303e+00  -2.08578448e-02
    1.14641765e+00  -1.00869427e+00   1.81433841e+00   1.23823737e+00
   -7.06512197e-01 
   -4.29514582e-01  -9.78148555e-01  -2.53906374e+00  -2.13095988e+00
   -2.17371442e+00   1.00566458e+00  -7.75711124e-02  -1.74915774e-01
   -7.01550351e-01   3.71416796e+00   1.21038889e-01   2.22484648e+00
   -9.87539360e-01   4.25177297e-01  -5.60637849e-01  -1.34594403e+00
   -1.22624968e-01  -1.12419413e+00  -4.64452892e-01  -1.52638460e+00
    2.91322041e-01  -3.41593173e-01  -9.01209333e-01  -7.08864830e-01
   -1.35203956e-01  -2.12414972e-01  -1.97274249e+00   5.21630235e-01
    1.58614626e+00  -1.25901019e+00   2.11586129e+00  -4.31828366e-01
   -2.18888332e-01 
   -2.41206734e-01  -8.01099703e-01   4.68062265e-01   1.97497685e+00
   -2.46206810e+00   1.36659373e+00  -2.58664450e-01   1.14575262e+00
    9.60779495e-01  -7.61766725e-01  -9.54988066e-01   1.30593670e-01
   -1.73006964e+00  -7.57982807e-01  -2.76552574e+00   2.21973667e+00
   -3.14627857e+00   4.83482143e-01   1.02861838e+00  -8.48865791e-01
    8.88211662e-01  -5.69601845e-01   1.49868538e+00   3.65751570e-01
    2.30151265e-01  -2.14252543e+00   9.45437489e-01  -1.36218348e+00
   -1.64211775e-02  -1.21258858e+00  -9.44351750e-01   7.44082522e-01
   -6.10625533e-01 
   -5.87885116e-01   2.31364625e+00   3.41430668e-01  -1.11357067e+00
   -9.72754242e-01  -2.19861457e-01   9.76206160e-01   1.56740588e+00
   -1.13095709e+00   2.75117034e-01  -9.92692938e-01  -6.40661544e-01
    2.19311138e-01   3.80628113e-01   2.04141059e+00  -1.21857922e+00
    4.97472852e-01   2.63672488e-01  -1.46016884e+00   4.27990531e-01
   -8.13371721e-01   9.78855451e-01  -3.82261308e-01  -4.00239991e-01
    1.04576246e+00  -1.21790407e+00  -4.10790895e-01  -4.31048429e-01
   -2.70539077e+00  -1.60360537e-01  -1.99732373e+00  -2.99812704e+00
   -9.84564756e-01 
   -1.55044821e-01  -1.82278566e+00  -2.43970196e+00   2.11413391e+00
    1.41497667e+00   8.91547858e-01  -3.95472469e-01  -5.11300844e-01
    2.17161281e+00   1.28913566e+00   2.24569149e-01   5.54750658e-01
   -2.92361430e-02   2.73211625e-01  -1.06868329e+00  -6.45396035e-01
   -2.50514957e-01  -1.93824879e+00  -9.33835977e-01   1.70117594e+00
   -3.99827216e-01   7.78826816e-01   4.72212223e-01  -1.59009817e+00
   -4.71409905e-01  -1.62709025e+00  -1.66469799e+00  -6.73528381e-01
    1.14422553e+00  -4.89762944e-01  -9.02328440e-01  -6.79930313e-01
   -1.85651620e-01  