NN 16 32 16  -3.83749292 -1.07856131 -0.05986688  0.56000613  2.44180343 -0.88036514
  -2.01976263 -2.15193423  3.48271335 -1.25100241 -0.20460725  0.23237492
   0.9268017  -0.2230317   0.28939545 -0.55260888 -0.86621525 
   0.51645447 -0.41546881 -0.32761251 -0.15850217  1.19312823 -0.29942157
   0.29100827  0.42356974 -2.65741573  0.79000732  2.02425839 -3.99203914
   0.82588343  0.78218646 -2.15460751  1.35898526  0.64282225 
  -0.88799169  0.09375644 -2.5624092   0.86898666  2.66520782 -1.84158061
  -0.58568897 -0.72574807 -0.97139145  0.52522123 -0.28621904  0.34621927
   1.52600486 -0.65602342 -0.18182954  2.11797848  0.2208351  
   1.54337139 -0.73368591 -1.36872659  1.04342041  0.04522114 -1.1573257
   0.82920524 -0.54299966 -1.67951624  0.7695198  -1.59397206  1.67068283
   1.69050123 -1.65716413  1.174884   -1.98162415 -0.25593967 
  -0.06548835 -1.71089084  1.45671378 -1.19857016 -0.18606174 -0.5966922
  -0.03356926 -2.01659308  1.20943921 -0.64267642  0.15653803  2.15750281
   1.52278695  2.19043199 -0.18710766 -1.48864601 -0.70902655 
  -0.440567    1.17509119  1.85177394 -1.34110729  0.63273577  1.13898179
   1.97452103 -0.47372175  0.02134161 -0.22614686 -2.00386327  0.61804321
  -0.87186244 -1.46658381 -0.53158995 -0.10398833  0.0217646  
   0.8875621   1.48502686  1.68461494 -1.88226788 -0.01613266  0.15034041
  -1.95636744  1.38592766 -0.59792909  0.52740744  0.89287569  0.34755766
  -0.15902775 -0.46889274 -1.45377258  0.78045987 -0.7235748  
   0.65523287 -1.33774805  1.27380508 -0.38884856  0.7305862   4.16963474
  -2.13091743 -0.01327378  2.46167107  2.29851626  0.35988679 -0.34570802
  -0.67246888 -2.6970715  -1.40629663 -0.10498714 -0.66124488 
   0.12289463  2.79078998 -0.75341789 -1.09160722  0.56945915 -1.23547864
  -1.04807553 -0.20288184 -1.73546168  2.34872057  1.35442032 -1.3446621
   0.93729464 -1.8127417   1.45387922 -1.62385483 -0.11524809 
  -1.3396804  -0.10380237 -0.61459255  1.18989971  1.65621924 -0.83235679
   1.37456347 -0.99734495 -1.06990183  0.91051461  0.59260827  2.01077442
  -2.83829036  0.46544422 -0.73365089 -1.36975688  0.31150726 
  -0.54712178  0.45714607  0.07713037 -2.86822333 -2.2542557  -1.355901
   0.06367731  4.08346252 -1.32657721  0.40755938 -0.35135187  3.23376021
  -1.00204978 -0.31788665 -0.00680208  0.09532771 -0.550664   
   2.97719427 -0.82961785  0.25121643  1.95517739  1.51725086 -0.56268693
  -1.41548581  0.58744796  0.26624955 -1.31388278  0.52527896 -0.52856205
  -3.04422419  0.436883    1.07493708 -0.9734687  -0.23596284 
  -0.26935651 -2.26415934  1.57278369  0.22104652 -0.08761151  0.30175665
  -3.44963575 -0.12881715 -1.75336613  1.19349418  2.9928618   0.12893162
  -0.43475229  1.30318272 -0.56635925 -0.68229626 -1.26369113 
  -0.57911736  0.32600084 -0.54077528  0.08302043  2.22689245 -2.03027544
   1.02375937  0.90797506  1.08923979  1.56703451 -2.33184381 -1.8446607
  -1.12056494  0.3578666  -0.46037966 -0.11648716 -0.16478479 
   1.66014136 -1.79782048  0.64064908  3.04280149 -2.25374117  0.76246448
   0.37246672 -0.92680901 -1.49462433 -0.13619222 -0.43087515 -0.18691466
   0.92080678  2.39594787 -2.11324472 -0.10291273  0.65330814 
   1.5257489  -1.09323917 -0.20427044 -0.1058842  -0.29200586 -0.34236645
   3.16890791 -3.04429584 -1.32074384 -1.10163308 -0.53596168 -0.90672995
   1.14809429 -1.98882698  0.83034449  0.47842476  0.42992428 
   1.44439235  0.6850056  -2.96372496 -4.34690663  1.04856938  0.15509485
   0.67570463  1.49052946  0.65743332  0.22121586 -0.80143671 -1.09799586
  -0.29406256  1.68778501 -0.51659355  1.17609087  0.29181467 
  -1.49297363  0.4920565  -0.36529898  0.30529725  0.68231129 -1.72789724
   0.17264656  0.29370333  1.44524014 -0.93650568  1.17170532  0.09552309
   0.79665494 -1.10765813 -0.75136549  1.13235653 -0.73340927 
  -0.12352786 -2.53350859  2.22059845  0.03663491 -2.31405019  0.33631632
  -0.25902251  1.51579933  0.05753867  1.60828483 -1.64089291 -0.44621698
   0.51442904 -1.16984026  0.60819272  0.64928379  0.11686414 
  -1.28259381  0.41791149 -0.87585474  2.28183386 -0.83970318  1.763018
   1.18825312 -1.59630267 -0.25347518 -1.74890487 -0.56291727  0.5743743
   1.78098563  0.03550435 -0.27747541 -2.32494916  0.32848677 
  -0.22264464  2.57934292  1.13707644 -0.45943204 -0.16270437 -4.80429528
   1.21411743  3.54861294  1.33870477 -2.29402309  0.73684326 -0.33318499
  -0.42946979 -0.814592    0.75536689 -0.33059765 -0.29066923 
  -2.61302934  0.85649978  1.86902924 -0.02757074  1.65733312 -0.96508677
  -1.46332552 -0.27930519  2.32796797 -1.14867408  0.22052964 -1.83288313
   0.50365086  0.43980718 -1.20660883 -0.47130484  0.61957045 
  -0.3313673  -0.6946902   0.58410468 -0.74793682  2.38345581 -1.2508873
   0.26583878  2.42200828 -2.59948791 -0.64230661  1.27153818  0.81154048
   0.42322604 -0.85153529 -0.51793287 -1.17052903 -0.38304167 
  -2.04454655  0.24626164 -1.42371197  2.033451   -0.98146705  1.13362374
   0.78388749 -0.65931053  1.00832966  1.4807413   1.5895112  -1.88411135
   0.88324106 -1.30688563  0.61670705 -0.30787441 -0.62023873 
   2.11184368  1.53547474 -2.06900737 -1.10452878 -3.77570524 -1.30862293
   0.92585918  0.53683058  1.17043552 -2.47928325  1.9993401  -0.0918773
   0.78280509 -0.28289521 -0.70754061  0.17080374 -0.09759983 
   1.77543428  0.2618219  -1.94938439 -0.18905265 -1.27196223 -0.44737193
   2.90171259 -2.94712851 -0.03160815 -0.2287405   0.3623327   0.9650393
  -0.20720822  1.36840089  0.78722424  1.23677729 -0.49454672 
  -0.48681239 -0.49251268  2.0731993  -0.13467816  1.6495576   1.94652451
  -3.36088228  0.30786639  0.2417421  -0.86252302 -3.25903663  0.32158
   2.0233062  -1.44802212 -0.08678687  3.20036989 -0.24390492 
  -0.7029131   2.83693406  1.24521468  0.17258828 -1.40087381  1.95040744
  -0.60641221 -0.03475806 -0.91533302 -2.26619621 -0.23564616 -0.02930817
  -0.86314527  0.57876266 -0.07329525  0.78346506 -0.55775342 
  -0.2050237  -1.04232633 -1.26555476  0.16255193  0.10593602  2.57980946
  -0.86895485  0.79198224  0.26658131 -2.66768024  1.25626234 -0.32333591
  -1.42762919  0.00898286  3.22235855 -1.50823667  0.67808616 
  -0.1725927   2.39246642  0.20805582 -0.95599806  0.98047429 -1.70441177
  -2.46310268 -1.46019495 -0.55637027 -0.95067338 -0.13164869  0.91880069
   0.73239997  0.47526537  0.16316742  0.97550673 -0.12287203 
  -0.99321555  0.28902115  2.81971173  1.69927405  0.99169194  0.27645401
  -2.02654001 -1.22103459 -0.7156195   0.79420172 -2.17901483 -1.4994449
  -1.81842776  1.60922485  1.67944429  1.14052896  0.22293307 
   1.50201524  0.93847465 -1.10039698 -0.25835897 -0.83590125 -0.38101741
  -0.52897786 -0.51155688  1.86756341  1.69495134 -2.32772015 -2.03512026
  -0.52136135 -1.72297063  2.4783222   0.81705735 -0.55318144      3.61399709e+00  -1.01656096e+00   4.26971570e-01  -1.94067879e+00
   -9.49578256e-01   1.37500126e+00  -6.74719978e-01  -1.09533552e+00
    6.29611750e-01   7.93653943e-01  -1.56436806e-02  -3.17834124e+00
   -8.49500524e-01   6.41838050e-01   9.29835197e-01  -1.65191879e+00
   -4.24672894e-02   1.77362174e-01   1.05200749e-01   9.80320556e-02
   -1.91419561e-01   1.84204408e+00   6.34073229e-01   2.22190131e+00
   -1.53178373e+00  -8.18672114e-01   3.34243863e-01  -1.54485545e-01
   -9.76120986e-02  -2.81823400e-01   2.29425914e-01  -1.28533978e+00
   -6.20082124e-02 
    4.30706590e-01   4.27246104e-01  -3.88180099e-01  -2.64614633e-01
    9.99523734e-01  -2.86691377e-01  -1.31724380e+00   1.02599199e+00
   -2.07083243e+00  -1.72878181e-01  -8.15390060e-01   6.36343395e-02
    1.20701831e+00  -2.50609114e-01   1.48516007e+00   6.82356739e-02
   -2.34446516e-02  -1.06004037e+00   1.99832336e+00  -2.09326074e+00
   -1.29258553e+00   2.13630140e-01   5.78526908e-01  -1.47836699e-01
   -1.35691895e+00   6.89358764e-01   7.84748319e-01  -4.35058481e+00
    1.32947273e+00  -1.69861493e+00   7.16785312e-02  -1.27606373e+00
    2.10331312e-01 
    7.75678623e-01  -7.77263621e-03   2.69007904e+00   9.67462094e-01
   -1.92218573e+00  -1.96121744e+00  -1.02895988e+00  -9.56153613e-01
    1.43882739e+00   1.00307044e+00   4.58619310e-01   5.00177469e-01
   -2.11452018e+00   2.37833436e-02  -4.90364164e-01  -1.24528340e+00
    2.24139375e+00   4.53891596e-02  -1.35666249e+00   1.20236969e+00
   -1.22398882e+00  -2.35426509e+00  -1.15889038e+00   1.29475699e+00
    1.26385946e+00   6.65576709e-01  -2.46701358e+00  -6.10064872e-01
    2.13877858e+00  -2.29265092e-01  -2.31508592e+00   9.55116976e-01
   -3.88092692e-01 
   -1.47322671e+00   2.31441205e-01  -1.48709738e+00  -1.03419437e+00
    1.90454646e+00   1.20435944e+00   1.30869490e+00   2.48518059e-01
    5.43877922e-01  -8.84614943e-01   2.81027453e+00  -2.04504876e+00
    4.11068907e-01  -9.23993945e-01  -3.22900519e+00   1.92800544e-01
    3.74530885e+00  -1.53044164e-01   1.54453212e-01  -2.21956276e+00
   -1.03448587e+00   6.19252618e-01   8.67260831e-01  -2.93579715e+00
    5.49882009e-01   5.42380581e-01  -5.36357432e-02   1.51475251e-01
   -2.99048733e-01   2.37119015e-01  -1.69544706e+00  -6.29344580e-01
   -1.65387910e-01 
   -1.93911998e+00  -1.20776277e+00  -2.27219189e+00  -6.00717643e-01
    2.03448505e-01  -4.05116682e-01   1.18107656e-02  -1.13866038e+00
   -2.83786553e-01  -2.88971268e+00   1.41384585e+00  -6.35158142e-01
   -6.85737122e-02  -2.45521544e+00   2.85328210e+00  -1.75871159e+00
   -2.30677995e-01  -1.49484037e+00   2.60074019e+00  -2.11772720e-01
    1.17797288e+00  -1.20148352e+00  -3.23768098e+00   2.13420316e+00
    2.02677939e+00   1.31233952e+00  -1.50885200e+00  -1.15763640e-01
   -3.20452110e-01  -2.12494184e-01  -1.20481760e+00   1.72179361e+00
   -1.66450770e-01 
   -1.50335459e+00  -1.50117169e-01   6.51502455e-01   3.93814093e-01
    1.03794127e+00  -6.79010165e-01  -3.86691897e-01  -3.56806104e+00
    1.18015692e+00   3.94751274e-02  -9.82791926e-02   3.59897516e-01
   -1.00987110e+00   2.01012860e+00  -8.57664333e-01  -2.04745045e+00
   -1.36874420e+00   6.34884315e-01  -8.38915299e-02  -2.49176497e+00
    4.53379197e+00   4.32358906e-01  -4.41273984e-02  -5.69603768e-02
    3.72701234e-01   6.20151065e-01  -1.41803236e+00  -1.62325800e+00
   -3.74275994e+00   7.36496755e-01  -2.17264046e-01   4.33407865e-01
    9.65305561e-03 
    7.29145301e-01  -1.25839485e+00   1.85391332e-02  -9.75964243e-01
   -9.56425538e-02  -2.32606365e+00   1.13850132e+00   8.37914899e-01
    6.39230988e-01  -2.03866561e+00  -6.60800848e-01   2.68427225e+00
    3.00331144e+00  -1.67506888e+00  -1.11358441e+00  -3.90351526e+00
   -1.09380987e+00  -1.23105084e-02  -2.62220401e-01  -5.73454474e-01
   -8.42064566e-01  -2.47990847e-01  -2.25021200e-01  -6.61443928e-01
   -1.32029550e+00  -1.87554026e+00   1.00275205e+00   3.56983251e-01
    3.85147558e-01   2.91923161e+00   7.56877995e-01   2.55292221e-01
   -4.09474430e-01 
    5.37154264e-02  -8.13661378e-01   1.96928943e+00  -6.22591435e-01
    1.74553237e+00  -1.70785192e-02  -9.24618278e-01  -8.09938455e-02
   -3.59698703e-01   4.10167702e-01  -4.35468961e+00   1.94681971e-01
    2.49481960e-02  -1.99279359e+00  -5.32609520e-01   2.27584559e+00
   -2.28341464e+00  -5.04444933e-01  -2.28613338e+00  -3.36039044e-01
   -2.49789557e+00  -1.51552001e-01  -2.98728611e+00   2.44986100e-01
   -4.15668308e-01   3.49788505e+00   4.28433631e-01   6.22457056e-01
   -1.40395504e+00   6.81243487e-01   1.13234915e+00  -1.12347358e-01
   -9.91193003e-01 
   -2.05070575e+00   2.31184339e+00   1.16699428e+00   1.36739165e+00
   -2.05470697e+00  -2.37678728e-01   1.21303511e+00  -2.33576683e+00
    2.22706966e+00   3.28232435e-01   7.27592617e-01  -1.59324337e+00
    1.07169285e+00  -1.68933306e+00   1.92260419e+00   1.24317145e+00
   -8.45565640e-01  -2.38774502e+00  -3.38718697e-01   5.10158743e-01
   -1.51399443e+00  -1.73384236e+00   2.14369242e+00  -1.33144002e+00
   -2.00328219e+00  -4.48108939e-01  -1.33785801e-02   4.38956402e-01
   -1.44586793e+00  -7.42749355e-02   1.56568632e+00  -1.84162527e+00
   -6.08515164e-01 
    1.07319979e+00  -9.30469102e-01  -9.17878981e-01  -1.41148599e+00
   -1.11174748e-01   1.59354692e-01  -9.46573605e-01  -2.45123217e+00
   -2.47566516e+00  -2.68578453e+00  -1.85604005e+00   1.82424865e+00
   -2.49358221e+00  -1.42743279e+00   1.76480339e-01   1.80637729e-01
    5.68597364e-01  -5.07556750e-02  -2.15496473e+00   1.70015644e+00
    1.31483781e+00   1.25960287e+00   5.27985553e-01  -2.56674733e+00
    2.70311464e+00  -8.51147022e-01   2.11274476e+00   3.96696742e-01
    2.49569191e+00   3.88863353e-01  -4.24171193e-02  -1.86133128e+00
   -3.85250314e-01 
   -1.71000698e-01  -2.87567653e+00   3.43164295e-01   9.30332158e-01
   -5.82216318e-01   1.25296287e+00  -1.13332703e+00  -2.27309235e+00
   -1.78247620e+00  -1.23258046e-01   1.19845998e+00   7.64415563e-02
   -2.63999362e+00   1.77267692e+00  -3.54067873e-01   2.60494433e-01
    5.03814105e-01  -1.28746840e+00   1.03222598e+00   1.60085443e+00
   -7.72256022e-01  -1.39346808e+00  -1.38341553e+00  -2.82347906e+00
   -1.65103894e+00  -1.59627170e+00   3.45897044e+00   1.01121296e+00
   -1.17444927e+00  -3.65791751e-01   1.54617389e+00   2.51166649e+00
   -5.21504705e-01 
   -1.16307966e+00   4.41950837e+00  -1.27053287e+00  -2.56355599e+00
   -2.13316589e+00  -1.16550146e+00  -1.12399381e+00   1.06963212e-02
    1.13990960e+00  -2.33739347e+00  -2.62816814e+00   3.20340550e-01
   -6.81417462e-01   1.41154113e+00  -2.08635590e-01   1.60476676e+00
   -6.92712715e-01  -5.70523833e-01  -3.72382951e-03  -8.99203359e-01
    7.77713216e-01   1.87237030e+00  -6.47612377e-01   9.75619641e-01
    5.61808108e-01  -1.66014439e+00  -1.44068015e+00   2.38509897e-02
    1.06424120e+00  -8.34473155e-01   1.72498521e+00   1.29394956e+00
   -5.83873382e-01 
   -4.36094534e-01  -9.42235026e-01  -2.54226366e+00  -2.07859823e+00
   -2.08451565e+00   9.35049522e-01  -3.05124312e-02  -1.78243554e-01
   -6.80281115e-01   3.44875375e+00   4.29234488e-02   2.17521028e+00
   -1.00278801e+00   3.19452329e-01  -5.09445987e-01  -1.31131477e+00
   -7.52462236e-02  -1.12184603e+00  -4.37522942e-01  -1.46954532e+00
    3.27063868e-01  -3.68264383e-01  -8.90849174e-01  -7.27328780e-01
   -6.90080651e-02  -1.96189685e-01  -1.85976717e+00   4.56740985e-01
    1.56463162e+00  -1.24643753e+00   2.00492763e+00  -4.45527589e-01
   -2.33140340e-01 
   -2.70253760e-01  -8.03733773e-01   5.41249738e-01   1.94668493e+00
   -2.31509159e+00   1.28184124e+00  -2.27345550e-01   1.05430691e+00
    9.52106836e-01  -7.31687363e-01  -9.07856214e-01   7.21423611e-02
   -1.68787720e+00  -7.35403075e-01  -2.62214833e+00   2.08741397e+00
   -2.99613008e+00   4.21535913e-01   1.00874875e+00  -8.31998272e-01
    7.90065062e-01  -6.00869574e-01   1.42480830e+00   3.65459144e-01
    2.74784992e-01  -2.06723226e+00   9.33204393e-01  -1.33091736e+00
    3.51248375e-02  -1.10560276e+00  -8.91584012e-01   7.15981147e-01
   -5.17917249e-01 
   -5.85935581e-01   2.16190612e+00   3.32815303e-01  -1.08012033e+00
   -9.55273408e-01  -2.04150750e-01   9.49739697e-01   1.52479584e+00
   -1.04324167e+00   2.31766575e-01  -9.79574187e-01  -6.50478146e-01
    2.19024510e-01   4.05619408e-01   1.94882052e+00  -1.15232695e+00
    4.89263588e-01   2.94876911e-01  -1.32136949e+00   4.34752410e-01
   -7.07804780e-01   9.99030130e-01  -3.35265307e-01  -3.34255196e-01
    9.84369474e-01  -1.23519820e+00  -4.13399954e-01  -3.89265330e-01
   -2.48840055e+00  -1.41759052e-01  -1.85945058e+00  -2.87569203e+00
   -9.14962139e-01 
   -1.89216555e-01  -1.74796638e+00  -2.35002229e+00   1.90858123e+00
    1.32843945e+00   8.98196170e-01  -4.61296099e-01  -5.00673281e-01
    1.95647948e+00   1.24398577e+00   1.46541258e-01   4.30150790e-01
   -1.31017414e-01   2.56035146e-01  -1.05891183e+00  -5.29608299e-01
   -2.54992721e-01  -1.83288307e+00  -9.42502398e-01   1.65041809e+00
   -5.09594221e-01   7.46737204e-01   3.58523958e-01  -1.51964393e+00
   -5.44159636e-01  -1.55960266e+00  -1.62658032e+00  -5.95581843e-01
    1.10793066e+00  -5.08238258e-01  -8.82035221e-01  -6.37723566e-01
   -2.21819076e-01  