NN 16 32 16   -3.14520703e+00  -7.74978670e-01  -3.55531569e-01   5.58665968e-01
    1.77944422e+00  -8.24878652e-01  -1.50294076e+00  -1.60342948e+00
    2.63358707e+00  -1.40684428e+00  -2.73703708e-01   4.86087173e-01
    7.06768855e-01  -2.41425666e-01   2.24342827e-01  -3.98802087e-01
   -7.76027185e-01 
    4.43656889e-01  -3.89872095e-01  -2.33211756e-01  -4.73958194e-01
    1.02489694e+00  -3.66624594e-01   1.94637495e-01   5.12024163e-01
   -2.29810695e+00   6.53673319e-01   1.84596917e+00  -3.21588962e+00
    5.72950127e-01   7.00901921e-01  -1.66808928e+00   1.19975738e+00
    5.10065375e-01 
   -6.13511308e-01   1.10275349e-01  -2.39369555e+00   1.02642565e+00
    2.31588018e+00  -1.67263184e+00  -3.37316459e-01  -7.00564236e-01
   -1.01767027e+00   3.52935882e-01   4.98806125e-02   1.06315024e-01
    1.48916027e+00  -8.26571298e-01  -9.67238596e-02   1.70288223e+00
    1.69555546e-01 
    1.54742515e+00  -7.68398545e-01  -8.58123761e-01   7.24551504e-01
    4.96084191e-03  -1.00469888e+00   1.00778071e+00  -3.21477816e-01
   -1.30211237e+00   8.24208984e-01  -1.34924463e+00   1.57169358e+00
    1.64267700e+00  -1.55993183e+00   9.85203686e-01  -1.78492176e+00
   -3.28722153e-01 
   -3.05247494e-01  -1.47929721e+00   1.32649958e+00  -1.01267438e+00
   -3.70046287e-01  -7.35238172e-01  -4.00239566e-02  -1.69000068e+00
    1.28061594e+00  -2.26815497e-01  -1.84946843e-01   1.69758001e+00
    1.50732456e+00   1.98597815e+00   4.90785230e-02  -1.43457380e+00
   -7.54661243e-01 
   -3.69472937e-01   1.12537982e+00   1.44222762e+00  -1.19996969e+00
    5.52547535e-01   1.01017285e+00   1.51200048e+00  -9.21710327e-02
    4.97293338e-02  -3.20240192e-01  -1.54312024e+00   5.40356431e-01
   -7.60409489e-01  -1.31056930e+00  -2.40204509e-01  -1.69210597e-01
   -3.14601411e-02 
    6.40629628e-01   1.40890078e+00   1.25188872e+00  -1.76841163e+00
   -4.77766679e-02  -6.81233935e-02  -1.70370794e+00   1.01810824e+00
   -5.10214649e-01   5.66115051e-01   9.10581387e-01   3.14880264e-01
   -2.64520287e-01  -4.57466415e-01  -1.24938445e+00   7.66795840e-01
   -6.34624218e-01 
    5.53387166e-01  -1.30245961e+00   1.03794134e+00  -5.24145358e-01
    7.72130895e-01   3.54326715e+00  -1.56927287e+00  -7.79100141e-02
    2.07475165e+00   2.09953687e+00   4.58757041e-01  -6.40788688e-01
   -7.00619078e-01  -2.38315143e+00  -1.20680839e+00  -6.70183676e-02
   -6.88705045e-01 
    3.82909250e-01   2.41231234e+00  -8.41831479e-01  -6.48818240e-01
    1.00565119e+00  -1.12991538e+00  -8.26795842e-01   2.68580787e-03
   -1.52737290e+00   2.18353440e+00   1.30161307e+00  -1.00181166e+00
    7.49662721e-01  -1.65915110e+00   1.20272497e+00  -1.26797938e+00
   -4.14549864e-02 
   -1.40303525e+00  -1.97477474e-01  -8.05162947e-01   1.27690933e+00
    1.68944368e+00  -8.66383012e-01   1.32020757e+00  -6.63463223e-01
   -7.92096602e-01   1.09445197e+00   1.85935801e-01   1.83597448e+00
   -2.37929071e+00   5.33144927e-01  -3.02440805e-01  -1.21410705e+00
    2.74403612e-01 
   -5.35121747e-01   5.21844402e-01  -4.11000450e-02  -2.62864897e+00
   -1.93580415e+00  -1.20695463e+00   2.33821680e-01   3.63467353e+00
   -1.06385723e+00   5.36162389e-01  -5.55730497e-01   2.44656371e+00
   -8.61786194e-01  -2.99704673e-01  -3.85600808e-02  -3.25756609e-02
   -6.70244892e-01 
    2.49586572e+00  -7.95786569e-01   5.59316123e-01   1.69651613e+00
    1.30472012e+00  -4.03717873e-01  -1.49094724e+00   5.63978126e-01
    3.11557538e-01  -8.40643882e-01   9.75930657e-02  -6.66489735e-01
   -2.60931461e+00   3.32024780e-01   8.29737435e-01  -6.40787812e-01
   -6.39099413e-02 
   -1.28373994e-01  -1.51468212e+00   1.18650311e+00  -1.54939689e-01
   -8.08102284e-02   3.90768023e-01  -2.95314021e+00   1.48366741e-01
   -1.88044946e+00   8.77111388e-01   2.88322513e+00   3.56029817e-01
   -3.49315644e-01   1.19325157e+00  -4.85453925e-01  -4.69731548e-01
   -1.04357515e+00 
   -3.02273055e-01  -3.79361045e-03  -5.77113850e-01   2.45529637e-01
    2.05019025e+00  -1.81352464e+00   8.28351682e-01   6.43031233e-01
    9.39433295e-01   1.58432335e+00  -2.03179777e+00  -1.74424631e+00
   -7.74728085e-01   5.74984190e-01  -4.13644798e-01  -6.90936674e-02
   -8.72886767e-02 
    1.12749705e+00  -1.95449340e+00   4.70834168e-01   2.52790870e+00
   -2.06883992e+00   9.78822075e-01   4.52879387e-01  -5.64227714e-01
   -1.57924995e+00  -4.58790744e-02  -4.87964593e-01  -4.65465786e-01
    7.56047614e-01   2.28861870e+00  -1.70338200e+00  -9.68400654e-02
    5.88414766e-01 
    1.34651544e+00  -1.07877715e+00   1.37322381e-02   5.31190590e-02
   -1.99404216e-01  -2.50047900e-02   3.00088046e+00  -2.68769681e+00
   -1.35790151e+00  -7.94728992e-01  -4.51171537e-01  -8.63586028e-01
    1.39853107e+00  -1.69299270e+00   6.21321472e-01   2.89983398e-01
    4.66222297e-01 
    1.32153246e+00   7.80047434e-01  -2.86037843e+00  -3.65264544e+00
    7.12334700e-01  -3.07011983e-02   1.02930657e+00   1.64369708e+00
    4.86906001e-01   1.83698116e-03  -7.09086289e-01  -8.21120212e-01
   -2.74267801e-01   1.83454655e+00  -4.77446602e-01   9.60684877e-01
    1.71109225e-01 
   -1.36722741e+00   3.55744907e-01  -1.67266859e-01   1.97009797e-01
    6.55168826e-01  -1.13998419e+00   4.21291831e-02   1.00651800e-01
    1.35178481e+00  -8.33725095e-01   9.28364864e-01  -1.10424212e-01
    7.69054702e-01  -8.74660624e-01  -5.13592878e-01   1.05389505e+00
   -5.67934709e-01 
   -2.92743341e-01  -1.93055399e+00   1.95119584e+00  -1.53341663e-01
   -2.11773437e+00   5.92456989e-01   4.20292173e-02   1.32701221e+00
    3.17674094e-01   1.77214231e+00  -1.71491652e+00  -6.26706480e-01
    5.50162756e-01  -1.02979382e+00   5.62317566e-01   5.96221632e-01
    1.20671455e-01 
   -1.17799926e+00   4.32521181e-01  -1.02382568e+00   1.88290310e+00
   -8.50607522e-01   1.80898279e+00   7.56954999e-01  -1.33649060e+00
   -1.65478411e-01  -1.69161358e+00  -8.67247178e-01   6.90283161e-01
    1.69273720e+00   2.40766545e-01  -1.76238111e-01  -1.78156433e+00
    3.89337069e-01 
    1.20384216e-01   2.39598684e+00   9.70250741e-01  -1.17380907e-01
   -5.09123360e-01  -3.98183840e+00   1.02068291e+00   3.38318405e+00
    1.22420346e+00  -1.72977598e+00   8.06040893e-01  -5.41609738e-01
   -4.35421805e-01  -4.23327968e-01   6.22045478e-01   1.44280456e-02
   -1.18106157e-01 
   -2.42139922e+00   8.19799826e-01   1.64809305e+00  -4.47650572e-01
    1.50239073e+00  -1.04494593e+00  -4.58639153e-01  -4.48965469e-01
    2.01105105e+00  -1.29851701e+00   1.54877606e-01  -1.73022474e+00
    5.26200950e-01   5.76008489e-01  -1.09676836e+00  -3.46166144e-01
    6.06318235e-01 
   -4.09923587e-01  -4.15609085e-01   5.74597376e-01  -8.53227768e-01
    2.10627513e+00  -1.51951282e+00   7.74012849e-02   2.11415022e+00
   -2.37225791e+00  -8.14800348e-01   8.99743936e-01   6.17474655e-01
    4.83548231e-01  -7.22254829e-01  -3.80211095e-01  -7.40544462e-01
   -3.66496675e-01 
   -1.87212888e+00   1.84126599e-01  -1.43932614e+00   1.93249046e+00
   -1.10531412e+00   1.09534429e+00   7.00236529e-01  -6.21712026e-01
    1.21676448e+00   1.52720344e+00   1.56983900e+00  -1.63781106e+00
    7.56808950e-01  -1.25313447e+00   4.26100843e-01  -1.50743574e-01
   -6.00434313e-01 
    1.57551968e+00   1.58922378e+00  -1.92396425e+00  -5.54724624e-01
   -3.25759362e+00  -1.05261277e+00   7.59882584e-01   6.03548858e-01
    1.04921676e+00  -2.37597753e+00   1.99603078e+00  -1.65138888e-01
    2.90114042e-01  -2.75130563e-01  -7.95801782e-01   1.23784244e-02
   -2.13552916e-01 
    1.52116985e+00   1.25015264e-01  -1.53152355e+00  -2.13033523e-01
   -1.13650623e+00  -3.84315854e-01   2.27679268e+00  -2.92588889e+00
    6.24365212e-02  -3.19950967e-01   2.96523584e-01   1.01419305e+00
   -1.36407884e-01   1.32475714e+00   9.60396533e-01   7.96392751e-01
   -6.03006646e-01 
   -7.61844569e-01  -6.62029065e-01   1.72238234e+00  -2.92673971e-01
    1.13008156e+00   1.55652124e+00  -2.63358333e+00  -1.47111108e-01
    2.77912453e-01  -7.91883718e-01  -2.89939591e+00   2.62390020e-01
    1.52149095e+00  -1.29592100e+00   5.04452875e-02   2.53284935e+00
   -2.74792760e-01 
   -6.98010533e-01   2.36273071e+00   1.22227513e+00  -3.38900873e-02
   -1.12049839e+00   2.07556417e+00  -4.82795155e-01  -1.63509039e-01
   -1.01755899e+00  -1.81960647e+00  -3.16128175e-01  -2.17926396e-01
   -8.66786005e-01   4.92449780e-01  -8.99205587e-02   6.52452155e-01
   -4.50341381e-01 
   -3.99211099e-01  -1.17732739e+00  -9.12208337e-01   3.42661916e-02
    3.92525675e-01   2.30375004e+00  -8.75109743e-01   8.57861965e-01
    5.38373591e-01  -2.25252403e+00   1.18640644e+00  -1.98205935e-01
   -1.36284602e+00   2.73186725e-02   2.45799432e+00  -1.26653675e+00
    5.02892821e-01 
   -2.70478738e-01   1.80383591e+00   4.97223107e-01  -7.21006672e-01
    6.89264131e-01  -1.46890859e+00  -2.08437369e+00  -1.52676043e+00
   -1.15841979e-01  -5.93190081e-01  -3.39149163e-02   8.68597635e-01
    6.04916742e-01   4.22776620e-01   1.02728184e-01   1.01840242e+00
    6.57579547e-02 
   -1.21277188e+00   2.10477661e-01   2.41024218e+00   1.37298050e+00
    1.15259730e+00   2.68057267e-01  -1.43302787e+00  -1.05775721e+00
   -5.81034365e-01   7.79941907e-01  -1.79650270e+00  -1.36130942e+00
   -1.47465570e+00   1.34395263e+00   1.29620623e+00   1.06860481e+00
    3.41565773e-01 
    1.18753999e+00   1.04541271e+00  -9.32087526e-01  -4.16065742e-01
   -8.37759407e-01  -3.33214475e-01  -7.29956434e-01  -3.35145721e-01
    1.47465954e+00   1.46849286e+00  -1.91561302e+00  -1.64228210e+00
   -3.96877151e-01  -1.59837055e+00   2.24976693e+00   6.48596904e-01
   -5.15457136e-01     3.05210366 -0.85958548  0.08247104 -1.85866175 -0.75946038  0.89899433
  -0.53974225 -0.81351053  0.52362467  0.97660844  0.52029333 -2.75336654
  -0.89643065  0.24937285  0.68359955 -1.61852916 -0.34460526  0.30954855
   0.18275958  0.60776949 -0.33063467  2.17450203  0.33568991  2.11592291
  -1.73966745 -0.86756886  0.49020741 -0.23991699  0.02831527 -0.48637702
   0.35957606 -1.63207018 -0.20901448 
   0.5814156   0.35816441 -0.41714087  0.01220586  1.05461824 -0.32123555
  -1.39472732  0.99495119 -2.34874985 -0.21752741 -0.94491145  0.21875504
   1.28188312 -0.20622057  1.85494939  0.25555717  0.09935179 -0.75998641
   1.93428213 -1.99193149 -1.58439417  0.25627998  0.26369064  0.15860549
  -1.57641428  0.53486538  0.68162963 -3.73370077  1.30142767 -1.64552586
   0.14714092 -1.32658927  0.12949587 
   0.76806772  0.09996154  2.81615528  0.71828981 -2.0352994  -1.3530928
  -0.96108342 -0.84140655  1.54115455  1.08232217  0.24440136  0.20004675
  -2.28456673  0.11327371 -0.45879226 -1.3055229   2.16537107 -0.08669984
  -1.49746299  1.19478326 -1.28585712 -2.32084257 -1.16294352  1.20949825
   1.17747706  0.86100476 -2.04364674 -0.53746623  1.79779648 -0.30418135
  -2.45919177  0.81887659 -0.36178294 
  -1.23359139  0.66996668 -1.31526991 -1.02921846  1.58427034  1.28858022
   1.44544665  0.40805468  0.44878819 -0.80956445  2.40059292 -2.20801368
   0.69333044 -1.07428089 -3.22304759 -0.01455051  3.65115519 -0.16431254
   0.44774138 -2.01449037 -1.04152949  0.72110474  0.89030944 -2.8147073
   0.37226918  0.5094685   0.06963367  0.23319941 -0.27788803  0.35225135
  -1.67288323 -0.56268853 -0.07976093 
  -1.58802596 -1.06800085 -1.98836728 -0.30949179  0.18936071 -0.42886758
   0.24467868 -1.16117124 -0.19735164 -2.70835624  1.31475517 -0.36813506
  -0.13644036 -2.31154891  2.478873   -1.63593104 -0.04329303 -1.44044123
   2.65466659  0.05202851  1.23330476 -1.34842876 -2.9683754   2.18623986
   2.03619374  1.35273503 -1.48349189 -0.34334554 -0.99764778 -0.50826027
  -1.0590316   1.37273382 -0.15742877 
  -0.71754324 -0.04239127  0.7121312   0.77365612  0.9006369  -0.69698019
  -0.42744314 -3.50396053  0.95355817  0.10546043 -0.09252584  0.15123982
  -0.59471883  1.93302364 -0.81242389 -2.02368552 -1.35681685  0.37057549
  -0.25000516 -2.68693267  4.45924382  0.33069304  0.25543682  0.08812841
  -0.13157278  0.52440967 -1.61758586 -1.48975891 -3.44077138  0.64798296
  -0.18821482  0.05694247  0.04239513 
   0.62498629 -0.72773774  0.27374209 -1.18954811 -0.43786056 -1.70477102
   1.37189394  0.99420874  0.21718981 -2.15587072 -0.59317684  2.27660651
   3.12333207 -1.61904834 -1.20169381 -3.77814169 -0.91027219  0.15181386
  -0.33139089  0.03111353 -0.87542551 -0.45070494 -0.38155057 -0.60633894
  -1.61013781 -1.65106265  1.15035566  0.12581913  0.3606166   2.68293675
   0.66407334  0.69614918 -0.26993089 
   0.02508688 -0.90988912  1.88515057 -0.5058456   1.53261234 -0.11447678
  -0.98391101  0.09755073 -0.21819638  0.40767794 -3.94406335  0.05810355
  -0.15885549 -1.32325495 -0.30297537  2.19988974 -2.11810759 -0.63762873
  -2.12944689 -0.31411026 -2.42893235 -0.33074597 -2.69423686  0.23999889
  -0.2767044   3.1399232   0.71020764  0.57229109 -1.58470314  1.06067199
   0.96243663 -0.20607166 -0.62983759 
  -1.80871454  2.21831222  1.09277259  1.20182021 -1.79186585 -0.25645704
   1.20181598 -2.07237813  1.98872709  0.23793405  0.4882283  -1.38127686
   1.12633785 -1.45470404  1.9957204   1.45487141 -0.82257029 -1.96558306
  -0.41322231  0.51053086 -1.42760189 -1.52896361  2.09828153 -1.41371343
  -1.64179998 -0.57798897  0.08707787  0.70753007 -1.15148988 -0.10165474
   1.44621725 -1.62709443 -0.46088414 
   0.66338381 -0.76980921 -0.70889847 -1.16128178 -0.2654731   0.09544377
  -0.83291279 -2.32654824 -2.23877787 -2.39777632 -1.72830831  1.66174554
  -2.12685618 -1.336648   -0.07857189 -0.15617935  0.74416369 -0.02520507
  -1.99064445  1.78100979  1.19432831  1.17952673  0.59595049 -2.53657506
   2.68314296 -0.51502521  1.54411593  0.21395813  2.13678472  0.36106128
   0.05377276 -1.46603473 -0.14411551 
  -0.31414959 -2.42886872  0.24817929  0.71793829 -0.43638157  1.03106066
  -0.94587244 -2.24257318 -1.37020385 -0.10641871  1.08862015  0.38310496
  -2.60236002  1.8464669  -0.41673692  0.2557655   0.62868245 -1.13294374
   0.91258694  1.40943532 -0.64870505 -1.02177957 -1.22684616 -2.56916062
  -1.77165454 -1.55007224  3.07787056  0.83371007 -1.16466577 -0.37130408
   1.44275708  2.28555513 -0.35474405 
  -1.42267605  3.86330127 -1.1206532  -2.49351395 -2.0046463  -0.99146528
  -1.02559177  0.27086531  0.97379584 -2.12464897 -2.53268582  0.06262292
  -0.78656778  1.28027501  0.19237757  1.46509476 -0.77091866 -0.42633803
  -0.07263054 -0.7468461   0.79473144  1.84350783 -0.37087226  0.8748886
   0.78637093 -1.86465645 -1.29369831  0.03615038  0.81833312 -0.88006147
   1.23094955  0.88008023 -0.51348225 
  -0.44940806 -0.8245435  -2.45586011 -1.94613894 -1.92283174  0.81477523
   0.13382666 -0.23176048 -0.54031605  2.9812465   0.03390733  2.04439956
  -1.02595356  0.13371583 -0.34465472 -1.22616836 -0.04895272 -1.03857486
  -0.32620663 -1.26440038  0.46011519 -0.42330771 -0.84513829 -0.67297576
   0.1048965  -0.193399   -1.66463602  0.44951723  1.44697374 -1.12774108
   1.79177195 -0.44507086 -0.18018363 
  -0.31253109 -0.79956178  0.59371264  1.82735832 -2.10991048  1.11655497
  -0.20205578  0.87806249  0.89750617 -0.66958833 -0.8191876   0.00482213
  -1.61018938 -0.66338996 -2.36783098  1.83888685 -2.68236278  0.31135659
   0.94430042 -0.73251562  0.66220101 -0.67883234  1.27368557  0.34276361
   0.37908447 -1.93600377  0.8868347  -1.21583749  0.16477889 -0.96793393
  -0.82513917  0.66073104 -0.388527   
  -0.65495498  1.75851229  0.22737596 -1.02623561 -0.9573923  -0.2168226
   0.84517914  1.25244862 -0.79307219  0.13869308 -0.79427691 -0.66691523
   0.21874053  0.43711207  1.56673405 -1.01904237  0.41383179  0.21024261
  -1.08307849  0.38966005 -0.56389518  0.84585793 -0.25009092 -0.26364852
   0.8838168  -1.21841407 -0.5406769  -0.34738906 -1.93917562 -0.09246117
  -1.63809717 -2.55234428 -0.83639808 
  -0.31427095 -1.56201781 -2.14718629  1.61349856  1.26445088  0.83470841
  -0.51275666 -0.4592355   1.50167864  1.12083012  0.15172861  0.38534517
  -0.268639    0.210948   -0.87926716 -0.27598968 -0.19544363 -1.57913809
  -0.74518824  1.48441978 -0.55240729  0.61256832  0.23530381 -1.40281
  -0.51963383 -1.2989171  -1.51756409 -0.48681778  1.01262754 -0.5724914
  -0.8347883  -0.54992323 -0.16555987  