NN 16 32 16  -3.60516446 -0.92653986 -0.06700833  0.65130137  2.38165947 -1.02383044
  -1.84945411 -2.01168903  3.02036028 -1.24171378 -0.17744493  0.36784373
   0.86723022 -0.18083991  0.28753171 -0.44853718 -0.78520068 
   0.67586205 -0.54073149 -0.49130377 -0.22298858  1.08680693 -0.42403244
   0.01342549  0.53911657 -2.49085804  0.68867643  2.07174084 -3.69820504
   0.69049679  0.65597459 -1.96363501  1.27098518  0.53870013 
  -0.79366961  0.02070551 -2.57126898  0.878476    2.48151055 -1.85204011
  -0.47566166 -0.71504829 -0.9941297   0.52518864 -0.08714871  0.23657583
   1.45438941 -0.79695888 -0.21336561  1.93869174  0.1271803  
   1.66507499 -0.82953854 -1.27937198  0.99646613  0.02285365 -1.14084525
   0.85498671 -0.3330037  -1.41396549  0.8346205  -1.47419064  1.64751631
   1.69080112 -1.60338901  1.11264364 -1.88522715 -0.256166   
  -0.34073817 -1.47803311  1.57066075 -1.13617494 -0.23645844 -0.62706245
   0.07455451 -1.96547009  1.14375054 -0.53145855  0.02435782  1.93866929
   1.59354434  2.10930821 -0.10332764 -1.44148573 -0.70963776 
  -0.48390821  1.2145323   1.66501108 -1.23731571  0.7532559   1.21181407
   1.91420246 -0.32054442 -0.10497658 -0.28480121 -1.95850776  0.43107169
  -0.8344565  -1.38602858 -0.40765955 -0.12906037  0.02728577 
   0.74904257  1.57355192  1.56773504 -1.81675366 -0.08997675  0.07664594
  -1.76486722  1.235098   -0.55135014  0.51160327  0.7438773   0.34068611
  -0.13161666 -0.35671381 -1.35594959  0.85146929 -0.63306314 
   0.80973057 -1.26626782  1.08105065 -0.3647043   0.67512973  4.01875239
  -2.08827336 -0.11601466  2.30753401  2.24144058  0.45347715 -0.52759339
  -0.57695305 -2.52886558 -1.25580614 -0.06497642 -0.63002177 
   0.13286413  2.59268946 -0.94938136 -0.96303849  0.7128074  -1.2625255
  -1.05600529 -0.18466356 -1.57312494  2.36277591  1.3226351  -1.27713701
   0.73037607 -1.72175697  1.25626404 -1.56172102 -0.18230734 
  -1.35366746 -0.08574777 -0.66679379  1.25103375  1.73205472 -0.81257139
   1.21060207 -0.85986225 -0.89225852  1.10822519  0.52028372  1.89079561
  -2.60797689  0.53718587 -0.48808139 -1.29146117  0.34505954 
  -0.58854602  0.48829927 -0.01629179 -2.79352269 -1.96391738 -1.44659404
   0.11311197  3.89527789 -1.10713644  0.64559115 -0.70811921  2.92230449
  -0.95086865 -0.29651372 -0.0694721   0.00585073 -0.61054686 
   2.88475001 -0.77428382  0.25766709  1.93054092  1.51670145 -0.61083391
  -1.25276177  0.66187474  0.22309635 -1.08997474  0.40323821 -0.37750865
  -2.79691381  0.41341677  0.96374377 -0.84498993 -0.13454428 
  -0.21535093 -2.03156995  1.28940869  0.03229998  0.02112313  0.17832147
  -3.43898161 -0.03089161 -1.8571134   0.96420952  2.80752618  0.17766651
  -0.43228602  1.15830627 -0.70488641 -0.73486512 -1.30924776 
  -0.42251409  0.26821428 -0.53191907  0.07213051  2.19542029 -1.91105277
   0.83569618  0.77190184  1.0505497   1.59587745 -2.24390446 -1.74091284
  -0.91120316  0.32562044 -0.3974726  -0.1368352  -0.12853748 
   1.51177098 -1.88780789  0.46794113  2.82756097 -2.1830838   0.69580268
   0.3723897  -1.01961396 -1.68110727 -0.12180729 -0.33742813 -0.31077708
   0.64948669  2.26379432 -2.06583013 -0.18088487  0.52322685 
   1.39022453 -1.01990573 -0.20484946 -0.01781708 -0.19243578 -0.23628859
   3.07904454 -2.8601577  -1.39026007 -0.89102558 -0.43688519 -0.92745586
   1.27356713 -1.84289369  0.82165769  0.45843015  0.47684357 
   1.34115156  0.83625975 -3.03082387 -4.02774023  0.94945298  0.01609262
   0.88804918  1.54596421  0.8018234   0.16535647 -0.84732382 -1.14648762
  -0.29514025  1.76311131 -0.50675235  1.06947024  0.2309446  
  -1.41275935  0.42470249 -0.17567481  0.19953091  0.73632722 -1.44470048
   0.16308091  0.20663697  1.53683423 -0.85759438  1.05493536  0.14125283
   0.92137975 -0.96851321 -0.59276373  1.20693943 -0.59348656 
  -0.16801323 -2.26781761  2.1604958  -0.01194432 -2.32916633  0.35715084
  -0.30979134  1.63626542  0.18878661  1.58096346 -1.55564672 -0.3668369
   0.66140205 -1.12999398  0.65455833  0.69572148  0.17099587 
  -1.38858534  0.5955757  -0.88137546  1.92049066 -0.7647839   1.77851478
   0.88782966 -1.64864471 -0.33372372 -1.75245271 -0.75458307  0.6331617
   1.6967625   0.14119886 -0.29621173 -2.21836735  0.29467296 
  -0.04993396  2.5820053   1.0835987  -0.59847536 -0.31770943 -4.58431707
   1.34407142  3.23203871  1.43481529 -2.04198827  0.72002624 -0.23592096
  -0.50435578 -0.63486919  0.67571464 -0.24839093 -0.25312805 
  -2.57894948  0.95881083  1.81182187 -0.17544233  1.58690249 -0.87888383
  -1.0965198  -0.46866316  2.22218311 -1.30890332  0.25094462 -1.73858332
   0.53976487  0.51508272 -1.1052726  -0.4103071   0.63815852 
  -0.16857362 -0.62476038  0.5971845  -0.88606338  2.32076005 -1.2670223
   0.14917001  2.27228684 -2.45086377 -0.67596489  1.30545857  0.81946421
   0.54334523 -0.66493495 -0.34826096 -0.94209534 -0.2683412  
  -1.97212096  0.28940901 -1.42307286  2.00433738 -1.0646733   0.88500065
   0.76764659 -0.61601165  1.02035602  1.56871688  1.63506341 -1.75648089
   0.70168568 -1.35333832  0.51559448 -0.2408891  -0.65051664 
   1.76389687  1.66838874 -2.00640298 -0.85165894 -3.48945004 -1.1249891
   0.94364319  0.72210575  1.32020636 -2.40475793  1.98660937 -0.1891201
   0.55737689 -0.24406264 -0.6926808   0.17895797 -0.0935393  
   1.7426888   0.0967777  -1.77999381 -0.2269374  -1.07247881 -0.46966918
   2.74437056 -2.95533544 -0.13908922 -0.21441825  0.30560592  0.86087976
  -0.26270742  1.25523127  0.78787119  1.03580042 -0.60330882 
  -0.5759799  -0.61283346  2.01266938 -0.341555    1.60774379  1.76215395
  -3.02364181  0.16180365  0.16775366 -0.90914146 -3.14505929  0.30242177
   1.82523832 -1.36216353 -0.05278827  2.90184461 -0.26344527 
  -0.78995225  2.64159103  1.33860917 -0.06051475 -1.25832262  2.0274055
  -0.43424142 -0.12120472 -0.98802986 -2.06472875 -0.28113324 -0.09654238
  -0.90922748  0.60504004 -0.06413096  0.73968015 -0.50067962 
  -0.33208571 -1.02913526 -1.2133135   0.16961504  0.15505813  2.43459176
  -0.89399837  0.8333671   0.18613939 -2.61099791  1.31200183 -0.28482198
  -1.38851581  0.0232025   2.92354137 -1.46857689  0.58806372 
  -0.27951516  2.15880868  0.3248233  -0.78368639  0.86719909 -1.5340321
  -2.36472841 -1.42354132 -0.37229983 -0.83301681 -0.19849996  0.98982501
   0.76329704  0.49860735  0.10263499  1.02581521 -0.03453795 
  -0.94335007  0.12811802  2.66489384  1.56168444  1.10368478  0.36890342
  -2.05182152 -1.19654168 -0.69218032  0.8226625  -1.89981692 -1.37452872
  -1.60867938  1.51881404  1.56743336  1.13641822  0.29965192 
   1.38998614  0.95405442 -1.03655728 -0.24765245 -0.86759668 -0.28810422
  -0.49564413 -0.5535021   1.73913382  1.50480769 -2.24194992 -1.90366642
  -0.43542321 -1.65224134  2.40022291  0.79812239 -0.51581145      3.43965897e+00  -9.54721342e-01   2.22863814e-01  -1.98836845e+00
   -8.63056520e-01   1.26295763e+00  -7.70848249e-01  -1.05292115e+00
    4.89419589e-01   9.43742276e-01   2.14226683e-01  -3.03019660e+00
   -9.24836402e-01   3.79281814e-01   8.84237903e-01  -1.59213410e+00
   -1.85025644e-01   1.35936322e-01   2.79408155e-01   2.92500833e-01
   -2.65765527e-01   1.95295606e+00   5.60566438e-01   2.04558574e+00
   -1.57330680e+00  -8.05363381e-01   3.59046263e-01  -2.27448074e-01
   -2.08521103e-01  -4.47495102e-01   2.58013878e-01  -1.38020034e+00
   -1.76581844e-01 
    6.27294427e-01   5.07339727e-01  -2.96706852e-01  -1.18983979e-01
    8.73571687e-01  -2.99437328e-01  -1.47019024e+00   1.01781940e+00
   -2.20383178e+00  -2.17870820e-01  -1.03464306e+00   1.41747953e-01
    1.29912611e+00  -3.96893217e-01   1.67727473e+00   1.05199958e-01
   -5.14935743e-02  -9.02797108e-01   2.05614142e+00  -2.04291972e+00
   -1.51109670e+00   1.91312193e-01   4.14823233e-01   1.35627518e-01
   -1.34141895e+00   6.27941599e-01   7.32931189e-01  -4.17752509e+00
    1.39846371e+00  -1.76994198e+00  -3.80535273e-03  -1.38117569e+00
    1.45175185e-01 
    6.87541275e-01   1.58501869e-02   2.80643876e+00   9.69566153e-01
   -1.84438581e+00  -1.70980761e+00  -8.74462304e-01  -9.32743327e-01
    1.58944087e+00   1.15387298e+00   3.87803220e-01   5.58217849e-01
   -2.15806543e+00   7.00567055e-02  -4.24943425e-01  -1.33694771e+00
    2.20548114e+00   6.69021986e-02  -1.40206607e+00   1.11944227e+00
   -1.29503908e+00  -2.44541938e+00  -1.23507410e+00   1.30659688e+00
    1.28799432e+00   8.96900254e-01  -2.34025219e+00  -6.10730757e-01
    1.95706747e+00  -2.52422706e-01  -2.31177658e+00   8.60923713e-01
   -3.12895940e-01 
   -1.35587120e+00   4.72074280e-01  -1.42796955e+00  -1.02617129e+00
    1.74354068e+00   1.42532719e+00   1.25730767e+00   9.17700799e-02
    5.06741451e-01  -7.96305115e-01   2.67970137e+00  -2.09455718e+00
    5.56654948e-01  -9.36604088e-01  -3.23614322e+00   6.04729480e-02
    3.85708576e+00  -1.35856242e-01   2.46616686e-01  -2.09398142e+00
   -9.02065042e-01   6.44323817e-01   8.34415694e-01  -2.87791654e+00
    5.30324640e-01   5.62387397e-01  -6.00920398e-02   1.92574846e-01
   -3.53694944e-01   3.10795687e-01  -1.67868462e+00  -6.30836200e-01
   -1.24466396e-01 
   -1.76417531e+00  -1.18960763e+00  -2.19718252e+00  -5.81307425e-01
    2.32281448e-01  -3.45412858e-01   1.08855891e-01  -1.21295839e+00
   -2.44010692e-01  -2.66993317e+00   1.44276787e+00  -5.37651101e-01
   -5.78824346e-02  -2.41782676e+00   2.69264214e+00  -1.73519468e+00
   -2.01742516e-01  -1.39181257e+00   2.50007550e+00  -1.29255453e-01
    1.39565144e+00  -1.31828153e+00  -3.07602266e+00   2.12084622e+00
    2.09656655e+00   1.34643469e+00  -1.50376222e+00  -1.60374493e-01
   -5.81289409e-01  -2.62840162e-01  -1.16348905e+00   1.56092429e+00
   -1.79209512e-01 
   -1.20751906e+00  -2.89613314e-01   6.95491923e-01   5.97390455e-01
    1.05950777e+00  -6.69445471e-01  -4.05688832e-01  -3.57807709e+00
    1.02472498e+00   5.14949924e-02  -1.54091630e-01   4.01210479e-01
   -8.57227940e-01   1.91490390e+00  -8.24605216e-01  -1.97467499e+00
   -1.33892112e+00   5.86756560e-01  -3.29815132e-02  -2.59401982e+00
    4.52855020e+00   4.21774734e-01  -1.90799145e-02   8.96151554e-02
    2.95724977e-01   5.06935164e-01  -1.40311556e+00  -1.62432206e+00
   -3.67069484e+00   7.34461672e-01  -2.27058770e-01   3.43767968e-01
    6.27189087e-02 
    6.63370434e-01  -1.05375575e+00   1.90136605e-01  -1.01875400e+00
   -1.76114040e-01  -2.09243485e+00   1.15561743e+00   7.76379629e-01
    3.15114718e-01  -2.08261900e+00  -6.56206301e-01   2.58067243e+00
    3.00657289e+00  -1.72253714e+00  -1.05321005e+00  -3.83723462e+00
   -1.08354813e+00   1.23798080e-01  -2.69776605e-01  -2.70480716e-01
   -7.72287760e-01  -3.30479338e-01  -3.21536325e-01  -7.18155263e-01
   -1.43752779e+00  -1.68593904e+00   1.19195578e+00   3.42940763e-01
    3.70094361e-01   2.82454710e+00   7.34827995e-01   3.19273621e-01
   -3.46889926e-01 
    3.47022490e-02  -7.53555836e-01   1.96746036e+00  -6.72527709e-01
    1.59442678e+00  -1.62100839e-01  -9.06642412e-01  -7.57212947e-02
   -3.03224359e-01   4.08823253e-01  -4.23613266e+00   3.84879596e-02
   -3.17308994e-02  -1.72673333e+00  -3.55511869e-01   2.25429760e+00
   -2.32469734e+00  -6.30719092e-01  -2.30192951e+00  -4.40072575e-01
   -2.47630446e+00  -3.10412169e-01  -2.80868922e+00   1.54241119e-01
   -4.21388099e-01   3.35417449e+00   3.94070229e-01   5.19449825e-01
   -1.49892448e+00   7.21218539e-01   9.92886577e-01  -1.69717576e-01
   -9.12890682e-01 
   -2.02483893e+00   2.34469968e+00   1.10209351e+00   1.29063737e+00
   -2.07914398e+00  -3.51960575e-01   1.19802764e+00  -2.26821746e+00
    2.10496216e+00   3.10145839e-01   6.06737807e-01  -1.38039430e+00
    1.18022614e+00  -1.50736952e+00   1.98510101e+00   1.18178256e+00
   -8.63415777e-01  -2.28974796e+00  -3.77908875e-01   4.92318576e-01
   -1.45668945e+00  -1.68590382e+00   2.03718476e+00  -1.36299789e+00
   -1.83940229e+00  -5.77352020e-01   1.06973525e-02   5.28757515e-01
   -1.29469660e+00  -1.75579090e-01   1.51076421e+00  -1.80892019e+00
   -5.73071589e-01 
    9.17683804e-01  -9.39747038e-01  -8.68685393e-01  -1.31532864e+00
   -1.23108280e-01   2.54538013e-01  -8.80528170e-01  -2.40850556e+00
   -2.36604306e+00  -2.54951341e+00  -1.79753191e+00   1.61172724e+00
   -2.45019443e+00  -1.41673043e+00   4.73832217e-02   8.80700696e-02
    6.34539172e-01  -5.01091884e-02  -2.17831569e+00   1.72402777e+00
    1.27559461e+00   1.19982252e+00   5.80158591e-01  -2.69150378e+00
    2.60497217e+00  -6.42740408e-01   1.85491873e+00   4.21388626e-01
    2.27659674e+00   3.87552277e-01   4.10397609e-02  -1.74853602e+00
   -3.30363685e-01 
   -1.80925111e-01  -2.74723022e+00   3.24946623e-01   8.44854738e-01
   -5.89868930e-01   1.20670172e+00  -1.13193301e+00  -2.22170138e+00
   -1.60263108e+00  -2.39663576e-02   1.14366839e+00   1.12285426e-01
   -2.63566078e+00   1.83094585e+00  -3.49768499e-01   2.00190888e-01
    5.24752901e-01  -1.24957104e+00   9.92001077e-01   1.64749170e+00
   -8.06205645e-01  -1.28273182e+00  -1.31554792e+00  -2.62672028e+00
   -1.71123625e+00  -1.62034655e+00   3.33655770e+00   1.00343815e+00
   -1.13694780e+00  -4.14523618e-01   1.55377024e+00   2.42105422e+00
   -4.48514245e-01 
   -1.32186569e+00   4.23086986e+00  -1.21215701e+00  -2.52876922e+00
   -2.04611606e+00  -1.19554233e+00  -1.09439418e+00   2.03498164e-02
    1.09551281e+00  -2.26340416e+00  -2.57448289e+00   2.76841663e-01
   -7.05569299e-01   1.28716583e+00  -9.92668340e-02   1.61296571e+00
   -7.52711764e-01  -4.70719542e-01  -9.34248417e-02  -8.57001056e-01
    7.95811177e-01   1.83045416e+00  -5.13818076e-01   8.96771971e-01
    6.75091972e-01  -1.68535363e+00  -1.45342205e+00  -2.67658369e-02
    9.98720594e-01  -8.33915632e-01   1.50307424e+00   1.05115812e+00
   -5.79711118e-01 
   -4.39443173e-01  -9.53291012e-01  -2.52166360e+00  -2.02915872e+00
   -2.02678433e+00   8.86264036e-01   1.49266807e-02  -2.00304738e-01
   -6.39184779e-01   3.28420681e+00   4.48107194e-02   2.10815134e+00
   -1.02353514e+00   2.32388216e-01  -4.50616521e-01  -1.28808315e+00
   -9.90502269e-02  -1.10676139e+00  -4.09127788e-01  -1.39390532e+00
    3.50816387e-01  -4.09651667e-01  -8.92262017e-01  -7.15145363e-01
   -3.84703847e-04  -1.98847130e-01  -1.77971967e+00   4.57221636e-01
    1.50994636e+00  -1.19689284e+00   1.91776670e+00  -4.41332302e-01
   -2.27791756e-01 
   -3.26628040e-01  -7.97822087e-01   5.43598753e-01   1.89026664e+00
   -2.25042200e+00   1.21880533e+00  -2.09567574e-01   9.38037090e-01
    9.32534912e-01  -7.36932151e-01  -8.63435822e-01   3.66715999e-02
   -1.67129150e+00  -7.10948762e-01  -2.51814355e+00   1.97357914e+00
   -2.85527332e+00   3.59662403e-01   9.60643284e-01  -8.00989634e-01
    7.37131828e-01  -6.54450639e-01   1.35717033e+00   3.31651333e-01
    3.34277160e-01  -2.02231096e+00   9.02666214e-01  -1.27697628e+00
    8.40115327e-02  -1.04964713e+00  -8.93918716e-01   7.05078018e-01
   -4.77253945e-01 
   -6.02662232e-01   1.95047693e+00   2.30704526e-01  -1.09671175e+00
   -9.96313071e-01  -1.96388112e-01   9.03553155e-01   1.40170975e+00
   -9.58187434e-01   1.84726153e-01  -9.50905103e-01  -7.00372613e-01
    1.91715025e-01   4.04679506e-01   1.76749988e+00  -1.11038846e+00
    4.24939152e-01   2.39825487e-01  -1.25393697e+00   4.10073548e-01
   -6.70953975e-01   9.63853337e-01  -3.10541267e-01  -3.27323333e-01
    9.09814206e-01  -1.28366683e+00  -4.76691233e-01  -3.57293937e-01
   -2.29249884e+00  -1.36935041e-01  -1.78255879e+00  -2.77138969e+00
   -9.32138828e-01 
   -2.14595769e-01  -1.68570303e+00  -2.27101938e+00   1.81308922e+00
    1.35592298e+00   8.72166694e-01  -4.51377455e-01  -4.71738489e-01
    1.82763651e+00   1.22129821e+00   1.74428572e-01   4.31721377e-01
   -1.69666297e-01   2.42425044e-01  -1.01442953e+00  -4.39862102e-01
   -1.80362950e-01  -1.71969846e+00  -8.70221789e-01   1.56261205e+00
   -4.64880498e-01   7.25841453e-01   3.34834505e-01  -1.46676035e+00
   -4.91250788e-01  -1.43810849e+00  -1.62119765e+00  -5.62481329e-01
    1.08676174e+00  -5.12028491e-01  -8.90447562e-01  -5.99109717e-01
   -1.71372117e-01  