NN 16 32 16   -3.79594411e+00  -1.12467634e+00   4.99866711e-02   5.89661187e-01
    2.45434445e+00  -9.08353147e-01  -2.01097686e+00  -2.06964831e+00
    3.24598943e+00  -1.31307810e+00  -2.01948995e-01   2.55851992e-01
    9.23746961e-01  -2.11184492e-01   2.85652485e-01  -5.37250932e-01
   -8.55531127e-01 
    6.01063670e-01  -4.05653721e-01  -3.55114242e-01  -1.39923783e-01
    1.20106659e+00  -4.46688568e-01   2.29767691e-01   4.76927834e-01
   -2.60598654e+00   8.88945497e-01   2.12048007e+00  -3.75162883e+00
    8.37047965e-01   8.04429875e-01  -2.05332686e+00   1.38340756e+00
    6.65089068e-01 
   -8.38443529e-01   6.07557718e-02  -2.58132350e+00   8.92828826e-01
    2.55622268e+00  -1.95266074e+00  -6.75610615e-01  -7.17906144e-01
   -9.45596598e-01   5.23104840e-01  -3.48443811e-01   3.24994864e-01
    1.47263734e+00  -7.70235046e-01  -2.48240941e-01   2.02380242e+00
    1.43985460e-01 
    1.57168349e+00  -6.14392747e-01  -1.40575705e+00   1.10371158e+00
    3.24120978e-02  -1.09750010e+00   7.68157472e-01  -3.70781359e-01
   -1.57931351e+00   8.88945148e-01  -1.61865417e+00   1.74477256e+00
    1.71175393e+00  -1.61788359e+00   1.19948034e+00  -1.91064843e+00
   -2.12456347e-01 
   -1.35986189e-01  -1.57822796e+00   1.43808822e+00  -1.18716445e+00
   -1.88021378e-01  -6.50672900e-01  -8.70325680e-02  -2.05131900e+00
    1.12067199e+00  -6.40960746e-01   1.10685032e-01   2.00509874e+00
    1.51246553e+00   2.13754852e+00  -2.19726442e-01  -1.52890119e+00
   -7.62656830e-01 
   -3.89759273e-01   1.13427164e+00   1.81138531e+00  -1.42341258e+00
    6.62569564e-01   1.21702460e+00   1.98068937e+00  -4.06061852e-01
   -1.01282962e-01  -2.92856284e-01  -1.93848152e+00   4.00658510e-01
   -8.59772078e-01  -1.49038432e+00  -5.28787606e-01  -1.33355046e-01
   -5.50777396e-03 
    9.06422767e-01   1.54234018e+00   1.60536146e+00  -1.86282422e+00
   -2.76424455e-02   8.49725825e-02  -1.84625335e+00   1.33140786e+00
   -5.70121714e-01   5.65684327e-01   8.57273273e-01   2.84255032e-01
   -1.48379592e-01  -4.93280550e-01  -1.43190081e+00   8.04644319e-01
   -6.94511643e-01 
    7.60759742e-01  -1.26249105e+00   1.14992454e+00  -4.56411067e-01
    6.87631384e-01   4.11078686e+00  -2.09410776e+00   4.43608539e-03
    2.48034599e+00   2.30355217e+00   3.88222305e-01  -3.60740671e-01
   -5.88953618e-01  -2.61409920e+00  -1.32695689e+00  -4.10610158e-02
   -6.13813455e-01 
    1.42878226e-01   2.83695577e+00  -7.05387503e-01  -9.21474366e-01
    7.68214730e-01  -1.17402063e+00  -1.00894091e+00  -1.71929062e-01
   -1.67965608e+00   2.46084116e+00   1.36766413e+00  -1.17530718e+00
    9.91192968e-01  -1.72280312e+00   1.53630419e+00  -1.48750842e+00
   -7.37735243e-03 
   -1.31468582e+00  -5.31458654e-02  -7.50192920e-01   1.12780585e+00
    1.73299688e+00  -1.05834224e+00   1.27464540e+00  -9.62684863e-01
   -1.06580777e+00   9.69724879e-01   5.59397167e-01   1.98861015e+00
   -2.77236068e+00   4.74816153e-01  -7.26124253e-01  -1.37769495e+00
    2.81625266e-01 
   -4.86749855e-01   5.27879882e-01  -2.46028994e-02  -2.81795302e+00
   -2.15691615e+00  -1.30807883e+00   1.91392887e-01   4.23322527e+00
   -1.17792265e+00   6.10941477e-01  -4.50249146e-01   3.05049265e+00
   -9.26903218e-01  -2.64766451e-01   7.31616773e-03   1.33627348e-01
   -5.03897713e-01 
    2.94219005e+00  -8.21388070e-01   3.18769358e-01   2.00629656e+00
    1.46854296e+00  -5.35604504e-01  -1.42752932e+00   5.96145617e-01
    2.42517883e-01  -1.21107521e+00   3.37223110e-01  -4.46315833e-01
   -2.99629465e+00   4.08701358e-01   1.05911928e+00  -9.38609361e-01
   -2.10070685e-01 
   -2.61472313e-01  -2.20117596e+00   1.34137169e+00   1.33829934e-01
   -1.61964207e-01   1.83712958e-01  -3.53977044e+00   3.15007448e-03
   -1.70716138e+00   1.03550159e+00   2.88518065e+00  -1.77592355e-02
   -4.72174486e-01   1.22097964e+00  -6.45515144e-01  -7.43335433e-01
   -1.32429249e+00 
   -5.79854600e-01   2.28936055e-01  -5.09939325e-01   1.43467310e-01
    2.10920966e+00  -1.98206011e+00   9.53159948e-01   8.55998074e-01
    1.03395115e+00   1.56198833e+00  -2.30348190e+00  -1.82393481e+00
   -1.02708598e+00   3.45425919e-01  -4.69741566e-01  -1.56515997e-01
   -1.81940300e-01 
    1.65327190e+00  -1.86109393e+00   4.78803347e-01   2.96016360e+00
   -2.05709364e+00   7.69978806e-01   4.36095412e-01  -7.79771123e-01
   -1.48006089e+00  -1.08987052e-01  -3.85833041e-01  -1.63307586e-01
    8.55708936e-01   2.46532808e+00  -2.05688323e+00  -8.07483919e-02
    6.77325711e-01 
    1.53720310e+00  -1.06674613e+00  -1.57541403e-01  -4.19414609e-02
   -2.06106590e-01  -2.98371158e-01   3.17743077e+00  -2.97309065e+00
   -1.16924025e+00  -8.65903522e-01  -3.85924687e-01  -8.51341806e-01
    1.25192991e+00  -1.86367832e+00   9.18955646e-01   5.92519921e-01
    5.53355290e-01 
    1.42297762e+00   6.45440119e-01  -3.09420132e+00  -4.13964586e+00
    1.02270041e+00   2.02013359e-01   7.40756141e-01   1.64756704e+00
    7.44916142e-01   1.95871852e-01  -8.56260061e-01  -1.04784826e+00
   -2.88390671e-01   1.71389542e+00  -5.16786071e-01   1.14277282e+00
    2.75463669e-01 
   -1.49277235e+00   4.50687051e-01  -1.59172717e-01   2.90660364e-01
    7.76298858e-01  -1.55267338e+00   1.29952431e-01   2.65533563e-01
    1.42937708e+00  -9.65927341e-01   1.21345203e+00   1.43715163e-01
    8.87286799e-01  -1.02938459e+00  -6.67552293e-01   1.20006480e+00
   -6.53149803e-01 
   -1.06250040e-01  -2.37966841e+00   2.14331566e+00  -1.45030211e-02
   -2.43902793e+00   3.42293455e-01  -1.97931292e-01   1.60913500e+00
    2.09537219e-01   1.74722234e+00  -1.57427555e+00  -4.09861619e-01
    6.06790160e-01  -1.06190305e+00   6.84280053e-01   6.94925744e-01
    1.87805348e-01 
   -1.44861474e+00   5.36351796e-01  -8.08829052e-01   2.19147478e+00
   -8.31464339e-01   1.82707233e+00   1.01421882e+00  -1.57438803e+00
   -3.06342726e-01  -1.75263326e+00  -5.96611887e-01   5.72392653e-01
    1.76988082e+00   7.30623940e-02  -2.85174887e-01  -2.30262482e+00
    3.20368635e-01 
   -1.95944334e-01   2.57718673e+00   1.15081188e+00  -4.15274651e-01
   -1.48219961e-01  -4.66104678e+00   1.15388388e+00   3.45093037e+00
    1.23244266e+00  -2.37285838e+00   8.81976649e-01  -2.59337565e-01
   -4.58906908e-01  -7.46792028e-01   7.38543786e-01  -3.11481807e-01
   -2.78163525e-01 
   -2.64595635e+00   7.47912447e-01   1.95147143e+00  -1.23118230e-01
    1.71073800e+00  -1.02853411e+00  -1.38945583e+00  -4.03972333e-01
    2.21646015e+00  -1.30328264e+00   3.14685599e-01  -1.90695183e+00
    4.52092960e-01   4.05039069e-01  -1.26009291e+00  -5.17088356e-01
    5.53715319e-01 
   -3.33959168e-01  -7.19774890e-01   6.82527934e-01  -7.86213165e-01
    2.31115317e+00  -1.24951353e+00   1.80819279e-01   2.48504047e+00
   -2.59757442e+00  -5.96531474e-01   1.30323197e+00   8.54734374e-01
    4.86241592e-01  -7.55961346e-01  -4.44509552e-01  -1.07703262e+00
   -3.24330372e-01 
   -2.09641029e+00   2.37841180e-01  -1.39707983e+00   2.05908220e+00
   -8.67489759e-01   1.15881515e+00   7.76738708e-01  -7.48865537e-01
    9.48341281e-01   1.32584480e+00   1.61936151e+00  -1.75007340e+00
    8.14862899e-01  -1.36562701e+00   5.75217598e-01  -3.19023226e-01
   -6.50257753e-01 
    1.98612257e+00   1.74566603e+00  -2.06653463e+00  -9.00212050e-01
   -3.69721146e+00  -1.19860084e+00   1.02230365e+00   4.72738715e-01
    1.28540921e+00  -2.44615430e+00   2.00829039e+00   2.93998213e-02
    7.24999651e-01  -2.44226092e-01  -6.68275386e-01   2.24467394e-01
   -5.21517641e-02 
    1.73057033e+00   3.20112366e-01  -1.92015239e+00  -5.66203023e-02
   -1.17461946e+00  -4.42820068e-01   2.83140113e+00  -2.91194719e+00
   -1.06278702e-01  -2.17721077e-01   2.63708561e-01   1.06750175e+00
   -1.93037073e-01   1.37879663e+00   8.28880185e-01   1.20344951e+00
   -4.98484929e-01 
   -4.68649209e-01  -6.08780157e-01   1.97340740e+00  -3.33928072e-01
    1.59877827e+00   1.89942000e+00  -3.32302270e+00   4.61283049e-01
    3.57140934e-01  -8.60432816e-01  -3.28723518e+00   9.06659434e-02
    1.94721554e+00  -1.44137053e+00  -9.56741095e-02   3.10588848e+00
   -2.65644491e-01 
   -6.67007073e-01   2.74346534e+00   1.24264047e+00   1.06510767e-01
   -1.29141014e+00   2.04639544e+00  -5.01285060e-01  -9.49489172e-02
   -9.60831857e-01  -2.23831920e+00  -1.42274873e-01  -1.83682927e-01
   -9.04762107e-01   5.84920961e-01  -7.26755827e-02   7.94521965e-01
   -5.28476863e-01 
   -2.11018409e-01  -1.08962751e+00  -1.26497767e+00   8.73833529e-02
   -5.89072998e-02   2.66420187e+00  -9.26444645e-01   8.28635695e-01
    4.02550278e-01  -2.63361729e+00   1.18785114e+00  -2.57532065e-01
   -1.43221907e+00  -3.90411879e-03   3.13015574e+00  -1.54412355e+00
    6.24760678e-01 
   -1.88978191e-01   2.33746865e+00   2.43645475e-01  -8.62915864e-01
    9.08649910e-01  -1.66956691e+00  -2.44525361e+00  -1.42120384e+00
   -6.34710536e-01  -1.03700458e+00  -1.93145790e-01   8.61191980e-01
    7.20519059e-01   3.98096614e-01   1.28105562e-01   9.60072019e-01
   -1.29053918e-01 
   -1.05509315e+00   2.42463229e-01   2.81266427e+00   1.49547202e+00
    1.05543039e+00   2.55655291e-01  -2.00207857e+00  -1.26522935e+00
   -7.77761389e-01   7.55463731e-01  -2.06703667e+00  -1.55227625e+00
   -1.76127996e+00   1.53926827e+00   1.65042790e+00   1.11395054e+00
    2.18472532e-01 
    1.47430316e+00   9.07898107e-01  -1.06513198e+00  -1.58748518e-01
   -8.38665579e-01  -1.96837480e-01  -5.22041724e-01  -4.76876217e-01
    1.85683076e+00   1.56260799e+00  -2.31743729e+00  -2.01602784e+00
   -5.19700541e-01  -1.73772947e+00   2.46338348e+00   7.95529808e-01
   -5.38065538e-01      3.53099564e+00  -9.25420358e-01   3.27927118e-01  -2.00079544e+00
   -8.20535536e-01   1.34637957e+00  -7.49726904e-01  -1.15779067e+00
    5.96900258e-01   7.83372958e-01  -5.61945540e-03  -3.17327846e+00
   -7.92746374e-01   4.64240205e-01   9.40193489e-01  -1.54762734e+00
   -4.08742172e-02   9.77227904e-02   1.49458155e-01   4.68028991e-02
   -3.30705307e-01   1.90952409e+00   6.48767026e-01   2.03918028e+00
   -1.56940899e+00  -8.88334839e-01   3.43390514e-01  -2.27883164e-01
   -1.47461464e-01  -3.61898649e-01   1.60466821e-01  -1.33583355e+00
   -1.80686531e-01 
    6.61519010e-01   2.92381904e-01  -3.36030642e-01  -1.57620817e-01
    1.12870824e+00  -2.81168343e-01  -1.37343034e+00   8.81323139e-01
   -2.15270522e+00  -1.99634668e-01  -7.00546695e-01  -5.22632809e-02
    1.20614718e+00  -2.00388521e-01   1.59352496e+00  -1.59998869e-02
    1.35286296e-01  -9.01553553e-01   2.14601923e+00  -2.07765463e+00
   -1.26237540e+00   2.73199280e-01   3.94459649e-01   2.56825916e-03
   -1.28098807e+00   8.44671827e-01   7.79249302e-01  -4.32487883e+00
    1.31563564e+00  -1.71614374e+00   2.39975280e-02  -1.29943952e+00
    2.82865934e-01 
    6.44609177e-01  -1.94066472e-01   2.70791730e+00   1.08974181e+00
   -1.79878379e+00  -1.88634967e+00  -1.02039112e+00  -8.48052123e-01
    1.32729439e+00   1.01313012e+00   4.32126524e-01   5.54833291e-01
   -2.18832154e+00  -4.13458933e-02  -3.38576099e-01  -1.19706979e+00
    2.19905964e+00  -3.02067192e-02  -1.30558951e+00   1.40821175e+00
   -1.34326645e+00  -2.57705837e+00  -1.26753004e+00   1.28939878e+00
    1.30404771e+00   8.64798559e-01  -2.37668139e+00  -4.70805013e-01
    2.21180257e+00  -2.32825439e-01  -2.19796480e+00   1.01651062e+00
   -3.23366179e-01 
   -1.48901261e+00   3.81702796e-01  -1.49213667e+00  -1.01696901e+00
    1.74567035e+00   1.17916015e+00   1.28769990e+00   1.94806540e-01
    5.46834392e-01  -9.70621658e-01   2.73196357e+00  -2.05902147e+00
    4.49073672e-01  -9.13619286e-01  -3.17417740e+00   1.70467694e-01
    3.75026307e+00  -2.05192476e-01   1.54404125e-01  -2.28513528e+00
   -9.87694752e-01   5.77166094e-01   8.52152935e-01  -2.95493589e+00
    6.20931802e-01   4.73404306e-01  -1.37544769e-01   7.93358153e-02
   -3.58263721e-01   2.42968517e-01  -1.77847274e+00  -5.67159854e-01
   -2.00562888e-01 
   -1.95096180e+00  -1.23312360e+00  -2.21381874e+00  -5.93328966e-01
    8.28409447e-03  -4.61709767e-01  -3.38182650e-02  -1.19586176e+00
   -3.01065356e-01  -2.75858952e+00   1.45041044e+00  -6.20147985e-01
   -1.63611727e-01  -2.43466097e+00   2.78163626e+00  -1.73740033e+00
   -2.01929502e-01  -1.51116479e+00   2.44242031e+00  -1.32338237e-01
    1.13720021e+00  -1.33981185e+00  -3.21879738e+00   2.11568044e+00
    2.06516707e+00   1.35205700e+00  -1.61201285e+00  -1.18456857e-01
   -2.59113600e-01  -2.84736068e-01  -1.30359712e+00   1.64352522e+00
   -2.30619401e-01 
   -1.37097075e+00  -1.68562619e-01   6.54515346e-01   4.32526953e-01
    1.11579731e+00  -6.54173638e-01  -3.80286210e-01  -3.58113126e+00
    1.18323713e+00   1.46560592e-01  -1.47942638e-01   3.23486155e-01
   -9.41590548e-01   1.93110356e+00  -8.06659822e-01  -1.95159949e+00
   -1.48448978e+00   6.35109227e-01  -1.75026460e-01  -2.47915266e+00
    4.52275675e+00   4.89969412e-01  -2.77078068e-02  -5.37631370e-03
    2.34210780e-01   5.57180642e-01  -1.42632797e+00  -1.58348517e+00
   -3.80751591e+00   7.94763601e-01  -1.42936844e-01   3.77178494e-01
    1.55713658e-02 
    7.63390335e-01  -1.26537615e+00   5.64751304e-02  -9.81350265e-01
   -1.32368884e-01  -2.22809504e+00   1.10866266e+00   7.60495688e-01
    5.35439375e-01  -2.18594426e+00  -6.73259322e-01   2.61341626e+00
    2.90476821e+00  -1.64662152e+00  -1.07082513e+00  -3.90027569e+00
   -1.07549423e+00   4.06583366e-02  -1.81519753e-01  -4.64661313e-01
   -7.72387267e-01  -1.84284915e-01  -3.27224097e-01  -6.44264965e-01
   -1.34159491e+00  -1.79128511e+00   1.08752617e+00   3.07441777e-01
    3.70492991e-01   2.87233227e+00   7.76854632e-01   4.08387349e-01
   -3.86001320e-01 
    6.62241982e-02  -6.70490516e-01   2.13318755e+00  -6.24869623e-01
    1.65756670e+00  -1.64662944e-01  -8.73894129e-01  -1.13324623e-01
   -2.39592372e-01   4.61701948e-01  -4.32520190e+00   2.59987070e-01
    1.00456757e-01  -1.80067754e+00  -4.17071580e-01   2.28080797e+00
   -2.24592903e+00  -4.85088050e-01  -2.25464378e+00  -4.78249404e-01
   -2.32427627e+00  -2.05330588e-01  -2.92978884e+00   1.44119145e-01
   -4.45331319e-01   3.50533624e+00   5.26126805e-01   5.84613218e-01
   -1.51936010e+00   7.91584397e-01   1.18596340e+00  -6.61329189e-03
   -9.16535899e-01 
   -2.07420112e+00   2.32039306e+00   1.15299487e+00   1.38420664e+00
   -2.09818792e+00  -2.24289698e-01   1.20641297e+00  -2.32883949e+00
    2.25837794e+00   3.58028550e-01   7.24587034e-01  -1.56770858e+00
    1.03383521e+00  -1.57547517e+00   1.88349350e+00   1.25334614e+00
   -8.10250365e-01  -2.38150154e+00  -3.49996498e-01   4.93071476e-01
   -1.49749528e+00  -1.76453051e+00   2.07270256e+00  -1.34435712e+00
   -1.93853887e+00  -4.22752768e-01  -2.36588480e-02   4.64274550e-01
   -1.47025933e+00  -1.27289387e-01   1.50826910e+00  -1.80549585e+00
   -5.88395613e-01 
    1.05698175e+00  -9.02982598e-01  -8.48544116e-01  -1.39410887e+00
   -8.56213337e-02   1.80692827e-01  -9.30404257e-01  -2.52440427e+00
   -2.48237009e+00  -2.64280858e+00  -1.85105961e+00   1.75410682e+00
   -2.44521805e+00  -1.39537349e+00   1.90964693e-01   1.88124803e-01
    5.47093028e-01  -2.40155368e-02  -2.18894849e+00   1.72501195e+00
    1.24402735e+00   1.27716041e+00   5.96573427e-01  -2.58612558e+00
    2.68785985e+00  -7.67651175e-01   2.02293434e+00   4.53759811e-01
    2.40721874e+00   4.03492087e-01   4.56040698e-02  -1.83390861e+00
   -3.47878145e-01 
   -2.22787845e-01  -2.79893032e+00   3.07532864e-01   8.79422821e-01
   -6.46267131e-01   1.21124672e+00  -1.17305436e+00  -2.27359856e+00
   -1.74807356e+00  -1.35450399e-01   1.13530021e+00   1.14751820e-01
   -2.65993133e+00   1.81173472e+00  -3.46765603e-01   2.51861059e-01
    5.33104980e-01  -1.30558872e+00   1.02280031e+00   1.58910322e+00
   -7.59134375e-01  -1.38502003e+00  -1.42569893e+00  -2.75882650e+00
   -1.61829549e+00  -1.58040148e+00   3.39073153e+00   9.82678742e-01
   -1.16520923e+00  -4.43210336e-01   1.47983909e+00   2.54032964e+00
   -5.19715606e-01 
   -1.17315222e+00   4.36893659e+00  -1.25765838e+00  -2.55549096e+00
   -2.02545009e+00  -1.14467611e+00  -1.09714274e+00   2.05353032e-02
    1.12442612e+00  -2.29618008e+00  -2.63525770e+00   3.38245921e-01
   -6.65442038e-01   1.35921072e+00  -1.45981250e-01   1.64768516e+00
   -7.08718725e-01  -4.86401019e-01  -1.18855617e-02  -8.50892820e-01
    8.30554622e-01   1.93035898e+00  -6.03055503e-01   9.90768407e-01
    5.82293516e-01  -1.62404133e+00  -1.40520632e+00   4.72864672e-02
    1.10070892e+00  -7.91925381e-01   1.72762092e+00   1.20859352e+00
   -5.35856130e-01 
   -4.34328839e-01  -9.43085859e-01  -2.54112588e+00  -2.06307992e+00
   -2.04982176e+00   9.34530069e-01  -1.25111838e-02  -1.68580463e-01
   -6.68838405e-01   3.40591588e+00   3.71140281e-02   2.16644392e+00
   -1.00600664e+00   2.89549766e-01  -4.75282078e-01  -1.29622868e+00
   -7.83274541e-02  -1.12317480e+00  -4.15692213e-01  -1.43644602e+00
    3.25711173e-01  -3.77619432e-01  -8.93324596e-01  -7.12854157e-01
   -4.96209792e-02  -1.84568760e-01  -1.82756100e+00   4.69317103e-01
    1.56593505e+00  -1.22545960e+00   1.99883453e+00  -4.40665486e-01
   -2.18398458e-01 
   -2.62004082e-01  -8.09938478e-01   5.31037298e-01   1.92159557e+00
   -2.27501972e+00   1.25676136e+00  -2.37804567e-01   1.02284188e+00
    9.24064312e-01  -7.31375459e-01  -9.06876668e-01   5.59487654e-02
   -1.68275805e+00  -7.26787108e-01  -2.60215737e+00   2.06290678e+00
   -2.97972466e+00   4.08160315e-01   1.01380078e+00  -8.44059522e-01
    7.81080079e-01  -5.97646306e-01   1.39851269e+00   3.49919661e-01
    2.80760417e-01  -2.06165142e+00   9.16654797e-01  -1.33574152e+00
    2.55706297e-02  -1.10321331e+00  -8.86022863e-01   6.96998446e-01
   -5.19487286e-01 
   -5.70050213e-01   2.13431117e+00   3.45833189e-01  -1.08548617e+00
   -9.37416024e-01  -1.82965749e-01   9.77581673e-01   1.54171248e+00
   -9.95937196e-01   2.41877717e-01  -9.65173216e-01  -6.42670883e-01
    2.43809099e-01   4.23555493e-01   1.91903713e+00  -1.13413035e+00
    5.07404335e-01   3.06084488e-01  -1.30603120e+00   4.38013684e-01
   -6.87176613e-01   1.02151801e+00  -3.04022712e-01  -3.06293251e-01
    9.57513952e-01  -1.22582679e+00  -3.78403671e-01  -3.63383191e-01
   -2.41882034e+00  -1.10198705e-01  -1.81070714e+00  -2.83984449e+00
   -8.73173353e-01 
   -1.86280195e-01  -1.73137218e+00  -2.32479441e+00   1.88502918e+00
    1.33296303e+00   8.98891728e-01  -4.62670424e-01  -4.96598453e-01
    1.94079475e+00   1.25149010e+00   1.39055358e-01   4.07922097e-01
   -1.47237179e-01   2.50940380e-01  -1.05888751e+00  -4.98945309e-01
   -2.47865949e-01  -1.80632576e+00  -9.47665269e-01   1.64494542e+00
   -5.11927787e-01   7.41102167e-01   3.43264356e-01  -1.49506549e+00
   -5.31113374e-01  -1.52789788e+00  -1.63594740e+00  -5.66237607e-01
    1.08899278e+00  -4.95151009e-01  -8.75198993e-01  -6.23113256e-01
   -2.13851133e-01  