NN 16 32 16   -4.12126059e+00  -9.54404571e-01   1.20165370e-01   6.21050737e-01
    2.67738057e+00  -8.70305988e-01  -2.29931099e+00  -2.09630998e+00
    3.65197084e+00  -1.20660819e+00  -1.91724990e-01   3.75439205e-01
    1.03768138e+00  -7.92064180e-02   4.26464873e-01  -5.15783562e-01
   -7.95663068e-01 
    7.28575550e-01  -5.83976956e-01  -3.99287931e-01   6.46144412e-02
    9.49989665e-01  -1.93833094e-01   3.42877971e-01   3.70526645e-01
   -2.82005113e+00   7.97866433e-01   2.37958635e+00  -4.17422398e+00
    9.00034720e-01   7.37250850e-01  -2.33353161e+00   1.41139098e+00
    6.79766898e-01 
   -1.19674383e+00   2.16562742e-01  -2.57312133e+00   7.90875659e-01
    2.98648472e+00  -1.91952824e+00  -8.09813150e-01  -9.92561623e-01
   -9.76250650e-01   7.36520253e-01  -6.05854899e-01   1.41361955e-01
    1.40947404e+00  -7.29289890e-01  -3.25144890e-01   2.10884339e+00
    1.33050694e-01 
    1.75305785e+00  -8.11545410e-01  -1.44692333e+00   1.14436201e+00
    2.64902104e-01  -1.11512936e+00   8.43807420e-01  -4.72795292e-01
   -1.67670658e+00   8.98854355e-01  -1.55648803e+00   1.80265211e+00
    1.84057565e+00  -1.67457021e+00   1.30831412e+00  -1.99275830e+00
   -1.37222543e-01 
   -9.24322130e-02  -1.81702888e+00   1.47920802e+00  -1.32235005e+00
   -1.40257685e-01  -7.65560476e-01  -1.62863094e-01  -2.13230021e+00
    1.26705903e+00  -6.04026795e-01   1.37821785e-01   2.13324473e+00
    1.57751766e+00   2.28000157e+00  -2.11887093e-01  -1.51111329e+00
   -7.11598043e-01 
   -4.69562268e-01   1.22092644e+00   2.03668364e+00  -1.21441907e+00
    7.83007274e-01   1.17086703e+00   2.16444059e+00  -5.01388296e-01
   -3.29632698e-02  -1.85407993e-01  -2.20033595e+00   4.77244399e-01
   -8.83728873e-01  -1.48266467e+00  -4.90830890e-01  -5.58536052e-03
    1.08393738e-01 
    1.06415845e+00   1.68682231e+00   1.70202569e+00  -1.99087607e+00
   -1.56632497e-01   3.43146697e-01  -2.01663711e+00   1.67225310e+00
   -5.11059075e-01   5.64269288e-01   1.01147325e+00   1.92685077e-01
   -7.69225935e-02  -4.20846866e-01  -1.40634914e+00   8.70347668e-01
   -6.96358031e-01 
    9.58614013e-01  -1.34912005e+00   1.43116949e+00  -5.06406347e-01
    5.99366825e-01   4.35919438e+00  -2.36051544e+00  -1.59151144e-01
    2.74459646e+00   2.41019878e+00   2.44463061e-01  -2.73814232e-01
   -5.49895655e-01  -2.81093431e+00  -1.42105025e+00  -9.96412491e-02
   -6.35900828e-01 
    1.00113552e-01   2.81872119e+00  -7.25211100e-01  -1.12143658e+00
    7.42795785e-01  -1.26208477e+00  -1.18040054e+00  -2.65455358e-01
   -1.75867213e+00   2.45175302e+00   1.51323968e+00  -1.23032523e+00
    9.83817555e-01  -1.90589721e+00   1.50732857e+00  -1.75129631e+00
   -1.41280772e-01 
   -1.32847082e+00  -2.61162654e-01  -7.72957164e-01   1.11980898e+00
    1.83632833e+00  -8.70027407e-01   1.25710472e+00  -7.50553653e-01
   -1.12623677e+00   7.96737850e-01   8.80915375e-01   2.22743392e+00
   -2.97478778e+00   4.28737760e-01  -8.51972741e-01  -1.37883380e+00
    3.80841198e-01 
   -7.20880810e-01   5.14638060e-01   1.54900944e-01  -2.89709358e+00
   -2.52429733e+00  -1.49821255e+00   1.36189186e-01   4.39060888e+00
   -1.62509481e+00   4.24312267e-01  -4.71920681e-01   3.12917704e+00
   -1.24514716e+00  -4.92049878e-01  -1.61276457e-01  -6.08039908e-03
   -6.76803413e-01 
    3.24002713e+00  -7.51926087e-01   1.81578739e-01   2.01710642e+00
    1.56241928e+00  -8.09722010e-01  -1.24366333e+00   6.64736277e-01
    3.14393238e-01  -1.32992656e+00   5.69153630e-01  -5.29651025e-01
   -3.08044583e+00   4.96929101e-01   1.15023421e+00  -1.13144880e+00
   -3.08522990e-01 
   -1.82446854e-01  -2.62064626e+00   1.65589170e+00  -5.08948774e-02
   -1.18104198e-01   3.47803704e-01  -3.53051859e+00  -3.84714491e-01
   -1.92190809e+00   1.07155179e+00   3.07059400e+00  -3.65068250e-03
   -5.43527108e-01   1.22647161e+00  -5.80311397e-01  -8.20019661e-01
   -1.39063037e+00 
   -6.62833830e-01   5.39269040e-01  -5.62496199e-01   5.55857875e-02
    2.38611835e+00  -2.15170850e+00   1.16807732e+00   1.05369499e+00
    1.11675927e+00   1.60110992e+00  -2.29947848e+00  -1.63086354e+00
   -1.15318208e+00   2.61645300e-01  -4.24939255e-01  -1.01032231e-01
   -1.46487735e-01 
    1.75456975e+00  -1.87127087e+00   8.11678124e-01   3.14871591e+00
   -2.36254107e+00   6.27761228e-01   4.15607909e-01  -9.73890833e-01
   -1.59922814e+00   4.40593049e-03  -6.64978476e-01  -3.50918873e-01
    6.49044994e-01   2.39004667e+00  -2.30910427e+00  -2.42189175e-01
    5.57671881e-01 
    1.66177722e+00  -1.19155434e+00  -3.69034740e-01   2.41798484e-01
   -2.55382904e-01  -2.46782092e-01   3.14645895e+00  -3.07453465e+00
   -1.04416349e+00  -1.10423184e+00  -4.82833867e-01  -9.40470093e-01
    1.18736514e+00  -2.03198748e+00   9.50688364e-01   6.88826046e-01
    5.62014887e-01 
    1.65346270e+00   7.56446128e-01  -2.92155285e+00  -4.63049326e+00
    1.25497984e+00   1.40902666e-01   6.66537976e-01   1.54777355e+00
    7.00707998e-01   3.84187409e-01  -7.81848312e-01  -1.26889925e+00
   -2.93904181e-01   1.65598839e+00  -4.99902049e-01   1.30342295e+00
    3.68614545e-01 
   -1.62042065e+00   5.25912779e-01  -2.34471472e-01   3.41725804e-01
    6.79284020e-01  -1.97618745e+00   4.04095560e-01   2.39582220e-01
    1.51394306e+00  -1.04834484e+00   1.42619564e+00   3.79356811e-01
    8.88139816e-01  -1.15184299e+00  -7.82030977e-01   1.22654059e+00
   -7.42878799e-01 
   -1.78210943e-01  -2.44436232e+00   2.21479034e+00  -1.39169474e-02
   -2.53906878e+00   2.15088527e-01  -2.48554548e-01   1.76308869e+00
    6.16426709e-02   1.60591414e+00  -1.73288986e+00  -5.63026171e-01
    5.54500749e-01  -1.11933949e+00   6.24571785e-01   6.53639085e-01
    1.10031381e-01 
   -1.35691307e+00   5.28992446e-01  -8.12501165e-01   2.45008124e+00
   -8.03413378e-01   1.95241706e+00   1.14610476e+00  -1.80411196e+00
   -8.87601767e-02  -1.69095982e+00  -4.48194487e-01   7.14888538e-01
    1.78737499e+00  -1.56256785e-01  -2.99781983e-01  -2.47142700e+00
    3.53188720e-01 
   -2.84838716e-01   2.72769409e+00   1.15425124e+00  -4.92108815e-01
   -1.60535245e-01  -4.90764311e+00   1.25178393e+00   3.60200544e+00
    1.37537784e+00  -2.70219013e+00   7.60588518e-01   9.66947422e-02
   -4.00478931e-01  -8.30267780e-01   8.51260186e-01  -3.59238523e-01
   -2.69128741e-01 
   -2.78310597e+00   9.01834057e-01   2.08146177e+00   9.17608924e-02
    1.61603934e+00  -9.70255542e-01  -1.66911830e+00  -1.46038134e-01
    2.41729537e+00  -1.14305377e+00   3.60576510e-01  -1.76781271e+00
    4.29391559e-01   5.27718534e-01  -1.19658644e+00  -4.67514784e-01
    6.64913602e-01 
   -2.08819172e-01  -7.81544130e-01   5.59935910e-01  -7.91125942e-01
    2.51241976e+00  -1.09726508e+00   2.43942482e-01   2.45928154e+00
   -2.64667054e+00  -9.06206138e-01   1.41003184e+00   9.45651901e-01
    2.94611806e-01  -8.69290216e-01  -5.37417378e-01  -1.31242916e+00
   -4.08399661e-01 
   -2.12701938e+00   1.78293002e-01  -1.37682322e+00   2.09177414e+00
   -9.57897323e-01   1.08691325e+00   8.68835009e-01  -7.80554969e-01
    1.01451367e+00   1.37341290e+00   1.87118035e+00  -1.65785309e+00
    8.43129833e-01  -1.46228478e+00   5.72944214e-01  -4.22301342e-01
   -6.93560055e-01 
    2.23712583e+00   1.71077295e+00  -2.26211995e+00  -1.30658817e+00
   -3.72391225e+00  -1.63634385e+00   8.94780530e-01   5.55054684e-01
    1.33149551e+00  -2.36709189e+00   1.88678362e+00  -1.55886214e-01
    8.23298320e-01  -3.28789798e-01  -7.36996919e-01   1.97736856e-01
   -1.03335508e-01 
    1.87001215e+00   4.16509881e-01  -2.21890442e+00   1.43680741e-01
   -1.05967844e+00  -6.49079944e-01   2.90836884e+00  -3.14047000e+00
   -3.42684298e-01  -2.16242302e-01   2.02315233e-01   8.49238959e-01
   -1.60909008e-01   1.34454240e+00   7.20770388e-01   1.35212599e+00
   -4.92425581e-01 
   -7.23625410e-01  -2.98387143e-01   2.05044697e+00  -3.22486309e-01
    1.81531811e+00   2.04355576e+00  -3.55185083e+00   3.60513035e-01
    3.43453820e-01  -9.76348512e-01  -3.50225669e+00   3.01598230e-02
    2.02514172e+00  -1.56034570e+00  -2.07200376e-01   3.28543613e+00
   -3.43060253e-01 
   -6.45658123e-01   3.12995634e+00   1.21429331e+00   2.20554122e-01
   -1.43881703e+00   1.81432423e+00  -8.20271531e-01   1.85500087e-01
   -9.49479710e-01  -2.42381478e+00  -1.50674107e-01  -7.32497069e-03
   -9.66593465e-01   6.47638763e-01  -1.30477825e-01   7.63383154e-01
   -6.41141205e-01 
   -1.58154581e-01  -9.78558707e-01  -1.30585317e+00  -8.69625790e-03
   -1.35963598e-01   2.65292513e+00  -7.49664173e-01   9.38975231e-01
    2.83985516e-01  -2.95229146e+00   1.10639705e+00  -2.00732763e-01
   -1.53643768e+00   2.77805740e-02   3.38045637e+00  -1.60344662e+00
    7.29349732e-01 
   -2.01559372e-01   2.74867237e+00   7.68954792e-02  -9.51781642e-01
    1.00267896e+00  -1.75766699e+00  -2.56134387e+00  -1.17442087e+00
   -5.89920342e-01  -1.02174987e+00  -1.85286567e-01   9.32230276e-01
    7.74890986e-01   5.27634064e-01   2.70198695e-01   1.00651645e+00
   -1.45535408e-01 
   -9.50910228e-01   1.92018596e-01   3.18422165e+00   1.72674388e+00
    7.18161358e-01   5.30614812e-01  -2.30190106e+00  -1.42219439e+00
   -7.33397719e-01   6.50269267e-01  -2.17528288e+00  -1.52718061e+00
   -1.92582608e+00   1.77469463e+00   1.83886512e+00   1.19777501e+00
    2.17513154e-01 
    1.61043827e+00   9.83241893e-01  -1.16683571e+00  -2.37503298e-01
   -9.10625147e-01  -1.77179830e-01  -3.99137981e-01  -6.36281222e-01
    1.79678901e+00   1.78461566e+00  -2.50524677e+00  -2.19604644e+00
   -5.09269516e-01  -1.89282062e+00   2.49148798e+00   8.44159399e-01
   -5.90341399e-01      3.73589001e+00  -1.13749685e+00   4.25156931e-01  -2.07526534e+00
   -9.33121054e-01   1.49250956e+00  -8.52139351e-01  -1.07431522e+00
    2.86994125e-01   6.41548783e-01  -1.59073596e-01  -3.23847574e+00
   -7.94207109e-01   6.40382327e-01   1.05125189e+00  -1.49934357e+00
   -1.61173345e-01   4.02046132e-02   1.91393792e-01  -1.13082125e-01
   -2.13243958e-01   1.78881135e+00   7.49429235e-01   2.09561694e+00
   -1.34813533e+00  -9.42593098e-01   2.55424896e-01  -1.77285485e-01
    3.17814389e-02  -3.09911923e-01   6.68374915e-02  -1.19382127e+00
   -4.45173760e-02 
    6.00069415e-01   3.61561080e-01  -2.07936184e-01  -3.34655917e-01
    1.10183219e+00  -3.55521864e-01  -1.35428126e+00   9.30839219e-01
   -2.00137307e+00  -2.26678471e-01  -7.99495468e-01   2.28435656e-02
    1.14679393e+00  -8.97336455e-02   1.47600624e+00  -7.23810426e-02
   -3.42005614e-02  -1.19185730e+00   2.01779868e+00  -2.07312340e+00
   -1.39180951e+00   2.32818287e-01   4.17579191e-01   5.38529728e-02
   -1.33433520e+00   7.15796707e-01   8.21231389e-01  -4.58431632e+00
    1.53054725e+00  -1.61010914e+00   1.81221751e-01  -1.20206356e+00
    3.21246099e-01 
    6.44417659e-01  -1.30979393e-01   2.95263396e+00   1.30204835e+00
   -1.72306545e+00  -1.94468596e+00  -1.32888848e+00  -8.68435353e-01
    1.26906618e+00   1.04251104e+00   3.06821111e-01   6.07769664e-01
   -2.09259976e+00   8.24294071e-02  -4.80687471e-01  -1.16594672e+00
    2.21776430e+00   4.48445767e-02  -1.41204925e+00   1.41164744e+00
   -1.28894762e+00  -2.48509685e+00  -9.30316361e-01   1.13916505e+00
    1.19638500e+00   7.30406802e-01  -2.58692833e+00  -5.81886489e-01
    2.21769318e+00  -1.13916393e-01  -2.23478236e+00   9.52818061e-01
   -3.34059703e-01 
   -1.51891004e+00   3.33728565e-01  -1.45720649e+00  -9.86870400e-01
    1.97955155e+00   1.27001932e+00   1.20663854e+00   1.56937903e-01
    5.67006399e-01  -8.30120055e-01   2.90625775e+00  -1.95420240e+00
    2.92556231e-01  -8.80987703e-01  -3.18133038e+00   3.37374779e-01
    3.97123084e+00  -1.66531282e-01   3.20493688e-02  -2.26264792e+00
   -1.04848834e+00   5.06068352e-01   8.43190566e-01  -2.85097488e+00
    6.11722330e-01   5.33246495e-01   9.23364603e-02   1.00591204e-01
   -1.73859327e-01   2.24373556e-01  -1.65300930e+00  -5.06212805e-01
   -1.37319885e-01 
   -2.04175200e+00  -1.12977849e+00  -2.35132669e+00  -5.46734394e-01
   -1.38658468e-02  -3.81413655e-01  -2.66616259e-02  -1.20067540e+00
   -2.27620010e-01  -3.05098997e+00   1.62287362e+00  -6.32651346e-01
   -1.13183023e-01  -2.59429971e+00   3.04032833e+00  -1.75626143e+00
   -6.27937947e-02  -1.71597969e+00   2.68410356e+00  -4.47388522e-01
    1.09741884e+00  -1.22550825e+00  -3.34586241e+00   2.15179960e+00
    1.73411336e+00   1.20052898e+00  -1.60688543e+00  -3.56939802e-02
   -2.45734907e-01  -1.34308649e-01  -1.05549853e+00   1.92907482e+00
   -1.58076971e-01 
   -1.58063966e+00  -2.88893328e-01   7.51015105e-01   3.61314090e-01
    1.17529111e+00  -6.89065423e-01  -5.95607760e-01  -3.67813655e+00
    1.12656935e+00   2.00228389e-01  -3.55325352e-01   4.55993356e-01
   -9.88761209e-01   1.92585547e+00  -7.06350388e-01  -2.11124326e+00
   -1.39983398e+00   7.49983435e-01  -2.89352963e-01  -2.47588459e+00
    4.29335391e+00   4.68145709e-01  -2.07819882e-01  -2.00045395e-01
    5.49666225e-01   6.73570334e-01  -1.21081484e+00  -1.80060793e+00
   -3.72239615e+00   7.99136391e-01  -2.10298924e-01   3.53913489e-01
    2.87101420e-02 
    8.80158872e-01  -1.54164485e+00  -1.17702319e-01  -9.22507057e-01
   -2.10409330e-01  -2.60676263e+00   1.05077085e+00   1.00218808e+00
    5.85348465e-01  -2.11037888e+00  -5.82894985e-01   2.69368827e+00
    2.85804406e+00  -1.64104817e+00  -1.15339699e+00  -4.02112391e+00
   -7.70467742e-01   3.52445120e-02  -6.56521958e-02  -7.35573203e-01
   -7.48475012e-01  -1.04975406e-01  -3.85368856e-01  -8.09651503e-01
   -1.34477704e+00  -2.08032269e+00   9.08694329e-01   4.75426853e-01
    4.83249965e-01   2.80925053e+00   9.70355336e-01   2.52487603e-01
   -4.89990069e-01 
    1.36600165e-01  -6.55597306e-01   2.11571994e+00  -7.26296232e-01
    1.73777703e+00  -9.44826821e-02  -9.96322395e-01  -2.08782398e-01
   -2.60705438e-01   4.47370352e-01  -4.42426400e+00   1.58322408e-01
    2.23718954e-01  -1.91719806e+00  -5.74825516e-01   2.26785568e+00
   -2.54873898e+00  -5.77058808e-01  -2.30555441e+00  -2.12150244e-01
   -2.74859970e+00  -5.14261289e-02  -3.08711691e+00   2.91063599e-01
   -3.47824526e-01   3.44486601e+00   3.44802983e-01   7.25816036e-01
   -1.46114403e+00   7.66301806e-01   1.16361136e+00  -7.63554392e-02
   -1.18552733e+00 
   -2.15038883e+00   2.51498002e+00   1.19875981e+00   1.51812101e+00
   -2.09056645e+00  -2.20529487e-01   1.24084044e+00  -2.39211329e+00
    2.39158552e+00   3.38981984e-01   7.31256621e-01  -1.64507835e+00
    1.06921042e+00  -1.67732390e+00   1.86723221e+00   1.24088651e+00
   -7.12778367e-01  -2.59054319e+00  -3.71570586e-01   5.40557830e-01
   -1.54374321e+00  -1.83431170e+00   2.17314979e+00  -1.21206814e+00
   -1.99626254e+00  -3.39510271e-01  -5.26127830e-03   3.58391905e-01
   -1.41146576e+00  -6.32578082e-02   1.54384464e+00  -1.95301577e+00
   -5.71968725e-01 
    1.17386465e+00  -1.00634138e+00  -9.90479189e-01  -1.56164032e+00
   -1.29834385e-01   9.80778047e-02  -1.03270499e+00  -2.57129622e+00
   -2.65507071e+00  -2.63512228e+00  -1.90522858e+00   2.01487616e+00
   -2.58162748e+00  -1.45299679e+00   2.57896788e-01   1.62139217e-01
    5.62309848e-01  -9.68799493e-02  -2.27946005e+00   1.67558756e+00
    1.35909170e+00   1.27204623e+00   5.38162081e-01  -2.57120541e+00
    2.69689402e+00  -9.71198904e-01   2.08322648e+00   5.91934460e-01
    2.69009838e+00   4.76013235e-01   1.38001794e-03  -2.01807859e+00
   -4.91137655e-01 
   -2.72123717e-02  -2.95767066e+00   4.90792771e-01   9.92595017e-01
   -6.22857724e-01   1.41853536e+00  -1.18339367e+00  -2.28104001e+00
   -1.85425979e+00  -1.66668982e-01   1.21661293e+00  -3.80109786e-02
   -2.63091636e+00   1.91158033e+00  -3.45004852e-01   2.65272767e-01
    4.01218052e-01  -1.36763424e+00   1.11499870e+00   1.61430176e+00
   -7.76822261e-01  -1.35279988e+00  -1.37257487e+00  -2.89003057e+00
   -1.62849895e+00  -1.69178849e+00   3.64829351e+00   1.04549116e+00
   -1.22150064e+00  -3.20727216e-01   1.61116000e+00   2.65420393e+00
   -5.36916081e-01 
   -1.14892028e+00   4.63294048e+00  -1.39757583e+00  -2.60162660e+00
   -2.16821318e+00  -1.23440699e+00  -1.16206459e+00  -7.83800951e-02
    1.08093625e+00  -2.40049923e+00  -2.72076573e+00   3.92899987e-01
   -6.33785751e-01   1.33780513e+00  -3.19058979e-01   1.63627110e+00
   -6.50223645e-01  -5.60676086e-01  -4.79027237e-02  -9.02749162e-01
    7.74259581e-01   1.84075496e+00  -6.69931153e-01   9.84974213e-01
    4.50695971e-01  -1.65603985e+00  -1.48278503e+00  -2.44225194e-02
    1.16025072e+00  -9.31912136e-01   1.82132090e+00   1.25614333e+00
   -6.65395111e-01 
   -4.29331053e-01  -1.01724479e+00  -2.54122342e+00  -2.11768445e+00
   -2.15696158e+00   9.58753675e-01  -7.66923531e-02  -1.91825155e-01
   -7.08633328e-01   3.64478880e+00   1.17464195e-01   2.19032791e+00
   -9.81504125e-01   3.79901537e-01  -5.72163860e-01  -1.35072043e+00
   -1.37240260e-01  -1.12885205e+00  -4.56892294e-01  -1.52095170e+00
    2.86958645e-01  -3.63221943e-01  -9.07408962e-01  -7.25568406e-01
   -1.26059830e-01  -2.40744224e-01  -1.94008936e+00   4.83390753e-01
    1.57482122e+00  -1.25278883e+00   2.06470366e+00  -4.48812120e-01
   -2.46200354e-01 
   -2.48755327e-01  -8.02578988e-01   4.98565169e-01   1.97406666e+00
   -2.40106149e+00   1.34187096e+00  -2.48064460e-01   1.11873358e+00
    9.65108162e-01  -7.59059935e-01  -9.35991868e-01   9.81735238e-02
   -1.72154519e+00  -7.48128590e-01  -2.72544697e+00   2.17888500e+00
   -3.08496533e+00   4.64267943e-01   1.02013837e+00  -8.45601840e-01
    8.52012107e-01  -5.88360800e-01   1.46762904e+00   3.61642107e-01
    2.49042031e-01  -2.10498544e+00   9.38452329e-01  -1.36708761e+00
   -1.35286109e-02  -1.17257391e+00  -9.35802193e-01   7.45803624e-01
   -5.78341681e-01 
   -5.78484476e-01   2.26184468e+00   3.33484256e-01  -1.10858933e+00
   -9.71786201e-01  -2.14573832e-01   9.75797303e-01   1.59566307e+00
   -1.09584734e+00   2.44368945e-01  -1.02407406e+00  -6.33208320e-01
    2.43690276e-01   3.70769732e-01   2.01768917e+00  -1.20120852e+00
    4.85318552e-01   2.60030063e-01  -1.42039954e+00   4.36442232e-01
   -8.06876475e-01   9.94425561e-01  -3.77914683e-01  -3.73154095e-01
    9.90046354e-01  -1.24433883e+00  -3.67580643e-01  -3.97473008e-01
   -2.63388212e+00  -1.48516228e-01  -1.92846100e+00  -2.95833017e+00
   -9.60916502e-01 
   -1.64315490e-01  -1.79546775e+00  -2.40185324e+00   2.05861635e+00
    1.39395246e+00   9.01412865e-01  -4.13118999e-01  -5.02428177e-01
    2.11539468e+00   1.27546233e+00   1.76046439e-01   5.28496929e-01
   -4.83141002e-02   2.72737920e-01  -1.06532999e+00  -5.90275130e-01
   -2.48853516e-01  -1.90857471e+00  -9.35490228e-01   1.68264369e+00
   -4.46046560e-01   7.65012679e-01   4.49877547e-01  -1.57872915e+00
   -5.03587025e-01  -1.58928554e+00  -1.63535077e+00  -6.53136003e-01
    1.12917162e+00  -4.90529752e-01  -8.80027820e-01  -6.55354577e-01
   -1.86336030e-01  