NN 16 32 16   -2.63041516e+00  -4.21781048e-01  -6.59529228e-01   7.29283661e-01
    9.62754894e-01  -4.55835941e-01  -7.35668695e-01  -8.93518442e-01
    1.56605729e+00  -1.15447835e+00   1.15064045e-02   7.99248517e-01
    5.72525377e-01  -1.62553089e-01   5.36076610e-02  -2.52846652e-01
   -6.70382227e-01 
    2.71684352e-01  -9.12386072e-02  -4.26051017e-01  -7.58511073e-01
    7.92539556e-01  -1.43827801e-01  -2.01367047e-02   5.35507291e-01
   -1.59289323e+00   5.37646400e-01   1.45439742e+00  -2.65195265e+00
    3.05982717e-01   6.08407952e-01  -1.10278676e+00   8.20266519e-01
    4.48893045e-01 
   -1.56096851e-01   1.48141955e-01  -1.94752971e+00   1.06529726e+00
    1.72413691e+00  -1.08338627e+00  -5.30445242e-01  -1.10685835e+00
   -8.75069303e-01   3.32323367e-01   2.29091199e-01   7.08554208e-02
    1.53107855e+00  -8.31082711e-01   3.23424473e-02   1.02599016e+00
    2.75132849e-01 
    1.29503705e+00  -7.35347674e-01  -5.57011795e-01   6.02607510e-01
   -3.45982690e-01  -8.28832149e-01   9.25077972e-01  -3.86120551e-02
   -1.06952126e+00   7.95640539e-01  -9.60206876e-01   1.34504362e+00
    1.26726328e+00  -1.54529681e+00   7.68638531e-01  -1.19154082e+00
   -4.28954898e-01 
   -2.76108542e-01  -1.07064562e+00   1.21285953e+00  -8.66473781e-01
   -4.61003625e-01  -7.08811924e-01  -1.34374030e-01  -1.31423110e+00
    1.32536833e+00   9.07572589e-02  -2.82170036e-01   1.45416440e+00
    1.33834206e+00   1.51934913e+00   2.68522038e-01  -1.10980759e+00
   -6.67155543e-01 
   -1.82576134e-01   6.68444257e-01   7.73224901e-01  -8.10182459e-01
    1.08312109e-01   9.62230972e-01   8.74738306e-01   1.33132097e-01
   -6.51825400e-03  -3.07557349e-01  -8.00279221e-01   6.91127305e-01
   -6.02483607e-01  -1.02143213e+00  -1.26377843e-01  -1.04943389e-01
   -1.96495716e-01 
    2.81589493e-01   1.14928021e+00   1.15475669e+00  -1.24418911e+00
   -2.86728497e-01  -1.00953189e-01  -1.46844695e+00   8.59719342e-01
   -4.72861060e-01   3.68852673e-01   5.91430156e-01   5.26141229e-01
   -3.36614160e-01  -2.52689948e-01  -9.43147193e-01   6.01935174e-01
   -5.29082311e-01 
    3.27963370e-01  -1.18005324e+00   7.54961447e-01  -3.81391735e-01
    7.44848265e-01   2.69037788e+00  -1.36517024e+00  -1.69088707e-01
    1.68197222e+00   1.93793768e+00   8.62183486e-01  -9.48111673e-01
   -5.93422024e-01  -1.67680737e+00  -9.98036993e-01  -7.80570352e-02
   -7.41458941e-01 
    1.99289078e-01   1.87572185e+00  -1.06569703e+00  -2.89713916e-01
    7.19934743e-01  -9.21785436e-01  -3.67092418e-01  -1.88722508e-01
   -1.33550896e+00   1.93116499e+00   1.00347254e+00  -8.14424066e-01
    2.52285538e-01  -1.29609744e+00   6.38113027e-01  -8.33101154e-01
   -1.53515537e-01 
   -1.30986899e+00   2.85649636e-01  -9.00773981e-01   8.75726886e-01
    1.62789580e+00  -6.00089940e-01   1.16342179e+00  -6.14396428e-01
   -6.79345879e-01   1.23825719e+00   2.73067263e-01   1.42999300e+00
   -2.01451500e+00   1.65670803e-01  -5.49361504e-02  -1.04396166e+00
   -1.93682125e-02 
   -5.36303079e-01   8.15522772e-01  -9.55694254e-02  -2.29269628e+00
   -1.85612302e+00  -7.96275986e-01   2.75095787e-01   2.84740153e+00
   -4.42371837e-01   9.25353174e-01  -9.35491078e-01   1.63511169e+00
   -5.39482462e-01   3.51954028e-02   1.72758906e-01   3.27094553e-02
   -5.90408976e-01 
    1.83242925e+00  -1.13454592e+00   6.58222470e-01   1.58698331e+00
    1.06618913e+00  -2.78601161e-02  -1.26525847e+00   3.15649421e-01
    5.82365850e-01  -5.22196988e-01  -4.13453710e-01  -3.79546284e-01
   -2.04493313e+00   2.02974066e-01   5.60833636e-01  -3.77815407e-01
    3.33075091e-02 
    1.81144773e-01  -1.42298744e+00   7.67983013e-01  -2.43623302e-01
    3.91831796e-01  -1.99632427e-01  -2.61344565e+00   3.01895050e-01
   -1.43731017e+00   9.02208134e-01   2.20106512e+00   2.92908390e-01
   -3.01350159e-01   8.95068921e-01  -5.24013063e-01  -3.67689906e-01
   -8.95785258e-01 
   -8.21881311e-02  -2.29518868e-01  -8.00980601e-01   3.64325958e-01
    1.73438364e+00  -1.56259792e+00   7.83214283e-01   3.42204041e-01
    7.72907270e-01   1.21650247e+00  -1.83665846e+00  -1.57443416e+00
   -4.07876325e-01   4.96167905e-01  -2.71484942e-01  -2.00284645e-01
   -9.59681816e-02 
    6.00331904e-01  -1.89519730e+00   2.59195157e-01   2.13502208e+00
   -1.78461921e+00   9.04147048e-01   1.93330127e-01  -4.26935325e-01
   -1.49110189e+00   8.87143816e-02  -1.38368348e-01  -5.99708670e-01
    6.00972431e-01   1.92892956e+00  -1.19778372e+00   3.93272369e-02
    6.29186566e-01 
    1.15780764e+00  -9.28977933e-01   7.78791444e-02   1.08430917e-01
   -9.16782304e-02   4.86159674e-01   2.42973025e+00  -2.38211445e+00
   -1.35105113e+00  -4.10498773e-01  -3.25620792e-01  -7.42738869e-01
    1.33629621e+00  -1.44198804e+00   4.53433719e-01  -9.91799084e-02
    3.30167062e-01 
    1.20266953e+00   6.10675556e-01  -2.29631604e+00  -3.01636541e+00
    2.78393718e-01   1.58434398e-01   8.90785923e-01   1.55837300e+00
    6.31333225e-01  -4.38841559e-01  -1.01608746e+00  -4.61243108e-01
   -2.99751870e-01   1.83672461e+00  -5.03613960e-01   5.71433870e-01
   -1.93931732e-03 
   -1.08859430e+00   1.98046100e-01   3.49551314e-03   1.35593381e-01
    7.95226342e-01  -7.23233326e-01  -3.53043116e-01   1.39517885e-01
    1.27744290e+00  -5.33416631e-01   6.98946331e-01  -2.00412379e-01
    5.53716205e-01  -6.02584156e-01  -2.99993146e-01   6.13276338e-01
   -4.49509062e-01 
    7.82515487e-02  -1.50701127e+00   1.15911061e+00  -5.25718875e-01
   -1.96015137e+00   4.85832202e-01   2.64139811e-01   1.26120754e+00
    5.49597479e-01   1.54562920e+00  -1.68756259e+00  -5.98263202e-01
    2.88101151e-01  -9.86834562e-01   4.80599388e-01   4.36533481e-01
    9.96627619e-02 
   -1.01290839e+00   6.01610903e-01  -9.36964633e-01   1.37933978e+00
   -6.53503264e-01   1.79894485e+00  -1.67288625e-02  -8.54395230e-01
   -4.52833141e-01  -1.60218404e+00  -6.08110979e-01   2.90429149e-01
    1.29079602e+00   5.29125020e-01  -1.91740378e-01  -1.17057586e+00
    3.52004543e-01 
    1.63660784e-01   2.09986985e+00   9.02417202e-01   1.37327029e-01
   -5.19821258e-01  -3.32365657e+00   7.68955380e-01   2.50662557e+00
    1.18732146e+00  -1.36143597e+00   5.42109623e-01  -8.05591134e-01
   -6.91398117e-01  -3.34656039e-01   3.64203291e-01   1.62933393e-02
   -1.76534891e-01 
   -2.29511344e+00   5.23729231e-01   1.27829262e+00  -6.06828065e-01
    1.15680437e+00  -7.80052148e-01  -2.50195359e-01  -5.36702081e-01
    1.49555928e+00  -1.11384899e+00   1.28880623e-01  -1.54633150e+00
    4.09975170e-01   5.77040120e-01  -8.97125509e-01  -1.78838812e-01
    5.11217879e-01 
   -5.84450017e-01  -6.03957457e-01   8.24326573e-01  -1.11345410e+00
    1.78221633e+00  -1.17983727e+00   1.43477707e-01   1.71157725e+00
   -1.71281492e+00  -7.45722238e-01   8.76615535e-01   3.81164739e-01
    5.69817333e-01  -6.32970964e-01  -3.11606454e-01  -3.67468727e-01
   -3.64529725e-01 
   -1.39442217e+00  -7.94767730e-02  -1.24149454e+00   1.87928240e+00
   -1.01773013e+00   7.89961990e-01   9.08555091e-02  -8.07234647e-01
    1.38792739e+00   1.56223682e+00   1.18576663e+00  -1.39599982e+00
    6.12843866e-01  -1.04060619e+00   3.46617466e-01  -1.81541089e-01
   -4.69918721e-01 
    1.47555405e+00   1.17280055e+00  -1.31466714e+00  -3.58063660e-01
   -2.43535403e+00  -4.70137837e-01   8.13985859e-01   2.56957193e-01
    9.86741128e-01  -2.23700914e+00   1.95817165e+00  -1.72515633e-01
   -7.54238904e-02  -1.55367092e-01  -5.00648015e-01  -8.33245505e-02
   -2.02888314e-01 
    1.09049650e+00  -1.76741435e-01  -1.29223588e+00  -3.93172548e-01
   -1.11445045e+00  -4.93614456e-01   1.73078027e+00  -2.52098106e+00
   -4.43988203e-02  -5.07127311e-01   7.65979664e-01   1.16709609e+00
   -8.00732172e-02   1.00148188e+00   8.12112705e-01   2.57941049e-01
   -6.47381527e-01 
   -8.04528976e-01  -7.31541157e-01   1.59643015e+00  -2.49664027e-01
    1.10844466e+00   1.15081870e+00  -1.84636033e+00  -6.18828625e-01
    2.41816578e-01  -6.63222911e-01  -2.29484104e+00   5.30961333e-01
    1.25940036e+00  -8.31678834e-01   1.65447264e-01   1.62576788e+00
   -1.86624867e-01 
   -6.23521072e-01   2.07025610e+00   1.12836105e+00   1.80488557e-01
   -5.23254797e-01   1.84308297e+00  -4.65923983e-01  -2.78090649e-01
   -9.18815291e-01  -8.45708114e-01  -5.12650756e-01  -4.05987333e-01
   -8.12574418e-01   5.54528244e-01  -6.74793248e-02   4.10044106e-01
   -3.72421500e-01 
   -2.65268136e-01  -1.37919471e+00  -6.35166278e-01   2.84687308e-01
    6.53954631e-01   2.14844785e+00  -5.72285341e-01   6.42902890e-01
    4.69187928e-01  -1.52087269e+00   9.09147673e-01  -1.76261533e-01
   -1.17330843e+00   4.87817564e-02   1.39512336e+00  -1.06710156e+00
    1.68580869e-01 
   -1.20111180e-01   1.34865019e+00   5.27947608e-01  -4.85834675e-01
    3.81428974e-01  -9.15867119e-01  -2.04144153e+00  -1.46572140e+00
    2.38796724e-01  -3.65181272e-01   1.77901237e-01   5.75253302e-01
    5.71016295e-01   3.71616907e-01  -9.42292387e-02   7.43214460e-01
    1.93496878e-01 
   -1.24190901e+00   4.33331443e-02   2.30592637e+00   1.13860871e+00
    8.18234288e-01   3.27773394e-01  -1.10026988e+00  -9.72531716e-01
   -3.19965333e-01   5.74599724e-01  -1.25823323e+00  -9.91286927e-01
   -1.13672877e+00   9.06217647e-01   8.22918032e-01   5.97320153e-01
    2.47390825e-01 
    1.22452837e+00   9.13226984e-01  -7.42112697e-01  -2.71793725e-01
   -6.18886949e-01  -8.56217467e-02  -8.16344640e-01  -2.02532926e-01
    1.31748259e+00   1.03969028e+00  -1.44562716e+00  -1.08657149e+00
   -1.87571261e-01  -1.10714460e+00   1.86841975e+00   3.28213556e-01
   -3.43579146e-01      2.52806654e+00  -5.22465381e-01  -1.32362298e-01  -1.68796075e+00
   -2.84609350e-01   3.82721822e-01  -2.81867728e-01  -7.68586667e-01
    5.10416532e-01   1.20562095e+00   5.33119682e-01  -2.37045205e+00
   -8.97796437e-01   1.76814506e-01   3.79918787e-01  -1.37952932e+00
   -5.96838363e-01   3.93611930e-01  -7.75937958e-02   8.87326958e-01
   -4.75243293e-01   2.42496404e+00   4.47121856e-01   1.81985327e+00
   -2.40576754e+00  -9.98695610e-01   6.16137928e-01  -8.68834343e-02
   -3.49154467e-01  -1.95348440e-01   8.95561239e-01  -1.64485181e+00
   -2.51528476e-01 
    4.86983933e-01   1.49270160e-01  -4.03484515e-01   4.71552735e-01
    8.78162243e-01  -2.78976419e-01  -1.29370775e+00   9.50763499e-01
   -2.08128209e+00  -5.72092643e-01  -8.40551466e-01   3.78460928e-01
    1.66222528e+00   3.55586081e-01   1.91092996e+00   5.40458812e-01
   -1.53293327e-01  -6.30722330e-01   1.94445119e+00  -1.56578136e+00
   -1.77842928e+00   2.72730056e-01   4.44786513e-02   3.35875447e-01
   -1.68015104e+00   2.95272520e-02   9.51685072e-01  -3.03330294e+00
    1.18137224e+00  -1.43650195e+00   6.24189248e-02  -1.09384364e+00
    4.69862112e-02 
    8.71808483e-01   3.46589863e-01   2.33103210e+00   4.57602699e-01
   -1.91654440e+00  -6.04673595e-01  -1.12998061e+00  -9.53185291e-01
    1.46968949e+00   1.26191462e+00   1.67759242e-01  -4.52039720e-01
   -1.31839928e+00   4.70890501e-01  -7.56676224e-02  -1.08946451e+00
    2.25365427e+00  -3.59846471e-01  -1.17038895e+00   1.04209770e+00
   -1.34042269e+00  -1.78547287e+00  -7.88680143e-01   1.13107926e+00
    1.17613399e+00   1.33677491e+00  -1.85126108e+00  -8.48787177e-01
    1.44645811e+00  -5.75076974e-01  -2.68368014e+00   6.77125852e-01
   -4.20065915e-01 
   -7.70867554e-01   7.96906450e-01  -1.20987474e+00  -8.83983837e-01
    1.27119957e+00   1.16767379e+00   1.20315535e+00   2.81700087e-01
    1.95872537e-01  -8.10415102e-01   2.04357449e+00  -2.24436901e+00
    6.47894769e-01  -8.18526418e-01  -2.89254733e+00   7.03125607e-03
    3.51523158e+00  -3.37913496e-01   1.17594327e+00  -1.64487574e+00
   -1.16494999e+00   7.89633354e-01   8.50616878e-01  -2.38267681e+00
    9.13936819e-02   3.69287086e-01   4.86488275e-01  -5.91795433e-04
   -2.88574895e-01   3.46234992e-01  -1.65240016e+00  -1.41789124e-01
   -4.26791089e-02 
   -9.94165827e-01  -9.06020869e-01  -1.64091505e+00   2.81019289e-01
    2.94457498e-01  -1.20040291e-01   4.78329203e-01  -8.96647576e-01
   -4.76394627e-01  -2.41049975e+00   1.35972211e+00  -3.17646979e-01
   -3.89745769e-01  -2.27768339e+00   2.35896725e+00  -6.51744309e-01
    8.22503411e-02  -1.39446705e+00   2.60435688e+00   1.42289462e-01
    1.61927932e+00  -1.09816876e+00  -2.45516485e+00   1.94501995e+00
    1.68902167e+00   1.53682462e+00  -1.40125303e+00  -4.45321621e-01
   -1.17357533e+00  -6.11799033e-01  -7.92259493e-01   8.03279360e-01
   -1.92465999e-03 
    7.27445784e-02   1.41203115e-03   6.01493717e-01   9.30684165e-01
    8.26776432e-01  -5.03260472e-01  -2.02641631e-01  -3.21693266e+00
    7.74075469e-01   9.58023047e-03   1.17558046e-01  -2.27488930e-01
   -3.94051044e-01   1.77625262e+00  -1.05736892e+00  -1.63673784e+00
   -7.17976288e-01   2.71768106e-01  -4.38572528e-01  -2.53194344e+00
    4.09950809e+00   5.09416971e-01   7.79834092e-01  -4.77168849e-02
   -2.33110772e-01   3.72152416e-01  -1.52108389e+00  -1.37873737e+00
   -2.91397639e+00   6.57620004e-01  -4.58413828e-01  -8.20476771e-02
    7.66789202e-02 
    4.50625128e-01  -2.97711106e-01   6.34460340e-01  -1.35315595e+00
   -5.88407767e-01  -9.92284738e-01   1.34550330e+00   8.02059317e-01
   -1.00804817e-01  -2.24355329e+00  -4.62131233e-01   1.65164684e+00
    3.18433311e+00  -1.20834994e+00  -8.67008980e-01  -3.47186791e+00
   -1.01169557e+00   1.25245752e-01  -5.75148017e-01   4.54079771e-01
   -8.41853030e-01  -7.56790336e-02  -4.89169310e-01  -4.67048149e-01
   -1.75295372e+00  -1.55660411e+00   1.00742731e+00   4.34385381e-01
   -2.38016826e-01   2.51287339e+00   2.49636382e-01   6.18276883e-01
   -2.93964417e-01 
    4.57429262e-02  -7.84765707e-01   1.81682848e+00  -5.46455685e-01
    1.11613070e+00   1.06327022e-02  -8.45957410e-01   3.50562510e-01
    2.29393343e-01   2.90740961e-01  -3.63970152e+00  -2.72101027e-01
   -4.29215674e-01  -6.99137736e-01  -4.44789774e-01   1.98528770e+00
   -1.74495863e+00  -6.42590991e-01  -2.16536171e+00   5.11738201e-02
   -2.40670542e+00  -8.12386879e-02  -2.43116008e+00   1.97953236e-01
   -2.38451309e-01   2.43731729e+00   6.70836876e-01   6.18499293e-01
   -1.60014532e+00   1.34856567e+00   6.04854836e-01  -3.56130511e-01
   -3.83957895e-01 
   -1.42348549e+00   1.80862405e+00   8.27244944e-01   7.96165502e-01
   -1.72662268e+00  -1.60279426e-01   9.77966697e-01  -1.96875984e+00
    1.51860537e+00   4.03452028e-02   2.17805358e-01  -1.26901879e+00
    9.46852493e-01  -1.33601376e+00   1.82664914e+00   1.42944139e+00
   -1.03550209e+00  -1.58363522e+00  -4.68905749e-01   4.37394485e-01
   -1.30301346e+00  -1.30491816e+00   1.80414603e+00  -1.68558624e+00
   -1.07767707e+00  -6.94644207e-01  -2.96166555e-02   7.96485070e-01
   -9.01991957e-01  -2.26919121e-01   1.05538276e+00  -1.44692957e+00
   -5.26516238e-01 
    6.63987390e-01  -5.00164216e-01  -4.55712024e-01  -9.52143822e-01
   -1.83099613e-01  -8.90846293e-03  -7.29927630e-01  -2.16471163e+00
   -1.99448440e+00  -1.78557325e+00  -1.61674287e+00   1.12812053e+00
   -1.71149169e+00  -1.34360713e+00   1.19615885e-02  -7.10481712e-02
    7.29024604e-01   7.23549292e-02  -1.83611495e+00   1.77473088e+00
    9.85285181e-01   1.08795959e+00   8.57828780e-01  -2.26953089e+00
    2.43409503e+00  -1.29619861e-01   1.10865463e+00  -7.13694835e-02
    1.78634618e+00   1.73937578e-01   9.49893624e-03  -1.29506970e+00
    6.13154744e-02 
   -6.46639936e-01  -1.77844050e+00   1.40103770e-01   5.89385996e-01
   -5.68356450e-01   6.49094180e-01  -8.33971508e-01  -2.11352461e+00
   -9.83632446e-01  -1.47223688e-01   8.99841088e-01   7.05826875e-01
   -2.47832709e+00   1.75882304e+00  -3.47886560e-01   1.69589248e-01
    8.54323071e-01  -1.00045427e+00   6.30331006e-01   1.27924107e+00
   -5.06587700e-01  -8.26506770e-01  -1.07259752e+00  -2.16615587e+00
   -1.74329042e+00  -1.52182996e+00   2.57497653e+00   6.09261644e-01
   -9.08507804e-01  -5.29472238e-01   1.08087992e+00   1.94574011e+00
   -2.01734171e-01 
   -1.40872211e+00   3.13146866e+00  -8.05291085e-01  -2.24852486e+00
   -1.70234348e+00  -6.94914930e-01  -8.89771240e-01   4.17537584e-01
    9.48457062e-01  -1.82429394e+00  -2.16573484e+00  -5.58697812e-02
   -9.26220807e-01   1.42212408e+00   3.27861575e-01   1.21713951e+00
   -6.79145636e-01  -3.88860433e-01  -5.60924591e-02  -5.58327390e-01
    8.24870866e-01   1.77921876e+00  -3.80252792e-01   6.82686075e-01
    9.58176887e-01  -1.84421904e+00  -1.06084994e+00   1.08424384e-01
    5.09597899e-01  -6.05282098e-01   8.18024824e-01   9.50739515e-01
   -3.17109337e-01 
   -4.85749558e-01  -5.57110293e-01  -2.29022155e+00  -1.68608454e+00
   -1.72219481e+00   6.63319926e-01   2.90155807e-01  -2.17431726e-01
   -2.97940088e-01   2.23884661e+00  -5.20654438e-02   1.76231843e+00
   -1.07382224e+00  -8.28273332e-03  -1.96333908e-01  -1.18120888e+00
   -6.32906598e-02  -9.21018618e-01  -1.72924702e-01  -1.01849408e+00
    5.87989911e-01  -4.09227691e-01  -7.08272998e-01  -6.44735421e-01
    9.28776948e-02  -3.83765947e-01  -1.35597783e+00   3.68544730e-01
    1.19728293e+00  -1.00535870e+00   1.45712889e+00  -3.97459197e-01
   -1.70944197e-01 
   -3.12791140e-01  -6.16509761e-01   5.97705508e-01   1.47813260e+00
   -1.85549699e+00   9.14446876e-01  -2.15210856e-01   5.94449493e-01
    8.00718794e-01  -5.49583502e-01  -8.62310792e-01   4.55357582e-02
   -1.46858999e+00  -4.23331867e-01  -2.06140545e+00   1.51705522e+00
   -2.24370411e+00   1.64549313e-01   7.17135905e-01  -5.98854420e-01
    5.33709528e-01  -6.19089285e-01   1.05720242e+00   1.91670367e-01
    3.51000994e-01  -1.76038043e+00   8.00705920e-01  -1.07939997e+00
    2.71162430e-01  -7.46167259e-01  -6.47864839e-01   5.66042858e-01
   -2.88538811e-01 
   -6.76584983e-01   1.36096618e+00   5.90649911e-02  -9.15538405e-01
   -9.59562196e-01  -2.09047356e-01   7.15049364e-01   9.21854661e-01
   -4.24902588e-01  -6.79211976e-02  -5.99002364e-01  -5.87305110e-01
    2.29193740e-01   3.42362932e-01   1.07864239e+00  -9.25200233e-01
    4.69276789e-01   1.33563117e-01  -7.39654902e-01   3.49225503e-01
   -3.11192135e-01   6.62225939e-01  -9.68134217e-02  -1.77621876e-01
    8.18276985e-01  -1.16988515e+00  -4.71388022e-01  -1.71257882e-01
   -1.05955145e+00  -3.24973563e-02  -1.30107229e+00  -1.83631658e+00
   -7.10578200e-01 
   -3.81978064e-01  -1.05742691e+00  -1.45790317e+00   8.59291789e-01
    8.39556976e-01   6.41484943e-01  -3.95974215e-01  -3.44547280e-01
    8.34638106e-01   8.76636334e-01  -1.45907392e-01   7.35157541e-02
   -4.41317640e-01   1.50637728e-01  -6.31153906e-01   1.69362495e-01
   -1.41685163e-01  -1.12122845e+00  -5.26991326e-01   1.08091770e+00
   -8.05630940e-01   2.70619239e-01   1.10736415e-02  -1.09098120e+00
   -4.96437825e-01  -1.15655239e+00  -1.02644648e+00  -2.42855454e-01
    7.23804296e-01  -4.25767465e-01  -5.94262441e-01  -3.49773801e-01
   -1.13359992e-01  