NN 16 32 16   -4.17236241e+00  -1.12685247e+00   5.56728130e-02   5.28251315e-01
    2.61770342e+00  -9.65570442e-01  -2.25134128e+00  -2.18369680e+00
    3.54965134e+00  -1.22944474e+00  -2.71471851e-01   2.02447694e-01
    9.25146231e-01  -2.19248446e-01   2.96541531e-01  -6.45181676e-01
   -9.24581303e-01 
    7.62532033e-01  -7.00583346e-01  -3.56577686e-01   3.68947835e-02
    8.88837879e-01  -1.77452431e-01   3.76749328e-01   3.18289261e-01
   -2.86834259e+00   7.19546081e-01   2.30227068e+00  -4.17909537e+00
    8.72152173e-01   7.07981136e-01  -2.36028160e+00   1.37659873e+00
    6.45423294e-01 
   -1.14575006e+00   2.29777181e-01  -2.52448979e+00   8.32108912e-01
    3.03111674e+00  -1.86342068e+00  -7.97284386e-01  -8.94197906e-01
   -9.10207449e-01   8.20526817e-01  -5.00859905e-01   2.22023985e-01
    1.51502575e+00  -6.19618913e-01  -2.19662046e-01   2.19859525e+00
    2.37243516e-01 
    1.78915633e+00  -9.65158435e-01  -1.38078934e+00   9.94848254e-01
    1.95563540e-01  -1.07048456e+00   8.18302345e-01  -5.32539909e-01
   -1.75221254e+00   7.67044193e-01  -1.62770580e+00   1.74252912e+00
    1.73391807e+00  -1.75735847e+00   1.21477489e+00  -2.07797710e+00
   -2.30973941e-01 
   -1.25334461e-01  -1.82338875e+00   1.48263821e+00  -1.32494770e+00
   -4.44598746e-02  -7.78152112e-01  -2.07466625e-01  -2.14463742e+00
    1.23691684e+00  -5.51658528e-01   1.28103835e-01   2.12169138e+00
    1.55182548e+00   2.27130288e+00  -2.17527381e-01  -1.51938238e+00
   -7.21708776e-01 
   -4.63809011e-01   1.29501420e+00   2.01719257e+00  -1.26120168e+00
    7.68126198e-01   1.19180972e+00   2.13407525e+00  -4.73252332e-01
   -3.60272068e-02  -2.18777033e-01  -2.16735700e+00   5.21359487e-01
   -8.44311704e-01  -1.46794933e+00  -4.66508521e-01   4.49441636e-03
    1.26248561e-01 
    1.01243012e+00   1.69334688e+00   1.67825570e+00  -2.04916297e+00
   -1.57465145e-01   2.70798222e-01  -2.09451318e+00   1.55092021e+00
   -5.45206562e-01   5.33962436e-01   9.04746306e-01   1.65295609e-01
   -1.44321766e-01  -4.82626563e-01  -1.46798610e+00   8.10439388e-01
   -7.57649038e-01 
    7.98286679e-01  -1.34193493e+00   1.48883383e+00  -4.99046948e-01
    4.59894433e-01   4.34348610e+00  -2.24335452e+00  -2.25169873e-01
    2.64499681e+00   2.50814346e+00   3.09712563e-01  -3.39899427e-01
   -6.08593835e-01  -2.80729754e+00  -1.45755346e+00  -1.24067185e-01
   -6.72599254e-01 
    6.03550327e-02   2.76317628e+00  -7.36972852e-01  -1.17868794e+00
    6.87791211e-01  -1.28769960e+00  -1.32548881e+00  -2.47873171e-01
   -1.77144824e+00   2.42945318e+00   1.41464729e+00  -1.22500278e+00
    9.43640323e-01  -1.96275683e+00   1.44956646e+00  -1.79845411e+00
   -1.95986031e-01 
   -1.28271922e+00  -3.46629730e-01  -7.53836050e-01   1.14336531e+00
    1.80483203e+00  -7.55353469e-01   1.34932351e+00  -6.83264708e-01
   -1.15618698e+00   8.18514241e-01   9.12056077e-01   2.26227088e+00
   -2.93538290e+00   4.70100750e-01  -8.04844058e-01  -1.33105004e+00
    4.22811032e-01 
   -8.12488787e-01   7.70712210e-01   1.17528152e-01  -2.83605418e+00
   -2.49802726e+00  -1.41953461e+00   2.04662761e-01   4.42635569e+00
   -1.36153916e+00   5.74412837e-01  -2.80989165e-01   3.29676162e+00
   -1.09612294e+00  -3.46039116e-01  -1.92691901e-02   1.35569201e-01
   -5.35234550e-01 
    3.24598824e+00  -7.29449697e-01   2.65173398e-01   2.06217835e+00
    1.67392199e+00  -7.18285972e-01  -1.24776770e+00   6.98633343e-01
    4.03841663e-01  -1.19063312e+00   6.13208380e-01  -4.99994975e-01
   -3.07843137e+00   5.67967424e-01   1.22511965e+00  -1.05046163e+00
   -2.28508037e-01 
   -1.78602444e-01  -2.55758509e+00   1.76050122e+00  -4.61490020e-02
   -1.04180605e-01   3.88784233e-01  -3.38649530e+00  -4.41056144e-01
   -1.90451229e+00   1.20293405e+00   3.16732578e+00   7.58490980e-02
   -4.32667846e-01   1.34216007e+00  -4.73036750e-01  -7.06070891e-01
   -1.27666096e+00 
   -6.32215869e-01   4.61516506e-01  -5.51442252e-01   8.13626003e-03
    2.38189978e+00  -2.15318567e+00   1.09449578e+00   1.16152092e+00
    1.08101736e+00   1.53593460e+00  -2.37772634e+00  -1.63532276e+00
   -1.19333951e+00   2.49481672e-01  -4.51452210e-01  -1.36569424e-01
   -1.72743359e-01 
    1.75310118e+00  -1.87792210e+00   7.55710312e-01   3.17571244e+00
   -2.34985777e+00   6.38870761e-01   5.02361288e-01  -9.28179587e-01
   -1.51293190e+00   4.65393657e-02  -5.30495465e-01  -2.99305266e-01
    7.57968314e-01   2.44339144e+00  -2.24746139e+00  -1.89528127e-01
    6.12352331e-01 
    1.67177669e+00  -1.32969526e+00  -3.39195508e-01   1.79264293e-01
   -2.53641121e-01  -2.40714561e-01   3.17769319e+00  -3.04743672e+00
   -1.08426947e+00  -1.13508725e+00  -5.04040923e-01  -9.12534986e-01
    1.14267268e+00  -2.07169054e+00   9.06462297e-01   6.39023903e-01
    5.23751648e-01 
    1.47702917e+00   9.75299328e-01  -2.99575403e+00  -4.54847960e+00
    1.21402015e+00   1.08902014e-01   6.59119908e-01   1.64116618e+00
    7.92798703e-01   4.02441165e-01  -7.53415526e-01  -1.26785671e+00
   -2.95875470e-01   1.65170949e+00  -4.94300575e-01   1.31381211e+00
    3.71369488e-01 
   -1.60355471e+00   5.42939487e-01  -2.47074959e-01   3.73418385e-01
    7.58084043e-01  -1.95288692e+00   3.68854412e-01   2.97893027e-01
    1.48459825e+00  -1.03525004e+00   1.39062244e+00   4.13833349e-01
    8.99059475e-01  -1.11066071e+00  -7.36320061e-01   1.27174899e+00
   -6.98674050e-01 
   -2.83373389e-01  -2.37350164e+00   2.15990274e+00   3.28032303e-02
   -2.52912439e+00   2.24190115e-01  -1.64861061e-01   1.68045087e+00
    1.54999198e-01   1.67213152e+00  -1.73666180e+00  -6.00986256e-01
    5.49844768e-01  -1.11209333e+00   6.14148435e-01   6.39126011e-01
    9.92729201e-02 
   -1.40376591e+00   5.19216936e-01  -8.95684398e-01   2.41659085e+00
   -8.42204159e-01   1.97097674e+00   1.17092818e+00  -1.71546310e+00
   -6.71767587e-02  -1.76906595e+00  -4.23660949e-01   6.97945255e-01
    1.76308906e+00  -1.64713512e-01  -3.13906111e-01  -2.48271132e+00
    3.37319164e-01 
   -2.77593163e-01   2.79490422e+00   1.08599659e+00  -5.25558253e-01
   -1.16846962e-01  -4.86643337e+00   1.17338196e+00   3.65195191e+00
    1.45819597e+00  -2.68522512e+00   7.11265186e-01   8.66405074e-02
   -3.95082838e-01  -8.34063195e-01   8.55652447e-01  -3.47316085e-01
   -2.61708611e-01 
   -2.76266907e+00   8.33223145e-01   2.09739097e+00  -4.48140160e-02
    1.70025027e+00  -1.09942304e+00  -1.63782899e+00  -2.27545024e-01
    2.23842344e+00  -1.20097765e+00   2.42579454e-01  -1.88735607e+00
    3.63417193e-01   4.45372321e-01  -1.27627092e+00  -5.41699369e-01
    5.85576386e-01 
   -3.05327257e-01  -6.40403057e-01   5.78933549e-01  -8.25326201e-01
    2.40417827e+00  -1.08523045e+00   1.50117024e-01   2.49770588e+00
   -2.71819816e+00  -9.34669187e-01   1.40867783e+00   9.73252852e-01
    3.15401917e-01  -8.55964596e-01  -5.19628364e-01  -1.27624714e+00
   -3.92910420e-01 
   -2.03768889e+00   1.38902876e-01  -1.37112071e+00   2.08244471e+00
   -9.77398009e-01   1.18823617e+00   8.92715734e-01  -7.67490967e-01
    9.91476865e-01   1.42451127e+00   1.89440227e+00  -1.67466197e+00
    9.06736810e-01  -1.42174978e+00   5.95431786e-01  -3.88828397e-01
   -6.69197367e-01 
    2.11131183e+00   1.77624509e+00  -2.37394935e+00  -1.21518432e+00
   -3.74205468e+00  -1.64990675e+00   8.22811159e-01   6.48527431e-01
    1.52295148e+00  -2.32863410e+00   1.82913925e+00  -2.27370307e-01
    7.50232598e-01  -4.05452115e-01  -8.01328333e-01   1.38914651e-01
   -1.66692047e-01 
    1.86763798e+00   4.03618041e-01  -2.24880014e+00   2.00429165e-01
   -1.08878370e+00  -5.72850122e-01   2.92291380e+00  -3.07630077e+00
   -1.81754730e-01  -2.09454054e-01   2.93499480e-01   9.00669066e-01
   -1.34617005e-01   1.40137351e+00   7.66283889e-01   1.37599841e+00
   -4.54688641e-01 
   -7.24114374e-01  -2.39427737e-01   2.07275208e+00  -2.91106649e-01
    1.92456431e+00   1.99385873e+00  -3.47684060e+00   3.25028287e-01
    3.45616710e-01  -9.08919764e-01  -3.46055648e+00   7.90965061e-02
    2.09998929e+00  -1.48792778e+00  -1.27018162e-01   3.32944025e+00
   -2.64274534e-01 
   -5.74025257e-01   3.10804478e+00   1.14692504e+00   2.12326990e-01
   -1.41492790e+00   1.79478053e+00  -8.33702874e-01   1.98557774e-01
   -9.01732166e-01  -2.45523889e+00  -1.45083189e-01   1.03031659e-02
   -9.48110206e-01   6.53488186e-01  -1.15883207e-01   7.77969793e-01
   -6.22290396e-01 
   -2.27967701e-01  -9.25135361e-01  -1.29308785e+00   1.01599539e-01
   -2.25225347e-01   2.66572065e+00  -6.09310301e-01   9.07547294e-01
    2.27713122e-01  -2.92379997e+00   1.17594764e+00  -2.58011389e-01
   -1.54413372e+00   3.28768377e-02   3.36310841e+00  -1.61093802e+00
    7.18161343e-01 
   -1.67198168e-01   2.67227717e+00   9.26387835e-02  -1.03252362e+00
    1.05446850e+00  -1.80365530e+00  -2.61485818e+00  -1.15466811e+00
   -6.20198892e-01  -1.02528347e+00  -2.40651633e-01   8.99867999e-01
    7.52796736e-01   4.96662456e-01   2.43511824e-01   9.80047432e-01
   -1.68401797e-01 
   -8.36151653e-01   8.62705503e-02   3.24309179e+00   1.58807675e+00
    8.24951233e-01   4.65790597e-01  -2.18952372e+00  -1.55645858e+00
   -8.55956441e-01   6.32793006e-01  -2.17268379e+00  -1.52730414e+00
   -1.92524142e+00   1.77378003e+00   1.82915354e+00   1.18458862e+00
    2.17063954e-01 
    1.58801699e+00   1.00679318e+00  -1.16778151e+00  -2.24021405e-01
   -9.47474489e-01  -1.46701793e-01  -4.90947618e-01  -5.70322136e-01
    1.84217022e+00   1.76595598e+00  -2.47686626e+00  -2.16153758e+00
   -5.17029091e-01  -1.87707172e+00   2.48836188e+00   8.31835554e-01
   -5.92572204e-01     3.72578519 -1.07191954  0.58138417 -2.00286013 -0.8742877   1.50914928
  -0.82027042 -1.18175794  0.41354856  0.67510787 -0.03842962 -3.26949159
  -0.79035804  0.70356629  1.10082113 -1.45257011 -0.09348217  0.08669778
   0.20701116 -0.09796155 -0.17742786  1.77411213  0.80407344  2.15145557
  -1.34435171 -0.82198076  0.30198125 -0.15179069  0.05424945 -0.20690538
   0.11633334 -1.21736729  0.03398481 
   0.58482661  0.47840201 -0.276831   -0.30306672  1.11392731 -0.35520889
  -1.42800112  0.84750119 -2.01145136 -0.19136552 -0.94654789 -0.03426731
   1.10893934 -0.07486299  1.54001413  0.03778265 -0.07604078 -1.17503859
   1.9880003  -2.07694415 -1.42792402  0.23347855  0.31619138  0.18701234
  -1.3772297   0.80125574  0.65878923 -4.54214481  1.45147134 -1.71222878
   0.21079472 -1.17407552  0.33894612 
   0.53308827 -0.11146447  2.8559866   1.27275387 -1.84958567 -1.99458829
  -1.31868186 -0.81530487  1.15130539  0.95688625  0.3142673   0.58978995
  -2.07798796 -0.02729335 -0.40455289 -1.22884268  2.16581081  0.01822363
  -1.3378605   1.43444373 -1.31986596 -2.566607   -0.95104968  1.16343635
   1.24822894  0.66067422 -2.59927559 -0.49599842  2.31820595 -0.20031423
  -2.2807775   0.91283581 -0.37642478 
  -1.523371    0.24754126 -1.52326745 -1.04320847  1.92419482  1.25062905
   1.17604154  0.1119365   0.57076942 -0.87395574  2.90072589 -2.02646591
   0.2465752  -0.89358696 -3.24329867  0.25959266  3.86007892 -0.20152971
  -0.03332822 -2.30353137 -1.04485308  0.52106805  0.76961912 -2.87153878
   0.57626288  0.46692194  0.03415376  0.10451736 -0.29367923  0.23930051
  -1.63200357 -0.4929163  -0.23324867 
  -1.99970471 -1.17436752 -2.32250666 -0.58984793 -0.03313774 -0.40919669
  -0.03224261 -1.09160631 -0.21445997 -3.07102411  1.55263694 -0.63455497
  -0.22925006 -2.57770339  2.96039001 -1.81427475 -0.01578513 -1.60239881
   2.60324721 -0.39170417  1.23524393 -1.16363362 -3.41878933  2.25722436
   1.84500077  1.27044097 -1.59259886 -0.03670422 -0.29972647 -0.08849011
  -1.12599404  1.94592574 -0.15542124 
  -1.54812787 -0.30690545  0.83649838  0.39173689  1.15669689 -0.67493965
  -0.58035713 -3.62144044  1.11960172  0.16269054 -0.41188627  0.54443672
  -0.97886041  1.97607439 -0.76347407 -2.12674489 -1.28617365  0.74079214
  -0.27984949 -2.53921153  4.30830817  0.48176971 -0.11936496 -0.30105929
   0.48174238  0.62377728 -1.09254038 -1.82982903 -3.67280418  0.89904481
  -0.15732783  0.39536573  0.03386797 
   0.96167616 -1.48125536  0.00911644 -0.87707101 -0.16072607 -2.58656729
   1.04067568  0.93464633  0.6903035  -2.04561416 -0.59857666  2.75088501
   2.88562005 -1.58550496 -1.13967296 -3.99856999 -0.79617521  0.05563271
  -0.05040415 -0.72716184 -0.76978958 -0.05698797 -0.38632499 -0.75383851
  -1.38715723 -2.04054264  0.91130549  0.42895615  0.40508299  2.87460227
   1.04029876  0.30574854 -0.45248437 
   0.10429    -0.58477653  2.10699676 -0.66131995  1.84920422 -0.08316282
  -0.9147362  -0.1410313  -0.26010551  0.47759368 -4.42687223  0.21808051
   0.28850743 -1.93257937 -0.48233574  2.37430285 -2.49802222 -0.57008685
  -2.22669031 -0.25950877 -2.73659822 -0.07830118 -3.03338422  0.26969689
  -0.35867635  3.53353438  0.42432134  0.73381362 -1.39477214  0.76712633
   1.21012181 -0.08970122 -1.08319613 
  -2.15002851  2.484556    1.13487956  1.52800825 -2.01769509 -0.19364399
   1.24013233 -2.4024374   2.34621775  0.29521615  0.72741299 -1.65760572
   1.08758692 -1.70319452  1.91454581  1.30968184 -0.70696054 -2.62043245
  -0.33369059  0.57350268 -1.5981826  -1.85541525  2.13449987 -1.27039536
  -1.95631686 -0.31327096  0.0180201   0.3939783  -1.37728504 -0.07859836
   1.53110662 -1.94627452 -0.56530461 
   1.17177072 -0.98805419 -0.9396733  -1.55411886 -0.18151516  0.09031899
  -1.02634142 -2.54783839 -2.61480918 -2.6306718  -1.90467383  2.03277024
  -2.60655272 -1.44501055  0.2283313   0.15147865  0.56372198 -0.04467479
  -2.3043528   1.66640792  1.40284367  1.2884202   0.54883706 -2.52753772
   2.70344412 -0.96576462  2.09212086  0.57095041  2.67507694  0.4927944
  -0.01020956 -1.98631807 -0.48001504 
  -0.04095715 -2.95735506  0.44017205  0.97751638 -0.6258123   1.40725505
  -1.19956396 -2.31079264 -1.86016215 -0.16542014  1.20437851 -0.03220416
  -2.6419891   1.88747595 -0.35798964  0.27499847  0.39184156 -1.37625171
   1.0743693   1.62646063 -0.78348106 -1.37219881 -1.37978292 -2.90380687
  -1.6383184  -1.68197987  3.62017133  1.05017315 -1.20838475 -0.34849964
   1.57596022  2.6202323  -0.56227986 
  -1.16558022  4.59279742 -1.41888689 -2.59961296 -2.17933876 -1.2279746
  -1.18494757 -0.07583834  1.04367711 -2.40185882 -2.72229934  0.40962204
  -0.64363368  1.33002948 -0.2845336   1.63550843 -0.69735315 -0.58858759
  -0.03507108 -0.88506585  0.75827     1.82676701 -0.68216023  0.95814027
   0.45345398 -1.67238203 -1.48682366 -0.02640952  1.14527581 -0.9421562
   1.81150174  1.26513942 -0.68264611 
  -0.4297024  -1.00988878 -2.54001334 -2.11570073 -2.15186331  0.95635403
  -0.07554209 -0.19686991 -0.70617139  3.63926895  0.11082518  2.18932259
  -0.98208468  0.37608301 -0.57001919 -1.34541747 -0.13151969 -1.12391777
  -0.45906185 -1.5158473   0.29240466 -0.36597    -0.90526438 -0.72038518
  -0.11668371 -0.2294216  -1.94483454  0.48037003  1.57576879 -1.25472171
   2.06145257 -0.45636536 -0.24417094 
  -0.24767029 -0.79773488  0.50710424  1.9809108  -2.39084149  1.34482178
  -0.24368704  1.12354257  0.96626302 -0.75478531 -0.93694497  0.10521999
  -1.71835345 -0.74528507 -2.7126056   2.18431399 -3.07694898  0.46613813
   1.02473965 -0.83884605  0.85194273 -0.58678004  1.468855    0.36898569
   0.25293561 -2.09304474  0.94485379 -1.36164777 -0.00475384 -1.16643525
  -0.92596707  0.75016797 -0.56411874 
  -0.57678992  2.26943255  0.34485763 -1.10316019 -0.96542363 -0.2114145
   0.9818227   1.5963954  -1.08623241  0.2462714  -1.01623669 -0.63034216
   0.24618091  0.38056967  2.02017569 -1.19698986  0.49698544  0.27134131
  -1.4115498   0.43777029 -0.79218227  0.99941707 -0.37160017 -0.36020391
   0.99819859 -1.23219388 -0.36634249 -0.39546077 -2.62534694 -0.14364125
  -1.92312889 -2.95205774 -0.94511621 
  -0.16786382 -1.7910284  -2.39612723  2.05095381  1.39504246  0.90496746
  -0.41056627 -0.50853689  2.11650019  1.2772072   0.18462565  0.51490681
  -0.05492519  0.27407675 -1.07030873 -0.58415604 -0.24444825 -1.89732583
  -0.92938759  1.68208633 -0.43976628  0.76463891  0.44697031 -1.56881344
  -0.49211115 -1.58065021 -1.6411507  -0.64315248  1.12467931 -0.48412651
  -0.88245887 -0.65264602 -0.18209516  