NN 16 32 16   -3.68135800e+00  -9.33783501e-01  -9.01403479e-02   6.24245187e-01
    2.37456392e+00  -8.97682531e-01  -1.94633506e+00  -2.01694162e+00
    3.08706256e+00  -1.32408441e+00  -1.52704036e-01   2.88847813e-01
    9.16932299e-01  -2.10810560e-01   2.60088286e-01  -4.87115384e-01
   -8.16468589e-01 
    5.97418770e-01  -4.53593678e-01  -4.59810718e-01  -3.23174418e-01
    1.14518626e+00  -5.33805360e-01   1.41396852e-01   5.54853434e-01
   -2.53241723e+00   7.26780396e-01   2.19206831e+00  -3.63363649e+00
    7.26237666e-01   7.13366106e-01  -1.95853480e+00   1.31881569e+00
    5.81450708e-01 
   -9.17526073e-01   8.63961572e-02  -2.61982739e+00   8.52964408e-01
    2.53965398e+00  -1.74615100e+00  -4.97549165e-01  -7.12537842e-01
   -1.06472724e+00   5.03115136e-01  -1.89819106e-01   2.02286323e-01
    1.45369844e+00  -7.71571769e-01  -2.53076312e-01   1.97199237e+00
    1.40590676e-01 
    1.61812709e+00  -8.53857737e-01  -1.30571076e+00   1.04044775e+00
    3.08543814e-03  -1.16443619e+00   8.61689335e-01  -4.02029467e-01
   -1.50807487e+00   7.45342123e-01  -1.55473435e+00   1.70863249e+00
    1.67204453e+00  -1.62139926e+00   1.09972725e+00  -1.91463491e+00
   -2.66905368e-01 
   -2.66486744e-01  -1.51080741e+00   1.53025198e+00  -1.06261187e+00
   -2.68181443e-01  -6.39857144e-01   4.44959438e-02  -2.07853229e+00
    1.14280705e+00  -5.14039889e-01   4.98840599e-02   1.93282547e+00
    1.52265930e+00   2.14067743e+00  -1.67428423e-01  -1.47517181e+00
   -7.38920141e-01 
   -3.38726887e-01   1.13249218e+00   1.77467905e+00  -1.27713816e+00
    6.81070853e-01   1.27740553e+00   1.87732223e+00  -3.61208938e-01
   -5.99035112e-02  -2.46655519e-01  -1.98321585e+00   4.43853976e-01
   -8.21369131e-01  -1.42642116e+00  -4.65832116e-01  -1.40201854e-01
    1.76202674e-02 
    8.04634845e-01   1.60134300e+00   1.52207869e+00  -1.80859029e+00
   -9.03920272e-02   7.56099284e-02  -1.79223683e+00   1.24320747e+00
   -5.07555181e-01   5.58311900e-01   8.42848951e-01   3.55614452e-01
   -1.49085675e-01  -3.62681673e-01  -1.38338921e+00   8.47183908e-01
   -6.44593937e-01 
    8.41498581e-01  -1.30690953e+00   1.06724890e+00  -3.22823460e-01
    5.80123849e-01   4.03229891e+00  -2.03353814e+00  -8.83567051e-02
    2.39349563e+00   2.27875360e+00   4.98741779e-01  -5.81733830e-01
   -6.09494298e-01  -2.58073050e+00  -1.26168933e+00  -4.95480434e-02
   -6.27905559e-01 
    1.72111540e-01   2.62574053e+00  -8.72973249e-01  -9.67720925e-01
    7.49518484e-01  -1.35986614e+00  -1.13354671e+00  -2.07718598e-01
   -1.65082782e+00   2.29685572e+00   1.33739047e+00  -1.09362720e+00
    8.20179280e-01  -1.73222888e+00   1.34294678e+00  -1.55072738e+00
   -1.46757620e-01 
   -1.40800905e+00  -2.47743866e-02  -6.78950807e-01   1.17172794e+00
    1.77381596e+00  -8.05548468e-01   1.27518887e+00  -8.04004748e-01
   -9.70059796e-01   1.14917410e+00   6.13648533e-01   2.00517904e+00
   -2.59916928e+00   5.84273433e-01  -5.29120160e-01  -1.24998109e+00
    3.88765511e-01 
   -4.12928899e-01   4.21678574e-01  -3.20223471e-02  -2.77608476e+00
   -2.02931701e+00  -1.49397379e+00   1.06563493e-01   4.02122062e+00
   -1.06737401e+00   6.32685149e-01  -6.67666247e-01   2.95581940e+00
   -1.00117795e+00  -3.27012148e-01  -1.59593427e-01  -1.44142708e-02
   -6.29771148e-01 
    2.82810597e+00  -8.86920490e-01   2.86942285e-01   1.91713482e+00
    1.50329813e+00  -5.24624543e-01  -1.17100433e+00   7.18902021e-01
    3.03896886e-01  -1.06815359e+00   4.42042766e-01  -4.45056652e-01
   -2.94907833e+00   4.49823379e-01   9.99934251e-01  -8.35257014e-01
   -1.21640843e-01 
   -1.76400277e-01  -2.04720080e+00   1.29925842e+00   1.63181649e-01
   -7.61304447e-03   2.66530510e-01  -3.37336927e+00   1.05858861e-01
   -1.79278259e+00   1.03351241e+00   2.97497194e+00   9.60514099e-02
   -3.72382777e-01   1.30665442e+00  -6.03109589e-01  -6.34572871e-01
   -1.21319930e+00 
   -4.76869047e-01   2.91619731e-01  -4.82111011e-01   3.61925022e-02
    2.19577362e+00  -1.94359001e+00   7.94072209e-01   8.52191184e-01
    1.06364589e+00   1.59180310e+00  -2.29106675e+00  -1.73578330e+00
   -9.61944906e-01   3.82545311e-01  -3.66072655e-01  -1.36034615e-01
   -1.27355230e-01 
    1.46949415e+00  -1.81089050e+00   4.82941654e-01   2.90809095e+00
   -2.26042475e+00   7.36779077e-01   4.36574798e-01  -9.18408692e-01
   -1.63440802e+00  -2.87256561e-02  -3.48710337e-01  -2.60834023e-01
    7.61055277e-01   2.35735874e+00  -2.08429419e+00  -1.09230582e-01
    5.89438872e-01 
    1.39727758e+00  -1.07878649e+00  -2.97753557e-01   9.75288646e-02
   -1.97150614e-01  -1.80716496e-01   3.04904640e+00  -2.89749003e+00
   -1.38352619e+00  -8.28789972e-01  -4.24813971e-01  -9.23029350e-01
    1.21800382e+00  -1.87931650e+00   8.86791197e-01   4.72713928e-01
    4.93804269e-01 
    1.54720308e+00   6.44645376e-01  -3.11371970e+00  -4.09048888e+00
    9.40804237e-01  -2.50197546e-03   8.55253446e-01   1.38911700e+00
    8.83754124e-01   2.53747463e-01  -9.20741778e-01  -1.13178262e+00
   -3.63674102e-01   1.70689774e+00  -5.73149939e-01   1.02734590e+00
    1.86063447e-01 
   -1.45705696e+00   4.18810036e-01  -2.08959258e-01   2.24928256e-01
    7.16170060e-01  -1.42661579e+00   1.56824109e-01   2.41090986e-01
    1.50856316e+00  -8.79492076e-01   1.12413157e+00   1.74306012e-01
    9.06107363e-01  -9.85417594e-01  -6.19204650e-01   1.21928786e+00
   -6.10948944e-01 
   -1.15644532e-01  -2.37703648e+00   2.09675863e+00  -4.66208518e-02
   -2.38718307e+00   1.56882006e-01  -3.92789574e-01   1.52152210e+00
    2.09861778e-01   1.49917943e+00  -1.73434063e+00  -5.61266736e-01
    5.53399814e-01  -1.21074632e+00   5.46093434e-01   5.45273135e-01
    4.14784419e-02 
   -1.30544733e+00   5.35994128e-01  -8.01867026e-01   2.03180091e+00
   -7.48479716e-01   1.88019147e+00   1.04115616e+00  -1.56101351e+00
   -2.67353012e-01  -1.77953491e+00  -6.58675363e-01   6.25402619e-01
    1.79248821e+00   1.57267205e-01  -2.41792991e-01  -2.17881252e+00
    3.70416941e-01 
   -6.16434157e-02   2.55874340e+00   1.14725240e+00  -5.01064539e-01
   -2.41570286e-01  -4.69174436e+00   1.26962751e+00   3.28120914e+00
    1.35005176e+00  -2.25205080e+00   6.52212431e-01  -2.60478163e-01
   -4.85050436e-01  -6.91017213e-01   7.18661422e-01  -2.71806923e-01
   -2.72512632e-01 
   -2.58877557e+00   9.37742631e-01   1.86130045e+00  -4.37252047e-02
    1.59370638e+00  -8.40118090e-01  -1.19948103e+00  -4.92989824e-01
    2.27889181e+00  -1.29241285e+00   3.59800879e-01  -1.79426431e+00
    5.93461656e-01   4.96691432e-01  -1.06967011e+00  -3.89270316e-01
    6.56718599e-01 
   -2.45181620e-01  -5.88928059e-01   6.28442955e-01  -8.84873805e-01
    2.26066917e+00  -1.26127723e+00   8.84365241e-02   2.33567401e+00
   -2.52297472e+00  -7.10150379e-01   1.32467429e+00   8.30449773e-01
    4.68923105e-01  -7.03456571e-01  -4.06054814e-01  -9.86705791e-01
   -3.08192273e-01 
   -1.93922481e+00   2.18586776e-01  -1.39967571e+00   2.07710643e+00
   -8.95801949e-01   9.73050219e-01   7.64645680e-01  -6.30857542e-01
    1.02967629e+00   1.51509003e+00   1.56881840e+00  -1.79988711e+00
    8.96069065e-01  -1.29286081e+00   6.27996755e-01  -1.68843217e-01
   -5.79764051e-01 
    1.91932843e+00   1.60507731e+00  -2.02240892e+00  -8.39262477e-01
   -3.52692375e+00  -1.28946089e+00   9.74592329e-01   5.18133212e-01
    1.34117304e+00  -2.50665601e+00   1.87258351e+00  -2.10029010e-01
    5.27766211e-01  -3.40035380e-01  -7.57066769e-01   1.17141535e-01
   -1.56892978e-01 
    1.77511459e+00   1.13601835e-01  -1.73471198e+00  -2.45690206e-01
   -1.00166872e+00  -5.28724077e-01   2.79077423e+00  -3.01601927e+00
   -1.24577895e-01  -1.71276263e-01   1.90096478e-01   9.04509952e-01
   -2.64578632e-01   1.27102801e+00   7.55027138e-01   1.09246138e+00
   -5.94733252e-01 
   -6.45782124e-01  -5.10225698e-01   1.95309627e+00  -3.13708937e-01
    1.55687935e+00   1.92821766e+00  -3.15907973e+00   4.18788810e-01
    1.76362806e-01  -8.45762579e-01  -3.10413018e+00   1.73189184e-01
    1.88838369e+00  -1.37468909e+00  -5.11391556e-02   2.96391330e+00
   -2.39411369e-01 
   -7.92918967e-01   2.68436883e+00   1.24136155e+00   1.34695320e-02
   -1.28752569e+00   2.02828737e+00  -4.39224330e-01  -8.88309272e-02
   -1.00879101e+00  -2.13415012e+00  -2.64059047e-01  -1.68125214e-01
   -9.40965337e-01   5.72354991e-01  -9.24234969e-02   7.21144052e-01
   -5.39367910e-01 
   -3.19084954e-01  -1.09085866e+00  -1.22885773e+00   9.81478736e-02
    5.04400593e-02   2.56237631e+00  -8.56598036e-01   8.44202306e-01
    4.36129498e-01  -2.42705185e+00   1.29855060e+00  -2.88069027e-01
   -1.42430830e+00  -3.74059086e-02   2.99552595e+00  -1.47260940e+00
    6.08765344e-01 
   -2.78163172e-01   2.22509036e+00   2.94978874e-01  -8.18194489e-01
    8.79758067e-01  -1.52575044e+00  -2.39062435e+00  -1.35079089e+00
   -4.77141263e-01  -9.41632027e-01  -8.12685856e-02   9.88962626e-01
    7.62794655e-01   4.86030907e-01   1.01562849e-01   1.02825892e+00
   -3.68340832e-02 
   -1.06719075e+00   2.17156536e-01   2.71729705e+00   1.62984684e+00
    9.28889510e-01   3.14174863e-01  -2.05118488e+00  -1.11715924e+00
   -8.05618745e-01   7.46148242e-01  -1.90122907e+00  -1.47810105e+00
   -1.70237372e+00   1.49851745e+00   1.61911747e+00   1.09581662e+00
    2.60277063e-01 
    1.46217908e+00   9.29264556e-01  -1.01433386e+00  -2.66653429e-01
   -9.09753185e-01  -2.84476853e-01  -4.94888238e-01  -5.27145296e-01
    1.68113751e+00   1.56371703e+00  -2.32162111e+00  -1.97896358e+00
   -4.88285042e-01  -1.65968395e+00   2.38589198e+00   7.69840359e-01
   -5.39351911e-01     3.50036206 -0.97047615  0.31616633 -2.01728989 -0.84985789  1.27080661
  -0.67726689 -1.00051139  0.55382789  0.73254117  0.15896503 -3.13039762
  -0.81686874  0.31830134  0.918043   -1.58549803 -0.19470682  0.12313739
   0.14047645  0.31158307 -0.28583155  1.93010394  0.57178025  2.0765828
  -1.5783927  -0.89192145  0.56852277 -0.12735931 -0.13923668 -0.30290542
   0.2340332  -1.38601555 -0.15627876 
   0.64515859  0.48205904 -0.27379471 -0.18546472  0.92710158 -0.17553671
  -1.38410624  1.01372811 -2.15187833 -0.20776332 -0.91176275 -0.01002523
   1.21526852 -0.23047993  1.63733062  0.08881629  0.10391332 -0.85956253
   2.15131357 -2.11199058 -1.48408328  0.23171696  0.4081961   0.14979415
  -1.35881727  0.68421375  0.76104269 -4.23627459  1.34905385 -1.812869
   0.04325281 -1.27053051  0.21166171 
   0.63930083 -0.07957125  2.82752691  1.09198397 -1.72643453 -1.65173347
  -0.98278382 -0.94217328  1.4734514   1.15128356  0.39040676  0.52588688
  -2.1687365   0.05820344 -0.50196021 -1.22626932  2.25718406  0.00925857
  -1.50057654  1.17981072 -1.34556515 -2.5496462  -1.20056754  1.14481887
   1.17391677  0.87541095 -2.30953047 -0.58163011  1.96403922 -0.19045204
  -2.34208814  0.86445717 -0.36377003 
  -1.39046731  0.36298285 -1.34516081 -1.00592805  1.86174358  1.37804993
   1.281809    0.23352319  0.56123903 -0.78319213  2.70715113 -1.99218811
   0.56864363 -0.90095205 -3.26924512  0.09408693  3.86588654 -0.13065298
   0.17519643 -2.15251722 -0.95560459  0.6334944   0.79820899 -2.89538344
   0.51675856  0.65095255 -0.05000489  0.11930076 -0.39773597  0.3483145
  -1.68453834 -0.62814557 -0.10464102 
  -1.80079725 -1.17627667 -2.18181656 -0.48118223  0.18337928 -0.39042844
   0.00652667 -1.27102862 -0.25932928 -2.78011945  1.38192203 -0.51432853
  -0.03999232 -2.41559967  2.7290544  -1.67923509 -0.26381737 -1.44933414
   2.44017929 -0.17950987  1.36752587 -1.31937715 -3.14604066  2.03293918
   2.11191226  1.32573601 -1.47993595 -0.25134558 -0.64326021 -0.26741783
  -1.19076836  1.63822558 -0.24121669 
  -1.20455916 -0.21792728  0.67143987  0.54446619  1.113714   -0.65239438
  -0.39312886 -3.68596952  1.02168742  0.03641636 -0.12145273  0.37391284
  -0.88646056  1.93105847 -0.77991824 -1.99812187 -1.38693396  0.59023791
  -0.12451496 -2.52751902  4.55836625  0.45198878  0.02558964 -0.0992266
   0.22601291  0.56569325 -1.34058729 -1.5877228  -3.66044479  0.84158888
  -0.16054562  0.27376294  0.03648409 
   0.62495962 -1.05016991  0.12283779 -1.07686263 -0.24580573 -2.17621853
   1.10552172  0.81538881  0.36867516 -2.15377108 -0.68081423  2.61944366
   3.05693151 -1.71685285 -1.07224842 -3.88587761 -1.03693108  0.12749492
  -0.22599754 -0.32650214 -0.80390414 -0.34503109 -0.39873548 -0.59744396
  -1.3323826  -1.63935869  1.12435356  0.33083666  0.45615971  2.73646765
   0.67011123  0.32212546 -0.35287616 
   0.08870237 -0.64247777  2.06666018 -0.66776534  1.56067981 -0.11194402
  -0.89399602 -0.09854381 -0.25661745  0.46677442 -4.23329775  0.15496542
   0.01711125 -1.73973865 -0.40522366  2.20481441 -2.3975528  -0.56813568
  -2.3176373  -0.39372077 -2.46112048 -0.19744838 -2.74746811  0.18143854
  -0.48564221  3.39012636  0.49643387  0.66143013 -1.43778438  0.80955983
   1.14127746 -0.15812949 -0.91082309 
  -2.04037939  2.35537395  1.14286242  1.3374546  -2.02922836 -0.32711095
   1.23622956 -2.34072458  2.1773505   0.36178558  0.72802245 -1.43285992
   1.15277511 -1.51706078  1.97123083  1.20315048 -0.8209751  -2.25735555
  -0.3814953   0.54373452 -1.40330218 -1.71342538  2.1072183  -1.33777667
  -1.77599324 -0.47418352  0.01163337  0.5533694  -1.30291502 -0.08742493
   1.50573983 -1.85862884 -0.51290983 
   0.9720327  -0.92944597 -0.86396994 -1.34360582 -0.11869348  0.27358394
  -0.90564775 -2.34953249 -2.40826444 -2.59768794 -1.83371589  1.66874356
  -2.46885014 -1.4080807   0.11533383  0.17069161  0.6032911  -0.01701341
  -2.12874872  1.7344344   1.2556479   1.23144937  0.57124389 -2.61450607
   2.6419634  -0.66683758  1.93651624  0.42871743  2.35722339  0.35425327
   0.04135182 -1.75727677 -0.30675986 
  -0.17514478 -2.74656701  0.34526384  0.88067197 -0.61302626  1.22807189
  -1.14100032 -2.19591254 -1.61076641 -0.03763057  1.15096409  0.15908547
  -2.63752873  1.87847492 -0.30551081  0.19923895  0.55342315 -1.27569666
   1.02966023  1.66961572 -0.79705241 -1.29626764 -1.32625181 -2.61568292
  -1.68757892 -1.60693471  3.3971288   1.02315049 -1.10213341 -0.40840266
   1.58669523  2.48746861 -0.41995289 
  -1.27313267  4.25822024 -1.23965464 -2.52179571 -2.03567045 -1.24424389
  -1.12869909 -0.03868866  1.10769289 -2.28941827 -2.6102086   0.28516372
  -0.69167931  1.27309532 -0.19991453  1.64021814 -0.73623797 -0.49293941
  -0.10945119 -0.89155323  0.79362278  1.79985207 -0.57728894  0.87045259
   0.62758035 -1.65393078 -1.50477564 -0.08104175  1.05836414 -0.81754728
   1.54598032  1.08876178 -0.61340734 
  -0.43626224 -0.95790753 -2.52337661 -2.03872073 -2.00644981  0.91508647
   0.01460481 -0.18463913 -0.64217782  3.36386444  0.0695127   2.12027939
  -1.01536263  0.26624825 -0.4610622  -1.29753771 -0.0715949  -1.09132676
  -0.39036323 -1.41013505  0.34921586 -0.3916351  -0.89065475 -0.69463705
  -0.00722912 -0.16771702 -1.80058378  0.46631445  1.53878307 -1.19723209
   1.95972168 -0.44375389 -0.20049323 
  -0.28331694 -0.7976762   0.55423428  1.91677341 -2.24681213  1.23436017
  -0.20925292  0.99221976  0.93961069 -0.72847045 -0.86618786  0.06757578
  -1.65943462 -0.70974091 -2.54181412  2.01177747 -2.90311855  0.39289706
   1.01259909 -0.81878277  0.77540551 -0.61611063  1.39428792  0.35549642
   0.31822848 -2.03627669  0.92812272 -1.29907583  0.06468319 -1.05985724
  -0.86798618  0.71096746 -0.46960068 
  -0.57531552  2.01506689  0.26435443 -1.11176088 -0.98584508 -0.14386295
   0.96379154  1.4714216  -0.93270164  0.21479657 -0.96752206 -0.69976218
   0.20830261  0.43002001  1.80737193 -1.1082501   0.4633913   0.27780557
  -1.26304583  0.43651593 -0.67145349  1.03894577 -0.27076517 -0.29881841
   0.89627596 -1.28101597 -0.40862079 -0.3023235  -2.31738848 -0.10859191
  -1.7426436  -2.79192545 -0.88783686 
  -0.18925038 -1.70652454 -2.31561724  1.81998224  1.35523533  0.88905883
  -0.44532204 -0.46232336  1.85360416  1.22481664  0.15979177  0.42842023
  -0.14761787  0.23103942 -1.03357277 -0.47029226 -0.22619791 -1.75210796
  -0.88899474  1.58789043 -0.48418092  0.75304662  0.32873216 -1.48801053
  -0.51588211 -1.48627218 -1.61273176 -0.55138886  1.08976021 -0.49816178
  -0.86915813 -0.61381032 -0.19028098  