NN 16 32 16   -3.16085252e+00  -8.07259793e-01  -3.33813324e-01   5.67683361e-01
    1.80545721e+00  -8.35263916e-01  -1.58638968e+00  -1.57213114e+00
    2.75585582e+00  -1.33778527e+00  -2.58359908e-01   5.18790660e-01
    7.13358510e-01  -2.16973521e-01   2.33029862e-01  -3.96408089e-01
   -7.66785507e-01 
    4.41579686e-01  -4.37342700e-01  -2.35859948e-01  -3.64651549e-01
    1.00077950e+00  -2.73641481e-01   1.41061916e-01   4.33698324e-01
   -2.29576187e+00   6.68401125e-01   1.81376869e+00  -3.32668202e+00
    5.87606242e-01   6.82300339e-01  -1.67049432e+00   1.18766040e+00
    5.07218377e-01 
   -6.92896685e-01   1.46340275e-01  -2.52533993e+00   1.00018924e+00
    2.39242970e+00  -1.58554331e+00  -3.15436003e-01  -6.71895850e-01
   -9.47694361e-01   4.93384267e-01   1.39662347e-01   1.90932599e-01
    1.51847932e+00  -7.75666020e-01  -9.30362508e-02   1.77555319e+00
    2.07835692e-01 
    1.45892727e+00  -7.52457832e-01  -9.54870426e-01   7.34009033e-01
    9.92168104e-02  -9.83123714e-01   9.68804822e-01  -2.98930550e-01
   -1.33242056e+00   8.31366299e-01  -1.28310617e+00   1.65782731e+00
    1.67713804e+00  -1.54619505e+00   1.01307598e+00  -1.77256719e+00
   -2.98916758e-01 
   -3.63940150e-01  -1.37819751e+00   1.32207346e+00  -1.01670122e+00
   -3.45095072e-01  -7.09549280e-01  -3.29728461e-02  -1.66535966e+00
    1.27808895e+00  -2.08375614e-01  -1.53311814e-01   1.75312481e+00
    1.55586365e+00   2.04154229e+00   6.80393259e-02  -1.42395900e+00
   -7.22891694e-01 
   -3.55741878e-01   1.24057095e+00   1.47164322e+00  -1.19354803e+00
    5.92808585e-01   1.04483264e+00   1.49821863e+00  -9.13895880e-02
   -3.72333818e-03  -3.03264594e-01  -1.60192505e+00   5.25921780e-01
   -7.62774993e-01  -1.29647587e+00  -2.36387223e-01  -1.39101250e-01
   -9.68563771e-03 
    6.49865743e-01   1.40348689e+00   1.35481825e+00  -1.76200220e+00
   -1.11126850e-01  -4.00802832e-02  -1.70357084e+00   1.03962526e+00
   -4.71002338e-01   5.80540956e-01   8.60937364e-01   2.96396704e-01
   -2.75446472e-01  -4.77848376e-01  -1.27496540e+00   7.56919775e-01
   -6.48090564e-01 
    4.69148071e-01  -1.28727327e+00   1.00007458e+00  -3.89438016e-01
    7.50857572e-01   3.54626982e+00  -1.72463787e+00  -1.38476930e-02
    2.15143880e+00   2.13215921e+00   5.03727722e-01  -6.63270895e-01
   -6.95032385e-01  -2.39913549e+00  -1.23161286e+00  -8.89593001e-02
   -6.98143509e-01 
    2.53472513e-01   2.33360225e+00  -9.44971916e-01  -6.68583691e-01
    9.96526721e-01  -1.10470339e+00  -9.92145894e-01  -1.62580153e-01
   -1.60910310e+00   2.13552919e+00   1.24216334e+00  -1.05127985e+00
    6.35786706e-01  -1.76827384e+00   1.11169446e+00  -1.42948161e+00
   -1.62118478e-01 
   -1.44907828e+00  -4.49805036e-02  -8.64759714e-01   1.32032026e+00
    1.80608471e+00  -7.98541422e-01   1.22268213e+00  -6.91768382e-01
   -9.28102642e-01   1.11348388e+00   2.00089680e-01   1.83528679e+00
   -2.37501737e+00   5.53540184e-01  -3.39960574e-01  -1.21816650e+00
    2.91647669e-01 
   -5.11401743e-01   4.83644852e-01   1.55024660e-01  -2.62762755e+00
   -1.84762846e+00  -1.21243799e+00   2.28690991e-01   3.71650121e+00
   -1.10032926e+00   5.18522963e-01  -5.27544154e-01   2.45048266e+00
   -8.25401493e-01  -2.95504520e-01  -5.49376272e-02   2.48463533e-02
   -6.25490804e-01 
    2.53755465e+00  -7.86152164e-01   4.88793391e-01   1.75304202e+00
    1.32864698e+00  -4.73549707e-01  -1.39972910e+00   6.41194607e-01
    3.24657071e-01  -9.17004861e-01   1.70445710e-01  -6.72330637e-01
   -2.61408094e+00   3.33644341e-01   8.30680060e-01  -6.53835871e-01
   -6.55256704e-02 
   -1.63080063e-01  -1.58817015e+00   1.22930160e+00  -8.63211174e-03
   -4.77096373e-02   3.87597665e-01  -3.03565884e+00   2.57840981e-01
   -1.81149746e+00   9.40430406e-01   2.86860065e+00   3.70479233e-01
   -3.31781028e-01   1.20071973e+00  -5.12259169e-01  -4.64979622e-01
   -1.03893273e+00 
   -2.77899512e-01   1.17469333e-02  -5.54161946e-01   1.99614082e-01
    2.11114095e+00  -1.85065473e+00   7.89501967e-01   6.74218100e-01
    9.51392094e-01   1.56318225e+00  -2.08630278e+00  -1.62996348e+00
   -7.93973257e-01   5.89076234e-01  -3.51163785e-01  -2.10899666e-02
   -6.37126435e-02 
    1.14188062e+00  -1.89505905e+00   5.24798576e-01   2.57217974e+00
   -2.00841805e+00   9.11256958e-01   5.17879630e-01  -6.21243443e-01
   -1.59362744e+00  -6.05813682e-02  -4.46797873e-01  -4.69353215e-01
    8.19673857e-01   2.32282962e+00  -1.70189192e+00  -6.64533982e-02
    6.22304819e-01 
    1.34450216e+00  -9.92950749e-01  -5.80266220e-02   3.24416802e-02
   -2.92772689e-01   8.95327734e-02   2.98803755e+00  -2.70033317e+00
   -1.38110162e+00  -7.33854386e-01  -4.39933366e-01  -8.87483050e-01
    1.40595388e+00  -1.71643822e+00   6.48671728e-01   3.05718690e-01
    4.74637906e-01 
    1.40877466e+00   6.65887454e-01  -2.84244459e+00  -3.77046219e+00
    6.55544951e-01   1.14683858e-01   1.07103363e+00   1.56008479e+00
    4.47652148e-01   1.53540399e-02  -6.36176528e-01  -9.70043661e-01
   -2.77168424e-01   1.79350500e+00  -4.91097086e-01   9.71517869e-01
    1.60909968e-01 
   -1.32569891e+00   3.72261598e-01  -1.35392563e-01   1.69553710e-01
    6.95651071e-01  -1.20715196e+00   6.33303575e-02   1.14082160e-01
    1.34292421e+00  -8.20931709e-01   9.58299117e-01  -6.64219567e-02
    7.50754045e-01  -8.70516804e-01  -5.26134737e-01   1.06054125e+00
   -5.70282965e-01 
   -2.70418032e-01  -2.03741824e+00   1.98019289e+00  -2.05697646e-01
   -2.15311009e+00   4.54642354e-01   3.59198133e-02   1.25676501e+00
    3.90027629e-01   1.70435053e+00  -1.84947267e+00  -6.26383284e-01
    5.31836153e-01  -1.11589265e+00   5.22578113e-01   5.48854671e-01
    6.17348579e-02 
   -1.23247022e+00   4.50805078e-01  -9.61031376e-01   1.89315796e+00
   -8.58842867e-01   1.81702228e+00   7.83808923e-01  -1.37578466e+00
   -1.85993415e-01  -1.68375468e+00  -8.27020135e-01   6.78061585e-01
    1.67535683e+00   2.43980206e-01  -1.97332670e-01  -1.83703831e+00
    3.80312026e-01 
    1.11119361e-01   2.36703941e+00   9.57980033e-01  -2.23509915e-01
   -4.81599492e-01  -4.14764651e+00   1.06574828e+00   3.22234762e+00
    1.18381716e+00  -1.78262646e+00   7.64684765e-01  -4.61567301e-01
   -4.83968020e-01  -4.82503777e-01   5.97425885e-01  -6.59035840e-02
   -1.80701807e-01 
   -2.34472415e+00   8.45890190e-01   1.69783435e+00  -4.48885811e-01
    1.56380737e+00  -9.69870750e-01  -6.03869102e-01  -4.23851871e-01
    2.03990716e+00  -1.27047648e+00   6.27848088e-02  -1.69784713e+00
    5.02906084e-01   5.81465386e-01  -1.07716098e+00  -3.51774031e-01
    6.12129611e-01 
   -4.11170600e-01  -3.22807385e-01   5.73249292e-01  -8.06733473e-01
    2.15248239e+00  -1.45656533e+00   3.77101231e-02   2.17628732e+00
   -2.38212089e+00  -7.36004063e-01   9.93293354e-01   6.77536188e-01
    5.31590295e-01  -7.14984542e-01  -3.33095583e-01  -7.29835414e-01
   -3.12654390e-01 
   -1.90787329e+00   1.72150103e-01  -1.49416174e+00   1.95706821e+00
   -1.00158755e+00   1.08122865e+00   7.23027360e-01  -6.35687386e-01
    1.16095684e+00   1.49582482e+00   1.49806963e+00  -1.59263784e+00
    7.24496449e-01  -1.24690404e+00   4.37385017e-01  -1.99811280e-01
   -6.16624334e-01 
    1.56291700e+00   1.49535420e+00  -1.88890190e+00  -6.63224817e-01
   -3.29945629e+00  -9.31305385e-01   1.08391658e+00   5.29521637e-01
    1.06798957e+00  -2.40583706e+00   2.07564921e+00  -2.64292994e-01
    3.33035031e-01  -2.56373439e-01  -7.61569035e-01   4.30849784e-02
   -1.81908086e-01 
    1.49517031e+00   7.09521057e-02  -1.59302880e+00  -2.48551383e-01
   -1.07931797e+00  -5.31773256e-01   2.37018452e+00  -2.93046835e+00
   -1.11517987e-01  -3.54288972e-01   3.03971374e-01   9.69708345e-01
   -1.70077202e-01   1.29569160e+00   9.10668231e-01   8.11814514e-01
   -6.44617765e-01 
   -6.57199459e-01  -6.04911754e-01   1.79014238e+00  -2.31352596e-01
    1.17376069e+00   1.52840893e+00  -2.65403459e+00  -7.75747369e-02
    4.50185986e-01  -7.36973803e-01  -2.92573540e+00   2.60087441e-01
    1.55703627e+00  -1.28234637e+00   6.18711706e-02   2.67650364e+00
   -2.30491957e-01 
   -6.82439068e-01   2.45342869e+00   1.25589836e+00  -3.61501500e-03
   -1.11088101e+00   2.08703539e+00  -4.29648959e-01  -1.52711979e-01
   -9.89040779e-01  -1.78676368e+00  -3.12099372e-01  -2.25618409e-01
   -8.57575838e-01   5.32346159e-01  -6.75969957e-02   7.16260318e-01
   -4.27571337e-01 
   -3.41177542e-01  -1.25979740e+00  -8.82578248e-01   1.83740423e-01
    2.87888815e-01   2.32994972e+00  -8.15731917e-01   8.69182358e-01
    5.61266822e-01  -2.31772207e+00   1.21893451e+00  -2.36327137e-01
   -1.38159432e+00   2.51859769e-02   2.48566178e+00  -1.30993332e+00
    5.15395216e-01 
   -2.80969336e-01   1.83940196e+00   4.43842447e-01  -7.23345637e-01
    7.24743613e-01  -1.45873216e+00  -2.08983029e+00  -1.50684138e+00
   -1.18566758e-01  -6.27408628e-01  -8.73898759e-02   8.81435278e-01
    5.81856614e-01   4.08175174e-01   5.94625141e-02   9.94461683e-01
    3.55267938e-02 
   -1.23825589e+00   3.32057536e-01   2.32233834e+00   1.46316435e+00
    1.09382492e+00   2.04153788e-01  -1.60707894e+00  -1.01317349e+00
   -5.27612939e-01   7.46591908e-01  -1.87775581e+00  -1.40739246e+00
   -1.55590349e+00   1.33375537e+00   1.28683110e+00   1.05226334e+00
    2.95296630e-01 
    1.20623800e+00   1.01483810e+00  -9.12492062e-01  -4.04845774e-01
   -8.44068326e-01  -3.46787447e-01  -5.91042241e-01  -4.38180994e-01
    1.52401505e+00   1.43032576e+00  -1.93960262e+00  -1.68368188e+00
   -3.73026711e-01  -1.61261332e+00   2.24505174e+00   6.62876730e-01
   -5.24168233e-01     3.09922174 -0.90992251  0.09628005 -1.86751038 -0.77631212  0.90673707
  -0.55983702 -0.86094643  0.44764841  0.97731005  0.51869857 -2.7540609
  -0.80929434  0.30742308  0.65586599 -1.71191371 -0.42726775  0.20750308
   0.1130533   0.48840159 -0.34513878  2.11915633  0.31924271  1.95279544
  -1.87815493 -1.01460512  0.58254366 -0.19238731 -0.03646312 -0.47190665
   0.39885098 -1.62287765 -0.3014208  
   0.57723639  0.32795005 -0.4166074  -0.01562033  1.05514764 -0.36241012
  -1.39999193  1.05388406 -2.35555825 -0.23216244 -0.93302794  0.20375411
   1.31741873 -0.19702058  1.8235892   0.17271097  0.17410095 -0.74249807
   2.00888787 -1.99565607 -1.54428153  0.19613916  0.23213035  0.18150841
  -1.56563304  0.50697375  0.69188674 -3.78741076  1.37320888 -1.66909202
   0.11719109 -1.29358075  0.13354638 
   0.73766827  0.1462833   2.84354892  0.75349197 -1.9603148  -1.41499314
  -0.93630922 -0.74851145  1.48858871  1.06033769  0.25533917  0.24499656
  -2.20843777 -0.00651666 -0.38384489 -1.27870415  2.18149898 -0.08206025
  -1.44226262  1.19245087 -1.39669423 -2.37012501 -1.12972833  1.17758963
   1.20269656  0.90096563 -2.07005606 -0.59567912  1.93884355 -0.38683142
  -2.53158093  0.75324097 -0.32707952 
  -1.30488302  0.6631536  -1.42736527 -1.0118385   1.64292845  1.30963297
   1.47862518  0.5301127   0.38925459 -0.9007218   2.40979455 -2.20374372
   0.70305174 -1.12647643 -3.10254544  0.04723975  3.70431042 -0.24388651
   0.56416079 -2.06267922 -1.11486615  0.64594484  0.8580698  -2.78152761
   0.40480411  0.51914002  0.15176636  0.2785601  -0.23995238  0.30768937
  -1.63742923 -0.47941938 -0.05237948 
  -1.5566519  -1.03943394 -2.03663884 -0.26974996  0.31419143 -0.28924262
   0.1631289  -1.15444108 -0.24376522 -2.726425    1.20655066 -0.36394573
  -0.23127681 -2.28877356  2.56548186 -1.5486077  -0.03306765 -1.42724926
   2.71010584  0.08202666  1.25978255 -1.28327414 -2.95569249  2.1839812
   2.04839906  1.48126934 -1.48954405 -0.36166146 -1.04568933 -0.51600464
  -1.0758077   1.40015699 -0.12222665 
  -0.68953269 -0.0615762   0.77097301  0.80002479  0.96251091 -0.75141329
  -0.38673374 -3.5020858   0.9780746   0.14654477 -0.00764609  0.20187337
  -0.53209274  1.93207907 -0.87646747 -2.07319584 -1.33704499  0.41712043
  -0.2033234  -2.65608804  4.47107533  0.34258703  0.29907851  0.00515571
  -0.0821113   0.52268406 -1.52661492 -1.55877223 -3.40975441  0.74252081
  -0.17393717  0.06963973  0.08533417 
   0.67484705 -0.87963634  0.15489891 -1.22492318 -0.41046189 -1.75359237
   1.25230944  0.99308142  0.02513695 -2.2216724  -0.57197082  2.31102578
   3.05841142 -1.61483293 -1.17499784 -3.7917618  -1.00939997  0.14363114
  -0.24484252 -0.01107069 -0.89186907 -0.4433641  -0.525125   -0.59324063
  -1.68010574 -1.74335626  1.14160104  0.05471794  0.34674008  2.54481921
   0.60065748  0.61451266 -0.3576002  
   0.08357234 -0.83907887  2.00647692 -0.54185895  1.48902409 -0.23726186
  -0.98703619 -0.04357408 -0.09644722  0.47062104 -3.92382396  0.02097338
  -0.10744673 -1.3422295  -0.35168906  2.09682447 -2.08467027 -0.57623711
  -2.28241268 -0.30689383 -2.3792613  -0.33139057 -2.71963151  0.292083
  -0.20204936  3.14801182  0.59792028  0.54166019 -1.6240181   1.08397191
   0.88374004 -0.22354749 -0.66769898 
  -1.81219593  2.22203481  1.09394055  1.17826569 -1.89093567 -0.27382481
   1.16569393 -2.08125941  2.01427099  0.27251194  0.47037316 -1.39828296
   1.12924669 -1.46957111  1.98430064  1.4012996  -0.87860112 -1.99135967
  -0.42478501  0.53784632 -1.4690034  -1.52936129  2.06118481 -1.36296853
  -1.69889255 -0.63742236  0.08086159  0.70687277 -1.13121174 -0.1618952
   1.47693304 -1.62926651 -0.49800017 
   0.66851319 -0.71371594 -0.74382123 -1.18606405 -0.23971836  0.12553606
  -0.82433345 -2.31841428 -2.24241665 -2.44661732 -1.73003104  1.66053885
  -2.17586304 -1.35147365 -0.04867196 -0.08439016  0.762674   -0.03901147
  -2.00693973  1.74923729  1.1903513   1.19490484  0.61135177 -2.52540147
   2.71111308 -0.47336165  1.51908931  0.23939287  2.15211612  0.33028874
   0.02178838 -1.50973141 -0.14156388 
  -0.25214922 -2.44190552  0.25854734  0.69939766 -0.3955151   1.05590031
  -0.93878404 -2.19177655 -1.41398158 -0.10262408  1.09661429  0.36427138
  -2.59676836  1.85785003 -0.38826106  0.27591515  0.64684709 -1.07986245
   0.97949294  1.45453796 -0.60052483 -0.99283954 -1.26862057 -2.53135056
  -1.71086637 -1.49166156  3.16933798  0.8855017  -1.14608247 -0.31649368
   1.48321989  2.36028846 -0.30042671 
  -1.4128747   3.82744044 -1.15824439 -2.46627781 -1.93302804 -1.05251804
  -1.11651782  0.24717739  0.9105399  -2.16760864 -2.60335745  0.14194859
  -0.83954482  1.28077025  0.21198304  1.55735754 -0.84414978 -0.45866281
  -0.04996559 -0.70671063  0.73047398  1.80432441 -0.46706945  0.87081628
   0.79269179 -1.77297281 -1.2700247  -0.0298442   0.8440711  -0.87323318
   1.24627551  0.96695952 -0.52696932 
  -0.45416543 -0.84292271 -2.45917081 -1.9583712  -1.95567117  0.7902351
   0.11037977 -0.2750499  -0.55296926  2.99866177  0.03576028  2.03383335
  -1.03610395  0.13824738 -0.37030361 -1.23694393 -0.06953642 -1.05162444
  -0.36133786 -1.28710486  0.44396069 -0.44607307 -0.85498797 -0.69252461
   0.10775879 -0.20317752 -1.69217478  0.4292472   1.41944606 -1.1401566
   1.77538873 -0.44847865 -0.21195676 
  -0.31664046 -0.8017271   0.59082913  1.84473939 -2.10381975  1.13956999
  -0.18132841  0.89760041  0.90900239 -0.67761907 -0.80787573  0.00580679
  -1.61531279 -0.67242043 -2.38045655  1.86359455 -2.6820887   0.32618046
   0.95559881 -0.74148131  0.68549144 -0.6752059   1.28679366  0.34133693
   0.39058215 -1.92805297  0.89737662 -1.21922329  0.15959172 -0.9650733
  -0.83556749  0.67258031 -0.38014399 
  -0.6653026   1.80922967  0.23422615 -1.04331631 -0.98447837 -0.163908
   0.89396745  1.29187233 -0.75900034  0.13031065 -0.79456679 -0.68135686
   0.24004282  0.46148572  1.58324572 -1.02502881  0.45009055  0.21914166
  -1.07698506  0.37581782 -0.54358868  0.89978859 -0.20373885 -0.24920949
   0.85720966 -1.25446872 -0.52086676 -0.29643495 -1.96297948 -0.10036932
  -1.59737085 -2.56560576 -0.81750854 
  -0.27620319 -1.57403057 -2.1350105   1.63737124  1.27855831  0.88546334
  -0.49121184 -0.43443843  1.57251809  1.16757741  0.16380969  0.37803249
  -0.23246221  0.227418   -0.87675436 -0.30514905 -0.19533386 -1.58548234
  -0.76396694  1.54117506 -0.56414421  0.65259581  0.26009999 -1.36764985
  -0.54805054 -1.31753521 -1.4878458  -0.44813401  1.0634582  -0.54666725
  -0.77214589 -0.55829213 -0.12938997  