NN 16 32 16   -3.13240374e+00  -8.49680604e-01  -3.44736760e-01   5.94081174e-01
    1.83674066e+00  -8.18682574e-01  -1.58591934e+00  -1.55248801e+00
    2.77335510e+00  -1.32161301e+00  -2.43339865e-01   5.41033964e-01
    7.31101617e-01  -2.01512917e-01   2.50772969e-01  -3.78664982e-01
   -7.49042400e-01 
    4.46241721e-01  -4.35461472e-01  -2.62508903e-01  -3.34578725e-01
    9.91597236e-01  -2.64127784e-01   1.11690534e-01   4.41825752e-01
   -2.30955395e+00   6.70736728e-01   1.86916501e+00  -3.30474227e+00
    6.02091105e-01   7.00665276e-01  -1.65600945e+00   1.20214526e+00
    5.21703239e-01 
   -6.99981214e-01   9.54238720e-02  -2.52197136e+00   9.58673410e-01
    2.39063671e+00  -1.59450286e+00  -3.48113228e-01  -6.95859868e-01
   -1.00022721e+00   4.77117569e-01   9.45654049e-02   1.81775854e-01
    1.48238176e+00  -8.03059446e-01  -1.29133805e-01   1.73945563e+00
    1.71738137e-01 
    1.44545864e+00  -7.76961649e-01  -9.56479843e-01   6.90781220e-01
    6.06730514e-02  -9.46140128e-01   9.23331732e-01  -3.52553381e-01
   -1.37862301e+00   8.02379429e-01  -1.34054428e+00   1.59904537e+00
    1.63354782e+00  -1.57866401e+00   9.69485759e-01  -1.81615741e+00
   -3.42506975e-01 
   -3.42284636e-01  -1.40706452e+00   1.34197806e+00  -1.00573469e+00
   -3.75061057e-01  -7.04971276e-01  -3.27508853e-02  -1.64520352e+00
    1.24738683e+00  -2.25795091e-01  -1.58139961e-01   1.76173229e+00
    1.55532856e+00   2.04278391e+00   6.75042341e-02  -1.42449410e+00
   -7.23426786e-01 
   -3.85255637e-01   1.25593013e+00   1.45303018e+00  -1.18856207e+00
    5.98703526e-01   1.01582758e+00   1.53073050e+00  -1.12278963e-01
   -3.59460284e-03  -3.02413593e-01  -1.59994671e+00   5.27711238e-01
   -7.66676201e-01  -1.30144681e+00  -2.40288432e-01  -1.43002459e-01
   -1.35868466e-02 
    6.68956792e-01   1.43152841e+00   1.33851158e+00  -1.73800817e+00
   -7.70815602e-02  -5.55305243e-02  -1.67690347e+00   1.04939428e+00
   -4.73696077e-01   5.95419636e-01   8.88131916e-01   3.53974245e-01
   -2.42443399e-01  -4.38007442e-01  -1.24196233e+00   7.89922848e-01
   -6.15087491e-01 
    5.77615706e-01  -1.31683214e+00   9.39670085e-01  -2.63088399e-01
    8.17581039e-01   3.59507392e+00  -1.73383311e+00   8.51044774e-02
    2.18090158e+00   2.17968121e+00   5.93732774e-01  -5.53902342e-01
   -6.07616235e-01  -2.30938451e+00  -1.14419671e+00  -1.54315041e-03
   -6.10727359e-01 
    2.20050718e-01   2.35477397e+00  -9.22592409e-01  -7.17870383e-01
    9.62018701e-01  -1.10217377e+00  -9.61052122e-01  -2.16614203e-01
   -1.62822981e+00   2.12862935e+00   1.22024765e+00  -1.06683065e+00
    6.20079624e-01  -1.78067866e+00   1.09598738e+00  -1.44518869e+00
   -1.77825561e-01 
   -1.48498524e+00  -3.80617226e-02  -8.62953111e-01   1.28986030e+00
    1.75475755e+00  -7.76113092e-01   1.19163430e+00  -7.12591362e-01
   -9.69264739e-01   1.09609674e+00   1.78915150e-01   1.80771407e+00
   -2.39943790e+00   5.36395735e-01  -3.64381110e-01  -1.24258704e+00
    2.67227133e-01 
   -5.69536886e-01   5.72525899e-01   1.35949971e-01  -2.62524204e+00
   -1.80746652e+00  -1.23457824e+00   2.77196912e-01   3.70082451e+00
   -1.07252687e+00   5.38171593e-01  -5.03004785e-01   2.48811124e+00
   -8.02430673e-01  -2.69168098e-01  -3.19668064e-02   4.78171741e-02
   -6.02519983e-01 
    2.55546823e+00  -8.24301142e-01   5.13879532e-01   1.72018775e+00
    1.35105683e+00  -4.53319615e-01  -1.39552242e+00   6.49750638e-01
    3.20370245e-01  -9.25315928e-01   1.57759648e-01  -6.53143016e-01
   -2.61405898e+00   3.28546277e-01   8.30702019e-01  -6.53813912e-01
   -6.55037119e-02 
   -1.28374409e-01  -1.70133845e+00   1.21351386e+00  -1.02021702e-02
   -4.28202122e-02   3.13946687e-01  -3.05756298e+00   3.29314326e-01
   -1.87185802e+00   9.04844763e-01   2.83773176e+00   3.89629409e-01
   -3.61587106e-01   1.17816945e+00  -5.42065246e-01  -4.94785700e-01
   -1.06873881e+00 
   -3.26725221e-01  -7.77431125e-03  -5.40258977e-01   1.47356361e-01
    2.05919124e+00  -1.85425331e+00   7.73372484e-01   6.54609237e-01
    9.09635362e-01   1.53174594e+00  -2.11112157e+00  -1.68560737e+00
   -8.35543475e-01   5.52095660e-01  -3.92734003e-01  -6.26601847e-02
   -1.05282862e-01 
    1.16391467e+00  -1.90845701e+00   4.55987443e-01   2.60165422e+00
   -1.99787495e+00   9.30773430e-01   4.99929540e-01  -6.28356171e-01
   -1.60092664e+00  -6.81363820e-02  -4.41667723e-01  -4.77288844e-01
    8.15166319e-01   2.31876482e+00  -1.70639945e+00  -7.09609360e-02
    6.17797281e-01 
    1.37421860e+00  -1.02604048e+00  -2.30839275e-02   5.01899895e-02
   -3.30767920e-01   1.16294893e-01   2.95494434e+00  -2.71696588e+00
   -1.39970253e+00  -7.36508766e-01  -4.33323742e-01  -9.02443161e-01
    1.40274637e+00  -1.71957298e+00   6.45464225e-01   3.02511187e-01
    4.71430402e-01 
    1.32695539e+00   8.01238706e-01  -2.89960879e+00  -3.75677175e+00
    6.75359450e-01   8.44701795e-02   1.08629446e+00   1.47647654e+00
    4.83749082e-01   3.70402056e-02  -6.59800513e-01  -1.04614879e+00
   -3.11216364e-01   1.75736327e+00  -5.25145026e-01   9.37469929e-01
    1.26862029e-01 
   -1.32235854e+00   3.57407276e-01  -1.30274712e-01   1.58936794e-01
    6.99369607e-01  -1.20222830e+00   6.41066061e-02   1.09827239e-01
    1.35508927e+00  -8.06738042e-01   9.59776974e-01  -6.59430318e-02
    7.55587834e-01  -8.65677552e-01  -5.21300949e-01   1.06537504e+00
   -5.65449177e-01 
   -1.88837494e-01  -1.96931744e+00   1.97542993e+00  -1.01690423e-01
   -2.15133281e+00   5.22460892e-01   3.93268775e-02   1.33337835e+00
    4.53596151e-01   1.77375379e+00  -1.73118522e+00  -5.39970114e-01
    6.42996125e-01  -9.91817745e-01   6.33738085e-01   6.60014643e-01
    1.72894830e-01 
   -1.20933033e+00   4.36289012e-01  -9.10501636e-01   1.93705970e+00
   -8.14407160e-01   1.82246233e+00   8.44708575e-01  -1.38543733e+00
   -9.40023391e-02  -1.61331788e+00  -8.05031914e-01   6.96461742e-01
    1.71816476e+00   2.70768519e-01  -1.54524746e-01  -1.79423038e+00
    4.23119950e-01 
    8.99277060e-02   2.39392153e+00   1.00376444e+00  -2.99228885e-01
   -5.08377586e-01  -4.13487425e+00   1.09161129e+00   3.18541780e+00
    1.16888144e+00  -1.81538451e+00   7.34980513e-01  -5.13297752e-01
   -5.14855770e-01  -5.21473980e-01   5.66538135e-01  -9.67913340e-02
   -2.11589557e-01 
   -2.33361181e+00   8.25622037e-01   1.70815539e+00  -4.29011002e-01
    1.55930239e+00  -9.77568696e-01  -5.73249923e-01  -3.74967508e-01
    2.06820752e+00  -1.25058295e+00   1.08984038e-01  -1.67702145e+00
    5.30294301e-01   5.99050959e-01  -1.04977277e+00  -3.24385814e-01
    6.39517828e-01 
   -3.72388563e-01  -3.82195783e-01   5.67718723e-01  -7.70270911e-01
    2.18596903e+00  -1.43560252e+00   9.91611873e-02   2.18636134e+00
   -2.35653184e+00  -6.94039849e-01   1.04260875e+00   7.22651694e-01
    5.80607866e-01  -6.72699034e-01  -2.84078012e-01  -6.80817844e-01
   -2.63636819e-01 
   -1.90932887e+00   1.69271751e-01  -1.49402636e+00   1.88789823e+00
   -1.02002776e+00   1.09523921e+00   7.47790205e-01  -6.46185344e-01
    1.19125385e+00   1.52030163e+00   1.49703626e+00  -1.59033658e+00
    7.32411747e-01  -1.21789964e+00   4.45300315e-01  -1.91895983e-01
   -6.08709037e-01 
    1.49631052e+00   1.60684518e+00  -1.81134328e+00  -7.08584714e-01
   -3.28158262e+00  -9.41008633e-01   1.12617566e+00   4.78861898e-01
    1.17343305e+00  -2.33200106e+00   2.08028246e+00  -2.90993989e-01
    3.39271533e-01  -2.63653018e-01  -7.55332533e-01   4.93214806e-02
   -1.75671584e-01 
    1.42756162e+00   1.24332473e-01  -1.56297219e+00  -3.06365956e-01
   -1.10465891e+00  -5.42042750e-01   2.36297827e+00  -2.98291758e+00
   -1.23256614e-01  -3.68935872e-01   2.59701159e-01   9.24501998e-01
   -2.11137509e-01   1.25834071e+00   8.69607924e-01   7.70754207e-01
   -6.85678072e-01 
   -5.95462291e-01  -7.08932762e-01   1.76379540e+00  -1.58008174e-01
    1.21587093e+00   1.52124090e+00  -2.67353860e+00  -4.03513500e-03
    4.20872360e-01  -7.56829296e-01  -2.91452752e+00   3.09875247e-01
    1.57008685e+00  -1.27298879e+00   7.49217535e-02   2.68955422e+00
   -2.17441374e-01 
   -6.86208822e-01   2.45544240e+00   1.27786334e+00  -8.80599372e-03
   -1.10409977e+00   2.08252801e+00  -4.04209774e-01  -1.78973802e-01
   -9.76981985e-01  -1.77970434e+00  -3.34654803e-01  -2.38601632e-01
   -8.62301056e-01   5.27814996e-01  -7.23222138e-02   7.11535100e-01
   -4.32296555e-01 
   -3.01428623e-01  -1.22373086e+00  -9.62640258e-01   2.50606932e-01
    3.73369088e-01   2.33808057e+00  -8.21431219e-01   8.45017235e-01
    5.82802479e-01  -2.29242935e+00   1.26019256e+00  -2.04875437e-01
   -1.35375303e+00   5.11698659e-02   2.51350307e+00  -1.28209202e+00
    5.43236515e-01 
   -2.58413256e-01   1.77179307e+00   4.83655525e-01  -7.58063397e-01
    7.41521717e-01  -1.48726320e+00  -2.09751842e+00  -1.49518635e+00
   -1.64627693e-01  -6.61696664e-01  -1.24631820e-01   8.97486038e-01
    5.65308712e-01   3.90986881e-01   4.29146118e-02   9.77913781e-01
    1.89788915e-02 
   -1.15819733e+00   1.98906871e-01   2.31553180e+00   1.52003107e+00
    1.06728151e+00   2.30927991e-01  -1.66319452e+00  -9.49373019e-01
   -5.67557228e-01   7.21196780e-01  -1.87214526e+00  -1.38740041e+00
   -1.54852404e+00   1.34169506e+00   1.29421054e+00   1.05964279e+00
    3.02676073e-01 
    1.19927518e+00   1.02147156e+00  -8.93917183e-01  -4.47826135e-01
   -8.52075153e-01  -3.56271326e-01  -6.03346149e-01  -4.57464910e-01
    1.52730503e+00   1.42925213e+00  -1.94589962e+00  -1.68626089e+00
   -3.77673534e-01  -1.60808233e+00   2.24040491e+00   6.58229906e-01
   -5.28815057e-01      3.11027108e+00  -9.06095464e-01   1.39840637e-01  -1.84214087e+00
   -7.53672196e-01   8.99538090e-01  -5.79136696e-01  -9.05309717e-01
    4.50429815e-01   1.02002110e+00   5.44708632e-01  -2.75761581e+00
   -8.24014241e-01   3.38636655e-01   6.81106377e-01  -1.70184259e+00
   -4.04312436e-01   2.41670882e-01   1.06862046e-01   4.78813358e-01
   -3.08079483e-01   2.11368324e+00   3.35405482e-01   1.97557747e+00
   -1.84106022e+00  -9.66450149e-01   5.48416541e-01  -2.21273650e-01
   -4.59107094e-02  -4.82897259e-01   3.80252095e-01  -1.62022515e+00
   -2.77210587e-01 
    5.72093520e-01   3.54941907e-01  -4.16416670e-01  -1.93035688e-02
    1.01469182e+00  -3.84215007e-01  -1.39867277e+00   1.03915590e+00
   -2.35133695e+00  -2.47579336e-01  -9.26214954e-01   2.35946818e-01
    1.34995250e+00  -1.98363123e-01   1.81116078e+00   1.21622991e-01
    1.77737420e-01  -7.65228816e-01   1.97448712e+00  -2.00727796e+00
   -1.56255651e+00   1.87521412e-01   2.74492205e-01   1.59596587e-01
   -1.55837986e+00   4.55289323e-01   6.95879205e-01  -3.78423967e+00
    1.40612379e+00  -1.70541912e+00   9.27931019e-02  -1.31558180e+00
    1.11527749e-01 
    7.74632071e-01   1.10788735e-01   2.82164218e+00   7.02596709e-01
   -1.96873558e+00  -1.40404472e+00  -9.28327256e-01  -7.60629680e-01
    1.53124349e+00   1.07571522e+00   2.53293340e-01   1.71503380e-01
   -2.27991034e+00  -2.82809764e-03  -4.61522504e-01  -1.28058315e+00
    2.17814339e+00  -6.66557675e-02  -1.49896054e+00   1.16140251e+00
   -1.40837586e+00  -2.32823452e+00  -1.16382097e+00   1.18013936e+00
    1.15608481e+00   8.72698333e-01  -2.09146765e+00  -6.16697142e-01
    1.88063654e+00  -3.55082820e-01  -2.51885647e+00   7.61261965e-01
   -3.64680970e-01 
   -1.28392922e+00   6.56549772e-01  -1.39296150e+00  -1.01818052e+00
    1.64038338e+00   1.33141090e+00   1.47582102e+00   4.50991996e-01
    4.39133591e-01  -8.45339908e-01   2.42617099e+00  -2.22610815e+00
    6.52743539e-01  -1.08768052e+00  -3.16089083e+00   2.42305415e-02
    3.72109479e+00  -1.89042178e-01   5.23183813e-01  -2.03930712e+00
   -1.04327452e+00   6.96869053e-01   8.76060402e-01  -2.74961687e+00
    4.31019822e-01   5.29367837e-01   8.63607272e-02   2.99273904e-01
   -2.92666840e-01   3.58848569e-01  -1.65462366e+00  -4.88154709e-01
   -4.99772109e-02 
   -1.54443064e+00  -1.05867789e+00  -2.04373645e+00  -2.97835218e-01
    3.10506107e-01  -2.69847398e-01   1.67634281e-01  -1.20341891e+00
   -2.18708633e-01  -2.70397399e+00   1.21571096e+00  -4.02391643e-01
   -2.95002940e-01  -2.27798501e+00   2.54293492e+00  -1.55586032e+00
   -2.28108736e-02  -1.39277256e+00   2.67799405e+00   7.15305517e-02
    1.31992842e+00  -1.25743372e+00  -2.95067875e+00   2.18800607e+00
    2.07094817e+00   1.48333851e+00  -1.53150448e+00  -3.55323936e-01
   -1.08039893e+00  -4.84156258e-01  -1.07461639e+00   1.42383739e+00
   -1.26190034e-01 
   -7.12533265e-01  -6.79702279e-02   6.86098038e-01   7.32401227e-01
    9.42953749e-01  -7.51251902e-01  -3.46972403e-01  -3.49626824e+00
    9.55822251e-01   8.17242215e-02   4.17907879e-02   1.76453355e-01
   -5.26262448e-01   1.89427387e+00  -9.12609920e-01  -2.09637381e+00
   -1.35527368e+00   3.79440472e-01  -1.72193562e-01  -2.68748023e+00
    4.46317191e+00   3.58985965e-01   2.96787405e-01  -5.16974266e-02
   -5.59871361e-02   4.58718970e-01  -1.50905857e+00  -1.55766957e+00
   -3.43612516e+00   7.24585799e-01  -1.86790623e-01   6.60071272e-02
    4.64850940e-02 
    6.69745424e-01  -8.62749466e-01   1.81545047e-01  -1.15250991e+00
   -3.82400419e-01  -1.75164136e+00   1.25268076e+00   9.65143398e-01
   -1.53052702e-02  -2.20963063e+00  -5.61769165e-01   2.38599446e+00
    3.12102198e+00  -1.58433868e+00  -1.14499391e+00  -3.79198397e+00
   -9.78789258e-01   1.39725869e-01  -2.40158191e-01  -3.52256983e-02
   -8.68084423e-01  -4.57509914e-01  -4.56989181e-01  -6.44048255e-01
   -1.69182319e+00  -1.73758768e+00   1.18089643e+00   3.69543657e-02
    3.75525753e-01   2.53197945e+00   5.73620452e-01   5.67170683e-01
   -3.35243991e-01 
    5.82614523e-02  -8.74418893e-01   1.90931587e+00  -5.52145121e-01
    1.48092952e+00  -2.34537074e-01  -9.85053729e-01  -5.58938629e-02
   -1.52537441e-01   4.22405813e-01  -3.92761715e+00  -5.89168652e-03
   -9.48752665e-02  -1.37987875e+00  -3.49292016e-01   2.10605719e+00
   -2.13196135e+00  -6.36826333e-01  -2.26585036e+00  -3.60471371e-01
   -2.41803595e+00  -3.58343069e-01  -2.73454924e+00   2.18588725e-01
   -2.44076898e-01   3.08667355e+00   6.20347600e-01   5.17591053e-01
   -1.63938951e+00   1.01261381e+00   8.53342449e-01  -2.51403745e-01
   -7.22777851e-01 
   -1.81312642e+00   2.23040072e+00   1.10329190e+00   1.19236347e+00
   -1.88051492e+00  -2.73535356e-01   1.17524957e+00  -2.07817137e+00
    2.01085859e+00   2.72967095e-01   4.78423929e-01  -1.38073756e+00
    1.15451902e+00  -1.47163738e+00   2.00452985e+00   1.40645874e+00
   -8.75398612e-01  -1.99216904e+00  -4.13369468e-01   5.52421835e-01
   -1.46691017e+00  -1.53197499e+00   2.07074053e+00  -1.36040716e+00
   -1.69098390e+00  -6.24361276e-01   9.85683458e-02   7.20239295e-01
   -1.11286985e+00  -1.56304428e-01   1.48347209e+00  -1.63643681e+00
   -4.79572429e-01 
    6.78999555e-01  -7.31227181e-01  -7.65733202e-01  -1.20830857e+00
   -2.42762368e-01   1.55771227e-01  -8.23194638e-01  -2.28137373e+00
   -2.23837971e+00  -2.44561237e+00  -1.75173383e+00   1.65463876e+00
   -2.23373605e+00  -1.34602434e+00  -8.01723513e-02  -5.76515155e-02
    7.38015447e-01  -5.91057585e-03  -1.99779165e+00   1.72378029e+00
    1.23578566e+00   1.21985677e+00   6.08627777e-01  -2.51051075e+00
    2.67234728e+00  -5.04419191e-01   1.52333996e+00   2.22497879e-01
    2.14081933e+00   3.34993693e-01   3.63320776e-02  -1.49982611e+00
   -1.51349940e-01 
   -2.53975520e-01  -2.44426426e+00   2.52275313e-01   6.94805053e-01
   -4.05300875e-01   1.05080568e+00  -9.45503219e-01  -2.19815698e+00
   -1.41641126e+00  -1.06172439e-01   1.09258148e+00   3.59199525e-01
   -2.60053962e+00   1.85542060e+00  -3.93683534e-01   2.70543380e-01
    6.41666541e-01  -1.08748616e+00   9.71701852e-01   1.45027841e+00
   -6.08322133e-01  -9.97166947e-01  -1.27327796e+00  -2.53742085e+00
   -1.71352739e+00  -1.50037209e+00   3.16357766e+00   8.80851062e-01
   -1.15164293e+00  -3.23671278e-01   1.47783337e+00   2.35863237e+00
   -3.12516050e-01 
   -1.40970753e+00   3.84447472e+00  -1.15349028e+00  -2.47206820e+00
   -1.93214393e+00  -1.07170150e+00  -1.10107629e+00   2.44741530e-01
    9.18436765e-01  -2.16922054e+00  -2.58980242e+00   1.53819567e-01
   -8.29292621e-01   1.27267904e+00   2.14825899e-01   1.54197763e+00
   -8.42275169e-01  -4.44770353e-01  -5.36041803e-02  -7.06714608e-01
    7.52765004e-01   1.80986304e+00  -4.60318465e-01   8.78525946e-01
    8.14826538e-01  -1.77277077e+00  -1.28432626e+00  -2.99452885e-02
    8.55540531e-01  -8.66586517e-01   1.23878365e+00   9.63442103e-01
   -5.20271661e-01 
   -4.54252699e-01  -8.44016483e-01  -2.45985740e+00  -1.95888403e+00
   -1.95704803e+00   7.89678389e-01   1.08635352e-01  -2.75902749e-01
   -5.53344720e-01   2.99844883e+00   3.45403057e-02   2.03200364e+00
   -1.03766619e+00   1.38039768e-01  -3.72641465e-01  -1.23753173e+00
   -7.02156851e-02  -1.05265234e+00  -3.63009919e-01  -1.28852666e+00
    4.41926450e-01  -4.46581742e-01  -8.56020442e-01  -6.93699102e-01
    1.06291801e-01  -2.04637895e-01  -1.69383879e+00   4.27331711e-01
    1.41726461e+00  -1.14163630e+00   1.77368955e+00  -4.48905029e-01
   -2.14630460e-01 
   -3.17439266e-01  -8.02194878e-01   5.88687445e-01   1.84367252e+00
   -2.10612297e+00   1.13934632e+00  -1.82428040e-01   8.96394292e-01
    9.08203528e-01  -6.78808722e-01  -8.08668823e-01   4.86834527e-03
   -1.61647053e+00  -6.73458128e-01  -2.38188770e+00   1.86291521e+00
   -2.68354008e+00   3.24633798e-01   9.54234289e-01  -7.42227112e-01
    6.84057078e-01  -6.76053763e-01   1.28602052e+00   3.39616414e-01
    3.89752806e-01  -1.92985069e+00   8.96450556e-01  -1.21965210e+00
    1.58583106e-01  -9.66729187e-01  -8.36799686e-01   6.71680092e-01
   -3.82673357e-01 
   -6.66217069e-01   1.80620065e+00   2.29402812e-01  -1.04587695e+00
   -9.88791872e-01  -1.64800489e-01   8.90878886e-01   1.28843887e+00
   -7.60402812e-01   1.28775406e-01  -7.97580643e-01  -6.85328506e-01
    2.36219457e-01   4.60335002e-01   1.57729746e+00  -1.02678742e+00
    4.45958156e-01   2.15831227e-01  -1.08096787e+00   3.71548083e-01
   -5.46820612e-01   8.98392861e-01  -2.06275123e-01  -2.53793492e-01
    8.53045248e-01  -1.25992843e+00  -5.24462376e-01  -2.99553365e-01
   -1.96850617e+00  -1.03167989e-01  -1.59985497e+00  -2.56740729e+00
   -8.25014373e-01 
   -2.77971051e-01  -1.57550402e+00  -2.13964413e+00   1.63446772e+00
    1.27210047e+00   8.83004488e-01  -4.93797454e-01  -4.38094924e-01
    1.57049435e+00   1.16424328e+00   1.61628065e-01   3.76525352e-01
   -2.33928596e-01   2.25529637e-01  -8.81158382e-01  -3.08513336e-01
   -2.00083382e-01  -1.58970018e+00  -7.68090730e-01   1.53738974e+00
   -5.67002375e-01   6.50481261e-01   2.58649978e-01  -1.37337269e+00
   -5.50702616e-01  -1.32432206e+00  -1.48978831e+00  -4.50309346e-01
    1.05969508e+00  -5.50200723e-01  -7.74487032e-01  -5.60365742e-01
   -1.36961532e-01  