NN 16 32 16   -3.17346689e+00  -8.57893930e-01  -2.72479734e-01   6.03740790e-01
    1.86342868e+00  -8.42497989e-01  -1.57193345e+00  -1.54939073e+00
    2.85447338e+00  -1.24915615e+00  -2.60838705e-01   4.77417094e-01
    7.36249054e-01  -2.05971231e-01   2.82655132e-01  -3.79613800e-01
   -7.43432805e-01 
    4.72974560e-01  -5.29619070e-01  -3.37198221e-01  -3.89474350e-01
    9.16678563e-01  -2.61592491e-01   1.00034008e-01   3.71293434e-01
   -2.29763662e+00   6.12796794e-01   1.88697549e+00  -3.37315539e+00
    5.77601911e-01   6.79155302e-01  -1.72622143e+00   1.17368769e+00
    4.92662003e-01 
   -7.97341992e-01   6.04261148e-02  -2.54852242e+00   9.81432508e-01
    2.36479627e+00  -1.67892799e+00  -3.22121481e-01  -8.17374907e-01
   -1.01527063e+00   5.02415126e-01   5.77815767e-02   7.42991422e-02
    1.42256899e+00  -8.64534284e-01  -1.64951262e-01   1.73132964e+00
    1.14088714e-01 
    1.45597869e+00  -8.03059549e-01  -9.82264665e-01   7.14206535e-01
    8.88511524e-02  -9.74617547e-01   9.42338763e-01  -3.94051448e-01
   -1.36865741e+00   8.04742642e-01  -1.26845697e+00   1.62845457e+00
    1.66940493e+00  -1.54695499e+00   1.01449289e+00  -1.79572651e+00
   -3.11506331e-01 
   -2.88511383e-01  -1.42638725e+00   1.28875764e+00  -1.04134401e+00
   -3.35056182e-01  -6.72709053e-01  -2.23061055e-02  -1.71210167e+00
    1.25130706e+00  -2.54079487e-01  -1.21539997e-01   1.80374682e+00
    1.57158878e+00   2.04771078e+00   6.11299204e-02  -1.41287446e+00
   -7.08940340e-01 
   -4.17415598e-01   1.26168341e+00   1.44766315e+00  -1.24233298e+00
    5.89831874e-01   9.68674496e-01   1.49081340e+00  -1.64838168e-01
   -2.22639801e-02  -2.91419400e-01  -1.66905987e+00   4.91515187e-01
   -8.16979549e-01  -1.34111858e+00  -2.91840476e-01  -1.83996628e-01
   -5.69701274e-02 
    6.67451855e-01   1.47749069e+00   1.29267465e+00  -1.73935711e+00
   -1.17057025e-01  -4.87440928e-02  -1.70300041e+00   1.04442960e+00
   -5.34532896e-01   5.75829774e-01   8.71711955e-01   3.37934807e-01
   -2.52170942e-01  -4.44330178e-01  -1.27076749e+00   7.76021671e-01
   -6.30897972e-01 
    5.79012448e-01  -1.34483229e+00   9.55016510e-01  -3.58435712e-01
    7.15573853e-01   3.60853881e+00  -1.78085316e+00  -5.47661520e-03
    2.10326425e+00   2.07385553e+00   4.99266635e-01  -6.45285227e-01
   -6.69597652e-01  -2.40645563e+00  -1.21193230e+00  -7.81556164e-02
   -6.75862400e-01 
    2.22302520e-01   2.37332043e+00  -9.44266336e-01  -6.70411847e-01
    9.73022678e-01  -1.11104845e+00  -1.04518787e+00  -1.72452475e-01
   -1.54981373e+00   2.21369874e+00   1.26887962e+00  -1.07187635e+00
    6.57950126e-01  -1.73150057e+00   1.15171702e+00  -1.42301370e+00
   -1.46733040e-01 
   -1.49462837e+00  -1.23994627e-01  -8.38757481e-01   1.26197182e+00
    1.67410493e+00  -8.61334747e-01   1.24272869e+00  -8.26278717e-01
   -9.13152346e-01   1.07195326e+00   2.41370277e-01   1.78380627e+00
   -2.43490930e+00   5.01498359e-01  -4.07330930e-01  -1.28619871e+00
    2.32485812e-01 
   -5.16642903e-01   6.16298649e-01   9.90995519e-02  -2.55370286e+00
   -1.84553099e+00  -1.20560086e+00   2.75853520e-01   3.75488476e+00
   -1.07639547e+00   6.59795112e-01  -4.76234060e-01   2.63586211e+00
   -7.17065947e-01  -1.75625506e-01   5.52117571e-02   1.29709258e-01
   -5.17822086e-01 
    2.57677186e+00  -7.08496045e-01   4.79997007e-01   1.77229536e+00
    1.40986889e+00  -4.59521353e-01  -1.38835984e+00   6.50486761e-01
    2.16503920e-01  -9.86615324e-01   1.65532565e-01  -6.59340233e-01
   -2.60296839e+00   3.24432489e-01   8.61161119e-01  -6.68304943e-01
   -6.96497577e-02 
   -1.49501231e-01  -1.59734033e+00   1.25130732e+00  -1.08656368e-01
   -3.28960133e-02   4.29052016e-01  -3.04715122e+00   2.17927847e-01
   -1.96283337e+00   9.17605037e-01   2.85750102e+00   3.94245242e-01
   -3.44149614e-01   1.19390682e+00  -5.43672318e-01  -4.78891576e-01
   -1.05600943e+00 
   -3.54567174e-01  -7.15214154e-03  -5.25195626e-01   1.72341021e-01
    2.07440636e+00  -1.87527362e+00   8.29585631e-01   6.19435835e-01
    9.13159675e-01   1.58572413e+00  -2.07832485e+00  -1.62820740e+00
   -8.12398114e-01   5.34039842e-01  -3.92550751e-01  -3.04048257e-02
   -8.82535984e-02 
    1.15892489e+00  -1.92164840e+00   3.89352634e-01   2.60245393e+00
   -2.02821743e+00   9.53305231e-01   3.47875276e-01  -6.54843082e-01
   -1.62563431e+00  -1.40038388e-01  -4.47182662e-01  -4.93691849e-01
    7.36626889e-01   2.26795757e+00  -1.78368321e+00  -1.35226499e-01
    5.56690978e-01 
    1.32033972e+00  -9.86108655e-01  -3.05293310e-02  -1.47604929e-02
   -2.89811702e-01   4.85054232e-02   2.98006757e+00  -2.78068573e+00
   -1.30204598e+00  -7.66740278e-01  -4.16983089e-01  -9.16364865e-01
    1.41922308e+00  -1.68068212e+00   6.26412619e-01   3.17807074e-01
    4.75642784e-01 
    1.34642836e+00   8.24928535e-01  -2.90393032e+00  -3.78758843e+00
    7.16629941e-01  -1.10894731e-02   1.03707348e+00   1.53164348e+00
    5.07283929e-01   4.45386532e-02  -7.51127045e-01  -1.00104441e+00
   -3.06954998e-01   1.76127131e+00  -5.08219080e-01   9.42440409e-01
    1.31842950e-01 
   -1.31279038e+00   3.56285725e-01  -1.50348752e-01   1.29211943e-01
    6.65576773e-01  -1.24705650e+00   1.22141626e-01   1.02644360e-01
    1.37506986e+00  -8.17738222e-01   9.35093179e-01  -4.94804777e-02
    7.57587258e-01  -9.03552526e-01  -5.38972303e-01   1.06064281e+00
   -5.76626293e-01 
   -1.83463315e-01  -1.95599852e+00   1.95590060e+00  -1.17644205e-01
   -2.17607844e+00   5.66617800e-01  -3.00247734e-03   1.39643707e+00
    3.82083668e-01   1.73289116e+00  -1.77437988e+00  -5.37621962e-01
    6.31208126e-01  -1.03524434e+00   6.20370748e-01   6.52589598e-01
    1.64248616e-01 
   -1.25993888e+00   4.17587370e-01  -8.92317200e-01   1.95874846e+00
   -8.92717335e-01   1.81267582e+00   7.81202063e-01  -1.33420131e+00
   -1.62305420e-01  -1.65235720e+00  -9.07021789e-01   6.53776290e-01
    1.64664970e+00   2.25373083e-01  -2.08386308e-01  -1.89592847e+00
    3.55048182e-01 
    1.24242041e-01   2.36598395e+00   9.78266499e-01  -3.07105115e-01
   -4.44910313e-01  -4.20242702e+00   1.05822172e+00   3.23031147e+00
    1.21651009e+00  -1.86454777e+00   7.21339879e-01  -4.51859876e-01
   -5.30196189e-01  -5.49585230e-01   5.42123243e-01  -1.32376630e-01
   -2.29882190e-01 
   -2.33623211e+00   8.30229040e-01   1.72005506e+00  -4.48879892e-01
    1.59838398e+00  -9.82501377e-01  -5.53301606e-01  -4.88773441e-01
    2.11410061e+00  -1.20865644e+00   5.49894397e-02  -1.68927016e+00
    5.21981085e-01   5.91377628e-01  -1.08377301e+00  -3.34909340e-01
    6.36719710e-01 
   -4.05997218e-01  -4.96315684e-01   4.90099613e-01  -8.72818829e-01
    2.14741988e+00  -1.38139080e+00   3.83668686e-02   2.10647054e+00
   -2.43534463e+00  -8.14813364e-01   9.91121108e-01   6.26947181e-01
    4.89484947e-01  -7.37762203e-01  -3.75523255e-01  -8.08281270e-01
   -3.52224725e-01 
   -1.88996312e+00   1.88457433e-01  -1.45828488e+00   1.90162824e+00
   -9.73968431e-01   9.50637908e-01   7.73167833e-01  -6.78384989e-01
    1.19940838e+00   1.53381982e+00   1.50360811e+00  -1.67479441e+00
    6.96169561e-01  -1.27361251e+00   4.37987244e-01  -2.24183657e-01
   -6.33157785e-01 
    1.50406258e+00   1.59438931e+00  -1.84670235e+00  -7.12759296e-01
   -3.26343421e+00  -1.00820151e+00   1.08575712e+00   6.44599891e-01
    1.30977999e+00  -2.29058145e+00   1.96953498e+00  -2.85420279e-01
    3.29135013e-01  -2.52354124e-01  -7.59836915e-01   3.99461449e-02
   -1.75237891e-01 
    1.54153859e+00   5.86750383e-02  -1.63676135e+00  -2.16497133e-01
   -1.19780354e+00  -5.39413557e-01   2.42272524e+00  -2.86927228e+00
   -1.99200889e-02  -3.41002569e-01   3.15725472e-01   9.26790153e-01
   -1.66015223e-01   1.29007828e+00   9.17984466e-01   8.57380843e-01
   -6.46089822e-01 
   -6.39306468e-01  -7.09164575e-01   1.73646832e+00  -2.31859673e-01
    1.18484502e+00   1.58338760e+00  -2.70216757e+00  -7.66012228e-02
    3.31565259e-01  -8.13850635e-01  -2.96340035e+00   2.07758381e-01
    1.49838890e+00  -1.34883733e+00  -8.85636834e-03   2.67653059e+00
   -2.85964127e-01 
   -7.03575476e-01   2.43164744e+00   1.26544374e+00  -1.02417723e-02
   -1.16483552e+00   2.07649403e+00  -4.25820709e-01  -1.45345378e-01
   -9.67954524e-01  -1.80110969e+00  -3.62221313e-01  -2.40282923e-01
   -8.75354859e-01   5.34072558e-01  -8.73538896e-02   7.15496647e-01
   -4.45465470e-01 
   -3.94861239e-01  -1.22912971e+00  -8.68657306e-01   1.49050826e-01
    2.70356965e-01   2.28785140e+00  -8.03213334e-01   9.29271840e-01
    4.85892006e-01  -2.38038503e+00   1.21448830e+00  -2.15559841e-01
   -1.37744759e+00   3.03504681e-02   2.56560588e+00  -1.31813119e+00
    5.23780379e-01 
   -2.58782825e-01   1.88750105e+00   4.30172265e-01  -7.00091577e-01
    7.63998430e-01  -1.42497883e+00  -2.09442756e+00  -1.48828089e+00
   -2.31099840e-01  -6.27409729e-01  -1.71374976e-01   8.89139090e-01
    5.80237656e-01   4.09615552e-01   7.90981789e-02   9.96324969e-01
    3.16054263e-02 
   -1.21861204e+00   1.64897137e-01   2.38538584e+00   1.39088774e+00
    1.03917598e+00   2.66207990e-01  -1.66306073e+00  -1.07819110e+00
   -6.40197712e-01   6.79200490e-01  -1.86907783e+00  -1.44866030e+00
   -1.58903986e+00   1.32027156e+00   1.25176704e+00   1.03290862e+00
    2.61870479e-01 
    1.23101777e+00   9.98532773e-01  -9.35795821e-01  -3.45444165e-01
   -8.38569058e-01  -3.97857416e-01  -6.28991259e-01  -3.91082167e-01
    1.47711755e+00   1.44706511e+00  -1.98931646e+00  -1.68924212e+00
   -3.89612638e-01  -1.61944102e+00   2.26269542e+00   6.66125284e-01
   -5.34132029e-01      3.13193754e+00  -9.05809834e-01   2.08743760e-01  -1.86642253e+00
   -8.04915611e-01   9.13117172e-01  -5.84586382e-01  -8.60223680e-01
    4.68967065e-01   9.79054159e-01   5.25706965e-01  -2.74515192e+00
   -7.92063851e-01   3.82092688e-01   7.23246150e-01  -1.75240862e+00
   -3.82679035e-01   1.97696655e-01   2.01954061e-01   4.65875686e-01
   -3.45354758e-01   2.11594548e+00   3.27919472e-01   2.00265847e+00
   -1.78702273e+00  -1.02892107e+00   5.35282821e-01  -2.08246482e-01
   -6.65614394e-02  -4.81566779e-01   4.10250670e-01  -1.53086399e+00
   -2.73005297e-01 
    6.01718093e-01   3.85506294e-01  -4.00627216e-01  -1.63396099e-02
    9.99948493e-01  -3.38193858e-01  -1.41748568e+00   1.02500718e+00
   -2.35772357e+00  -1.95813091e-01  -1.02379804e+00   2.40884138e-01
    1.32213353e+00  -2.07578910e-01   1.77340365e+00   2.29339625e-01
    1.71753948e-01  -7.81476735e-01   1.90866504e+00  -1.99138917e+00
   -1.65609210e+00   2.05291567e-01   3.11114726e-01   1.38827280e-01
   -1.56903581e+00   4.79382348e-01   6.95711515e-01  -3.77942631e+00
    1.42444761e+00  -1.68617103e+00   9.65993847e-02  -1.32380730e+00
    1.23877425e-01 
    7.32324218e-01   7.17970605e-02   2.85894915e+00   7.84716092e-01
   -1.99104695e+00  -1.44592106e+00  -9.35256495e-01  -7.91343513e-01
    1.53126637e+00   1.07069045e+00   3.06439941e-01   2.50857109e-01
   -2.32659031e+00  -2.13187971e-02  -3.90686616e-01  -1.23746228e+00
    2.16900052e+00  -5.16127429e-02  -1.44901891e+00   1.18462351e+00
   -1.31662393e+00  -2.39519019e+00  -1.15377732e+00   1.18372506e+00
    1.18109999e+00   8.54498080e-01  -2.10984669e+00  -5.92198400e-01
    1.94113691e+00  -3.40656089e-01  -2.45752265e+00   8.13712126e-01
   -3.41299385e-01 
   -1.32292561e+00   6.13453788e-01  -1.36500745e+00  -9.99442742e-01
    1.60021679e+00   1.29561120e+00   1.42787184e+00   3.94234023e-01
    4.57454928e-01  -8.39443506e-01   2.43359108e+00  -2.22633541e+00
    5.89954961e-01  -1.09339605e+00  -3.15752468e+00   4.90888588e-02
    3.76980057e+00  -2.30351475e-01   4.45179454e-01  -2.08236787e+00
   -1.03946502e+00   6.23809197e-01   8.55092060e-01  -2.78827683e+00
    4.64651313e-01   5.51286882e-01   3.60725497e-02   2.07203572e-01
   -3.51037203e-01   3.23725978e-01  -1.72077050e+00  -4.63109645e-01
   -9.22844222e-02 
   -1.54793773e+00  -1.07658076e+00  -2.01012566e+00  -3.15428315e-01
    2.38139143e-01  -3.49928084e-01   2.18594180e-01  -1.19048891e+00
   -1.81889173e-01  -2.72581127e+00   1.31328379e+00  -3.67616331e-01
   -2.60264644e-01  -2.28212500e+00   2.54490327e+00  -1.62446808e+00
   -1.30902978e-02  -1.40100848e+00   2.65873967e+00   1.29031877e-02
    1.35656833e+00  -1.31580891e+00  -2.93545533e+00   2.18155807e+00
    2.06603306e+00   1.41047730e+00  -1.52897775e+00  -3.67264556e-01
   -1.00847605e+00  -4.67992319e-01  -1.07144898e+00   1.43756098e+00
   -1.39320944e-01 
   -7.73390291e-01  -8.27332527e-02   7.96137595e-01   7.69848954e-01
    9.36473963e-01  -7.40358177e-01  -4.45151405e-01  -3.52099165e+00
    1.02088838e+00   1.52761164e-01  -8.04189010e-02   2.35094177e-01
   -5.75486875e-01   1.90264787e+00  -9.20674622e-01  -2.07645017e+00
   -1.29466173e+00   4.19564896e-01  -1.96161930e-01  -2.65308526e+00
    4.46292444e+00   3.22442940e-01   2.23089159e-01   1.78009264e-02
   -6.75100655e-02   5.83744491e-01  -1.55881088e+00  -1.60082418e+00
   -3.42400349e+00   7.10593986e-01  -2.27463116e-01   1.00570402e-01
    6.58698540e-02 
    6.73095807e-01  -8.52239302e-01   2.44124365e-01  -1.10000734e+00
   -4.91659470e-01  -1.78004101e+00   1.24154951e+00   9.16466859e-01
    1.19660098e-01  -2.17137390e+00  -5.58423270e-01   2.41419174e+00
    3.07728110e+00  -1.56287179e+00  -1.11248613e+00  -3.78680225e+00
   -1.02516897e+00   8.60444414e-02  -2.56319373e-01   4.11544995e-02
   -9.07402923e-01  -4.57207606e-01  -4.27845956e-01  -6.10323613e-01
   -1.69828599e+00  -1.77467800e+00   1.17925145e+00   1.38587281e-01
    3.73357266e-01   2.55268713e+00   6.57080901e-01   6.06414979e-01
   -3.26916144e-01 
    1.80132690e-02  -8.16559829e-01   1.98083963e+00  -5.52172770e-01
    1.47921714e+00  -2.96939178e-01  -9.97238296e-01  -7.73471818e-02
   -1.72725877e-01   4.01786660e-01  -3.98408952e+00   8.16290293e-02
   -9.00394005e-02  -1.32817204e+00  -3.49365080e-01   2.11217196e+00
   -2.10973070e+00  -5.95514460e-01  -2.26939364e+00  -3.91883408e-01
   -2.37353873e+00  -3.62468503e-01  -2.76578250e+00   2.37985827e-01
   -2.01063335e-01   3.15967332e+00   6.03603222e-01   4.61131233e-01
   -1.62913104e+00   1.01657581e+00   8.70403307e-01  -1.75956980e-01
   -7.14604619e-01 
   -1.81521452e+00   2.25018454e+00   1.10501576e+00   1.14502059e+00
   -1.89462981e+00  -3.06402309e-01   1.15320808e+00  -2.09891988e+00
    1.99158785e+00   2.80071335e-01   4.34300355e-01  -1.38252156e+00
    1.19848210e+00  -1.48115792e+00   2.01247818e+00   1.37092135e+00
   -9.18892307e-01  -2.00746984e+00  -4.35460941e-01   5.74232228e-01
   -1.49570963e+00  -1.50148596e+00   2.05463404e+00  -1.35154097e+00
   -1.72406681e+00  -6.45419472e-01   8.79286550e-02   7.16867617e-01
   -1.08012487e+00  -1.71969466e-01   1.50798652e+00  -1.67985313e+00
   -4.95862725e-01 
    7.02715225e-01  -7.69705374e-01  -7.68355749e-01  -1.20228885e+00
   -2.15603104e-01   1.61223786e-01  -7.99442213e-01  -2.25101872e+00
   -2.23675631e+00  -2.43014593e+00  -1.68916637e+00   1.69917005e+00
   -2.29206316e+00  -1.35255191e+00  -5.67423024e-02  -1.13195981e-01
    7.97241075e-01   1.43983552e-02  -2.00722650e+00   1.70463090e+00
    1.33607054e+00   1.20736107e+00   6.34962669e-01  -2.52844830e+00
    2.65815953e+00  -5.12873120e-01   1.56350779e+00   2.18604111e-01
    2.15587438e+00   3.67578447e-01   4.88870496e-02  -1.52984350e+00
   -1.40270432e-01 
   -2.36012955e-01  -2.45192975e+00   3.01218438e-01   6.93095802e-01
   -4.05354248e-01   1.07119175e+00  -9.32756794e-01  -2.17572604e+00
   -1.40863797e+00  -7.01148951e-02   1.12313784e+00   3.22567034e-01
   -2.55015488e+00   1.85352297e+00  -3.86994384e-01   2.39220037e-01
    5.71708841e-01  -1.09351119e+00   9.93704696e-01   1.45998781e+00
   -6.40853164e-01  -9.91790861e-01  -1.23085158e+00  -2.55864906e+00
   -1.74038538e+00  -1.56064603e+00   3.20911940e+00   9.16269530e-01
   -1.16648174e+00  -2.91216933e-01   1.52879438e+00   2.33054553e+00
   -3.08877851e-01 
   -1.40430070e+00   3.88683268e+00  -1.14293485e+00  -2.47509328e+00
   -1.93171975e+00  -1.06459287e+00  -1.07927483e+00   2.60986510e-01
    9.39419579e-01  -2.17303941e+00  -2.58107550e+00   1.77428695e-01
   -8.22489803e-01   1.30550758e+00   2.20245105e-01   1.54114821e+00
   -8.10095194e-01  -4.32254730e-01  -3.25901345e-02  -7.17672174e-01
    7.75325352e-01   1.83525815e+00  -4.45922137e-01   8.88476770e-01
    8.08720423e-01  -1.77314411e+00  -1.25873980e+00  -2.47267909e-02
    8.59602085e-01  -8.54837120e-01   1.27280952e+00   9.90814784e-01
   -4.96762888e-01 
   -4.56759524e-01  -8.55738656e-01  -2.46762107e+00  -1.96426240e+00
   -1.97612018e+00   7.78334564e-01   8.93423069e-02  -2.93168847e-01
   -5.57270657e-01   2.99771970e+00   1.88635830e-02   2.01213928e+00
   -1.04589390e+00   1.35086661e-01  -3.95352987e-01  -1.24907768e+00
   -8.78554063e-02  -1.06758163e+00  -3.86418037e-01  -1.30693187e+00
    4.16236541e-01  -4.56110558e-01  -8.62867614e-01  -7.10456218e-01
    8.63182773e-02  -2.28307162e-01  -1.71416351e+00   4.04917099e-01
    1.38991777e+00  -1.15565037e+00   1.75221773e+00  -4.60314269e-01
   -2.48972486e-01 
   -3.21421317e-01  -8.06338781e-01   5.75274336e-01   1.83709753e+00
   -2.12305685e+00   1.14089814e+00  -1.89269947e-01   8.90625054e-01
    9.03625651e-01  -6.87020919e-01  -8.16084505e-01   1.62527343e-03
   -1.62413681e+00  -6.78402806e-01  -2.39285899e+00   1.86108255e+00
   -2.69547484e+00   3.15933844e-01   9.48184158e-01  -7.46306165e-01
    6.77638467e-01  -6.78313801e-01   1.28344370e+00   3.30371226e-01
    3.83767165e-01  -1.94487002e+00   8.92489510e-01  -1.21961106e+00
    1.53250769e-01  -9.77546194e-01  -8.43802359e-01   6.68158155e-01
   -3.99145923e-01 
   -6.58944591e-01   1.82628903e+00   2.47637791e-01  -1.04514729e+00
   -9.68230302e-01  -1.74880735e-01   9.02717321e-01   1.33590326e+00
   -7.77042420e-01   1.39603934e-01  -8.10800099e-01  -6.64858960e-01
    2.62594941e-01   4.47868436e-01   1.61493652e+00  -1.03662183e+00
    4.45519267e-01   2.15654321e-01  -1.10418059e+00   3.89606334e-01
   -5.84026954e-01   8.84524890e-01  -2.34874640e-01  -2.40643948e-01
    8.50754185e-01  -1.23527759e+00  -4.97276141e-01  -3.07085107e-01
   -1.98845135e+00  -9.72258490e-02  -1.61150548e+00  -2.57587776e+00
   -8.14693660e-01 
   -2.45960816e-01  -1.58631542e+00  -2.15248521e+00   1.62950320e+00
    1.28474936e+00   8.89574599e-01  -4.77386669e-01  -4.14001095e-01
    1.59832996e+00   1.17694037e+00   1.40728915e-01   3.80482654e-01
   -2.04467637e-01   2.16845279e-01  -8.98473124e-01  -3.30208049e-01
   -2.14993029e-01  -1.59351921e+00  -7.88913830e-01   1.55199747e+00
   -5.83306643e-01   6.80863850e-01   2.57786905e-01  -1.37395516e+00
   -5.68526942e-01  -1.35139173e+00  -1.47640434e+00  -4.43612636e-01
    1.08390894e+00  -5.29689627e-01  -7.54537751e-01  -5.70501844e-01
   -1.36341803e-01  