NN 16 32 16   -3.62287289e+00  -1.01509391e+00  -4.72580447e-02   5.54166561e-01
    2.53161528e+00  -1.02914003e+00  -1.91154085e+00  -2.16464912e+00
    3.18963078e+00  -1.20910046e+00  -1.85066093e-01   1.82843537e-01
    9.21719914e-01  -2.15647410e-01   2.56389456e-01  -5.21731486e-01
   -8.48765403e-01 
    6.07056915e-01  -6.67428120e-01  -4.61353735e-01  -2.28371910e-01
    1.11785708e+00  -3.75424188e-01   6.03555160e-02   4.94265206e-01
   -2.64031402e+00   7.22081545e-01   2.07730617e+00  -3.75124810e+00
    7.00051047e-01   6.97866836e-01  -2.03791887e+00   1.27570247e+00
    5.57611776e-01 
   -8.84104755e-01   1.17288894e-01  -2.53237825e+00   8.44672456e-01
    2.59420688e+00  -1.81152227e+00  -5.83859800e-01  -8.05938505e-01
   -1.01647284e+00   5.43744534e-01  -2.54528914e-01   1.92033065e-01
    1.47391037e+00  -7.44335995e-01  -2.28554165e-01   2.01168400e+00
    1.65214679e-01 
    1.58841340e+00  -7.62338130e-01  -1.31110188e+00   1.06489282e+00
    9.05877281e-02  -1.10927607e+00   8.67415576e-01  -4.46682962e-01
   -1.54627600e+00   8.13785655e-01  -1.55244376e+00   1.74702052e+00
    1.72330449e+00  -1.57863101e+00   1.16826985e+00  -1.87555262e+00
   -2.08478634e-01 
   -2.02289741e-01  -1.43500978e+00   1.54649619e+00  -1.06472693e+00
   -1.27016557e-01  -6.11485657e-01   9.86637941e-02  -2.03090122e+00
    1.17223226e+00  -5.23753464e-01   6.50829956e-02   2.03153130e+00
    1.59750089e+00   2.22592113e+00  -9.86484873e-02  -1.42313726e+00
   -6.69067650e-01 
   -3.83086543e-01   1.21521621e+00   1.79842215e+00  -1.28757771e+00
    6.90594791e-01   1.21902143e+00   1.95725590e+00  -3.61250961e-01
   -2.89785691e-02  -2.68310410e-01  -1.99159674e+00   4.07092702e-01
   -8.37249479e-01  -1.43711490e+00  -4.71184085e-01  -1.23133470e-01
    1.96126555e-02 
    7.52874069e-01   1.59652296e+00   1.58137414e+00  -1.89541309e+00
    3.70076723e-03   6.29185550e-02  -1.84360986e+00   1.20265822e+00
   -5.63423712e-01   5.69030582e-01   8.08737587e-01   2.63341168e-01
   -1.99903673e-01  -4.48986935e-01  -1.43122434e+00   7.92899736e-01
   -6.98885086e-01 
    8.07172665e-01  -1.32542080e+00   1.08506754e+00  -4.95531091e-01
    5.78274594e-01   4.03909682e+00  -1.98748033e+00  -2.13774014e-01
    2.36966110e+00   2.25861919e+00   4.86486133e-01  -4.71008170e-01
   -6.12349405e-01  -2.62869515e+00  -1.32207069e+00  -8.37948179e-02
   -6.55004597e-01 
    1.05086813e-01   2.53454352e+00  -8.31159765e-01  -1.00110956e+00
    7.30102246e-01  -1.25566798e+00  -1.21597305e+00  -2.06673776e-01
   -1.68771541e+00   2.41351579e+00   1.30948173e+00  -1.22463161e+00
    7.77237996e-01  -1.82438280e+00   1.33310796e+00  -1.62430665e+00
   -1.77775962e-01 
   -1.34268608e+00  -1.55363918e-01  -6.33519363e-01   1.26554727e+00
    1.76467344e+00  -9.48742808e-01   1.22935214e+00  -9.18546786e-01
   -1.06927457e+00   1.08021133e+00   4.53339111e-01   1.93375582e+00
   -2.73572477e+00   5.16569479e-01  -6.41600324e-01  -1.33746396e+00
    3.15616697e-01 
   -4.48569085e-01   4.75354619e-01  -8.77526462e-02  -2.78550459e+00
   -2.02168874e+00  -1.48534400e+00   5.02219185e-02   4.09910932e+00
   -1.10029825e+00   5.91441427e-01  -5.18748734e-01   2.99797755e+00
   -9.99273192e-01  -3.34764815e-01  -1.04141714e-01   3.61562021e-02
   -5.95141030e-01 
    2.93653946e+00  -8.63350373e-01   3.42374466e-01   1.91967075e+00
    1.52275718e+00  -5.92666597e-01  -1.31760881e+00   5.85661627e-01
    2.76895248e-01  -1.16337848e+00   4.50207116e-01  -3.60773831e-01
   -2.90027088e+00   4.51902507e-01   1.04339103e+00  -8.54348213e-01
   -1.41080763e-01 
   -1.84485361e-01  -2.06127502e+00   1.38811294e+00   1.66285223e-01
    2.37564506e-02   3.17017288e-01  -3.42307250e+00  -4.47950257e-03
   -1.72237820e+00   9.86107402e-01   2.94211256e+00   5.30312924e-02
   -3.72594428e-01   1.32407165e+00  -5.77239899e-01  -6.33523890e-01
   -1.21135268e+00 
   -5.02521192e-01   2.45582808e-01  -5.30536742e-01   1.29070723e-01
    2.12676032e+00  -1.96647459e+00   8.53667474e-01   8.88393138e-01
    1.07618743e+00   1.59469820e+00  -2.29626119e+00  -1.76896794e+00
   -9.80677322e-01   3.63646375e-01  -4.02000882e-01  -1.22702627e-01
   -1.38716630e-01 
    1.63507305e+00  -1.84284561e+00   5.07532567e-01   2.89222382e+00
   -2.15283151e+00   6.93433002e-01   5.12613459e-01  -8.26536193e-01
   -1.61627834e+00  -1.62865374e-01  -4.16010986e-01  -1.82914144e-01
    7.42508592e-01   2.37213457e+00  -2.08629808e+00  -1.31461572e-01
    6.01621905e-01 
    1.44560276e+00  -1.04930071e+00  -2.30559637e-01   1.47367307e-01
   -2.15919736e-01  -2.94949735e-01   3.19924894e+00  -2.93087624e+00
   -1.29509066e+00  -8.76470011e-01  -4.29214066e-01  -8.17334591e-01
    1.26083919e+00  -1.84332078e+00   9.09741608e-01   5.43859454e-01
    5.41348086e-01 
    1.45299413e+00   7.30381016e-01  -3.09692942e+00  -4.11458206e+00
    9.84864354e-01   6.77723103e-02   8.29005105e-01   1.43034980e+00
    8.06170291e-01   1.53339534e-01  -8.57847861e-01  -1.14083060e+00
   -3.16836878e-01   1.72075187e+00  -5.41270840e-01   1.09073124e+00
    2.36046701e-01 
   -1.41264795e+00   4.05857695e-01  -2.88938052e-01   2.69614247e-01
    6.70785200e-01  -1.56533962e+00   2.27262540e-02   2.73161193e-01
    1.47944603e+00  -8.90074400e-01   1.11221376e+00   1.65721539e-01
    8.89575863e-01  -1.04756475e+00  -6.68222189e-01   1.16987503e+00
   -6.60756549e-01 
   -1.85601857e-01  -2.27141895e+00   2.21834775e+00  -1.45117487e-01
   -2.36716969e+00   3.92847897e-01  -2.14366297e-01   1.65511198e+00
    2.51255466e-01   1.59123079e+00  -1.58521779e+00  -4.62926403e-01
    6.11854139e-01  -1.11249376e+00   6.56866317e-01   6.68818570e-01
    1.51825063e-01 
   -1.29086354e+00   4.97494176e-01  -8.04929206e-01   2.17588376e+00
   -8.16413052e-01   1.70951388e+00   1.07133467e+00  -1.47531514e+00
   -3.00068287e-01  -1.82087354e+00  -6.40405616e-01   6.54559513e-01
    1.80993533e+00   1.59199086e-01  -2.41223922e-01  -2.18860431e+00
    3.73577413e-01 
   -3.22057142e-02   2.55846481e+00   1.05288006e+00  -4.68972710e-01
   -2.28854008e-01  -4.66070956e+00   1.22898603e+00   3.45436851e+00
    1.37160575e+00  -2.23185547e+00   7.32411552e-01  -2.75110476e-01
   -4.31537621e-01  -7.14055118e-01   7.48106743e-01  -2.62856162e-01
   -2.46757224e-01 
   -2.63867549e+00   8.85309211e-01   1.87397701e+00  -4.46540705e-02
    1.54713201e+00  -9.03311260e-01  -1.26903251e+00  -3.67648298e-01
    2.36512170e+00  -1.17462731e+00   2.84140062e-01  -1.81599187e+00
    5.66810162e-01   4.56854531e-01  -1.14806047e+00  -4.46012650e-01
    6.19538112e-01 
   -2.99512009e-01  -7.97852927e-01   5.78442329e-01  -9.11756930e-01
    2.32132353e+00  -1.24015953e+00   9.82610796e-02   2.31807780e+00
   -2.56743703e+00  -7.18864755e-01   1.23076251e+00   6.91382632e-01
    3.45780901e-01  -8.33242480e-01  -5.19653697e-01  -1.12009974e+00
   -4.13971724e-01 
   -2.03345630e+00   1.40840864e-01  -1.43058719e+00   2.03969682e+00
   -9.61841432e-01   1.11583335e+00   7.96442445e-01  -6.73646646e-01
    1.04646017e+00   1.43428888e+00   1.59999940e+00  -1.84281734e+00
    8.08495639e-01  -1.37783385e+00   5.42532919e-01  -2.94938565e-01
   -6.65908493e-01 
    1.77026993e+00   1.65854748e+00  -1.86484703e+00  -1.16381122e+00
   -3.70767669e+00  -1.25745643e+00   1.01471607e+00   4.43731870e-01
    1.27892478e+00  -2.48947489e+00   1.92907499e+00  -1.04194050e-01
    6.00721741e-01  -3.29619464e-01  -7.54242425e-01   1.35156953e-01
   -1.42065047e-01 
    1.79365708e+00   2.25189028e-01  -1.80812579e+00  -1.65036111e-01
   -9.79605923e-01  -5.46174226e-01   2.74606067e+00  -3.01199484e+00
   -1.76186762e-01  -2.71323825e-01   1.87527842e-01   9.63075591e-01
   -2.28684122e-01   1.31817819e+00   7.98093634e-01   1.11558276e+00
   -5.52574839e-01 
   -5.10875458e-01  -5.02168984e-01   1.95052881e+00  -3.40012337e-01
    1.58767180e+00   1.88718547e+00  -3.21366267e+00   4.28736195e-01
    3.25336597e-01  -8.47214225e-01  -3.21862949e+00   1.28336522e-01
    1.93611166e+00  -1.38512840e+00  -5.84728023e-02   3.04119451e+00
   -2.45989901e-01 
   -7.91140708e-01   2.71464614e+00   1.28157465e+00   5.22013900e-02
   -1.31438102e+00   1.99632553e+00  -4.44116879e-01  -1.22926206e-01
   -9.13421384e-01  -2.09725520e+00  -2.18926153e-01  -1.43605113e-01
   -8.89205452e-01   6.09103798e-01  -5.86991653e-02   7.83830073e-01
   -5.07371294e-01 
   -2.16649812e-01  -1.06971776e+00  -1.30666155e+00   1.52755094e-01
   -1.67269401e-02   2.54376537e+00  -7.44500810e-01   7.50442967e-01
    2.51329599e-01  -2.70053134e+00   1.22970405e+00  -3.37308749e-01
   -1.43570564e+00  -4.27799542e-02   3.00989896e+00  -1.52596699e+00
    5.89808985e-01 
   -3.21091860e-01   2.24006502e+00   3.11686197e-01  -8.75767323e-01
    8.31315927e-01  -1.59349520e+00  -2.48660359e+00  -1.35717618e+00
   -5.24747362e-01  -8.71731797e-01  -1.78906956e-01   9.25236425e-01
    7.36727743e-01   4.18199569e-01   7.83840737e-02   9.63313779e-01
   -1.07579478e-01 
   -9.97507270e-01   2.08494824e-01   2.79287485e+00   1.55575025e+00
    1.04487955e+00   2.75280855e-01  -1.95338010e+00  -1.13650551e+00
   -6.78717458e-01   8.28072676e-01  -1.93787478e+00  -1.46013364e+00
   -1.66697830e+00   1.57489527e+00   1.67908322e+00   1.16173771e+00
    2.92914434e-01 
    1.45775911e+00   9.09214591e-01  -1.01770646e+00  -3.40221311e-01
   -8.80348858e-01  -3.15380665e-01  -5.05768149e-01  -4.97236748e-01
    1.77966609e+00   1.55075029e+00  -2.28100122e+00  -1.96653568e+00
   -4.75139746e-01  -1.67732304e+00   2.43349130e+00   7.98423279e-01
   -5.27339474e-01      3.42732939e+00  -9.23161752e-01   2.82251376e-01  -2.02488971e+00
   -9.16964593e-01   1.34336808e+00  -6.61101613e-01  -8.92923277e-01
    5.75948900e-01   7.11884651e-01   2.32838588e-01  -3.16797377e+00
   -8.46516571e-01   3.90013527e-01   9.28841670e-01  -1.66234498e+00
   -1.01502654e-01   1.37414047e-01   2.97751058e-01   1.56586187e-01
   -2.37381465e-01   1.87289668e+00   5.53625088e-01   2.21867754e+00
   -1.60925716e+00  -8.31074386e-01   4.65123952e-01  -1.57313129e-01
   -1.66330027e-01  -4.78477772e-01   1.92505256e-01  -1.28596765e+00
   -1.15557867e-01 
    7.62104436e-01   5.11734884e-01  -2.47440617e-01  -1.47070673e-01
    1.02678251e+00  -2.10926193e-01  -1.43918870e+00   9.61815230e-01
   -2.17437817e+00  -1.66219725e-01  -9.30644403e-01   3.66286580e-02
    1.14189542e+00  -1.72325318e-01   1.64843751e+00   1.02696893e-01
    1.49606341e-01  -8.59352840e-01   2.03034412e+00  -2.02172692e+00
   -1.45003304e+00   3.30325931e-01   4.57477245e-01   9.57443871e-02
   -1.37065502e+00   7.77994943e-01   8.05406861e-01  -4.19284531e+00
    1.40803612e+00  -1.77490700e+00   7.40610038e-02  -1.29670311e+00
    2.43994316e-01 
    6.46522858e-01  -3.05290499e-02   2.78664641e+00   1.10232017e+00
   -1.78270835e+00  -1.80296580e+00  -9.92804179e-01  -8.79630020e-01
    1.45549229e+00   1.14664858e+00   3.04618257e-01   6.02067444e-01
   -2.08747857e+00   4.03979811e-03  -3.94051655e-01  -1.23897283e+00
    2.21591387e+00  -2.16576661e-02  -1.45517008e+00   1.20733788e+00
   -1.38231978e+00  -2.57135761e+00  -1.22967086e+00   1.27085407e+00
    1.16031833e+00   8.26355182e-01  -2.30741185e+00  -5.84175754e-01
    2.06974104e+00  -2.05451104e-01  -2.23392792e+00   8.82972495e-01
   -3.54070354e-01 
   -1.50100445e+00   3.77153717e-01  -1.44653160e+00  -1.03487000e+00
    1.74959799e+00   1.35491294e+00   1.27565326e+00   2.07199462e-01
    5.64636419e-01  -8.98195571e-01   2.67494638e+00  -2.03669300e+00
    4.78395528e-01  -9.55656350e-01  -3.28892913e+00   8.09728403e-02
    3.72272630e+00  -1.84165081e-01   9.35842077e-02  -2.16882382e+00
   -1.03032992e+00   6.41237138e-01   8.07405610e-01  -2.90782678e+00
    5.26555239e-01   5.64716480e-01  -9.41844388e-02   2.11936321e-01
   -3.95796759e-01   2.80829755e-01  -1.70188736e+00  -6.29297911e-01
   -2.00482742e-01 
   -1.84107975e+00  -1.20133009e+00  -2.20143692e+00  -5.87271403e-01
    1.65698604e-01  -2.83667145e-01   8.19523446e-02  -1.21666494e+00
   -2.67431034e-01  -2.79091171e+00   1.54269229e+00  -5.51793395e-01
   -1.41051587e-01  -2.42474134e+00   2.68125454e+00  -1.72277504e+00
   -9.99536411e-02  -1.37776942e+00   2.42990200e+00  -1.77272526e-01
    1.37101994e+00  -1.26640195e+00  -3.12499762e+00   2.10887265e+00
    2.14033276e+00   1.37841904e+00  -1.56744879e+00  -1.29676914e-01
   -4.78031791e-01  -2.10875549e-01  -1.24233452e+00   1.56075654e+00
   -1.84302778e-01 
   -1.33949263e+00  -2.26370278e-01   6.09131092e-01   4.82714638e-01
    9.88892304e-01  -7.04448417e-01  -4.02516460e-01  -3.61483691e+00
    1.12321170e+00   3.34570591e-02  -1.82570919e-01   2.88397833e-01
   -9.09610505e-01   1.97091125e+00  -8.82264588e-01  -2.15111792e+00
   -1.48907737e+00   4.76101539e-01  -1.06786253e-01  -2.61129311e+00
    4.37599148e+00   4.16855952e-01  -4.39600777e-02  -4.38106834e-02
    1.45217376e-01   3.85402756e-01  -1.36477382e+00  -1.67259266e+00
   -3.77482019e+00   7.09955626e-01  -1.90788669e-01   3.69117625e-01
   -1.13141877e-01 
    6.79580020e-01  -1.12288617e+00   1.64404428e-01  -1.03949273e+00
   -1.16682059e-01  -2.21476426e+00   1.16043039e+00   8.83464222e-01
    5.42361498e-01  -2.14009748e+00  -7.88793999e-01   2.59148585e+00
    2.99705433e+00  -1.67174867e+00  -1.12520167e+00  -3.86444224e+00
   -1.02020730e+00   1.22740677e-01  -2.47016738e-01  -4.27427685e-01
   -8.43701394e-01  -3.17833543e-01  -3.87291415e-01  -6.37961237e-01
   -1.39026372e+00  -1.66137628e+00   1.09402844e+00   2.41788051e-01
    3.57522791e-01   2.80975937e+00   7.41367748e-01   4.01126380e-01
   -3.51831513e-01 
    1.36729486e-01  -6.88748018e-01   2.01469281e+00  -6.59352548e-01
    1.62111441e+00  -8.87619753e-02  -9.04258055e-01  -1.46242816e-01
   -2.85325885e-01   4.65066194e-01  -4.24452545e+00   1.04247266e-01
    7.88247245e-02  -1.77657007e+00  -3.57484535e-01   2.27399618e+00
   -2.41448980e+00  -5.89989866e-01  -2.25657752e+00  -4.40254744e-01
   -2.43153809e+00  -1.52549769e-01  -2.80887966e+00   2.00445768e-01
   -5.46323881e-01   3.38081467e+00   4.90164409e-01   6.05442726e-01
   -1.47251927e+00   7.84293497e-01   1.16601393e+00  -2.05527903e-01
   -9.35194915e-01 
   -2.05044007e+00   2.36832668e+00   1.15152872e+00   1.33486237e+00
   -2.00149029e+00  -2.44281874e-01   1.21602533e+00  -2.27286706e+00
    2.18711966e+00   4.13134558e-01   6.19276489e-01  -1.45571621e+00
    1.17272664e+00  -1.48521569e+00   1.95832492e+00   1.23279979e+00
   -8.39707183e-01  -2.33634402e+00  -3.20201302e-01   5.18202025e-01
   -1.51153923e+00  -1.69607136e+00   2.09732297e+00  -1.31698936e+00
   -1.92002119e+00  -4.69313036e-01   6.93829230e-02   5.08576363e-01
   -1.34642968e+00  -1.47075231e-01   1.59404245e+00  -1.83177720e+00
   -5.21654270e-01 
    1.00021163e+00  -9.09363245e-01  -8.49603513e-01  -1.31417432e+00
   -1.41893658e-01   1.89992844e-01  -9.31059957e-01  -2.42068489e+00
   -2.40522575e+00  -2.63739118e+00  -1.82796972e+00   1.70540631e+00
   -2.48185272e+00  -1.42311304e+00   1.59536948e-01   1.77952003e-01
    5.57837294e-01   1.36556267e-03  -2.14583370e+00   1.72918438e+00
    1.27779694e+00   1.23145985e+00   5.71033836e-01  -2.60158064e+00
    2.70684688e+00  -7.26831521e-01   1.92084826e+00   4.18611851e-01
    2.35217010e+00   3.80117102e-01  -5.33253040e-03  -1.80135762e+00
   -3.32564127e-01 
   -1.60496994e-01  -2.76169881e+00   3.48116395e-01   8.59467305e-01
   -6.02702131e-01   1.25362625e+00  -1.12760431e+00  -2.24457119e+00
   -1.62748861e+00  -7.88514578e-02   1.15142199e+00   9.71500379e-02
   -2.66082828e+00   1.87261910e+00  -3.56481384e-01   2.50994831e-01
    5.44992530e-01  -1.24231887e+00   1.01262623e+00   1.64194024e+00
   -7.39155673e-01  -1.29673572e+00  -1.38678117e+00  -2.68016349e+00
   -1.64221662e+00  -1.55138780e+00   3.38010751e+00   1.03614442e+00
   -1.18244071e+00  -3.80498903e-01   1.52958034e+00   2.53514548e+00
   -4.46708959e-01 
   -1.27490850e+00   4.30032036e+00  -1.32866802e+00  -2.55397343e+00
   -2.05399138e+00  -1.25240077e+00  -1.12273542e+00   1.49608868e-02
    1.03988890e+00  -2.31095609e+00  -2.61862181e+00   3.12997295e-01
   -6.72589737e-01   1.23907485e+00  -1.49749725e-01   1.60486597e+00
   -7.44459080e-01  -5.39049060e-01  -4.00869490e-02  -9.06331404e-01
    7.67790116e-01   1.79510765e+00  -5.69945500e-01   8.92225134e-01
    6.21958367e-01  -1.69302762e+00  -1.49831380e+00  -4.79889111e-02
    1.12021416e+00  -8.83772891e-01   1.55441064e+00   1.07118006e+00
   -6.24303314e-01 
   -4.34614089e-01  -9.54859172e-01  -2.53484670e+00  -2.04883116e+00
   -2.02490751e+00   9.19475907e-01   6.00420431e-03  -1.71304143e-01
   -6.57182224e-01   3.38038567e+00   5.70469098e-02   2.14898367e+00
   -1.00447865e+00   2.74521748e-01  -4.57971730e-01  -1.30039211e+00
   -7.69999034e-02  -1.10778527e+00  -3.94631929e-01  -1.42253374e+00
    3.38897256e-01  -3.88013108e-01  -8.92889215e-01  -7.04068278e-01
   -2.58826428e-02  -1.79702779e-01  -1.80014548e+00   4.69266983e-01
    1.55770005e+00  -1.20847087e+00   1.98082058e+00  -4.43322648e-01
   -2.05256571e-01 
   -2.92110375e-01  -7.98940290e-01   5.44552908e-01   1.92413747e+00
   -2.25687090e+00   1.24937445e+00  -2.11881505e-01   1.01326210e+00
    9.39938920e-01  -7.39905613e-01  -8.78962051e-01   7.40264202e-02
   -1.67007225e+00  -7.15844757e-01  -2.55894737e+00   2.04135497e+00
   -2.92645828e+00   4.05463842e-01   1.01396217e+00  -8.35644927e-01
    7.82862784e-01  -6.10625366e-01   1.40053993e+00   3.51690408e-01
    3.13409093e-01  -2.03874916e+00   9.23636808e-01  -1.31187126e+00
    4.93462623e-02  -1.07432396e+00  -8.81975331e-01   7.19346925e-01
   -4.83974857e-01 
   -5.86313040e-01   2.06096176e+00   2.92010765e-01  -1.09693061e+00
   -9.75819692e-01  -1.68561428e-01   9.66343023e-01   1.47673433e+00
   -9.57407864e-01   2.20134859e-01  -9.51730175e-01  -6.75326868e-01
    2.17724451e-01   4.26539030e-01   1.84726697e+00  -1.11994140e+00
    4.77967312e-01   2.78865516e-01  -1.27906812e+00   4.19583305e-01
   -6.73090890e-01   1.00963213e+00  -2.86167557e-01  -3.19974244e-01
    9.27200643e-01  -1.26458040e+00  -4.14054874e-01  -3.41754038e-01
   -2.37400016e+00  -1.14701078e-01  -1.78279036e+00  -2.81331017e+00
   -8.96929590e-01 
   -2.02125138e-01  -1.71715484e+00  -2.32874072e+00   1.83195645e+00
    1.32450203e+00   8.85422333e-01  -4.58728879e-01  -4.90898305e-01
    1.87674068e+00   1.22546536e+00   1.66761314e-01   4.08604493e-01
   -1.55109151e-01   2.35427470e-01  -1.05043111e+00  -4.95249085e-01
   -2.40100660e-01  -1.78277073e+00  -9.15357254e-01   1.59427128e+00
   -4.98141798e-01   7.38387456e-01   3.40021737e-01  -1.49669041e+00
   -5.19831853e-01  -1.52412434e+00  -1.63205083e+00  -5.62858255e-01
    1.08320252e+00  -5.15745184e-01  -8.85288033e-01  -6.26166651e-01
   -2.18852921e-01  