NN 16 32 16   -3.36476135e+00  -8.14101252e-01  -3.77319288e-02   6.57959280e-01
    2.12527740e+00  -9.24302668e-01  -1.62498797e+00  -1.79783268e+00
    2.86055216e+00  -1.41303769e+00  -2.38749068e-01   3.13467923e-01
    7.82511717e-01  -1.93572964e-01   3.07017218e-01  -4.06540300e-01
   -7.58797178e-01 
    6.12205948e-01  -5.16992934e-01  -4.71209557e-01  -2.87848721e-01
    9.96268241e-01  -3.69776254e-01   9.63088150e-02   4.27044001e-01
   -2.27849760e+00   7.12920993e-01   2.01804691e+00  -3.48185413e+00
    6.16768143e-01   6.77516138e-01  -1.85232268e+00   1.23076298e+00
    5.29752455e-01 
   -7.87252234e-01   8.43224331e-02  -2.60399649e+00   1.08806936e+00
    2.47859375e+00  -1.73447918e+00  -5.03430836e-01  -7.92222311e-01
   -9.45517976e-01   5.63452209e-01  -1.15592930e-01   8.71894450e-02
    1.46374468e+00  -8.08366822e-01  -1.75359676e-01   1.82125188e+00
    1.40671931e-01 
    1.58292784e+00  -8.08696338e-01  -1.28959590e+00   8.71509410e-01
    1.41355528e-01  -9.81304729e-01   8.71590253e-01  -3.76688163e-01
   -1.36465707e+00   8.28836756e-01  -1.37491835e+00   1.72232360e+00
    1.71010186e+00  -1.51929399e+00   1.09917920e+00  -1.78256122e+00
   -2.44499942e-01 
   -3.77343355e-01  -1.55391936e+00   1.41263881e+00  -1.07340949e+00
   -3.18366689e-01  -5.80063458e-01  -5.95659335e-02  -1.87449188e+00
    1.23972660e+00  -3.97380371e-01  -1.23168876e-01   1.80869905e+00
    1.56548152e+00   2.03238208e+00  -8.39803716e-02  -1.46536632e+00
   -7.49990554e-01 
   -4.47693470e-01   1.29781269e+00   1.64047481e+00  -1.22692441e+00
    7.43245957e-01   1.21841632e+00   1.69923050e+00  -1.35823043e-01
    2.42853370e-02  -1.84161066e-01  -1.76500013e+00   5.38323292e-01
   -7.31208489e-01  -1.27314762e+00  -3.02577038e-01  -9.63421603e-02
    6.06720668e-02 
    8.47881582e-01   1.59990590e+00   1.29090417e+00  -1.77675367e+00
   -5.42119487e-03   1.66220585e-02  -1.83829336e+00   1.12722842e+00
   -4.81414276e-01   6.55060837e-01   8.34467676e-01   2.93491572e-01
   -2.48900724e-01  -4.02707882e-01  -1.33054136e+00   8.04022065e-01
   -6.36637944e-01 
    7.49504689e-01  -1.35362462e+00   9.75956949e-01  -2.84103764e-01
    6.80698068e-01   3.76321203e+00  -1.82870469e+00  -1.51108963e-01
    2.22416376e+00   2.21284746e+00   5.37605279e-01  -6.83008520e-01
   -5.91313340e-01  -2.44507975e+00  -1.20596251e+00  -2.81402883e-02
   -6.14763193e-01 
    2.28033944e-01   2.53814626e+00  -9.34684163e-01  -7.61306196e-01
    8.28294351e-01  -1.21606948e+00  -1.00388281e+00  -9.08556099e-02
   -1.56334408e+00   2.19535840e+00   1.29748002e+00  -1.12928812e+00
    6.66968925e-01  -1.76333926e+00   1.20832478e+00  -1.47818605e+00
   -1.68357299e-01 
   -1.52605982e+00  -1.91953195e-02  -6.97649327e-01   1.42059765e+00
    1.71679214e+00  -9.38287588e-01   1.21872593e+00  -6.94095882e-01
   -8.37701228e-01   1.18049710e+00   2.95476578e-01   1.86394590e+00
   -2.42986542e+00   5.48978244e-01  -4.08510531e-01  -1.21587448e+00
    3.42373022e-01 
   -4.79307744e-01   5.83233099e-01  -1.14160010e-01  -2.61573793e+00
   -1.99124796e+00  -1.26687148e+00   1.34315796e-01   3.90921862e+00
   -1.09471428e+00   6.30825180e-01  -6.71767151e-01   2.63389034e+00
   -8.84402415e-01  -3.17804907e-01  -6.51428427e-02   2.47522856e-02
   -6.16821129e-01 
    2.70278712e+00  -7.99928217e-01   2.85763228e-01   1.75467926e+00
    1.39059463e+00  -5.86216233e-01  -1.42911637e+00   6.47688162e-01
    1.65372606e-01  -1.04345011e+00   2.67889471e-01  -6.19834712e-01
   -2.70074813e+00   2.95760236e-01   8.87204529e-01  -7.90091396e-01
   -1.56195294e-01 
   -1.89086980e-01  -1.66156025e+00   1.12212090e+00  -1.07287759e-01
   -8.97314980e-02   4.07953014e-01  -3.34391002e+00   5.81775030e-02
   -1.70724691e+00   1.12854683e+00   2.90101828e+00   2.99549551e-01
   -3.45537984e-01   1.24188805e+00  -5.49508130e-01  -5.54496723e-01
   -1.12783567e+00 
   -4.32202477e-01   2.57086687e-01  -5.86569683e-01   1.07872403e-01
    2.07374474e+00  -1.94004272e+00   8.79497391e-01   7.04902749e-01
    9.13031193e-01   1.60965958e+00  -2.11796850e+00  -1.63476897e+00
   -8.66000383e-01   4.30189370e-01  -4.01760759e-01  -5.01422625e-02
   -1.06686084e-01 
    1.41166126e+00  -1.90347007e+00   5.34811274e-01   2.72385137e+00
   -1.96383121e+00   9.07114048e-01   5.34660007e-01  -8.74432239e-01
   -1.63809904e+00  -2.46440461e-01  -4.75066205e-01  -3.23063471e-01
    7.69051696e-01   2.32660987e+00  -1.87361762e+00  -8.28788241e-02
    6.09356702e-01 
    1.26376861e+00  -8.77269607e-01  -2.02119430e-01   1.71343049e-01
   -3.81955771e-01  -1.23147690e-01   3.06247557e+00  -2.86939612e+00
   -1.36591744e+00  -7.94361685e-01  -4.16736729e-01  -8.96462418e-01
    1.45037546e+00  -1.71009619e+00   7.79472385e-01   3.97119940e-01
    5.14281805e-01 
    1.34111180e+00   7.21071575e-01  -2.91683551e+00  -3.89406407e+00
    9.42407656e-01   2.75570861e-02   1.01630884e+00   1.48221986e+00
    6.91706197e-01   1.94056457e-01  -8.20641846e-01  -9.30924799e-01
   -2.62335806e-01   1.80839081e+00  -5.11087581e-01   1.00838427e+00
    1.91346582e-01 
   -1.38498587e+00   3.58645293e-01  -1.08700059e-01   1.50215122e-01
    7.19559486e-01  -1.25138408e+00   1.63783302e-01   1.52737002e-01
    1.46592003e+00  -8.22305286e-01   1.04404493e+00  -1.27207239e-02
    8.15336783e-01  -9.31991773e-01  -5.61196604e-01   1.13289398e+00
   -5.72510099e-01 
   -1.44783469e-01  -2.07878388e+00   1.98947267e+00  -6.94185174e-02
   -2.30613918e+00   4.04214825e-01  -1.24136743e-01   1.49339220e+00
    3.76773736e-01   1.77493857e+00  -1.68507024e+00  -3.09641871e-01
    7.10727145e-01  -1.07240138e+00   6.53104535e-01   6.87372727e-01
    1.73863032e-01 
   -1.39481986e+00   3.92542264e-01  -8.37226514e-01   1.95747665e+00
   -8.82615095e-01   1.76256327e+00   1.02196085e+00  -1.47027399e+00
   -3.74272355e-01  -1.73520500e+00  -9.41538418e-01   7.11440772e-01
    1.67696371e+00   1.56288664e-01  -2.36988554e-01  -1.99046016e+00
    3.38285210e-01 
    5.36962320e-02   2.55028259e+00   9.40366957e-01  -4.81202406e-01
   -4.10221026e-01  -4.34125017e+00   1.19033952e+00   3.24109218e+00
    1.28691956e+00  -1.93025318e+00   8.16240593e-01  -2.33430136e-01
   -5.64237859e-01  -6.63185183e-01   5.94254598e-01  -2.08033232e-01
   -2.72651154e-01 
   -2.44215731e+00   8.61359247e-01   1.85704494e+00  -2.82380308e-01
    1.60172694e+00  -7.98191075e-01  -7.27022790e-01  -5.38706349e-01
    2.21239621e+00  -1.08372225e+00   1.80798139e-01  -1.75466381e+00
    5.75251208e-01   5.76465232e-01  -1.07731789e+00  -3.38780168e-01
    6.73844887e-01 
   -2.97616485e-01  -6.29248448e-01   4.57644353e-01  -8.22098696e-01
    2.23328915e+00  -1.37581645e+00   6.59248859e-02   2.17196383e+00
   -2.41714399e+00  -7.69569716e-01   1.03416629e+00   6.66325607e-01
    4.11198177e-01  -7.62550833e-01  -4.40407962e-01  -9.06990576e-01
   -3.79656369e-01 
   -1.92934488e+00   3.02993011e-01  -1.37824626e+00   2.01559630e+00
   -1.07687613e+00   9.08651187e-01   8.24302349e-01  -7.78052904e-01
    1.12027482e+00   1.41477370e+00   1.62862179e+00  -1.68699960e+00
    7.76873501e-01  -1.33832084e+00   4.82414957e-01  -2.26691421e-01
   -6.47408753e-01 
    1.58672217e+00   1.51109443e+00  -1.97687213e+00  -8.77389922e-01
   -3.25036933e+00  -1.05794451e+00   9.06371971e-01   6.14039658e-01
    1.27020139e+00  -2.34563168e+00   1.92796939e+00  -1.33470889e-01
    3.82633574e-01  -2.44892598e-01  -7.79239690e-01   5.95840588e-02
   -1.84668414e-01 
    1.59360547e+00   1.69502974e-01  -1.56926398e+00  -3.04824139e-01
   -1.06521695e+00  -4.56610981e-01   2.56680629e+00  -2.89671957e+00
   -7.88184548e-02  -3.24205186e-01   2.78822011e-01   9.16836369e-01
   -9.49948581e-02   1.34238538e+00   8.88967313e-01   1.00715676e+00
   -5.64241262e-01 
   -6.73303302e-01  -6.76102605e-01   1.83787348e+00  -2.84417612e-01
    1.36760042e+00   1.72594664e+00  -2.87526446e+00  -5.38742380e-02
    3.82114312e-01  -8.18569793e-01  -3.08129686e+00   8.04464229e-02
    1.57184758e+00  -1.35166241e+00  -5.79345393e-02   2.73330319e+00
   -2.97741455e-01 
   -7.33727192e-01   2.54377938e+00   1.31523025e+00   9.11629467e-04
   -1.23387972e+00   2.09865223e+00  -4.24230319e-01  -1.28572202e-01
   -1.03535779e+00  -1.93123106e+00  -3.28522126e-01  -1.47475982e-01
   -8.99564424e-01   5.86372623e-01  -4.00694123e-02   7.41675940e-01
   -4.43779247e-01 
   -2.91747200e-01  -1.14304632e+00  -9.23109232e-01   3.45938831e-02
    1.28134164e-01   2.34056071e+00  -6.75211502e-01   8.84660606e-01
    3.95896866e-01  -2.45403761e+00   1.26784222e+00  -1.90404746e-01
   -1.33768287e+00   8.55552181e-02   2.82097750e+00  -1.32102404e+00
    5.94227953e-01 
   -1.85382378e-01   1.99906600e+00   4.05266501e-01  -7.32849008e-01
    8.01745194e-01  -1.42683839e+00  -2.24973601e+00  -1.41897299e+00
   -2.61962797e-01  -6.83635091e-01  -9.54597336e-02   9.63786455e-01
    6.28972442e-01   5.02728996e-01   1.47365644e-01   1.04131639e+00
    3.85055544e-02 
   -1.14082290e+00   4.29873237e-02   2.45644757e+00   1.43177749e+00
    1.06079440e+00   2.23393092e-01  -1.84326810e+00  -1.21639227e+00
   -6.74978933e-01   7.64967303e-01  -1.91358250e+00  -1.46320688e+00
   -1.68700446e+00   1.33617274e+00   1.37897841e+00   1.01359461e+00
    2.19396510e-01 
    1.29227246e+00   8.78967903e-01  -9.90821267e-01  -4.55303216e-01
   -8.58822340e-01  -3.63092143e-01  -6.15442180e-01  -3.69205721e-01
    1.51503820e+00   1.45221348e+00  -2.08210003e+00  -1.79883285e+00
   -4.43465092e-01  -1.68377773e+00   2.29858839e+00   6.95011826e-01
   -5.60721679e-01      3.24693525e+00  -9.33338317e-01   3.01550646e-01  -1.99202456e+00
   -8.19271785e-01   1.11765293e+00  -7.32492295e-01  -8.85012037e-01
    5.43809758e-01   9.39523003e-01   3.35888913e-01  -2.84108289e+00
   -8.30203082e-01   3.95691253e-01   8.32944387e-01  -1.70510203e+00
   -2.38848245e-01   2.35246919e-01   2.21991413e-01   3.08594317e-01
   -1.34786944e-01   2.15046814e+00   4.30106634e-01   2.02605989e+00
   -1.52814279e+00  -8.65585011e-01   4.37578885e-01  -2.27314819e-01
   -4.46337554e-02  -5.09810350e-01   2.59674983e-01  -1.47355050e+00
   -2.23141967e-01 
    5.70705581e-01   4.44380358e-01  -3.84796138e-01  -1.15887371e-01
    1.03490413e+00  -3.67114310e-01  -1.44411576e+00   9.16945653e-01
   -2.27539592e+00  -2.65447692e-01  -1.00117761e+00   1.71859899e-01
    1.20393501e+00  -2.49854255e-01   1.66436464e+00   1.57886167e-01
    1.89594926e-01  -7.97016251e-01   1.97741968e+00  -2.14720023e+00
   -1.54617124e+00   2.94502335e-01   3.80268767e-01   1.98936586e-01
   -1.46578497e+00   5.05072179e-01   6.48022794e-01  -4.03879997e+00
    1.26064688e+00  -1.73791618e+00   4.39636067e-02  -1.29684079e+00
    9.50698560e-02 
    6.81901011e-01   3.26214486e-02   2.87132507e+00   8.84110929e-01
   -1.96372505e+00  -1.49472114e+00  -8.63779974e-01  -9.56667283e-01
    1.53381424e+00   1.08170576e+00   5.63724003e-01   3.32402935e-01
   -2.28622438e+00  -4.90791042e-02  -3.45608426e-01  -1.22257936e+00
    2.14291657e+00  -2.34126755e-02  -1.45532997e+00   1.22962937e+00
   -1.26426801e+00  -2.44274776e+00  -9.92670520e-01   1.18693570e+00
    1.26685679e+00   8.57026465e-01  -2.17816737e+00  -5.65060547e-01
    2.00721295e+00  -2.36989426e-01  -2.41606414e+00   8.24339034e-01
   -3.06774056e-01 
   -1.28746276e+00   5.07659800e-01  -1.37649219e+00  -1.05792145e+00
    1.60138504e+00   1.35128364e+00   1.45449883e+00   3.95361539e-01
    4.62495546e-01  -8.65495966e-01   2.50925150e+00  -2.21484124e+00
    5.73848917e-01  -1.05639027e+00  -3.31220201e+00  -1.29690619e-01
    3.75152480e+00  -1.61616785e-01   2.43089326e-01  -2.14231639e+00
   -1.06648136e+00   6.40414065e-01   7.84268890e-01  -2.77927175e+00
    4.87603110e-01   5.41972012e-01   4.07034656e-02   2.69952766e-01
   -2.86543509e-01   2.94939192e-01  -1.65956166e+00  -5.33385021e-01
   -1.07526627e-01 
   -1.68116254e+00  -1.10239296e+00  -2.16550393e+00  -4.39957645e-01
    2.48236508e-01  -3.83742659e-01   2.41535312e-01  -1.17255585e+00
   -2.29561583e-01  -2.72202199e+00   1.41923085e+00  -3.62702455e-01
   -1.28860890e-01  -2.38480161e+00   2.58488914e+00  -1.64976269e+00
   -4.44119939e-02  -1.44014041e+00   2.61317940e+00  -5.36814683e-02
    1.31585394e+00  -1.40910383e+00  -2.95059330e+00   2.12944492e+00
    2.03780540e+00   1.50866326e+00  -1.51752623e+00  -1.81503858e-01
   -8.19108461e-01  -3.46548910e-01  -1.09804749e+00   1.38553752e+00
   -1.27589419e-01 
   -8.55139655e-01  -2.46542182e-01   7.92885618e-01   6.58515092e-01
    9.15281165e-01  -8.03716224e-01  -4.09011474e-01  -3.56598944e+00
    9.68136111e-01   7.51275172e-02  -6.34440297e-02   3.54348137e-01
   -6.05945343e-01   1.80054617e+00  -9.79560492e-01  -2.20526670e+00
   -1.37397833e+00   4.89075952e-01  -1.41540789e-01  -2.64458325e+00
    4.49436629e+00   3.55676797e-01   1.08600600e-01   6.08660518e-02
    9.66976503e-02   3.84740572e-01  -1.43820895e+00  -1.67609131e+00
   -3.41916680e+00   7.30095862e-01  -3.19272826e-01   1.50413454e-01
    1.50694096e-02 
    7.06646790e-01  -9.47883831e-01   1.71780954e-01  -1.09747739e+00
   -3.83235026e-01  -2.00371667e+00   1.24990562e+00   8.74955837e-01
    3.08309046e-01  -2.13500467e+00  -6.46099125e-01   2.51753020e+00
    3.06688553e+00  -1.52863222e+00  -1.19226865e+00  -3.83642856e+00
   -9.67319654e-01   1.21250954e-01  -2.51745987e-01  -2.16147199e-01
   -7.95866206e-01  -3.52770019e-01  -5.78814562e-01  -5.74054074e-01
   -1.48449125e+00  -1.60960784e+00   1.10760931e+00   1.74914020e-01
    4.59321597e-01   2.66280937e+00   6.56331290e-01   5.25068561e-01
   -3.08011874e-01 
    9.93297012e-02  -7.76748850e-01   2.04593501e+00  -6.21509770e-01
    1.57966236e+00  -2.24244705e-01  -1.00811866e+00  -1.56392320e-01
   -2.38588361e-01   3.75723353e-01  -4.07341231e+00   1.26111545e-01
    6.19944546e-03  -1.51224221e+00  -3.39249843e-01   2.14836199e+00
   -2.30312945e+00  -5.48023999e-01  -2.27719638e+00  -3.17981319e-01
   -2.29761706e+00  -2.01175988e-01  -2.67300012e+00   1.42111575e-01
   -3.60967189e-01   3.18223078e+00   6.46797594e-01   4.63054375e-01
   -1.59353587e+00   8.91579187e-01   1.00111809e+00  -2.40537206e-01
   -8.07618481e-01 
   -1.90904698e+00   2.25664124e+00   1.15704913e+00   1.27887357e+00
   -2.02676800e+00  -3.73347970e-01   1.16425602e+00  -2.19767928e+00
    2.06134341e+00   3.43655423e-01   5.34737787e-01  -1.30099117e+00
    1.17433841e+00  -1.44428698e+00   1.98205269e+00   1.23927265e+00
   -8.55240133e-01  -2.10774894e+00  -4.52225776e-01   5.31357663e-01
   -1.44192911e+00  -1.62927655e+00   2.07037516e+00  -1.37274951e+00
   -1.76501661e+00  -6.12752093e-01   6.24556057e-02   5.94871490e-01
   -1.19632768e+00  -1.22033115e-01   1.51436562e+00  -1.67766107e+00
   -5.16138754e-01 
    7.94196078e-01  -7.42984057e-01  -8.59483595e-01  -1.24040383e+00
   -7.72309085e-02   2.62857658e-01  -8.39657187e-01  -2.18902092e+00
   -2.33413871e+00  -2.46719885e+00  -1.73971627e+00   1.66977805e+00
   -2.38514317e+00  -1.46029284e+00   1.13489936e-01   7.49304905e-02
    7.73079781e-01   2.94423827e-03  -2.03689646e+00   1.76631743e+00
    1.33455955e+00   1.22777402e+00   6.73352758e-01  -2.60143836e+00
    2.62560771e+00  -4.67167088e-01   1.68214169e+00   3.59613580e-01
    2.31053156e+00   3.23997123e-01   1.01364502e-01  -1.67582617e+00
   -1.33088501e-01 
   -2.33904375e-01  -2.54591107e+00   3.12151077e-01   7.23361459e-01
   -5.83875010e-01   1.08513627e+00  -1.00958568e+00  -2.21371020e+00
   -1.43760405e+00  -5.93242840e-02   1.14590788e+00   2.03462999e-01
   -2.59918161e+00   1.85887241e+00  -4.24195502e-01   1.42766037e-01
    5.81101935e-01  -1.19000676e+00   9.80096840e-01   1.49626780e+00
   -7.35229821e-01  -1.13807631e+00  -1.26891923e+00  -2.57111482e+00
   -1.75567591e+00  -1.68095774e+00   3.23118408e+00   9.20200437e-01
   -1.17508253e+00  -3.74211623e-01   1.53114223e+00   2.37553161e+00
   -4.09996261e-01 
   -1.41421288e+00   4.00434971e+00  -1.20869807e+00  -2.51152326e+00
   -1.98689196e+00  -1.16993701e+00  -1.10485047e+00   1.14505282e-01
    1.02380899e+00  -2.22104479e+00  -2.52897524e+00   1.88457727e-01
   -7.66702240e-01   1.26363924e+00   5.97864928e-02   1.57780566e+00
   -8.12415040e-01  -4.77963982e-01  -5.50129410e-02  -7.92347479e-01
    7.63651345e-01   1.77526348e+00  -5.08368222e-01   9.07317718e-01
    7.50546770e-01  -1.72194565e+00  -1.39090363e+00  -4.79641061e-02
    8.93131154e-01  -8.44272101e-01   1.37546611e+00   1.01738038e+00
   -5.60026126e-01 
   -4.51550630e-01  -8.66949302e-01  -2.48777627e+00  -1.98677155e+00
   -2.00801388e+00   8.34020345e-01   9.16912127e-02  -2.65277836e-01
   -5.75849661e-01   3.10235815e+00   3.95296767e-02   2.05801527e+00
   -1.03122709e+00   1.96720015e-01  -4.18349237e-01  -1.27026734e+00
   -7.69553096e-02  -1.07777291e+00  -3.79223038e-01  -1.33950731e+00
    4.12428536e-01  -4.23796684e-01  -8.62823961e-01  -7.13489436e-01
    5.24679743e-02  -2.34271349e-01  -1.71668073e+00   4.29652209e-01
    1.43243594e+00  -1.16082358e+00   1.83804313e+00  -4.45223210e-01
   -2.28838540e-01 
   -3.22350641e-01  -7.97904188e-01   5.71238564e-01   1.85719980e+00
   -2.18904348e+00   1.16509415e+00  -1.85662082e-01   9.12724974e-01
    9.23313500e-01  -7.09429798e-01  -8.17525650e-01   2.45861930e-02
   -1.64484106e+00  -6.86099060e-01  -2.44338116e+00   1.88656123e+00
   -2.76011374e+00   3.36462696e-01   9.64428315e-01  -7.70854428e-01
    7.14134982e-01  -6.70398374e-01   1.32125143e+00   3.38737886e-01
    3.67204717e-01  -1.98617395e+00   9.09364721e-01  -1.23485182e+00
    1.28644432e-01  -1.00284345e+00  -8.57025468e-01   6.89204582e-01
   -4.22941981e-01 
   -6.01596333e-01   1.91334234e+00   2.63178631e-01  -1.07937762e+00
   -9.61640603e-01  -1.76505527e-01   9.18766540e-01   1.41220718e+00
   -8.78993895e-01   1.91928500e-01  -9.16150041e-01  -6.68856559e-01
    2.35917976e-01   4.29471076e-01   1.72264223e+00  -1.06865646e+00
    4.31436502e-01   2.65046724e-01  -1.21030170e+00   4.38995526e-01
   -6.26733382e-01   9.67998699e-01  -2.63531538e-01  -2.73863200e-01
    8.78483740e-01  -1.23752485e+00  -4.49557406e-01  -3.22443642e-01
   -2.13765211e+00  -9.73463496e-02  -1.67929499e+00  -2.68926534e+00
   -8.51110175e-01 
   -2.48997684e-01  -1.62540647e+00  -2.21991489e+00   1.68342088e+00
    1.30694819e+00   8.86357193e-01  -4.55233467e-01  -4.66671869e-01
    1.68191577e+00   1.18394892e+00   1.80792797e-01   3.87041164e-01
   -1.93521634e-01   2.20561953e-01  -9.49676842e-01  -3.85107704e-01
   -2.13264144e-01  -1.63463682e+00  -8.00991267e-01   1.53659660e+00
   -5.19370514e-01   7.05704011e-01   2.99857363e-01  -1.42429117e+00
   -5.36591058e-01  -1.40510855e+00  -1.54656609e+00  -4.95707235e-01
    1.06669307e+00  -5.47228142e-01  -8.20615472e-01  -5.87948049e-01
   -1.60265624e-01  