NN 16 32 16   -3.94951978e+00  -1.18933813e+00  -1.09237683e-01   5.49312002e-01
    2.40253460e+00  -1.06387752e+00  -1.99800855e+00  -2.23511747e+00
    3.39140324e+00  -1.23575495e+00  -3.36704696e-01   1.05583767e-01
    8.02357106e-01  -3.73866921e-01   1.78380872e-01  -7.01448405e-01
   -1.00186653e+00 
    6.31236479e-01  -4.93933034e-01  -3.34064514e-01  -3.97800564e-02
    1.17073439e+00  -2.77037810e-01   3.16673420e-01   4.34272891e-01
   -2.70559593e+00   7.51173375e-01   2.16565812e+00  -3.92509529e+00
    8.68442151e-01   8.23853002e-01  -2.17425432e+00   1.39867892e+00
    6.75907965e-01 
   -1.04088416e+00   1.52713015e-01  -2.60258681e+00   8.53799666e-01
    2.69015712e+00  -1.87419545e+00  -6.57082746e-01  -7.60276094e-01
   -1.14347406e+00   4.30562535e-01  -3.93894775e-01   2.28046567e-01
    1.41330643e+00  -7.42814901e-01  -2.93075474e-01   2.04078299e+00
    1.26707909e-01 
    1.65650584e+00  -7.98828555e-01  -1.28757904e+00   1.04971677e+00
    1.51702373e-01  -1.14265593e+00   9.01567575e-01  -4.49134847e-01
   -1.62026343e+00   7.97547863e-01  -1.59845987e+00   1.69200226e+00
    1.73406631e+00  -1.62694811e+00   1.21980385e+00  -1.97565786e+00
   -2.09066279e-01 
   -1.38392055e-01  -1.64672324e+00   1.47439667e+00  -1.28768905e+00
   -1.64531153e-01  -6.35000961e-01  -3.54371873e-02  -2.07638926e+00
    1.23882694e+00  -6.16337681e-01   1.47278984e-01   2.11164708e+00
    1.52567849e+00   2.19539774e+00  -2.08335944e-01  -1.50132919e+00
   -7.17788543e-01 
   -5.01485222e-01   1.29461889e+00   1.94297760e+00  -1.33197062e+00
    6.04948424e-01   1.16414752e+00   2.00545909e+00  -4.83410283e-01
    8.84473046e-03  -2.50713557e-01  -1.99532290e+00   6.24527055e-01
   -8.66572216e-01  -1.46353253e+00  -5.29674386e-01  -8.53785274e-02
    4.22832928e-02 
    9.89413389e-01   1.49726450e+00   1.71001265e+00  -1.88678573e+00
   -2.83347940e-02   2.08561146e-01  -1.96559016e+00   1.43963171e+00
   -5.66216954e-01   4.99944704e-01   9.24410881e-01   3.33976406e-01
   -1.03345755e-01  -4.05338021e-01  -1.40310477e+00   8.48941002e-01
   -6.79311375e-01 
    5.73439728e-01  -1.33066900e+00   1.30696961e+00  -4.63435260e-01
    6.28402270e-01   4.27540037e+00  -2.05959991e+00  -7.79252765e-02
    2.39917425e+00   2.29945718e+00   2.50757193e-01  -3.57744028e-01
   -7.63049300e-01  -2.72962166e+00  -1.44288195e+00  -1.45667113e-01
   -6.95991580e-01 
    2.24367461e-01   2.73825948e+00  -7.30862600e-01  -1.16480559e+00
    5.17683797e-01  -1.31490768e+00  -1.15062950e+00  -1.58396575e-01
   -1.66869283e+00   2.31583790e+00   1.35907745e+00  -1.34920683e+00
    9.33458751e-01  -1.85559506e+00   1.44023533e+00  -1.68167351e+00
   -1.53139267e-01 
   -1.21867360e+00  -2.04095442e-01  -6.08926945e-01   1.21316908e+00
    1.80012366e+00  -8.13597350e-01   1.32952788e+00  -9.97405750e-01
   -1.07800093e+00   8.94268655e-01   6.57980929e-01   2.02961015e+00
   -2.85555383e+00   5.04792884e-01  -7.64938472e-01  -1.36149946e+00
    3.47326717e-01 
   -6.74856475e-01   4.54555799e-01  -2.72132924e-02  -2.86086568e+00
   -2.37587187e+00  -1.39240211e+00   3.69875410e-02   4.15195638e+00
   -1.24900439e+00   3.23070397e-01  -4.45721067e-01   3.16199819e+00
   -1.13603726e+00  -4.01737540e-01  -1.34626950e-01   3.73198878e-03
   -6.49652693e-01 
    2.98218445e+00  -9.06455118e-01   3.09083046e-01   1.94802512e+00
    1.58381763e+00  -6.00294312e-01  -1.39681666e+00   6.83917644e-01
    2.18594200e-01  -1.27791770e+00   4.73173270e-01  -5.97935433e-01
   -3.06080364e+00   4.16345067e-01   1.08894435e+00  -1.00874600e+00
   -2.59190156e-01 
   -2.23381983e-01  -2.40720876e+00   1.65436327e+00   9.91215360e-02
   -3.88661948e-01   5.15840017e-01  -3.43021357e+00  -2.28427960e-01
   -1.91145846e+00   1.19525094e+00   2.98008144e+00   1.38085664e-01
   -4.28755531e-01   1.31455635e+00  -5.19991896e-01  -6.75837672e-01
   -1.25211354e+00 
   -4.96333319e-01   2.37356828e-01  -5.46947676e-01   1.14359906e-01
    2.32280455e+00  -2.07596351e+00   1.05520526e+00   9.39358065e-01
    1.17906428e+00   1.59228038e+00  -2.22805015e+00  -1.79496443e+00
   -1.10143249e+00   3.62015047e-01  -4.28900413e-01  -8.00114114e-02
   -1.36733369e-01 
    1.62104831e+00  -1.82275302e+00   7.27105487e-01   3.04784945e+00
   -2.26874352e+00   6.58123334e-01   5.34200385e-01  -1.01203238e+00
   -1.58955882e+00  -2.32159974e-01  -4.87686440e-01  -1.77198536e-01
    8.02198565e-01   2.37244158e+00  -2.19833422e+00  -1.57191657e-01
    5.96911540e-01 
    1.56673586e+00  -1.01911281e+00  -2.27361100e-01  -7.98304953e-02
   -3.02838837e-01  -4.01349289e-01   3.18445901e+00  -3.03953270e+00
   -1.28477999e+00  -1.19250257e+00  -4.85961938e-01  -9.38768320e-01
    1.13552750e+00  -1.96427331e+00   8.26469152e-01   4.88315378e-01
    4.36223337e-01 
    1.53464770e+00   6.56951897e-01  -2.96277710e+00  -4.30971698e+00
    1.19867576e+00   1.67798607e-01   6.35467102e-01   1.56181853e+00
    8.85267700e-01   3.47695135e-01  -8.10621657e-01  -1.07160282e+00
   -2.29827128e-01   1.74375352e+00  -4.70288751e-01   1.25809071e+00
    3.61937143e-01 
   -1.49909519e+00   5.00770347e-01  -3.56997422e-01   2.53704577e-01
    7.45161182e-01  -1.79489753e+00   1.56814763e-01   2.79103147e-01
    1.48901954e+00  -8.89722978e-01   1.20081965e+00   1.22550739e-01
    8.20931919e-01  -1.15856245e+00  -7.69533916e-01   1.16667233e+00
   -7.42973875e-01 
   -1.31519941e-01  -2.55506368e+00   2.36666142e+00  -1.68205357e-02
   -2.33640187e+00   3.33524231e-01  -1.57877708e-01   1.45355112e+00
    1.85295338e-01   1.57234119e+00  -1.56721960e+00  -4.30264804e-01
    5.02481578e-01  -1.05305209e+00   6.68284827e-01   7.08444928e-01
    1.70269326e-01 
   -1.31539706e+00   5.16751296e-01  -9.09616293e-01   2.19971402e+00
   -7.86610082e-01   1.87298921e+00   1.22589266e+00  -1.56384977e+00
   -1.35988856e-01  -1.68189489e+00  -5.86987284e-01   5.82750619e-01
    1.81287327e+00  -7.10219720e-02  -2.95215739e-01  -2.36003816e+00
    3.26105566e-01 
   -2.18143779e-01   2.66281189e+00   1.22102704e+00  -5.99064181e-01
   -1.08642008e-01  -4.78498131e+00   1.19232171e+00   3.60063125e+00
    1.62015809e+00  -2.30520353e+00   7.77474006e-01  -2.56225607e-01
   -3.95565913e-01  -8.13749645e-01   7.93303568e-01  -3.27452549e-01
   -2.70715360e-01 
   -2.66578598e+00   9.19339880e-01   2.00368627e+00  -5.99392180e-02
    1.59820986e+00  -9.48745817e-01  -1.41553097e+00  -3.52386742e-01
    2.39846992e+00  -1.09222496e+00   3.17903674e-01  -1.74821304e+00
    5.66922923e-01   4.96854044e-01  -1.15526757e+00  -4.21901724e-01
    6.78819141e-01 
   -3.66127024e-01  -8.00989016e-01   5.94382232e-01  -7.96152536e-01
    2.36267970e+00  -1.26110295e+00   2.52428111e-01   2.40119257e+00
   -2.58810360e+00  -7.41059694e-01   1.30778470e+00   8.62975312e-01
    4.11890726e-01  -8.38557433e-01  -5.40427331e-01  -1.21480747e+00
   -3.99989624e-01 
   -2.04054934e+00   3.31611542e-01  -1.37117424e+00   2.08755960e+00
   -9.92093498e-01   1.25680479e+00   8.35278378e-01  -6.54270713e-01
    1.00395270e+00   1.50116298e+00   1.56682313e+00  -1.85183788e+00
    8.18965902e-01  -1.30976291e+00   6.22035528e-01  -3.15279483e-01
   -6.33951101e-01 
    2.11371546e+00   1.58619740e+00  -2.07361716e+00  -1.22112040e+00
   -3.67881814e+00  -1.46274382e+00   8.72450260e-01   6.02212658e-01
    1.31459996e+00  -2.46348779e+00   1.91356439e+00  -1.41981329e-01
    7.33900636e-01  -3.68538935e-01  -7.72546727e-01   1.23515273e-01
   -1.58109833e-01 
    1.82732973e+00   2.05630321e-01  -1.96249785e+00  -1.34078306e-01
   -1.23719046e+00  -5.45594179e-01   2.89616656e+00  -3.06032384e+00
   -4.14667778e-02  -3.01993712e-01   3.18484938e-01   9.11392025e-01
   -2.57578614e-01   1.36871224e+00   7.14935580e-01   1.24028977e+00
   -5.41659181e-01 
   -6.99801138e-01  -3.63602587e-01   1.98370071e+00  -1.20319177e-01
    1.53661966e+00   2.05270517e+00  -3.48119181e+00   2.57340748e-01
    1.08212927e-01  -8.39054392e-01  -3.26320390e+00   2.99889680e-01
    2.04170091e+00  -1.46982128e+00  -1.20285153e-01   3.21075126e+00
   -2.69464344e-01 
   -6.02661087e-01   2.87966013e+00   1.22322135e+00   1.18204472e-01
   -1.54887462e+00   1.83141271e+00  -6.05955787e-01   6.82733892e-03
   -8.84344059e-01  -2.32470411e+00  -1.78358741e-01  -2.30516417e-02
   -8.50750091e-01   5.59995047e-01  -9.91891249e-02   7.70767420e-01
   -5.88501207e-01 
   -1.46984731e-01  -1.00354451e+00  -1.29981873e+00   1.84254224e-01
    6.39075417e-02   2.62450559e+00  -7.32737041e-01   7.39644334e-01
    2.26638447e-01  -2.70019194e+00   1.21993652e+00  -3.10865757e-01
   -1.41810366e+00   6.52816864e-02   3.30136793e+00  -1.50359673e+00
    7.24235757e-01 
   -1.52313779e-01   2.43179412e+00   2.28147499e-01  -1.07717248e+00
    8.69263029e-01  -1.69828690e+00  -2.54456123e+00  -1.40210697e+00
   -6.15606614e-01  -9.25446816e-01  -1.78196807e-01   8.71629044e-01
    7.03351364e-01   4.32023754e-01   1.64871872e-01   9.41532669e-01
   -1.64586549e-01 
   -1.01959832e+00   2.54216755e-01   2.88173941e+00   1.66270831e+00
    8.19798038e-01   3.86583653e-01  -2.05156367e+00  -1.29824851e+00
   -9.14758068e-01   7.27247409e-01  -2.15068711e+00  -1.52399125e+00
   -1.84279394e+00   1.62710883e+00   1.71614296e+00   1.13471664e+00
    2.07475997e-01 
    1.57643818e+00   9.26063962e-01  -1.02554963e+00  -2.09016910e-01
   -7.96708493e-01  -2.63854621e-01  -4.84427163e-01  -3.28131552e-01
    1.95901803e+00   1.80407040e+00  -2.31599598e+00  -1.95426175e+00
   -4.70596044e-01  -1.66835926e+00   2.57640728e+00   9.30610384e-01
   -4.65641597e-01      3.61921564e+00  -1.04748308e+00   3.55213688e-01  -1.92947176e+00
   -9.28741009e-01   1.49234096e+00  -6.91249899e-01  -1.16832069e+00
    5.84785907e-01   7.95739556e-01  -6.03821667e-02  -3.23090290e+00
   -7.85424762e-01   6.37577285e-01   9.33547257e-01  -1.56593453e+00
   -1.53242983e-01   9.55263420e-02   1.02216385e-01  -5.55632449e-02
   -1.89702346e-01   1.80127958e+00   6.22688846e-01   2.18855912e+00
   -1.55407683e+00  -8.52783820e-01   3.16667713e-01  -6.56815937e-02
   -1.19409620e-01  -2.51217759e-01   2.44498466e-01  -1.33243676e+00
   -1.20775478e-01 
    5.39579391e-01   4.89131182e-01  -4.11847047e-01  -2.98541606e-01
    1.11353173e+00  -3.05042955e-01  -1.29890484e+00   8.53302025e-01
   -2.04029690e+00  -1.54879125e-01  -8.22359831e-01   5.04494642e-02
    1.24081525e+00  -3.13851484e-01   1.52744713e+00   1.16144017e-01
   -1.31015527e-01  -1.07859755e+00   1.94682927e+00  -2.00326021e+00
   -1.42986110e+00   3.35083737e-01   5.77017064e-01   1.49621591e-02
   -1.35125202e+00   7.23339828e-01   6.49994360e-01  -4.30817172e+00
    1.37352389e+00  -1.66897429e+00   1.66810968e-01  -1.30522223e+00
    2.69924966e-01 
    7.40313326e-01  -2.57070328e-02   2.77057799e+00   1.06172662e+00
   -1.91900619e+00  -1.96325226e+00  -1.11202614e+00  -9.33277769e-01
    1.41560332e+00   1.04768977e+00   3.33529837e-01   5.71977443e-01
   -2.18279504e+00   2.80018921e-02  -5.29783997e-01  -1.22761530e+00
    2.26670978e+00   7.23011407e-02  -1.41518042e+00   1.21282394e+00
   -1.27190300e+00  -2.39497845e+00  -1.15557238e+00   1.27817254e+00
    1.18803149e+00   6.31484961e-01  -2.45105570e+00  -6.02381423e-01
    2.14665350e+00  -1.93027243e-01  -2.22024435e+00   9.25523413e-01
   -3.96852040e-01 
   -1.55412330e+00   2.54149975e-01  -1.49504481e+00  -1.04502292e+00
    1.91967082e+00   1.17065565e+00   1.28439264e+00   1.27864617e-01
    5.54624197e-01  -8.84741099e-01   2.83540173e+00  -1.98467876e+00
    4.38342707e-01  -8.21094661e-01  -3.23209424e+00   1.74290924e-01
    3.78873505e+00  -1.39769448e-01   1.40179810e-01  -2.27285449e+00
   -8.72830419e-01   5.99602226e-01   7.78186499e-01  -2.92751112e+00
    6.46784274e-01   6.32430669e-01  -6.23383554e-02   1.11075632e-01
   -3.49675064e-01   3.31602847e-01  -1.74235761e+00  -4.77320487e-01
   -1.62433020e-01 
   -1.94898606e+00  -1.23897930e+00  -2.36535331e+00  -6.36819310e-01
    1.83816259e-01  -3.46962930e-01   7.42430062e-02  -1.09018842e+00
   -3.05547740e-01  -2.93118761e+00   1.56251547e+00  -6.32016077e-01
   -1.58727476e-01  -2.43985471e+00   2.81340028e+00  -1.79634673e+00
   -1.68682548e-01  -1.52968121e+00   2.62196995e+00  -2.86368530e-01
    1.29603423e+00  -1.15981301e+00  -3.25875479e+00   2.09822937e+00
    1.96544377e+00   1.27505805e+00  -1.46250420e+00  -7.48431864e-02
   -2.70035087e-01  -1.33603490e-01  -1.17850637e+00   1.76533480e+00
   -1.48604992e-01 
   -1.46206349e+00  -2.51869391e-01   6.49249400e-01   2.58276861e-01
    1.02363998e+00  -7.49754681e-01  -4.46805772e-01  -3.49158864e+00
    1.15616659e+00   2.90177701e-02  -2.27813787e-01   3.81475213e-01
   -9.54004378e-01   1.96362900e+00  -9.87786363e-01  -2.11876809e+00
   -1.42154795e+00   7.05746230e-01  -1.71762195e-01  -2.50897099e+00
    4.51435812e+00   5.37366402e-01  -1.02472533e-01  -5.17881535e-02
    3.53170169e-01   5.07863998e-01  -1.35574104e+00  -1.69481977e+00
   -3.76204335e+00   7.79188289e-01  -1.94635599e-01   4.16650023e-01
   -5.10099139e-02 
    7.58967996e-01  -1.23364927e+00   1.33600261e-02  -9.28084482e-01
   -1.36323499e-01  -2.36173849e+00   1.21542576e+00   9.19411187e-01
    7.02605667e-01  -2.06715895e+00  -4.76594304e-01   2.67767541e+00
    3.08368460e+00  -1.66279875e+00  -1.05391752e+00  -3.90370493e+00
   -1.06471471e+00  -6.98012701e-02  -1.08730954e-01  -5.69426471e-01
   -8.73618185e-01  -2.42262118e-01  -1.61856303e-01  -6.79479693e-01
   -1.34998248e+00  -1.92231732e+00   1.04858428e+00   4.04037680e-01
    4.66740171e-01   2.88484336e+00   8.72078112e-01   3.24530666e-01
   -3.62898672e-01 
    1.25387210e-01  -7.07817283e-01   2.00492431e+00  -5.97699651e-01
    1.71328338e+00  -2.84709104e-02  -9.34672599e-01  -1.63382325e-01
   -2.71135060e-01   4.46296199e-01  -4.33255612e+00   1.25764319e-01
    6.80984595e-02  -2.03454373e+00  -4.56561321e-01   2.32277332e+00
   -2.37182510e+00  -5.57813985e-01  -2.34746252e+00  -2.73816914e-01
   -2.61553746e+00  -1.67825656e-01  -2.97369916e+00   2.97469269e-01
   -3.79762188e-01   3.50643232e+00   3.86003262e-01   6.93055087e-01
   -1.35942914e+00   7.14831258e-01   1.15893066e+00  -1.43641098e-01
   -1.02056298e+00 
   -2.05795265e+00   2.37440404e+00   1.14564499e+00   1.38978557e+00
   -1.98416655e+00  -2.55136271e-01   1.25635452e+00  -2.34571229e+00
    2.23179803e+00   2.91204088e-01   7.45329470e-01  -1.56114901e+00
    1.13154767e+00  -1.73583210e+00   2.02446750e+00   1.29109038e+00
   -8.26727365e-01  -2.42595462e+00  -3.28063224e-01   5.68182702e-01
   -1.54747365e+00  -1.75249367e+00   2.17998715e+00  -1.33371183e+00
   -1.88779494e+00  -3.84242147e-01   4.51345395e-03   5.20087837e-01
   -1.35097535e+00  -2.80679247e-02   1.54572470e+00  -1.91915272e+00
   -5.56751551e-01 
    1.09025395e+00  -9.45696539e-01  -8.69961916e-01  -1.42736041e+00
   -1.05652381e-01   1.46555421e-01  -9.51961877e-01  -2.48127126e+00
   -2.45758104e+00  -2.68859164e+00  -1.83148905e+00   1.81766908e+00
   -2.57026804e+00  -1.44395920e+00   1.75560225e-01   2.12963538e-01
    5.57259741e-01   1.55717997e-02  -2.18982093e+00   1.71495314e+00
    1.39510665e+00   1.26132476e+00   5.44283748e-01  -2.50390142e+00
    2.72492568e+00  -8.70758291e-01   2.11138575e+00   4.14495173e-01
    2.51323154e+00   4.53329697e-01  -4.09112942e-02  -1.87253215e+00
   -3.82973796e-01 
   -1.22640173e-01  -2.90018843e+00   3.72142131e-01   9.16086184e-01
   -6.08876603e-01   1.27750830e+00  -1.16927235e+00  -2.30117478e+00
   -1.79132237e+00  -1.32644768e-01   1.18892761e+00   2.93627596e-02
   -2.66402967e+00   1.78749547e+00  -3.72556707e-01   2.52935088e-01
    4.98049993e-01  -1.27514634e+00   1.02207523e+00   1.60985630e+00
   -7.74989364e-01  -1.38198723e+00  -1.40318599e+00  -2.79713276e+00
   -1.65656299e+00  -1.61137573e+00   3.49971048e+00   1.02137784e+00
   -1.16292199e+00  -3.67666519e-01   1.57339768e+00   2.53639470e+00
   -5.37956197e-01 
   -1.19635816e+00   4.41865471e+00  -1.35042819e+00  -2.58397850e+00
   -2.18862926e+00  -1.24853978e+00  -1.15198207e+00  -5.01434615e-02
    1.07858481e+00  -2.36326436e+00  -2.64907120e+00   3.14480357e-01
   -6.68470781e-01   1.33063167e+00  -2.55602183e-01   1.55630747e+00
   -7.46920035e-01  -6.19167843e-01  -2.82611288e-02  -9.24195729e-01
    7.35755359e-01   1.77865044e+00  -6.59868599e-01   9.05746395e-01
    5.72043947e-01  -1.72512569e+00  -1.53288910e+00  -3.51545482e-02
    1.08215997e+00  -9.14038892e-01   1.63877749e+00   1.22447659e+00
   -6.82276131e-01 
   -4.35310441e-01  -9.49820143e-01  -2.54620454e+00  -2.08461219e+00
   -2.09254715e+00   9.38973033e-01  -2.71565539e-02  -1.57050590e-01
   -6.87696587e-01   3.48480376e+00   5.65049458e-02   2.19782406e+00
   -9.88390616e-01   3.24965902e-01  -4.98863434e-01  -1.31434993e+00
   -9.48669954e-02  -1.12362048e+00  -4.21870279e-01  -1.47380192e+00
    3.23582233e-01  -3.58532749e-01  -8.96718209e-01  -7.10683562e-01
   -8.56051768e-02  -2.05852372e-01  -1.85622984e+00   4.73413371e-01
    1.58520856e+00  -1.24703233e+00   2.03900972e+00  -4.36931406e-01
   -2.20777597e-01 
   -2.61833532e-01  -8.07450582e-01   5.33861715e-01   1.94780472e+00
   -2.32454381e+00   1.29410733e+00  -2.40484685e-01   1.05996181e+00
    9.45126312e-01  -7.32287024e-01  -9.23862931e-01   6.76159150e-02
   -1.69496487e+00  -7.37799635e-01  -2.63984732e+00   2.10096322e+00
   -3.01329054e+00   4.21156121e-01   1.00932246e+00  -8.28608004e-01
    7.87556116e-01  -5.97702387e-01   1.42864103e+00   3.61019172e-01
    2.62863263e-01  -2.07589381e+00   9.35975913e-01  -1.33573588e+00
    2.65396985e-02  -1.11812013e+00  -8.92991787e-01   7.08129581e-01
   -5.32048878e-01 
   -5.70484759e-01   2.18247475e+00   3.47143573e-01  -1.08375111e+00
   -9.49810683e-01  -1.98280476e-01   9.52578324e-01   1.55637342e+00
   -1.05423255e+00   2.42077978e-01  -1.00340974e+00  -6.39818701e-01
    2.34577149e-01   4.00422004e-01   1.96895316e+00  -1.16277701e+00
    4.85475792e-01   2.89615519e-01  -1.35043487e+00   4.47019438e-01
   -7.34075058e-01   1.01078380e+00  -3.43930570e-01  -3.26212642e-01
    9.65007325e-01  -1.22919940e+00  -3.84967103e-01  -3.85444444e-01
   -2.51649713e+00  -1.36092234e-01  -1.85924281e+00  -2.89180798e+00
   -9.14194632e-01 
   -1.72600000e-01  -1.75932789e+00  -2.37559791e+00   1.94251507e+00
    1.38177806e+00   9.10982850e-01  -4.14048413e-01  -4.89305131e-01
    1.99445273e+00   1.25033134e+00   2.00259250e-01   4.55446042e-01
   -9.65702334e-02   2.58422071e-01  -1.04589531e+00  -5.55765154e-01
   -2.34123503e-01  -1.83251231e+00  -9.05846434e-01   1.65994114e+00
   -4.52874396e-01   7.74667922e-01   4.05396659e-01  -1.52471554e+00
   -5.12595142e-01  -1.54895667e+00  -1.62683957e+00  -6.03479393e-01
    1.13031367e+00  -5.03842837e-01  -8.82604524e-01  -6.49304726e-01
   -1.82975667e-01  