NN 16 32 16   -3.68990063e+00  -1.07970087e+00   5.60687110e-02   5.18108279e-01
    2.42601094e+00  -9.56087531e-01  -1.93872205e+00  -2.21427521e+00
    3.18476800e+00  -1.24091930e+00  -2.39201350e-01   1.97360319e-01
    9.15490292e-01  -2.26338634e-01   2.46632277e-01  -5.39240899e-01
   -8.62916995e-01 
    6.60806014e-01  -6.31684717e-01  -4.07309423e-01  -2.10268292e-01
    1.14934805e+00  -3.33134857e-01   1.18652524e-01   4.71063610e-01
   -2.61172562e+00   7.44133831e-01   2.10344343e+00  -3.73255478e+00
    7.60233031e-01   7.46902883e-01  -2.02359155e+00   1.33122916e+00
    6.07838029e-01 
   -8.25700134e-01   1.12338427e-01  -2.54755264e+00   7.87540644e-01
    2.53541279e+00  -1.83606548e+00  -5.51445993e-01  -8.70301244e-01
   -1.02959927e+00   5.84676178e-01  -3.18632751e-01   2.66206025e-01
    1.47291461e+00  -7.56270753e-01  -2.37618677e-01   2.02570901e+00
    1.56185267e-01 
    1.62611171e+00  -7.52840630e-01  -1.34029540e+00   1.01460973e+00
    9.30877971e-02  -1.14475450e+00   8.48206700e-01  -4.49338793e-01
   -1.52702138e+00   8.24265279e-01  -1.52558604e+00   1.75897345e+00
    1.72932004e+00  -1.59601865e+00   1.16877998e+00  -1.88380585e+00
   -2.06927307e-01 
   -2.20441340e-01  -1.48124075e+00   1.51584587e+00  -1.11421089e+00
   -9.87032613e-02  -5.66252121e-01   4.18394763e-02  -2.00268169e+00
    1.17166438e+00  -5.45778130e-01   7.01231681e-02   2.08005606e+00
    1.59013721e+00   2.22016296e+00  -1.01145470e-01  -1.43154567e+00
   -6.76215417e-01 
   -4.14066902e-01   1.25903243e+00   1.78746617e+00  -1.31974443e+00
    7.57764007e-01   1.18657902e+00   1.96732849e+00  -3.93411680e-01
   -3.13194755e-02  -2.50383908e-01  -1.95217850e+00   4.25410507e-01
   -8.24819167e-01  -1.43528506e+00  -4.74538131e-01  -1.11919194e-01
    2.84847345e-02 
    6.89611649e-01   1.54701036e+00   1.51553042e+00  -1.87350934e+00
   -5.52772272e-02   8.81990387e-02  -1.91285505e+00   1.24772121e+00
   -6.19176349e-01   5.05111208e-01   7.51031343e-01   1.68670037e-01
   -2.45046718e-01  -5.18264683e-01  -1.49002019e+00   7.30053737e-01
   -7.64473647e-01 
    6.76522519e-01  -1.32397343e+00   1.14421696e+00  -4.39565698e-01
    5.98931530e-01   4.10384018e+00  -2.03732092e+00  -8.19805660e-02
    2.32623342e+00   2.25399812e+00   3.61670911e-01  -4.38901061e-01
   -6.44007153e-01  -2.62557712e+00  -1.31790286e+00  -7.71041324e-02
   -6.51096388e-01 
    1.54483770e-01   2.59822484e+00  -8.02762199e-01  -1.00362834e+00
    7.33732313e-01  -1.27350444e+00  -1.20047619e+00  -1.57749990e-01
   -1.57936416e+00   2.46106801e+00   1.38333088e+00  -1.19261629e+00
    8.51414463e-01  -1.78437627e+00   1.39989984e+00  -1.57509803e+00
   -1.21866889e-01 
   -1.27223264e+00  -6.09586235e-02  -6.09598048e-01   1.20921911e+00
    1.79345050e+00  -9.50298211e-01   1.24362635e+00  -9.53043890e-01
   -9.44728271e-01   1.16326822e+00   5.73972895e-01   2.04189384e+00
   -2.70153159e+00   5.87232408e-01  -5.96469529e-01  -1.26318555e+00
    3.85603600e-01 
   -4.60902478e-01   4.33921225e-01  -1.02087727e-01  -2.77757218e+00
   -2.04055408e+00  -1.51174130e+00   1.45170097e-03   4.16992137e+00
   -1.10218602e+00   5.85387604e-01  -4.93930146e-01   2.94817802e+00
   -1.01929889e+00  -3.58228075e-01  -1.26772197e-01   7.23953729e-03
   -6.17703136e-01 
    2.90079997e+00  -8.11105433e-01   2.72750808e-01   2.02354575e+00
    1.47012072e+00  -5.18172734e-01  -1.33537126e+00   6.16653258e-01
    2.67496275e-01  -1.18224417e+00   3.96995237e-01  -3.55808102e-01
   -2.95832750e+00   4.32080342e-01   1.03169221e+00  -8.87648605e-01
   -1.62347418e-01 
   -2.75025700e-01  -2.13587210e+00   1.43550144e+00   1.16210357e-01
   -5.84140948e-02   2.91823584e-01  -3.40995379e+00   1.79375417e-02
   -1.81000670e+00   9.34277890e-01   2.83965775e+00  -1.71743034e-02
   -4.47473122e-01   1.25052130e+00  -6.02611141e-01  -7.06331908e-01
   -1.28439286e+00 
   -4.53521686e-01   3.71142693e-01  -5.20760019e-01   1.20086744e-01
    2.18650181e+00  -1.95044448e+00   9.31710251e-01   9.07382323e-01
    1.14680735e+00   1.62235692e+00  -2.24842309e+00  -1.74633535e+00
   -9.57716904e-01   4.18995857e-01  -3.67834190e-01  -7.90232685e-02
   -8.36411994e-02 
    1.62864319e+00  -1.89301433e+00   4.67206247e-01   2.84945773e+00
   -2.17673753e+00   7.31469171e-01   4.79603165e-01  -8.75803557e-01
   -1.65322159e+00  -1.51845099e-01  -4.18532560e-01  -2.22913352e-01
    7.41100048e-01   2.35396932e+00  -2.15000157e+00  -1.67315657e-01
    5.68803923e-01 
    1.40319478e+00  -1.12624490e+00  -2.22663633e-01   3.68248069e-02
   -2.93385376e-01  -3.60817134e-01   3.13028646e+00  -2.92796479e+00
   -1.33445117e+00  -9.36454461e-01  -4.74171271e-01  -8.49319172e-01
    1.16152080e+00  -1.93181865e+00   8.26632845e-01   4.92504562e-01
    4.61125256e-01 
    1.47122794e+00   6.88673973e-01  -3.11598505e+00  -4.12705159e+00
    9.62078289e-01   1.65131478e-01   7.55102327e-01   1.45395309e+00
    8.36102866e-01   1.95133816e-01  -8.06760404e-01  -1.15779766e+00
   -3.24771428e-01   1.72082473e+00  -5.59862538e-01   1.09150116e+00
    2.35661885e-01 
   -1.42695650e+00   4.41396940e-01  -2.61196696e-01   2.64837746e-01
    6.44047647e-01  -1.54136016e+00   1.88329449e-03   2.90483843e-01
    1.48420139e+00  -9.16233601e-01   1.09571536e+00   1.47165914e-01
    8.44834898e-01  -1.05660557e+00  -6.81273674e-01   1.16835128e+00
   -6.72423950e-01 
   -1.50990587e-01  -2.28182492e+00   2.21201070e+00  -7.81592856e-02
   -2.35949172e+00   3.84982243e-01  -2.63485579e-01   1.63957712e+00
    1.81588298e-01   1.61447788e+00  -1.65193942e+00  -5.36791854e-01
    6.08630153e-01  -1.11401389e+00   6.44588441e-01   6.50496805e-01
    1.39140912e-01 
   -1.32790828e+00   5.00284548e-01  -8.38696693e-01   2.15968481e+00
   -8.51114294e-01   1.70963435e+00   1.05913808e+00  -1.52656895e+00
   -3.01230490e-01  -1.80154671e+00  -6.02496140e-01   6.41375329e-01
    1.80565238e+00   1.29742561e-01  -2.68789755e-01  -2.23825713e+00
    3.55526533e-01 
   -9.16421014e-02   2.61410611e+00   1.01740180e+00  -4.55937240e-01
   -2.16743693e-01  -4.59148480e+00   1.20222582e+00   3.47803175e+00
    1.41205247e+00  -2.27604006e+00   8.48001590e-01  -3.10167255e-01
   -4.45595321e-01  -7.26135358e-01   7.42847961e-01  -2.78771203e-01
   -2.51658171e-01 
   -2.62331972e+00   9.36523746e-01   1.92472126e+00  -1.65055362e-01
    1.62783884e+00  -9.06778686e-01  -1.25536840e+00  -4.11539932e-01
    2.33986944e+00  -1.22194547e+00   2.34072240e-01  -1.86190292e+00
    5.31356172e-01   4.50632820e-01  -1.16657540e+00  -4.63046243e-01
    6.05488419e-01 
   -2.24165508e-01  -7.23446808e-01   5.85216844e-01  -8.82221002e-01
    2.35836231e+00  -1.18939579e+00   1.76018443e-01   2.40157767e+00
   -2.53673819e+00  -6.52766090e-01   1.31067423e+00   7.81211992e-01
    4.53403861e-01  -7.39948994e-01  -4.26347419e-01  -1.04565374e+00
   -3.20477935e-01 
   -2.05567070e+00   2.21522947e-01  -1.38627043e+00   2.04676460e+00
   -9.33576426e-01   1.09210796e+00   7.78620592e-01  -7.14842286e-01
    1.05831028e+00   1.42829094e+00   1.61411813e+00  -1.80833011e+00
    8.18438849e-01  -1.35784384e+00   5.59049088e-01  -2.91083320e-01
   -6.47964320e-01 
    1.83679020e+00   1.66562238e+00  -1.96597783e+00  -1.08005112e+00
   -3.66355807e+00  -1.23188744e+00   9.15031149e-01   5.26992279e-01
    1.36115999e+00  -2.45813471e+00   2.00129420e+00  -6.16978589e-02
    6.49879096e-01  -2.90273048e-01  -7.19537498e-01   1.72044037e-01
   -1.03137014e-01 
    1.68555227e+00   2.89422267e-01  -1.82105973e+00  -1.81461769e-01
   -1.03235478e+00  -4.78142143e-01   2.74547543e+00  -3.06706682e+00
   -1.52478834e-01  -2.77734984e-01   2.75113852e-01   9.67242286e-01
   -2.37880236e-01   1.31174141e+00   7.71373102e-01   1.10241804e+00
   -5.64806860e-01 
   -5.42522318e-01  -5.66195537e-01   1.99590822e+00  -4.05296227e-01
    1.54633084e+00   1.85124289e+00  -3.20623763e+00   3.25048252e-01
    1.75756455e-01  -9.19463813e-01  -3.33574310e+00   5.84433439e-02
    1.85287051e+00  -1.46129882e+00  -1.31113095e-01   2.98596555e+00
   -3.24680900e-01 
   -7.63191340e-01   2.68487558e+00   1.20265667e+00   6.43199151e-02
   -1.35151198e+00   2.03697961e+00  -5.21684038e-01  -1.10968415e-01
   -9.38570190e-01  -2.15868446e+00  -1.99581123e-01  -1.52850546e-01
   -9.14992116e-01   5.89077875e-01  -8.36564406e-02   7.63188574e-01
   -5.30627025e-01 
   -2.39067280e-01  -1.01337239e+00  -1.23382730e+00   2.25932909e-01
   -2.98426825e-02   2.62271444e+00  -7.71216845e-01   7.83128678e-01
    2.77205492e-01  -2.58501865e+00   1.23501017e+00  -2.48047558e-01
   -1.37943564e+00   3.92430260e-02   3.09653523e+00  -1.46432818e+00
    6.67347965e-01 
   -2.46298465e-01   2.26442754e+00   2.54003250e-01  -8.47061208e-01
    8.44645694e-01  -1.58882500e+00  -2.54367740e+00  -1.28831533e+00
   -4.76262569e-01  -8.61652461e-01  -2.28600597e-01   9.48191934e-01
    7.55360976e-01   4.27260728e-01   1.12807247e-01   9.94703228e-01
   -9.05315568e-02 
   -9.85822936e-01   1.16435720e-01   2.84593659e+00   1.46646725e+00
    9.88415925e-01   2.44063141e-01  -1.94041896e+00  -1.19254609e+00
   -7.99778291e-01   7.13459076e-01  -2.06057467e+00  -1.54367082e+00
   -1.75662201e+00   1.49471489e+00   1.61964052e+00   1.08506987e+00
    2.10111909e-01 
    1.44491866e+00   9.16917207e-01  -1.05372294e+00  -2.36260507e-01
   -8.97302934e-01  -2.90969512e-01  -5.70648817e-01  -4.54665825e-01
    1.81670298e+00   1.55456210e+00  -2.24839020e+00  -1.98003238e+00
   -4.73956246e-01  -1.69164818e+00   2.44055673e+00   8.01861515e-01
   -5.23311415e-01      3.45934048e+00  -9.02379802e-01   2.46435757e-01  -2.01594137e+00
   -9.14400031e-01   1.36354109e+00  -6.34735248e-01  -9.92619128e-01
    5.85372363e-01   6.78593657e-01   1.69894464e-01  -3.16650813e+00
   -8.56254574e-01   4.37636247e-01   9.22760155e-01  -1.60081678e+00
   -8.46080816e-02   1.11766375e-01   2.79399426e-01   1.06067148e-01
   -2.78063419e-01   1.92254933e+00   5.86682049e-01   2.12810068e+00
   -1.62826329e+00  -8.37766626e-01   4.29640133e-01  -1.74798173e-01
   -2.13542637e-01  -4.28175793e-01   2.48480812e-01  -1.27609682e+00
   -1.46245195e-01 
    6.95641600e-01   4.39944015e-01  -2.85128806e-01  -1.26979809e-01
    1.07993513e+00  -1.48740614e-01  -1.44401676e+00   8.91452500e-01
   -2.19460715e+00  -1.75822173e-01  -8.85932721e-01  -1.48573851e-02
    1.07388202e+00  -2.08096460e-01   1.70226460e+00   2.00576554e-01
    1.36785043e-01  -8.98495873e-01   2.11511170e+00  -2.05060875e+00
   -1.45563793e+00   3.02484302e-01   3.99845184e-01   1.88640423e-02
   -1.36525909e+00   8.50323701e-01   7.34793867e-01  -4.21822253e+00
    1.35459819e+00  -1.76979629e+00   9.63664897e-02  -1.27786227e+00
    2.69435314e-01 
    7.04052304e-01  -8.61740361e-02   2.77465773e+00   1.05987934e+00
   -1.79727378e+00  -1.81842644e+00  -9.73695707e-01  -9.15327034e-01
    1.47802752e+00   1.13937905e+00   3.57307172e-01   5.32506332e-01
   -2.07498848e+00  -2.96235542e-02  -4.56672249e-01  -1.26614645e+00
    2.18931752e+00  -2.13679217e-03  -1.48670112e+00   1.24312294e+00
   -1.33334770e+00  -2.56101219e+00  -1.23840113e+00   1.29208088e+00
    1.21200855e+00   8.47090877e-01  -2.37600438e+00  -5.76040762e-01
    2.04599549e+00  -1.44983433e-01  -2.23799613e+00   8.86880823e-01
   -3.70165061e-01 
   -1.46105368e+00   4.00151678e-01  -1.39190101e+00  -1.04483286e+00
    1.80356748e+00   1.33252054e+00   1.31079089e+00   2.42235903e-01
    5.96774433e-01  -8.43900342e-01   2.70276922e+00  -2.01737546e+00
    5.08269150e-01  -9.07466593e-01  -3.26627816e+00   7.66480623e-02
    3.77837417e+00  -1.17642283e-01   1.42710438e-01  -2.16617965e+00
   -1.01655466e+00   6.80452474e-01   8.39726748e-01  -2.86884919e+00
    4.93695528e-01   5.95165655e-01  -7.12857618e-02   1.94851475e-01
   -3.62964897e-01   3.20907774e-01  -1.66599569e+00  -6.22280213e-01
   -1.36571042e-01 
   -1.84016995e+00  -1.20943799e+00  -2.17524925e+00  -6.21992651e-01
    7.25084124e-02  -4.08932037e-01   1.44221495e-02  -1.21958784e+00
   -2.58275436e-01  -2.79191567e+00   1.51736067e+00  -6.13574573e-01
   -1.26175746e-01  -2.45482583e+00   2.72694433e+00  -1.70233496e+00
   -1.69556772e-01  -1.39482612e+00   2.37453629e+00  -2.04256148e-01
    1.27192990e+00  -1.31890301e+00  -3.16380541e+00   2.11452520e+00
    2.07714118e+00   1.28927294e+00  -1.60675936e+00  -1.87523241e-01
   -4.30113491e-01  -2.87063090e-01  -1.29931857e+00   1.53251509e+00
   -2.47870184e-01 
   -1.39992222e+00  -2.10229147e-01   5.83646777e-01   4.68571576e-01
    1.03124588e+00  -6.77207752e-01  -3.88313280e-01  -3.56316666e+00
    1.14598936e+00   3.47189267e-02  -2.11408919e-01   3.78108933e-01
   -9.66345081e-01   1.95879069e+00  -8.83335240e-01  -2.06903954e+00
   -1.39893560e+00   5.47515206e-01  -1.49313670e-01  -2.60148093e+00
    4.46432385e+00   3.96839879e-01  -6.55330663e-02  -5.38248370e-02
    2.84769368e-01   5.12205878e-01  -1.42029263e+00  -1.63661800e+00
   -3.73253872e+00   7.27979518e-01  -2.73009940e-01   4.13816115e-01
   -6.30711853e-02 
    6.43390027e-01  -1.14001032e+00   1.09147637e-01  -9.75011889e-01
   -1.95596167e-01  -2.22380523e+00   1.10020050e+00   8.39016245e-01
    5.06845091e-01  -2.16316280e+00  -6.79104057e-01   2.60279270e+00
    2.95367177e+00  -1.60749116e+00  -1.05941112e+00  -3.87439483e+00
   -1.04411576e+00   4.56843326e-02  -1.43300558e-01  -4.65166094e-01
   -8.36044113e-01  -3.27567026e-01  -3.48183670e-01  -6.34863627e-01
   -1.46074555e+00  -1.75814851e+00   1.11146900e+00   2.57635483e-01
    3.36160320e-01   2.79126349e+00   8.30993851e-01   4.70954825e-01
   -3.70119717e-01 
    1.50130137e-01  -7.26819917e-01   2.06960001e+00  -5.98762906e-01
    1.65660100e+00  -1.37746048e-01  -8.88081326e-01  -1.56087064e-01
   -3.40951081e-01   4.37798364e-01  -4.24041385e+00   1.40016258e-01
    5.92249881e-02  -1.84765600e+00  -3.58938828e-01   2.31367902e+00
   -2.40990625e+00  -5.65805407e-01  -2.26760209e+00  -4.53145576e-01
   -2.44338285e+00  -2.15688881e-01  -2.80952095e+00   1.18666351e-01
   -5.26278654e-01   3.34961324e+00   4.86864853e-01   5.51274678e-01
   -1.48935152e+00   7.57903562e-01   1.13173768e+00  -2.16115518e-01
   -9.51404321e-01 
   -2.05253156e+00   2.38566299e+00   1.14780870e+00   1.35473960e+00
   -1.98622844e+00  -2.68993354e-01   1.22332696e+00  -2.28350529e+00
    2.20023305e+00   3.75775339e-01   6.30943706e-01  -1.47663771e+00
    1.17010661e+00  -1.52208598e+00   1.97235639e+00   1.26137744e+00
   -8.14268655e-01  -2.33907622e+00  -3.11287813e-01   5.30035602e-01
   -1.51219585e+00  -1.71392935e+00   2.08739229e+00  -1.31049174e+00
   -1.88620817e+00  -4.38076808e-01   5.23832431e-02   4.95064932e-01
   -1.34438898e+00  -1.44717670e-01   1.55972204e+00  -1.82068259e+00
   -5.19478181e-01 
    1.00003444e+00  -9.06608693e-01  -8.63687086e-01  -1.32582204e+00
   -1.56594048e-01   1.72974486e-01  -9.39049758e-01  -2.45086049e+00
   -2.42188325e+00  -2.65323659e+00  -1.84417348e+00   1.70238592e+00
   -2.48249896e+00  -1.42909570e+00   1.48070529e-01   1.67825969e-01
    5.40468292e-01  -2.32411208e-02  -2.17395871e+00   1.70901952e+00
    1.25473202e+00   1.22820284e+00   5.72962302e-01  -2.63083065e+00
    2.68930243e+00  -7.56489172e-01   1.90879698e+00   4.08460465e-01
    2.33282862e+00   3.79031228e-01  -1.96587308e-02  -1.82273543e+00
   -3.71272138e-01 
   -1.67726254e-01  -2.76906149e+00   3.35809293e-01   8.46701108e-01
   -6.39025263e-01   1.23997185e+00  -1.14180687e+00  -2.26182201e+00
   -1.63497903e+00  -9.03590712e-02   1.13649860e+00   8.36278037e-02
   -2.66791095e+00   1.86420189e+00  -3.73475160e-01   2.37812717e-01
    5.21926866e-01  -1.26469212e+00   9.93987151e-01   1.62731225e+00
   -7.62611556e-01  -1.31031560e+00  -1.39986061e+00  -2.69661913e+00
   -1.65319116e+00  -1.58134458e+00   3.36459011e+00   1.02864627e+00
   -1.19843424e+00  -3.90717919e-01   1.51813529e+00   2.53242253e+00
   -4.83785654e-01 
   -1.26697685e+00   4.31994093e+00  -1.31593760e+00  -2.55248072e+00
   -2.03375764e+00  -1.21971248e+00  -1.12530129e+00   2.82669567e-03
    1.03303970e+00  -2.31557887e+00  -2.62437607e+00   3.45406943e-01
   -6.77060808e-01   1.27635062e+00  -1.29985557e-01   1.64037955e+00
   -7.33021477e-01  -5.29809335e-01  -4.33546729e-02  -8.95076018e-01
    7.97764160e-01   1.82920531e+00  -5.69753681e-01   8.80694868e-01
    6.16992170e-01  -1.66605231e+00  -1.47300424e+00  -3.23188284e-02
    1.10910222e+00  -8.70285959e-01   1.58655917e+00   1.10044339e+00
   -6.06806638e-01 
   -4.34959176e-01  -9.62854994e-01  -2.53807524e+00  -2.05084752e+00
   -2.02816311e+00   9.19672775e-01  -1.35523890e-03  -1.74144638e-01
   -6.59964553e-01   3.38872587e+00   5.30950271e-02   2.14630612e+00
   -1.00388324e+00   2.76964043e-01  -4.64416542e-01  -1.30467723e+00
   -8.27583269e-02  -1.11255292e+00  -4.01067680e-01  -1.42829704e+00
    3.28813665e-01  -3.90967439e-01  -8.95397216e-01  -7.10600274e-01
   -3.62029366e-02  -1.83447772e-01  -1.80832979e+00   4.62011566e-01
    1.55099998e+00  -1.21396364e+00   1.97951830e+00  -4.47068404e-01
   -2.14862150e-01 
   -2.80453638e-01  -8.03628085e-01   5.44135153e-01   1.92692459e+00
   -2.25740409e+00   1.25354081e+00  -2.19633650e-01   1.01745622e+00
    9.34979940e-01  -7.34064811e-01  -8.88942188e-01   6.58808263e-02
   -1.67381445e+00  -7.18810226e-01  -2.56931886e+00   2.05120979e+00
   -2.94012604e+00   4.05097351e-01   1.01252244e+00  -8.36122988e-01
    7.79439049e-01  -6.03977930e-01   1.39795047e+00   3.51450272e-01
    3.03447051e-01  -2.04061408e+00   9.24067057e-01  -1.31873528e+00
    3.94725421e-02  -1.08165668e+00  -8.80542373e-01   7.13768490e-01
   -4.92747238e-01 
   -5.61034865e-01   2.06798902e+00   3.09305850e-01  -1.10218087e+00
   -9.68406121e-01  -1.71013308e-01   9.75652939e-01   1.49940767e+00
   -9.58106496e-01   2.38284180e-01  -9.65435959e-01  -6.80378550e-01
    2.28204944e-01   4.24348966e-01   1.85671377e+00  -1.12561207e+00
    4.73073287e-01   2.89132472e-01  -1.29286719e+00   4.39181917e-01
   -6.91836156e-01   1.03056442e+00  -2.93281425e-01  -3.05809750e-01
    9.17152785e-01  -1.26114140e+00  -3.93109893e-01  -3.31561071e-01
   -2.38357713e+00  -9.47120754e-02  -1.77031653e+00  -2.82008058e+00
   -8.90169704e-01 
   -2.02467169e-01  -1.71826884e+00  -2.31010685e+00   1.87517909e+00
    1.35198132e+00   8.95499083e-01  -4.60623062e-01  -4.97576509e-01
    1.90883534e+00   1.24906172e+00   1.61826172e-01   4.27178715e-01
   -1.57331670e-01   2.50715748e-01  -1.04402091e+00  -4.71780604e-01
   -2.17943396e-01  -1.77647328e+00  -9.18805935e-01   1.61709615e+00
   -4.75012995e-01   7.35493785e-01   3.47319193e-01  -1.49771615e+00
   -5.07005275e-01  -1.49720321e+00  -1.63451620e+00  -5.63661084e-01
    1.08564949e+00  -5.00302397e-01  -8.84192412e-01  -6.13394448e-01
   -1.94891541e-01  