NN 16 32 16   -3.25479968e+00  -8.32522439e-01  -1.99302446e-01   5.27838817e-01
    2.10723520e+00  -9.39930840e-01  -1.60104794e+00  -1.70566688e+00
    2.80969019e+00  -1.42768220e+00  -1.62165315e-01   4.02203354e-01
    7.36548881e-01  -2.00022206e-01   2.81190611e-01  -3.98481209e-01
   -7.51485898e-01 
    6.17710788e-01  -5.75541735e-01  -3.73762737e-01  -3.04799469e-01
    9.49148204e-01  -2.86925098e-01   1.13343270e-01   3.68051243e-01
   -2.30107129e+00   6.69079691e-01   1.84609320e+00  -3.43203786e+00
    6.14720155e-01   6.79222054e-01  -1.79791287e+00   1.19015390e+00
    4.98875086e-01 
   -7.49063654e-01   8.70161006e-02  -2.51197279e+00   1.05728485e+00
    2.42904415e+00  -1.67807866e+00  -3.98210550e-01  -7.52105582e-01
   -1.04390620e+00   5.57091424e-01   1.43877429e-01   1.53681968e-01
    1.46797600e+00  -8.09700736e-01  -1.37054826e-01   1.80779167e+00
    1.56298532e-01 
    1.47401332e+00  -8.09513189e-01  -1.16148996e+00   7.89752985e-01
    4.19876371e-02  -9.94033798e-01   9.39931772e-01  -3.53858809e-01
   -1.36773298e+00   8.36545202e-01  -1.31670051e+00   1.64734166e+00
    1.66209588e+00  -1.56615683e+00   1.03719175e+00  -1.81370625e+00
   -3.10149291e-01 
   -3.39677666e-01  -1.50743775e+00   1.31240490e+00  -1.07446628e+00
   -3.43120132e-01  -6.56779617e-01  -1.11872034e-01  -1.71887336e+00
    1.23645138e+00  -3.71331425e-01  -1.24096454e-01   1.81933175e+00
    1.55603853e+00   1.99051846e+00  -1.02304111e-02  -1.45601001e+00
   -7.44924365e-01 
   -4.31939709e-01   1.26562352e+00   1.46149298e+00  -1.24411706e+00
    6.41831070e-01   1.05356661e+00   1.54634066e+00  -1.20695934e-01
   -4.22321471e-02  -2.72853609e-01  -1.75499943e+00   5.44435205e-01
   -8.16343908e-01  -1.31929271e+00  -2.99589953e-01  -1.61515175e-01
   -2.43895162e-02 
    8.04554980e-01   1.48813224e+00   1.33886489e+00  -1.71067370e+00
   -9.45600111e-02  -1.27449636e-02  -1.74979390e+00   1.10312307e+00
   -5.07147359e-01   5.36304940e-01   8.30631663e-01   4.04172798e-01
   -1.81327502e-01  -3.85664712e-01  -1.24633539e+00   8.31628332e-01
   -5.88434808e-01 
    8.14533238e-01  -1.38005622e+00   9.42262756e-01  -3.04019486e-01
    6.68233009e-01   3.70562350e+00  -1.85431447e+00   4.98690804e-02
    2.13142234e+00   2.11136581e+00   5.37941262e-01  -5.89394087e-01
   -6.01767948e-01  -2.41683356e+00  -1.20076670e+00  -2.21619981e-02
   -6.14946353e-01 
    2.49416584e-01   2.44356904e+00  -8.63394600e-01  -7.66420795e-01
    8.58403741e-01  -1.15809128e+00  -9.94546203e-01  -8.95401855e-02
   -1.55475102e+00   2.23973287e+00   1.26627001e+00  -1.13741809e+00
    6.69177062e-01  -1.73102584e+00   1.16711237e+00  -1.44531955e+00
   -1.56510297e-01 
   -1.54795760e+00  -9.70627126e-02  -7.97222673e-01   1.28981288e+00
    1.54941113e+00  -8.23058998e-01   1.23224698e+00  -7.01679004e-01
   -9.01597596e-01   1.11349993e+00   2.81950137e-01   1.87356268e+00
   -2.54000110e+00   5.04789155e-01  -4.33578726e-01  -1.30137834e+00
    2.33114292e-01 
   -5.63525198e-01   5.56450178e-01   1.15737547e-01  -2.59520224e+00
   -2.01046956e+00  -1.25055832e+00   3.22577213e-01   3.80771188e+00
   -9.75474802e-01   6.66967724e-01  -7.08677060e-01   2.64638135e+00
   -7.95079813e-01  -2.42002175e-01   3.32965466e-02   7.71623534e-02
   -5.65930590e-01 
    2.63672796e+00  -6.06370923e-01   3.49565680e-01   1.86086281e+00
    1.41548598e+00  -5.21753802e-01  -1.48464675e+00   6.61561975e-01
    2.71251522e-01  -9.66791950e-01   2.92319570e-01  -6.42816061e-01
   -2.61416965e+00   3.53300514e-01   9.02092557e-01  -6.81217522e-01
   -5.60888989e-02 
   -9.43152166e-02  -1.68739239e+00   1.19886546e+00  -1.70650155e-01
   -1.16161659e-01   4.13378777e-01  -3.23325295e+00   9.48530036e-02
   -1.96316430e+00   8.32193790e-01   2.79051416e+00   3.49106803e-01
   -3.70973438e-01   1.10465791e+00  -6.30720188e-01  -5.72974938e-01
   -1.15172502e+00 
   -3.85359320e-01   1.28650605e-01  -5.02099431e-01   8.50117976e-02
    2.12206377e+00  -1.90039543e+00   8.39945568e-01   7.50560433e-01
    9.07575723e-01   1.66997650e+00  -2.07799016e+00  -1.62643507e+00
   -8.51523218e-01   4.93231236e-01  -3.94641503e-01  -3.41437704e-02
   -8.58573925e-02 
    1.20211349e+00  -1.87703983e+00   4.76688941e-01   2.69477702e+00
   -2.14863311e+00   9.29295501e-01   3.59364751e-01  -8.12559274e-01
   -1.58421447e+00  -1.78824445e-01  -4.92841706e-01  -4.43044272e-01
    7.50687533e-01   2.30017280e+00  -1.82643246e+00  -1.25018492e-01
    5.70670939e-01 
    1.25309482e+00  -1.03425205e+00  -4.71875302e-02   3.47056618e-02
   -3.52709534e-01  -1.67405924e-03   3.04592031e+00  -2.76591004e+00
   -1.42556514e+00  -8.34613414e-01  -4.06978280e-01  -9.50857378e-01
    1.38366840e+00  -1.73351601e+00   6.62318237e-01   3.17029159e-01
    4.44395507e-01 
    1.35962211e+00   7.12768225e-01  -2.95467147e+00  -3.82476031e+00
    7.09198789e-01   5.61695544e-02   1.11144989e+00   1.49836197e+00
    6.60286336e-01   2.08524321e-01  -8.85370993e-01  -9.39887261e-01
   -2.72316215e-01   1.78054805e+00  -5.06841662e-01   9.76330447e-01
    1.59639218e-01 
   -1.34661462e+00   3.68224128e-01  -1.46168774e-01   9.00953207e-02
    6.57731798e-01  -1.29022502e+00   1.13206100e-01   1.17841180e-01
    1.37892616e+00  -8.34083518e-01   9.78449353e-01  -8.75439156e-02
    7.28170625e-01  -9.62521771e-01  -5.82397206e-01   1.04583841e+00
   -6.14837328e-01 
   -2.26798942e-01  -2.03974033e+00   1.97543207e+00  -6.89437747e-02
   -2.23297279e+00   5.11831606e-01  -5.28557712e-02   1.40317680e+00
    3.68179947e-01   1.66851572e+00  -1.85545852e+00  -4.69732780e-01
    6.83916421e-01  -1.08155371e+00   6.31269402e-01   6.77859052e-01
    1.67015621e-01 
   -1.26027409e+00   4.72363078e-01  -8.47015096e-01   1.89319694e+00
   -8.52683859e-01   1.73590927e+00   9.68515459e-01  -1.51061403e+00
   -2.35398219e-01  -1.72593076e+00  -7.80008018e-01   7.58993237e-01
    1.71293828e+00   2.99985357e-01  -1.66900676e-01  -1.91008461e+00
    3.93085891e-01 
    1.32781277e-01   2.47727729e+00   1.07437625e+00  -4.92885024e-01
   -4.19798560e-01  -4.31098446e+00   1.16368634e+00   3.21304720e+00
    1.24814766e+00  -1.79534676e+00   6.97576644e-01  -4.11801380e-01
   -5.08314069e-01  -5.84732437e-01   5.98736777e-01  -1.52672302e-01
   -2.25359843e-01 
   -2.37576512e+00   8.02927241e-01   1.77230718e+00  -3.41960938e-01
    1.68698057e+00  -1.01380710e+00  -6.58463408e-01  -4.49561109e-01
    2.08159977e+00  -1.23160700e+00   1.03763418e-01  -1.70135065e+00
    5.04980666e-01   5.76625081e-01  -1.07377194e+00  -3.50993461e-01
    6.46581723e-01 
   -2.85855430e-01  -4.97061850e-01   4.20851952e-01  -8.14158546e-01
    2.15109026e+00  -1.35836336e+00   1.17384469e-01   2.12064203e+00
   -2.47391869e+00  -8.54719450e-01   1.01891931e+00   7.42234358e-01
    4.97077195e-01  -6.93523981e-01  -3.56978559e-01  -8.16461916e-01
   -3.24289765e-01 
   -1.85683363e+00   2.50652980e-01  -1.39493077e+00   1.86557326e+00
   -9.95839475e-01   8.94137482e-01   8.09315234e-01  -7.11063454e-01
    1.22453868e+00   1.51660181e+00   1.55031314e+00  -1.75392068e+00
    7.25139131e-01  -1.30666112e+00   4.41150534e-01  -2.38316318e-01
   -6.41653786e-01 
    1.45031043e+00   1.57243314e+00  -1.94980894e+00  -7.52945792e-01
   -3.30590190e+00  -1.00053093e+00   1.01728330e+00   5.72977218e-01
    1.38435313e+00  -2.19518980e+00   1.94975995e+00  -2.85110010e-01
    3.65988054e-01  -2.25137868e-01  -7.68224796e-01   4.05871487e-02
   -1.85338403e-01 
    1.57181088e+00   2.05267223e-02  -1.56001037e+00  -2.97595284e-01
   -1.11281445e+00  -4.72969850e-01   2.52717374e+00  -2.90065434e+00
    6.51368804e-02  -2.25061177e-01   3.48334282e-01   9.12176923e-01
   -1.34093499e-01   1.31082788e+00   9.12043441e-01   9.10245058e-01
   -6.08692725e-01 
   -6.37725979e-01  -6.65739784e-01   1.83730292e+00  -1.89157101e-01
    1.34797834e+00   1.57088478e+00  -2.81118134e+00  -3.73586018e-02
    2.63724091e-01  -9.34333155e-01  -2.94213265e+00   2.54617613e-01
    1.58937090e+00  -1.32564884e+00   2.40712647e-02   2.75029070e+00
   -2.43737723e-01 
   -6.94416414e-01   2.45850697e+00   1.27733436e+00  -1.94821461e-03
   -1.22646481e+00   2.07684442e+00  -3.84861617e-01  -1.75923176e-01
   -9.67804640e-01  -1.92824996e+00  -3.21211805e-01  -1.48858889e-01
   -8.70257354e-01   5.87610743e-01  -3.69814121e-02   7.38510990e-01
   -4.29893481e-01 
   -4.26219489e-01  -1.25910439e+00  -1.04800711e+00   1.16755437e-01
    2.40185962e-01   2.30077686e+00  -7.18851973e-01   7.86364704e-01
    4.00480899e-01  -2.46633861e+00   1.15667875e+00  -2.19700630e-01
   -1.40969348e+00   9.81117388e-03   2.61532410e+00  -1.36254816e+00
    5.07772293e-01 
   -2.45299938e-01   1.89621360e+00   4.05702228e-01  -7.33598184e-01
    6.93770348e-01  -1.41487036e+00  -2.21925761e+00  -1.47877571e+00
   -3.22773775e-01  -7.58222688e-01  -1.63572380e-01   8.63043286e-01
    5.48080216e-01   3.73652908e-01   3.34245645e-02   9.63829959e-01
   -2.60922316e-02 
   -1.26018438e+00   2.18150963e-01   2.46051202e+00   1.48667811e+00
    1.06287055e+00   2.26178322e-01  -1.82843209e+00  -1.03839065e+00
   -7.07218132e-01   6.06384565e-01  -1.82754898e+00  -1.42530520e+00
   -1.63658584e+00   1.34043522e+00   1.30597010e+00   1.04163798e+00
    2.60253400e-01 
    1.27108768e+00   1.04002381e+00  -9.66388082e-01  -3.45320657e-01
   -8.99394523e-01  -3.48257212e-01  -5.99833960e-01  -4.21290120e-01
    1.57032101e+00   1.51956864e+00  -2.00657057e+00  -1.70018962e+00
   -3.25408045e-01  -1.59797471e+00   2.34167230e+00   7.38778169e-01
   -4.90003529e-01      3.24181694e+00  -8.77381151e-01   2.83497919e-01  -1.95461536e+00
   -8.28592248e-01   9.68914013e-01  -6.29175388e-01  -9.69526362e-01
    5.49525925e-01   9.43804765e-01   3.26614191e-01  -2.75029260e+00
   -7.59522520e-01   3.79785055e-01   7.35619101e-01  -1.67784436e+00
   -3.57977368e-01   2.20864859e-01   1.45119586e-01   3.63490142e-01
   -2.21348834e-01   2.18958132e+00   4.13432977e-01   1.91839567e+00
   -1.68223147e+00  -1.02725513e+00   4.57261713e-01  -2.44326696e-01
   -5.11124021e-02  -4.86728528e-01   3.63173831e-01  -1.58393767e+00
   -2.71916967e-01 
    5.93246505e-01   4.53849163e-01  -3.21490968e-01  -3.34764130e-02
    9.76724936e-01  -2.92115334e-01  -1.41813747e+00   1.04156304e+00
   -2.34023041e+00  -1.07528657e-01  -9.57163241e-01   2.01616262e-01
    1.25990861e+00  -1.99571226e-01   1.75862454e+00   1.70766771e-01
    2.08280550e-01  -7.47783965e-01   1.96653056e+00  -1.95161913e+00
   -1.70602270e+00   2.59598250e-01   3.25651218e-01   1.93787504e-01
   -1.50958130e+00   5.30916546e-01   7.47660154e-01  -3.88661276e+00
    1.35233212e+00  -1.73796849e+00   5.98926400e-02  -1.30991454e+00
    1.37269335e-01 
    6.98491893e-01   4.23523703e-02   2.86658278e+00   7.78435908e-01
   -1.93225666e+00  -1.44183379e+00  -8.88197811e-01  -8.02658769e-01
    1.54158449e+00   1.06233802e+00   3.79229334e-01   1.89693349e-01
   -2.32231709e+00  -5.00674171e-02  -3.89564970e-01  -1.16233051e+00
    2.20312265e+00  -6.16857449e-02  -1.45742866e+00   1.14975927e+00
   -1.34382039e+00  -2.37947165e+00  -1.16800419e+00   1.23004045e+00
    1.17949296e+00   8.73273185e-01  -2.19862774e+00  -6.93253444e-01
    1.89385940e+00  -3.32407129e-01  -2.48138918e+00   8.44009300e-01
   -3.52462062e-01 
   -1.31019000e+00   5.16737913e-01  -1.35493268e+00  -9.53885001e-01
    1.52125713e+00   1.29838266e+00   1.34964125e+00   2.81561234e-01
    3.85565621e-01  -8.99239264e-01   2.46306263e+00  -2.26351538e+00
    5.47557728e-01  -1.08661998e+00  -3.27111105e+00   1.71003562e-02
    3.66946167e+00  -2.83200955e-01   2.85184502e-01  -2.12700239e+00
   -1.10218038e+00   5.22404870e-01   8.12177040e-01  -2.89509198e+00
    4.01966124e-01   4.72124163e-01   9.26927152e-04   2.04774897e-01
   -3.70501223e-01   2.67092390e-01  -1.76518030e+00  -5.48360977e-01
   -2.02744796e-01 
   -1.56992619e+00  -1.05479504e+00  -2.02382022e+00  -3.68608906e-01
    3.10829024e-01  -3.62434998e-01   2.06148338e-01  -1.08815773e+00
   -1.71811265e-01  -2.74659419e+00   1.30285322e+00  -3.78709766e-01
   -2.36124917e-01  -2.29412161e+00   2.60608039e+00  -1.65191834e+00
   -2.90977820e-02  -1.39561728e+00   2.65869144e+00   1.28523232e-02
    1.32115866e+00  -1.31244879e+00  -2.95026455e+00   2.19587239e+00
    2.06612802e+00   1.48096182e+00  -1.52585606e+00  -3.60876801e-01
   -9.65615756e-01  -3.68448191e-01  -1.06519212e+00   1.54334674e+00
   -1.03528072e-01 
   -8.48016632e-01  -7.59007779e-02   8.08152339e-01   6.96311439e-01
    9.50916477e-01  -7.02094821e-01  -3.77649970e-01  -3.52272236e+00
    1.01575850e+00   5.56399953e-02  -4.74399660e-02   2.86995009e-01
   -5.81306595e-01   1.88669795e+00  -9.64365183e-01  -2.08520637e+00
   -1.33157835e+00   4.40811017e-01  -5.80809495e-02  -2.74662245e+00
    4.49092067e+00   4.15257947e-01   2.11815940e-01   8.34720412e-02
   -2.75720124e-02   5.09093638e-01  -1.50365957e+00  -1.60534183e+00
   -3.44869003e+00   7.39319642e-01  -2.05889558e-01   1.14570768e-01
    6.80040495e-02 
    7.51203288e-01  -8.42155420e-01   2.44472186e-01  -1.06920985e+00
   -4.09060300e-01  -1.87676434e+00   1.25441055e+00   8.06180601e-01
    1.73124760e-01  -2.17813044e+00  -6.01110143e-01   2.56753442e+00
    3.08281740e+00  -1.57752137e+00  -1.13352714e+00  -3.79937283e+00
   -1.08178633e+00   1.36661998e-01  -2.60267701e-01  -2.87801301e-03
   -8.03419749e-01  -3.33524610e-01  -4.18460500e-01  -6.43309095e-01
   -1.58297516e+00  -1.68423462e+00   1.20361094e+00   1.54323256e-01
    4.27590627e-01   2.62937719e+00   6.35599799e-01   5.30964140e-01
   -2.95168735e-01 
    1.09848813e-01  -7.55202272e-01   1.98712163e+00  -6.45945599e-01
    1.54525842e+00  -2.69652464e-01  -9.04650434e-01  -1.90303057e-03
   -1.59172553e-01   4.37711044e-01  -4.06958203e+00   7.11153687e-02
    3.51899725e-02  -1.40762841e+00  -3.56890433e-01   2.11452770e+00
   -2.21090617e+00  -5.02939484e-01  -2.29566802e+00  -4.17458049e-01
   -2.29225317e+00  -2.06957777e-01  -2.69682553e+00   2.62353631e-01
   -2.53067873e-01   3.19882681e+00   6.63645241e-01   5.32978576e-01
   -1.59317914e+00   9.53932381e-01   1.00512174e+00  -2.44927656e-01
   -7.01762336e-01 
   -1.86128294e+00   2.23062648e+00   1.12771077e+00   1.20896355e+00
   -1.93424915e+00  -3.29207730e-01   1.15148170e+00  -2.17585827e+00
    1.96828803e+00   3.08244220e-01   5.11872676e-01  -1.33323248e+00
    1.18085618e+00  -1.49998266e+00   2.06377836e+00   1.33511887e+00
   -8.89110695e-01  -2.05142309e+00  -4.42747745e-01   5.85565715e-01
   -1.46370109e+00  -1.57888348e+00   2.07915152e+00  -1.37143345e+00
   -1.70557535e+00  -5.69514932e-01   5.52586875e-02   6.98303895e-01
   -1.12729455e+00  -1.48534100e-01   1.51628965e+00  -1.69893122e+00
   -4.93132743e-01 
    7.91913495e-01  -7.38479706e-01  -7.86628258e-01  -1.23554372e+00
   -1.52438913e-01   1.79670142e-01  -8.58926567e-01  -2.25367294e+00
   -2.23467862e+00  -2.39104664e+00  -1.77179320e+00   1.64284773e+00
   -2.39741935e+00  -1.40147145e+00  -1.59674182e-02   4.99425269e-03
    7.74346610e-01   3.53048291e-02  -2.11522337e+00   1.73174042e+00
    1.34601899e+00   1.25538728e+00   6.47644585e-01  -2.53460608e+00
    2.59104177e+00  -4.87805745e-01   1.55164288e+00   2.53670140e-01
    2.18085068e+00   3.69535373e-01   9.42532331e-02  -1.62789111e+00
   -1.65168334e-01 
   -2.39039725e-01  -2.51962293e+00   2.81279705e-01   6.76320150e-01
   -5.40510162e-01   1.04173692e+00  -9.91007707e-01  -2.23499070e+00
   -1.43426779e+00  -6.30908614e-02   1.12877245e+00   2.17973178e-01
   -2.57503220e+00   1.82632007e+00  -4.48061716e-01   1.51257759e-01
    5.27222929e-01  -1.15665352e+00   9.53870287e-01   1.45392943e+00
   -7.09379258e-01  -1.08034598e+00  -1.25205919e+00  -2.58848585e+00
   -1.76139814e+00  -1.67956790e+00   3.17348602e+00   8.93908830e-01
   -1.20194729e+00  -3.78872172e-01   1.48633021e+00   2.30940160e+00
   -4.22261194e-01 
   -1.37426150e+00   3.95941634e+00  -1.09663835e+00  -2.48310025e+00
   -1.93637453e+00  -1.05369401e+00  -1.08029596e+00   2.31200929e-01
    1.01565967e+00  -2.18066598e+00  -2.58109473e+00   2.00943276e-01
   -7.98397800e-01   1.36334465e+00   1.90071115e-01   1.58498911e+00
   -8.05926775e-01  -4.51379835e-01   1.69820389e-03  -7.35603724e-01
    7.59845840e-01   1.85993623e+00  -4.48701644e-01   9.28069391e-01
    7.54394492e-01  -1.75022299e+00  -1.25200279e+00  -9.26663037e-03
    8.31111282e-01  -8.03892437e-01   1.40045638e+00   1.05831416e+00
   -4.75533304e-01 
   -4.54166564e-01  -8.57961425e-01  -2.46796987e+00  -1.96978613e+00
   -1.96999241e+00   8.22620922e-01   1.02151989e-01  -2.69014361e-01
   -5.59863688e-01   3.07283858e+00   5.08066246e-02   2.04535831e+00
   -1.03589746e+00   1.71030316e-01  -3.85983891e-01  -1.25129737e+00
   -5.82029792e-02  -1.04713415e+00  -3.65314534e-01  -1.30701968e+00
    4.47134538e-01  -4.27012215e-01  -8.55424706e-01  -6.86577298e-01
    9.69414235e-02  -1.85439105e-01  -1.71754380e+00   4.42681393e-01
    1.43390153e+00  -1.15040150e+00   1.81025136e+00  -4.42209667e-01
   -1.99451972e-01 
   -3.27593961e-01  -8.06445475e-01   5.64752346e-01   1.84478212e+00
   -2.14763423e+00   1.15541244e+00  -1.96742552e-01   8.99926915e-01
    9.04707224e-01  -7.06483205e-01  -8.20125458e-01   1.42122970e-03
   -1.64312299e+00  -6.82338357e-01  -2.40933422e+00   1.88492241e+00
   -2.72902091e+00   3.21742614e-01   9.58380574e-01  -7.60429297e-01
    6.90022657e-01  -6.73711118e-01   1.28629523e+00   3.30307448e-01
    3.79651161e-01  -1.95502282e+00   8.91488625e-01  -1.22720834e+00
    1.32709866e-01  -9.97828125e-01  -8.52717443e-01   6.80254301e-01
   -4.15878287e-01 
   -6.45602071e-01   1.87882236e+00   2.62997511e-01  -1.02802455e+00
   -9.46361306e-01  -1.75535771e-01   9.08679284e-01   1.35192079e+00
   -8.29212892e-01   1.76223218e-01  -8.25311502e-01  -6.80282181e-01
    2.32460462e-01   4.57292856e-01   1.69162662e+00  -1.03990874e+00
    4.68747692e-01   2.62999493e-01  -1.11621746e+00   4.04660639e-01
   -5.56972481e-01   9.10557467e-01  -2.47658036e-01  -2.39982770e-01
    9.14204393e-01  -1.20351216e+00  -5.08902049e-01  -3.23864834e-01
   -2.06366725e+00  -1.07468448e-01  -1.66945253e+00  -2.62542330e+00
   -8.09288234e-01 
   -2.45903537e-01  -1.60113969e+00  -2.14271429e+00   1.66840774e+00
    1.29876694e+00   8.86406786e-01  -4.77723185e-01  -4.47988549e-01
    1.65668467e+00   1.20843583e+00   1.46725576e-01   3.88090505e-01
   -2.21833299e-01   2.43277465e-01  -9.35912990e-01  -3.40274820e-01
   -1.89696011e-01  -1.59366482e+00  -8.19233230e-01   1.54838275e+00
   -5.46228531e-01   7.02755161e-01   2.71235400e-01  -1.37985203e+00
   -5.49237077e-01  -1.35679221e+00  -1.51737352e+00  -4.77077702e-01
    1.06722983e+00  -5.23656488e-01  -7.96991856e-01  -5.63057902e-01
   -1.39071408e-01  