NN 16 32 16   -4.13737189e+00  -1.06050825e+00   2.49421839e-01   5.98144264e-01
    2.81067516e+00  -1.04278293e+00  -2.19120961e+00  -2.32435111e+00
    3.58523464e+00  -1.26902745e+00  -2.73725958e-01   1.95985413e-01
    9.82889354e-01  -1.44634359e-01   3.60484094e-01  -6.02504337e-01
   -8.77847870e-01 
    6.47429901e-01  -5.40292052e-01  -2.81000593e-01   6.33170776e-02
    8.79034460e-01  -2.40737096e-01   2.71709030e-01   4.13133184e-01
   -2.94473591e+00   7.87417922e-01   2.28858712e+00  -4.32793917e+00
    8.79587827e-01   6.72685566e-01  -2.40457543e+00   1.39195236e+00
    6.55056494e-01 
   -1.31387632e+00   2.32111071e-01  -2.48964334e+00   9.93026988e-01
    2.94818748e+00  -1.90200966e+00  -8.87927617e-01  -8.26706458e-01
   -9.66567376e-01   7.00366255e-01  -6.15520956e-01   1.51681255e-01
    1.46052736e+00  -6.83008878e-01  -2.68095728e-01   2.22622347e+00
    1.89114404e-01 
    1.83836886e+00  -7.41632164e-01  -1.43397542e+00   1.04469436e+00
    3.15822655e-01  -1.09176496e+00   7.16654910e-01  -4.60084299e-01
   -1.64543893e+00   9.53231398e-01  -1.67490357e+00   1.82411284e+00
    1.83471608e+00  -1.72203874e+00   1.30845649e+00  -2.04264076e+00
   -1.43250072e-01 
   -1.37259247e-01  -1.71771142e+00   1.62208259e+00  -1.45084272e+00
   -6.78871657e-02  -7.10272103e-01  -8.57941171e-02  -2.23854349e+00
    1.24052737e+00  -5.58511663e-01   1.46895244e-01   2.20764319e+00
    1.56074438e+00   2.33572311e+00  -1.64681043e-01  -1.50233508e+00
   -6.87427068e-01 
   -2.87777808e-01   1.18915519e+00   2.01793775e+00  -1.25012740e+00
    7.87116362e-01   1.19053143e+00   2.23615670e+00  -5.42912698e-01
    5.92838891e-02  -1.53048585e-01  -2.30583005e+00   5.35544182e-01
   -8.19507543e-01  -1.41029163e+00  -3.99770346e-01   7.79709594e-02
    1.90758582e-01 
    1.23662642e+00   1.61237895e+00   1.60260551e+00  -2.01814049e+00
   -1.30193107e-01   3.20632389e-01  -2.18027266e+00   1.64183883e+00
   -5.45573232e-01   5.58224688e-01   9.06205466e-01   1.47735910e-01
   -1.24102731e-01  -4.46535062e-01  -1.45745424e+00   8.24148040e-01
   -7.53314112e-01 
    8.76692006e-01  -1.51394324e+00   1.19713583e+00  -3.37159217e-01
    5.88637864e-01   4.42607383e+00  -2.48531859e+00  -1.09315655e-01
    2.68132313e+00   2.46481963e+00   3.14498059e-01  -2.35128325e-01
   -6.88557432e-01  -2.88662770e+00  -1.50084553e+00  -1.82218420e-01
   -7.12510974e-01 
    1.07891865e-01   2.88490545e+00  -6.45834412e-01  -1.14845339e+00
    7.92736014e-01  -1.33010306e+00  -1.41378084e+00  -3.52365195e-01
   -1.72368410e+00   2.42696440e+00   1.48344811e+00  -1.22643014e+00
    1.05031794e+00  -1.92254019e+00   1.50485554e+00  -1.81116344e+00
   -1.57047464e-01 
   -1.33230478e+00  -3.62582689e-01  -7.97076465e-01   1.25650666e+00
    1.77887260e+00  -8.46159560e-01   1.23177387e+00  -7.01624727e-01
   -1.14519880e+00   7.23957669e-01   9.42202761e-01   2.23228425e+00
   -3.14935079e+00   3.76768339e-01  -8.97009993e-01  -1.43214598e+00
    3.68922569e-01 
   -6.80250849e-01   4.15383183e-01   1.57827217e-01  -2.88293089e+00
   -2.61687789e+00  -1.49269816e+00   2.00963252e-01   4.56007989e+00
   -1.46109882e+00   5.49571456e-01  -3.48150479e-01   3.23577268e+00
   -1.20811160e+00  -3.75869542e-01  -4.94678949e-02   1.01279134e-01
   -5.69497639e-01 
    3.24649543e+00  -7.76795584e-01   2.75166886e-01   2.04459301e+00
    1.66325694e+00  -7.13185584e-01  -1.34445687e+00   6.73712888e-01
    1.65353721e-01  -1.36881375e+00   6.43134281e-01  -6.21522316e-01
   -3.11603195e+00   4.86607742e-01   1.12875533e+00  -1.21101947e+00
   -3.56718660e-01 
   -7.00865009e-02  -2.64788559e+00   1.57709873e+00   2.41813007e-01
   -1.95249749e-02   3.28445220e-01  -3.59725124e+00  -3.86186562e-01
   -1.84167618e+00   1.10445206e+00   3.30235514e+00   9.86862039e-02
   -4.68196567e-01   1.36727760e+00  -4.65905561e-01  -7.35999791e-01
   -1.30065796e+00 
   -6.34516742e-01   4.62490586e-01  -4.22918569e-01  -1.40558913e-03
    2.51332068e+00  -2.10992676e+00   1.21945057e+00   1.06796225e+00
    1.16984535e+00   1.50192043e+00  -2.33370840e+00  -1.72653239e+00
   -1.22859576e+00   2.06342913e-01  -4.24377481e-01  -1.13114131e-01
   -1.39233076e-01 
    1.85151745e+00  -1.92434082e+00   7.88692045e-01   3.18621390e+00
   -2.37538966e+00   6.70775712e-01   5.10830792e-01  -9.87081918e-01
   -1.54613461e+00  -6.65617087e-02  -5.67238086e-01  -3.97576134e-01
    7.00827058e-01   2.45909003e+00  -2.26684850e+00  -1.82711458e-01
    6.09152426e-01 
    1.68111190e+00  -1.15777907e+00  -2.54093832e-01   5.38222964e-02
   -2.85295135e-01  -3.25672711e-01   3.23691240e+00  -3.06847721e+00
   -1.03081651e+00  -1.00154394e+00  -5.64238895e-01  -9.57901312e-01
    1.26441177e+00  -2.04684704e+00   9.68530780e-01   7.57322016e-01
    5.93147512e-01 
    1.56489192e+00   6.54618303e-01  -3.09271195e+00  -4.71310204e+00
    1.36711385e+00   9.46458014e-02   3.41609127e-01   1.61592898e+00
    6.62984104e-01   3.55241434e-01  -7.89673356e-01  -1.31460577e+00
   -4.18401122e-01   1.59482775e+00  -6.01577111e-01   1.22383180e+00
    2.74689740e-01 
   -1.72160477e+00   6.02575173e-01  -2.44206772e-01   3.98031303e-01
    6.10456939e-01  -1.99943455e+00   3.40569321e-01   2.46635052e-01
    1.53377005e+00  -9.61173384e-01   1.43635916e+00   4.35629114e-01
    8.79387331e-01  -1.16272864e+00  -8.07455071e-01   1.25895511e+00
   -7.62447888e-01 
   -4.94584152e-02  -2.64332263e+00   2.22228667e+00  -1.51432349e-01
   -2.48353988e+00   2.11498242e-01  -2.89308574e-01   1.72523048e+00
    1.36697785e-02   1.54613241e+00  -1.72634845e+00  -4.32982258e-01
    4.99860355e-01  -1.09336588e+00   6.36314136e-01   6.67905853e-01
    1.10605907e-01 
   -1.39272836e+00   5.74438276e-01  -7.18434887e-01   2.38477545e+00
   -7.91668419e-01   1.97546183e+00   1.31791539e+00  -1.75816907e+00
    6.16357948e-02  -1.70755774e+00  -4.13781316e-01   6.08834194e-01
    1.82054714e+00  -1.85613709e-01  -2.95702794e-01  -2.51297075e+00
    3.68984818e-01 
   -2.43098819e-01   2.79956564e+00   1.40909694e+00  -7.22889213e-01
   -1.78883710e-01  -4.98928432e+00   1.40007136e+00   3.59628372e+00
    1.44172347e+00  -2.66745920e+00   8.10303672e-01   5.04446021e-02
   -3.62460115e-01  -8.49017908e-01   8.58051760e-01  -3.72715951e-01
   -2.62455771e-01 
   -2.87693972e+00   8.71371469e-01   2.15353996e+00  -2.51922917e-02
    1.65753787e+00  -9.47826260e-01  -1.68254820e+00  -1.71431008e-01
    2.38003917e+00  -1.09646008e+00   2.87433457e-01  -1.82115112e+00
    3.80407520e-01   4.51081699e-01  -1.27091241e+00  -5.35536782e-01
    6.15827002e-01 
   -7.88992087e-02  -8.45833177e-01   4.24532068e-01  -6.01705900e-01
    2.54359680e+00  -1.12469306e+00   2.63084914e-01   2.49327267e+00
   -2.76447193e+00  -9.64920306e-01   1.38027738e+00   9.43830652e-01
    2.70969469e-01  -9.25568252e-01  -5.61668715e-01  -1.40399278e+00
   -4.38456597e-01 
   -2.09266551e+00   2.04141660e-01  -1.47287593e+00   2.03733672e+00
   -1.03188062e+00   1.07745156e+00   8.83731273e-01  -7.97754209e-01
    1.12291630e+00   1.36705836e+00   1.95894214e+00  -1.65832693e+00
    8.78611450e-01  -1.51417506e+00   5.62007917e-01  -4.18345478e-01
   -6.94106067e-01 
    2.23882086e+00   1.74270049e+00  -2.18116575e+00  -1.51895077e+00
   -3.85278082e+00  -1.63608157e+00   9.68329630e-01   6.17847649e-01
    1.34344617e+00  -2.45778683e+00   1.81906484e+00  -1.16449600e-01
    8.03649142e-01  -4.10175718e-01  -7.80931152e-01   1.77537358e-01
   -1.33387020e-01 
    2.08547974e+00   3.58241935e-01  -2.17565541e+00   1.98872736e-01
   -1.15008715e+00  -6.12973443e-01   3.04442128e+00  -3.06772723e+00
   -2.19265572e-01  -2.55873613e-01   2.73158553e-01   8.40082141e-01
   -1.31134024e-01   1.37835128e+00   7.89880785e-01   1.44896448e+00
   -4.26207963e-01 
   -6.48992942e-01  -1.58708744e-01   2.07303301e+00  -2.17119570e-01
    1.91291215e+00   1.95109836e+00  -3.57296440e+00   3.00257509e-01
    3.42794631e-01  -8.44497181e-01  -3.54455588e+00   1.16559272e-01
    2.21414456e+00  -1.45900108e+00  -1.19630856e-01   3.43257105e+00
   -2.65782645e-01 
   -6.31578432e-01   3.14339563e+00   1.18125208e+00   6.09950735e-02
   -1.54851714e+00   1.79214738e+00  -6.87634444e-01   1.03267422e-03
   -9.55086250e-01  -2.49849439e+00  -1.45557770e-01   5.43328368e-02
   -9.41304193e-01   6.72556462e-01  -1.76102059e-01   7.48390658e-01
   -6.89350093e-01 
   -7.35567096e-02  -1.07625057e+00  -1.35968670e+00   4.99442015e-02
   -2.00421054e-01   2.76022707e+00  -6.01744730e-01   8.33409358e-01
    2.59249657e-01  -3.00088845e+00   1.14905868e+00  -2.36903153e-01
   -1.58296793e+00   4.16163027e-02   3.42634389e+00  -1.62287415e+00
    7.53713711e-01 
   -1.43135668e-01   2.76861815e+00   1.52472221e-01  -1.02878529e+00
    1.01815360e+00  -1.78965887e+00  -2.62105775e+00  -1.23017846e+00
   -6.28293945e-01  -1.03012885e+00  -2.15514943e-01   9.23723006e-01
    8.16225874e-01   5.12633906e-01   2.81847279e-01   9.94722786e-01
   -1.70724458e-01 
   -8.17473406e-01   1.57219884e-01   3.19282089e+00   1.87096695e+00
    8.42140471e-01   5.68603642e-01  -2.38660120e+00  -1.39887041e+00
   -8.10138249e-01   6.74481679e-01  -2.19341409e+00  -1.52602426e+00
   -1.86625941e+00   1.87323538e+00   1.91774019e+00   1.27859212e+00
    2.74993375e-01 
    1.74314711e+00   8.20353722e-01  -1.25759471e+00  -2.38138319e-01
   -9.30508918e-01  -1.47499488e-01  -3.81571163e-01  -6.17543206e-01
    1.86888874e+00   1.73846269e+00  -2.57745187e+00  -2.17368551e+00
   -5.73313409e-01  -1.85750249e+00   2.50031263e+00   8.73235847e-01
   -5.93920712e-01      3.73301627e+00  -1.11523132e+00   5.06783314e-01  -2.06839859e+00
   -1.00338665e+00   1.45624997e+00  -9.54058379e-01  -1.14384927e+00
    4.40924123e-01   5.82215109e-01  -2.15867111e-01  -3.31210121e+00
   -8.57919369e-01   6.20858294e-01   1.07444941e+00  -1.42904169e+00
   -1.34465874e-01   9.74412632e-02   1.73474629e-01  -9.52377106e-02
   -1.94980221e-01   1.70200564e+00   7.15613926e-01   2.17835186e+00
   -1.21781212e+00  -8.45415329e-01   2.69637089e-01  -6.47484256e-02
   -2.84146252e-02  -1.41835891e-01   9.92065787e-02  -1.03785378e+00
   -1.95202910e-02 
    4.89803294e-01   5.79840407e-01  -3.21428077e-01  -2.69898137e-01
    1.17623174e+00  -2.52257278e-01  -1.19379405e+00   8.55019191e-01
   -1.99097694e+00  -1.76209552e-01  -8.38684180e-01   7.77758096e-02
    1.16831768e+00  -1.28070671e-01   1.48630575e+00   3.05633560e-02
   -9.91394697e-02  -1.19866248e+00   2.05288966e+00  -2.06830137e+00
   -1.39615749e+00   3.01163683e-01   4.71510389e-01   1.49217990e-01
   -1.33426204e+00   8.33982023e-01   7.17487372e-01  -4.64381602e+00
    1.51474496e+00  -1.69364864e+00   1.97183044e-01  -1.19585338e+00
    4.41064456e-01 
    5.74644320e-01  -1.44966069e-01   2.76790063e+00   1.30568905e+00
   -1.67557899e+00  -2.08358709e+00  -1.23097865e+00  -7.68468527e-01
    1.18239920e+00   1.05894502e+00   3.16315367e-01   7.28447484e-01
   -1.88836909e+00   4.50183831e-02  -4.38226499e-01  -1.31287139e+00
    2.20304983e+00   4.54983013e-02  -1.33215859e+00   1.44684933e+00
   -1.34423854e+00  -2.53430176e+00  -9.08192710e-01   1.18809994e+00
    1.37969852e+00   7.30681099e-01  -2.51122495e+00  -4.91422024e-01
    2.29948402e+00  -2.68823154e-02  -2.14891513e+00   9.62506718e-01
   -2.54952279e-01 
   -1.53715374e+00   1.10308641e-01  -1.59618310e+00  -9.53241793e-01
    2.06763185e+00   1.23441008e+00   1.21166327e+00   1.62930917e-01
    4.99000742e-01  -8.84234772e-01   2.96988991e+00  -1.94820970e+00
    2.85933629e-01  -9.07142505e-01  -3.13073980e+00   3.06183756e-01
    3.92729678e+00  -2.03278252e-01   2.41519637e-02  -2.23732536e+00
   -1.12685793e+00   4.03472675e-01   7.07675110e-01  -2.91039111e+00
    6.83484425e-01   5.37296654e-01   1.67241131e-02   1.09458708e-01
   -2.57913277e-01   2.87741449e-01  -1.68363802e+00  -4.88166139e-01
   -1.77079475e-01 
   -2.04013624e+00  -1.24016817e+00  -2.39713824e+00  -5.99281192e-01
    1.14729067e-02  -3.36558360e-01  -2.12888258e-01  -1.36387114e+00
   -3.24954618e-01  -3.11819744e+00   1.58069775e+00  -6.64679631e-01
   -1.13500788e-01  -2.62432720e+00   3.01438127e+00  -1.73409899e+00
   -4.98691390e-02  -1.66411797e+00   2.53681563e+00  -4.37140406e-01
    1.26505249e+00  -1.10488840e+00  -3.46645119e+00   2.12230742e+00
    1.75027960e+00   1.16452922e+00  -1.55243311e+00  -1.07419891e-01
   -1.09015991e-01  -9.01889255e-02  -1.03481342e+00   1.91709802e+00
   -1.85305037e-01 
   -1.65853761e+00  -3.50023812e-01   6.57803273e-01   2.43183416e-01
    1.20238128e+00  -6.69138815e-01  -5.00708522e-01  -3.52671595e+00
    1.19467628e+00   1.46189435e-01  -2.78278087e-01   4.27976436e-01
   -1.01333944e+00   1.95092057e+00  -8.26139090e-01  -2.19948893e+00
   -1.34290957e+00   7.38579354e-01  -2.62899826e-01  -2.45605239e+00
    4.29219133e+00   5.79714282e-01  -2.04091451e-01  -2.53005357e-01
    5.39661612e-01   5.94365640e-01  -1.16430033e+00  -1.77893080e+00
   -3.84199851e+00   7.93031151e-01  -2.12458309e-01   3.88256622e-01
    2.38613963e-02 
    8.70975741e-01  -1.49753378e+00  -1.20757969e-02  -7.72993014e-01
   -2.41472356e-01  -2.74924167e+00   9.09530213e-01   9.08711984e-01
    6.24314021e-01  -2.05860226e+00  -6.05467922e-01   2.84924993e+00
    3.02234983e+00  -1.64802258e+00  -1.03224426e+00  -3.98436651e+00
   -9.80057923e-01   2.47424648e-02  -5.80863892e-02  -6.85338567e-01
   -8.22930162e-01  -1.60830493e-01  -2.87289007e-01  -7.78779003e-01
   -1.35178485e+00  -2.06414738e+00   7.99444334e-01   4.55570719e-01
    4.93914865e-01   2.77947719e+00   1.04436755e+00   8.11866995e-02
   -5.03428268e-01 
    6.60903009e-02  -5.36096619e-01   2.19079077e+00  -7.08925539e-01
    1.84398463e+00  -5.42691670e-02  -8.83233237e-01  -2.94876409e-01
   -1.39665448e-01   4.98494449e-01  -4.44666522e+00   2.25553731e-01
    3.72252616e-01  -1.97554416e+00  -4.91805792e-01   2.24933871e+00
   -2.61400526e+00  -4.80979535e-01  -2.25743597e+00  -1.89072675e-01
   -2.63607129e+00   1.39230453e-02  -3.02722095e+00   2.48370439e-01
   -3.30850602e-01   3.54788070e+00   3.54514583e-01   7.96283499e-01
   -1.50260558e+00   8.33062432e-01   1.32639174e+00  -1.90071782e-01
   -1.19555018e+00 
   -2.16334126e+00   2.54052002e+00   1.27448112e+00   1.65782539e+00
   -2.08518562e+00  -2.52942692e-01   1.26983835e+00  -2.42200785e+00
    2.47121666e+00   3.72694759e-01   7.77873969e-01  -1.58985040e+00
    1.05113170e+00  -1.68275504e+00   1.82156389e+00   1.22417796e+00
   -6.26128323e-01  -2.57858278e+00  -4.12141706e-01   5.24612398e-01
   -1.50991816e+00  -1.85177666e+00   2.29007070e+00  -1.23677439e+00
   -1.99490665e+00  -3.26569801e-01   4.31544248e-03   2.91665662e-01
   -1.44256986e+00   3.86989493e-02   1.47442881e+00  -2.01627498e+00
   -5.65702327e-01 
    1.20281928e+00  -9.79614169e-01  -9.28334913e-01  -1.59752658e+00
   -7.68826377e-02   1.05538879e-01  -1.10216800e+00  -2.65559508e+00
   -2.66699388e+00  -2.63396255e+00  -1.96660692e+00   1.99183546e+00
   -2.59424622e+00  -1.48939933e+00   3.74496862e-01   3.43022585e-01
    4.71412009e-01  -5.98401588e-02  -2.30772075e+00   1.75156066e+00
    1.33595843e+00   1.24625799e+00   5.61716693e-01  -2.48353270e+00
    2.68506972e+00  -9.73541518e-01   2.17441514e+00   6.60523476e-01
    2.79438427e+00   4.82614663e-01   2.57536676e-02  -2.07188017e+00
   -4.90002394e-01 
    2.72640488e-03  -3.03036553e+00   4.87557384e-01   1.03357045e+00
   -5.92116018e-01   1.38447353e+00  -1.24555352e+00  -2.27160942e+00
   -1.95373049e+00  -2.04789002e-01   1.17869339e+00  -5.06198681e-02
   -2.60106128e+00   1.86965941e+00  -3.56837261e-01   2.93933190e-01
    3.37811973e-01  -1.40529973e+00   1.12687292e+00   1.59419984e+00
   -8.14235605e-01  -1.35633525e+00  -1.41695591e+00  -2.97923572e+00
   -1.62165364e+00  -1.71750026e+00   3.66398355e+00   9.47084943e-01
   -1.19563973e+00  -3.74278810e-01   1.58998437e+00   2.64481093e+00
   -5.81631330e-01 
   -1.11752402e+00   4.71436082e+00  -1.44434314e+00  -2.63686590e+00
   -2.21993059e+00  -1.17872492e+00  -1.17575436e+00  -1.09058619e-01
    1.09440331e+00  -2.41028423e+00  -2.72234618e+00   3.47800353e-01
   -6.67131426e-01   1.37622233e+00  -3.66605005e-01   1.62598287e+00
   -6.11086545e-01  -5.56996877e-01  -4.34259000e-02  -8.94826405e-01
    7.65671246e-01   1.85273482e+00  -6.32932424e-01   1.02306152e+00
    4.18163961e-01  -1.68628819e+00  -1.50412755e+00   2.39768420e-02
    1.13426166e+00  -9.62893901e-01   1.84246870e+00   1.25943924e+00
   -6.90264146e-01 
   -4.29175100e-01  -9.76825764e-01  -2.53573844e+00  -2.12681838e+00
   -2.16386117e+00   9.88740771e-01  -8.26073106e-02  -1.79779561e-01
   -7.02067392e-01   3.70246650e+00   1.12483712e-01   2.22101724e+00
   -9.82364074e-01   4.15989505e-01  -5.65667052e-01  -1.34430822e+00
   -1.11373399e-01  -1.12132214e+00  -4.69042976e-01  -1.52626341e+00
    2.88351267e-01  -3.52497053e-01  -8.98066940e-01  -7.10111568e-01
   -1.26172659e-01  -2.12266987e-01  -1.97393267e+00   5.00569645e-01
    1.58666687e+00  -1.26252428e+00   2.10001418e+00  -4.43554462e-01
   -2.25303137e-01 
   -2.49742997e-01  -7.96196205e-01   4.71860046e-01   1.96939608e+00
   -2.45361114e+00   1.35449171e+00  -2.45605412e-01   1.13605444e+00
    9.66070682e-01  -7.66899012e-01  -9.45288769e-01   1.31218146e-01
   -1.72688742e+00  -7.55606587e-01  -2.75701487e+00   2.20115733e+00
   -3.12820979e+00   4.80986507e-01   1.02570374e+00  -8.55926302e-01
    8.85007221e-01  -5.75931465e-01   1.49472405e+00   3.63349506e-01
    2.37450159e-01  -2.14086384e+00   9.46055286e-01  -1.35880457e+00
   -1.26285519e-02  -1.19689544e+00  -9.44104490e-01   7.45997104e-01
   -6.02480245e-01 
   -5.86970407e-01   2.27163164e+00   3.26634816e-01  -1.12405300e+00
   -9.91548852e-01  -2.24808377e-01   9.62057419e-01   1.57468073e+00
   -1.11872764e+00   2.54389315e-01  -1.02617566e+00  -6.45457951e-01
    2.28875187e-01   3.70476425e-01   2.00975274e+00  -1.21935817e+00
    4.72371761e-01   2.37538855e-01  -1.46947810e+00   4.29840089e-01
   -8.34760748e-01   9.74685330e-01  -3.88703076e-01  -4.03689448e-01
    9.97818747e-01  -1.24797197e+00  -3.96269915e-01  -4.20084688e-01
   -2.68002812e+00  -1.59378030e-01  -1.97499814e+00  -2.98276434e+00
   -1.00030071e+00 
   -1.46599729e-01  -1.81289232e+00  -2.41117049e+00   2.13562090e+00
    1.44374960e+00   9.11480211e-01  -3.84377740e-01  -4.79059610e-01
    2.16743246e+00   1.30033410e+00   2.19414918e-01   5.72778323e-01
   -2.26749019e-02   2.83107446e-01  -1.04076147e+00  -6.13537393e-01
   -2.16860002e-01  -1.92687560e+00  -9.16565236e-01   1.71805619e+00
   -3.97827584e-01   7.76151787e-01   4.81241952e-01  -1.57181301e+00
   -4.63200403e-01  -1.58634617e+00  -1.63451567e+00  -6.61015702e-01
    1.17199476e+00  -4.77765903e-01  -8.79407054e-01  -6.61342928e-01
   -1.45039105e-01  