NN 16 32 16   -3.66685715e+00  -9.10150326e-01  -5.64945142e-02   6.29022949e-01
    2.38801162e+00  -9.52062442e-01  -1.89120046e+00  -2.07751649e+00
    3.10264201e+00  -1.33543912e+00  -1.17553468e-01   3.13573465e-01
    9.05586181e-01  -1.98426502e-01   2.72828453e-01  -4.74482816e-01
   -8.03836021e-01 
    6.11194244e-01  -5.16800869e-01  -4.91120547e-01  -3.09424888e-01
    1.14209174e+00  -5.28387560e-01   1.08330158e-01   5.43967805e-01
   -2.53711924e+00   6.97699288e-01   2.15565373e+00  -3.65829218e+00
    7.04574281e-01   6.80464187e-01  -1.99332659e+00   1.28432072e+00
    5.46955741e-01 
   -9.29542910e-01   1.15808625e-01  -2.67955554e+00   8.42437966e-01
    2.45969227e+00  -1.76485728e+00  -5.59960245e-01  -7.31451661e-01
   -1.05993843e+00   4.73505862e-01  -1.77051354e-01   2.07829152e-01
    1.43092479e+00  -8.11057569e-01  -2.66681060e-01   1.93188306e+00
    1.00481360e-01 
    1.62794999e+00  -8.72557602e-01  -1.28493253e+00   1.07832782e+00
   -1.45155101e-02  -1.13012457e+00   8.64379419e-01  -3.13628970e-01
   -1.46389704e+00   8.06455142e-01  -1.54072913e+00   1.75217398e+00
    1.72153659e+00  -1.58049703e+00   1.14057853e+00  -1.87456964e+00
   -2.26840100e-01 
   -2.50243580e-01  -1.54623649e+00   1.50610195e+00  -1.05382794e+00
   -2.41721698e-01  -6.68281108e-01   7.84517645e-02  -2.09063994e+00
    1.14196384e+00  -4.94488062e-01   4.59833545e-02   1.91184859e+00
    1.53034099e+00   2.14557710e+00  -1.56418505e-01  -1.47218277e+00
   -7.35931104e-01 
   -3.24284596e-01   1.10460595e+00   1.75551390e+00  -1.22030195e+00
    6.71942410e-01   1.29971652e+00   1.87856159e+00  -3.77593527e-01
   -7.51917920e-02  -2.60631788e-01  -2.01770011e+00   4.23252064e-01
   -8.55477529e-01  -1.43364603e+00  -4.64015672e-01  -1.48312414e-01
    9.50970739e-03 
    7.85710342e-01   1.59442522e+00   1.54138848e+00  -1.81374709e+00
   -6.98346526e-02   2.84631619e-02  -1.79772455e+00   1.20881610e+00
   -5.12074492e-01   5.40350014e-01   8.78608053e-01   3.29235768e-01
   -1.33348193e-01  -3.67221366e-01  -1.38284470e+00   8.45996046e-01
   -6.45781798e-01 
    8.15735295e-01  -1.28345524e+00   1.12462180e+00  -3.52886253e-01
    5.99866383e-01   4.02074535e+00  -1.95488407e+00  -2.13663252e-01
    2.32740643e+00   2.25508820e+00   4.85369843e-01  -6.05186328e-01
   -6.30049227e-01  -2.59018405e+00  -1.27863180e+00  -6.41879602e-02
   -6.42545476e-01 
    1.67562746e-01   2.62037613e+00  -9.10948173e-01  -9.38357514e-01
    7.50618090e-01  -1.35547569e+00  -1.18514061e+00  -1.82692590e-01
   -1.63082814e+00   2.30090220e+00   1.36889021e+00  -1.09143493e+00
    8.34124760e-01  -1.72838926e+00   1.33427948e+00  -1.54946799e+00
   -1.45498231e-01 
   -1.36433369e+00  -9.31177900e-02  -7.40415966e-01   1.22211525e+00
    1.76500405e+00  -8.31043373e-01   1.21169383e+00  -8.18787331e-01
   -9.62070577e-01   1.11661242e+00   5.35851265e-01   1.99475791e+00
   -2.61416706e+00   5.40779546e-01  -5.38435166e-01  -1.29374065e+00
    3.45005959e-01 
   -4.30346651e-01   3.54549686e-01  -6.12650690e-02  -2.72967105e+00
   -2.09190943e+00  -1.49548966e+00   5.78963830e-03   4.05643168e+00
   -1.08423876e+00   5.85819823e-01  -7.42522935e-01   2.88842649e+00
   -1.04722014e+00  -3.73922492e-01  -1.66346864e-01  -6.12311681e-02
   -6.76588045e-01 
    2.82190604e+00  -8.22991553e-01   2.12461916e-01   1.83726785e+00
    1.53936611e+00  -6.55733778e-01  -1.26872115e+00   6.56735715e-01
    1.97635771e-01  -1.13276785e+00   4.04524505e-01  -4.76775979e-01
   -2.90594273e+00   3.82554610e-01   9.34249255e-01  -9.00149466e-01
   -1.86533294e-01 
   -2.22117471e-01  -1.98630159e+00   1.26836605e+00   1.36570569e-01
    1.75091786e-02   1.95106616e-01  -3.37891741e+00  -4.18358562e-02
   -1.82577531e+00   9.89026417e-01   2.97485104e+00   8.02494014e-02
   -3.81710336e-01   1.27495201e+00  -6.17888712e-01  -6.65569238e-01
   -1.24419567e+00 
   -4.24432667e-01   3.08176951e-01  -4.45296978e-01   6.45040219e-02
    2.21345151e+00  -1.90739191e+00   7.68522845e-01   9.09896474e-01
    1.04095664e+00   1.64128011e+00  -2.26160969e+00  -1.75041221e+00
   -9.26768990e-01   4.01989073e-01  -3.68421720e-01  -1.12805538e-01
   -1.04126152e-01 
    1.48778387e+00  -1.81900371e+00   4.90180374e-01   2.91224925e+00
   -2.23512310e+00   7.53482778e-01   4.49631173e-01  -9.23749936e-01
   -1.62224750e+00  -2.23693488e-02  -3.91348174e-01  -2.15063265e-01
    7.61373773e-01   2.36103352e+00  -2.05477760e+00  -1.00771451e-01
    5.97898003e-01 
    1.40040806e+00  -1.01220150e+00  -3.09896495e-01   7.19519303e-02
   -1.58178652e-01  -1.97751579e-01   3.11145136e+00  -2.89159273e+00
   -1.30807015e+00  -7.35203633e-01  -3.88369968e-01  -8.68910847e-01
    1.36773138e+00  -1.82394841e+00   9.37679843e-01   5.30908806e-01
    5.51999146e-01 
    1.46723928e+00   6.09858196e-01  -3.16303017e+00  -4.07458369e+00
    9.03875381e-01  -2.32151034e-02   8.73817288e-01   1.45935151e+00
    8.21653034e-01   1.62201923e-01  -1.04731603e+00  -1.18321486e+00
   -4.41646800e-01   1.63096862e+00  -6.43881804e-01   9.51896260e-01
    1.10613810e-01 
   -1.45175142e+00   4.05742575e-01  -2.08842212e-01   1.86416923e-01
    7.16282150e-01  -1.45977452e+00   1.14129747e-01   2.22518752e-01
    1.45200536e+00  -9.16885047e-01   1.10573151e+00   1.13151640e-01
    8.90145720e-01  -1.02414027e+00  -6.63218160e-01   1.17770166e+00
   -6.52535143e-01 
   -1.06916556e-01  -2.37661083e+00   2.18609381e+00  -4.32279397e-02
   -2.31353688e+00   2.49235894e-01  -2.57670581e-01   1.58245378e+00
    2.63833605e-01   1.57928049e+00  -1.68028149e+00  -5.14632796e-01
    6.01795223e-01  -1.12739441e+00   6.23661290e-01   6.29315314e-01
    1.25520621e-01 
   -1.29485399e+00   5.58032441e-01  -7.10490276e-01   2.06201176e+00
   -7.72093724e-01   1.90197616e+00   1.07072676e+00  -1.55748152e+00
   -1.90385480e-01  -1.74404208e+00  -6.04079681e-01   6.90764585e-01
    1.84761242e+00   2.15242457e-01  -1.67311384e-01  -2.11266151e+00
    4.36567948e-01 
   -4.23185649e-02   2.56113428e+00   1.19121653e+00  -5.72358102e-01
   -2.77040909e-01  -4.63548417e+00   1.15554467e+00   3.32051815e+00
    1.24471582e+00  -2.26025868e+00   6.26549311e-01  -3.47202442e-01
   -5.63199482e-01  -7.53314703e-01   6.32506623e-01  -3.31818516e-01
   -3.32524224e-01 
   -2.57332528e+00   8.90035879e-01   1.84677192e+00  -8.16508348e-02
    1.58576735e+00  -8.78452191e-01  -1.18713549e+00  -5.84045048e-01
    2.19121978e+00  -1.36556650e+00   3.31334227e-01  -1.89871881e+00
    4.98357393e-01   4.26069018e-01  -1.15609911e+00  -4.62340019e-01
    5.83648895e-01 
   -1.98300423e-01  -6.73291102e-01   6.16761965e-01  -8.65909684e-01
    2.25931935e+00  -1.25133796e+00   4.26733785e-02   2.28508608e+00
   -2.55303783e+00  -7.64676046e-01   1.28906694e+00   7.52807372e-01
    4.54972269e-01  -7.65479523e-01  -4.45085013e-01  -1.03108604e+00
   -3.52572524e-01 
   -1.95232569e+00   2.98791777e-01  -1.35458490e+00   2.09377376e+00
   -8.59299460e-01   9.61141515e-01   8.24600634e-01  -6.10952268e-01
    1.05050151e+00   1.58374928e+00   1.64311866e+00  -1.69059591e+00
    9.14191793e-01  -1.21744261e+00   6.77868208e-01  -1.01350243e-01
   -5.12271077e-01 
    1.84135637e+00   1.61196987e+00  -1.96373408e+00  -8.64592755e-01
   -3.56342524e+00  -1.21619333e+00   9.69455031e-01   6.76708071e-01
    1.36343247e+00  -2.46344981e+00   1.87433416e+00  -1.96011374e-01
    5.42414656e-01  -3.22128712e-01  -7.33707128e-01   1.41531293e-01
   -1.32503220e-01 
    1.82340545e+00   9.35813410e-02  -1.75716262e+00  -1.71209140e-01
   -1.05106226e+00  -4.79815572e-01   2.80401667e+00  -2.88842939e+00
   -6.92047823e-02  -1.05159638e-01   1.80716803e-01   9.89049699e-01
   -2.13557853e-01   1.33788033e+00   8.22369490e-01   1.15128390e+00
   -5.35910732e-01 
   -6.22850526e-01  -4.38250465e-01   1.94335156e+00  -2.57841497e-01
    1.60277966e+00   1.90690627e+00  -3.12457228e+00   3.09889192e-01
    2.04586600e-01  -8.34329426e-01  -3.07501881e+00   2.13653183e-01
    1.93811970e+00  -1.33102905e+00  -1.34019794e-03   3.00196968e+00
   -2.01354998e-01 
   -7.96044457e-01   2.66207549e+00   1.24007234e+00  -8.88348337e-03
   -1.29304251e+00   1.99404614e+00  -4.45574565e-01  -1.16134038e-01
   -1.00943268e+00  -2.13709966e+00  -2.52694801e-01  -1.65675326e-01
   -9.30233701e-01   5.65460026e-01  -9.66654171e-02   7.15063242e-01
   -5.45448721e-01 
   -3.72204128e-01  -1.05575297e+00  -1.18198665e+00   1.40770972e-01
    7.93101370e-02   2.55862571e+00  -7.55078949e-01   8.41565006e-01
    4.39186755e-01  -2.47904605e+00   1.27243046e+00  -2.81384616e-01
   -1.40213652e+00  -2.24456375e-02   3.00844589e+00  -1.45434336e+00
    6.27031382e-01 
   -3.19724737e-01   2.20571909e+00   2.42383841e-01  -8.61598192e-01
    8.25442372e-01  -1.55975798e+00  -2.42512403e+00  -1.45864738e+00
   -5.27053376e-01  -9.79756888e-01  -3.95846231e-02   9.34234528e-01
    7.08084112e-01   4.32285811e-01   5.25052766e-02   9.70074179e-01
   -9.50188278e-02 
   -9.91055393e-01   2.04851799e-01   2.69795500e+00   1.62572522e+00
    9.89618609e-01   2.80147463e-01  -2.04082631e+00  -1.26120000e+00
   -8.00524660e-01   7.58754138e-01  -1.88036769e+00  -1.44741307e+00
   -1.67800443e+00   1.51095689e+00   1.61046635e+00   1.11061087e+00
    2.75071310e-01 
    1.42750543e+00   9.47015632e-01  -9.94007157e-01  -2.53338707e-01
   -9.09092371e-01  -2.80555449e-01  -5.27157236e-01  -4.53136936e-01
    1.70554688e+00   1.59060692e+00  -2.31861575e+00  -1.92496070e+00
   -4.86991552e-01  -1.63421707e+00   2.40545855e+00   7.90491580e-01
   -5.18700690e-01      3.48656251e+00  -9.66698012e-01   2.45057788e-01  -2.04065885e+00
   -9.03161892e-01   1.28644655e+00  -7.53929785e-01  -9.95174169e-01
    4.99858954e-01   8.00387112e-01   3.98516285e-02  -3.08452746e+00
   -8.21785144e-01   2.78371430e-01   9.55195202e-01  -1.58997182e+00
   -2.61177287e-01   7.05439168e-02   9.37664049e-02   3.32460594e-01
   -3.19028102e-01   1.89970231e+00   5.43353427e-01   2.06000873e+00
   -1.58264179e+00  -8.70053449e-01   4.65702171e-01  -7.90560362e-02
   -1.10045555e-01  -3.77820675e-01   2.54510957e-01  -1.42245481e+00
   -1.98966410e-01 
    6.64928179e-01   5.05962462e-01  -2.17089719e-01  -1.49565711e-01
    9.61067975e-01  -1.86250455e-01  -1.39562667e+00   1.01647353e+00
   -2.15909810e+00  -1.62037399e-01  -8.92919319e-01   3.85722176e-02
    1.18960042e+00  -1.69989528e-01   1.64199923e+00   1.07724895e-01
    1.55867194e-01  -8.35951593e-01   2.15288235e+00  -2.08208900e+00
   -1.43371032e+00   2.26159708e-01   4.47957452e-01   1.71666763e-01
   -1.34967759e+00   7.31277999e-01   7.52722783e-01  -4.22830644e+00
    1.37609241e+00  -1.81837286e+00   2.45476546e-02  -1.26223783e+00
    2.54622579e-01 
    6.17186730e-01  -9.13647542e-02   2.81559253e+00   1.07805901e+00
   -1.75206253e+00  -1.63880936e+00  -9.12718222e-01  -8.68119359e-01
    1.47887090e+00   1.12403962e+00   5.29289314e-01   4.87361759e-01
   -2.17737322e+00   7.22458017e-02  -4.43467239e-01  -1.25276140e+00
    2.31194261e+00   7.01728672e-02  -1.39606486e+00   1.19467800e+00
   -1.30325046e+00  -2.54412093e+00  -1.19464743e+00   1.22128377e+00
    1.25516446e+00   8.48232521e-01  -2.26222215e+00  -5.13174275e-01
    2.03675049e+00  -2.05148737e-01  -2.35327830e+00   8.90899818e-01
   -3.03812379e-01 
   -1.46219544e+00   3.97913764e-01  -1.40366638e+00  -1.03114992e+00
    1.71131104e+00   1.34904549e+00   1.19029136e+00   1.91204582e-01
    4.76397246e-01  -8.36247609e-01   2.67805102e+00  -2.00795807e+00
    5.06915023e-01  -9.36681684e-01  -3.30209160e+00   3.72699633e-02
    3.83356988e+00  -2.08301234e-01   1.33849579e-01  -2.17107061e+00
   -1.02142944e+00   5.81095153e-01   7.77375972e-01  -2.93324572e+00
    4.99039377e-01   5.46622287e-01  -1.26339317e-01   8.27209797e-02
   -3.86769256e-01   2.15598379e-01  -1.75990091e+00  -6.33160886e-01
   -2.13955681e-01 
   -1.78243272e+00  -1.18719116e+00  -2.22877392e+00  -5.17742703e-01
    2.16517934e-01  -3.25340879e-01   3.77886926e-02  -1.17712743e+00
   -2.91060972e-01  -2.71646536e+00   1.45582819e+00  -4.99777641e-01
   -4.87334148e-02  -2.40354187e+00   2.75288178e+00  -1.69438620e+00
   -2.29333421e-01  -1.41320487e+00   2.59736673e+00  -1.59969976e-01
    1.36048657e+00  -1.32129527e+00  -3.10258813e+00   2.09933597e+00
    2.06134278e+00   1.34901663e+00  -1.46839304e+00  -1.74299153e-01
   -5.54491029e-01  -3.04465916e-01  -1.10454685e+00   1.63752258e+00
   -1.68742349e-01 
   -1.29532043e+00  -2.03152734e-01   5.96142767e-01   4.96650199e-01
    1.00803650e+00  -6.83489514e-01  -3.72628220e-01  -3.65731716e+00
    1.03446387e+00  -4.62203247e-02  -9.43508264e-02   3.59214928e-01
   -8.32123271e-01   1.89395999e+00  -8.66052656e-01  -2.13601120e+00
   -1.40544433e+00   5.06026888e-01  -1.54200644e-01  -2.61149996e+00
    4.50930752e+00   3.90215102e-01   4.84485910e-02  -1.65984473e-01
    2.03611500e-01   4.41431337e-01  -1.34328498e+00  -1.59257983e+00
   -3.67427755e+00   8.16692337e-01  -2.24991040e-01   2.58156519e-01
   -5.64192975e-02 
    6.96963715e-01  -1.04662797e+00   1.75930366e-01  -1.13145126e+00
   -2.09409915e-01  -2.18505644e+00   1.11567718e+00   7.03691017e-01
    4.81215200e-01  -2.11181761e+00  -7.07212560e-01   2.56090640e+00
    3.04657054e+00  -1.73224794e+00  -1.16181157e+00  -3.85199761e+00
   -1.07184379e+00   1.82653330e-01  -3.75264240e-01  -3.20061289e-01
   -7.34388289e-01  -2.57075391e-01  -3.98508366e-01  -5.98048094e-01
   -1.29732390e+00  -1.60739649e+00   1.05987829e+00   3.26801254e-01
    4.18395112e-01   2.83507616e+00   6.54139667e-01   2.54994385e-01
   -3.69442672e-01 
    1.40030628e-01  -6.59493069e-01   2.14358427e+00  -6.62085531e-01
    1.64870688e+00  -1.67712216e-01  -8.72450346e-01  -6.57447795e-02
   -1.96372613e-01   5.28146457e-01  -4.22583185e+00   1.42044406e-01
    6.10886098e-02  -1.65361138e+00  -3.55074852e-01   2.23739974e+00
   -2.29090051e+00  -5.14373434e-01  -2.28295592e+00  -3.43322112e-01
   -2.43202768e+00  -2.05829175e-01  -2.77079951e+00   2.65350989e-01
   -4.43227288e-01   3.51774480e+00   5.09566703e-01   6.16687423e-01
   -1.39416055e+00   8.85169136e-01   1.13599037e+00  -8.65362408e-02
   -8.02933973e-01 
   -2.03885665e+00   2.32113700e+00   1.12729447e+00   1.32929102e+00
   -2.04233260e+00  -3.78338141e-01   1.18211663e+00  -2.35763378e+00
    2.14508686e+00   3.20265468e-01   6.83798751e-01  -1.45945667e+00
    1.14103339e+00  -1.55069839e+00   1.92906689e+00   1.20077726e+00
   -8.42440670e-01  -2.27464498e+00  -4.24493522e-01   5.26016414e-01
   -1.44226083e+00  -1.72868947e+00   2.07034370e+00  -1.37533380e+00
   -1.79320521e+00  -5.17043648e-01  -2.13976501e-02   4.89995229e-01
   -1.31976249e+00  -1.10737784e-01   1.44829885e+00  -1.86744200e+00
   -5.80588154e-01 
    9.63300170e-01  -9.25478473e-01  -8.68778877e-01  -1.35525079e+00
   -1.27467254e-01   2.89207801e-01  -8.91270937e-01  -2.32666875e+00
   -2.40084457e+00  -2.60131946e+00  -1.82694810e+00   1.66557369e+00
   -2.46679426e+00  -1.40852514e+00   1.09670892e-01   1.67910690e-01
    6.05078712e-01  -7.71696437e-03  -2.11363386e+00   1.73960094e+00
    1.26728092e+00   1.24491383e+00   5.73594831e-01  -2.59351416e+00
    2.64906245e+00  -6.67252147e-01   1.94448110e+00   4.50067424e-01
    2.36895454e+00   3.52958677e-01   5.22872361e-02  -1.74721231e+00
   -2.93199321e-01 
   -1.77188540e-01  -2.74512630e+00   3.42259019e-01   8.76561748e-01
   -6.08392354e-01   1.23010039e+00  -1.13685284e+00  -2.19482136e+00
   -1.60975432e+00  -3.67805358e-02   1.15403556e+00   1.55336294e-01
   -2.63523704e+00   1.87572444e+00  -3.08255317e-01   1.99465371e-01
    5.53076178e-01  -1.27298597e+00   1.03293050e+00   1.66686678e+00
   -7.94776448e-01  -1.29391485e+00  -1.32404086e+00  -2.61422870e+00
   -1.68599411e+00  -1.60460097e+00   3.39465775e+00   1.02424518e+00
   -1.10368732e+00  -4.08806921e-01   1.58523635e+00   2.48315996e+00
   -4.18515056e-01 
   -1.27230865e+00   4.28548442e+00  -1.20810785e+00  -2.52328642e+00
   -2.04520480e+00  -1.20367822e+00  -1.09337721e+00  -1.87089547e-02
    1.14439466e+00  -2.27043648e+00  -2.59698853e+00   2.75970776e-01
   -6.83347136e-01   1.30763741e+00  -1.99477767e-01   1.62309765e+00
   -7.08416146e-01  -4.59251808e-01  -1.09961513e-01  -8.84890713e-01
    8.17345889e-01   1.84138591e+00  -5.26738964e-01   8.98208048e-01
    6.17563240e-01  -1.67212230e+00  -1.47192348e+00  -4.18526836e-02
    1.04040186e+00  -8.02978287e-01   1.56801958e+00   1.07178583e+00
   -5.82741680e-01 
   -4.38848396e-01  -9.55988476e-01  -2.51893329e+00  -2.03480355e+00
   -2.02336562e+00   9.09492111e-01   1.88948487e-02  -1.97773628e-01
   -6.39931307e-01   3.34139266e+00   7.17717220e-02   2.11723664e+00
   -1.02229108e+00   2.70181254e-01  -4.76693928e-01  -1.30335752e+00
   -6.33158596e-02  -1.09289011e+00  -4.06123825e-01  -1.41582129e+00
    3.57615797e-01  -3.93624453e-01  -8.88909473e-01  -7.10127437e-01
   -4.28521954e-03  -1.82852427e-01  -1.79375548e+00   4.59342713e-01
    1.52359453e+00  -1.19452658e+00   1.94198896e+00  -4.38671052e-01
   -2.12116744e-01 
   -2.77051899e-01  -7.95659836e-01   5.70678991e-01   1.92197555e+00
   -2.23593475e+00   1.23464213e+00  -1.97115799e-01   1.00511330e+00
    9.47283804e-01  -7.18719012e-01  -8.55361382e-01   7.22071733e-02
   -1.65291206e+00  -7.04173734e-01  -2.53134624e+00   2.01134472e+00
   -2.89158364e+00   4.08220417e-01   1.02546081e+00  -8.09732873e-01
    7.83869583e-01  -6.09423501e-01   1.39841119e+00   3.73058884e-01
    3.27696468e-01  -2.02636611e+00   9.43041066e-01  -1.29152937e+00
    7.84562712e-02  -1.04948193e+00  -8.57234223e-01   7.16522157e-01
   -4.47562040e-01 
   -5.68698465e-01   2.00642802e+00   2.71321488e-01  -1.10796596e+00
   -9.74013181e-01  -1.56570826e-01   9.60810450e-01   1.46981866e+00
   -9.33961122e-01   2.19012843e-01  -9.62418094e-01  -6.95141784e-01
    2.07437547e-01   4.27301113e-01   1.80929217e+00  -1.10466526e+00
    4.63855638e-01   2.84774582e-01  -1.25843515e+00   4.40512142e-01
   -6.65318968e-01   1.03567508e+00  -2.81364723e-01  -2.92613661e-01
    9.06455906e-01  -1.26606886e+00  -4.12465849e-01  -3.12020172e-01
   -2.30489622e+00  -1.02003104e-01  -1.74598113e+00  -2.78225056e+00
   -8.80828086e-01 
   -1.87349116e-01  -1.70532219e+00  -2.31188700e+00   1.82238276e+00
    1.36504402e+00   8.93909743e-01  -4.40047125e-01  -4.55148580e-01
    1.85687235e+00   1.23082627e+00   1.62802120e-01   4.30863343e-01
   -1.45759691e-01   2.33035029e-01  -1.02718071e+00  -4.65064322e-01
   -2.20533617e-01  -1.74575232e+00  -8.82342767e-01   1.59371193e+00
   -4.80578326e-01   7.56783479e-01   3.30079412e-01  -1.47835507e+00
   -5.11003656e-01  -1.47577492e+00  -1.60889672e+00  -5.46423156e-01
    1.09590681e+00  -4.94016583e-01  -8.63192322e-01  -6.10447830e-01
   -1.78391449e-01  