NN 16 32 16   -3.11699880e+00  -8.11360421e-01  -3.00630359e-01   5.23953125e-01
    1.81421588e+00  -8.24054099e-01  -1.49682534e+00  -1.61554536e+00
    2.65839624e+00  -1.38204450e+00  -2.61391342e-01   5.09789613e-01
    7.31414557e-01  -2.18285318e-01   2.48998656e-01  -3.79908130e-01
   -7.51371357e-01 
    4.29986986e-01  -3.85341651e-01  -2.29948272e-01  -4.88077549e-01
    9.92720252e-01  -3.46903420e-01   1.81891569e-01   5.18019189e-01
   -2.29534766e+00   6.63740220e-01   1.84614273e+00  -3.22176575e+00
    5.73126192e-01   7.07080183e-01  -1.66728161e+00   1.20385757e+00
    5.10873048e-01 
   -6.45301586e-01   1.01841087e-01  -2.40900308e+00   1.02882058e+00
    2.31519356e+00  -1.67857397e+00  -3.27572686e-01  -6.84450795e-01
   -1.02114607e+00   3.59938048e-01   4.82499683e-02   1.19221520e-01
    1.48293806e+00  -8.22970985e-01  -1.00157949e-01   1.72225879e+00
    1.66121457e-01 
    1.48263572e+00  -7.59483662e-01  -8.69956269e-01   6.91242929e-01
   -2.85361517e-03  -9.83146638e-01   9.79877233e-01  -3.34047159e-01
   -1.32102868e+00   8.05490071e-01  -1.36708218e+00   1.56671552e+00
    1.61596267e+00  -1.57877543e+00   9.58471568e-01  -1.82821007e+00
   -3.55454271e-01 
   -2.65283916e-01  -1.45469898e+00   1.32296080e+00  -9.68335676e-01
   -3.42937162e-01  -6.95441245e-01  -8.03618812e-03  -1.66376513e+00
    1.32339406e+00  -1.87604202e-01  -1.54375557e-01   1.75153307e+00
    1.56531371e+00   2.04448775e+00   1.06615090e-01  -1.37565327e+00
   -6.97124676e-01 
   -3.53538251e-01   1.14560190e+00   1.46067020e+00  -1.19016439e+00
    5.62357584e-01   1.02420577e+00   1.50948119e+00  -8.55492047e-02
    5.51256281e-02  -2.91245585e-01  -1.53598822e+00   5.52630525e-01
   -7.42199997e-01  -1.29192588e+00  -2.20438116e-01  -1.48461800e-01
   -1.16937483e-02 
    6.97733865e-01   1.37030828e+00   1.25437436e+00  -1.77929743e+00
   -5.21933217e-02  -6.36190863e-02  -1.69198120e+00   1.01698693e+00
   -5.18398612e-01   5.70621101e-01   9.17747814e-01   2.87314418e-01
   -2.73738197e-01  -4.59366591e-01  -1.25572365e+00   7.66723563e-01
   -6.40963427e-01 
    6.47612118e-01  -1.32192409e+00   1.01444363e+00  -4.26118809e-01
    7.27836576e-01   3.54829520e+00  -1.59533814e+00  -5.30413747e-02
    2.10534075e+00   2.09279003e+00   4.76446397e-01  -6.52470865e-01
   -6.67546088e-01  -2.35462831e+00  -1.17996892e+00  -3.85367408e-02
   -6.61865579e-01 
    2.84318366e-01   2.42512668e+00  -8.02910522e-01  -7.40981177e-01
    1.00918519e+00  -1.12766320e+00  -7.97194205e-01  -3.46163499e-02
   -1.52145979e+00   2.17024498e+00   1.31667685e+00  -1.02705901e+00
    7.08895537e-01  -1.68480545e+00   1.16559826e+00  -1.31164777e+00
   -7.85816932e-02 
   -1.46464019e+00  -1.38023994e-01  -7.75781884e-01   1.23097711e+00
    1.69557315e+00  -8.13929969e-01   1.30249175e+00  -6.68069088e-01
   -7.71639505e-01   1.12350425e+00   1.87328344e-01   1.86129744e+00
   -2.36164899e+00   5.53828215e-01  -2.84101230e-01  -1.21575465e+00
    2.92743187e-01 
   -4.94967664e-01   4.43829824e-01  -7.54446061e-02  -2.62675948e+00
   -1.92596206e+00  -1.26495553e+00   1.83049813e-01   3.64217026e+00
   -1.11184161e+00   5.06770253e-01  -5.53853463e-01   2.39311648e+00
   -9.09600560e-01  -3.46703487e-01  -8.58546532e-02  -8.64161660e-02
   -7.17539465e-01 
    2.50720842e+00  -7.88591983e-01   5.40117647e-01   1.71441030e+00
    1.30451540e+00  -3.68249642e-01  -1.51316805e+00   5.69259049e-01
    3.27774604e-01  -8.70026709e-01   1.09580840e-01  -6.49448737e-01
   -2.59703573e+00   3.34013665e-01   8.35784346e-01  -6.50033694e-01
   -5.78630294e-02 
   -2.95724591e-02  -1.60684845e+00   1.17733776e+00  -1.09932824e-01
   -9.77207042e-02   3.75629243e-01  -2.97114155e+00   1.64362078e-01
   -1.88381592e+00   8.51398892e-01   2.88009164e+00   3.53217429e-01
   -3.48178593e-01   1.20086931e+00  -4.82536204e-01  -4.61248233e-01
   -1.04065743e+00 
   -3.77001995e-01   8.46523042e-03  -5.71221817e-01   1.55084856e-01
    2.06107966e+00  -1.79876261e+00   8.07471658e-01   6.27642165e-01
    9.29332051e-01   1.58275247e+00  -2.06488118e+00  -1.71433568e+00
   -7.92625431e-01   5.61369576e-01  -4.35984554e-01  -1.02376253e-01
   -1.09628432e-01 
    1.13646923e+00  -1.93160951e+00   4.70474636e-01   2.55169922e+00
   -2.07237106e+00   9.26389794e-01   4.02857780e-01  -5.67493802e-01
   -1.62208132e+00  -1.11443652e-01  -5.37257114e-01  -4.70376409e-01
    7.18331770e-01   2.26057945e+00  -1.73293334e+00  -1.30416400e-01
    5.58863427e-01 
    1.30863981e+00  -1.04419870e+00  -1.99533915e-02   3.10788740e-02
   -2.29898226e-01  -4.49734255e-03   3.00134276e+00  -2.69561018e+00
   -1.38003593e+00  -8.14920712e-01  -4.89100208e-01  -8.83032085e-01
    1.37774805e+00  -1.71318643e+00   6.01310067e-01   2.72921345e-01
    4.46210892e-01 
    1.34992129e+00   7.92068786e-01  -2.84744375e+00  -3.64735797e+00
    6.70604274e-01   2.34246475e-02   1.01589998e+00   1.64379117e+00
    5.38031901e-01   7.12696469e-02  -6.02198111e-01  -8.39398018e-01
   -2.40226434e-01   1.86271818e+00  -4.45943239e-01   1.00060862e+00
    2.02612589e-01 
   -1.37443937e+00   3.15374742e-01  -1.59151035e-01   1.61781421e-01
    6.57864808e-01  -1.14259225e+00   3.36268936e-02   1.07123252e-01
    1.34378324e+00  -8.43234193e-01   8.98051221e-01  -1.08487236e-01
    7.57032471e-01  -8.91547770e-01  -5.30590734e-01   1.04715319e+00
   -5.84932565e-01 
   -2.05998030e-01  -1.91899796e+00   1.95899517e+00  -8.65843106e-02
   -2.07887232e+00   5.83011368e-01   4.87581780e-02   1.34259615e+00
    3.42611903e-01   1.84271395e+00  -1.69216888e+00  -5.63446952e-01
    6.14534248e-01  -9.56330161e-01   6.25991579e-01   6.50148893e-01
    1.84345469e-01 
   -1.15605730e+00   4.65049991e-01  -9.59968188e-01   1.92565289e+00
   -7.93970132e-01   1.84753616e+00   7.81393441e-01  -1.32543596e+00
   -1.04275869e-01  -1.65598359e+00  -8.07014475e-01   7.22176135e-01
    1.74263865e+00   2.78302724e-01  -1.23973394e-01  -1.77666456e+00
    4.41601785e-01 
    4.62831360e-02   2.38886467e+00   9.51331780e-01  -1.79650687e-01
   -4.15378571e-01  -4.00154521e+00   1.01190858e+00   3.35286218e+00
    1.19253584e+00  -1.75386317e+00   7.78289572e-01  -5.50567893e-01
   -4.75837917e-01  -4.70010692e-01   5.79258484e-01  -4.37884227e-02
   -1.60893151e-01 
   -2.40248241e+00   8.20582933e-01   1.72715805e+00  -4.59197989e-01
    1.51516967e+00  -1.00455644e+00  -4.66756722e-01  -4.25528006e-01
    2.03983455e+00  -1.28301599e+00   1.55731661e-01  -1.70004339e+00
    5.60491196e-01   5.97879299e-01  -1.06310521e+00  -3.14056949e-01
    6.39981393e-01 
   -3.96370392e-01  -4.12029433e-01   6.10878698e-01  -8.29672523e-01
    2.12338478e+00  -1.47198359e+00   5.68400982e-02   2.14906582e+00
   -2.35355705e+00  -7.57062442e-01   9.34303194e-01   6.39783835e-01
    5.13543366e-01  -6.91714838e-01  -3.42937998e-01  -7.18009013e-01
   -3.29223579e-01 
   -1.94761340e+00   2.32637508e-01  -1.44529387e+00   1.90382403e+00
   -1.13353741e+00   1.07323273e+00   6.71273185e-01  -6.68548681e-01
    1.17478111e+00   1.48910219e+00   1.51012694e+00  -1.66098118e+00
    7.09190013e-01  -1.28539766e+00   3.78332274e-01  -2.07511804e-01
   -6.48202882e-01 
    1.54359391e+00   1.67854875e+00  -1.92957252e+00  -4.90283774e-01
   -3.25566922e+00  -9.50128762e-01   8.40779961e-01   6.41957534e-01
    1.11813117e+00  -2.31810879e+00   2.06412031e+00  -1.47277431e-01
    3.52336239e-01  -2.31157903e-01  -7.33888557e-01   7.44776635e-02
   -1.51639690e-01 
    1.47927647e+00   1.15355868e-01  -1.61522509e+00  -1.84945428e-01
   -1.22410632e+00  -4.31171324e-01   2.29867298e+00  -2.89547842e+00
    2.33975379e-02  -3.53209429e-01   2.47838795e-01   9.78200198e-01
   -1.77700391e-01   1.28610745e+00   9.16810810e-01   8.22925939e-01
   -6.46592368e-01 
   -6.22234213e-01  -7.49456266e-01   1.69449776e+00  -2.37587805e-01
    1.17336231e+00   1.51695589e+00  -2.60206088e+00  -1.43660282e-01
    2.53352197e-01  -8.13389357e-01  -2.93476759e+00   2.82738825e-01
    1.54361646e+00  -1.28068531e+00   7.32853786e-02   2.58655585e+00
   -2.51952669e-01 
   -6.93641164e-01   2.36341061e+00   1.20302095e+00  -3.12930422e-02
   -1.11997364e+00   2.08253231e+00  -4.62277984e-01  -1.67334499e-01
   -1.02935219e+00  -1.82527890e+00  -3.41426785e-01  -2.33011085e-01
   -8.79899985e-01   4.80073108e-01  -1.02005621e-01   6.57003110e-01
   -4.62426443e-01 
   -3.17923762e-01  -1.21534034e+00  -9.14605869e-01   4.14090577e-02
    3.60682901e-01   2.31433617e+00  -9.71292890e-01   8.45740998e-01
    5.29000852e-01  -2.28190610e+00   1.20488970e+00  -2.27842451e-01
   -1.37172497e+00   1.49134270e-02   2.44793870e+00  -1.29906119e+00
    4.92837198e-01 
   -2.51576388e-01   1.78616781e+00   4.93411849e-01  -7.39236374e-01
    7.47637520e-01  -1.48186141e+00  -2.03371515e+00  -1.52744988e+00
   -9.28749962e-02  -5.89026906e-01  -2.54993057e-02   8.84557697e-01
    6.14207292e-01   4.30685437e-01   1.11042289e-01   1.03314742e+00
    7.40720598e-02 
   -1.17397081e+00   1.77143319e-01   2.40311621e+00   1.39323207e+00
    1.17683147e+00   2.46505338e-01  -1.42453162e+00  -1.07325085e+00
   -6.06173644e-01   7.27335185e-01  -1.84148724e+00  -1.36005268e+00
   -1.48118516e+00   1.33765248e+00   1.28974977e+00   1.06389183e+00
    3.35109309e-01 
    1.14714400e+00   1.06166345e+00  -9.85716352e-01  -4.20438881e-01
   -8.56316396e-01  -3.34927679e-01  -7.39769659e-01  -3.58619339e-01
    1.45592006e+00   1.43915361e+00  -1.91996904e+00  -1.67384389e+00
   -4.31906632e-01  -1.62458127e+00   2.21190321e+00   6.09792325e-01
   -5.53320856e-01     3.05559494 -0.86156275  0.05594081 -1.84848248 -0.72047235  0.93804961
  -0.50932837 -0.83369598  0.52513117  0.98817798  0.52619407 -2.75592587
  -0.87848455  0.26959047  0.65386277 -1.60510557 -0.36216293  0.28516533
   0.20438495  0.56173736 -0.33544939  2.21072667  0.3497571   2.06727317
  -1.79809849 -0.88505524  0.53541331 -0.22863096 -0.04470485 -0.45100526
   0.4132374  -1.63390167 -0.21953002 
   0.559257    0.35964996 -0.40091321  0.03045544  1.07209008 -0.34521332
  -1.37529372  1.00102481 -2.3247731  -0.23939795 -0.9398415   0.29144851
   1.35828392 -0.23310961  1.91842385  0.24554118  0.12251161 -0.75762092
   1.94523588 -2.00280542 -1.54287695  0.23416308  0.26163706  0.15798162
  -1.5317915   0.54463957  0.71561226 -3.74137247  1.3444039  -1.59825344
   0.16336265 -1.28921202  0.16506355 
   0.7884588   0.08263496  2.78727796  0.64798662 -2.06535945 -1.37691139
  -0.93885513 -0.82921318  1.54946463  1.05270244  0.26687785  0.14072301
  -2.28145778  0.06694847 -0.50509871 -1.35075894  2.13529646 -0.06398812
  -1.50824357  1.16867559 -1.28479018 -2.29622335 -1.16907037  1.23992091
   1.17569168  0.80921423 -2.07857145 -0.5436275   1.80384411 -0.31930406
  -2.48904308  0.80114471 -0.39515306 
  -1.26293962  0.70651477 -1.29689091 -1.01246569  1.6023802   1.26797996
   1.45452016  0.42941965  0.46419194 -0.81411607  2.39799415 -2.20254149
   0.68771067 -1.0536802  -3.17558536  0.02412696  3.69950496 -0.15305213
   0.50336935 -2.04714791 -1.02034958  0.69653637  0.88595525 -2.7782174
   0.41594294  0.5604931   0.03079721  0.2164329  -0.28720127  0.33627617
  -1.68466976 -0.53515253 -0.04933329 
  -1.60661726 -1.06043805 -1.97705342 -0.30783133  0.1588578  -0.42827397
   0.20715145 -1.20677579 -0.16985572 -2.6952077   1.26419094 -0.37027916
  -0.18788603 -2.30760159  2.46503784 -1.63076582 -0.06836911 -1.43950095
   2.61889458  0.05457719  1.236542   -1.35441312 -2.97354489  2.17158739
   2.06643243  1.38411088 -1.56179456 -0.35425116 -1.04881496 -0.51433786
  -1.08550202  1.36507566 -0.18755584 
  -0.66693997 -0.07801727  0.69366667  0.73496238  0.90150833 -0.68000901
  -0.39942394 -3.48635673  0.94790893  0.12864123 -0.03919765  0.08807009
  -0.58971096  1.94081098 -0.88411352 -2.07799099 -1.35454796  0.39650489
  -0.25711919 -2.69248426  4.44499954  0.37052571  0.26476121  0.05301646
  -0.18680328  0.47832947 -1.59182907 -1.47734507 -3.44930884  0.67563728
  -0.18440885  0.01299095  0.0259657  
   0.60600243 -0.71331113  0.26176138 -1.1478033  -0.41699419 -1.71271806
   1.34752182  0.99379615  0.1892754  -2.15943967 -0.63070372  2.3452159
   3.14541865 -1.6092655  -1.17991201 -3.77704827 -0.89935795  0.12316024
  -0.32987725 -0.01307256 -0.88979906 -0.48627407 -0.38175613 -0.64062416
  -1.62135683 -1.61945588  1.14164186  0.0876631   0.3565743   2.65713092
   0.63358639  0.69461446 -0.2788775  
   0.00588238 -0.90657576  1.93960528 -0.51222579  1.53161926 -0.08963482
  -1.02507091  0.01390344 -0.22588459  0.43352495 -3.92079983  0.05635764
  -0.2495918  -1.2937243  -0.32378441  2.21590458 -2.0788487  -0.58675554
  -2.14688818 -0.28725159 -2.36837858 -0.32559997 -2.69061846  0.27986732
  -0.23175892  3.19133043  0.66848563  0.58372386 -1.63603     1.07394042
   0.94259263 -0.19289371 -0.62283742 
  -1.8106506   2.22533455  1.08821865  1.19368455 -1.80544314 -0.25159925
   1.2026557  -2.07298153  1.99470197  0.2427323   0.48702897 -1.37811711
   1.12747038 -1.45171256  1.99563282  1.44564687 -0.82780927 -1.96983844
  -0.41378814  0.51080606 -1.42375968 -1.5257533   2.10146773 -1.40737125
  -1.64395579 -0.58888294  0.08407707  0.71845372 -1.14572555 -0.10873935
   1.45133718 -1.6293698  -0.46263054 
   0.66618423 -0.73685827 -0.69309473 -1.15132049 -0.26436863  0.11686837
  -0.82938957 -2.28846204 -2.23648558 -2.39952962 -1.72941574  1.70147782
  -2.125991   -1.32938328 -0.05564755 -0.11697814  0.74516589  0.0062276
  -1.95691889  1.78923972  1.23136824  1.20141684  0.61122031 -2.50651015
   2.68755837 -0.50677166  1.58124578  0.22125407  2.17498517  0.36045278
   0.07866119 -1.45744185 -0.10659663 
  -0.31371418 -2.42750907  0.25225471  0.72229294 -0.43220263  1.03328713
  -0.9460698  -2.24285035 -1.36833885 -0.10235437  1.08976266  0.38528594
  -2.60284711  1.85046904 -0.41192899  0.25973516  0.63158302 -1.13172505
   0.9155922   1.41427493 -0.64775523 -1.02065783 -1.22595473 -2.56790271
  -1.77080735 -1.54518087  3.08111721  0.83555122 -1.16456922 -0.3680417
   1.44784266  2.28774639 -0.34951979 
  -1.42362223  3.86562681 -1.12257808 -2.49416358 -2.00416198 -0.98997942
  -1.02640731  0.27077857  0.97376767 -2.12561337 -2.53444323  0.06197984
  -0.78810125  1.28086373  0.19143142  1.46696389 -0.77127597 -0.42723203
  -0.07219487 -0.74858027  0.79341679  1.8452664  -0.37114881  0.8743437
   0.78469796 -1.86388723 -1.29497602  0.03591225  0.81584843 -0.8812827
   1.23185766  0.88068722 -0.51460739 
  -0.4504584  -0.82611183 -2.45898309 -1.94885017 -1.92878816  0.80989097
   0.13011667 -0.2384962  -0.54311367  2.97807693  0.02985438  2.04123573
  -1.02782808  0.13125275 -0.34965819 -1.22779798 -0.05481429 -1.04350276
  -0.333786   -1.26937589  0.45298997 -0.42631439 -0.8460932  -0.67919623
   0.10150204 -0.1996332  -1.66949334  0.44526259  1.44139728 -1.13097301
   1.78608498 -0.44776134 -0.18980927 
  -0.31264861 -0.79878383  0.59284989  1.82637907 -2.11177519  1.11637266
  -0.20253922  0.87827421  0.89672026 -0.67063265 -0.81961158  0.00554259
  -1.61058523 -0.6643675  -2.36806041  1.83928271 -2.68404461  0.31179098
   0.94439661 -0.73303159  0.66261108 -0.67840277  1.27406414  0.34303494
   0.37873722 -1.93761054  0.88728742 -1.21601613  0.16560984 -0.96919794
  -0.82557777  0.65990684 -0.3893388  
  -0.65560989  1.75734098  0.22556783 -1.02711717 -0.9596011  -0.21767635
   0.84401101  1.25066756 -0.79443165  0.13713425 -0.79538582 -0.66796677
   0.21769033  0.43608919  1.56503939 -1.01991165  0.4116483   0.20832141
  -1.08507438  0.38830917 -0.56608317  0.84466801 -0.25073678 -0.26606311
   0.88248423 -1.22070598 -0.541603   -0.34844867 -1.94117858 -0.0939281
  -1.63967508 -2.55311175 -0.83971967 
  -0.26807642 -1.56608772 -2.15346535  1.6075903   1.30317361  0.86386123
  -0.47492084 -0.41224299  1.54707948  1.1406581   0.14997946  0.38633353
  -0.2233105   0.20574467 -0.88894585 -0.28797546 -0.20196256 -1.56413225
  -0.7465361   1.51315848 -0.55605798  0.66191323  0.23797583 -1.37773486
  -0.52557804 -1.29722767 -1.4850525  -0.45759955  1.05450398 -0.52906868
  -0.79085379 -0.55078874 -0.12922985  