NN 16 32 16  -2.18937683 -0.30990815 -0.56402173  0.51917012  0.51889726 -0.32396171
  -0.37157861 -0.29476968  1.22185761 -0.82965573  0.04156455  0.78884723
   0.42535007 -0.00580464 -0.17477494 -0.0982743  -0.50358018 
   0.18871627 -0.06645272 -0.31010881 -0.77975403  0.5252017  -0.14339116
  -0.15266109  0.39559367 -1.40196237  0.28526078  1.19287723 -2.13350232
   0.22890857  0.51151923 -0.34453764  0.36960584  0.47135028 
   0.01229148  0.24881482 -1.43249388  0.91520071  1.27295085 -0.84357816
  -0.67735984 -1.35579577 -0.44888009  0.3767746   0.05453307  0.24186812
   1.39470902 -0.54858486  0.02519515  0.47777452  0.48377907 
   1.21484604 -0.61950907 -0.41760223  0.47774045 -0.40804145 -0.87627967
   0.90714274  0.01017369 -0.71417612  0.66738759 -0.39471169  1.31659094
   0.84168166 -1.33171376  0.37985198 -0.76316483 -0.47908153 
  -0.17652784 -0.77934057  0.93285858 -0.60795768 -0.46921893 -0.94536138
   0.05552502 -1.10923791  1.24349949  0.22457102 -0.04388621  1.18078118
   0.93123756  1.00533261  0.01060488 -0.78511028 -0.57326494 
  -0.14506056  0.28059637  0.50296867 -0.44525333 -0.1394822   0.70191167
   0.43030291  0.23873026 -0.10178911 -0.23486269 -0.38498285  0.60154566
  -0.40697344 -0.71586839 -0.27877757  0.21619102 -0.29678208 
   0.04788626  1.09695009  0.95060301 -1.03041264 -0.42855753  0.03096802
  -1.19754529  0.57999711 -0.58746042  0.23844767  0.44744585  0.48834436
  -0.29386601 -0.05568849 -0.54680932  0.46926906 -0.39790782 
   0.24284184 -0.89470223  0.76974566 -0.22729755  0.64480981  2.17078939
  -0.76494258 -0.43678383  1.36067806  1.29321754  0.8947505  -0.88156451
  -0.31373093 -0.87755924 -0.65919045 -0.37219693 -0.69644441 
   0.00590527  1.4684872  -0.87853667 -0.10179011  0.44011582 -0.60481489
   0.23270962 -0.19768435 -0.9080798   1.48366661  0.82494779 -0.70578659
   0.08718493 -0.86342213  0.15167354 -0.12987445 -0.05110464 
  -1.39121086  0.63362039 -0.8179609   0.62043355  1.3822348  -0.09066049
   1.35908532 -0.46593512 -0.43660568  1.26110517 -0.09335957  1.04064719
  -1.48057217 -0.09156626 -0.10923446 -0.69252787 -0.14268673 
  -0.32600934  0.69724847 -0.16095754 -1.70948142 -1.27051884 -0.46578809
   0.16278149  2.26146263 -0.44844576  0.85047066 -0.89504565  1.10739841
  -0.45293219  0.12331062 -0.13122183 -0.0323959  -0.60409082 
   1.48479033 -0.87864176  0.81841743  1.50673254  0.74394588  0.12402962
  -1.21964352  0.16481165  0.58527528 -0.42480978 -0.54799103 -0.04220277
  -1.32800204  0.0382669   0.14422825 -0.37855319 -0.05864071 
   0.27492865 -1.35383822  0.8231118  -0.53636762  0.45062526 -0.09890995
  -2.39567266  0.2537675  -0.9394725   0.73614861  1.56956042  0.55923234
  -0.02219246  0.81219118 -0.12487508 -0.34424851 -0.56408909 
   0.08238143 -0.21306262 -0.73610443  0.49303692  1.61445907 -1.26752351
   0.69602756  0.05888536  0.72770451  1.26182428 -1.5329125  -1.33980159
  -0.02874238  0.30948193 -0.05049726 -0.05626151 -0.07732429 
   0.17915191 -1.7113407  -0.0858264   1.80058551 -1.6042933   0.71293071
   0.02487648 -0.22423575 -1.4791523   0.20895199  0.11684856 -0.47672438
   0.18048617  1.35662191 -0.59915717  0.06995645  0.55090253 
   0.79178095 -0.74306636  0.0817553  -0.18766403 -0.12210436  0.49406488
   2.01345184 -1.98178503 -1.14974236 -0.08359552 -0.14363268 -0.67418366
   1.23279959 -1.09666983  0.13931567 -0.15160605  0.310416   
   0.86301995  0.53395091 -1.96819954 -2.32939902 -0.12770206  0.36284373
   0.55111928  1.06368766  0.44241106 -0.53819999 -0.66971642  0.16684505
  -0.15866636  1.46655627 -0.43925023  0.34063644 -0.10056219 
  -0.84714345 -0.0174202   0.1063896  -0.09281559  0.91775317 -0.60495937
  -0.24579099 -0.03723442  1.15020576 -0.32445944  0.50083101 -0.19419123
   0.27859691 -0.29418551 -0.13496285  0.04414801 -0.38010347 
   0.18369972 -1.42115102  0.82457432 -0.77660448 -1.75157776  0.64022474
   0.55294397  1.20568707  0.43705081  1.10253267 -1.15067765 -0.42377255
   0.07440673 -0.65207302  0.35365776  0.11889087  0.07972662 
  -0.95442084  0.47435836 -0.90870879  1.17389913 -0.14942574  1.60147718
  -0.4564517  -0.60428569 -0.1480571  -1.26776359 -0.69889577  0.37082644
   0.79820692  0.49145461  0.03903793 -0.24009115  0.38033294 
   0.54619493  1.62253252  0.70202371  0.43132837 -1.09650251 -2.47187297
   0.6494716   1.99496524  0.80099375 -0.63918977  0.44281201 -0.62284191
  -0.73378384 -0.29418737  0.28505117 -0.35344471 -0.22917649 
  -1.9095539   0.1659236   0.9484824  -0.58607554  0.9152871  -0.54794181
  -0.07999293 -0.35179748  1.19216522 -0.95570527  0.31304466 -1.4013873
   0.13124652  0.4763324  -0.39492173  0.09106536  0.56275195 
  -0.72136484 -0.24173092  0.48433849 -0.79160226  1.48760413 -1.01237519
   0.03406641  1.52258228 -1.39180167 -0.7528618   0.80379089  0.31004788
   0.50017045 -0.41000331 -0.34796751 -0.05738348 -0.37201501 
  -1.15492294 -0.03486218 -0.75090251  1.64299773 -0.82436395  0.38855667
   0.33017606 -0.6368144   1.58302036  1.46334403  0.88828553 -1.00913431
   0.05619271 -0.59282777  0.39853268 -0.43781123 -0.31163009 
   1.54333278  1.23362203 -1.13696144 -0.25463397 -1.44632829  0.01128872
   0.86801583  0.13262205  0.58608853 -1.72296464  1.50232824 -0.46965761
  -0.08337113 -0.11505503 -0.11570491 -0.27256342 -0.20572278 
   0.81052821 -0.15311157 -1.20166497 -0.42635975 -1.04163635 -0.44285944
   1.3656238  -1.90692084  0.06428368 -0.13170123  1.00014939  1.1216263
   0.14458342  0.76852673  0.32764559 -0.24804298 -0.49202413 
  -0.52758791 -0.83102975  1.54880678 -0.31857701  1.12269853  0.94787859
  -0.95186146 -0.53300824  0.15257516 -0.68715876 -1.73754567  0.67266646
   0.98994738 -0.44929148  0.19639751  0.97712901 -0.08167883 
  -0.39505272  1.77066558  1.10843286 -0.08917041  0.10890904  1.26133214
  -0.85598084 -0.5732949  -0.85472365 -0.04013112 -0.51589327 -0.47094512
  -0.66364888  0.36008476 -0.1652757   0.18696038 -0.35129603 
   0.34961856 -1.1445089  -0.59275442  0.16640911  0.76374081  2.15619807
  -0.31708627  0.77726441  0.51787967 -1.19755136  0.58778889 -0.40608434
  -0.79881213  0.26054947  0.59617586 -0.74480574  0.00981383 
  -0.16208921  1.04133395  0.50543441 -0.55159283  0.31149648 -0.99336143
  -1.83137263 -1.56106612  0.28711416 -0.2346249   0.1292365   0.28078722
   0.57104687  0.29295958 -0.15133786  0.38268549  0.33065056 
  -1.14004663 -0.00994214  2.20823152  1.05286745  0.40957269  0.32239907
  -0.5754218  -0.71496601 -0.43131638  0.36476887 -0.91781341 -0.5463071
  -0.81080185  0.49100615  0.21255489  0.19888481  0.1567207  
   1.18327808  1.02359374 -0.62096714 -0.28242117 -0.52504731  0.13434945
  -0.74649435 -0.02479516  1.02446649  0.8853242  -1.30481609 -0.92295441
   0.03868893 -0.67808786  0.91092338 -0.01347946 -0.27428036      2.32013220e+00  -3.68554063e-01  -2.15127976e-01  -1.84694447e+00
   -2.18166434e-01   2.72285712e-01  -3.12296604e-01  -5.72610182e-01
    1.13410868e-01   1.33328139e+00   2.14053127e-01  -1.91208669e+00
   -7.93114745e-01   3.30947448e-01   1.06583912e-01  -1.31434658e+00
   -5.11487244e-01   3.82832476e-01  -1.26354874e-01   8.26192755e-01
   -6.26694781e-01   2.36357814e+00   4.37132286e-01   1.39097630e+00
   -2.34291545e+00  -8.85548994e-01   5.32990883e-01  -2.12713043e-02
   -3.62138260e-01  -1.02917677e-01   1.06263777e+00  -1.34286715e+00
   -2.19526241e-01 
    4.72973681e-01   5.22291131e-02  -2.32616475e-01   6.62346478e-01
    7.91454134e-01  -2.77642025e-01  -1.31511290e+00   6.59807552e-01
   -1.68749733e+00  -9.15854406e-01  -1.05632140e+00   6.98874014e-01
    1.74835036e+00   5.23148290e-01   1.81927303e+00   5.07158207e-01
   -4.74615326e-01  -6.29895980e-01   1.70404016e+00  -8.35668804e-01
   -1.74711980e+00  -1.91941568e-02  -6.80961354e-02   4.65599364e-01
   -1.74121959e+00  -9.20263447e-02   1.00655321e+00  -2.39269968e+00
    1.40596163e+00  -1.22540300e+00  -1.61123076e-01  -1.04891222e+00
    4.64183014e-02 
    7.74002133e-01   4.08433506e-01   1.86936942e+00   2.39305371e-01
   -1.54704218e+00  -3.63369615e-01  -1.15223999e+00  -9.13965727e-01
    1.15707876e+00   1.14993281e+00  -8.90928007e-02  -7.23523573e-01
   -9.74319990e-01   7.56534590e-01   1.20040422e-01  -5.72444684e-01
    2.20935932e+00  -5.21670917e-01  -8.77697533e-01   8.41686502e-01
   -1.17167478e+00  -1.14335964e+00  -6.15518488e-01   1.13872615e+00
    1.06772635e+00   1.62271141e+00  -1.76872053e+00  -1.10382924e+00
    1.07067933e+00  -6.70464502e-01  -2.54196799e+00   7.85084225e-01
   -4.53304978e-01 
   -4.00407726e-01   8.56828681e-01  -9.90407456e-01  -8.77827918e-01
    5.56281825e-01   7.28125195e-01   9.27875637e-01   1.56868067e-01
    1.85969283e-01  -8.81423912e-01   1.55114959e+00  -1.97291668e+00
    9.37925240e-01  -4.00746072e-01  -2.29042943e+00   1.35408672e-02
    2.73810868e+00  -3.75272269e-01   1.28484442e+00  -1.52470883e+00
   -1.10112310e+00   8.87060589e-01   9.69257996e-01  -2.00436609e+00
   -6.05178517e-02   3.66444871e-01   5.19857393e-01  -1.83614379e-01
   -3.87191197e-01   3.95552923e-01  -1.50486658e+00  -1.55095621e-01
   -8.59000343e-02 
   -5.85912934e-01  -6.96665562e-01  -1.30607192e+00   2.08061752e-01
    1.66900715e-01   1.66783214e-02   4.95648200e-01  -5.22717132e-01
   -3.62884065e-01  -1.93506409e+00   1.13186021e+00  -3.96411541e-01
   -3.32071081e-01  -1.98052636e+00   2.01392044e+00  -3.36691964e-01
    3.32090772e-01  -1.29971827e+00   2.29593348e+00  -1.36049744e-02
    1.70114010e+00  -8.57302375e-01  -2.14555983e+00   1.53551850e+00
    1.31551130e+00   1.37224409e+00  -1.25007890e+00  -3.78115452e-01
   -1.09216279e+00  -5.99448486e-01  -4.71065531e-01   4.21368975e-01
    9.53251380e-02 
    1.69641376e-01   1.05092117e-01   7.31043024e-01   9.17863753e-01
    7.29509395e-01  -2.81832304e-01  -1.56017960e-01  -2.38708922e+00
    6.59470695e-01   1.51631239e-02   3.90483009e-02  -2.21187697e-01
   -2.19059317e-01   1.65264676e+00  -9.82336519e-01  -8.52952782e-01
   -6.69430923e-01   5.47973462e-02  -5.06832853e-01  -2.06982462e+00
    3.34912659e+00   4.17511624e-01   8.59434957e-01  -1.15137847e-01
   -3.22197964e-01   7.78284931e-02  -1.29252679e+00  -1.32662102e+00
   -2.48274028e+00   8.70697409e-01  -6.63016308e-01  -1.49071302e-01
    1.22006363e-01 
    3.53923717e-01  -2.16749915e-01   9.49093821e-01  -1.19714423e+00
   -4.73611140e-01  -6.52362380e-01   1.13759788e+00   6.44460976e-01
   -2.66192190e-01  -2.14401031e+00  -2.66894205e-01   1.24844461e+00
    2.74791978e+00  -8.46283415e-01  -3.38534414e-01  -2.91855688e+00
   -5.76531386e-01  -1.33892413e-01  -6.14323901e-01   5.39721818e-01
   -8.90674818e-01   3.81479000e-02  -4.14369204e-01  -4.28917539e-01
   -1.42429538e+00  -1.45585047e+00   8.18945252e-01   6.21274937e-01
   -2.52297650e-01   2.11924858e+00  -2.41444680e-02   6.73463586e-01
   -1.74008908e-01 
   -2.32966194e-02  -4.80988670e-01   1.67221570e+00  -4.25777373e-01
    7.77536020e-01   1.01263041e-01  -6.35864544e-01   2.81815486e-01
    3.39705461e-01   4.03967965e-02  -2.96539917e+00  -3.33377285e-01
   -5.45733034e-01  -2.82373709e-01  -5.69345384e-01   2.02033882e+00
   -1.47900884e+00  -5.38466412e-01  -1.50622402e+00   1.92992638e-01
   -2.23150130e+00   2.20690611e-01  -2.04810578e+00   3.01233460e-01
   -3.82297128e-01   1.79156086e+00   7.34022782e-01   5.73452093e-01
   -1.47900772e+00   1.67299360e+00   3.80905022e-01  -2.85739120e-01
   -1.88663294e-01 
   -1.08384629e+00   1.45214713e+00   7.01538549e-01   5.98888426e-01
   -1.47509504e+00  -1.53694027e-02   7.59102800e-01  -1.87581797e+00
    1.13091712e+00   2.06203312e-02   1.32893083e-01  -1.16128232e+00
    6.52272441e-01  -1.07232787e+00   1.57770932e+00   1.43843419e+00
   -8.89512991e-01  -1.22886806e+00  -4.72088999e-01   4.69741860e-01
   -1.02927845e+00  -1.04676114e+00   1.56710486e+00  -1.65833309e+00
   -6.60942676e-01  -4.68430293e-01   4.71962742e-02   5.81043965e-01
   -6.61289383e-01  -2.01500766e-01   7.38308484e-01  -1.36022259e+00
   -4.57686347e-01 
    6.17646374e-01  -2.13298361e-01  -2.74380926e-01  -7.83881444e-01
   -1.61242313e-01  -1.30028739e-01  -4.97498692e-01  -1.82239686e+00
   -1.48140597e+00  -1.45665207e+00  -1.31249775e+00   6.92082086e-01
   -1.20160368e+00  -1.21886479e+00  -7.24975689e-03  -1.75777250e-01
    7.26766504e-01   1.06692489e-01  -1.53293957e+00   1.31424887e+00
    8.97757226e-01   9.39876816e-01   8.84815412e-01  -1.88822181e+00
    2.04919899e+00  -5.46376449e-03   7.58324632e-01  -3.09747220e-01
    1.47119433e+00   1.05470987e-01  -1.54678299e-01  -1.08902918e+00
    1.26567054e-01 
   -7.47309563e-01  -1.30728782e+00   1.95526190e-01   4.41570546e-01
   -6.04643108e-01   5.43646739e-01  -6.06553822e-01  -1.81873078e+00
   -6.82993585e-01  -1.22227327e-01   8.30542975e-01   6.39266580e-01
   -2.15050504e+00   1.47634617e+00  -2.35716884e-01   1.61994419e-01
    7.76050917e-01  -7.75270901e-01   4.40663316e-01   1.26313760e+00
   -4.02403465e-01  -6.30793429e-01  -8.14758644e-01  -1.87068198e+00
   -1.36178805e+00  -1.37491944e+00   2.11558922e+00   6.05063420e-01
   -5.81309138e-01  -4.62610605e-01   8.15690880e-01   1.59379186e+00
   -2.02068917e-02 
   -1.30434804e+00   2.54254016e+00  -6.41782326e-01  -1.89767215e+00
   -1.39709981e+00  -4.67007492e-01  -7.25756924e-01   4.11594089e-01
    8.05099743e-01  -1.68465804e+00  -1.85768635e+00  -5.08543013e-02
   -7.48074765e-01   1.27633860e+00   3.65044708e-01   1.11455226e+00
   -5.88612264e-01  -4.73912857e-01  -3.55068722e-02  -4.09000867e-01
    5.75450221e-01   1.38998040e+00  -2.79749166e-01   4.49124314e-01
    8.26944829e-01  -1.70180429e+00  -7.09125801e-01   6.71073134e-02
    4.85358053e-01  -4.62017122e-01   6.51224755e-01   8.64002404e-01
   -2.23251773e-01 
   -4.79000665e-01  -3.47158074e-01  -1.77449696e+00  -1.17289548e+00
   -1.49597740e+00   3.86731686e-01   3.61660890e-01  -2.29174148e-01
    4.10363129e-02   1.46076884e+00  -1.65377187e-02   1.21061867e+00
   -9.12187757e-01  -3.43148325e-02  -4.92763201e-02  -9.44591738e-01
   -3.28219869e-01  -8.41646760e-01  -5.10802705e-02  -6.27386958e-01
    4.71556596e-01  -6.01716198e-01  -4.02329403e-01  -5.80220903e-01
   -1.86892204e-01  -7.52269916e-01  -8.80903696e-01   2.47627473e-01
    8.09377930e-01  -8.64002527e-01   1.12975333e+00  -3.22303177e-01
   -1.92450822e-01 
   -2.46362041e-01  -5.28243107e-01   3.81952326e-01   1.04433304e+00
   -1.43031315e+00   7.17996474e-01  -2.72525916e-01   4.59882144e-01
    4.65917197e-01  -4.51496114e-01  -9.45193834e-01   2.03042767e-01
   -1.36338011e+00  -1.59318247e-01  -1.66048466e+00   1.20367632e+00
   -1.76990792e+00   6.03236561e-02   5.29120622e-01  -3.71724641e-01
    4.41214674e-01  -4.05433688e-01   7.46373030e-01   6.18095553e-02
    2.32750736e-01  -1.57223275e+00   8.09773665e-01  -8.26594530e-01
    3.99512677e-01  -5.88404034e-01  -2.87383230e-01   3.85773728e-01
   -2.10274823e-01 
   -5.22682234e-01   7.18391250e-01  -1.04926381e-01  -7.12585387e-01
   -8.72633290e-01  -1.58225286e-01   1.54472958e-01   5.50368335e-01
   -1.20042957e-01   2.38629304e-01  -7.18063805e-01  -5.01559382e-01
   -6.94332887e-02   1.37638643e-01   4.82392149e-01  -4.66056932e-01
    1.79851277e-01  -1.91443306e-03  -5.78721685e-01   5.54250638e-01
   -1.95468893e-01   5.23984670e-01  -2.97612614e-01   1.73377109e-01
    2.48582747e-01  -7.76840970e-01  -1.86224493e-01  -2.76223381e-02
   -7.46595814e-02  -9.93433547e-02  -7.33445200e-01  -8.40534305e-01
   -6.65875413e-01 
   -2.23922144e-01  -4.52880210e-01  -6.37775925e-01   6.74185722e-02
    1.87192755e-01   3.79441194e-01  -1.45411469e-01  -1.94960555e-01
    4.45063281e-01   2.76353048e-01  -4.44172189e-01   1.01307212e-01
   -4.82282723e-01   7.30205375e-02  -1.35138057e-01   9.91117995e-02
   -5.88717787e-02  -6.76814863e-01  -3.00968275e-01   4.60216373e-01
   -4.68714983e-01   7.73479625e-02  -4.13534142e-01  -6.28278869e-01
   -6.98789132e-02  -5.98689694e-01  -8.51211409e-01  -4.60033216e-01
    3.05544190e-01  -7.44955723e-02  -7.09961256e-01  -1.04889446e-01
    1.61807232e-02  