NN 16 32 16   -4.12651326e+00  -1.09339155e+00   3.25832049e-01   4.48450592e-01
    2.80416165e+00  -1.11409270e+00  -2.16375375e+00  -2.39863585e+00
    3.62325334e+00  -1.14784421e+00  -3.11307216e-01   1.73887812e-01
    9.59432866e-01  -1.74275856e-01   3.39012984e-01  -6.25206530e-01
   -9.00334430e-01 
    7.17965369e-01  -5.72775454e-01  -2.77639637e-01   6.28538024e-02
    8.73906711e-01  -3.32284957e-01   2.73029637e-01   5.43439503e-01
   -2.96689908e+00   7.58510951e-01   2.39774020e+00  -4.25455612e+00
    9.34991894e-01   7.16436221e-01  -2.39942663e+00   1.42591689e+00
    6.89229944e-01 
   -1.21078209e+00   1.51268474e-01  -2.50493118e+00   8.83891224e-01
    2.94320079e+00  -1.93645861e+00  -9.27153303e-01  -8.52087946e-01
   -9.66044720e-01   6.54661853e-01  -5.91752746e-01   1.94849743e-01
    1.47185552e+00  -6.86629187e-01  -2.84382412e-01   2.22020690e+00
    1.79904263e-01 
    1.82486973e+00  -6.69187115e-01  -1.43827742e+00   1.09522073e+00
    2.51961972e-01  -1.11396491e+00   7.37374625e-01  -3.72329971e-01
   -1.62851038e+00   9.88468834e-01  -1.59664971e+00   1.88268925e+00
    1.89931944e+00  -1.66962915e+00   1.36987217e+00  -1.99635918e+00
   -9.72362300e-02 
   -1.66796375e-01  -1.68066082e+00   1.64049218e+00  -1.46673527e+00
   -4.48448234e-02  -6.99320018e-01  -1.10184435e-01  -2.22381864e+00
    1.23727455e+00  -5.60911626e-01   8.13350793e-02   2.20275332e+00
    1.57324472e+00   2.35198267e+00  -1.52445880e-01  -1.49036037e+00
   -6.73886917e-01 
   -3.50617719e-01   1.17424645e+00   2.02233317e+00  -1.24713345e+00
    8.23312112e-01   1.28579617e+00   2.26110797e+00  -6.20343536e-01
    5.07257816e-02  -2.12627476e-01  -2.29538835e+00   4.38710816e-01
   -8.59727593e-01  -1.44200846e+00  -4.31971867e-01   5.60563918e-02
    1.64305397e-01 
    1.25058472e+00   1.57200589e+00   1.58704002e+00  -1.99818931e+00
   -8.12369255e-02   3.48824053e-01  -2.26688365e+00   1.68009128e+00
   -5.45714411e-01   5.18020269e-01   9.29069439e-01   1.57421182e-01
   -7.47446674e-02  -4.04064971e-01  -1.44254930e+00   8.37398644e-01
   -7.39909218e-01 
    8.86621499e-01  -1.48567290e+00   1.29408194e+00  -3.81938857e-01
    6.88998771e-01   4.46495469e+00  -2.43301894e+00  -4.93725431e-02
    2.71527603e+00   2.52052149e+00   3.18340639e-01  -1.42117380e-01
   -6.03570104e-01  -2.81116321e+00  -1.43034401e+00  -1.01603800e-01
   -6.25112877e-01 
    2.26364402e-01   2.94192385e+00  -6.88680815e-01  -1.06799498e+00
    8.06731566e-01  -1.32969659e+00  -1.33179182e+00  -3.05770464e-01
   -1.74708950e+00   2.41484648e+00   1.59666638e+00  -1.18226706e+00
    1.12535547e+00  -1.88436338e+00   1.56198282e+00  -1.75606789e+00
   -1.01862891e-01 
   -1.24663171e+00  -3.44832330e-01  -7.82240181e-01   1.24288496e+00
    1.79661139e+00  -9.22995693e-01   1.16503006e+00  -7.33918384e-01
   -1.16050649e+00   6.46442656e-01   1.00397638e+00   2.21796235e+00
   -3.20410035e+00   3.53732924e-01  -9.23000827e-01  -1.45713627e+00
    3.44394595e-01 
   -8.48653361e-01   4.78851910e-01   1.84604464e-01  -2.84021059e+00
   -2.69938719e+00  -1.43144818e+00   1.54026015e-01   4.59622010e+00
   -1.58115625e+00   4.00603428e-01  -4.61708652e-01   3.19372254e+00
   -1.27971230e+00  -4.33665260e-01  -1.02240297e-01   2.79762828e-02
   -6.43513888e-01 
    3.31937121e+00  -8.44983749e-01   2.95149796e-01   2.04163610e+00
    1.60769430e+00  -7.08357485e-01  -1.37355484e+00   7.23419537e-01
    2.68949864e-01  -1.33506456e+00   6.37140781e-01  -5.63295655e-01
   -3.06898863e+00   5.18345580e-01   1.16276254e+00  -1.18597714e+00
   -3.31576568e-01 
   -2.36373824e-01  -2.72470313e+00   1.55167757e+00   1.21178650e-01
   -1.34367658e-01   2.79615853e-01  -3.67734174e+00  -5.06449726e-01
   -1.93787614e+00   1.00721237e+00   3.14444360e+00  -1.91318156e-02
   -5.86224551e-01   1.22644601e+00  -6.03479194e-01  -8.78242416e-01
   -1.44286503e+00 
   -5.68756329e-01   4.24308871e-01  -5.26993866e-01   7.07231566e-02
    2.47054887e+00  -2.18720885e+00   1.22487409e+00   9.60219679e-01
    1.10398226e+00   1.46390676e+00  -2.31203578e+00  -1.80698024e+00
   -1.27786067e+00   1.75924291e-01  -4.83612081e-01  -1.62292500e-01
   -1.94773935e-01 
    1.87976420e+00  -1.91081584e+00   7.88423485e-01   3.23663854e+00
   -2.39933871e+00   7.38184761e-01   4.33522091e-01  -9.61517813e-01
   -1.52867964e+00  -1.20155710e-03  -5.75117435e-01  -3.56869006e-01
    7.07288838e-01   2.47462595e+00  -2.26593648e+00  -1.72975127e-01
    6.19105892e-01 
    1.64515018e+00  -1.16933642e+00  -3.12996940e-01  -1.57632977e-02
   -3.31698768e-01  -3.65300532e-01   3.14654242e+00  -3.09159040e+00
   -1.10245019e+00  -1.06077521e+00  -6.05583981e-01  -9.68918451e-01
    1.19800852e+00  -2.11180404e+00   9.20531656e-01   6.88745222e-01
    5.22974517e-01 
    1.65023898e+00   6.88830918e-01  -3.00381283e+00  -4.68419693e+00
    1.31263509e+00   2.75660821e-01   4.84058769e-01   1.61867653e+00
    7.15687602e-01   3.87562691e-01  -7.53886444e-01  -1.25914853e+00
   -3.30661232e-01   1.68080902e+00  -5.09605314e-01   1.31724958e+00
    3.67734122e-01 
   -1.68945730e+00   6.10120879e-01  -2.14268154e-01   3.44605631e-01
    6.33724339e-01  -1.99838420e+00   3.62374890e-01   2.39104310e-01
    1.51749171e+00  -1.00607578e+00   1.44430988e+00   3.86138596e-01
    8.59949679e-01  -1.18878667e+00  -8.26658895e-01   1.23696664e+00
   -7.82633106e-01 
   -1.60963086e-01  -2.61410946e+00   2.19836139e+00  -1.24120050e-02
   -2.59435679e+00   2.68954221e-01  -3.69340925e-01   1.74608093e+00
   -8.06012117e-02   1.55740547e+00  -1.76357679e+00  -4.04447602e-01
    5.06980650e-01  -1.03602703e+00   6.38240515e-01   6.67754239e-01
    1.07701302e-01 
   -1.37280142e+00   5.65572395e-01  -6.76108912e-01   2.32893686e+00
   -7.94684663e-01   1.94212124e+00   1.42241329e+00  -1.87616020e+00
    1.33079824e-01  -1.69266592e+00  -4.12088193e-01   6.29514725e-01
    1.80499479e+00  -2.91598560e-01  -3.07080570e-01  -2.52631268e+00
    3.55355372e-01 
   -1.97095842e-01   2.79605405e+00   1.43704592e+00  -6.31512319e-01
   -1.81900253e-01  -5.00548331e+00   1.40985038e+00   3.61022630e+00
    1.42334075e+00  -2.67713241e+00   8.12567394e-01   4.33007027e-02
   -3.63600586e-01  -8.57327689e-01   8.84027863e-01  -3.66019113e-01
   -2.52720801e-01 
   -2.84484288e+00   8.42776869e-01   2.20747601e+00  -3.82544552e-02
    1.70591100e+00  -8.36984749e-01  -1.61867415e+00  -1.55417878e-01
    2.46712093e+00  -9.91130999e-01   3.48992687e-01  -1.81596351e+00
    4.21009019e-01   5.14925645e-01  -1.20536676e+00  -4.66718953e-01
    6.85202995e-01 
    2.87055536e-02  -9.23084568e-01   4.71946080e-01  -5.79057537e-01
    2.54374713e+00  -1.08786575e+00   2.16989129e-01   2.62181107e+00
   -2.68575384e+00  -9.62211764e-01   1.48533419e+00   9.79038095e-01
    3.69825894e-01  -8.47396814e-01  -4.92008525e-01  -1.34088258e+00
   -3.68795949e-01 
   -2.04595236e+00   2.38351005e-01  -1.47433406e+00   2.06081160e+00
   -1.02662147e+00   1.15362678e+00   9.12604050e-01  -8.04523031e-01
    1.11982111e+00   1.43407697e+00   2.04091535e+00  -1.61526445e+00
    8.85158231e-01  -1.45639489e+00   6.02172419e-01  -3.88253006e-01
   -6.56995671e-01 
    2.33280491e+00   1.71307505e+00  -2.19352105e+00  -1.42422454e+00
   -3.76807066e+00  -1.63416313e+00   1.00278137e+00   6.36750306e-01
    1.36835423e+00  -2.46462399e+00   1.85584149e+00  -4.42527840e-02
    8.58543542e-01  -3.65974119e-01  -7.28394316e-01   2.28925752e-01
   -7.87692192e-02 
    2.00302517e+00   4.48375955e-01  -2.24239879e+00   2.07231907e-01
   -1.21590078e+00  -6.84287495e-01   3.00195077e+00  -3.17464561e+00
   -2.72784702e-01  -3.19688963e-01   2.61113250e-01   8.26679457e-01
   -1.85965587e-01   1.34924031e+00   7.30454130e-01   1.39532999e+00
   -4.78993706e-01 
   -7.17550503e-01  -1.64821369e-01   2.09016041e+00  -3.45875720e-01
    1.84397340e+00   1.99720232e+00  -3.59262623e+00   2.71823381e-01
    3.34638909e-01  -8.77293973e-01  -3.58993193e+00   5.41408085e-02
    2.17658610e+00  -1.50808420e+00  -1.67768156e-01   3.39535433e+00
   -3.15880071e-01 
   -5.70062940e-01   3.19296529e+00   1.22780832e+00  -7.76536045e-03
   -1.50233929e+00   1.86636079e+00  -6.58990324e-01   3.18598171e-03
   -8.88263230e-01  -2.49609782e+00  -1.30132041e-01   8.20854044e-02
   -9.11270940e-01   7.09258173e-01  -1.35685619e-01   7.84797592e-01
   -6.53899863e-01 
   -2.43410399e-01  -1.12040767e+00  -1.33196792e+00  -1.10555860e-02
   -1.55774438e-01   2.82198422e+00  -6.51763898e-01   7.70804215e-01
    1.68459344e-01  -3.06072749e+00   1.00785834e+00  -3.29237039e-01
   -1.70399716e+00  -1.02258182e-01   3.32365204e+00  -1.73719666e+00
    6.39694102e-01 
   -1.53453317e-01   2.75693740e+00   1.07768923e-01  -1.02610618e+00
    1.02215077e+00  -1.77815413e+00  -2.60893280e+00  -1.23640781e+00
   -6.37125438e-01  -1.03967057e+00  -2.59058131e-01   9.08127096e-01
    8.24511719e-01   4.94490655e-01   2.66217506e-01   9.73573784e-01
   -1.91852870e-01 
   -8.47591926e-01   1.10259122e-01   3.21055736e+00   1.80611588e+00
    7.72359582e-01   4.89728272e-01  -2.43622428e+00  -1.44890711e+00
   -8.14438141e-01   7.01866412e-01  -2.25471328e+00  -1.53914009e+00
   -1.89522894e+00   1.85743842e+00   1.89608348e+00   1.24503067e+00
    2.39028319e-01 
    1.69322965e+00   8.54707790e-01  -1.30495434e+00  -2.23919516e-01
   -9.44467337e-01  -1.58390503e-01  -4.40157706e-01  -5.93259498e-01
    1.84174467e+00   1.75198301e+00  -2.58662330e+00  -2.17823504e+00
   -5.95793422e-01  -1.88168567e+00   2.48822378e+00   8.59731534e-01
   -6.17274966e-01     3.73686144 -1.09888751  0.45887872 -2.05456868 -0.93691056  1.57353859
  -0.85631972 -0.93684774  0.45510686  0.63391413 -0.2756958  -3.30533628
  -0.81559777  0.63541318  1.07381091 -1.41955063 -0.08346431  0.05277017
   0.16903675 -0.1233192  -0.18953604  1.67722763  0.69272578  2.23912218
  -1.30084912 -0.9264008   0.36319994 -0.05398306  0.04400579 -0.19547872
   0.15644694 -1.03824415  0.03591424 
   0.50068149  0.52029422 -0.33956908 -0.25011605  1.21882982 -0.32729523
  -1.12662261  0.78220781 -2.03251669 -0.2222213  -0.67815055  0.05912452
   1.17891735 -0.12280542  1.48056291 -0.03379292 -0.05677448 -1.15994111
   2.17019359 -2.08894659 -1.34622382  0.3243452   0.52910941  0.13064757
  -1.21047023  0.73822257  0.64476199 -4.69977167  1.42699922 -1.67958942
   0.18005087 -1.16386769  0.47735033 
   0.4749332  -0.15977012  2.71698271  1.26151087 -1.75644696 -2.07008425
  -1.23507459 -0.78584901  1.1981603   1.08186105  0.33966027  0.68167056
  -1.89993328  0.00609976 -0.51504795 -1.28879019  2.12983562  0.0471031
  -1.37830774  1.45434715 -1.34116926 -2.55577981 -0.91332388  1.24018059
   1.35952947  0.65499591 -2.54952093 -0.44706516  2.32650688 -0.02170977
  -2.19285908  0.90590509 -0.28357219 
  -1.58380166  0.16530737 -1.5970917  -1.0463244   1.92353873  1.23786303
   1.18153078  0.09934553  0.47846612 -0.93544435  2.95316212 -1.95898176
   0.24672482 -0.87870209 -3.26755656  0.2108889   3.84569371 -0.22424777
  -0.07154196 -2.21550691 -1.19074074  0.39856797  0.73612867 -2.96740629
   0.55316508  0.48049253  0.08220017  0.18826554 -0.22618865  0.29312783
  -1.69684059 -0.57127098 -0.26695214 
  -2.04308189 -1.32202221 -2.32226681 -0.61347728 -0.12836457 -0.3581936
  -0.33710582 -1.39260206 -0.34536031 -3.07633895  1.55992338 -0.78247428
  -0.24675158 -2.62944215  2.99783529 -1.74691708 -0.13750795 -1.70423213
   2.47273641 -0.3395853   1.16727986 -1.1706367  -3.54934875  2.15294915
   1.65896959  1.20002716 -1.61067849 -0.09041121 -0.0745534  -0.11059494
  -1.04290522  1.93183144 -0.25475026 
  -1.7580162  -0.26541386  0.596908    0.27236568  1.18116425 -0.68594785
  -0.50905727 -3.59421002  1.18278843  0.14706205 -0.24953666  0.47534178
  -1.00301531  1.89814203 -0.69052358 -2.14773716 -1.40980165  0.7070474
  -0.25630438 -2.46317338  4.27546477  0.50177124 -0.22702407 -0.21704703
   0.61558404  0.66579047 -1.22645207 -1.75615593 -3.82512424  0.77361695
  -0.22004013  0.40431651  0.04006789 
   0.84164206 -1.53114337 -0.0698833  -0.74352224 -0.20617135 -2.72101494
   0.93295281  0.98359973  0.58174693 -2.06501899 -0.53353328  2.79999403
   3.01081105 -1.64086584 -1.0544624  -3.9854302  -0.8859063  -0.03050717
   0.13434295 -0.72760984 -0.85293471 -0.14828346 -0.30518092 -0.86141303
  -1.35439477 -2.1335794   0.89735432  0.42933829  0.54465632  2.71272861
   1.1463557   0.10817619 -0.4714753  
   0.14421106 -0.63522525  2.27596195 -0.67248003  1.9133767  -0.07319021
  -0.86701067 -0.2379822  -0.05629049  0.5350642  -4.44992505  0.16600037
   0.33466988 -1.96814298 -0.51255221  2.20651665 -2.52566222 -0.44319402
  -2.33144367 -0.21971306 -2.60118961  0.04849264 -3.03454215  0.34676171
  -0.24018661  3.55549111  0.34528644  0.78791762 -1.49034021  0.89701981
   1.25492429 -0.14003311 -1.15856807 
  -2.1455594   2.52703419  1.28230539  1.63534271 -2.09403987 -0.32541225
   1.28289856 -2.41407969  2.45264869  0.34177369  0.80245595 -1.5772551
   1.0765021  -1.75204472  1.80403452  1.16454108 -0.63280297 -2.5637429
  -0.4174999   0.46375159 -1.49536894 -1.82411564  2.33434715 -1.262325
  -2.00999479 -0.37250536 -0.02468906  0.25159593 -1.45901521  0.05837712
   1.43526929 -2.02922934 -0.60434306 
   1.188549   -1.02887516 -0.97612371 -1.62066043 -0.06202535  0.15823329
  -1.11470898 -2.58698089 -2.68732002 -2.66121219 -2.00757047  2.00795877
  -2.64457442 -1.46853845  0.33362523  0.38249941  0.51011828 -0.08816479
  -2.27448464  1.71980355  1.34963817  1.25937159  0.50276771 -2.49236729
   2.65707247 -1.00564674  2.20616383  0.60023147  2.81553086  0.43687858
   0.04028012 -2.03149771 -0.50067878 
   0.01056471 -3.02741998  0.51196288  1.04770331 -0.5883044   1.40342692
  -1.2288798  -2.24437969 -1.94407513 -0.20842018  1.19315379 -0.04272725
  -2.60548759  1.88215855 -0.34618722  0.29472833  0.35832799 -1.40637763
   1.1496077   1.59540462 -0.80993292 -1.34415647 -1.41449105 -2.96957412
  -1.61278707 -1.70767987  3.69380341  0.96083517 -1.18814127 -0.3526412
   1.61683557  2.67738803 -0.55612212 
  -1.15237632  4.74000655 -1.46532609 -2.63460917 -2.23183036 -1.21316973
  -1.17582018 -0.15849125  1.09920938 -2.40083812 -2.70307481  0.34594874
  -0.65575776  1.36603507 -0.37484816  1.63511881 -0.574824   -0.55984351
  -0.03287945 -0.91994637  0.78240995  1.80812189 -0.62819138  1.01416969
   0.42711897 -1.66323376 -1.5524153  -0.00680931  1.13108215 -1.00273287
   1.82127481  1.24665979 -0.70147838 
  -0.42992791 -0.97151928 -2.53577493 -2.12777098 -2.17226611  0.99786968
  -0.08493692 -0.18028907 -0.70115539  3.7100624   0.10835199  2.22440397
  -0.98726603  0.424212   -0.55927259 -1.34284074 -0.1133909  -1.12290402
  -0.47207003 -1.52352094  0.28838768 -0.35067773 -0.89961258 -0.70930458
  -0.12818766 -0.2038005  -1.97718074  0.51175259  1.58633211 -1.26421147
   2.10791078 -0.43366564 -0.22238153 
  -0.23321805 -0.79770494  0.47872525  1.97642967 -2.45084667  1.36302671
  -0.25193199  1.14633437  0.96918    -0.75745216 -0.95002399  0.12970434
  -1.72806538 -0.75483661 -2.76061842  2.21307087 -3.13931747  0.49082084
   1.03300823 -0.85007873  0.89188956 -0.56411317  1.49950477  0.37411777
   0.23113986 -2.13753561  0.95137232 -1.36255715 -0.01759835 -1.20194918
  -0.93790188  0.74300651 -0.59963079 
  -0.5865885   2.31375896  0.34317525 -1.1003455  -0.96780316 -0.22496686
   0.97386151  1.58282475 -1.1279463   0.27225065 -1.00324848 -0.62960953
   0.22430967  0.37498329  2.0584754  -1.2122492   0.49990871  0.26836515
  -1.4427894   0.43605126 -0.81052395  0.97432461 -0.3846954  -0.38442645
   1.03883963 -1.21219818 -0.39960284 -0.42474252 -2.69331287 -0.1649166
  -1.98147886 -2.98957165 -0.97026422 
  -0.15145687 -1.82023543 -2.42939624  2.11554269  1.40991283  0.8890386
  -0.40353184 -0.50088023  2.15767649  1.29102013  0.20509643  0.55968711
  -0.02811128  0.27273486 -1.06143649 -0.63528964 -0.24413773 -1.94490121
  -0.94091895  1.70143451 -0.41381209  0.76714664  0.47030104 -1.59360143
  -0.48180528 -1.61989868 -1.65728042 -0.67602897  1.14865991 -0.49140739
  -0.89831634 -0.67411228 -0.18781166  