NN 16 32 16   -3.25218156e+00  -7.49096772e-01  -2.93832403e-01   6.22193720e-01
    1.95963015e+00  -9.70625682e-01  -1.59278241e+00  -1.67268752e+00
    2.71929325e+00  -1.38990310e+00  -2.00369814e-01   4.53599298e-01
    7.38516665e-01  -2.15524667e-01   2.62105409e-01  -3.95092836e-01
   -7.59765555e-01 
    5.94232704e-01  -5.68536382e-01  -3.35135394e-01  -3.44675542e-01
    9.20151489e-01  -2.50803353e-01   7.50229867e-02   4.26756104e-01
   -2.24335360e+00   6.51770073e-01   1.88858042e+00  -3.38070109e+00
    6.14460671e-01   7.00675829e-01  -1.69186081e+00   1.20345686e+00
    5.20159478e-01 
   -6.66072461e-01   3.59029293e-02  -2.53182771e+00   9.55709299e-01
    2.41154443e+00  -1.67652295e+00  -3.68841797e-01  -7.29465670e-01
   -1.00450556e+00   5.43238727e-01   1.40146211e-01   1.39819880e-01
    1.50339370e+00  -8.06208330e-01  -1.18130591e-01   1.79380014e+00
    1.73021468e-01 
    1.53151571e+00  -8.37275326e-01  -1.04388148e+00   6.86528353e-01
    1.15627021e-01  -9.59081228e-01   9.27378970e-01  -3.26412057e-01
   -1.32613289e+00   8.18598196e-01  -1.25827021e+00   1.64444277e+00
    1.69510186e+00  -1.53146479e+00   1.03451166e+00  -1.77789383e+00
   -2.88866461e-01 
   -3.65627240e-01  -1.46684414e+00   1.27711952e+00  -1.02988550e+00
   -3.66434450e-01  -6.77067204e-01  -2.53984651e-02  -1.70202590e+00
    1.29306558e+00  -3.37995020e-01  -1.69530704e-01   1.80541025e+00
    1.53455702e+00   2.01684218e+00  -1.70817962e-02  -1.44507975e+00
   -7.38758534e-01 
   -4.33911779e-01   1.33427270e+00   1.45409648e+00  -1.21808347e+00
    6.76877162e-01   1.04540815e+00   1.52778351e+00  -1.28761957e-01
    3.88898632e-02  -2.66540930e-01  -1.66949195e+00   5.26552937e-01
   -7.64369023e-01  -1.28744146e+00  -2.62739140e-01  -1.33331639e-01
   -2.74539500e-03 
    6.60199615e-01   1.44623584e+00   1.25632617e+00  -1.68167314e+00
   -1.20611948e-01  -7.95284657e-02  -1.78280207e+00   1.10246670e+00
   -5.00314242e-01   5.01263374e-01   7.98870608e-01   3.34945579e-01
   -2.67344455e-01  -4.79310884e-01  -1.32563413e+00   7.48671979e-01
   -6.59485286e-01 
    6.78110053e-01  -1.31900203e+00   8.90996993e-01  -3.10050381e-01
    8.01659731e-01   3.66924809e+00  -1.82875756e+00   1.04829112e-01
    2.14225850e+00   2.17143938e+00   5.26871197e-01  -6.13689377e-01
   -6.38490667e-01  -2.32625728e+00  -1.13746846e+00  -9.06785765e-05
   -5.98139476e-01 
    3.29440673e-01   2.35593328e+00  -9.86105069e-01  -7.01157600e-01
    8.59637673e-01  -1.07241756e+00  -1.11406748e+00  -1.11050417e-01
   -1.51868923e+00   2.20874576e+00   1.24769565e+00  -1.09676449e+00
    6.41246176e-01  -1.78581622e+00   1.11773798e+00  -1.46024158e+00
   -1.82434476e-01 
   -1.38758963e+00  -1.34412717e-01  -8.24553423e-01   1.32070727e+00
    1.65970012e+00  -7.74134868e-01   1.18806008e+00  -7.93297153e-01
   -8.98707543e-01   1.09015997e+00   2.66931068e-01   1.85555441e+00
   -2.44065172e+00   5.22156025e-01  -3.82272277e-01  -1.26075080e+00
    2.59549285e-01 
   -5.60737557e-01   4.91178920e-01   6.71185474e-03  -2.59595653e+00
   -2.01344608e+00  -1.25161167e+00   1.86083057e-01   3.76216836e+00
   -9.54119991e-01   5.98389440e-01  -6.93764019e-01   2.53679674e+00
   -8.60316241e-01  -3.21661924e-01  -9.49366338e-02  -5.72338264e-03
   -6.52876933e-01 
    2.50363090e+00  -7.39991666e-01   4.39127590e-01   1.86754180e+00
    1.42838473e+00  -4.63274373e-01  -1.38068314e+00   7.32186875e-01
    1.61681454e-01  -9.51265328e-01   1.99177507e-01  -6.69193398e-01
   -2.63559434e+00   3.31069848e-01   8.69578891e-01  -6.65865525e-01
   -6.71075300e-02 
   -2.13793093e-01  -1.64500975e+00   1.21520441e+00  -1.06792084e-01
   -1.11474699e-01   3.43752655e-01  -3.09426725e+00   2.37499827e-01
   -1.99099453e+00   8.54503447e-01   2.82748045e+00   3.84028388e-01
   -3.88985975e-01   1.14540745e+00  -6.18986631e-01  -5.32721241e-01
   -1.10990908e+00 
   -3.19143046e-01   5.68576282e-02  -5.30033836e-01   2.16931480e-01
    2.06494830e+00  -1.87869127e+00   8.17941308e-01   5.94109352e-01
    8.95069040e-01   1.60982857e+00  -2.10619702e+00  -1.62179785e+00
   -8.39898143e-01   5.06113741e-01  -3.62916078e-01  -3.32092577e-02
   -9.07480470e-02 
    1.20116271e+00  -1.89444768e+00   4.00352875e-01   2.60102119e+00
   -2.04204584e+00   1.00369691e+00   4.32768973e-01  -6.14406041e-01
   -1.64371056e+00   1.20824319e-03  -3.93865963e-01  -4.72017225e-01
    8.48189880e-01   2.34656303e+00  -1.72351222e+00  -5.96740123e-02
    6.32110679e-01 
    1.26405541e+00  -9.32325870e-01  -1.08754275e-02  -8.87137195e-02
   -2.76818189e-01  -5.81106060e-02   2.95139081e+00  -2.82420776e+00
   -1.40727634e+00  -7.83923247e-01  -4.85004358e-01  -9.90392195e-01
    1.35430962e+00  -1.73755115e+00   6.20175999e-01   2.62618436e-01
    4.20367350e-01 
    1.41837118e+00   7.74151506e-01  -2.88499942e+00  -3.84004061e+00
    7.44537378e-01   5.53401696e-02   9.48700543e-01   1.45847146e+00
    7.31053187e-01   2.00767789e-01  -7.66976716e-01  -9.62703161e-01
   -2.77470953e-01   1.80386714e+00  -4.82255781e-01   9.71248091e-01
    1.60653806e-01 
   -1.33636656e+00   3.86822233e-01  -1.89148208e-01   1.73721776e-01
    6.60117533e-01  -1.27806537e+00   9.96350958e-02   7.40812557e-02
    1.35574382e+00  -8.75614671e-01   9.36846133e-01  -6.39436862e-02
    7.19642794e-01  -9.35532322e-01  -5.80278867e-01   1.03173874e+00
   -6.09509748e-01 
   -2.58450862e-01  -1.94379291e+00   1.88711011e+00  -2.12502065e-02
   -2.22391947e+00   4.65524638e-01  -5.43167283e-02   1.43647639e+00
    3.27033554e-01   1.70648420e+00  -1.87817826e+00  -5.39025418e-01
    5.75598236e-01  -1.09522939e+00   5.86495033e-01   6.10150449e-01
    1.21085758e-01 
   -1.34026189e+00   5.23418256e-01  -7.72145281e-01   1.85460938e+00
   -8.26258637e-01   1.78929328e+00   8.36956537e-01  -1.48406829e+00
   -2.75383176e-01  -1.73102812e+00  -8.21368206e-01   6.53388112e-01
    1.68832379e+00   2.40737703e-01  -2.08013481e-01  -1.89249702e+00
    3.61959018e-01 
    2.45344055e-02   2.42247663e+00   9.48724928e-01  -2.14192507e-01
   -5.08879288e-01  -4.22121671e+00   1.09746409e+00   3.18464339e+00
    1.21611664e+00  -1.84235088e+00   7.04110567e-01  -3.70903445e-01
   -5.24667228e-01  -5.55009465e-01   5.73066779e-01  -1.33054405e-01
   -2.30616338e-01 
   -2.38833085e+00   8.87559008e-01   1.67132617e+00  -3.59148063e-01
    1.62478717e+00  -1.01409814e+00  -6.28449989e-01  -4.86339335e-01
    2.07908867e+00  -1.26733744e+00   6.43500704e-02  -1.70905884e+00
    4.77674888e-01   5.61992224e-01  -1.10446451e+00  -3.70856447e-01
    6.02595353e-01 
   -3.81963604e-01  -4.36381311e-01   4.23920323e-01  -7.63883129e-01
    2.14242939e+00  -1.40211749e+00   4.96579260e-02   2.14051229e+00
   -2.38183849e+00  -8.27931773e-01   1.08689962e+00   7.02835884e-01
    5.83025458e-01  -6.81320461e-01  -3.33174085e-01  -7.54955992e-01
   -2.98321007e-01 
   -1.82720631e+00   2.36194193e-01  -1.51089126e+00   1.82996257e+00
   -9.55430232e-01   9.62625492e-01   7.63996796e-01  -6.88833519e-01
    1.13200141e+00   1.52129622e+00   1.55749276e+00  -1.66847827e+00
    6.98585502e-01  -1.28538588e+00   4.47849803e-01  -2.27108342e-01
   -6.39559694e-01 
    1.52461545e+00   1.52652557e+00  -1.94190980e+00  -7.43208240e-01
   -3.21045574e+00  -9.65370080e-01   1.03117021e+00   6.25372288e-01
    1.39129975e+00  -2.26909833e+00   1.97194197e+00  -2.98358241e-01
    3.37171202e-01  -2.50388386e-01  -7.60347755e-01   3.21847488e-02
   -1.85158153e-01 
    1.59971961e+00  -5.89486086e-02  -1.62596510e+00  -2.73057311e-01
   -1.17393512e+00  -4.46867401e-01   2.46899992e+00  -2.90942387e+00
   -2.13288370e-02  -3.37519433e-01   2.96462563e-01   8.64439451e-01
   -2.02616944e-01   1.27273860e+00   8.60694540e-01   8.41265946e-01
   -6.66853025e-01 
   -6.56748301e-01  -5.87942568e-01   1.85086530e+00  -1.65208613e-01
    1.25313175e+00   1.57921694e+00  -2.67286176e+00  -4.51601548e-02
    3.44103230e-01  -7.86049409e-01  -2.87478462e+00   3.28406204e-01
    1.65145825e+00  -1.22055599e+00   9.40976807e-02   2.79796067e+00
   -1.64677779e-01 
   -7.31725256e-01   2.44859946e+00   1.25825311e+00   3.47159400e-02
   -1.15212012e+00   2.08510138e+00  -4.19826319e-01  -1.83198638e-01
   -9.62339119e-01  -1.88793743e+00  -3.41035944e-01  -1.66370679e-01
   -8.48939526e-01   5.61102621e-01  -4.01413240e-02   7.34829976e-01
   -4.26335957e-01 
   -5.06147270e-01  -1.15482263e+00  -9.71624013e-01   1.15334678e-01
    3.12462023e-01   2.26039294e+00  -8.65796823e-01   8.70177369e-01
    3.51697725e-01  -2.36813746e+00   1.19178192e+00  -2.51384140e-01
   -1.43027404e+00   2.48655275e-02   2.55938867e+00  -1.36182182e+00
    4.83845669e-01 
   -2.09347979e-01   1.85598549e+00   4.44132877e-01  -6.75977622e-01
    7.80173267e-01  -1.48870088e+00  -2.12697501e+00  -1.47075739e+00
   -2.20442090e-01  -7.11245097e-01  -1.62080101e-01   9.47346292e-01
    5.80655168e-01   4.15770250e-01   7.59625117e-02   1.00024762e+00
    3.35672504e-02 
   -1.23511108e+00   2.44834879e-01   2.40592427e+00   1.50800359e+00
    1.05350478e+00   2.91116099e-01  -1.66649657e+00  -1.02174837e+00
   -6.78277315e-01   7.11665842e-01  -1.81214808e+00  -1.36522912e+00
   -1.52089976e+00   1.39147215e+00   1.35523531e+00   1.10632419e+00
    3.34792749e-01 
    1.29391718e+00   9.79298192e-01  -9.64237064e-01  -3.47532586e-01
   -7.89557445e-01  -3.48153693e-01  -6.13105336e-01  -3.86286627e-01
    1.53399851e+00   1.47429543e+00  -2.00000533e+00  -1.67109447e+00
   -3.80329237e-01  -1.59369170e+00   2.30206820e+00   7.02755866e-01
   -4.98880882e-01      3.16493263e+00  -8.87088198e-01   2.46884133e-01  -1.86483326e+00
   -8.50714032e-01   9.32113811e-01  -5.70921720e-01  -1.01471594e+00
    5.35649890e-01   9.81797960e-01   4.62568866e-01  -2.79399603e+00
   -8.35839337e-01   3.02664880e-01   7.33571716e-01  -1.66472741e+00
   -4.08213032e-01   1.85411580e-01   1.04198772e-01   4.76502595e-01
   -2.12282814e-01   2.10373212e+00   3.42122442e-01   1.97652321e+00
   -1.72087863e+00  -1.01622717e+00   4.63981700e-01  -1.06654014e-01
   -1.26061196e-01  -4.62449294e-01   3.77343126e-01  -1.57182770e+00
   -3.05653585e-01 
    6.08664309e-01   4.52043039e-01  -4.11366327e-01  -2.59420488e-02
    9.77608449e-01  -3.03946403e-01  -1.40346804e+00   1.00939507e+00
   -2.34347644e+00  -1.55256111e-01  -9.35688763e-01   1.36125258e-01
    1.26954583e+00  -1.44330865e-01   1.76183288e+00   2.00107289e-01
    2.52255802e-01  -7.60068912e-01   1.99160840e+00  -2.03558678e+00
   -1.60561265e+00   2.56933802e-01   3.19883494e-01   1.82094293e-01
   -1.54228826e+00   5.29032080e-01   6.34115571e-01  -3.81699895e+00
    1.36768812e+00  -1.73908511e+00   1.09021576e-01  -1.33127966e+00
    1.49783138e-01 
    6.85483725e-01   1.33031089e-01   2.84590015e+00   7.60316835e-01
   -1.93793216e+00  -1.45511824e+00  -8.52874416e-01  -7.12665654e-01
    1.55421958e+00   1.04352741e+00   3.71554341e-01   2.46824997e-01
   -2.28165547e+00  -6.10787746e-02  -4.13364527e-01  -1.23331229e+00
    2.29406099e+00  -5.97194773e-02  -1.44627558e+00   1.09932992e+00
   -1.38174885e+00  -2.41214656e+00  -1.15315916e+00   1.12799960e+00
    1.18081748e+00   8.94558173e-01  -2.10157790e+00  -6.60801062e-01
    1.98509115e+00  -3.52117196e-01  -2.49073799e+00   8.21246606e-01
   -3.18543562e-01 
   -1.27626438e+00   5.45382365e-01  -1.39000312e+00  -1.01324568e+00
    1.60655683e+00   1.29709358e+00   1.41850874e+00   3.73924712e-01
    3.74303170e-01  -8.81055551e-01   2.43840859e+00  -2.23014400e+00
    5.75787001e-01  -1.04442492e+00  -3.21875415e+00   3.30908632e-05
    3.77424371e+00  -1.73028817e-01   4.39730249e-01  -2.09612428e+00
   -9.92627714e-01   6.70277034e-01   7.62681856e-01  -2.75375205e+00
    5.10912285e-01   5.54530501e-01   7.40126223e-02   1.91920377e-01
   -3.16677354e-01   3.40461799e-01  -1.74042122e+00  -4.40579022e-01
   -8.61400315e-02 
   -1.59176513e+00  -1.06626187e+00  -2.07096737e+00  -3.67823140e-01
    2.48369419e-01  -3.40559658e-01   1.93076181e-01  -1.12689838e+00
   -2.32941120e-01  -2.72523079e+00   1.32770505e+00  -4.21556067e-01
   -2.64565431e-01  -2.27766755e+00   2.54043466e+00  -1.63099388e+00
    1.18754012e-02  -1.45139773e+00   2.64648686e+00  -2.36291893e-02
    1.24956866e+00  -1.35734031e+00  -2.94941908e+00   2.16515588e+00
    2.01186307e+00   1.41090476e+00  -1.55422175e+00  -3.86254249e-01
   -9.91152120e-01  -5.01609189e-01  -1.06782640e+00   1.45187676e+00
   -1.67541258e-01 
   -7.85645031e-01  -1.49687642e-01   7.28033347e-01   7.93099097e-01
    9.70693822e-01  -7.84506937e-01  -4.33607996e-01  -3.57023428e+00
    9.48167167e-01   9.99004959e-02  -5.70280051e-03   2.39010571e-01
   -5.95807175e-01   1.85992822e+00  -8.61965008e-01  -2.07375684e+00
   -1.31044174e+00   4.26602165e-01  -1.07790106e-01  -2.68677529e+00
    4.46804091e+00   3.02588683e-01   1.70358383e-01   6.36094433e-02
    1.51350661e-02   5.54807603e-01  -1.56448272e+00  -1.66615937e+00
   -3.40316471e+00   6.85706500e-01  -2.73132428e-01   8.20522834e-02
    8.15799283e-02 
    7.23350119e-01  -8.70467417e-01   2.18018542e-01  -1.10668108e+00
   -5.09659054e-01  -1.81974738e+00   1.22212036e+00   7.77968521e-01
    1.10478398e-01  -2.13161659e+00  -5.51002556e-01   2.45477510e+00
    3.07501884e+00  -1.56095589e+00  -1.12295875e+00  -3.79281628e+00
   -1.08259926e+00   1.03211645e-01  -3.13321180e-01   2.24737561e-02
   -7.87563610e-01  -3.98633116e-01  -3.75071532e-01  -6.13885337e-01
   -1.65971154e+00  -1.81535842e+00   1.14452422e+00   1.46821674e-01
    3.66618194e-01   2.58102460e+00   6.27426596e-01   5.27405075e-01
   -3.43560956e-01 
    4.64649526e-03  -7.75395605e-01   1.99577870e+00  -5.42978965e-01
    1.60765539e+00  -2.28247459e-01  -9.26047520e-01  -3.44509104e-02
   -1.96028053e-01   3.83344817e-01  -3.99588801e+00   5.94922771e-02
   -6.60504644e-02  -1.36169886e+00  -3.88381545e-01   2.20193936e+00
   -2.09053514e+00  -5.88928748e-01  -2.25942321e+00  -4.04790131e-01
   -2.34918079e+00  -3.05420773e-01  -2.69952302e+00   1.46792362e-01
   -1.72022861e-01   3.19671932e+00   6.02543178e-01   5.16368168e-01
   -1.60797207e+00   9.89948817e-01   8.79751004e-01  -2.08492313e-01
   -6.89748071e-01 
   -1.84739100e+00   2.26433350e+00   1.09947312e+00   1.18987657e+00
   -1.90611020e+00  -3.59304635e-01   1.15553282e+00  -2.12009011e+00
    1.99440878e+00   2.15579149e-01   4.54673156e-01  -1.36791331e+00
    1.21958477e+00  -1.49987726e+00   2.04707136e+00   1.37389215e+00
   -8.84111806e-01  -2.03258084e+00  -4.16607513e-01   5.80742098e-01
   -1.50648186e+00  -1.56390389e+00   2.05227408e+00  -1.34768463e+00
   -1.68476979e+00  -6.23435332e-01   8.15120374e-02   6.82252526e-01
   -1.07997968e+00  -1.83371161e-01   1.47110005e+00  -1.67570337e+00
   -4.96737521e-01 
    7.50765858e-01  -7.55735319e-01  -8.03729398e-01  -1.27200618e+00
   -1.92768228e-01   1.82189679e-01  -8.25918577e-01  -2.23148968e+00
   -2.22671372e+00  -2.42172525e+00  -1.76620044e+00   1.60077748e+00
   -2.36547443e+00  -1.40535958e+00  -8.21195867e-02  -6.03013207e-02
    7.48444081e-01   3.13716247e-02  -2.06904810e+00   1.69395125e+00
    1.32392913e+00   1.25383009e+00   6.33752649e-01  -2.52451244e+00
    2.58713393e+00  -5.45854468e-01   1.53904100e+00   2.46875459e-01
    2.12769282e+00   3.49298146e-01   6.99614630e-02  -1.59289575e+00
   -1.91206664e-01 
   -2.31246780e-01  -2.47268530e+00   2.79594708e-01   6.83524601e-01
   -4.51880398e-01   1.04408505e+00  -9.66809424e-01  -2.18868527e+00
   -1.41458470e+00  -8.03255846e-02   1.10119495e+00   2.94951716e-01
   -2.57298893e+00   1.85823512e+00  -4.18636272e-01   2.05845590e-01
    5.57369077e-01  -1.12334895e+00   9.71558276e-01   1.44291900e+00
   -6.74624977e-01  -1.01211965e+00  -1.26033176e+00  -2.56584136e+00
   -1.75393354e+00  -1.60684823e+00   3.18301548e+00   8.79602195e-01
   -1.19124680e+00  -3.29421084e-01   1.49874608e+00   2.34272245e+00
   -3.62251891e-01 
   -1.37716083e+00   3.91138927e+00  -1.07563889e+00  -2.45657716e+00
   -1.92808799e+00  -1.06883356e+00  -1.07700595e+00   2.27065119e-01
    1.01389353e+00  -2.15059460e+00  -2.55865802e+00   1.99857214e-01
   -7.88097689e-01   1.34978475e+00   2.06482196e-01   1.57039299e+00
   -8.05932924e-01  -4.41939932e-01   3.82039451e-03  -7.13531012e-01
    7.81164203e-01   1.81838303e+00  -4.47382559e-01   9.43262029e-01
    7.91555889e-01  -1.73971431e+00  -1.25915880e+00  -6.18398406e-03
    8.47150339e-01  -7.94475514e-01   1.37968158e+00   1.05500196e+00
   -4.57651170e-01 
   -4.53355198e-01  -8.38844584e-01  -2.46174310e+00  -1.96052042e+00
   -1.96757985e+00   8.01717328e-01   9.98642279e-02  -2.63249832e-01
   -5.57125883e-01   3.02041866e+00   2.77956055e-02   2.04700459e+00
   -1.03614298e+00   1.59261617e-01  -3.75149372e-01  -1.24337294e+00
   -6.36564596e-02  -1.05721513e+00  -3.63221735e-01  -1.30068505e+00
    4.33145615e-01  -4.38812829e-01  -8.55409160e-01  -6.91259800e-01
    8.91353349e-02  -2.08804109e-01  -1.69436791e+00   4.23359215e-01
    1.42562067e+00  -1.15515676e+00   1.78785974e+00  -4.49997381e-01
   -2.12844236e-01 
   -3.23803676e-01  -8.05352318e-01   5.70984318e-01   1.83282006e+00
   -2.13306252e+00   1.14355830e+00  -1.90862029e-01   8.89752985e-01
    9.02700965e-01  -6.92307794e-01  -8.20867085e-01   3.88118264e-03
   -1.62782954e+00  -6.80371381e-01  -2.39853368e+00   1.86177350e+00
   -2.70171350e+00   3.15475063e-01   9.44783878e-01  -7.47993613e-01
    6.78072759e-01  -6.76764942e-01   1.28391664e+00   3.27626375e-01
    3.83107689e-01  -1.95217325e+00   8.92634729e-01  -1.21835228e+00
    1.53739419e-01  -9.81583756e-01  -8.46166804e-01   6.68333700e-01
   -4.04931483e-01 
   -6.69119918e-01   1.84219284e+00   2.10618436e-01  -1.05884106e+00
   -9.65508750e-01  -1.53444459e-01   9.16687166e-01   1.34892307e+00
   -7.99546619e-01   1.23842328e-01  -8.29385299e-01  -6.66948332e-01
    2.40626549e-01   4.47641781e-01   1.62137673e+00  -1.02852128e+00
    4.57588784e-01   2.25489220e-01  -1.11091204e+00   3.78913512e-01
   -5.69224504e-01   9.14646773e-01  -2.22103906e-01  -2.77614043e-01
    8.58337919e-01  -1.24373710e+00  -4.85695663e-01  -3.08320216e-01
   -1.99281696e+00  -1.13210051e-01  -1.64364415e+00  -2.59200462e+00
   -8.23645818e-01 
   -2.46320434e-01  -1.59062391e+00  -2.15801527e+00   1.62480420e+00
    1.27024301e+00   8.83707387e-01  -4.82438910e-01  -4.28048818e-01
    1.60487754e+00   1.17572728e+00   1.43174934e-01   3.70210697e-01
   -2.09868552e-01   2.18841171e-01  -9.18096038e-01  -3.46777916e-01
   -2.20068405e-01  -1.59811186e+00  -8.05798266e-01   1.53822288e+00
   -5.81667770e-01   6.82846846e-01   2.63672572e-01  -1.38129155e+00
   -5.70608382e-01  -1.37261572e+00  -1.49187483e+00  -4.54665829e-01
    1.07356241e+00  -5.35266938e-01  -7.69190981e-01  -5.76435751e-01
   -1.55947160e-01  