NN 16 32 16   -2.71320982e+00  -6.04334499e-01  -5.74139197e-01   7.88671360e-01
    1.28241704e+00  -5.19920658e-01  -9.11751087e-01  -1.23744420e+00
    1.80662034e+00  -1.27862163e+00   2.40624069e-02   7.84440092e-01
    6.85362518e-01  -1.60260380e-01   9.63118609e-02  -2.61584916e-01
   -6.64029539e-01 
    3.72959707e-01  -1.59261021e-02  -5.02846021e-01  -8.62223688e-01
    7.10966685e-01  -2.21447420e-01   4.01012910e-02   6.08039513e-01
   -1.75482117e+00   6.12925975e-01   1.54183733e+00  -2.77959207e+00
    4.23643693e-01   6.07385880e-01  -1.17015164e+00   9.76012047e-01
    4.62747184e-01 
   -2.88531962e-01   6.68814688e-02  -2.04996392e+00   1.16753895e+00
    1.95741858e+00  -1.30353040e+00  -6.15239076e-01  -1.03361715e+00
   -9.63169935e-01   2.39054981e-01   7.68999254e-02  -4.54677479e-02
    1.44257125e+00  -9.57386898e-01  -5.39361318e-02   1.11123942e+00
    1.53807678e-01 
    1.26362911e+00  -6.63606314e-01  -7.10673399e-01   6.46093089e-01
   -2.36179897e-01  -9.59795042e-01   1.02509184e+00  -1.01138978e-01
   -1.11826659e+00   8.05805301e-01  -1.11180896e+00   1.29689755e+00
    1.28601868e+00  -1.60711606e+00   7.49632941e-01  -1.37098889e+00
   -4.52469026e-01 
   -2.89690074e-01  -1.05779487e+00   1.08668203e+00  -8.76610433e-01
   -4.32315257e-01  -7.03807798e-01  -2.36193499e-01  -1.50241013e+00
    1.36312150e+00  -6.91541229e-02  -2.74779022e-01   1.48737343e+00
    1.37170603e+00   1.70746497e+00   1.58402793e-01  -1.25147306e+00
   -7.15567577e-01 
   -3.14041235e-01   7.78369602e-01   8.65116651e-01  -8.99697388e-01
    2.54311595e-01   1.00543125e+00   9.47309633e-01   4.41297517e-02
   -9.96851278e-02  -3.55738590e-01  -9.01222464e-01   6.10897884e-01
   -6.59130730e-01  -1.12899391e+00  -2.37233994e-01  -2.00931973e-01
   -1.98182090e-01 
    3.18434180e-01   1.32205554e+00   1.09803774e+00  -1.39363476e+00
   -2.80750489e-01  -1.19592161e-02  -1.59774873e+00   8.09742917e-01
   -5.53132780e-01   4.75453802e-01   7.25069384e-01   6.21004308e-01
   -2.26078623e-01  -3.00242440e-01  -9.97957655e-01   6.85115760e-01
   -5.24118830e-01 
    4.36535656e-01  -1.19423577e+00   8.28323642e-01  -5.58770836e-01
    5.54425626e-01   2.92666866e+00  -1.44973606e+00  -6.83966629e-02
    1.83883261e+00   1.94777903e+00   8.24911764e-01  -8.14066276e-01
   -6.90572472e-01  -1.93334595e+00  -1.04712170e+00  -6.27751104e-02
   -7.51706367e-01 
    3.60511594e-01   1.98599046e+00  -9.93180611e-01  -3.80206243e-01
    6.64132437e-01  -1.10749809e+00  -4.14302905e-01  -1.51078312e-01
   -1.42779246e+00   1.99395922e+00   1.05804022e+00  -7.92415757e-01
    3.80219066e-01  -1.43140431e+00   8.30714224e-01  -9.50126558e-01
   -1.27903377e-01 
   -1.30851752e+00   3.08202609e-01  -7.89564563e-01   1.05439719e+00
    1.71765760e+00  -5.57654739e-01   1.28119501e+00  -5.38116248e-01
   -6.64545437e-01   1.37824251e+00   2.30489294e-01   1.45927685e+00
   -2.03554063e+00   3.99607679e-01  -6.60522714e-02  -9.68292559e-01
    1.69523736e-01 
   -6.32642629e-01   6.96038017e-01  -1.79681054e-01  -2.38229456e+00
   -1.88755694e+00  -8.90282713e-01   2.94890118e-01   3.02859065e+00
   -7.08849093e-01   7.81614725e-01  -7.88580809e-01   1.86085232e+00
   -5.68401981e-01  -2.67741654e-02  -7.09116653e-03   2.11929408e-02
   -6.26279374e-01 
    2.09050889e+00  -1.02351779e+00   5.86421148e-01   1.59552569e+00
    1.02225813e+00  -3.59749715e-02  -1.40510167e+00   4.03961588e-01
    4.04682262e-01  -6.34678682e-01  -4.42447397e-01  -4.24019830e-01
   -2.17576460e+00   2.05813766e-01   5.99375045e-01  -4.36607528e-01
   -2.23776382e-03 
    7.53995899e-02  -1.19443123e+00   9.24703079e-01  -4.01796807e-01
    2.36987213e-01  -1.86228458e-01  -2.65291974e+00   3.20289874e-01
   -1.46849536e+00   1.03012865e+00   2.53190403e+00   5.15691833e-01
   -1.76384435e-01   1.03316259e+00  -4.52015758e-01  -2.99170457e-01
   -8.59178397e-01 
   -1.91571916e-01  -2.07256859e-01  -7.42810625e-01   3.93475441e-01
    1.79042249e+00  -1.55621818e+00   8.21633905e-01   3.68122164e-01
    9.05957161e-01   1.43008184e+00  -1.87887916e+00  -1.65974409e+00
   -4.14235048e-01   6.22902545e-01  -1.83909338e-01  -1.56765002e-01
   -3.82141460e-02 
    5.61400356e-01  -1.99574617e+00   2.32956792e-01   2.20332742e+00
   -1.86330242e+00   9.20756710e-01   1.42247994e-01  -3.10221844e-01
   -1.55103175e+00  -4.40185695e-02  -1.81451863e-01  -6.71796768e-01
    5.60773760e-01   1.97872128e+00  -1.41974257e+00  -1.69596115e-02
    5.42997606e-01 
    1.16137392e+00  -9.56303411e-01   5.53241373e-02   7.12420355e-02
   -9.64513090e-02   4.41260176e-01   2.68150216e+00  -2.46474779e+00
   -1.34649309e+00  -5.06645294e-01  -2.46228438e-01  -8.90942568e-01
    1.39039615e+00  -1.43559906e+00   5.87804422e-01  -4.04941569e-02
    3.96365767e-01 
    1.26710812e+00   5.67620291e-01  -2.49527040e+00  -3.25830282e+00
    3.19018949e-01   1.58686534e-01   1.00537765e+00   1.55042617e+00
    5.69648780e-01  -3.30488887e-01  -1.03809061e+00  -5.72682074e-01
   -2.23366883e-01   1.88384916e+00  -5.08149224e-01   6.58060054e-01
    3.94426044e-02 
   -1.20582107e+00   2.34710687e-01   7.18832076e-02   1.62728301e-01
    7.49725366e-01  -7.36156298e-01  -2.33280197e-01   5.24495451e-02
    1.22279563e+00  -6.03221695e-01   7.54089436e-01  -1.89412912e-01
    6.23045394e-01  -6.28455676e-01  -3.41477838e-01   7.61997786e-01
   -4.44628793e-01 
   -2.67952518e-02  -1.61260771e+00   1.38586050e+00  -5.33161235e-01
   -2.14521479e+00   4.95850896e-01   2.44828812e-01   1.36920133e+00
    4.80794733e-01   1.58559926e+00  -1.57869180e+00  -6.39473882e-01
    3.76251270e-01  -9.86043375e-01   4.70709465e-01   4.97281825e-01
    8.61069413e-02 
   -1.21756549e+00   5.96298191e-01  -9.40350530e-01   1.53840747e+00
   -5.62080031e-01   1.72900139e+00   2.62655731e-01  -1.06519905e+00
   -4.47092808e-01  -1.65768483e+00  -6.97769207e-01   5.11682730e-01
    1.45579894e+00   4.96425737e-01  -1.96890871e-01  -1.34355229e+00
    3.80016975e-01 
    1.36196406e-01   2.17912254e+00   1.09834431e+00  -1.83114105e-02
   -3.62105085e-01  -3.53011535e+00   7.49937109e-01   2.62505956e+00
    1.24847409e+00  -1.38555743e+00   5.39219285e-01  -8.99396728e-01
   -6.63808928e-01  -3.26522253e-01   3.70842541e-01   5.09154010e-02
   -1.84936439e-01 
   -2.26839866e+00   5.37941091e-01   1.39131658e+00  -5.87820751e-01
    1.39523747e+00  -7.65076064e-01  -2.69424963e-01  -6.11683752e-01
    1.63610106e+00  -1.15346458e+00   3.02902736e-01  -1.56950340e+00
    4.90145572e-01   6.88272849e-01  -8.72847149e-01  -1.36329211e-01
    5.97284736e-01 
   -5.33840551e-01  -5.35148871e-01   7.50596623e-01  -1.07521047e+00
    1.80460180e+00  -1.35028453e+00   2.10360471e-01   1.81091555e+00
   -1.96362004e+00  -6.82808691e-01   9.74221075e-01   5.82769440e-01
    6.83616643e-01  -5.90493719e-01  -2.70122135e-01  -3.26275100e-01
   -2.78841643e-01 
   -1.42714879e+00   6.75826891e-02  -1.07605727e+00   1.77027838e+00
   -1.02589838e+00   8.64939975e-01   4.57467203e-01  -7.47499802e-01
    1.40416545e+00   1.64715781e+00   1.27775812e+00  -1.60173093e+00
    6.19999246e-01  -1.15182985e+00   4.12903941e-01  -7.19360383e-02
   -4.97780033e-01 
    1.52426866e+00   1.20425896e+00  -1.39756616e+00  -5.63839709e-01
   -2.60437084e+00  -6.74534442e-01   7.44183561e-01   3.50299011e-01
    1.03739247e+00  -2.37432802e+00   2.01861541e+00  -2.82889929e-01
   -6.70265812e-03  -1.40576647e-01  -5.66533143e-01  -1.95772662e-02
   -1.91029689e-01 
    1.11995907e+00  -9.18464247e-02  -1.33431212e+00  -2.76750346e-01
   -9.59459430e-01  -3.77519692e-01   1.97256743e+00  -2.77408415e+00
    8.30397535e-02  -4.41578062e-01   5.94317424e-01   1.06713444e+00
   -1.06854659e-01   1.15068415e+00   8.93526064e-01   3.56042181e-01
   -6.18744560e-01 
   -8.34382198e-01  -7.98440068e-01   1.65977296e+00  -1.66887706e-01
    1.18766327e+00   1.26951922e+00  -2.14207741e+00  -3.61964078e-01
    1.72181822e-01  -6.28710562e-01  -2.28127784e+00   6.02139133e-01
    1.34455910e+00  -9.09583700e-01   1.52727581e-01   1.82838391e+00
   -1.63299383e-01 
   -7.16836017e-01   2.15897992e+00   1.21983149e+00   3.79319438e-03
   -6.74621356e-01   1.99491024e+00  -4.84614892e-01  -3.41173325e-01
   -1.11841764e+00  -1.15153169e+00  -5.49453305e-01  -3.47708201e-01
   -8.77481362e-01   5.42407362e-01  -1.18727179e-01   3.88019941e-01
   -4.27914951e-01 
   -3.02279711e-01  -1.48168051e+00  -6.46940620e-01   2.02273709e-01
    6.72595288e-01   2.15000360e+00  -7.32582438e-01   6.66537467e-01
    4.42799762e-01  -1.78988514e+00   1.06246511e+00  -1.92798974e-02
   -1.10904975e+00   3.94234311e-02   1.68351025e+00  -1.05230547e+00
    2.99430687e-01 
   -1.70348439e-01   1.53499154e+00   5.85223575e-01  -4.64295874e-01
    4.62676870e-01  -1.03078268e+00  -2.11494418e+00  -1.52223042e+00
    7.43934793e-02  -5.05640520e-01   1.74452981e-03   6.17509415e-01
    5.30700972e-01   3.34522156e-01  -9.18769157e-02   7.72443537e-01
    1.41632766e-01 
   -1.20840984e+00   1.40350654e-01   2.26913911e+00   1.38013478e+00
    1.01077551e+00   2.68654854e-01  -1.18841332e+00  -9.02280387e-01
   -3.59903857e-01   6.84891657e-01  -1.47071148e+00  -1.12652744e+00
   -1.13947605e+00   1.06191273e+00   9.59192660e-01   6.88838088e-01
    3.02815335e-01 
    1.15858218e+00   7.80457681e-01  -7.38085560e-01  -2.80346095e-01
   -6.50079514e-01  -2.22035827e-01  -8.06601251e-01  -2.25195373e-01
    1.28502658e+00   1.10450048e+00  -1.68446400e+00  -1.25604564e+00
   -3.19825896e-01  -1.32783485e+00   1.98043860e+00   3.45326066e-01
   -4.41838968e-01      2.68453408e+00  -5.10849269e-01  -1.15580629e-01  -1.71995691e+00
   -4.20521264e-01   4.56839196e-01  -2.94842779e-01  -7.45842547e-01
    4.36689730e-01   1.16108025e+00   5.15480533e-01  -2.41635403e+00
   -9.25701537e-01   9.15427910e-02   4.57879888e-01  -1.46244539e+00
   -5.76816422e-01   3.54669366e-01   5.51090248e-02   8.01052325e-01
   -4.21798577e-01   2.41484045e+00   4.41688631e-01   1.87006752e+00
   -2.34660231e+00  -1.07792952e+00   5.02625934e-01  -1.52365033e-01
   -1.98239229e-01  -3.89695485e-01   7.37901162e-01  -1.66630760e+00
   -2.68378889e-01 
    5.10675670e-01   1.82429750e-01  -4.17480788e-01   3.46812217e-01
    9.77554980e-01  -2.74232909e-01  -1.34089630e+00   9.49563974e-01
   -2.16695961e+00  -5.04644866e-01  -7.78328593e-01   3.02817313e-01
    1.50280343e+00   1.23503499e-01   1.87495019e+00   4.96637863e-01
    1.16466200e-02  -5.89365696e-01   1.90980616e+00  -1.72278720e+00
   -1.70541187e+00   3.45026690e-01   1.33898289e-01   3.67825870e-01
   -1.57284142e+00   1.96129790e-01   8.34962482e-01  -3.32223806e+00
    1.30222510e+00  -1.48398798e+00  -4.51469479e-02  -1.19678710e+00
    1.25389020e-01 
    8.30535567e-01   2.35459718e-01   2.47349272e+00   5.48946223e-01
   -1.98039323e+00  -7.73583220e-01  -1.13765810e+00  -9.57008676e-01
    1.45469097e+00   1.10250203e+00   1.88147889e-01  -2.37394370e-01
   -1.66665308e+00   4.31346673e-01  -2.81664202e-01  -1.11604592e+00
    2.13100659e+00  -3.30833786e-01  -1.20116798e+00   1.08069443e+00
   -1.27358589e+00  -1.90811983e+00  -8.57895860e-01   1.13544753e+00
    1.13172250e+00   1.15829932e+00  -1.88849271e+00  -9.32672527e-01
    1.53526896e+00  -5.92808340e-01  -2.68686318e+00   7.30003721e-01
   -4.63858522e-01 
   -8.71465253e-01   7.96624391e-01  -1.24546557e+00  -8.17469670e-01
    1.35445689e+00   1.07893606e+00   1.24208504e+00   3.38518927e-01
    2.01672749e-01  -9.00154025e-01   2.03444408e+00  -2.31536738e+00
    7.20165198e-01  -1.01703135e+00  -2.96131417e+00   6.72369863e-02
    3.66571612e+00  -3.34971647e-01   9.50440344e-01  -1.58620895e+00
   -1.31742125e+00   6.72728696e-01   8.91781215e-01  -2.51247566e+00
    2.31171417e-01   4.83900224e-01   3.71082954e-01   2.50026478e-02
   -2.05284865e-01   3.40298522e-01  -1.79828347e+00  -2.71243060e-01
   -9.79386542e-02 
   -1.20662160e+00  -9.57968295e-01  -1.87921490e+00   2.38360591e-02
    1.68030908e-01  -2.07581530e-01   3.62376492e-01  -9.61148198e-01
   -5.00662204e-01  -2.56413063e+00   1.26256785e+00  -3.15073339e-01
   -3.98752652e-01  -2.27085670e+00   2.29830047e+00  -9.94280915e-01
   -1.84012127e-02  -1.41068325e+00   2.61727768e+00   7.27800610e-02
    1.47193647e+00  -1.14101305e+00  -2.65115347e+00   1.96552644e+00
    1.64986713e+00   1.43782397e+00  -1.38572887e+00  -4.44337130e-01
   -1.13237156e+00  -7.36571227e-01  -8.69347571e-01   8.93070935e-01
   -1.59135574e-01 
   -1.67320887e-01  -3.90064236e-02   6.45360695e-01   9.03859570e-01
    8.21445927e-01  -5.80982554e-01  -3.78939205e-01  -3.34958841e+00
    9.00532500e-01   3.71193284e-02   2.81094644e-02  -2.20654443e-01
   -5.59061321e-01   1.91259817e+00  -9.06954658e-01  -1.66837552e+00
   -8.71461023e-01   2.69643906e-01  -3.68815830e-01  -2.67355948e+00
    4.20238107e+00   4.53163980e-01   4.45374678e-01   3.43894874e-02
   -2.08576788e-01   5.43151693e-01  -1.64208116e+00  -1.41550842e+00
   -3.14339870e+00   6.45069221e-01  -3.23782961e-01   9.98788351e-03
    5.30920549e-02 
    4.49371166e-01  -3.73615606e-01   5.03749583e-01  -1.20621063e+00
   -4.34279151e-01  -1.05329110e+00   1.54982814e+00   9.28073941e-01
    6.72803556e-03  -2.19030701e+00  -3.79946255e-01   1.77151697e+00
    3.29027734e+00  -1.46130596e+00  -1.05958154e+00  -3.55615428e+00
   -9.45850994e-01   1.71303569e-01  -5.21710058e-01   4.43515286e-01
   -8.02547052e-01  -3.02991244e-01  -3.74812987e-01  -5.95940909e-01
   -1.76981885e+00  -1.43016626e+00   1.15997766e+00   4.67574378e-01
   -4.22839513e-02   2.73336022e+00   4.12074465e-01   7.15591484e-01
   -1.83942348e-01 
    3.83366131e-02  -8.93586977e-01   1.77436260e+00  -6.18288402e-01
    1.17547485e+00  -3.87035451e-02  -9.14039792e-01   3.22796475e-01
    6.14490162e-02   2.91179887e-01  -3.77733922e+00  -1.92042445e-03
   -4.80891336e-01  -8.01104092e-01  -4.46768961e-01   2.00230694e+00
   -1.91330734e+00  -6.03015840e-01  -2.30283757e+00  -9.27048005e-02
   -2.27131541e+00  -2.81063215e-02  -2.55289683e+00   2.18854734e-01
   -2.64607711e-01   2.58538228e+00   6.74933529e-01   5.94548358e-01
   -1.54660562e+00   1.25352669e+00   8.18754167e-01  -2.91590414e-01
   -4.49185877e-01 
   -1.59652051e+00   1.90442229e+00   9.27825600e-01   9.65775678e-01
   -1.80371356e+00  -1.96662348e-01   1.08934576e+00  -1.97458904e+00
    1.75034234e+00   7.89910185e-02   4.23205150e-01  -1.34718001e+00
    9.64672383e-01  -1.35090353e+00   1.81193557e+00   1.37601098e+00
   -9.09128263e-01  -1.66865357e+00  -4.05119675e-01   4.06798164e-01
   -1.28739882e+00  -1.41006007e+00   1.88449811e+00  -1.54670799e+00
   -1.20374073e+00  -6.69629275e-01  -7.56354497e-02   7.58933965e-01
   -1.08279924e+00  -2.02679166e-01   1.09371227e+00  -1.42270114e+00
   -4.92130844e-01 
    6.96854041e-01  -5.49828512e-01  -4.58841575e-01  -1.04545107e+00
   -2.18284239e-01  -2.85677762e-02  -8.43817456e-01  -2.24907739e+00
   -2.11692755e+00  -1.90496026e+00  -1.76712641e+00   1.30620257e+00
   -1.72065366e+00  -1.33583017e+00  -1.84419953e-02  -1.24023331e-01
    6.74515052e-01   7.29342480e-02  -1.93601341e+00   1.83908121e+00
    9.16339178e-01   1.17577312e+00   8.17230738e-01  -2.41469248e+00
    2.34474128e+00  -2.91810798e-01   1.27637460e+00  -5.00900261e-02
    1.90544633e+00   2.04559000e-01   1.11333083e-01  -1.33201094e+00
   -2.58819095e-02 
   -5.71951785e-01  -1.97328155e+00   1.51471512e-01   6.60549798e-01
   -4.78719962e-01   7.34343724e-01  -8.46242072e-01  -2.09383237e+00
   -1.07862651e+00  -1.26093204e-01   9.09247813e-01   7.57028369e-01
   -2.50617404e+00   1.81609160e+00  -3.21748308e-01   1.58207207e-01
    8.10154792e-01  -1.02594766e+00   7.67447140e-01   1.31548125e+00
   -5.83939053e-01  -8.50446168e-01  -1.09553544e+00  -2.22519543e+00
   -1.82388992e+00  -1.56942890e+00   2.74928430e+00   6.58967828e-01
   -8.99950213e-01  -4.75175788e-01   1.25681044e+00   2.00410528e+00
   -2.01333247e-01 
   -1.43789881e+00   3.29215913e+00  -9.14569050e-01  -2.30201547e+00
   -1.79011448e+00  -8.19350863e-01  -1.00438744e+00   3.33754011e-01
    8.98174535e-01  -1.95703351e+00  -2.27669413e+00  -3.34890824e-02
   -9.44441952e-01   1.35668244e+00   3.08543050e-01   1.33045622e+00
   -6.80489795e-01  -4.28679004e-01  -7.61767346e-02  -6.24949238e-01
    8.06750968e-01   1.70298451e+00  -4.34046422e-01   7.04702383e-01
    1.05511437e+00  -1.77451893e+00  -1.20302948e+00  -2.29045476e-02
    6.37863142e-01  -7.66135609e-01   7.77606397e-01   9.69037354e-01
   -4.03122878e-01 
   -4.87316730e-01  -6.19685149e-01  -2.35273444e+00  -1.73740824e+00
   -1.81473806e+00   6.98383379e-01   2.56708927e-01  -2.18910231e-01
   -3.72458913e-01   2.35380804e+00  -9.79235615e-02   1.93485887e+00
   -1.06860576e+00   2.35281697e-02  -1.69072577e-01  -1.17086045e+00
   -9.54253285e-02  -9.89587003e-01  -2.35670618e-01  -1.05151438e+00
    5.35837608e-01  -4.35638581e-01  -7.70364592e-01  -6.83212592e-01
    1.02275275e-01  -3.67754804e-01  -1.39937605e+00   4.23862366e-01
    1.28069092e+00  -1.03617497e+00   1.56295090e+00  -3.85310142e-01
   -1.87795060e-01 
   -2.86753162e-01  -7.35601718e-01   5.61364589e-01   1.57406167e+00
   -1.90137017e+00   9.82883589e-01  -1.77454941e-01   7.11047009e-01
    7.95163028e-01  -5.97887489e-01  -8.53591929e-01   2.34877927e-02
   -1.48077136e+00  -5.46459706e-01  -2.19107194e+00   1.56888065e+00
   -2.42097138e+00   1.96621766e-01   8.00803876e-01  -6.42235143e-01
    5.43487879e-01  -6.36645972e-01   1.13122321e+00   2.17806729e-01
    3.41406231e-01  -1.85268355e+00   8.65598331e-01  -1.12168834e+00
    2.37254981e-01  -8.06288759e-01  -6.83496165e-01   5.72248115e-01
   -3.38857182e-01 
   -7.41018073e-01   1.44040800e+00  -1.30374258e-02  -1.00926280e+00
   -1.06271408e+00  -1.70178789e-01   8.12496210e-01   9.78884832e-01
   -4.47964224e-01  -1.23563466e-01  -5.65192386e-01  -7.03453264e-01
    2.25533440e-01   3.32758280e-01   1.07847030e+00  -9.83383182e-01
    4.84957754e-01   9.94108568e-02  -8.27037761e-01   2.79982445e-01
   -3.65627007e-01   7.06045719e-01  -6.18688105e-02  -3.48484738e-01
    8.38352276e-01  -1.30828600e+00  -5.68015431e-01  -1.66074133e-01
   -1.34635105e+00  -4.77181254e-02  -1.42507703e+00  -2.02175254e+00
   -8.04641112e-01 
   -3.41265281e-01  -1.17746904e+00  -1.59473532e+00   1.04527793e+00
    9.53660433e-01   6.67615149e-01  -5.20138606e-01  -4.09016609e-01
    1.04085926e+00   9.70998886e-01  -8.59520346e-02   3.93003518e-02
   -4.92117585e-01   2.07959044e-01  -7.84717675e-01   9.66453894e-02
   -1.11811848e-01  -1.22465191e+00  -6.69766569e-01   1.20482303e+00
   -7.72639447e-01   3.42730412e-01   3.67272250e-02  -1.16741587e+00
   -5.29197050e-01  -1.16841366e+00  -1.28856452e+00  -3.35491796e-01
    7.33699509e-01  -4.86135706e-01  -7.63556912e-01  -3.84162725e-01
   -1.93746331e-01  