NN 16 32 16   -4.07093819e+00  -1.07142706e+00   1.50513582e-01   5.58532458e-01
    2.67358487e+00  -9.47680805e-01  -2.22085467e+00  -2.15797944e+00
    3.62948335e+00  -1.29239612e+00  -2.05083199e-01   2.96165535e-01
    1.01054672e+00  -1.32787102e-01   3.79075466e-01  -5.58724084e-01
   -8.38123711e-01 
    7.71774723e-01  -6.39069530e-01  -3.67390960e-01   7.41335851e-02
    9.15491650e-01  -2.38084867e-01   3.79732248e-01   3.75226649e-01
   -2.84085149e+00   7.63885939e-01   2.31943702e+00  -4.15928604e+00
    8.94296592e-01   7.31924625e-01  -2.32877992e+00   1.40065620e+00
    6.69480766e-01 
   -1.09930646e+00   2.11961450e-01  -2.44836688e+00   8.56674224e-01
    3.01263569e+00  -1.91583287e+00  -7.52582571e-01  -8.62278767e-01
   -9.09741909e-01   8.03163230e-01  -4.61676683e-01   2.66887329e-01
    1.53972338e+00  -5.97743581e-01  -1.99008251e-01   2.22353196e+00
    2.62180224e-01 
    1.75074958e+00  -8.93896662e-01  -1.39675530e+00   1.08798336e+00
    2.00311789e-01  -1.11571902e+00   8.48100915e-01  -5.01537928e-01
   -1.72926076e+00   8.34298714e-01  -1.57343901e+00   1.79711599e+00
    1.77632755e+00  -1.71700548e+00   1.25894142e+00  -2.03296081e+00
   -1.85957649e-01 
   -1.15558002e-01  -1.80136864e+00   1.46000135e+00  -1.36517976e+00
   -6.08077126e-02  -7.23522198e-01  -1.55424664e-01  -2.15718271e+00
    1.24599878e+00  -5.44134071e-01   1.31859495e-01   2.10746012e+00
    1.57207879e+00   2.28716276e+00  -1.93426539e-01  -1.50349917e+00
   -7.05825565e-01 
   -4.50688806e-01   1.25427956e+00   2.00436851e+00  -1.28408988e+00
    7.82720311e-01   1.16660266e+00   2.12299448e+00  -4.87059813e-01
   -3.28208713e-02  -2.22161131e-01  -2.20631428e+00   4.86359944e-01
   -8.63931371e-01  -1.48313099e+00  -4.77795217e-01  -1.08729487e-02
    1.10881196e-01 
    1.04371333e+00   1.64321315e+00   1.63611861e+00  -2.03138471e+00
   -1.45576101e-01   3.25345850e-01  -2.11490292e+00   1.57118518e+00
   -5.20859104e-01   5.85351118e-01   8.92988025e-01   1.51882541e-01
   -1.37811809e-01  -4.78605613e-01  -1.46150449e+00   8.16885309e-01
   -7.51203117e-01 
    8.26239405e-01  -1.35712180e+00   1.43597238e+00  -5.61310537e-01
    5.93591643e-01   4.28737541e+00  -2.25500883e+00  -2.21204163e-01
    2.68121771e+00   2.49139789e+00   2.78835510e-01  -3.90786864e-01
   -6.41142457e-01  -2.84689117e+00  -1.48752568e+00  -1.54768140e-01
   -7.03300210e-01 
    7.25479499e-02   2.81463104e+00  -7.26429558e-01  -1.11574175e+00
    6.80057544e-01  -1.24920606e+00  -1.29057915e+00  -1.76003452e-01
   -1.74568882e+00   2.46994053e+00   1.47781819e+00  -1.16534804e+00
    1.01314835e+00  -1.90538394e+00   1.50524491e+00  -1.73410208e+00
   -1.31633994e-01 
   -1.29022279e+00  -2.19404447e-01  -6.31392774e-01   1.13931489e+00
    1.82444759e+00  -9.08626046e-01   1.36051701e+00  -6.31079448e-01
   -1.14659299e+00   8.88282335e-01   9.65580000e-01   2.30635685e+00
   -2.90954142e+00   5.06228652e-01  -7.55375081e-01  -1.29330622e+00
    4.60554845e-01 
   -6.78329311e-01   6.02143997e-01   3.07940889e-02  -2.79391988e+00
   -2.49331842e+00  -1.44047288e+00   1.16371172e-01   4.47248341e+00
   -1.37215100e+00   5.81638668e-01  -3.42322080e-01   3.22932823e+00
   -1.13233002e+00  -3.82813964e-01  -4.70998620e-02   9.91684806e-02
   -5.71635270e-01 
    3.23536533e+00  -7.66084045e-01   2.54089724e-01   2.06122294e+00
    1.64586972e+00  -7.37568253e-01  -1.20188521e+00   6.82149305e-01
    3.66125040e-01  -1.22922576e+00   6.09480969e-01  -4.95883240e-01
   -3.08047017e+00   5.58924766e-01   1.20778914e+00  -1.06193135e+00
   -2.39977750e-01 
   -1.66908094e-01  -2.59973733e+00   1.69192736e+00  -3.66407063e-02
   -9.63112198e-02   3.36080207e-01  -3.42822485e+00  -3.95783955e-01
   -1.84118002e+00   1.19438967e+00   3.12205667e+00   3.69583342e-02
   -4.72165145e-01   1.29666323e+00  -5.15494563e-01  -7.50760536e-01
   -1.32135061e+00 
   -6.76504201e-01   4.87175774e-01  -4.97306560e-01   1.03367287e-03
    2.30704835e+00  -2.16859203e+00   1.06287443e+00   1.16121094e+00
    1.02575628e+00   1.54507252e+00  -2.39178595e+00  -1.66802023e+00
   -1.23336755e+00   2.14870713e-01  -4.88384679e-01  -1.69583656e-01
   -2.05757592e-01 
    1.79517712e+00  -1.89715355e+00   8.31084539e-01   3.14853117e+00
   -2.28180039e+00   5.83340510e-01   5.01626967e-01  -1.02391557e+00
   -1.51267160e+00  -6.27991740e-03  -5.38636566e-01  -2.19901158e-01
    7.75295312e-01   2.45107610e+00  -2.23488576e+00  -1.83019390e-01
    6.18861067e-01 
    1.60401209e+00  -1.25654098e+00  -3.93905557e-01   1.61815771e-01
   -1.92279970e-01  -2.81070921e-01   3.21313581e+00  -3.06031909e+00
   -1.07797482e+00  -1.13453957e+00  -5.00718876e-01  -9.02773934e-01
    1.14829593e+00  -2.06549948e+00   9.17391686e-01   6.44869269e-01
    5.29597014e-01 
    1.58980012e+00   8.48726830e-01  -3.03630583e+00  -4.50083321e+00
    1.25074034e+00   9.90669368e-02   5.96005231e-01   1.61800457e+00
    7.93104046e-01   4.21563730e-01  -7.64564842e-01  -1.27650550e+00
   -2.92049736e-01   1.65574405e+00  -4.91679462e-01   1.31701614e+00
    3.74573512e-01 
   -1.62279570e+00   5.53107598e-01  -2.09701754e-01   3.40524638e-01
    7.14084145e-01  -1.96156156e+00   3.16517399e-01   2.98853608e-01
    1.43388696e+00  -1.05513574e+00   1.36294135e+00   3.58096558e-01
    8.43802107e-01  -1.15727709e+00  -7.79497658e-01   1.22619136e+00
   -7.44231677e-01 
   -2.42628846e-01  -2.41495472e+00   2.16342984e+00   1.86055721e-03
   -2.54458176e+00   2.21073225e-01  -2.06070929e-01   1.61689364e+00
    2.11780174e-01   1.69898577e+00  -1.77345592e+00  -6.32247478e-01
    5.41377820e-01  -1.12922101e+00   6.05005532e-01   6.28284530e-01
    8.84314397e-02 
   -1.40748767e+00   4.75122468e-01  -8.64499199e-01   2.40285344e+00
   -7.60562275e-01   1.91412905e+00   1.16501820e+00  -1.71290818e+00
   -1.03410343e-01  -1.81792012e+00  -4.52516335e-01   7.26481523e-01
    1.74714504e+00  -1.73714615e-01  -3.29544977e-01  -2.49782854e+00
    3.22201942e-01 
   -2.16720729e-01   2.78976487e+00   1.22483172e+00  -5.25370753e-01
   -2.81266361e-01  -4.84945272e+00   1.16150174e+00   3.67512568e+00
    1.32178239e+00  -2.62018171e+00   7.35852248e-01   3.53083152e-02
   -4.22160567e-01  -8.62799046e-01   8.25007729e-01  -3.76526960e-01
   -2.90919486e-01 
   -2.75081585e+00   8.44063227e-01   2.15167337e+00   1.62628840e-02
    1.68210327e+00  -1.04729132e+00  -1.59450836e+00  -1.75975635e-01
    2.32944803e+00  -1.14612222e+00   3.16425638e-01  -1.80626487e+00
    4.43418731e-01   5.31513919e-01  -1.18959264e+00  -4.57806315e-01
    6.69469441e-01 
   -2.73613098e-01  -6.90697005e-01   5.79442029e-01  -8.44095368e-01
    2.37302242e+00  -1.13921057e+00   1.51091204e-01   2.49428716e+00
   -2.75294180e+00  -9.22008951e-01   1.33406360e+00   9.57195047e-01
    2.69842180e-01  -8.93699481e-01  -5.56160348e-01  -1.31472446e+00
   -4.31387736e-01 
   -2.06981639e+00   1.87507771e-01  -1.34689268e+00   2.06347061e+00
   -9.73055850e-01   1.11321373e+00   8.86301406e-01  -7.87441391e-01
    9.85743697e-01   1.41016433e+00   1.90657844e+00  -1.66862416e+00
    9.06730010e-01  -1.43030339e+00   5.85682216e-01  -3.91085645e-01
   -6.71454614e-01 
    2.15297316e+00   1.75551533e+00  -2.31437907e+00  -1.23555668e+00
   -3.77184341e+00  -1.57060161e+00   8.81213233e-01   6.14925517e-01
    1.47597979e+00  -2.28999101e+00   1.89150064e+00  -1.95287023e-01
    7.92882682e-01  -3.60578846e-01  -7.60672610e-01   1.79029975e-01
   -1.26576723e-01 
    1.88064241e+00   4.33631313e-01  -2.19588086e+00   1.25186662e-01
   -1.00998076e+00  -6.65602709e-01   2.92076309e+00  -3.08870303e+00
   -2.14879509e-01  -2.00545306e-01   2.98631498e-01   8.93424681e-01
   -1.29025874e-01   1.39666904e+00   7.67652466e-01   1.37527967e+00
   -4.55407383e-01 
   -7.09222099e-01  -2.91895920e-01   2.07329080e+00  -3.52440169e-01
    1.94049989e+00   2.00033183e+00  -3.43901956e+00   3.02931131e-01
    3.64018089e-01  -9.62389835e-01  -3.49739104e+00   7.69483135e-02
    2.07603201e+00  -1.50749122e+00  -1.38501478e-01   3.30847118e+00
   -2.85243600e-01 
   -6.02705418e-01   3.09001582e+00   1.16421498e+00   2.19172442e-01
   -1.40036791e+00   1.84531267e+00  -8.22976029e-01   1.77850059e-01
   -9.19123149e-01  -2.46180742e+00  -1.30052678e-01   3.05952628e-02
   -9.39601606e-01   6.65471038e-01  -1.03839065e-01   7.89395719e-01
   -6.10864469e-01 
   -2.12089900e-01  -9.96559140e-01  -1.33289227e+00   7.55962443e-02
   -1.70504300e-01   2.64899411e+00  -6.98519703e-01   7.92043546e-01
    2.49198447e-01  -2.97253148e+00   1.12728215e+00  -2.82094260e-01
   -1.56550642e+00   1.23219362e-02   3.33008570e+00  -1.63698534e+00
    6.92114028e-01 
   -2.34701101e-01   2.72698766e+00   7.96522885e-02  -9.77157921e-01
    9.74688461e-01  -1.71447323e+00  -2.64699021e+00  -1.08036173e+00
   -6.18032236e-01  -9.92812422e-01  -1.93989426e-01   9.30531243e-01
    7.73111086e-01   5.18756891e-01   2.59196040e-01   1.00098287e+00
   -1.47466363e-01 
   -8.75657322e-01   9.21292850e-02   3.26004754e+00   1.57339630e+00
    7.99546617e-01   4.48503296e-01  -2.14634473e+00  -1.50569167e+00
   -8.29439075e-01   5.81255475e-01  -2.22180924e+00  -1.53314171e+00
   -1.94832238e+00   1.75468845e+00   1.80265859e+00   1.16512657e+00
    1.97601903e-01 
    1.58834220e+00   1.00977015e+00  -1.14976221e+00  -2.10717447e-01
   -9.60602959e-01  -9.10369261e-02  -4.56420626e-01  -5.78797817e-01
    1.84844487e+00   1.79829802e+00  -2.42835045e+00  -2.14647796e+00
   -4.88852947e-01  -1.85647335e+00   2.50810034e+00   8.58636166e-01
   -5.65771592e-01      3.72876857e+00  -1.10673524e+00   5.05390350e-01  -2.05677130e+00
   -9.32701263e-01   1.49086156e+00  -8.01453816e-01  -1.21122252e+00
    4.30403566e-01   6.14640846e-01  -4.76172806e-02  -3.27108278e+00
   -7.92889670e-01   6.76814231e-01   1.04697235e+00  -1.49297356e+00
   -1.31108558e-01   6.52806994e-02   1.61377069e-01  -5.65739505e-02
   -2.13555882e-01   1.81024287e+00   7.84003397e-01   2.08487793e+00
   -1.34510580e+00  -8.59538473e-01   3.19424846e-01  -1.31777114e-01
    7.69990191e-02  -1.78187270e-01   1.43271680e-01  -1.20136892e+00
   -1.32696378e-02 
    5.63950844e-01   4.26415044e-01  -3.46745400e-01  -3.39828247e-01
    1.14512919e+00  -3.54229320e-01  -1.37796799e+00   8.49218551e-01
   -2.01792705e+00  -2.93048178e-01  -9.04345283e-01  -5.40133809e-02
    1.07759655e+00  -1.49294111e-01   1.53108261e+00   5.89868028e-02
   -7.32644000e-02  -1.19739734e+00   1.98976086e+00  -2.07250122e+00
   -1.44467019e+00   2.04735691e-01   2.58162154e-01   4.14873376e-02
   -1.31414041e+00   7.83353646e-01   6.64294483e-01  -4.57604846e+00
    1.41032618e+00  -1.68157537e+00   1.78137124e-01  -1.16620560e+00
    2.95015961e-01 
    5.73071892e-01  -7.28654865e-02   2.86064262e+00   1.22593212e+00
   -1.84463652e+00  -2.03149899e+00  -1.25584649e+00  -8.41554877e-01
    1.22794232e+00   1.00184649e+00   3.55934935e-01   6.01209886e-01
   -2.03975745e+00  -4.22929426e-02  -4.00365057e-01  -1.23601755e+00
    2.16457408e+00   3.06392698e-02  -1.35220468e+00   1.43380969e+00
   -1.29531017e+00  -2.50977089e+00  -9.23899331e-01   1.20696087e+00
    1.26105721e+00   6.71285657e-01  -2.57777824e+00  -4.76940253e-01
    2.31399740e+00  -1.45620352e-01  -2.23777411e+00   8.99968171e-01
   -3.40113689e-01 
   -1.51482777e+00   3.40542192e-01  -1.50586601e+00  -1.07313828e+00
    1.86149606e+00   1.19219605e+00   1.21329149e+00   2.31584185e-01
    6.06077741e-01  -9.07595553e-01   2.88038427e+00  -2.00663321e+00
    2.98133655e-01  -8.91859014e-01  -3.19952098e+00   2.43621530e-01
    3.92624641e+00  -2.36080126e-01   3.42504355e-02  -2.31128365e+00
   -1.13258249e+00   4.93402889e-01   7.75037913e-01  -2.82944823e+00
    5.96845511e-01   4.95780906e-01   8.02323733e-02   8.03993914e-02
   -2.01215430e-01   2.04516433e-01  -1.64528751e+00  -4.00943809e-01
   -1.92854626e-01 
   -2.03333080e+00  -1.17324902e+00  -2.27869626e+00  -5.83092050e-01
   -2.65563673e-02  -4.72076190e-01  -5.87601093e-02  -1.03014186e+00
   -2.23767211e-01  -3.08852594e+00   1.48389346e+00  -6.35600316e-01
   -2.09586342e-01  -2.58777443e+00   2.99196823e+00  -1.80097816e+00
   -5.26464679e-02  -1.64901246e+00   2.59145532e+00  -3.66387218e-01
    1.13872390e+00  -1.21529678e+00  -3.41486055e+00   2.22370980e+00
    1.85512604e+00   1.25415459e+00  -1.58357894e+00  -7.10333510e-02
   -2.13370938e-01  -1.11493600e-01  -1.19235860e+00   1.95548240e+00
   -1.64358085e-01 
   -1.62444224e+00  -2.83299075e-01   7.30320048e-01   3.52527462e-01
    1.12460463e+00  -6.96953120e-01  -5.12826087e-01  -3.64512173e+00
    1.12488447e+00   1.25396395e-01  -2.83243770e-01   5.03680144e-01
   -9.40449336e-01   1.88635147e+00  -6.78875402e-01  -2.16776055e+00
   -1.43755680e+00   6.95024187e-01  -1.44883802e-01  -2.52837517e+00
    4.31676863e+00   4.70872451e-01  -1.18405136e-01  -2.49706947e-01
    5.40259432e-01   5.98037499e-01  -1.17856883e+00  -1.76119410e+00
   -3.71796189e+00   8.43877426e-01  -1.06367727e-01   3.78710655e-01
    2.59764325e-02 
    8.86595754e-01  -1.51016413e+00  -3.74334486e-02  -9.03938355e-01
   -1.63522005e-01  -2.58099295e+00   1.04516382e+00   1.01602980e+00
    6.06424292e-01  -2.10461537e+00  -6.08211847e-01   2.70193217e+00
    2.89340162e+00  -1.66476861e+00  -1.10681597e+00  -3.99823454e+00
   -8.02390375e-01   1.60368889e-02  -1.02874132e-02  -7.01300878e-01
   -8.55820559e-01  -1.30679712e-01  -4.23347651e-01  -7.33969164e-01
   -1.34051851e+00  -2.04524501e+00   9.25195429e-01   4.83181517e-01
    4.90736248e-01   2.81273690e+00   9.94970748e-01   3.00988538e-01
   -4.57382288e-01 
    1.91889055e-01  -6.00274559e-01   2.18062390e+00  -6.86405043e-01
    1.85557232e+00  -7.40074000e-02  -9.69824654e-01  -2.44138084e-01
   -1.92246694e-01   5.46866512e-01  -4.41029045e+00   1.91876792e-01
    2.21535403e-01  -1.89543442e+00  -5.70605370e-01   2.36430903e+00
   -2.48679624e+00  -4.48943136e-01  -2.34391797e+00  -2.29241133e-01
   -2.61545247e+00   1.83149977e-04  -3.03111945e+00   3.37549410e-01
   -3.32792330e-01   3.54841133e+00   3.88676964e-01   7.23281707e-01
   -1.38229170e+00   8.35758141e-01   1.13435997e+00  -1.45454442e-01
   -1.06022432e+00 
   -2.14820345e+00   2.45284552e+00   1.16279562e+00   1.54039499e+00
   -2.02807459e+00  -2.15652172e-01   1.22324006e+00  -2.40607712e+00
    2.34103829e+00   3.08264912e-01   7.76760890e-01  -1.65812242e+00
    1.07749767e+00  -1.69775680e+00   1.90034207e+00   1.27933288e+00
   -7.15163229e-01  -2.58180921e+00  -3.38317691e-01   5.50969669e-01
   -1.57887093e+00  -1.86003068e+00   2.15646630e+00  -1.29795246e+00
   -1.96699162e+00  -3.21140508e-01   6.47912155e-03   3.70975865e-01
   -1.41396244e+00  -6.48489927e-02   1.50901546e+00  -1.94877728e+00
   -5.76031244e-01 
    1.17172132e+00  -9.76492844e-01  -9.72402028e-01  -1.55600787e+00
   -1.35033768e-01   1.08723392e-01  -1.01479050e+00  -2.53513501e+00
   -2.62821392e+00  -2.64090182e+00  -1.90182499e+00   2.01758418e+00
   -2.56578486e+00  -1.44974200e+00   2.42194932e-01   1.62185984e-01
    5.76315190e-01  -7.09041105e-02  -2.27379461e+00   1.66239749e+00
    1.37319682e+00   1.28867852e+00   5.53443692e-01  -2.55565371e+00
    2.70101441e+00  -9.52867856e-01   2.11191134e+00   5.70486230e-01
    2.68404975e+00   4.70814600e-01   9.91067653e-03  -1.99191260e+00
   -4.71620868e-01 
   -3.76507855e-02  -2.95504571e+00   4.44598164e-01   9.77220955e-01
   -6.15126627e-01   1.41345310e+00  -1.19094237e+00  -2.30392677e+00
   -1.85678500e+00  -1.62394377e-01   1.21244875e+00  -3.11794569e-02
   -2.63829203e+00   1.88876301e+00  -3.55067675e-01   2.77197404e-01
    3.99703192e-01  -1.36802855e+00   1.08195960e+00   1.62979657e+00
   -7.76921836e-01  -1.36521334e+00  -1.37492908e+00  -2.89625258e+00
   -1.63459181e+00  -1.67426021e+00   3.62704253e+00   1.05746705e+00
   -1.20465252e+00  -3.42085503e-01   1.58330143e+00   2.62144311e+00
   -5.50106437e-01 
   -1.16729225e+00   4.60704351e+00  -1.40801665e+00  -2.59432932e+00
   -2.17319069e+00  -1.21298266e+00  -1.17186481e+00  -6.28827564e-02
    1.05249779e+00  -2.39540813e+00  -2.71696628e+00   4.10598227e-01
   -6.38449843e-01   1.33554623e+00  -2.69700767e-01   1.64327141e+00
   -6.82876266e-01  -5.81838124e-01  -3.03045333e-02  -8.77933406e-01
    7.63670484e-01   1.83637824e+00  -6.69823639e-01   9.72719045e-01
    4.58969694e-01  -1.66171353e+00  -1.47592693e+00  -1.10369711e-02
    1.14992920e+00  -9.36767818e-01   1.82171460e+00   1.26539169e+00
   -6.62552133e-01 
   -4.29299685e-01  -9.93164516e-01  -2.53826377e+00  -2.11396003e+00
   -2.14903624e+00   9.64001705e-01  -6.28531683e-02  -1.94470419e-01
   -7.03717639e-01   3.63941977e+00   1.15713006e-01   2.20339293e+00
   -9.80897806e-01   3.76369546e-01  -5.51890641e-01  -1.33390582e+00
   -1.23337565e-01  -1.11804504e+00  -4.46040355e-01  -1.50210023e+00
    3.09543076e-01  -3.64440009e-01  -8.99646897e-01  -7.05138142e-01
   -9.99216374e-02  -2.10870751e-01  -1.93715608e+00   4.98287677e-01
    1.59188796e+00  -1.25164659e+00   2.07504804e+00  -4.52917531e-01
   -2.24298143e-01 
   -2.46657868e-01  -7.96550909e-01   5.12117938e-01   1.98404502e+00
   -2.38674617e+00   1.34692059e+00  -2.41646152e-01   1.12658921e+00
    9.67611997e-01  -7.52408295e-01  -9.34217072e-01   1.07056859e-01
   -1.71756455e+00  -7.42474041e-01  -2.71009013e+00   2.18652470e+00
   -3.07200985e+00   4.69753315e-01   1.02748326e+00  -8.37372595e-01
    8.54785287e-01  -5.85724717e-01   1.46988594e+00   3.72697730e-01
    2.55693891e-01  -2.08740404e+00   9.47754751e-01  -1.36084673e+00
   -2.88337008e-03  -1.16418223e+00  -9.24435222e-01   7.53497396e-01
   -5.57731444e-01 
   -5.73944279e-01   2.26746053e+00   3.50440185e-01  -1.09835650e+00
   -9.56995124e-01  -2.10213628e-01   9.80580206e-01   1.59613722e+00
   -1.08530911e+00   2.51574232e-01  -1.01302906e+00  -6.27165764e-01
    2.47566410e-01   3.83729017e-01   2.02300576e+00  -1.19212190e+00
    5.00197313e-01   2.79343717e-01  -1.40342908e+00   4.41766434e-01
   -7.84042044e-01   1.00108383e+00  -3.68269370e-01  -3.52726413e-01
    1.00047156e+00  -1.22415580e+00  -3.67294878e-01  -3.96782046e-01
   -2.61864032e+00  -1.42563673e-01  -1.91940652e+00  -2.94873577e+00
   -9.36217136e-01 
   -1.66239971e-01  -1.78863970e+00  -2.39219970e+00   2.05383480e+00
    1.40355147e+00   9.09842260e-01  -4.06285499e-01  -5.03858326e-01
    2.11891292e+00   1.28091316e+00   1.88886416e-01   5.16964016e-01
   -5.26342358e-02   2.76027186e-01  -1.06515943e+00  -5.79225885e-01
   -2.37522390e-01  -1.89247723e+00  -9.24287954e-01   1.68572284e+00
   -4.35608537e-01   7.66790071e-01   4.49039551e-01  -1.56263840e+00
   -4.87915724e-01  -1.57178096e+00  -1.63757339e+00  -6.39250434e-01
    1.12944770e+00  -4.80436835e-01  -8.78138695e-01  -6.50361245e-01
   -1.72007700e-01  