NN 16 32 16  -3.67437978 -0.96635411 -0.12408117  0.58435702  2.38582941 -0.9109088
  -2.02831509 -1.97394666  3.09616926 -1.3737606  -0.24153445  0.22388556
   0.84242017 -0.27264311  0.20073185 -0.54891692 -0.87827013 
   0.69630152 -0.5051856  -0.46220126 -0.30513698  1.09921389 -0.43952258
   0.1745355   0.61837066 -2.54201163  0.71573258  2.23211772 -3.63003858
   0.79881232  0.77730144 -1.90008112  1.38266283  0.64529785 
  -0.82978253  0.13231991 -2.59939662  0.82366735  2.55402229 -1.74482631
  -0.47956214 -0.68369708 -1.06205561  0.56900081 -0.20798255  0.21745237
   1.48117555 -0.74250287 -0.22289795  2.00037898  0.16897728 
   1.65020004 -0.81260559 -1.26305437  1.0300723   0.03181349 -1.12885562
   0.88686146 -0.4101405  -1.51898907  0.75126055 -1.53854816  1.74223722
   1.70973358 -1.59660101  1.12607904 -1.88989745 -0.24216791 
  -0.27320245 -1.48169217  1.56393816 -1.06158925 -0.21290086 -0.64399553
   0.03505753 -2.12251702  1.15048009 -0.54978736  0.04757395  1.92995601
   1.5306287   2.14694293 -0.17269573 -1.47353034 -0.73727867 
  -0.35956871  1.08702745  1.78641976 -1.26291454  0.65531804  1.24165109
   1.80525467 -0.41405553 -0.10317522 -0.31232229 -2.03913946  0.42481267
  -0.89470522 -1.49163396 -0.53083541 -0.2020429  -0.04422078 
   0.72288644  1.63439472  1.57548465 -1.80912691 -0.07218363  0.07807792
  -1.81618922  1.24468741 -0.52353943  0.5694381   0.86316347  0.33652821
  -0.13303529 -0.35529437 -1.37492968  0.85583205 -0.6359458  
   0.8367778  -1.26008881  1.17394351 -0.39714758  0.58656265  4.02983783
  -1.98563645 -0.16656626  2.39792574  2.22740245  0.50556846 -0.57304538
  -0.58912052 -2.57175736 -1.2548529  -0.0353846  -0.61374212 
   0.23402992  2.68508807 -0.8619674  -0.89684084  0.75147182 -1.3038399
  -1.10903961 -0.05808286 -1.57358256  2.40402508  1.41940451 -1.0048112
   0.93062654 -1.62067866  1.45789365 -1.44020644 -0.03623668 
  -1.29550274 -0.07804145 -0.66376798  1.19942656  1.77703192 -0.86303488
   1.26803746 -0.82841095 -1.08761591  1.06069119  0.52352339  1.96022484
  -2.66668591  0.52174768 -0.59583184 -1.31261191  0.32613469 
  -0.42156903  0.48688733  0.05830275 -2.73168233 -2.05698053 -1.40272493
   0.06591925  4.01684895 -1.05896319  0.63245281 -0.54646001  3.09790775
  -0.94036887 -0.26128295 -0.09218232  0.05133809 -0.56401879 
   2.79083939 -0.85474975  0.29135462  1.86514506  1.48757716 -0.66229553
  -1.25006967  0.62087743  0.22414309 -1.11842881  0.36604798 -0.49907054
  -2.96439456  0.37159353  0.93918137 -0.91450692 -0.20089074 
  -0.3077629  -1.95055904  1.35885823  0.11376016  0.04215524  0.21895934
  -3.36082072 -0.05649404 -1.80251102  0.99530392  2.97180065  0.05666411
  -0.37371016  1.30061567 -0.60692572 -0.64041089 -1.21903732 
  -0.48170785  0.26033794 -0.513414    0.0415585   2.19738046 -1.94881029
   0.77900046  0.89348613  1.03631522  1.58107906 -2.30791766 -1.71569993
  -0.99621268  0.35538755 -0.40491879 -0.16506276 -0.15638338 
   1.57183709 -1.82641639  0.49984149  2.92746212 -2.20560327  0.66403977
   0.47078983 -0.89564566 -1.62342579 -0.1222119  -0.35616922 -0.20142246
   0.78451831  2.3852745  -2.06586194 -0.08173574  0.61693372 
   1.50555949 -1.12673703 -0.27865533  0.08439112 -0.14393043 -0.20267817
   3.03137615 -2.87130278 -1.37960538 -0.89658456 -0.41858385 -0.89864218
   1.22964689 -1.88174009  0.89175777  0.47792242  0.49901276 
   1.50950187  0.80843162 -3.05128034 -4.08352171  0.98008451  0.09054481
   0.92870141  1.3845414   0.85904466  0.29257158 -0.90223448 -1.11822307
  -0.31093869  1.75945417 -0.51835468  1.08208699  0.24080454 
  -1.46656974  0.43945144 -0.23925722  0.1981265   0.686807   -1.44433838
   0.07810042  0.27225787  1.48689203 -0.88464244  1.04772933  0.13170489
   0.85864898 -1.031227   -0.66591504  1.17278808 -0.65744872 
  -0.12123917 -2.33698733  2.20947253 -0.03797632 -2.3323613   0.22576959
  -0.26307814  1.50609411  0.32101091  1.54840824 -1.60002125 -0.44995323
   0.67228202 -1.08808194  0.66829215  0.66793451  0.16413982 
  -1.29224876  0.54942256 -0.8408291   2.05198441 -0.76964259  1.89039797
   1.06412262 -1.51683131 -0.24225304 -1.76279218 -0.68502278  0.61784133
   1.78608191  0.15115188 -0.24759247 -2.18467228  0.36455718 
  -0.06961361  2.58994769  1.09642186 -0.37408784 -0.23051806 -4.60196983
   1.20205351  3.43158418  1.43964047 -2.2040748   0.73384765 -0.18347754
  -0.4151806  -0.61720993  0.79091511 -0.19877361 -0.19947931 
  -2.58525611  0.90847051  1.8127786  -0.10390719  1.61183208 -0.84939686
  -1.31036703 -0.42826292  2.3101812  -1.31587201  0.32904945 -1.79584265
   0.56650544  0.47360639 -1.11262122 -0.41261264  0.63337627 
  -0.30503067 -0.58691218  0.58938279 -0.89249714  2.224556   -1.23546404
   0.05772758  2.33319381 -2.56786524 -0.78380535  1.29282981  0.77116613
   0.41420282 -0.7543256  -0.4620292  -1.03670844 -0.35819492 
  -1.89728636  0.17321754 -1.46091633  2.09603112 -0.98025715  0.95665455
   0.7897718  -0.52297929  1.03655177  1.52595037  1.53569567 -1.8049142
   0.87639747 -1.30328736  0.61899897 -0.17873951 -0.58966034 
   1.94697672  1.59080255 -1.98187912 -0.89331071 -3.64148638 -1.20388918
   0.9724273   0.56541215  1.40452373 -2.39163771  1.85806873 -0.25514775
   0.56615788 -0.321334   -0.74111748  0.13603671 -0.13799781 
   1.8734608   0.04202496 -1.73291912 -0.19881537 -1.05684823 -0.46602694
   2.76640538 -2.99311343 -0.12809846 -0.15406787  0.17793491  0.90392096
  -0.2472918   1.28584597  0.7692428   1.10509615 -0.58209848 
  -0.68670247 -0.50128934  1.9496137  -0.3170028   1.61065096  1.85194235
  -3.22573177  0.30253802  0.17352397 -0.94491515 -3.14411397  0.16210464
   1.83307687 -1.43338086 -0.11008069  2.90996301 -0.29336167 
  -0.78934871  2.68857661  1.20970431  0.0376041  -1.30471774  2.03832166
  -0.47420798 -0.09654147 -0.97025205 -2.11874919 -0.27907766 -0.18072861
  -0.9508801   0.56024827 -0.10419428  0.7093791  -0.55113286 
  -0.26988979 -1.0688399  -1.16839239  0.10410598 -0.03895672  2.66791292
  -0.78819404  0.81401456  0.44717079 -2.48806442  1.27224154 -0.32241596
  -1.40286744 -0.01749251  3.02179975 -1.44818905  0.63318569 
  -0.33076117  2.24124708  0.25209843 -0.78542318  0.84135711 -1.54649046
  -2.44292045 -1.34216538 -0.49734604 -0.89044374 -0.11129368  0.94587833
   0.73672683  0.45690559  0.07416244  0.99842964 -0.06666337 
  -1.03123516  0.28541346  2.73974017  1.58157775  1.09145432  0.31223859
  -1.99278863 -1.13021317 -0.71823959  0.7611906  -1.82781164 -1.38606396
  -1.61590177  1.58764309  1.70807873  1.18492973  0.34939017 
   1.43730996  0.92969486 -0.99747841 -0.24344628 -0.95810092 -0.28981832
  -0.47265139 -0.48636209  1.71615601  1.61149018 -2.28598082 -1.96500927
  -0.44990641 -1.63576254  2.42045241  0.79425446 -0.51493781      3.47410590e+00  -1.01104986e+00   3.03759196e-01  -2.01167775e+00
   -9.84293821e-01   1.21820672e+00  -7.12495374e-01  -1.03002603e+00
    5.04753598e-01   7.43868810e-01   2.32183925e-01  -3.08556389e+00
   -8.09437465e-01   3.48825882e-01   9.24821590e-01  -1.70831564e+00
   -1.81028344e-01   1.00875071e-01   1.73235074e-01   2.64091748e-01
   -2.96013382e-01   1.84751520e+00   5.59956869e-01   2.09057841e+00
   -1.54771952e+00  -9.26824053e-01   5.17306763e-01  -1.57359943e-01
   -1.01647303e-01  -3.65411139e-01   1.67401218e-01  -1.37429294e+00
   -1.78766386e-01 
    6.91651061e-01   5.32538349e-01  -2.14719126e-01  -1.62290098e-01
    1.03578429e+00  -1.63991410e-01  -1.36750082e+00   9.91426933e-01
   -2.14332791e+00  -1.93739299e-01  -9.98908031e-01   7.29256290e-02
    1.24548284e+00  -2.73353883e-01   1.63413778e+00   2.61972147e-01
    1.25885914e-01  -8.12500768e-01   2.10481977e+00  -2.08121339e+00
   -1.41313641e+00   3.16858613e-01   4.70277584e-01   1.08560697e-01
   -1.35952267e+00   7.08671010e-01   8.18967181e-01  -4.21166164e+00
    1.40362473e+00  -1.68837574e+00   1.27941222e-01  -1.29210291e+00
    2.77912208e-01 
    5.03137571e-01  -4.03612979e-02   2.74753922e+00   1.12263588e+00
   -1.80659218e+00  -1.66551648e+00  -9.79395469e-01  -8.91684443e-01
    1.43052785e+00   1.14094851e+00   4.35327811e-01   5.16479604e-01
   -2.12069583e+00   4.35468444e-02  -4.20602798e-01  -1.23865398e+00
    2.22175425e+00  -9.26308472e-02  -1.39427963e+00   1.17740456e+00
   -1.41899391e+00  -2.68884489e+00  -1.21809223e+00   1.16569178e+00
    1.18824354e+00   8.72340716e-01  -2.33778459e+00  -5.59642132e-01
    1.99037360e+00  -2.95445190e-01  -2.33354876e+00   9.21015077e-01
   -3.70715506e-01 
   -1.44529428e+00   4.02972259e-01  -1.38860938e+00  -1.01656653e+00
    1.85968769e+00   1.36976431e+00   1.27719308e+00   2.66973717e-01
    5.26327296e-01  -8.52352381e-01   2.68443523e+00  -1.98236538e+00
    5.69683393e-01  -9.55612097e-01  -3.25419926e+00   9.79378571e-02
    3.80937641e+00  -1.85131794e-01   1.57131684e-01  -2.17218892e+00
   -1.03854958e+00   6.23574323e-01   7.71338256e-01  -2.91212026e+00
    4.78513786e-01   6.08053943e-01  -1.96005243e-02   1.39410234e-01
   -3.73188324e-01   3.01777537e-01  -1.62345321e+00  -6.19674491e-01
   -1.48140073e-01 
   -1.77243027e+00  -1.17515740e+00  -2.11685787e+00  -4.86734872e-01
    2.38360049e-01  -4.02805922e-01   1.10342883e-02  -1.17722188e+00
   -2.44255163e-01  -2.71295571e+00   1.41154151e+00  -5.07426253e-01
   -2.76963715e-02  -2.40504399e+00   2.84330823e+00  -1.67206779e+00
   -2.49096002e-01  -1.34608112e+00   2.48688997e+00  -1.22698137e-01
    1.40245805e+00  -1.31522903e+00  -3.14132791e+00   2.15323051e+00
    2.15839988e+00   1.39906857e+00  -1.48348523e+00  -2.68842770e-01
   -5.51890725e-01  -2.71419870e-01  -1.15173212e+00   1.65049069e+00
   -1.41786720e-01 
   -1.22774269e+00  -2.12193535e-01   6.55856602e-01   5.39913399e-01
    1.06874172e+00  -6.79627375e-01  -3.72628314e-01  -3.62556182e+00
    1.09265967e+00   5.20550095e-02  -8.53357105e-02   3.24525034e-01
   -8.70532584e-01   1.96274830e+00  -8.32433494e-01  -2.08893651e+00
   -1.39314100e+00   5.49201774e-01  -1.13179059e-01  -2.52003936e+00
    4.50419097e+00   4.08251072e-01   1.26920699e-02  -1.14964676e-01
    1.80455881e-01   5.37244627e-01  -1.37496036e+00  -1.57296599e+00
   -3.71885913e+00   8.24965605e-01  -1.55291967e-01   2.82725234e-01
   -5.81185418e-03 
    7.34764568e-01  -1.05368140e+00   2.03361260e-01  -1.13582831e+00
   -2.57720245e-01  -2.21723787e+00   1.13434893e+00   7.40227584e-01
    5.09350115e-01  -2.09564665e+00  -6.61013250e-01   2.49722697e+00
    3.02850107e+00  -1.65969511e+00  -1.20055456e+00  -3.88997093e+00
   -1.04681295e+00   1.98343058e-01  -3.14015817e-01  -3.32249733e-01
   -7.20557787e-01  -2.27790992e-01  -3.64468773e-01  -5.50513227e-01
   -1.38998726e+00  -1.71029245e+00   1.08305638e+00   3.03545362e-01
    3.81275036e-01   2.83218981e+00   7.14883037e-01   3.17598134e-01
   -3.62456610e-01 
    1.21901154e-01  -6.54437852e-01   2.08310357e+00  -6.17694535e-01
    1.53010384e+00  -2.09291882e-01  -9.78627105e-01  -1.74810189e-01
   -3.09622091e-01   4.77839803e-01  -4.26223399e+00   2.13375187e-01
    3.30699811e-02  -1.72820614e+00  -3.74208894e-01   2.24185269e+00
   -2.41677267e+00  -5.83921497e-01  -2.34697384e+00  -4.61549185e-01
   -2.44115045e+00  -2.38483621e-01  -2.76430219e+00   1.52752635e-01
   -4.95798626e-01   3.34544115e+00   4.33210333e-01   5.09216465e-01
   -1.47081132e+00   7.43649865e-01   1.06139125e+00  -2.09518812e-01
   -9.60853233e-01 
   -2.03390129e+00   2.38357975e+00   1.17644721e+00   1.34770531e+00
   -1.98928619e+00  -3.20957650e-01   1.24888682e+00  -2.34355249e+00
    2.19769559e+00   3.79878584e-01   7.23586929e-01  -1.43825422e+00
    1.16466187e+00  -1.52235075e+00   1.97922534e+00   1.24057176e+00
   -8.14191516e-01  -2.23597588e+00  -3.84317149e-01   5.72654866e-01
   -1.38360525e+00  -1.68961331e+00   2.13419437e+00  -1.32249922e+00
   -1.76834648e+00  -4.44965385e-01   2.33166802e-02   5.70023680e-01
   -1.28610036e+00  -5.71196513e-02   1.52545441e+00  -1.86788528e+00
   -4.82375684e-01 
    9.67671663e-01  -9.61620654e-01  -9.14287325e-01  -1.35603179e+00
   -1.69621249e-01   2.48657835e-01  -9.50788619e-01  -2.34355426e+00
   -2.43992686e+00  -2.63007665e+00  -1.86116804e+00   1.66159296e+00
   -2.48823506e+00  -1.41129042e+00   1.07844687e-01   1.39618435e-01
    5.75127046e-01  -5.62031187e-02  -2.13945619e+00   1.71933759e+00
    1.19921256e+00   1.20414024e+00   5.17934683e-01  -2.61249366e+00
    2.63929711e+00  -7.05866246e-01   1.90690337e+00   4.05581191e-01
    2.34306923e+00   2.99479750e-01  -1.91098178e-03  -1.75788899e+00
   -3.57241809e-01 
   -1.54442108e-01  -2.78221195e+00   3.38751982e-01   8.56119220e-01
   -5.94432040e-01   1.24626686e+00  -1.15541210e+00  -2.26966396e+00
   -1.61401923e+00  -3.06905369e-02   1.13954272e+00   1.04383027e-01
   -2.64164372e+00   1.85292352e+00  -3.57022755e-01   2.13140539e-01
    5.01930697e-01  -1.26301547e+00   9.60759812e-01   1.67204802e+00
   -7.91255761e-01  -1.27832070e+00  -1.32791123e+00  -2.65782092e+00
   -1.70484226e+00  -1.62726174e+00   3.35565183e+00   1.03136821e+00
   -1.14882762e+00  -3.88347816e-01   1.55058550e+00   2.43718423e+00
   -4.65777570e-01 
   -1.27661087e+00   4.28002104e+00  -1.26618443e+00  -2.52336288e+00
   -2.05076085e+00  -1.27289127e+00  -1.12599309e+00  -3.29716495e-02
    1.08762134e+00  -2.29814021e+00  -2.59190346e+00   2.72883729e-01
   -6.87458077e-01   1.25341355e+00  -1.98271674e-01   1.60730119e+00
   -7.24756067e-01  -5.00702542e-01  -7.41789432e-02  -9.16676835e-01
    8.05553469e-01   1.77659644e+00  -5.79320049e-01   8.77964098e-01
    6.51332870e-01  -1.66782112e+00  -1.51847698e+00  -9.63309011e-02
    1.08690571e+00  -8.50598820e-01   1.52158378e+00   1.08114770e+00
   -6.17966394e-01 
   -4.37228054e-01  -9.59919426e-01  -2.52781546e+00  -2.04165195e+00
   -2.01480522e+00   9.12341412e-01   8.79613574e-03  -1.92948440e-01
   -6.45773913e-01   3.36184705e+00   6.37289479e-02   2.11695824e+00
   -1.01700954e+00   2.64052163e-01  -4.68522314e-01  -1.29924798e+00
   -7.80230110e-02  -1.09752759e+00  -3.99699369e-01  -1.41432562e+00
    3.43171526e-01  -3.93922260e-01  -8.92230691e-01  -7.04414078e-01
   -1.30816972e-02  -1.77399507e-01  -1.80726040e+00   4.62307848e-01
    1.53292606e+00  -1.19984690e+00   1.95458620e+00  -4.48686318e-01
   -2.12207756e-01 
   -2.85880868e-01  -8.00721468e-01   5.46255382e-01   1.91509630e+00
   -2.25070930e+00   1.23344168e+00  -2.11637953e-01   9.88898447e-01
    9.35133620e-01  -7.32684755e-01  -8.67037273e-01   6.43359799e-02
   -1.66131230e+00  -7.13628297e-01  -2.54763930e+00   2.01041217e+00
   -2.90774370e+00   3.87791782e-01   1.01054747e+00  -8.22748459e-01
    7.71707365e-01  -6.19934597e-01   1.39375112e+00   3.48324256e-01
    3.16317178e-01  -2.04180876e+00   9.22817462e-01  -1.30259239e+00
    5.92752516e-02  -1.06499687e+00  -8.74608070e-01   7.07445321e-01
   -4.78255867e-01 
   -5.78162079e-01   2.02486875e+00   2.72324121e-01  -1.11367165e+00
   -9.85997876e-01  -1.46293979e-01   9.73024927e-01   1.47304207e+00
   -9.22694624e-01   2.12572845e-01  -9.58599039e-01  -6.96828603e-01
    2.07646008e-01   4.36203634e-01   1.80248711e+00  -1.11114344e+00
    4.71807071e-01   2.82750700e-01  -1.27003311e+00   4.31939138e-01
   -6.62532266e-01   1.04200085e+00  -2.63527026e-01  -3.10267288e-01
    9.06699730e-01  -1.28025407e+00  -4.07095416e-01  -3.06419942e-01
   -2.32538433e+00  -9.86435608e-02  -1.75041401e+00  -2.79385248e+00
   -8.86263170e-01 
   -1.91486111e-01  -1.70877568e+00  -2.32109728e+00   1.81688205e+00
    1.34733627e+00   8.85781074e-01  -4.48745887e-01  -4.67175825e-01
    1.85001519e+00   1.21978285e+00   1.57565725e-01   4.26535712e-01
   -1.48546983e-01   2.29103677e-01  -1.03831223e+00  -4.74848420e-01
   -2.31426044e-01  -1.75768827e+00  -8.92678061e-01   1.58335673e+00
   -4.87747368e-01   7.49799231e-01   3.27295772e-01  -1.49488071e+00
   -5.18972198e-01  -1.49518438e+00  -1.61553807e+00  -5.54264090e-01
    1.08544382e+00  -5.02044044e-01  -8.73171859e-01  -6.16486988e-01
   -1.99781473e-01  