NN 16 32 16   -3.90491051e+00  -1.25467970e+00  -2.31201265e-02   7.12309417e-01
    2.77304443e+00  -9.92188335e-01  -2.10800156e+00  -2.21103558e+00
    3.52351636e+00  -1.29639036e+00  -2.82770080e-01   2.72402737e-01
    8.94683612e-01  -2.03350873e-01   3.03754944e-01  -5.87424471e-01
   -8.78257265e-01 
    6.71643917e-01  -6.91683591e-01  -3.27645860e-01  -1.08820802e-01
    9.46097085e-01  -3.51502891e-01   3.49499912e-01   3.84048109e-01
   -2.85303296e+00   6.80020836e-01   2.24711452e+00  -4.14594119e+00
    7.76274772e-01   6.51603051e-01  -2.32521425e+00   1.28173988e+00
    5.55099275e-01 
   -1.08091214e+00   1.74676646e-01  -2.63041263e+00   9.57209207e-01
    2.86174970e+00  -1.84273012e+00  -7.34834607e-01  -8.00326711e-01
   -9.76012225e-01   7.90226057e-01  -4.59272202e-01   2.63393938e-01
    1.46352617e+00  -6.15811653e-01  -2.22143361e-01   2.16934352e+00
    2.25320234e-01 
    1.71227294e+00  -9.54232682e-01  -1.41800247e+00   1.05901576e+00
    1.80495005e-01  -1.14003000e+00   8.53569764e-01  -4.60491691e-01
   -1.63655904e+00   8.75869598e-01  -1.55099324e+00   1.69940615e+00
    1.79373428e+00  -1.62854283e+00   1.25114252e+00  -2.00526705e+00
   -1.76977598e-01 
   -2.36134533e-01  -1.74139260e+00   1.50089716e+00  -1.36092641e+00
   -1.00327561e-01  -7.95055396e-01  -1.16461723e-01  -2.08793124e+00
    1.21761570e+00  -5.39192109e-01   1.17158485e-01   2.18823989e+00
    1.59358755e+00   2.27401075e+00  -1.98598989e-01  -1.48884414e+00
   -6.91149114e-01 
   -3.61026376e-01   1.16978115e+00   2.03436127e+00  -1.31258191e+00
    6.80003645e-01   1.23754886e+00   2.09071641e+00  -4.26377457e-01
    7.65448055e-02  -2.51328167e-01  -2.13919924e+00   5.54768002e-01
   -8.65677577e-01  -1.47116727e+00  -4.91789776e-01  -2.96711859e-02
    1.02408240e-01 
    9.15388491e-01   1.57471333e+00   1.71519120e+00  -2.09744485e+00
   -1.13563255e-01   3.19773974e-01  -1.93840624e+00   1.55848036e+00
   -5.39676670e-01   5.60281200e-01   9.14891053e-01   2.16905910e-01
   -1.53734616e-01  -4.42476122e-01  -1.45976242e+00   8.22256181e-01
   -7.32747030e-01 
    7.69978236e-01  -1.30839573e+00   1.35619411e+00  -6.13079413e-01
    7.06155786e-01   4.26661191e+00  -2.20846059e+00  -2.54311448e-01
    2.46861730e+00   2.33100074e+00   2.12307444e-01  -3.28218717e-01
   -6.62953099e-01  -2.82933675e+00  -1.48020819e+00  -1.81227690e-01
   -7.29928085e-01 
    6.46738069e-02   2.73425825e+00  -7.63064241e-01  -1.11521503e+00
    6.77184980e-01  -1.24724363e+00  -1.29334333e+00  -1.49324524e-01
   -1.67461275e+00   2.47702444e+00   1.42348166e+00  -1.28087933e+00
    9.66888497e-01  -1.88041443e+00   1.48134169e+00  -1.71994455e+00
   -1.33934775e-01 
   -1.20743972e+00  -2.87592416e-01  -6.56732823e-01   1.21494119e+00
    1.79270638e+00  -8.51607268e-01   1.26118222e+00  -8.32738271e-01
   -1.14712010e+00   8.57584443e-01   8.09150118e-01   2.12349365e+00
   -2.90711064e+00   4.08804473e-01  -8.08999703e-01  -1.38106118e+00
    3.45442301e-01 
   -7.79280314e-01   6.06378445e-01  -3.58381688e-02  -2.86210234e+00
   -2.50062389e+00  -1.37510050e+00   1.64963269e-01   4.26753839e+00
   -1.32249271e+00   4.35378958e-01  -3.17002450e-01   3.15095998e+00
   -1.13554872e+00  -4.29316304e-01  -1.54377821e-01   2.10117322e-02
   -6.43188192e-01 
    3.11805828e+00  -8.73626965e-01   2.55722241e-01   2.05997943e+00
    1.63898068e+00  -6.64507360e-01  -1.23958087e+00   6.90244483e-01
    2.70547723e-01  -1.22358491e+00   6.46332331e-01  -5.35304783e-01
   -3.04505274e+00   5.20744203e-01   1.12954180e+00  -1.01008508e+00
   -2.37297645e-01 
   -2.78908195e-01  -2.51018294e+00   1.61945934e+00   1.89567769e-03
   -2.78084606e-01   4.53863311e-01  -3.41732578e+00  -3.55513670e-01
   -2.01021513e+00   1.01037584e+00   3.05844732e+00   1.19715884e-01
   -5.43784619e-01   1.25235610e+00  -6.11904713e-01  -7.96714589e-01
   -1.36722319e+00 
   -5.89096603e-01   4.31833772e-01  -5.93293655e-01   2.05685455e-01
    2.34794363e+00  -2.01265595e+00   1.07402676e+00   1.06330465e+00
    1.17131305e+00   1.63847581e+00  -2.30677093e+00  -1.81033234e+00
   -1.09587438e+00   3.18580199e-01  -3.84011107e-01  -4.38372016e-02
   -1.19394884e-01 
    1.76211562e+00  -1.87097610e+00   7.72091842e-01   3.09429214e+00
   -2.19493746e+00   7.62119297e-01   4.92783569e-01  -8.35473573e-01
   -1.57708398e+00  -1.57108975e-01  -5.47553459e-01  -2.26649722e-01
    8.03529282e-01   2.41148907e+00  -2.20218229e+00  -1.51617005e-01
    6.30019171e-01 
    1.69939728e+00  -1.14374057e+00  -2.82287048e-01   1.09639843e-01
   -2.44028459e-01  -3.81987564e-01   3.09932627e+00  -2.98867364e+00
   -1.13352116e+00  -1.10157435e+00  -5.75854523e-01  -9.48144504e-01
    1.16764694e+00  -2.01206650e+00   9.42254866e-01   5.84945405e-01
    5.16859017e-01 
    1.54380267e+00   6.68778163e-01  -3.07501029e+00  -4.45852501e+00
    1.12101281e+00   1.27202328e-01   7.01646948e-01   1.62951014e+00
    8.48340261e-01   3.97568676e-01  -7.49776444e-01  -1.26911937e+00
   -2.60431528e-01   1.62050983e+00  -5.13723360e-01   1.27038203e+00
    3.32850115e-01 
   -1.57209559e+00   5.64553626e-01  -3.35681592e-01   2.99323114e-01
    7.12645825e-01  -1.85625336e+00   3.00908190e-01   2.66078780e-01
    1.45699903e+00  -9.81540513e-01   1.33315290e+00   2.64631125e-01
    8.60027255e-01  -1.17520021e+00  -7.72484828e-01   1.20922272e+00
   -7.38844294e-01 
   -1.59092732e-01  -2.50712397e+00   2.36041285e+00  -6.56342924e-02
   -2.50677837e+00   2.84832362e-01  -1.34277726e-01   1.63171672e+00
    2.46569396e-01   1.62460670e+00  -1.60629178e+00  -5.16517275e-01
    5.45830655e-01  -1.06565560e+00   6.49966454e-01   6.84510238e-01
    1.49353085e-01 
   -1.39190905e+00   4.44638299e-01  -8.58524151e-01   2.22470599e+00
   -6.84833918e-01   1.87396856e+00   1.14208750e+00  -1.69272075e+00
   -1.24702284e-01  -1.86237164e+00  -5.92752089e-01   6.10350533e-01
    1.68625074e+00  -1.93613010e-01  -3.75287002e-01  -2.47479729e+00
    2.61939089e-01 
   -2.10945593e-01   2.74775597e+00   1.26537210e+00  -5.48614434e-01
   -1.00324500e-01  -4.76683520e+00   1.29020482e+00   3.59787714e+00
    1.54362198e+00  -2.51350032e+00   7.56411172e-01  -1.87866714e-01
   -3.42711269e-01  -7.93710430e-01   8.57724853e-01  -2.98736759e-01
   -2.31722347e-01 
   -2.72456342e+00   8.06945783e-01   2.08431246e+00  -7.74310132e-02
    1.58634875e+00  -1.02783781e+00  -1.55439936e+00  -1.95648453e-01
    2.33719260e+00  -1.18669252e+00   3.11713454e-01  -1.76317803e+00
    4.24955583e-01   4.34862731e-01  -1.20303391e+00  -5.06414375e-01
    6.10783545e-01 
   -3.21715043e-01  -7.80358705e-01   5.95688161e-01  -7.43127562e-01
    2.45697818e+00  -9.91760278e-01   1.80013131e-01   2.61226273e+00
   -2.66249562e+00  -7.84990177e-01   1.37078822e+00   9.42094414e-01
    3.65205263e-01  -8.17522634e-01  -4.95684278e-01  -1.21379365e+00
   -3.67566618e-01 
   -2.06491337e+00   2.58434727e-01  -1.38589713e+00   2.11454378e+00
   -9.68348914e-01   1.11846173e+00   8.79874642e-01  -6.85140175e-01
    9.97703390e-01   1.45269025e+00   1.84461736e+00  -1.66053101e+00
    8.53195169e-01  -1.35045267e+00   6.58160739e-01  -2.95472218e-01
   -6.09097165e-01 
    2.15382029e+00   1.73103654e+00  -2.11833737e+00  -1.24601214e+00
   -3.73716382e+00  -1.76027161e+00   9.79889465e-01   5.28645410e-01
    1.43175862e+00  -2.42426334e+00   1.83818960e+00  -1.88340476e-01
    7.61109743e-01  -3.92010747e-01  -7.79314896e-01   1.47781969e-01
   -1.46797579e-01 
    1.97702384e+00   3.13500004e-01  -2.03040936e+00   3.56422123e-02
   -1.11465397e+00  -6.57502263e-01   2.83964705e+00  -3.19849970e+00
   -1.29573987e-01  -2.93607044e-01   1.78921457e-01   7.92330712e-01
   -1.84065716e-01   1.36198739e+00   7.06192046e-01   1.32856299e+00
   -5.11533120e-01 
   -8.24142546e-01  -3.00355566e-01   1.98468519e+00  -2.93741867e-01
    1.72166541e+00   2.12139256e+00  -3.52264438e+00   3.10593244e-01
    2.36078269e-01  -9.72637555e-01  -3.38317845e+00   1.56926041e-01
    1.95989323e+00  -1.57143973e+00  -2.13283925e-01   3.21507341e+00
   -3.50812965e-01 
   -6.13062975e-01   2.95890466e+00   1.23334870e+00   1.45196606e-01
   -1.46029709e+00   1.83043544e+00  -6.90619562e-01   1.33870888e-01
   -8.93028240e-01  -2.41357842e+00  -1.66010870e-01   6.38717204e-02
   -9.32747840e-01   6.12639261e-01  -9.74583689e-02   7.96901672e-01
   -5.94522786e-01 
   -1.51390612e-01  -9.54755531e-01  -1.17543987e+00   2.38357562e-02
   -2.63335377e-01   2.67274350e+00  -5.58299576e-01   8.60546225e-01
    2.12787071e-01  -2.93937595e+00   1.20474732e+00  -2.55950634e-01
   -1.48948536e+00   3.20667766e-02   3.30538245e+00  -1.58636870e+00
    7.03010961e-01 
   -2.55730859e-01   2.63910508e+00   1.41402134e-01  -1.00236338e+00
    9.76449526e-01  -1.71918617e+00  -2.55379227e+00  -1.25115407e+00
   -6.16270413e-01  -9.94004206e-01  -1.68341028e-01   9.82452097e-01
    7.40142068e-01   5.38123858e-01   2.02336589e-01   1.00268725e+00
   -1.26710146e-01 
   -8.70483839e-01   8.79094351e-02   2.99256309e+00   1.62282179e+00
    8.39593486e-01   5.13550389e-01  -2.25621098e+00  -1.36013882e+00
   -8.72532975e-01   6.64308699e-01  -2.21769718e+00  -1.50150096e+00
   -1.94187993e+00   1.71281059e+00   1.73928452e+00   1.13599444e+00
    1.78189457e-01 
    1.55620856e+00   9.10951445e-01  -1.06789931e+00  -3.18828896e-01
   -9.55548015e-01  -2.60466991e-01  -5.17688738e-01  -5.74124897e-01
    1.78450871e+00   1.73795060e+00  -2.46636296e+00  -2.17937348e+00
   -5.51461254e-01  -1.84655053e+00   2.44028227e+00   8.09908069e-01
   -6.06132702e-01      3.69306735e+00  -1.13786466e+00   3.61322049e-01  -2.01696881e+00
   -1.18669778e+00   1.47143682e+00  -7.74784362e-01  -1.15589388e+00
    4.87741613e-01   7.28029116e-01  -9.18971442e-02  -3.18291011e+00
   -8.69811945e-01   6.58194937e-01   9.80036532e-01  -1.57951002e+00
   -1.61190848e-01   2.03794765e-02   4.33201957e-02   7.85554119e-03
   -2.22878221e-01   1.75225671e+00   7.16815568e-01   2.14216002e+00
   -1.59874836e+00  -9.21350183e-01   3.31488903e-01  -9.40505745e-02
    8.02072114e-02  -2.73565889e-01   1.55643249e-01  -1.25002139e+00
   -9.57873954e-02 
    5.12987960e-01   4.45286638e-01  -2.97997310e-01  -3.35157116e-01
    1.14713889e+00  -3.19756146e-01  -1.27942367e+00   8.46558635e-01
   -2.00272862e+00  -3.38489784e-01  -7.70683677e-01   6.58034724e-03
    1.12984155e+00  -2.19151118e-01   1.44840083e+00   2.49435482e-03
   -8.66708894e-02  -1.20401667e+00   2.16262443e+00  -2.09708918e+00
   -1.36792921e+00   2.56832911e-01   3.87457127e-01   3.66984937e-03
   -1.24722971e+00   7.76898477e-01   6.67684618e-01  -4.44766076e+00
    1.36911456e+00  -1.65325453e+00   1.83613963e-01  -1.17796862e+00
    3.00178215e-01 
    6.36582546e-01  -2.02200865e-02   2.77882487e+00   1.20955736e+00
   -1.84009369e+00  -2.01415341e+00  -1.26508539e+00  -8.75794595e-01
    1.30056549e+00   1.08819511e+00   2.02558238e-01   6.02926512e-01
   -2.05489425e+00  -3.01743404e-02  -4.36385830e-01  -1.22801902e+00
    2.13601720e+00   8.65737630e-02  -1.34989042e+00   1.40145759e+00
   -1.31611607e+00  -2.44440074e+00  -1.14303356e+00   1.32582780e+00
    1.27255298e+00   8.15315701e-01  -2.56586939e+00  -4.82980372e-01
    2.17834830e+00  -1.67533611e-01  -2.18798905e+00   9.22869941e-01
   -3.58278949e-01 
   -1.57205758e+00   2.74334576e-01  -1.55878985e+00  -1.03047830e+00
    1.99305456e+00   1.22988073e+00   1.23243710e+00   1.63911118e-01
    6.35873713e-01  -8.43510887e-01   2.87148916e+00  -2.00234182e+00
    3.64392196e-01  -8.22628503e-01  -3.15952514e+00   2.69420264e-01
    3.93234313e+00  -1.56152994e-01   1.81942727e-01  -2.26099421e+00
   -9.69840947e-01   5.20406187e-01   7.65833020e-01  -2.81829093e+00
    6.61702639e-01   6.19944408e-01  -6.51920789e-02   2.31528800e-02
   -3.98250462e-01   2.62489275e-01  -1.70247669e+00  -3.94645612e-01
   -1.35062099e-01 
   -1.97509123e+00  -1.25523669e+00  -2.39220098e+00  -5.81059314e-01
    1.65112239e-01  -3.25337009e-01   1.54332157e-02  -1.09769098e+00
   -2.89576153e-01  -3.01690020e+00   1.50524160e+00  -6.54711776e-01
   -2.15639640e-01  -2.51602914e+00   2.92132210e+00  -1.74957946e+00
   -3.90959429e-02  -1.54560287e+00   2.63150493e+00  -3.39518964e-01
    1.31962648e+00  -1.12065460e+00  -3.36950147e+00   2.07041890e+00
    1.97533725e+00   1.26520025e+00  -1.46837351e+00  -1.94698799e-02
   -3.06383632e-01  -4.22333108e-02  -1.14852976e+00   1.85647227e+00
   -1.48382619e-01 
   -1.48885255e+00  -2.35985953e-01   7.14282078e-01   2.36582022e-01
    1.13729764e+00  -7.47748158e-01  -5.00676207e-01  -3.48007494e+00
    1.15535937e+00   1.79700433e-01  -3.04845994e-01   4.17116735e-01
   -8.44550965e-01   1.99775062e+00  -8.41428054e-01  -2.14048103e+00
   -1.43255488e+00   6.69076557e-01  -1.09846857e-01  -2.40925579e+00
    4.40012293e+00   5.66921488e-01  -2.15204037e-01  -1.55566762e-01
    3.92245747e-01   5.31111203e-01  -1.19563479e+00  -1.77641476e+00
   -3.79371697e+00   8.86483010e-01  -2.29817482e-02   4.32021695e-01
    4.29752949e-03 
    8.68155172e-01  -1.42320305e+00   1.88075634e-02  -9.42079694e-01
   -1.86390648e-01  -2.48819539e+00   1.18726944e+00   9.56462727e-01
    7.03310328e-01  -2.02756979e+00  -5.38941961e-01   2.63836735e+00
    3.00277519e+00  -1.68183556e+00  -1.04830322e+00  -3.96560528e+00
   -8.61948839e-01  -1.51123795e-02  -9.26450282e-02  -6.56308580e-01
   -8.30581776e-01  -1.73882871e-01  -2.77146254e-01  -7.05296006e-01
   -1.42009350e+00  -2.03850571e+00   1.01296612e+00   5.14808971e-01
    5.02520237e-01   2.87746580e+00   9.37090516e-01   1.62837298e-01
   -4.00426762e-01 
    2.06987696e-01  -7.20488139e-01   2.27458483e+00  -5.42491499e-01
    1.72016832e+00  -1.16526705e-01  -9.14177574e-01  -3.38216378e-01
   -2.46570436e-01   5.13628088e-01  -4.37507409e+00   2.07531613e-01
    1.57898524e-01  -1.94485003e+00  -5.83562774e-01   2.21718633e+00
   -2.59777634e+00  -5.64081640e-01  -2.38762023e+00  -2.85490475e-01
   -2.62005334e+00  -9.08969633e-02  -2.95661756e+00   9.70905997e-02
   -4.33485948e-01   3.37819756e+00   4.79969478e-01   7.01054991e-01
   -1.42315679e+00   8.62507826e-01   1.19764281e+00  -1.91622915e-01
   -1.13487695e+00 
   -2.11724426e+00   2.45677202e+00   1.18315031e+00   1.43614053e+00
   -2.02733633e+00  -2.41547745e-01   1.24320634e+00  -2.36298402e+00
    2.29156804e+00   3.29937213e-01   7.26055645e-01  -1.57962204e+00
    1.13006551e+00  -1.64159180e+00   1.91477266e+00   1.20157492e+00
   -7.53385881e-01  -2.55496128e+00  -3.41163416e-01   5.11978770e-01
   -1.58181049e+00  -1.77094325e+00   2.18126130e+00  -1.34957399e+00
   -2.00051502e+00  -4.19427127e-01   5.08779225e-02   3.95089299e-01
   -1.39408761e+00  -7.25961236e-02   1.56355842e+00  -1.94593682e+00
   -5.82995833e-01 
    1.16683705e+00  -1.03054806e+00  -9.39721013e-01  -1.51301742e+00
   -8.67805424e-02   1.90613092e-01  -9.85061315e-01  -2.51627772e+00
   -2.55950312e+00  -2.61655079e+00  -1.84905478e+00   1.91837824e+00
   -2.59959951e+00  -1.43412227e+00   2.23185219e-01   2.35077284e-01
    5.52517145e-01   1.23524481e-02  -2.22803945e+00   1.71481194e+00
    1.41101007e+00   1.28660921e+00   5.90911632e-01  -2.50366353e+00
    2.72475463e+00  -8.56873370e-01   2.11534425e+00   5.42081202e-01
    2.62238493e+00   4.84826480e-01  -2.50350924e-03  -1.93819656e+00
   -4.06044746e-01 
   -7.30381345e-02  -2.90275688e+00   4.39930315e-01   9.64152581e-01
   -5.96939912e-01   1.37877638e+00  -1.16584455e+00  -2.22172818e+00
   -1.83471813e+00  -1.66418723e-01   1.21728980e+00   3.62426853e-02
   -2.66145749e+00   1.87040809e+00  -2.99324464e-01   2.89521179e-01
    4.83458287e-01  -1.35041373e+00   1.11787448e+00   1.64624968e+00
   -8.02445453e-01  -1.36376562e+00  -1.40931775e+00  -2.79614670e+00
   -1.63325104e+00  -1.58499915e+00   3.64203107e+00   1.06883902e+00
   -1.13724197e+00  -3.49451539e-01   1.64008764e+00   2.67905227e+00
   -4.88633931e-01 
   -1.18367147e+00   4.52000426e+00  -1.40659977e+00  -2.57368372e+00
   -2.18186189e+00  -1.22606177e+00  -1.18351516e+00  -9.76606314e-02
    1.06943358e+00  -2.37399505e+00  -2.68502650e+00   3.48934197e-01
   -6.56992105e-01   1.32410352e+00  -2.85550430e-01   1.63573755e+00
   -7.49125860e-01  -5.90381251e-01  -2.54859625e-02  -8.68892371e-01
    7.63805005e-01   1.78627455e+00  -6.81456602e-01   9.71752924e-01
    5.07870092e-01  -1.65929728e+00  -1.52871659e+00  -1.42190009e-02
    1.09017636e+00  -9.26717664e-01   1.75789805e+00   1.24656168e+00
   -6.77561467e-01 
   -4.31885992e-01  -9.60701851e-01  -2.53507531e+00  -2.10218662e+00
   -2.13379774e+00   9.46100026e-01  -5.46509029e-02  -1.73164076e-01
   -7.02253789e-01   3.57310587e+00   6.84966315e-02   2.22599010e+00
   -9.82134393e-01   3.55186804e-01  -5.14057140e-01  -1.31487194e+00
   -1.17883304e-01  -1.11720739e+00  -4.43785233e-01  -1.47983333e+00
    3.20472903e-01  -3.52500137e-01  -8.98553977e-01  -7.01708457e-01
   -9.69885407e-02  -2.03817850e-01  -1.88890728e+00   4.99460633e-01
    1.61062371e+00  -1.24761731e+00   2.07074638e+00  -4.34758005e-01
   -2.14583326e-01 
   -2.60420359e-01  -7.97193259e-01   5.09319114e-01   1.95853800e+00
   -2.37556697e+00   1.32019763e+00  -2.33285548e-01   1.09110608e+00
    9.58773816e-01  -7.53070368e-01  -9.25603592e-01   8.90194706e-02
   -1.70795634e+00  -7.45049495e-01  -2.69886410e+00   2.13888150e+00
   -3.04078671e+00   4.47647950e-01   1.00399477e+00  -8.36826523e-01
    8.28638649e-01  -5.98366986e-01   1.45765289e+00   3.59632261e-01
    2.62422590e-01  -2.09377135e+00   9.38054220e-01  -1.35252608e+00
    1.20848467e-02  -1.14722756e+00  -9.27871818e-01   7.29473556e-01
   -5.56714544e-01 
   -5.85379191e-01   2.20038357e+00   3.01316969e-01  -1.12060274e+00
   -1.00320147e+00  -1.94163238e-01   9.54595639e-01   1.55551459e+00
   -1.07110352e+00   2.25461592e-01  -1.03902604e+00  -6.60096349e-01
    2.28608238e-01   3.82590705e-01   1.95309339e+00  -1.18635416e+00
    4.58077899e-01   2.45974464e-01  -1.39476750e+00   4.32034096e-01
   -7.86162827e-01   1.01409506e+00  -3.55686017e-01  -3.76110294e-01
    9.47331782e-01  -1.28292777e+00  -3.87133073e-01  -3.81393355e-01
   -2.56148977e+00  -1.53313516e-01  -1.88433548e+00  -2.92276859e+00
   -9.73369779e-01 
   -1.47346155e-01  -1.77832004e+00  -2.41478453e+00   2.00252164e+00
    1.41066517e+00   9.33194386e-01  -3.78845738e-01  -4.65277565e-01
    2.06895301e+00   1.25141532e+00   2.18892332e-01   5.01697643e-01
   -4.04225955e-02   2.54442862e-01  -1.02731634e+00  -5.85526349e-01
   -2.52275018e-01  -1.87472149e+00  -8.77225641e-01   1.68444180e+00
   -4.59398857e-01   7.93635155e-01   4.43967357e-01  -1.53174939e+00
   -5.18287643e-01  -1.56534734e+00  -1.60354119e+00  -6.09117398e-01
    1.15675856e+00  -4.97694749e-01  -8.40352342e-01  -6.61766083e-01
   -1.52461825e-01  