NN 16 32 16  -4.1537288  -1.15771958  0.23887125  0.50652181  2.74249138 -0.99094995
  -2.29701323 -2.28571384  3.5182776  -1.2852982  -0.31752085  0.20274746
   0.92635946 -0.20514207  0.30595078 -0.6516466  -0.93305122 
   0.72355923 -0.53702653 -0.25546523  0.126533    0.91544442 -0.16525771
   0.22933252  0.37877906 -2.88186833  0.79570148  2.33031053 -4.30006579
   0.92803288  0.73449898 -2.35064839  1.43948448  0.70493624 
  -1.214431    0.23036193 -2.47516473  0.84294567  3.0339968  -1.86034493
  -0.87702423 -0.81303991 -0.916381    0.78632335 -0.50748427  0.24271756
   1.53115073 -0.62501796 -0.21035813  2.24309337  0.24655216 
   1.84222791 -0.85305511 -1.46487867  1.05183556  0.2619947  -1.18495481
   0.78752955 -0.4468885  -1.64296512  0.89547331 -1.56747245  1.84525016
   1.81900976 -1.72133117  1.28854514 -2.04421282 -0.15773883 
  -0.19680257 -1.72686954  1.58157104 -1.47335876 -0.18254981 -0.73318324
  -0.04784367 -2.22984216  1.2435733  -0.60888143  0.1456566   2.2132599
   1.53175153  2.28908056 -0.20799936 -1.54301637 -0.72604652 
  -0.39280482  1.15725891  1.92069187 -1.26528295  0.75851083  1.1226685
   2.23203178 -0.50990744 -0.02365478 -0.24753354 -2.23945435  0.52935851
  -0.90733095 -1.49193036 -0.48556939 -0.00993241  0.10425967 
   1.15412684  1.6703565   1.66324144 -1.96481419 -0.17267759  0.31708889
  -2.15022856  1.64799722 -0.49017927  0.57870507  0.87799425  0.14452415
  -0.10005931 -0.43383469 -1.43593418  0.84070125 -0.73274551 
   0.86178258 -1.44613351  1.24457096 -0.3767399   0.5265481   4.40339679
  -2.45829261 -0.1398753   2.68742899  2.49341182  0.32021798 -0.25472767
  -0.65290991 -2.89642694 -1.50018387 -0.18273202 -0.71216431 
   0.13638594  2.87951678 -0.6355297  -1.07934489  0.82803198 -1.27020472
  -1.4270194  -0.28488941 -1.73424058  2.46855169  1.48659743 -1.13521923
   1.10437022 -1.8277356   1.57094366 -1.74019388 -0.08920555 
  -1.19746804 -0.39813632 -0.73789585  1.265962    1.87297588 -0.92767287
   1.20972753 -0.57792517 -1.13844988  0.77195196  1.03987485  2.3206613
  -3.01038364  0.47695573 -0.81125356 -1.32686404  0.45402103 
  -0.69142935  0.46439697  0.24482072 -2.87725552 -2.57101176 -1.54320492
   0.20266557  4.53087143 -1.48426991  0.54096278 -0.3227738   3.21595535
  -1.18280879 -0.37752925 -0.05377662  0.10338274 -0.57286029 
   3.29400674 -0.79739476  0.29499666  2.0821193   1.675741   -0.70717323
  -1.35325439  0.68325101  0.2718749  -1.26102416  0.63296075 -0.57729006
  -3.05255908  0.55648342  1.20099236 -1.1129661  -0.28402456 
  -0.09349583 -2.62015033  1.62396097  0.11417142 -0.1703967   0.42480393
  -3.60776163 -0.49344064 -1.9175047   1.09105967  3.17784134  0.04451939
  -0.48267004  1.31132336 -0.50236271 -0.77645587 -1.33708024 
  -0.63546477  0.4032461  -0.46561863  0.05579838  2.54433418 -2.15904279
   1.18578238  1.11129161  1.13329678  1.53001902 -2.33027763 -1.67600698
  -1.18387736  0.2287194  -0.41189357 -0.0676363  -0.12804578 
   1.88887032 -1.88132943  0.78814279  3.15573779 -2.33538677  0.66610438
   0.53907194 -0.98015317 -1.626362   -0.12571946 -0.50044718 -0.43156998
   0.68795849  2.4258178  -2.27331916 -0.18318371  0.5998292  
   1.75964336 -1.20467138 -0.32955566  0.02589866 -0.34405186 -0.38051571
   3.1823077  -3.07530108 -1.02816156 -1.11158051 -0.5707354  -0.96310884
   1.17496159 -2.08388723  0.90733754  0.67401909  0.53255128 
   1.71970097  0.69333021 -2.96752888 -4.63415341  1.29558829  0.17782682
   0.5395539   1.65965866  0.78193672  0.45998217 -0.65940936 -1.28774011
  -0.29138589  1.70676358 -0.47597585  1.34849007  0.39931599 
  -1.69203432  0.57493026 -0.25954554  0.41012508  0.68265523 -2.03148349
   0.30172655  0.26353223  1.53397009 -0.94453727  1.39240382  0.46403288
   0.85986791 -1.16389486 -0.8079322   1.23956261 -0.76293901 
  -0.19977937 -2.43244078  2.36400094 -0.09701389 -2.5693495   0.2504075
  -0.24787746  1.74839951  0.04612484  1.57043805 -1.70282447 -0.48523999
   0.56777798 -1.09731275  0.65820678  0.69564556  0.13538561 
  -1.33680005  0.47167143 -0.84712121  2.28931534 -0.88297351  1.92668361
   1.29749335 -1.80854703 -0.06929922 -1.77422248 -0.47229246  0.55214318
   1.6975225  -0.25921542 -0.39938254 -2.56046304  0.26427539 
  -0.18897882  2.80791565  1.42894161 -0.63931802 -0.07900372 -4.94675071
   1.4234932   3.65420781  1.50467663 -2.58121482  0.78975251  0.11495917
  -0.29909912 -0.75477898  0.9442639  -0.26667546 -0.17619337 
  -2.8627381   0.85686759  2.14855928  0.08224684  1.68226989 -0.92046805
  -1.64701399 -0.18586079  2.45003664 -1.00563724  0.26353151 -1.76163849
   0.42725006  0.51520333 -1.20657049 -0.47608773  0.67416539 
  -0.13024113 -0.91083254  0.43244389 -0.68382182  2.49229974 -1.07123217
   0.25671461  2.42844    -2.76585584 -0.98549662  1.33845249  0.89988165
   0.22144607 -0.96339737 -0.60482042 -1.42051674 -0.48132767 
  -2.07416383  0.16750348 -1.5057929   2.07613962 -0.94112739  1.09218272
   0.88434451 -0.7938453   1.10311507  1.40569687  1.97215825 -1.65636748
   0.90764682 -1.46617889  0.5953178  -0.37383105 -0.66141687 
   2.12974184  1.85835757 -2.20295883 -1.44668607 -3.77574462 -1.63472352
   0.96770093  0.64367557  1.5227032  -2.3322797   1.88476272 -0.16023454
   0.82588975 -0.34563917 -0.73121088  0.22351969 -0.08378552 
   1.98798458  0.38926346 -2.22206746  0.12155398 -1.09600167 -0.72090636
   3.01650542 -3.07017826 -0.28966371 -0.29321476  0.34829238  0.86321186
  -0.15529869  1.34069006  0.75127611  1.38575953 -0.46383402 
  -0.64104784 -0.18355238  2.11228322 -0.29695053  1.86143656  2.00933038
  -3.56400632  0.2836677   0.39633207 -0.92352112 -3.509148    0.06457071
   2.12993701 -1.49971286 -0.1516103   3.39330995 -0.29768109 
  -0.62948638  3.12915731  1.23324431  0.09856206 -1.51797824  1.82261236
  -0.63085604  0.07300867 -0.85060616 -2.47807789 -0.09123182  0.10142255
  -0.91605703  0.72015014 -0.11678439  0.79644171 -0.62895458 
  -0.07291899 -1.03879486 -1.29505164  0.03400308 -0.24414429  2.72542534
  -0.53277546  0.81175218  0.24697366 -3.01647819  1.13375509 -0.30057847
  -1.58726621  0.00520653  3.40874503 -1.6074433   0.73625428 
  -0.19738243  2.73204251  0.16319347 -1.02548601  0.9902724  -1.78150805
  -2.60250847 -1.25405979 -0.63992646 -1.023624   -0.3101272   0.89950402
   0.797653    0.4956427   0.26974081  0.97046997 -0.18222063 
  -0.77821904  0.09666977  3.2030083   1.78778792  0.77675268  0.56332714
  -2.40483665 -1.4752831  -0.85159195  0.6332273  -2.19125955 -1.57383035
  -1.91255813  1.81749266  1.87170238  1.23039993  0.22944509 
   1.72342188  0.8115542  -1.21702475 -0.20730648 -0.91908986 -0.15454477
  -0.30293483 -0.65989806  1.84280738  1.7939485  -2.54843223 -2.20067691
  -0.51363276 -1.83940988  2.52323852  0.89879581 -0.56954965      3.75344438e+00  -1.10136332e+00   5.54142956e-01  -2.04980664e+00
   -1.02928172e+00   1.40737825e+00  -9.33474563e-01  -1.15165617e+00
    3.94884469e-01   6.40975148e-01  -1.93218817e-01  -3.27718351e+00
   -7.82527594e-01   6.46040541e-01   1.07893657e+00  -1.45162461e+00
   -1.86375665e-01   6.53895822e-02   1.08881836e-01  -9.85911281e-02
   -2.58569722e-01   1.65935614e+00   8.13541406e-01   2.14460030e+00
   -1.35219911e+00  -9.11846853e-01   3.34707754e-01  -9.27397534e-02
   -1.03381709e-02  -1.49105255e-01   1.47914531e-01  -1.13914127e+00
   -2.97658617e-02 
    4.53574620e-01   5.37200435e-01  -4.11030129e-01  -4.04725690e-01
    1.05771028e+00  -2.76329423e-01  -1.23276551e+00   8.60493181e-01
   -2.00342070e+00  -2.79392841e-01  -8.10744662e-01   2.32321589e-02
    1.15562198e+00  -1.92708027e-01   1.35797382e+00  -2.57670457e-03
   -1.82186175e-01  -1.31309499e+00   1.99849458e+00  -2.09588026e+00
   -1.45353840e+00   2.83383995e-01   4.56434063e-01   2.72798115e-02
   -1.33552341e+00   7.04366656e-01   6.81428719e-01  -4.63160913e+00
    1.45140232e+00  -1.70750295e+00   1.21376912e-01  -1.23684610e+00
    2.76010589e-01 
    5.76411765e-01  -1.11971991e-01   2.87632516e+00   1.33732470e+00
   -1.66571570e+00  -2.06124315e+00  -1.25443117e+00  -8.85206053e-01
    1.20704268e+00   1.11142577e+00   3.09966099e-01   7.71324318e-01
   -1.94006032e+00   5.34922990e-02  -3.76813921e-01  -1.24904416e+00
    2.22964384e+00   7.14700905e-02  -1.41651851e+00   1.36940430e+00
   -1.31914390e+00  -2.53633139e+00  -8.50894252e-01   1.12628420e+00
    1.29712065e+00   7.17959164e-01  -2.53720514e+00  -5.28430449e-01
    2.24097546e+00  -2.47465713e-02  -2.19660013e+00   9.03886143e-01
   -2.74078520e-01 
   -1.49360780e+00   5.44999655e-02  -1.57922516e+00  -9.54861181e-01
    2.09164356e+00   1.30501922e+00   1.18797070e+00   1.20388737e-01
    5.22545553e-01  -8.21455911e-01   2.95018944e+00  -2.00765417e+00
    2.73058005e-01  -8.48266416e-01  -3.20318500e+00   2.53491105e-01
    3.89692075e+00  -1.30770835e-01   5.12051816e-02  -2.22147942e+00
   -1.02812431e+00   5.09945258e-01   6.89156743e-01  -2.89228128e+00
    6.28762862e-01   5.20298383e-01   6.50448835e-02   1.20234716e-01
   -2.92622524e-01   3.13203333e-01  -1.63910842e+00  -5.04152486e-01
   -1.80445351e-01 
   -2.06232411e+00  -1.18167944e+00  -2.41591813e+00  -6.31160688e-01
   -2.30960893e-02  -3.02509240e-01  -1.67550949e-01  -1.30194590e+00
   -2.69001279e-01  -3.10623954e+00   1.58851317e+00  -7.02446795e-01
   -2.06242174e-01  -2.61542832e+00   2.98921345e+00  -1.73086642e+00
   -4.75022003e-02  -1.66361134e+00   2.52170534e+00  -4.13930827e-01
    1.21364323e+00  -1.10594188e+00  -3.41852284e+00   2.13337410e+00
    1.75449808e+00   1.15115308e+00  -1.60873125e+00  -4.45784123e-02
   -1.28072888e-01  -9.18106269e-02  -1.07004465e+00   1.92808539e+00
   -1.97756253e-01 
   -1.56809404e+00  -3.50469253e-01   7.38771467e-01   2.93569710e-01
    1.24331925e+00  -6.75175931e-01  -4.75666410e-01  -3.53141995e+00
    1.21357723e+00   1.71202517e-01  -2.83975329e-01   4.22189682e-01
   -9.63413226e-01   2.03746164e+00  -8.27146211e-01  -2.25370725e+00
   -1.26864922e+00   7.44015106e-01  -2.02201908e-01  -2.43328301e+00
    4.32820443e+00   6.31426416e-01  -1.46725192e-01  -2.81707838e-01
    4.76272267e-01   5.57829647e-01  -1.01260076e+00  -1.76917236e+00
   -3.80665173e+00   8.75652734e-01  -9.43820769e-02   3.76229638e-01
    6.81150921e-02 
    9.43412040e-01  -1.52533656e+00  -3.91683297e-02  -8.08400844e-01
   -1.73776195e-01  -2.60383203e+00   9.54816067e-01   1.04285830e+00
    6.22056535e-01  -2.09474178e+00  -5.22290943e-01   2.80157107e+00
    2.98374265e+00  -1.58106154e+00  -1.04490194e+00  -3.97953331e+00
   -9.75908369e-01  -2.57610865e-02   5.81231995e-02  -6.30885202e-01
   -8.73825647e-01  -6.83871184e-02  -3.64281096e-01  -7.34953336e-01
   -1.37596126e+00  -2.08825139e+00   9.00427314e-01   4.63427475e-01
    4.39574151e-01   2.79892349e+00   1.18583590e+00   2.45607182e-01
   -4.42145396e-01 
    3.83855056e-02  -6.12627483e-01   2.15707465e+00  -6.76217491e-01
    1.87896682e+00  -1.43949118e-01  -9.24832728e-01  -2.46139850e-01
   -1.72893952e-01   4.91639771e-01  -4.46024790e+00   2.33940529e-01
    3.57977560e-01  -2.04976427e+00  -5.38484265e-01   2.28062855e+00
   -2.54955315e+00  -5.17874907e-01  -2.33064231e+00  -1.67950256e-01
   -2.69581924e+00  -8.80809510e-02  -3.02618876e+00   2.73804391e-01
   -2.59685421e-01   3.50261353e+00   2.69627307e-01   7.19025732e-01
   -1.42632478e+00   7.87961018e-01   1.15115459e+00  -1.94443950e-01
   -1.20074602e+00 
   -2.15803922e+00   2.55379493e+00   1.26906695e+00   1.63568055e+00
   -2.04452816e+00  -2.42957105e-01   1.27224469e+00  -2.40847192e+00
    2.45776661e+00   3.48861433e-01   7.61843669e-01  -1.58641941e+00
    1.10279751e+00  -1.68677434e+00   1.85056263e+00   1.26333420e+00
   -6.33173141e-01  -2.58079123e+00  -3.80622175e-01   5.62304961e-01
   -1.50751410e+00  -1.83116428e+00   2.26365892e+00  -1.24038786e+00
   -1.96804027e+00  -3.22996744e-01   6.28691919e-02   3.35701587e-01
   -1.38218124e+00   3.70879039e-02   1.51332396e+00  -1.99963426e+00
   -5.32909881e-01 
    1.19865952e+00  -1.00793757e+00  -9.48288494e-01  -1.61976886e+00
   -9.65614601e-02   1.38589936e-01  -1.11665113e+00  -2.62193652e+00
   -2.66725366e+00  -2.61475387e+00  -2.01416218e+00   2.00081816e+00
   -2.62517168e+00  -1.44866522e+00   3.28113267e-01   3.10047850e-01
    5.25075029e-01  -7.92049296e-02  -2.33064204e+00   1.72994695e+00
    1.32110102e+00   1.25584997e+00   5.23649342e-01  -2.49879857e+00
    2.67267203e+00  -9.58654720e-01   2.13586929e+00   6.30798072e-01
    2.77054594e+00   4.46196469e-01   2.86191865e-02  -2.04585082e+00
   -4.98420492e-01 
   -8.76400233e-03  -3.01410529e+00   4.78076949e-01   1.00615139e+00
   -5.90740816e-01   1.39810882e+00  -1.22599597e+00  -2.30629051e+00
   -1.93085358e+00  -2.04313608e-01   1.18496681e+00  -6.25240245e-02
   -2.59668987e+00   1.88077986e+00  -3.72185040e-01   2.93762170e-01
    3.38051319e-01  -1.38407878e+00   1.13428032e+00   1.56792941e+00
   -7.74128788e-01  -1.35196060e+00  -1.40540284e+00  -2.98642321e+00
   -1.61912373e+00  -1.74076708e+00   3.63524672e+00   9.51443991e-01
   -1.23860354e+00  -3.72418724e-01   1.57117992e+00   2.62261805e+00
   -5.88572069e-01 
   -1.08727183e+00   4.69595929e+00  -1.42033294e+00  -2.63229430e+00
   -2.19820209e+00  -1.18173686e+00  -1.17338829e+00  -5.52742817e-02
    1.08683940e+00  -2.42002526e+00  -2.73432991e+00   3.67564044e-01
   -6.60191800e-01   1.39729805e+00  -3.32149428e-01   1.62637776e+00
   -6.41278386e-01  -5.87671510e-01  -3.06625727e-02  -8.86333056e-01
    7.21681301e-01   1.87295104e+00  -6.47475377e-01   1.01858962e+00
    3.98326490e-01  -1.68845675e+00  -1.47272748e+00   8.85304625e-03
    1.12457693e+00  -9.37768986e-01   1.86568227e+00   1.29792321e+00
   -6.79844842e-01 
   -4.29061560e-01  -9.96227131e-01  -2.53728608e+00  -2.12397275e+00
   -2.16506217e+00   9.67547117e-01  -8.95608132e-02  -1.92280773e-01
   -7.06827860e-01   3.68627440e+00   1.19265191e-01   2.20673967e+00
   -9.81894378e-01   3.97617889e-01  -5.72515234e-01  -1.35018479e+00
   -1.28926930e-01  -1.12525655e+00  -4.73879576e-01  -1.52233580e+00
    2.77288095e-01  -3.63947867e-01  -9.03075634e-01  -7.14272222e-01
   -1.26508659e-01  -2.30078409e-01  -1.97342394e+00   4.88909811e-01
    1.57835161e+00  -1.25693743e+00   2.08185326e+00  -4.55902362e-01
   -2.41539274e-01 
   -2.53339174e-01  -8.03241367e-01   4.68141965e-01   1.96371941e+00
   -2.44492496e+00   1.34540463e+00  -2.53250542e-01   1.12815385e+00
    9.59087531e-01  -7.71938863e-01  -9.43328633e-01   1.17915877e-01
   -1.72675912e+00  -7.60316691e-01  -2.75041683e+00   2.19157685e+00
   -3.12367797e+00   4.69933374e-01   1.02197940e+00  -8.58110459e-01
    8.67545363e-01  -5.85060713e-01   1.48269943e+00   3.56217830e-01
    2.39038809e-01  -2.14132233e+00   9.31942224e-01  -1.36360306e+00
   -1.58161200e-02  -1.19829207e+00  -9.49195516e-01   7.41751293e-01
   -6.08082621e-01 
   -5.83905934e-01   2.26947996e+00   3.24020420e-01  -1.12283512e+00
   -9.86971278e-01  -2.23192451e-01   9.64673031e-01   1.58008662e+00
   -1.11546681e+00   2.50785298e-01  -1.02961681e+00  -6.42399290e-01
    2.32788389e-01   3.69332372e-01   2.00493626e+00  -1.21701234e+00
    4.74680556e-01   2.35543596e-01  -1.46658506e+00   4.27459566e-01
   -8.37575789e-01   9.74949799e-01  -3.85483609e-01  -4.06310927e-01
    9.91029404e-01  -1.25056332e+00  -3.89698079e-01  -4.20065177e-01
   -2.67507719e+00  -1.56996817e-01  -1.96925747e+00  -2.98020697e+00
   -9.99029226e-01 
   -1.71769317e-01  -1.80422343e+00  -2.41943816e+00   2.12809604e+00
    1.43206427e+00   9.06376869e-01  -3.93970591e-01  -4.89669975e-01
    2.12289801e+00   1.28158016e+00   2.40250943e-01   5.72765357e-01
   -3.48340725e-02   2.80603116e-01  -1.01051576e+00  -6.02166528e-01
   -2.17601185e-01  -1.92456945e+00  -8.87879364e-01   1.70882519e+00
   -4.03292719e-01   7.53947862e-01   4.82453119e-01  -1.57872313e+00
   -4.60251739e-01  -1.56705154e+00  -1.64158254e+00  -6.61415162e-01
    1.17285794e+00  -5.11121070e-01  -8.88087321e-01  -6.58560973e-01
   -1.47118098e-01  