NN 16 32 16   -3.36566850e+00  -9.10441955e-01  -1.17118714e-01   5.89333611e-01
    2.14653694e+00  -9.49751297e-01  -1.71472080e+00  -1.66830352e+00
    2.76805665e+00  -1.30038111e+00  -1.63846427e-01   3.74526226e-01
    7.82206853e-01  -1.90364923e-01   3.09012568e-01  -3.96199990e-01
   -7.48407393e-01 
    6.41364023e-01  -5.15784271e-01  -3.54848732e-01  -3.41644701e-01
    9.14412207e-01  -2.87156468e-01   8.92578903e-02   3.83130044e-01
   -2.24642703e+00   6.52880890e-01   1.92710353e+00  -3.48020210e+00
    6.19345696e-01   6.76985945e-01  -1.82580558e+00   1.21431659e+00
    5.20573502e-01 
   -7.75056995e-01   1.73806321e-01  -2.60303500e+00   1.02098190e+00
    2.49821588e+00  -1.71641590e+00  -4.67839027e-01  -7.46723423e-01
   -1.03661502e+00   5.60771162e-01   2.92031938e-02   1.13361138e-01
    1.45012423e+00  -8.21367659e-01  -1.77407108e-01   1.81748198e+00
    1.39556928e-01 
    1.56515478e+00  -8.16181099e-01  -1.18123270e+00   7.74060473e-01
    7.44447506e-02  -1.00616000e+00   9.02670254e-01  -4.18160721e-01
   -1.36771885e+00   7.10336836e-01  -1.36698369e+00   1.65738439e+00
    1.62888985e+00  -1.59728298e+00   1.02106101e+00  -1.84241777e+00
   -3.22887130e-01 
   -2.86523378e-01  -1.49421185e+00   1.35990550e+00  -1.09904005e+00
   -3.22563704e-01  -6.87825492e-01  -9.91780801e-02  -1.75304130e+00
    1.29331998e+00  -3.87329142e-01  -3.94587153e-02   1.83458615e+00
    1.59976121e+00   2.04130552e+00  -4.92186308e-02  -1.43356629e+00
   -7.19214128e-01 
   -4.55046050e-01   1.29218394e+00   1.47386314e+00  -1.29069919e+00
    7.15677567e-01   1.07608600e+00   1.57303267e+00  -1.40872298e-01
   -9.67166641e-02  -2.84852264e-01  -1.72971007e+00   5.00012787e-01
   -8.27505948e-01  -1.35791001e+00  -3.86105816e-01  -1.89605245e-01
   -4.36888657e-02 
    8.15627316e-01   1.52870232e+00   1.34244792e+00  -1.73299238e+00
    1.36063773e-02  -2.29833483e-02  -1.74593676e+00   1.11757087e+00
   -4.18307183e-01   6.05747486e-01   8.32651335e-01   3.94123162e-01
   -1.94386693e-01  -3.81925898e-01  -1.29539825e+00   8.22634798e-01
   -5.98880764e-01 
    6.93643548e-01  -1.38878364e+00   9.72285507e-01  -3.50129722e-01
    6.66376487e-01   3.69215758e+00  -1.95254705e+00   7.53203804e-02
    2.18949483e+00   2.19041168e+00   5.40608302e-01  -5.89028313e-01
   -5.98783563e-01  -2.41162376e+00  -1.20342500e+00  -3.07252086e-02
   -6.15001547e-01 
    2.14660544e-01   2.51726894e+00  -8.20682896e-01  -8.14692900e-01
    8.86952849e-01  -1.14356153e+00  -9.01392292e-01  -1.45479890e-01
   -1.51033296e+00   2.22142177e+00   1.27574975e+00  -1.17719456e+00
    6.63821352e-01  -1.75633510e+00   1.19302252e+00  -1.46591795e+00
   -1.64788406e-01 
   -1.50805647e+00   8.40904020e-02  -7.67358947e-01   1.24819076e+00
    1.66209789e+00  -8.21556365e-01   1.20989242e+00  -7.35600447e-01
   -8.91839012e-01   1.16065391e+00   3.81650318e-01   1.91141681e+00
   -2.49131018e+00   5.36273253e-01  -4.29411656e-01  -1.24066987e+00
    3.07415486e-01 
   -5.55102616e-01   5.34884457e-01   6.76946820e-02  -2.63060764e+00
   -2.03026379e+00  -1.21908368e+00   2.61396611e-01   3.87451031e+00
   -9.59748233e-01   6.10763495e-01  -7.12525165e-01   2.65029611e+00
   -8.25879918e-01  -2.61122539e-01  -2.89860674e-02   6.04481119e-02
   -5.80439449e-01 
    2.60328792e+00  -7.08880003e-01   1.88477438e-01   1.91262965e+00
    1.42002962e+00  -5.35318029e-01  -1.53041408e+00   6.27239819e-01
    2.49846872e-01  -9.62719079e-01   1.59711778e-01  -6.12415380e-01
   -2.67135188e+00   3.07528826e-01   8.94208738e-01  -7.51762561e-01
   -1.25225323e-01 
   -2.22245309e-01  -1.85536877e+00   1.28594047e+00  -1.57369029e-01
   -1.53427836e-01   3.43007118e-01  -3.23507850e+00   1.90052034e-01
   -1.76246852e+00   1.04288591e+00   2.86003402e+00   3.61441398e-01
   -3.35248462e-01   1.21116125e+00  -5.72699257e-01  -5.37529445e-01
   -1.11847364e+00 
   -3.54009032e-01   2.03359747e-01  -4.97893827e-01   9.45669054e-02
    2.06085916e+00  -1.96181013e+00   9.00810778e-01   6.82696849e-01
    9.50083393e-01   1.62746636e+00  -2.09266030e+00  -1.62476803e+00
   -8.75661042e-01   4.41954128e-01  -3.67646518e-01  -3.42675994e-02
   -9.33461607e-02 
    1.35179026e+00  -1.81805880e+00   4.58986814e-01   2.66555546e+00
   -2.02060622e+00   9.63135869e-01   4.01753801e-01  -7.92750228e-01
   -1.61510924e+00  -1.76770413e-01  -4.96652938e-01  -3.50131265e-01
    8.01745389e-01   2.34065303e+00  -1.82197853e+00  -7.16375487e-02
    6.24166985e-01 
    1.27972292e+00  -9.07874843e-01  -1.96426087e-01   1.85777700e-02
   -4.43817747e-01  -5.18976987e-02   3.01303296e+00  -2.87759575e+00
   -1.33675611e+00  -7.72775898e-01  -3.47013131e-01  -9.20979606e-01
    1.41839331e+00  -1.70080146e+00   7.45793016e-01   3.55774275e-01
    4.78050956e-01 
    1.52721423e+00   6.03513483e-01  -2.87482502e+00  -3.90127711e+00
    7.77636938e-01   1.89738455e-01   9.94733923e-01   1.52719334e+00
    6.97816883e-01   1.24340762e-01  -8.54435644e-01  -8.75787333e-01
   -2.34729337e-01   1.84693874e+00  -4.77118263e-01   1.02790613e+00
    2.15234009e-01 
   -1.39327331e+00   3.38296218e-01  -1.10220535e-01   8.38750489e-02
    7.04197324e-01  -1.28115522e+00   1.54171651e-01   1.26205797e-01
    1.41871519e+00  -8.25234570e-01   1.03825847e+00  -6.39802001e-02
    7.54976364e-01  -9.71112194e-01  -6.00098491e-01   1.06598653e+00
   -6.12192943e-01 
   -1.53208112e-01  -2.14004331e+00   1.96237219e+00  -7.90976858e-04
   -2.35212957e+00   4.59290103e-01  -1.99610848e-01   1.46120516e+00
    3.59139014e-01   1.63081729e+00  -1.79707056e+00  -4.01089387e-01
    6.95373919e-01  -1.11714101e+00   6.29050125e-01   6.63864006e-01
    1.49991090e-01 
   -1.43048448e+00   4.20084660e-01  -8.18861909e-01   1.91733055e+00
   -8.93329905e-01   1.78713056e+00   1.03262933e+00  -1.50341653e+00
   -3.91524110e-01  -1.67979257e+00  -8.25081142e-01   7.24134807e-01
    1.70003927e+00   2.32860958e-01  -2.13366760e-01  -1.96724360e+00
    3.60321139e-01 
    7.98378454e-02   2.45390600e+00   1.03893551e+00  -4.86249974e-01
   -4.98950583e-01  -4.37972528e+00   1.22076836e+00   3.18692761e+00
    1.33228075e+00  -1.90650734e+00   7.32246398e-01  -3.73769268e-01
   -5.75490245e-01  -6.64736406e-01   5.70393999e-01  -2.33954721e-01
   -2.97632389e-01 
   -2.40173235e+00   7.94408791e-01   1.84311103e+00  -3.53983453e-01
    1.70863656e+00  -9.75396570e-01  -7.80610253e-01  -5.13592872e-01
    2.06744364e+00  -1.12450782e+00   1.15145854e-01  -1.72107465e+00
    5.35677949e-01   5.50141800e-01  -1.09734516e+00  -3.66035566e-01
    6.38250878e-01 
   -3.62545307e-01  -5.32717802e-01   5.66956036e-01  -8.36850197e-01
    2.22709918e+00  -1.33764797e+00   1.17116348e-01   2.19871717e+00
   -2.36955263e+00  -7.56180519e-01   1.10083791e+00   7.72466942e-01
    5.11464136e-01  -6.46927806e-01  -3.37087715e-01  -7.97951350e-01
   -2.79777487e-01 
   -1.86216172e+00   3.01651244e-01  -1.48237302e+00   1.97749905e+00
   -9.39177681e-01   9.31213406e-01   7.15418247e-01  -7.71954225e-01
    1.11474472e+00   1.44253566e+00   1.55195695e+00  -1.72118385e+00
    7.45673251e-01  -1.37188996e+00   4.56521664e-01  -2.66583254e-01
   -6.73053465e-01 
    1.60953658e+00   1.51613105e+00  -2.09996094e+00  -6.41946964e-01
   -3.22329903e+00  -9.69161930e-01   9.27252270e-01   6.21550118e-01
    1.31852404e+00  -2.30602434e+00   1.98268162e+00  -2.00469823e-01
    3.98487967e-01  -1.97265877e-01  -7.49635287e-01   5.81879031e-02
   -1.64812920e-01 
    1.58096057e+00   5.81713968e-02  -1.67477391e+00  -3.18746957e-01
   -1.22153225e+00  -4.55208681e-01   2.61038051e+00  -2.87103858e+00
   -1.25678171e-01  -4.54375724e-01   2.68623088e-01   8.25097856e-01
   -1.98948309e-01   1.22533753e+00   7.79102877e-01   8.77365956e-01
   -6.80066364e-01 
   -7.13588393e-01  -6.04361203e-01   1.86522885e+00  -2.42562596e-01
    1.43091317e+00   1.61500093e+00  -2.86674875e+00   4.52139402e-02
    3.93254906e-01  -6.71164201e-01  -2.90421874e+00   2.72594952e-01
    1.68025111e+00  -1.23096759e+00   5.75511122e-02   2.85521389e+00
   -1.74866680e-01 
   -7.36547015e-01   2.48572743e+00   1.22463666e+00   2.90543119e-02
   -1.21599529e+00   2.11640889e+00  -4.12563385e-01  -1.74567775e-01
   -1.00807740e+00  -1.93200543e+00  -3.76878908e-01  -1.63221879e-01
   -9.16242179e-01   5.60754058e-01  -6.18014205e-02   7.19459244e-01
   -4.63891719e-01 
   -3.90124158e-01  -1.25153487e+00  -9.26653669e-01   1.16885591e-02
    1.85342876e-01   2.37061421e+00  -8.13887823e-01   8.94632392e-01
    3.34155099e-01  -2.39771856e+00   1.21097705e+00  -1.53200133e-01
   -1.36085451e+00   9.53894086e-02   2.78522671e+00  -1.31717892e+00
    5.75347401e-01 
   -2.41338828e-01   1.94942264e+00   3.73394976e-01  -7.61474517e-01
    8.26525173e-01  -1.45622746e+00  -2.20149833e+00  -1.50631096e+00
   -3.07637571e-01  -7.02661392e-01  -2.34646249e-01   8.58355946e-01
    5.50509329e-01   4.07426313e-01   5.46393589e-02   9.60421414e-01
   -3.78370983e-02 
   -1.25289482e+00   1.66861790e-01   2.39414789e+00   1.45084328e+00
    1.07386371e+00   1.50609251e-01  -1.83648442e+00  -1.13549923e+00
   -6.78617663e-01   7.96442798e-01  -1.89128778e+00  -1.40068863e+00
   -1.65706472e+00   1.35280402e+00   1.39001114e+00   1.04042211e+00
    2.47443001e-01 
    1.32934191e+00   9.26312230e-01  -9.88931279e-01  -3.10553624e-01
   -8.30992635e-01  -2.50814086e-01  -5.14464991e-01  -3.96509993e-01
    1.58794247e+00   1.48078797e+00  -2.05234696e+00  -1.74678248e+00
   -3.61678521e-01  -1.63435404e+00   2.35478640e+00   7.48212161e-01
   -4.94305836e-01     3.26832389 -0.82354941  0.4160059  -1.88911155 -0.79241538  1.04318258
  -0.61795839 -0.95541906  0.60787571  1.00810314  0.34940386 -2.79556369
  -0.71715401  0.44889954  0.76151108 -1.67736225 -0.32312381  0.20693588
   0.18227939  0.26797399 -0.19591896  2.18342723  0.51863247  1.94410481
  -1.6719119  -1.03610261  0.44618468 -0.22027887 -0.09734677 -0.44905283
   0.38084658 -1.54277095 -0.24118115 
   0.53907991  0.4510119  -0.51533006 -0.15632133  1.02017132 -0.34832547
  -1.29412561  1.01000109 -2.26964592 -0.33955594 -0.8416496   0.19869645
   1.38595576 -0.30661472  1.6922198   0.10878346  0.18944463 -0.81062298
   2.08212373 -2.14053372 -1.56531446  0.28599153  0.39191118  0.10862045
  -1.46443856  0.45328429  0.80183521 -3.95462193  1.2915935  -1.67894123
   0.09233006 -1.25538259  0.11551049 
   0.61300822  0.05174167  2.81975885  0.82877193 -2.04212224 -1.44119877
  -0.89353477 -0.83668464  1.49205673  1.01365472  0.42373896  0.25779123
  -2.33933708 -0.1329822  -0.35442647 -1.18383158  2.19240568 -0.10200805
  -1.48169782  1.22628784 -1.40447376 -2.44544581 -1.11094646  1.15108832
   1.21597365  0.81658797 -2.18095059 -0.55229723  1.98937271 -0.3437093
  -2.43794593  0.80179474 -0.38217047 
  -1.31650315  0.5213755  -1.42935967 -1.02900453  1.55737294  1.31547619
   1.41540451  0.27292744  0.41658455 -0.91680395  2.50997394 -2.24602976
   0.57792217 -1.03951227 -3.22615948 -0.04410421  3.74004991 -0.20392652
   0.31579375 -2.12698408 -0.99761577  0.61816452  0.80728035 -2.84732091
   0.5065987   0.50061674 -0.0212363   0.2380532  -0.3241012   0.31809313
  -1.72178959 -0.56364686 -0.14573914 
  -1.60747145 -1.06392513 -2.10769268 -0.34691146  0.23350207 -0.39493839
   0.14130537 -1.11079697 -0.26281431 -2.7723487   1.32583012 -0.34301349
  -0.23096203 -2.34767983  2.66116023 -1.65093264 -0.06012695 -1.4560665
   2.64109714  0.06542025  1.33090839 -1.37350663 -2.95072757  2.16535935
   2.03718503  1.49904742 -1.47446964 -0.27588951 -0.84486644 -0.38564389
  -1.10791098  1.4674354  -0.14074401 
  -0.8597234  -0.15704992  0.78948007  0.71275913  0.95395369 -0.71657275
  -0.41542985 -3.57451362  0.96618251  0.00770307 -0.09651028  0.37241381
  -0.69457376  1.85730172 -0.90384233 -2.01384518 -1.33143515  0.48685821
  -0.09870258 -2.66884857  4.55460155  0.40099074  0.10024334  0.10083542
   0.15019021  0.54475505 -1.49381903 -1.58729752 -3.45902876  0.75447681
  -0.26446419  0.20191967  0.08349785 
   0.8573895  -0.92561084  0.20858035 -1.09746708 -0.37822201 -1.93250299
   1.20655676  0.86283233  0.25281032 -2.06963596 -0.5919756   2.50260669
   3.06172368 -1.42956205 -1.15388237 -3.8352542  -1.0581641   0.1635776
  -0.20526706 -0.14058355 -0.8393003  -0.23930356 -0.50115884 -0.53064993
  -1.66710713 -1.73146173  1.17453196  0.11679406  0.40713913  2.63611522
   0.74033447  0.5646813  -0.29153161 
   0.06249502 -0.6712422   2.14162082 -0.59267625  1.56045672 -0.21514316
  -0.92761671 -0.0788325  -0.06564499  0.41926523 -4.06818406  0.13391258
  -0.05037249 -1.41275096 -0.39191636  2.1944245  -2.09534039 -0.49718816
  -2.34755561 -0.3819335  -2.27096547 -0.23586004 -2.68481335  0.23286454
  -0.2211446   3.26637342  0.6189966   0.51562303 -1.62398044  0.94749123
   0.98165125 -0.12382797 -0.71783863 
  -1.89958734  2.21131156  1.09862969  1.20892466 -1.97944631 -0.346654
   1.1498321  -2.21616577  2.00201088  0.29765384  0.50497733 -1.35232513
   1.16238117 -1.4797424   1.99114656  1.28320785 -0.88757616 -2.10959453
  -0.47704408  0.53939417 -1.48997757 -1.6262263   2.04586415 -1.38235139
  -1.73714975 -0.60187975  0.04311947  0.64136219 -1.18110173 -0.13991739
   1.49025533 -1.69800262 -0.54085506 
   0.80360123 -0.72806586 -0.80141136 -1.22459741 -0.11884583  0.20920519
  -0.86902368 -2.27326104 -2.29079607 -2.40337343 -1.77392547  1.64748055
  -2.40427005 -1.43435023  0.03876629  0.02174292  0.76139498  0.01451192
  -2.11794194  1.76155416  1.33749146  1.23994102  0.67752065 -2.60088529
   2.55815451 -0.49111198  1.58641982  0.30312449  2.208847    0.36513797
   0.11140123 -1.67276842 -0.17543373 
  -0.23400216 -2.52308384  0.30976722  0.69182181 -0.57446399  1.05969724
  -1.01320132 -2.21343984 -1.4328368  -0.06490592  1.12230803  0.224798
  -2.5946625   1.86446319 -0.42213297  0.15547799  0.54788375 -1.17645862
   0.9712909   1.47871546 -0.72671513 -1.10082778 -1.27734076 -2.55859205
  -1.75180354 -1.67028609  3.21328412  0.9089363  -1.18418455 -0.37790631
   1.52181585  2.36892486 -0.41043633 
  -1.35239907  3.96617216 -1.12690797 -2.48354515 -1.94056442 -1.10762748
  -1.11368449  0.19152866  1.02099099 -2.19779771 -2.5455567   0.22698681
  -0.79700068  1.33380061  0.15290204  1.61273422 -0.82331653 -0.4771241
   0.011745   -0.7259784   0.7301355   1.80847034 -0.52542345  0.96790212
   0.75507453 -1.68452132 -1.31005353  0.01258282  0.88871173 -0.77933021
   1.44418622  1.11743086 -0.48115503 
  -0.45065943 -0.86993749 -2.47608643 -1.97821306 -1.98704101  0.83730134
   0.10030016 -0.26516778 -0.57049329  3.0976282   0.05485972  2.05547052
  -1.0331171   0.18785324 -0.40331684 -1.26152455 -0.06198692 -1.06100217
  -0.36670535 -1.32344976  0.432163   -0.42513682 -0.8597363  -0.69853439
   0.0748221  -0.20444027 -1.71276882  0.44334283  1.43909933 -1.15342277
   1.83176613 -0.44279823 -0.20750876 
  -0.31533656 -0.78928313  0.58849118  1.86035964 -2.16344433  1.16574536
  -0.17145669  0.91647016  0.93231401 -0.69712991 -0.8078781   0.02838083
  -1.6350442  -0.67350393 -2.4262864   1.8844631  -2.74222138  0.34627502
   0.97293893 -0.76656527  0.72232068 -0.6592863   1.32723514  0.34780595
   0.37187212 -1.97091144  0.92013169 -1.22672027  0.13667736 -0.98425304
  -0.84015688  0.69083325 -0.39913287 
  -0.62309892  1.92501273  0.26309017 -1.05790362 -0.94196812 -0.16647445
   0.92624599  1.41088179 -0.87132428  0.18467242 -0.88947325 -0.65514139
   0.24287867  0.44460763  1.73165891 -1.04973884  0.4609849   0.27328279
  -1.16898248  0.4211127  -0.59228197  0.95883418 -0.24536987 -0.26398484
   0.89371106 -1.2192818  -0.45215956 -0.32477272 -2.09943477 -0.10779511
  -1.67318886 -2.66890628 -0.82045409 
  -0.23794877 -1.61976978 -2.19250595  1.64801213  1.28025505  0.88747225
  -0.47088665 -0.45953355  1.67671419  1.19638588  0.13326772  0.37570012
  -0.20750668  0.22291783 -0.97241766 -0.38090808 -0.23292478 -1.62181869
  -0.84097221  1.55126517 -0.56377428  0.7156299   0.2749983  -1.4060696
  -0.56591254 -1.41557192 -1.52480645 -0.48044656  1.06146886 -0.52901594
  -0.80341949 -0.586541   -0.17743831  