NN 16 32 16   -4.12001642e+00  -1.02474940e+00   3.79418230e-02   6.45195950e-01
    2.63670012e+00  -9.25744282e-01  -2.29333978e+00  -2.15062328e+00
    3.60519966e+00  -1.24398317e+00  -2.32325224e-01   3.16094661e-01
    9.70442546e-01  -1.48418140e-01   3.59521689e-01  -5.83022395e-01
   -8.62901901e-01 
    7.01025260e-01  -6.17678769e-01  -4.33064518e-01   7.50480201e-02
    9.16804303e-01  -2.14311948e-01   3.26232382e-01   3.73427697e-01
   -2.89037418e+00   7.44409039e-01   2.33385289e+00  -4.17775617e+00
    8.54990047e-01   6.94629364e-01  -2.37915207e+00   1.36634631e+00
    6.34722224e-01 
   -1.17369071e+00   2.11263951e-01  -2.54299060e+00   8.37395853e-01
    2.99983519e+00  -1.87697472e+00  -7.91378266e-01  -9.76155372e-01
   -9.21675329e-01   8.49485408e-01  -5.12236705e-01   1.80168535e-01
    1.47119008e+00  -6.65332883e-01  -2.62130090e-01   2.17055943e+00
    1.94766740e-01 
    1.75782601e+00  -8.30687916e-01  -1.43249342e+00   1.10788833e+00
    2.56804254e-01  -1.05848864e+00   7.98250732e-01  -4.72213277e-01
   -1.71239803e+00   9.08640938e-01  -1.56236176e+00   1.78650787e+00
    1.82782460e+00  -1.68331662e+00   1.29570549e+00  -2.00550935e+00
   -1.49973595e-01 
   -1.04205213e-01  -1.79112573e+00   1.52034932e+00  -1.32320332e+00
   -1.03900605e-01  -7.48995847e-01  -2.01052338e-01  -2.15286030e+00
    1.26793197e+00  -5.89140918e-01   1.42720081e-01   2.11860444e+00
    1.58840138e+00   2.29120819e+00  -1.96171278e-01  -1.50022957e+00
   -7.00714327e-01 
   -4.76330833e-01   1.27295243e+00   2.05661761e+00  -1.22026553e+00
    8.35940563e-01   1.22411597e+00   2.19191187e+00  -4.73804582e-01
    3.65189162e-02  -1.30195524e-01  -2.15251448e+00   5.15003814e-01
   -8.23369772e-01  -1.42313673e+00  -4.27660500e-01   5.47737400e-02
    1.68752838e-01 
    1.03409628e+00   1.73797227e+00   1.66213347e+00  -2.00678910e+00
   -1.18158727e-01   3.11302723e-01  -2.04286073e+00   1.63477845e+00
   -5.15255757e-01   5.25241635e-01   9.69155569e-01   1.74077195e-01
   -9.40214134e-02  -4.34992979e-01  -1.42223319e+00   8.53248848e-01
   -7.13456851e-01 
    9.53487225e-01  -1.36648051e+00   1.35828431e+00  -4.60922594e-01
    5.90931017e-01   4.36815079e+00  -2.34020891e+00  -2.04718715e-01
    2.68719555e+00   2.35194482e+00   2.28458408e-01  -3.13455359e-01
   -5.87819043e-01  -2.84839499e+00  -1.45872195e+00  -1.37564637e-01
   -6.73824216e-01 
    9.39565417e-02   2.79161655e+00  -6.96442736e-01  -1.16720142e+00
    7.43889714e-01  -1.27765213e+00  -1.22192200e+00  -2.26876036e-01
   -1.74503344e+00   2.45534725e+00   1.50822799e+00  -1.21568259e+00
    9.83508332e-01  -1.90508106e+00   1.50694050e+00  -1.75160553e+00
   -1.41589995e-01 
   -1.34628682e+00  -2.84309568e-01  -7.70334559e-01   1.09597516e+00
    1.81367279e+00  -8.63186915e-01   1.26404805e+00  -7.24497494e-01
   -1.13601028e+00   8.03423479e-01   8.76432916e-01   2.21714214e+00
   -2.98406947e+00   4.19740779e-01  -8.60895436e-01  -1.38811549e+00
    3.71559502e-01 
   -7.50823237e-01   6.05835023e-01   1.93432215e-01  -2.89697557e+00
   -2.49226841e+00  -1.45143273e+00   1.65934724e-01   4.41273049e+00
   -1.56344193e+00   4.81914280e-01  -4.15912361e-01   3.17728070e+00
   -1.18303772e+00  -4.29916574e-01  -9.87368987e-02   5.60290394e-02
   -6.14693975e-01 
    3.27055011e+00  -7.71388325e-01   1.96709032e-01   1.98863443e+00
    1.56293929e+00  -7.88471847e-01  -1.26483921e+00   6.77498812e-01
    3.20132525e-01  -1.32254539e+00   5.99127880e-01  -5.34229837e-01
   -3.06993220e+00   5.06544234e-01   1.15952023e+00  -1.12093517e+00
   -2.98009358e-01 
   -1.79708255e-01  -2.62368315e+00   1.64166341e+00  -3.90726538e-02
   -9.96904424e-02   3.05815279e-01  -3.52539394e+00  -4.22210632e-01
   -1.92539321e+00   1.04183314e+00   3.05712222e+00  -2.39864378e-02
   -5.57175289e-01   1.21335232e+00  -5.93038031e-01  -8.33667841e-01
   -1.40427855e+00 
   -6.93553799e-01   5.10726391e-01  -5.37483446e-01   8.22186716e-03
    2.35913735e+00  -2.16608060e+00   1.15689916e+00   1.08006581e+00
    1.09388925e+00   1.58849431e+00  -2.33341790e+00  -1.64367522e+00
   -1.17772191e+00   2.39224253e-01  -4.52380180e-01  -1.25572066e-01
   -1.71027570e-01 
    1.75459527e+00  -1.85718019e+00   8.40381843e-01   3.17528035e+00
   -2.33156300e+00   6.91090293e-01   4.48232188e-01  -9.22950126e-01
   -1.56192676e+00   7.75501613e-02  -5.53682232e-01  -2.97279618e-01
    7.22946674e-01   2.46360518e+00  -2.23386878e+00  -1.68287495e-01
    6.31573562e-01 
    1.64983406e+00  -1.24617158e+00  -3.89887367e-01   2.47138560e-01
   -2.72998073e-01  -2.41698358e-01   3.17336980e+00  -3.07159352e+00
   -1.06567036e+00  -1.10588922e+00  -5.03023566e-01  -9.49784757e-01
    1.16298349e+00  -2.05641814e+00   9.20027153e-01   6.64444401e-01
    5.37633242e-01 
    1.61986573e+00   8.38158907e-01  -2.91762369e+00  -4.59154913e+00
    1.21797336e+00   2.08624357e-01   7.02128130e-01   1.55418318e+00
    7.29931750e-01   4.04962036e-01  -7.60232891e-01  -1.23544838e+00
   -2.58385519e-01   1.69082749e+00  -4.64333546e-01   1.33894161e+00
    4.04133207e-01 
   -1.60360831e+00   4.98286177e-01  -2.48495138e-01   3.17166399e-01
    6.85544529e-01  -1.99129140e+00   3.91567386e-01   2.28643040e-01
    1.51182693e+00  -1.06399580e+00   1.39486365e+00   3.56899534e-01
    8.73309808e-01  -1.16701893e+00  -7.95459721e-01   1.21171058e+00
   -7.57708806e-01 
   -2.16446806e-01  -2.40738303e+00   2.26550096e+00   3.77027776e-02
   -2.50607968e+00   2.20315172e-01  -2.48927501e-01   1.78923195e+00
    5.94557360e-02   1.60512420e+00  -1.70727722e+00  -5.17173681e-01
    5.88186886e-01  -1.08006585e+00   6.58639045e-01   6.87325221e-01
    1.43717518e-01 
   -1.32741370e+00   5.06687645e-01  -8.71835445e-01   2.46658756e+00
   -8.41426462e-01   1.97245689e+00   1.19547975e+00  -1.79026133e+00
   -6.13019529e-02  -1.66513621e+00  -4.32600814e-01   7.03251712e-01
    1.79156657e+00  -1.59763012e-01  -2.95114812e-01  -2.46723541e+00
    3.57380305e-01 
   -2.21250298e-01   2.74579114e+00   1.22018091e+00  -5.49806400e-01
   -1.40925919e-01  -4.85465493e+00   1.24737359e+00   3.64740714e+00
    1.43705501e+00  -2.68097748e+00   7.47767364e-01   1.37318509e-01
   -3.50426828e-01  -7.82533640e-01   8.98228618e-01  -3.09186420e-01
   -2.19076637e-01 
   -2.75035325e+00   8.73342509e-01   2.09122754e+00   7.68755986e-02
    1.64898053e+00  -9.71981914e-01  -1.61957329e+00  -1.43123645e-01
    2.44797719e+00  -1.13169902e+00   3.74296988e-01  -1.75256260e+00
    4.53757362e-01   5.47516168e-01  -1.17391520e+00  -4.43148980e-01
    6.89279406e-01 
   -2.24318782e-01  -7.95425503e-01   5.37313894e-01  -7.82546854e-01
    2.52775099e+00  -1.10106512e+00   2.36790462e-01   2.44578941e+00
   -2.63176759e+00  -9.22124934e-01   1.38535060e+00   9.40535929e-01
    2.87089433e-01  -8.78497940e-01  -5.42745779e-01  -1.31995153e+00
   -4.15922034e-01 
   -2.08951845e+00   1.78065182e-01  -1.36553246e+00   2.06252197e+00
   -9.64221324e-01   1.14282569e+00   8.97747122e-01  -7.41901334e-01
    1.02758090e+00   1.42182117e+00   1.91001134e+00  -1.62862674e+00
    8.78463710e-01  -1.42428131e+00   6.06209217e-01  -3.86967465e-01
   -6.58226178e-01 
    2.23380420e+00   1.82712683e+00  -2.22825803e+00  -1.26152026e+00
   -3.70364324e+00  -1.55311327e+00   9.16578659e-01   6.70108610e-01
    1.42164027e+00  -2.27304954e+00   1.98849590e+00  -7.00054494e-02
    9.24682126e-01  -2.33325637e-01  -6.37145340e-01   2.99120662e-01
   -1.95170255e-03 
    1.82764628e+00   5.36092240e-01  -2.19514714e+00   1.68299708e-01
   -1.03169765e+00  -5.88238916e-01   2.87994620e+00  -3.09962855e+00
   -2.86265845e-01  -1.41084650e-01   2.69161168e-01   8.76068465e-01
   -9.48122283e-02   1.41473413e+00   7.92451242e-01   1.41822277e+00
   -4.26328801e-01 
   -6.97806839e-01  -3.29870031e-01   2.02730394e+00  -2.92123268e-01
    1.86823144e+00   1.98074592e+00  -3.54702881e+00   2.84414288e-01
    3.42291443e-01  -9.94254430e-01  -3.50860208e+00   2.23470699e-02
    2.01573030e+00  -1.57036300e+00  -2.14739436e-01   3.27602471e+00
   -3.52471670e-01 
   -5.77944550e-01   3.15039650e+00   1.16687742e+00   1.80505855e-01
   -1.41638763e+00   1.85183894e+00  -7.99907708e-01   1.86745786e-01
   -8.99018423e-01  -2.41407464e+00  -1.34445044e-01   7.71754061e-03
   -9.42829054e-01   6.67804973e-01  -1.09546717e-01   7.87147564e-01
   -6.17376794e-01 
   -1.22114100e-01  -9.81679131e-01  -1.39709872e+00   4.81505585e-02
   -1.43285921e-01   2.63305534e+00  -7.08120070e-01   9.06134859e-01
    2.65513828e-01  -2.99555506e+00   1.09019189e+00  -2.03448346e-01
   -1.55600155e+00   7.21431527e-03   3.35637225e+00  -1.62301048e+00
    7.09785869e-01 
   -1.57323131e-01   2.71660229e+00   8.62101594e-02  -1.00392790e+00
    1.00774886e+00  -1.77733550e+00  -2.57737819e+00  -1.12631982e+00
   -5.45613229e-01  -1.01377952e+00  -1.86491580e-01   9.40890738e-01
    7.84573473e-01   5.37163430e-01   2.80336841e-01   1.01619893e+00
   -1.35852920e-01 
   -8.88957709e-01   1.41732447e-01   3.16652038e+00   1.71208326e+00
    7.64507877e-01   4.85097044e-01  -2.29635531e+00  -1.48110959e+00
   -7.46338909e-01   6.16151862e-01  -2.18603734e+00  -1.54396282e+00
   -1.94381680e+00   1.75673581e+00   1.81722196e+00   1.17978429e+00
    1.99522435e-01 
    1.61143426e+00   9.74766399e-01  -1.16039928e+00  -2.65999045e-01
   -9.56486584e-01  -1.62509700e-01  -4.41174942e-01  -6.17484183e-01
    1.77760472e+00   1.77702410e+00  -2.51535550e+00  -2.18655267e+00
   -5.23606124e-01  -1.90107600e+00   2.47689304e+00   8.29822790e-01
   -6.04678007e-01      3.72150507e+00  -1.14637805e+00   4.41890308e-01  -2.04443974e+00
   -8.85205146e-01   1.52051879e+00  -8.70966203e-01  -1.07069247e+00
    2.63500490e-01   6.63097989e-01  -1.06566281e-01  -3.24600865e+00
   -8.22099987e-01   6.62403203e-01   1.07766272e+00  -1.49380863e+00
   -1.30949807e-01   6.94603952e-02   2.32256768e-01  -1.41487281e-01
   -1.72815674e-01   1.76305862e+00   7.33258092e-01   2.13691770e+00
   -1.32720533e+00  -8.82565728e-01   2.32040920e-01  -2.39508290e-01
    2.05551165e-02  -3.52500333e-01   2.15061412e-02  -1.19971277e+00
   -1.93177708e-02 
    6.16407733e-01   3.83807102e-01  -2.02144217e-01  -2.89274018e-01
    1.09945859e+00  -3.61579141e-01  -1.40055275e+00   8.73230118e-01
   -2.01359810e+00  -1.96473118e-01  -8.61083741e-01   4.71600147e-02
    1.14233541e+00  -1.04280629e-01   1.53349527e+00  -1.86231084e-02
   -1.09802679e-01  -1.17839988e+00   2.00318276e+00  -2.05167035e+00
   -1.41933510e+00   2.35409136e-01   3.86122626e-01   9.00898495e-02
   -1.37591005e+00   7.12199291e-01   7.70441417e-01  -4.55884137e+00
    1.51183760e+00  -1.61312371e+00   2.23966622e-01  -1.20249117e+00
    3.21963961e-01 
    5.95756682e-01  -1.25890231e-01   2.90554759e+00   1.27976645e+00
   -1.78429531e+00  -1.97601942e+00  -1.31169737e+00  -8.71806758e-01
    1.24560434e+00   1.01892063e+00   3.50250702e-01   5.76688086e-01
   -2.07656059e+00   6.93428341e-02  -4.52551352e-01  -1.17797649e+00
    2.20473116e+00   1.55592044e-03  -1.37224870e+00   1.39754664e+00
   -1.31334904e+00  -2.52110314e+00  -9.52831557e-01   1.14233215e+00
    1.20884555e+00   6.83857167e-01  -2.61128102e+00  -5.86329347e-01
    2.21652762e+00  -1.63566512e-01  -2.26230388e+00   9.55238079e-01
   -3.61266444e-01 
   -1.50417753e+00   3.29945577e-01  -1.43544498e+00  -1.01541073e+00
    1.96197127e+00   1.31291455e+00   1.19642984e+00   8.74476020e-02
    5.89170572e-01  -8.22894072e-01   2.90772709e+00  -1.99818421e+00
    2.52763163e-01  -8.23452317e-01  -3.23323234e+00   2.92759233e-01
    3.95188078e+00  -1.24418120e-01   1.08850875e-02  -2.26535985e+00
   -9.91965580e-01   5.62909921e-01   8.23243399e-01  -2.82921923e+00
    5.90915974e-01   5.22702582e-01   9.21599584e-02   1.37627954e-01
   -2.22448161e-01   2.65830553e-01  -1.63267537e+00  -5.00781510e-01
   -1.49258157e-01 
   -2.04523074e+00  -1.12252418e+00  -2.34872108e+00  -5.47816119e-01
    2.41577010e-02  -3.44244496e-01   5.78299711e-02  -1.15111355e+00
   -1.69089100e-01  -3.04824993e+00   1.68138099e+00  -6.39041421e-01
   -1.25642178e-01  -2.59033620e+00   3.02265680e+00  -1.75674924e+00
   -1.00774573e-02  -1.67271546e+00   2.72765595e+00  -4.15008005e-01
    1.15367140e+00  -1.16908423e+00  -3.33901842e+00   2.20145952e+00
    1.78800293e+00   1.24481415e+00  -1.55202920e+00   4.75086714e-02
   -2.17346697e-01  -6.00610083e-02  -1.00961019e+00   1.93569353e+00
   -9.13766266e-02 
   -1.56618093e+00  -2.91673418e-01   7.57790491e-01   3.40057460e-01
    1.23052812e+00  -6.63281393e-01  -5.13067251e-01  -3.59874524e+00
    1.13717337e+00   1.53824479e-01  -2.99155219e-01   4.77980426e-01
   -9.07134701e-01   1.93698612e+00  -6.96286471e-01  -2.13012032e+00
   -1.34194355e+00   7.63268953e-01  -1.90093261e-01  -2.53173050e+00
    4.35308864e+00   5.17728745e-01  -1.58944467e-01  -2.45940782e-01
    5.31612093e-01   6.26110885e-01  -1.09653156e+00  -1.80362590e+00
   -3.72478356e+00   8.55870392e-01  -1.17394402e-01   3.72823749e-01
    7.21881111e-02 
    8.90194066e-01  -1.54777107e+00  -1.00965202e-01  -8.81970717e-01
   -1.38817294e-01  -2.60679114e+00   1.03838097e+00   1.00142991e+00
    5.65842706e-01  -2.09934584e+00  -6.12806060e-01   2.76272466e+00
    2.86823306e+00  -1.65158721e+00  -1.15355174e+00  -4.00785429e+00
   -7.54225182e-01   6.30713204e-02  -5.40086160e-02  -7.43146341e-01
   -7.14297609e-01  -1.07556000e-01  -3.95977726e-01  -8.11269943e-01
   -1.30588126e+00  -2.02807364e+00   9.18935048e-01   4.58446352e-01
    5.05895694e-01   2.82576713e+00   9.74616500e-01   2.72375258e-01
   -4.65704763e-01 
    1.00928569e-01  -6.30883416e-01   2.09769213e+00  -7.07572270e-01
    1.75660679e+00  -9.94895448e-02  -9.72837520e-01  -1.58444697e-01
   -2.64938735e-01   4.33560488e-01  -4.42678178e+00   1.49815030e-01
    2.07888980e-01  -1.94694676e+00  -5.49817444e-01   2.31550888e+00
   -2.51988446e+00  -5.89249399e-01  -2.29156813e+00  -2.21928967e-01
   -2.77619832e+00  -8.54604344e-02  -3.08483468e+00   2.99192591e-01
   -3.11062718e-01   3.44743634e+00   3.11953929e-01   7.21816565e-01
   -1.44818319e+00   7.36381115e-01   1.13570552e+00  -5.17843311e-02
   -1.16562295e+00 
   -2.14561039e+00   2.50216321e+00   1.20090253e+00   1.51461236e+00
   -2.08490981e+00  -2.25684056e-01   1.23208561e+00  -2.38881969e+00
    2.38568716e+00   3.39245572e-01   7.27038579e-01  -1.65147395e+00
    1.07579671e+00  -1.67814480e+00   1.85674659e+00   1.23121989e+00
   -7.17144442e-01  -2.59143097e+00  -3.78346281e-01   5.32878224e-01
   -1.55816697e+00  -1.82950158e+00   2.17552173e+00  -1.22405986e+00
   -2.01221761e+00  -3.55885776e-01  -3.25886118e-03   3.48365654e-01
   -1.41860197e+00  -6.36016834e-02   1.53830787e+00  -1.95454448e+00
   -5.82236078e-01 
    1.17162202e+00  -1.00096907e+00  -9.86388308e-01  -1.55748437e+00
   -1.32214067e-01   1.07799066e-01  -1.02433797e+00  -2.54958293e+00
   -2.64507017e+00  -2.63756396e+00  -1.90018475e+00   2.01758062e+00
   -2.59391868e+00  -1.45134902e+00   2.65563891e-01   1.77305256e-01
    5.71318372e-01  -8.03113521e-02  -2.26824872e+00   1.68834555e+00
    1.37311676e+00   1.27573235e+00   5.30954404e-01  -2.54320281e+00
    2.71248011e+00  -9.48820049e-01   2.09257569e+00   5.97414776e-01
    2.70191640e+00   4.78848430e-01   5.43291356e-03  -2.00654477e+00
   -4.70926118e-01 
   -2.60777495e-02  -2.95731932e+00   4.88768431e-01   9.88618827e-01
   -6.25742747e-01   1.41422668e+00  -1.18330196e+00  -2.28322127e+00
   -1.85356154e+00  -1.66132961e-01   1.21552635e+00  -4.13558006e-02
   -2.63016054e+00   1.91000484e+00  -3.45516528e-01   2.61871639e-01
    3.96015742e-01  -1.36756864e+00   1.11401175e+00   1.61231214e+00
   -7.79123803e-01  -1.35130619e+00  -1.37408174e+00  -2.88888133e+00
   -1.63121856e+00  -1.69673439e+00   3.64303747e+00   1.04497649e+00
   -1.22767938e+00  -3.20413222e-01   1.61242651e+00   2.65251299e+00
   -5.41000164e-01 
   -1.19156456e+00   4.60606969e+00  -1.43362820e+00  -2.60398890e+00
   -2.18773561e+00  -1.25082158e+00  -1.19427631e+00  -1.12519112e-01
    1.03551967e+00  -2.40134929e+00  -2.72036512e+00   3.99095132e-01
   -6.46911003e-01   1.32452492e+00  -3.10045548e-01   1.63475687e+00
   -6.76474922e-01  -5.78589758e-01  -4.99218196e-02  -9.09060391e-01
    7.81246126e-01   1.80797897e+00  -6.65665278e-01   9.41755383e-01
    4.59898095e-01  -1.67610750e+00  -1.51532536e+00  -5.08865166e-02
    1.14711609e+00  -9.71308437e-01   1.77755153e+00   1.23287720e+00
   -7.01253823e-01 
   -4.29237017e-01  -1.01086513e+00  -2.54097712e+00  -2.11692383e+00
   -2.15616775e+00   9.61857628e-01  -7.06936555e-02  -1.90964165e-01
   -7.07411138e-01   3.64489344e+00   1.18403235e-01   2.19590296e+00
   -9.81191442e-01   3.80011126e-01  -5.65352696e-01  -1.34616314e+00
   -1.35511009e-01  -1.12710213e+00  -4.51591226e-01  -1.51596776e+00
    2.93509977e-01  -3.62202993e-01  -9.05775212e-01  -7.19823662e-01
   -1.19734245e-01  -2.34085145e-01  -1.93727962e+00   4.90080305e-01
    1.58132604e+00  -1.25111213e+00   2.07063039e+00  -4.48079185e-01
   -2.38974169e-01 
   -2.47429858e-01  -7.99527627e-01   5.04848851e-01   1.98000224e+00
   -2.39512854e+00   1.34430854e+00  -2.44885613e-01   1.12235723e+00
    9.67328293e-01  -7.57535027e-01  -9.34277036e-01   1.02551494e-01
   -1.72081008e+00  -7.45291597e-01  -2.72029769e+00   2.18467334e+00
   -3.07861436e+00   4.68416444e-01   1.02432969e+00  -8.43461876e-01
    8.55847532e-01  -5.87316822e-01   1.47095977e+00   3.66396132e-01
    2.52902779e-01  -2.09660745e+00   9.42042804e-01  -1.36655002e+00
   -8.77882377e-03  -1.17073705e+00  -9.33935011e-01   7.48709168e-01
   -5.69429621e-01 
   -5.75148464e-01   2.26426168e+00   3.39986911e-01  -1.10691508e+00
   -9.70400491e-01  -2.14794640e-01   9.78793419e-01   1.59603817e+00
   -1.09032762e+00   2.45792225e-01  -1.02176204e+00  -6.33526009e-01
    2.44525261e-01   3.75090724e-01   2.01766189e+00  -1.20102393e+00
    4.89231860e-01   2.65128643e-01  -1.41917709e+00   4.38080944e-01
   -8.02910482e-01   9.97403767e-01  -3.76829658e-01  -3.66553317e-01
    9.92506176e-01  -1.23872927e+00  -3.67149168e-01  -3.96456054e-01
   -2.63220256e+00  -1.43771458e-01  -1.92624395e+00  -2.95511745e+00
   -9.54887876e-01 
   -1.62653274e-01  -1.79489292e+00  -2.39885302e+00   2.06109850e+00
    1.39859907e+00   9.03829053e-01  -4.11090398e-01  -4.99535255e-01
    2.11644517e+00   1.27672838e+00   1.77335961e-01   5.30372810e-01
   -4.79542894e-02   2.74335795e-01  -1.06339542e+00  -5.87674126e-01
   -2.44714446e-01  -1.90563048e+00  -9.33299003e-01   1.68484893e+00
   -4.43531583e-01   7.66463139e-01   4.51268695e-01  -1.57577044e+00
   -5.01199840e-01  -1.58420013e+00  -1.63261508e+00  -6.52118004e-01
    1.13257819e+00  -4.88728729e-01  -8.78814056e-01  -6.54014106e-01
   -1.80876693e-01  