NN 16 32 16   -3.10046035e+00  -8.21745331e-01  -3.05528340e-01   5.25448362e-01
    1.85124688e+00  -8.83373891e-01  -1.54860264e+00  -1.59466734e+00
    2.71006292e+00  -1.35499584e+00  -2.46360528e-01   5.20507621e-01
    7.12712012e-01  -2.19667037e-01   2.32945276e-01  -3.95961509e-01
   -7.67424736e-01 
    4.67377345e-01  -3.34480516e-01  -2.31339108e-01  -4.61177286e-01
    9.83996730e-01  -2.65043698e-01   1.85352310e-01   5.05756989e-01
   -2.29218422e+00   6.50592488e-01   1.87159232e+00  -3.26223010e+00
    6.37063613e-01   7.27642677e-01  -1.62650615e+00   1.24463303e+00
    5.51648507e-01 
   -6.30909548e-01   1.39376762e-01  -2.46027765e+00   9.78439436e-01
    2.37345737e+00  -1.71986020e+00  -3.15621077e-01  -7.01776820e-01
   -1.04090591e+00   3.59905313e-01   6.90750703e-02   1.55532873e-01
    1.46868566e+00  -8.26641301e-01  -1.09619702e-01   1.71279704e+00
    1.56659704e-01 
    1.49090456e+00  -7.55844033e-01  -9.17582790e-01   7.14606121e-01
    1.04370374e-03  -9.55581918e-01   9.94483556e-01  -3.54634851e-01
   -1.35980683e+00   7.41907348e-01  -1.32434528e+00   1.58366854e+00
    1.65561603e+00  -1.57574989e+00   9.81475160e-01  -1.80520648e+00
   -3.32450679e-01 
   -3.45637949e-01  -1.45844857e+00   1.32530353e+00  -1.02912359e+00
   -3.46190955e-01  -7.03722437e-01  -9.67747320e-02  -1.70477647e+00
    1.25892692e+00  -2.38048069e-01  -2.01567985e-01   1.72894432e+00
    1.50658550e+00   1.99217909e+00   4.03899562e-02  -1.44187840e+00
   -7.63349809e-01 
   -4.25434016e-01   1.22243971e+00   1.39149475e+00  -1.15273017e+00
    5.99588278e-01   1.05415561e+00   1.47329849e+00  -1.18876950e-01
    1.96903217e-02  -3.08673101e-01  -1.56945130e+00   5.55305901e-01
   -7.82176212e-01  -1.30525392e+00  -2.36505094e-01  -1.64528778e-01
   -2.77607262e-02 
    6.23795026e-01   1.38115738e+00   1.26713931e+00  -1.76758666e+00
   -1.31862353e-01  -6.82450211e-02  -1.75028164e+00   1.04278399e+00
   -4.89895536e-01   5.59749477e-01   9.12894938e-01   3.15405048e-01
   -2.74068638e-01  -4.83864857e-01  -1.27313333e+00   7.49313883e-01
   -6.58373107e-01 
    6.13679081e-01  -1.32010586e+00   1.06801281e+00  -4.11944541e-01
    8.18082739e-01   3.53925119e+00  -1.71197297e+00  -5.91414307e-02
    2.15072678e+00   2.15163085e+00   5.14769060e-01  -6.42665269e-01
   -6.84671888e-01  -2.35547586e+00  -1.18718906e+00  -4.57568784e-02
   -6.69085717e-01 
    2.59532361e-01   2.40756939e+00  -8.91116341e-01  -7.46261793e-01
    8.87112669e-01  -1.10426392e+00  -8.98278280e-01  -9.37913067e-02
   -1.63952597e+00   2.08477480e+00   1.29548858e+00  -1.07150320e+00
    6.69838259e-01  -1.73377582e+00   1.11103843e+00  -1.36620760e+00
   -1.33141518e-01 
   -1.46326269e+00  -2.45904946e-02  -8.53803984e-01   1.27022617e+00
    1.73420598e+00  -8.12859076e-01   1.26335141e+00  -7.11006557e-01
   -8.60987976e-01   1.07755581e+00   2.22437062e-01   1.88371521e+00
   -2.37073286e+00   5.60250527e-01  -2.82900175e-01  -1.21455359e+00
    2.93944242e-01 
   -5.33015081e-01   4.51152576e-01  -3.14664484e-02  -2.56486955e+00
   -1.93990927e+00  -1.16943795e+00   2.58426035e-01   3.69997867e+00
   -1.00118336e+00   5.71973526e-01  -4.30053979e-01   2.57591906e+00
   -7.91143741e-01  -2.55999390e-01   3.96842492e-02   3.91227365e-02
   -5.92000562e-01 
    2.58498720e+00  -7.97048856e-01   5.62286724e-01   1.72220417e+00
    1.40237383e+00  -4.73955332e-01  -1.38687314e+00   5.77070606e-01
    3.69730688e-01  -8.51699680e-01   1.30490150e-01  -6.77606163e-01
   -2.59138745e+00   3.58274911e-01   8.55932365e-01  -6.29885675e-01
   -3.77150104e-02 
   -2.77944500e-02  -1.66847156e+00   1.24580637e+00  -6.43324006e-02
   -6.00007723e-02   3.51338665e-01  -3.05097549e+00   1.30985995e-01
   -1.89096896e+00   8.79589010e-01   2.82304784e+00   3.48545633e-01
   -3.75673389e-01   1.15085343e+00  -5.27773229e-01  -5.06485258e-01
   -1.08589446e+00 
   -4.00798295e-01   4.76590667e-02  -6.25570144e-01   1.42706591e-01
    2.07712206e+00  -1.80622624e+00   8.39546343e-01   6.94349893e-01
    8.87615451e-01   1.53436418e+00  -2.09828955e+00  -1.67604837e+00
   -8.44395484e-01   5.51068355e-01  -4.33005231e-01  -9.93969302e-02
   -1.06649110e-01 
    1.18597602e+00  -1.91828530e+00   5.38009750e-01   2.59507520e+00
   -1.96892182e+00   8.90369475e-01   4.66268259e-01  -6.28189157e-01
   -1.55359592e+00  -5.83350743e-02  -5.24368205e-01  -4.76865993e-01
    8.00892709e-01   2.29786622e+00  -1.69070356e+00  -8.81866148e-02
    6.01093212e-01 
    1.27857247e+00  -1.05809016e+00  -4.23454370e-02   2.68346231e-02
   -2.77749356e-01   4.22020085e-02   2.94723653e+00  -2.73452562e+00
   -1.45089237e+00  -8.32248222e-01  -4.76993506e-01  -9.25202713e-01
    1.34777036e+00  -1.76373390e+00   5.62108546e-01   2.33719824e-01
    4.07009371e-01 
    1.34761307e+00   7.01153233e-01  -2.92302436e+00  -3.68996299e+00
    5.54732200e-01   2.24106036e-01   9.88867262e-01   1.60033231e+00
    4.41421076e-01   1.13408942e-02  -6.59651073e-01  -9.73686905e-01
   -3.06612836e-01   1.76890807e+00  -5.04296579e-01   9.42255278e-01
    1.44259248e-01 
   -1.34062092e+00   3.50797555e-01  -1.63898255e-01   1.51612136e-01
    6.55669033e-01  -1.18779818e+00   8.12050667e-02   6.82577316e-02
    1.33490538e+00  -8.42448017e-01   9.32758017e-01  -9.46853001e-02
    7.27511742e-01  -8.92589841e-01  -5.37072991e-01   1.04067093e+00
   -5.91414823e-01 
   -2.33694947e-01  -2.02079921e+00   1.92666355e+00  -1.75870397e-01
   -2.09425545e+00   5.72044460e-01   2.43855234e-02   1.30553293e+00
    4.03433922e-01   1.81108284e+00  -1.79447079e+00  -6.22314636e-01
    5.85136446e-01  -1.05570494e+00   5.57974620e-01   5.82131933e-01
    1.16328509e-01 
   -1.24598425e+00   4.14400352e-01  -9.61838655e-01   1.95108850e+00
   -9.08041646e-01   1.78166038e+00   7.68802837e-01  -1.38255026e+00
   -1.39566178e-01  -1.67307347e+00  -8.54144989e-01   6.61893329e-01
    1.67148633e+00   2.28687798e-01  -1.94641620e-01  -1.84733278e+00
    3.70933560e-01 
    3.01591520e-02   2.41503362e+00   8.70804551e-01  -2.08443005e-01
   -5.43280220e-01  -4.05238655e+00   1.02360730e+00   3.30605729e+00
    1.13359666e+00  -1.80445922e+00   7.32645721e-01  -5.46588616e-01
   -5.24652119e-01  -5.13228626e-01   5.29336860e-01  -9.37100467e-02
   -2.10814775e-01 
   -2.38589860e+00   8.36716613e-01   1.66335064e+00  -4.91385845e-01
    1.58685972e+00  -9.53865839e-01  -5.60140635e-01  -4.78321739e-01
    2.02266908e+00  -1.29560088e+00   6.43890568e-02  -1.70505049e+00
    4.82308929e-01   5.55793090e-01  -1.11114315e+00  -3.62094891e-01
    5.91943451e-01 
   -4.46473152e-01  -3.62422030e-01   4.83157707e-01  -8.37787436e-01
    2.08414964e+00  -1.47096073e+00   2.30162218e-02   2.14398543e+00
   -2.45602384e+00  -8.24204038e-01   9.46741988e-01   6.05705435e-01
    4.63286480e-01  -7.86467179e-01  -3.99727893e-01  -7.74798907e-01
   -3.86013473e-01 
   -1.91207785e+00   2.10587240e-01  -1.44216048e+00   1.94302456e+00
   -9.85258104e-01   1.03425764e+00   7.51926125e-01  -5.82646031e-01
    1.15639443e+00   1.53012120e+00   1.45508012e+00  -1.67546297e+00
    7.35352170e-01  -1.22231202e+00   4.27230862e-01  -1.58613216e-01
   -5.99304294e-01 
    1.53441914e+00   1.60738247e+00  -1.89229470e+00  -5.60883324e-01
   -3.30154140e+00  -8.67104049e-01   1.03227686e+00   6.96998285e-01
    1.20396127e+00  -2.29146839e+00   2.16154629e+00  -1.50705120e-01
    4.36369737e-01  -1.51142659e-01  -6.54235588e-01   1.54130632e-01
   -7.19867216e-02 
    1.48559546e+00   1.69006748e-01  -1.55976565e+00  -2.64366038e-01
   -1.12867311e+00  -4.60818148e-01   2.34295966e+00  -2.88027914e+00
    5.43443071e-03  -3.16623623e-01   3.16446818e-01   1.01292338e+00
   -1.29929389e-01   1.33089729e+00   9.62248085e-01   8.68363213e-01
   -6.01155094e-01 
   -6.37279349e-01  -7.10420134e-01   1.77972344e+00  -1.80359731e-01
    1.27728675e+00   1.47417076e+00  -2.63376309e+00  -1.81526401e-01
    3.38123212e-01  -7.61155501e-01  -2.97467145e+00   3.15138311e-01
    1.52192542e+00  -1.30103138e+00   5.95956579e-02   2.57286613e+00
   -2.65642390e-01 
   -7.17979972e-01   2.42323718e+00   1.25755165e+00  -1.84765949e-02
   -1.09188963e+00   2.07025428e+00  -4.28066336e-01  -1.56837686e-01
   -9.92173061e-01  -1.79361176e+00  -3.07167719e-01  -1.96814847e-01
   -8.59077158e-01   5.28568694e-01  -6.98775545e-02   6.89131176e-01
   -4.30298377e-01 
   -3.27967320e-01  -1.22361453e+00  -9.21559734e-01   1.50383290e-01
    3.41685275e-01   2.40305547e+00  -8.74063129e-01   7.99188474e-01
    6.34920159e-01  -2.23616678e+00   1.22994292e+00  -2.71153018e-01
   -1.39463013e+00   2.65944831e-02   2.47081785e+00  -1.27618204e+00
    5.15716346e-01 
   -2.89965857e-01   1.76250296e+00   4.45484876e-01  -7.65338893e-01
    7.26484311e-01  -1.56083845e+00  -2.07962203e+00  -1.49815372e+00
   -1.79624752e-01  -6.85778555e-01  -9.48956787e-02   8.61315108e-01
    5.45875179e-01   3.68451935e-01   3.69670905e-02   9.59072222e-01
   -3.13890231e-06 
   -1.18580135e+00   2.99903946e-01   2.43635428e+00   1.43968651e+00
    1.21476985e+00   2.00501513e-01  -1.50883475e+00  -9.87418606e-01
   -6.00882311e-01   7.54644665e-01  -1.86973210e+00  -1.38736719e+00
   -1.52284324e+00   1.36554039e+00   1.28159466e+00   1.05573673e+00
    3.26954204e-01 
    1.17364150e+00   1.05361325e+00  -9.29774684e-01  -3.51867049e-01
   -8.71988341e-01  -3.49047944e-01  -6.40974115e-01  -3.52304632e-01
    1.51197107e+00   1.47089885e+00  -1.94041195e+00  -1.65483645e+00
   -3.71652909e-01  -1.58984187e+00   2.25779039e+00   6.55679500e-01
   -5.07433681e-01      3.09156933e+00  -8.74213800e-01   1.49748012e-01  -1.83055663e+00
   -7.84285625e-01   9.08214352e-01  -5.87094739e-01  -9.31215158e-01
    4.58946163e-01   1.05691168e+00   5.10273591e-01  -2.73320667e+00
   -8.40833640e-01   3.49848114e-01   6.66792455e-01  -1.69484371e+00
   -3.98449929e-01   2.64349231e-01   1.06423706e-01   5.27505431e-01
   -2.73512839e-01   2.12338123e+00   3.76250783e-01   2.01047049e+00
   -1.86444539e+00  -9.09387141e-01   5.19597348e-01  -2.12566582e-01
   -6.76997010e-02  -4.60338307e-01   4.02519938e-01  -1.63650312e+00
   -2.55079627e-01 
    5.52281329e-01   3.76580997e-01  -4.21874556e-01   6.95871591e-04
    1.01875846e+00  -3.26182372e-01  -1.37355726e+00   1.09578009e+00
   -2.31000528e+00  -2.43422662e-01  -1.03369476e+00   2.63513370e-01
    1.33840861e+00  -1.91139114e-01   1.80524510e+00   2.41867630e-01
    1.69067960e-01  -7.99144392e-01   1.93950825e+00  -2.00978382e+00
   -1.60876716e+00   1.82976240e-01   2.37309487e-01   7.20810982e-02
   -1.65717688e+00   5.14325009e-01   7.28396618e-01  -3.76631084e+00
    1.34836198e+00  -1.60455491e+00   1.72491434e-01  -1.28173151e+00
    1.19836396e-01 
    7.67981220e-01   1.58615255e-01   2.86583300e+00   7.40089014e-01
   -1.94576042e+00  -1.39292569e+00  -9.12215317e-01  -7.38614634e-01
    1.52672905e+00   1.08057244e+00   3.10711195e-01   2.24868609e-01
   -2.21067523e+00   4.19944199e-02  -3.36954568e-01  -1.25159496e+00
    2.19100853e+00  -3.75315923e-02  -1.39576434e+00   1.24894628e+00
   -1.30906652e+00  -2.33169481e+00  -1.11208195e+00   1.27309721e+00
    1.28500468e+00   9.45750415e-01  -2.05527574e+00  -5.58538784e-01
    1.93900177e+00  -3.45910269e-01  -2.48277461e+00   8.23092267e-01
   -2.57782128e-01 
   -1.26220553e+00   6.50213370e-01  -1.36450670e+00  -9.99447516e-01
    1.66222407e+00   1.25577869e+00   1.47214803e+00   5.14026704e-01
    4.29256261e-01  -8.50041096e-01   2.42238965e+00  -2.24189686e+00
    7.27550397e-01  -1.15632863e+00  -3.09348317e+00   3.13494799e-02
    3.72535668e+00  -2.03201310e-01   5.25386067e-01  -2.02560858e+00
   -1.12153480e+00   6.44658240e-01   8.57160977e-01  -2.69760284e+00
    4.96334758e-01   5.40919554e-01   7.71361923e-02   2.52773798e-01
   -1.64390466e-01   3.28744365e-01  -1.72570779e+00  -5.07208754e-01
   -2.74204695e-02 
   -1.53432978e+00  -1.07599886e+00  -1.99354004e+00  -2.95082810e-01
    2.40077815e-01  -4.06336851e-01   1.46084080e-01  -1.16429251e+00
   -2.34305979e-01  -2.71666150e+00   1.22098118e+00  -3.75694266e-01
   -1.85233112e-01  -2.29604078e+00   2.53393723e+00  -1.65098400e+00
   -1.02705029e-01  -1.41412148e+00   2.72634277e+00   8.28555451e-02
    1.25583717e+00  -1.28433996e+00  -2.99127452e+00   2.19324977e+00
    1.98996251e+00   1.33738625e+00  -1.47638919e+00  -4.09112811e-01
   -1.03766810e+00  -5.38425192e-01  -1.04767456e+00   1.40383090e+00
   -1.64498824e-01 
   -7.02516470e-01  -3.07072313e-02   7.48832988e-01   8.26870890e-01
    9.64902709e-01  -6.92381979e-01  -3.34640494e-01  -3.51131805e+00
    9.92007855e-01   1.34515394e-01   7.56546027e-02   1.67424923e-01
   -5.54460106e-01   1.92074099e+00  -8.29778841e-01  -2.03313666e+00
   -1.28778546e+00   4.20104528e-01  -2.08072155e-01  -2.64554841e+00
    4.51144495e+00   3.11660625e-01   3.61350671e-01   2.04116293e-02
    7.34220924e-03   5.69711381e-01  -1.55877068e+00  -1.47138782e+00
   -3.40499203e+00   7.51999351e-01  -2.10187668e-01   6.60508647e-02
    1.25939885e-01 
    6.20730385e-01  -7.95811786e-01   1.99012043e-01  -1.14021913e+00
   -3.82535955e-01  -1.73939769e+00   1.29220338e+00   9.53679938e-01
    1.07395131e-01  -2.16213485e+00  -6.39908194e-01   2.38250690e+00
    3.13750111e+00  -1.58365871e+00  -1.18499703e+00  -3.78737694e+00
   -9.81647156e-01   1.39891134e-01  -2.80599637e-01  -8.74224952e-02
   -8.57969098e-01  -4.85838820e-01  -4.75910976e-01  -6.38877951e-01
   -1.70099811e+00  -1.67224124e+00   1.12366304e+00   2.33937183e-02
    2.86903862e-01   2.60652773e+00   6.34459343e-01   6.17466355e-01
   -3.25745997e-01 
    5.70708118e-02  -8.58608015e-01   1.96281480e+00  -5.35973317e-01
    1.48973914e+00  -1.62092639e-01  -9.95016098e-01  -6.34502030e-02
   -1.81671073e-01   4.30460165e-01  -3.94694496e+00   8.85256557e-02
   -1.40545314e-01  -1.30560155e+00  -3.73625714e-01   2.12488558e+00
   -2.12376137e+00  -5.97353284e-01  -2.24944441e+00  -3.58991500e-01
   -2.36177167e+00  -2.94952755e-01  -2.69430619e+00   1.28234593e-01
   -3.56596725e-01   3.12078460e+00   6.98507486e-01   5.33378718e-01
   -1.70180673e+00   1.06860573e+00   9.90894220e-01  -2.52265955e-01
   -6.94826428e-01 
   -1.81276462e+00   2.24640884e+00   1.09876187e+00   1.19275527e+00
   -1.83559119e+00  -2.76977234e-01   1.20126714e+00  -2.10341222e+00
    2.02724820e+00   2.37773375e-01   5.07572189e-01  -1.41914101e+00
    1.13370684e+00  -1.48198389e+00   1.98511165e+00   1.43409708e+00
   -8.33998411e-01  -1.96373926e+00  -4.46666008e-01   5.31899126e-01
   -1.42908938e+00  -1.53141758e+00   2.11451447e+00  -1.37674748e+00
   -1.62065462e+00  -5.93933176e-01   5.68272396e-02   7.22630122e-01
   -1.13537769e+00  -1.10301233e-01   1.42883404e+00  -1.64525349e+00
   -4.73511164e-01 
    6.74893041e-01  -7.51781725e-01  -7.38156835e-01  -1.19179418e+00
   -2.61569258e-01   1.15688476e-01  -8.64090238e-01  -2.30437338e+00
   -2.26285819e+00  -2.43776220e+00  -1.76731089e+00   1.66217971e+00
   -2.18461270e+00  -1.33446153e+00  -7.23726410e-02  -1.00164230e-01
    7.33271936e-01  -3.58129212e-02  -1.99701482e+00   1.76537803e+00
    1.16321692e+00   1.20878959e+00   5.63234369e-01  -2.50801476e+00
    2.67428951e+00  -5.00504951e-01   1.53643493e+00   2.07507552e-01
    2.15170488e+00   3.07047883e-01   3.45471455e-02  -1.48456431e+00
   -1.60101122e-01 
   -2.62358101e-01  -2.46631233e+00   2.99073434e-01   7.56826875e-01
   -3.97904720e-01   1.06884124e+00  -9.57257116e-01  -2.24017318e+00
   -1.36365833e+00  -3.95529127e-02   1.11024193e+00   3.54964385e-01
   -2.61498537e+00   1.86717692e+00  -3.98312885e-01   2.59337130e-01
    6.62751159e-01  -1.08567094e+00   9.18803064e-01   1.50074698e+00
   -6.13327649e-01  -1.00077839e+00  -1.22845330e+00  -2.51858128e+00
   -1.75169050e+00  -1.50999828e+00   3.12473887e+00   8.75859160e-01
   -1.13527834e+00  -3.28015911e-01   1.48961029e+00   2.31216180e+00
   -3.00693303e-01 
   -1.41331459e+00   3.89964887e+00  -1.10864093e+00  -2.49413046e+00
   -1.97802120e+00  -9.80629834e-01  -1.02441256e+00   2.85561743e-01
    9.78176107e-01  -2.14213406e+00  -2.54439443e+00   9.23322464e-02
   -7.98427360e-01   1.31065057e+00   2.13559742e-01   1.50201479e+00
   -7.52350263e-01  -4.13238754e-01  -5.78424202e-02  -7.39692743e-01
    8.04849123e-01   1.88427796e+00  -3.79482561e-01   8.87198092e-01
    7.89795532e-01  -1.83058493e+00  -1.26790819e+00   4.06481287e-02
    8.19808861e-01  -8.65555884e-01   1.26223650e+00   9.15634845e-01
   -4.88613513e-01 
   -4.52871317e-01  -8.29582722e-01  -2.44494814e+00  -1.95151104e+00
   -1.94444203e+00   8.07598100e-01   1.23031802e-01  -2.56760661e-01
   -5.41728602e-01   3.00904484e+00   4.84986294e-02   2.04747069e+00
   -1.03253507e+00   1.48524105e-01  -3.50920367e-01  -1.23146046e+00
   -4.65760558e-02  -1.03582040e+00  -3.44507413e-01  -1.27489540e+00
    4.68631734e-01  -4.33171206e-01  -8.47774359e-01  -6.66698888e-01
    1.20280903e-01  -1.84555358e-01  -1.68081812e+00   4.47228198e-01
    1.43931118e+00  -1.13456773e+00   1.79554849e+00  -4.38267426e-01
   -1.81151273e-01 
   -3.16313630e-01  -8.03102047e-01   5.88276628e-01   1.83337379e+00
   -2.11359318e+00   1.13120761e+00  -1.92935829e-01   8.85988919e-01
    9.05512589e-01  -6.76372984e-01  -8.21741886e-01   2.26035812e-03
   -1.61620061e+00  -6.71908302e-01  -2.38088836e+00   1.85429814e+00
   -2.69078645e+00   3.15638266e-01   9.41629274e-01  -7.40064469e-01
    6.69544169e-01  -6.76084411e-01   1.28028586e+00   3.37484697e-01
    3.77423352e-01  -1.93709257e+00   8.90918541e-01  -1.21921969e+00
    1.58418613e-01  -9.65468396e-01  -8.33853518e-01   6.63973819e-01
   -3.92821016e-01 
   -6.63966536e-01   1.73321746e+00   1.93732154e-01  -1.04057276e+00
   -9.86233125e-01  -2.26952316e-01   8.24626845e-01   1.22989074e+00
   -8.15699441e-01   1.13324668e-01  -8.18206221e-01  -6.79916283e-01
    2.03981981e-01   4.22252528e-01   1.54152730e+00  -1.03018525e+00
    3.79455293e-01   1.79344373e-01  -1.10854574e+00   3.71927454e-01
   -5.98961791e-01   8.29792571e-01  -2.67533045e-01  -3.00390844e-01
    8.58630868e-01  -1.25320256e+00  -5.55633785e-01  -3.62813422e-01
   -1.96340886e+00  -1.11591671e-01  -1.66055368e+00  -2.56363954e+00
   -8.86637677e-01 
   -2.76405454e-01  -1.57768196e+00  -2.17721970e+00   1.59125396e+00
    1.26829223e+00   8.48403997e-01  -4.89766981e-01  -4.35383438e-01
    1.53418734e+00   1.12089050e+00   1.35393061e-01   3.74586200e-01
   -2.31626542e-01   1.96164019e-01  -9.10584789e-01  -3.07712009e-01
   -2.28340298e-01  -1.58606494e+00  -7.70821288e-01   1.49382910e+00
   -5.75387471e-01   6.51099233e-01   2.28821068e-01  -1.40384964e+00
   -5.44429634e-01  -1.33211851e+00  -1.50070623e+00  -4.70742997e-01
    1.03425246e+00  -5.46986377e-01  -8.09355101e-01  -5.61501961e-01
   -1.71953441e-01  