NN 16 32 16   -3.83773628e+00  -1.16051033e+00   1.10702161e-02   4.23939478e-01
    2.45530430e+00  -8.89951146e-01  -2.07204492e+00  -2.18347627e+00
    3.37888014e+00  -1.28702772e+00  -3.00151125e-01   1.36138111e-01
    8.38764853e-01  -3.12626551e-01   2.00701376e-01  -6.42660324e-01
   -9.54909325e-01 
    5.41991357e-01  -4.38916622e-01  -3.43413377e-01  -1.45922476e-01
    1.19840077e+00  -3.34109495e-01   3.09606204e-01   4.14332149e-01
   -2.64339452e+00   7.90557731e-01   2.03138461e+00  -4.00127471e+00
    8.15886740e-01   7.75323196e-01  -2.16200882e+00   1.35079254e+00
    6.35420938e-01 
   -9.25920507e-01   9.59724781e-02  -2.52144409e+00   8.68619385e-01
    2.65651994e+00  -1.82615948e+00  -5.79691433e-01  -7.64223463e-01
   -9.36659941e-01   5.49634090e-01  -2.60541103e-01   3.62580584e-01
    1.54241276e+00  -6.39087868e-01  -1.70663257e-01   2.13712661e+00
    2.32001389e-01 
    1.55500167e+00  -7.40825359e-01  -1.38779128e+00   1.10046992e+00
    4.13594056e-02  -1.20935278e+00   8.56310346e-01  -5.24766452e-01
   -1.62039652e+00   8.19874270e-01  -1.57589502e+00   1.67674165e+00
    1.69659397e+00  -1.65117419e+00   1.17788423e+00  -1.97797516e+00
   -2.52939430e-01 
   -1.13580978e-01  -1.73892306e+00   1.40629539e+00  -1.27769082e+00
   -2.17005571e-01  -6.43573647e-01  -4.14784530e-02  -2.05143844e+00
    1.22738466e+00  -6.54379368e-01   1.08071114e-01   2.12093142e+00
    1.47162669e+00   2.14680017e+00  -2.30619689e-01  -1.53506188e+00
   -7.52538578e-01 
   -4.42929105e-01   1.19092158e+00   1.87872626e+00  -1.34142610e+00
    6.49048456e-01   1.18038686e+00   2.01153260e+00  -4.52940281e-01
    3.62671306e-02  -2.24055546e-01  -1.95826866e+00   6.41642482e-01
   -8.37747373e-01  -1.42850761e+00  -4.92710583e-01  -5.76764373e-02
    6.06439685e-02 
    9.22664748e-01   1.47813606e+00   1.64371631e+00  -1.93216351e+00
    3.15901042e-02   1.28621944e-01  -1.96658528e+00   1.42960950e+00
   -5.94594675e-01   5.20135188e-01   9.06404305e-01   3.39449205e-01
   -1.56174744e-01  -4.57147305e-01  -1.44666595e+00   7.87397326e-01
   -7.16468168e-01 
    6.34846559e-01  -1.30445949e+00   1.24260712e+00  -4.66497734e-01
    7.60565799e-01   4.20978049e+00  -2.07804966e+00  -8.79960566e-02
    2.41045509e+00   2.24820450e+00   3.04775985e-01  -4.25407556e-01
   -7.40840055e-01  -2.73941489e+00  -1.44972654e+00  -1.58827080e-01
   -7.04674787e-01 
    1.21986472e-01   2.78575518e+00  -7.80848322e-01  -1.08855946e+00
    5.85047115e-01  -1.24107620e+00  -1.10228949e+00  -1.63611620e-01
   -1.73956894e+00   2.33463424e+00   1.33626619e+00  -1.36580994e+00
    9.19219234e-01  -1.83020780e+00   1.43159821e+00  -1.64639222e+00
   -1.37529103e-01 
   -1.29821011e+00  -1.63070658e-01  -5.57338176e-01   1.20126890e+00
    1.69062855e+00  -8.24246871e-01   1.38026002e+00  -9.81176274e-01
   -1.04065230e+00   9.22444042e-01   6.06518039e-01   2.00143719e+00
   -2.84674786e+00   4.73605833e-01  -7.28979754e-01  -1.36492491e+00
    3.16178401e-01 
   -5.50721880e-01   4.49389234e-01   3.53685104e-04  -2.84190012e+00
   -2.18992231e+00  -1.44624769e+00   1.87308005e-02   4.10169341e+00
   -1.33726046e+00   3.65774725e-01  -3.62960104e-01   3.22073875e+00
   -1.03450789e+00  -3.38985130e-01  -3.44500204e-02   7.05105695e-02
   -5.78311939e-01 
    2.97899814e+00  -8.29872013e-01   2.64638589e-01   1.95640085e+00
    1.55835622e+00  -5.69953385e-01  -1.42074407e+00   6.55550970e-01
    3.41357190e-01  -1.24573176e+00   5.53705423e-01  -4.87480076e-01
   -3.00079189e+00   4.76872824e-01   1.11799328e+00  -9.30906970e-01
   -1.92906646e-01 
   -2.87157390e-01  -2.28794018e+00   1.53571132e+00   7.42554594e-02
   -1.43811417e-01   3.49331580e-01  -3.47134042e+00  -1.74238512e-01
   -1.78278135e+00   1.16376635e+00   2.95685488e+00   8.71472157e-02
   -4.80030003e-01   1.27262058e+00  -5.97802059e-01  -7.13850304e-01
   -1.29513393e+00 
   -5.32933058e-01   2.97129525e-01  -5.05207250e-01   7.49260319e-02
    2.24759772e+00  -2.03328021e+00   9.97035364e-01   9.45826840e-01
    1.11068066e+00   1.58491011e+00  -2.29873499e+00  -1.83303848e+00
   -1.12470119e+00   3.71161817e-01  -4.45632729e-01  -8.76514090e-02
   -1.50037859e-01 
    1.64137435e+00  -1.77451932e+00   6.66276883e-01   3.03871132e+00
   -2.26890189e+00   7.47944147e-01   4.07036662e-01  -9.61676218e-01
   -1.49987249e+00  -1.56917081e-01  -4.28762188e-01  -1.96728466e-01
    9.17050286e-01   2.38600956e+00  -2.12355048e+00  -1.13799064e-01
    6.43002376e-01 
    1.57480870e+00  -1.04471372e+00  -2.08076210e-01  -6.81199800e-02
   -2.72743108e-01  -3.39540606e-01   3.24392179e+00  -2.99815536e+00
   -1.24598604e+00  -1.05553275e+00  -4.66799555e-01  -8.47346335e-01
    1.21299715e+00  -1.92334787e+00   8.92684653e-01   5.43395932e-01
    4.92264449e-01 
    1.49139746e+00   6.64563236e-01  -3.02373784e+00  -4.23919184e+00
    1.12731415e+00   1.47421904e-01   6.00774131e-01   1.58193640e+00
    7.16364040e-01   2.37414100e-01  -7.51288123e-01  -1.03555613e+00
   -2.52504960e-01   1.72850836e+00  -4.71632798e-01   1.22280572e+00
    3.36775421e-01 
   -1.51885666e+00   4.85110432e-01  -3.00955049e-01   2.90349778e-01
    7.10862349e-01  -1.72351287e+00   1.91748285e-01   3.23509444e-01
    1.50377797e+00  -8.82863444e-01   1.20116346e+00   1.38113487e-01
    8.33343974e-01  -1.08379882e+00  -7.18954055e-01   1.16285486e+00
   -7.00997837e-01 
   -1.56303735e-01  -2.53332899e+00   2.25799141e+00   3.09629380e-02
   -2.35127424e+00   3.49013769e-01  -3.00871905e-01   1.55606448e+00
    5.01358521e-02   1.58320968e+00  -1.62413233e+00  -4.92387278e-01
    4.73024097e-01  -1.16376180e+00   6.08105017e-01   6.56262880e-01
    1.16776438e-01 
   -1.25310873e+00   4.60296590e-01  -8.61171563e-01   2.25675752e+00
   -7.94107563e-01   1.82892833e+00   1.18561190e+00  -1.59948436e+00
   -2.58405048e-01  -1.76733742e+00  -5.65916456e-01   5.75706394e-01
    1.78173587e+00   3.11249272e-02  -2.77689247e-01  -2.32445832e+00
    3.28272934e-01 
   -2.26484227e-01   2.55617459e+00   1.13963524e+00  -4.47388154e-01
   -2.23944358e-01  -4.85164711e+00   1.23306199e+00   3.51091030e+00
    1.43720141e+00  -2.29586904e+00   7.32943378e-01  -2.75254053e-01
   -4.12837877e-01  -8.13511732e-01   7.59476718e-01  -3.30320435e-01
   -2.86559408e-01 
   -2.61468808e+00   8.11777493e-01   1.95866356e+00  -1.03283215e-01
    1.67729214e+00  -9.71693163e-01  -1.45066681e+00  -3.05032886e-01
    2.32701417e+00  -1.06703500e+00   2.26304537e-01  -1.81003885e+00
    5.32621872e-01   4.47261570e-01  -1.18780745e+00  -4.55052538e-01
    6.38371820e-01 
   -3.51859911e-01  -7.35557874e-01   5.93061937e-01  -7.43687266e-01
    2.37940931e+00  -1.20524017e+00   2.82495433e-01   2.44555172e+00
   -2.55081859e+00  -6.16577691e-01   1.30632616e+00   8.64873815e-01
    4.69125391e-01  -8.15905145e-01  -4.81925331e-01  -1.14626444e+00
   -3.47034131e-01 
   -2.03177132e+00   2.50554742e-01  -1.32706087e+00   2.07966752e+00
   -9.92180747e-01   1.17129299e+00   8.16075012e-01  -6.18877960e-01
    9.86636766e-01   1.47065691e+00   1.58426977e+00  -1.90811834e+00
    8.70835476e-01  -1.30141682e+00   6.20156048e-01  -3.13193792e-01
   -6.16789734e-01 
    2.11153621e+00   1.57593877e+00  -2.12153493e+00  -1.00202137e+00
   -3.76831558e+00  -1.38661705e+00   9.23543727e-01   5.55250189e-01
    1.15327231e+00  -2.49842076e+00   1.98098265e+00  -8.28340147e-02
    7.91549927e-01  -3.05292355e-01  -7.22080573e-01   1.51279296e-01
   -1.12139797e-01 
    1.77059547e+00   2.81269002e-01  -1.98510176e+00  -1.39098648e-01
   -1.26954744e+00  -4.55956654e-01   2.90463248e+00  -2.96478847e+00
   -3.12761992e-02  -3.13626069e-01   3.45109806e-01   9.37312357e-01
   -2.41627015e-01   1.34714438e+00   7.63749803e-01   1.21088455e+00
   -5.18021158e-01 
   -5.51791892e-01  -4.69415329e-01   2.06540016e+00  -2.30689765e-01
    1.60219643e+00   1.95123305e+00  -3.36630557e+00   2.43880595e-01
    1.92933171e-01  -8.36578733e-01  -3.25678492e+00   3.26485524e-01
    2.03632858e+00  -1.46270910e+00  -1.00982630e-01   3.21086256e+00
   -2.58100676e-01 
   -6.73183635e-01   2.84691474e+00   1.24535890e+00   1.57960756e-01
   -1.42436108e+00   1.92196313e+00  -5.93760462e-01  -1.63145424e-02
   -9.23145539e-01  -2.28021960e+00  -2.31169893e-01  -6.06452690e-03
   -8.31652823e-01   5.84990774e-01  -6.74311498e-02   7.92471581e-01
   -5.51889324e-01 
   -2.26393202e-01  -1.01809831e+00  -1.22641386e+00   1.95062815e-01
    1.17425106e-01   2.60594588e+00  -7.87039145e-01   7.95836356e-01
    2.48365907e-01  -2.69081404e+00   1.27318444e+00  -3.18007856e-01
   -1.41174847e+00   2.35509757e-02   3.24733256e+00  -1.48388572e+00
    7.03060170e-01 
   -2.25290631e-01   2.37133195e+00   1.83994644e-01  -1.01574245e+00
    9.29595989e-01  -1.71939669e+00  -2.48514453e+00  -1.47313756e+00
   -6.27259307e-01  -9.83948387e-01  -2.08952126e-01   8.51225449e-01
    6.65453503e-01   4.04919048e-01   9.39295005e-02   9.06296388e-01
   -1.92109949e-01 
   -1.01106132e+00   2.55702099e-01   2.90533698e+00   1.59201882e+00
    9.33111843e-01   2.72123814e-01  -1.97770702e+00  -1.29095263e+00
   -7.64448473e-01   8.03680307e-01  -2.20278606e+00  -1.51977190e+00
   -1.84264033e+00   1.59122000e+00   1.65594146e+00   1.12323893e+00
    1.99430236e-01 
    1.52217192e+00   9.65803461e-01  -1.10360399e+00  -1.75290648e-01
   -8.31723932e-01  -3.96355300e-01  -5.17880719e-01  -4.65273745e-01
    1.88987069e+00   1.70822478e+00  -2.29420647e+00  -2.02414852e+00
   -5.14605350e-01  -1.70369393e+00   2.49821459e+00   8.51474941e-01
   -5.33289056e-01      3.57579065e+00  -9.86955860e-01   3.32665085e-01  -1.97791131e+00
   -9.17995872e-01   1.42945869e+00  -5.99358733e-01  -1.00779341e+00
    6.06666482e-01   7.36641683e-01   1.50224136e-03  -3.18079492e+00
   -7.48869627e-01   6.23210308e-01   9.18383369e-01  -1.61586643e+00
   -5.09031917e-02   8.34172555e-02   1.86149891e-01   4.58261367e-04
   -3.32509803e-01   1.85952881e+00   6.61277060e-01   2.17727347e+00
   -1.63878646e+00  -9.05630756e-01   4.25646372e-01  -1.07294415e-01
   -4.62368407e-02  -2.79851180e-01   3.24768234e-01  -1.31257900e+00
   -7.41599758e-02 
    4.49801589e-01   3.97253596e-01  -4.03219211e-01  -3.08007662e-01
    1.00267263e+00  -2.64350351e-01  -1.35292775e+00   1.01928005e+00
   -2.07735105e+00  -1.60642081e-01  -8.28382122e-01  -5.26301130e-02
    1.19948065e+00  -2.96707642e-01   1.46920103e+00   1.02611595e-01
   -1.00730389e-01  -1.07106276e+00   2.02234093e+00  -2.05728879e+00
   -1.35079302e+00   2.46263538e-01   4.93720849e-01  -9.43528298e-02
   -1.36971443e+00   6.76031739e-01   7.52897846e-01  -4.34543473e+00
    1.30801075e+00  -1.69879840e+00   1.07621575e-01  -1.29558005e+00
    2.00407404e-01 
    7.76947639e-01  -2.11598883e-02   2.69986551e+00   9.80967191e-01
   -1.98116109e+00  -1.97112951e+00  -1.07897481e+00  -9.53374221e-01
    1.42519400e+00   1.02031724e+00   4.04765697e-01   5.18385199e-01
   -2.11168509e+00   1.03475381e-02  -4.54733792e-01  -1.25763358e+00
    2.15755511e+00   7.45787299e-02  -1.38371901e+00   1.26650309e+00
   -1.21397280e+00  -2.33748204e+00  -1.17761076e+00   1.37541814e+00
    1.25646460e+00   6.33548041e-01  -2.45030680e+00  -5.53779277e-01
    2.17066331e+00  -2.14991052e-01  -2.26092306e+00   9.21234830e-01
   -3.85957231e-01 
   -1.41858310e+00   2.46872202e-01  -1.40664123e+00  -1.01881581e+00
    1.88843288e+00   1.15017700e+00   1.28203719e+00   1.92669796e-01
    6.03489582e-01  -8.43638118e-01   2.79775135e+00  -2.02636865e+00
    4.14336835e-01  -8.63495022e-01  -3.26901371e+00   1.63834548e-01
    3.79294183e+00  -1.17780752e-01   8.96099682e-02  -2.25205137e+00
   -9.65627511e-01   6.44922091e-01   8.68018274e-01  -2.92908736e+00
    5.60109258e-01   5.65609762e-01  -6.47806327e-02   9.08105404e-02
   -2.74639531e-01   2.82377753e-01  -1.73460573e+00  -6.01216225e-01
   -1.63179559e-01 
   -1.95742711e+00  -1.21287989e+00  -2.28175865e+00  -5.97870837e-01
    8.95254516e-02  -4.59799421e-01  -1.96085876e-02  -1.23662771e+00
   -2.78495134e-01  -2.92511569e+00   1.38521037e+00  -6.21119641e-01
   -1.37875210e-01  -2.45700396e+00   2.81438632e+00  -1.77095352e+00
   -2.52597479e-01  -1.53181033e+00   2.53766913e+00  -2.16689447e-01
    1.20402858e+00  -1.21426725e+00  -3.24733287e+00   2.05343602e+00
    2.04900745e+00   1.27438322e+00  -1.55645426e+00  -1.00191700e-01
   -3.19320679e-01  -1.95057486e-01  -1.26867720e+00   1.71493598e+00
   -2.32071425e-01 
   -1.48632058e+00  -2.37837420e-01   6.34212517e-01   3.46871512e-01
    1.05755202e+00  -7.00208784e-01  -4.30956478e-01  -3.53823919e+00
    1.13773064e+00   3.37289738e-02  -1.39766544e-01   2.90125282e-01
   -9.91647238e-01   1.96236082e+00  -8.61952419e-01  -2.03927301e+00
   -1.42539898e+00   6.39936559e-01  -3.94053916e-02  -2.46929988e+00
    4.51355464e+00   4.61924836e-01  -1.15618772e-01  -1.90584624e-02
    3.65606342e-01   5.69249018e-01  -1.41047289e+00  -1.64779439e+00
   -3.79555427e+00   7.34791603e-01  -1.82080227e-01   4.43784322e-01
   -2.20417805e-02 
    7.60293865e-01  -1.26585837e+00   1.67937703e-02  -1.00771558e+00
   -8.76826846e-02  -2.31682121e+00   1.18490582e+00   8.57291963e-01
    6.85305593e-01  -2.03650582e+00  -5.77888798e-01   2.62015351e+00
    3.01807945e+00  -1.67005230e+00  -1.15778949e+00  -3.90188128e+00
   -1.06620282e+00  -3.72909787e-02  -2.18137752e-01  -5.99596084e-01
   -8.75428104e-01  -2.13739709e-01  -2.28330163e-01  -6.77634511e-01
   -1.35112201e+00  -1.89932102e+00   1.01488060e+00   3.27066929e-01
    3.69767224e-01   2.91521233e+00   7.73150447e-01   2.63338169e-01
   -4.06056733e-01 
    1.14792002e-02  -7.94356762e-01   1.95302041e+00  -6.01927254e-01
    1.70354569e+00  -2.31169965e-02  -9.63533326e-01  -6.01990708e-02
   -3.79223022e-01   3.83767680e-01  -4.36216410e+00   1.91360930e-01
   -1.00530006e-02  -2.02209377e+00  -4.86700742e-01   2.33190592e+00
   -2.27495233e+00  -5.59138201e-01  -2.30619718e+00  -3.15895419e-01
   -2.55300146e+00  -1.93615167e-01  -2.98718448e+00   2.62845301e-01
   -3.81463622e-01   3.48519868e+00   3.86973533e-01   6.32183583e-01
   -1.38680200e+00   6.39299977e-01   1.10250275e+00  -9.50614245e-02
   -1.00959874e+00 
   -2.05431281e+00   2.32184080e+00   1.16385632e+00   1.39283680e+00
   -2.04263637e+00  -2.49412467e-01   1.21180537e+00  -2.35135212e+00
    2.22971167e+00   3.13742162e-01   7.32287939e-01  -1.57845860e+00
    1.07488445e+00  -1.70961966e+00   1.96194966e+00   1.27066290e+00
   -8.42614415e-01  -2.40089938e+00  -3.49325607e-01   5.51030355e-01
   -1.52883159e+00  -1.74665302e+00   2.13087880e+00  -1.31820994e+00
   -1.95441911e+00  -4.11333564e-01  -3.08603081e-02   4.69349855e-01
   -1.41167095e+00  -5.91303806e-02   1.55044967e+00  -1.84516750e+00
   -5.88312307e-01 
    1.07462659e+00  -9.62545960e-01  -8.59353919e-01  -1.37483317e+00
   -9.33057023e-02   1.52132826e-01  -9.73168328e-01  -2.50193604e+00
   -2.46766122e+00  -2.65336360e+00  -1.85177327e+00   1.79148887e+00
   -2.49928178e+00  -1.43774550e+00   2.29801194e-01   2.31201485e-01
    5.20995242e-01  -1.88681697e-02  -2.17497821e+00   1.76960015e+00
    1.28520316e+00   1.23836508e+00   5.20289666e-01  -2.51701532e+00
    2.75033866e+00  -8.19458931e-01   2.10654926e+00   4.37243731e-01
    2.50759619e+00   4.32305406e-01  -5.40500052e-02  -1.86453054e+00
   -3.61921046e-01 
   -1.72187386e-01  -2.87775983e+00   3.37071523e-01   9.05934436e-01
   -6.09083745e-01   1.24673444e+00  -1.13518486e+00  -2.28251166e+00
   -1.78040674e+00  -1.34895671e-01   1.19562383e+00   4.59709275e-02
   -2.64228467e+00   1.75612902e+00  -3.76438453e-01   2.51863705e-01
    4.81563433e-01  -1.29294775e+00   1.02280502e+00   1.58060659e+00
   -7.88310762e-01  -1.39585325e+00  -1.39724403e+00  -2.82432485e+00
   -1.65193088e+00  -1.62079841e+00   3.45198024e+00   1.01843030e+00
   -1.19705095e+00  -3.62471451e-01   1.54762432e+00   2.51041765e+00
   -5.47635618e-01 
   -1.16609001e+00   4.42051107e+00  -1.28057015e+00  -2.56696358e+00
   -2.13787259e+00  -1.16632316e+00  -1.12758047e+00   6.69630304e-03
    1.13501490e+00  -2.34111585e+00  -2.63176598e+00   3.18336249e-01
   -6.81938454e-01   1.41035108e+00  -2.15375328e-01   1.60095543e+00
   -6.95304108e-01  -5.78948675e-01  -4.79021435e-03  -9.06492613e-01
    7.73833119e-01   1.86902288e+00  -6.48873189e-01   9.64941462e-01
    5.55864652e-01  -1.66869421e+00  -1.44605977e+00   1.68288101e-02
    1.05638126e+00  -8.41669900e-01   1.72020281e+00   1.29208692e+00
   -5.95393108e-01 
   -4.36301000e-01  -9.36748125e-01  -2.54339245e+00  -2.07948624e+00
   -2.08448584e+00   9.39500594e-01  -2.88091869e-02  -1.74306406e-01
   -6.81711462e-01   3.44899844e+00   4.08548368e-02   2.18156342e+00
   -1.00416082e+00   3.22956807e-01  -5.11370298e-01  -1.31007468e+00
   -6.92193006e-02  -1.12235690e+00  -4.37550600e-01  -1.47133521e+00
    3.32236440e-01  -3.65054255e-01  -8.87972763e-01  -7.30942535e-01
   -6.97735864e-02  -1.93585016e-01  -1.85849146e+00   4.57972260e-01
    1.56943078e+00  -1.24739155e+00   2.00886795e+00  -4.44814202e-01
   -2.30476969e-01 
   -2.70999626e-01  -8.03927823e-01   5.39228272e-01   1.94554276e+00
   -2.31706721e+00   1.28255756e+00  -2.27757119e-01   1.05387328e+00
    9.51669634e-01  -7.33356151e-01  -9.08489426e-01   7.05506482e-02
   -1.68861880e+00  -7.36302975e-01  -2.62449769e+00   2.08703568e+00
   -2.99708011e+00   4.19794771e-01   1.00839647e+00  -8.32988638e-01
    7.89213989e-01  -6.01428035e-01   1.42506458e+00   3.63464573e-01
    2.73529004e-01  -2.06982915e+00   9.32905307e-01  -1.33122971e+00
    3.36235990e-02  -1.10676744e+00  -8.92690910e-01   7.15174423e-01
   -5.20623710e-01 
   -5.87380480e-01   2.15798844e+00   3.26535020e-01  -1.08282823e+00
   -9.61413895e-01  -2.06199488e-01   9.44747518e-01   1.52017375e+00
   -1.04663763e+00   2.28706843e-01  -9.83741661e-01  -6.53845553e-01
    2.16436910e-01   4.02972987e-01   1.94273408e+00  -1.15484609e+00
    4.83485964e-01   2.88762656e-01  -1.32603223e+00   4.31885350e-01
   -7.13391884e-01   9.96232500e-01  -3.38331474e-01  -3.40865901e-01
    9.80646124e-01  -1.24294017e+00  -4.17912392e-01  -3.92353505e-01
   -2.49367570e+00  -1.45058837e-01  -1.86386983e+00  -2.87840779e+00
   -9.25196122e-01 
   -1.88795674e-01  -1.74893702e+00  -2.34867212e+00   1.91624443e+00
    1.33360310e+00   9.00374333e-01  -4.62694504e-01  -4.99489522e-01
    1.95526412e+00   1.24605978e+00   1.46076084e-01   4.38037636e-01
   -1.31440570e-01   2.60273421e-01  -1.05299675e+00  -5.29015856e-01
   -2.50019447e-01  -1.83326567e+00  -9.41982914e-01   1.65749869e+00
   -5.07080286e-01   7.46358714e-01   3.61936437e-01  -1.52054334e+00
   -5.45118135e-01  -1.55491359e+00  -1.62300628e+00  -5.96852123e-01
    1.11476084e+00  -5.09524788e-01  -8.82566225e-01  -6.36997243e-01
   -2.16769917e-01  