NN 16 32 16  -4.12413351 -1.08843725  0.23542096  0.53826469  2.81478386 -1.01334751
  -2.33318483 -2.13975277  3.52740269 -1.20346507 -0.23960577  0.31353888
   0.99734866 -0.12989786  0.36728173 -0.57476383 -0.85450037 
   0.74899503 -0.60577731 -0.29155131  0.08497843  0.89046161 -0.22188716
   0.35715202  0.32246925 -2.86939239  0.7702073   2.37734844 -4.20211987
   0.87784201  0.69273685 -2.36550978  1.38951049  0.66155798 
  -1.24875156  0.28482198 -2.43722755  0.75983106  3.0204349  -1.88331193
  -0.77881638 -0.92936864 -0.97077231  0.80435523 -0.53760211  0.21795916
   1.4891121  -0.65023287 -0.24940398  2.18722199  0.2092622  
   1.79034435 -0.87948523 -1.49815672  1.05627942  0.21860798 -1.1601192
   0.81755995 -0.49887035 -1.62814293  0.94740025 -1.55919919  1.77482121
   1.80405312 -1.72101311  1.27549232 -2.02617009 -0.17096817 
  -0.16220651 -1.79042762  1.54424311 -1.36828483 -0.14779577 -0.78905216
  -0.1378997  -2.17339268  1.22043225 -0.63995398  0.07150301  2.12228339
   1.53337967  2.25540205 -0.22446394 -1.54078353 -0.73739296 
  -0.45241991  1.22185625  2.00968299 -1.19370812  0.76482235  1.11247586
   2.17224338 -0.51677412 -0.03293301 -0.2263505  -2.30147096  0.4119421
  -0.89323512 -1.4938548  -0.4969885  -0.01313705  0.09516413 
   1.14291926  1.63059931  1.6355876  -1.94865083 -0.20261272  0.35814919
  -2.07854622  1.75842263 -0.47034975  0.562462    0.93289471  0.17203338
  -0.07768441 -0.40420631 -1.41449264  0.86110537 -0.70326898 
   0.88066102 -1.4101775   1.26387664 -0.36763768  0.59231315  4.37713864
  -2.39917104 -0.09064979  2.66726328  2.41099729  0.22555085 -0.31516847
  -0.62469618 -2.89201226 -1.47165672 -0.15065318 -0.68369982 
   0.1373896   2.77311937 -0.73640792 -1.15810862  0.73389909 -1.25547256
  -1.36651412 -0.2816815  -1.74555012  2.44707139  1.50464019 -1.18454869
   1.00953212 -1.88934924  1.49196006 -1.78555535 -0.15988889 
  -1.31437787 -0.34618349 -0.68825151  1.05647068  1.79279053 -0.90205731
   1.25195138 -0.79042489 -1.1297145   0.78629615  0.95205198  2.23785079
  -3.05306893  0.38507249 -0.8754566  -1.39962441  0.36182076 
  -0.60501111  0.51895682  0.08959548 -2.81985557 -2.581002   -1.50007831
   0.10231056  4.51940587 -1.49868459  0.44729678 -0.47890439  3.17376981
  -1.18521664 -0.41855624 -0.09165955  0.06816081 -0.61009219 
   3.27563574 -0.80705574  0.24075857  2.03765386  1.57735764 -0.6856091
  -1.25227479  0.67777475  0.28681456 -1.27385295  0.68557879 -0.48336407
  -3.10962535  0.55137439  1.18287685 -1.09894118 -0.27617712 
  -0.06818003 -2.6505244   1.62026619  0.07100966 -0.14495237  0.50364315
  -3.57024863 -0.37169004 -1.89225057  1.12103571  3.17348395  0.1174073
  -0.44376159  1.33777541 -0.48902183 -0.72909374 -1.29946718 
  -0.67022304  0.49187845 -0.48874169  0.04881535  2.34020933 -2.16780688
   1.19044299  1.01872067  1.10648155  1.57193191 -2.31086366 -1.76382961
  -1.22444938  0.21144945 -0.46123709 -0.12736716 -0.18153981 
   1.83381073 -1.81562037  0.80317463  3.14440493 -2.36246673  0.77057028
   0.49605378 -1.03046581 -1.54303511 -0.03021717 -0.55662362 -0.27680179
   0.76084953  2.4658687  -2.22489575 -0.15656822  0.64410259 
   1.64511026 -1.22825145 -0.37475315  0.21236866 -0.25117248 -0.34123352
   3.12186459 -3.08020251 -1.05585282 -1.06703053 -0.60445883 -0.91730261
   1.14457775 -2.10719169  0.9219001   0.66015155  0.53263451 
   1.52564694  0.83073994 -2.98994688 -4.63685222  1.19220535  0.02912997
   0.59445378  1.61850748  0.81141886  0.34669544 -0.75217484 -1.40775581
  -0.34724798  1.61089156 -0.53638337  1.27004234  0.33218646 
  -1.69994044  0.51147535 -0.16849449  0.35294292  0.66640896 -1.96760916
   0.38410939  0.28201182  1.539795   -1.01125466  1.43926667  0.40229243
   0.8368018  -1.15089484 -0.79940808  1.20739413 -0.76014419 
  -0.10340014 -2.47930297  2.13326884 -0.03310099 -2.55277148  0.22959611
  -0.26629602  1.73161254  0.04219296  1.55481556 -1.83440999 -0.58117393
   0.60317907 -1.1422369   0.62999612  0.66164237  0.11382087 
  -1.40360838  0.62734543 -0.79468677  2.33800392 -0.83093212  1.98776214
   1.17075224 -1.80901572 -0.02522862 -1.60549076 -0.37811556  0.73227955
   1.77980859 -0.16002197 -0.30011693 -2.47010311  0.35411717 
  -0.34726866  2.72396398  1.27952948 -0.5447286  -0.232351   -4.91513466
   1.23282651  3.70935328  1.43060606 -2.6825676   0.76982859 -0.02398305
  -0.44677621 -0.8707289   0.8224467  -0.39158683 -0.29829084 
  -2.80604603  0.88574871  2.2163201   0.07292838  1.72983298 -0.96823527
  -1.53393679 -0.22881998  2.37891545 -1.08505861  0.29484657 -1.76966693
   0.45723677  0.54739238 -1.169161   -0.44472374  0.6921904  
  -0.24060607 -0.73460667  0.58173612 -0.77771572  2.50270384 -1.04527208
   0.20386305  2.53587474 -2.65954286 -0.912678    1.39994785  0.98297866
   0.31560408 -0.87458066 -0.51067856 -1.29708356 -0.38528044 
  -2.11487806  0.09054139 -1.49123986  2.11234046 -0.88673789  1.13024478
   0.86123838 -0.89175261  1.06679041  1.35256608  1.94294715 -1.62588946
   0.8860871  -1.48694098  0.56213628 -0.44276367 -0.70157193 
   2.14275262  1.73711533 -2.28841985 -1.34546555 -3.82799319 -1.63989538
   0.84209517  0.59857977  1.40155628 -2.38494879  1.76962861 -0.25521943
   0.71874453 -0.45830671 -0.84690685  0.09804233 -0.20300193 
   1.88313527  0.46011491 -2.26352254  0.22521748 -1.12957983 -0.6106269
   2.92234401 -3.1212534  -0.31042245 -0.25759247  0.2467446   0.83345798
  -0.17944701  1.29701968  0.71808299  1.33809196 -0.4988725  
  -0.70554261 -0.27250975  2.04821836 -0.39022133  1.86258563  2.01997449
  -3.50033973  0.35310489  0.35704727 -0.94106655 -3.54476088  0.02428498
   2.05256025 -1.54551723 -0.19208454  3.32315409 -0.33304823 
  -0.68858965  3.11934319  1.23712764  0.23737242 -1.44753148  1.86926818
  -0.74206126  0.16537697 -0.93065138 -2.43183749 -0.14809899  0.02706294
  -0.96909739  0.66328452 -0.12535315  0.77635089 -0.63699275 
  -0.12529367 -0.94513211 -1.29678147  0.08093414 -0.18075063  2.75119689
  -0.60468074  0.91500713  0.34011976 -2.9154421   1.21633866 -0.13451803
  -1.49126525  0.04547523  3.45910336 -1.53207532  0.80774581 
  -0.12911634  2.68191877  0.11111399 -0.98498074  0.99259619 -1.73271674
  -2.59182907 -1.18932682 -0.60509864 -0.96249287 -0.18972977  0.94056042
   0.80883676  0.54443504  0.27292601  1.00719471 -0.14381235 
  -0.83750982  0.1163055   3.21319209  1.75588343  0.7907021   0.51950129
  -2.29867059 -1.4377934  -0.8405442   0.71339977 -2.13798492 -1.49902239
  -1.8898958   1.83853659  1.8822491   1.25125713  0.26012347 
   1.64168586  0.97715523 -1.29523089 -0.18181649 -0.92898384 -0.13012134
  -0.4237584  -0.62089212  1.82512916  1.80159286 -2.48642889 -2.19483227
  -0.50182508 -1.83432534  2.50475025  0.8632914  -0.57832003     3.76067616 -1.08894134  0.44331106 -2.0706284  -0.87908938  1.49225997
  -0.85988847 -1.11974383  0.37572924  0.62137134 -0.21130456 -3.22187504
  -0.78539035  0.65508434  1.03606235 -1.45673438 -0.14667213  0.04365471
   0.18075252 -0.1326418  -0.27658545  1.7993409   0.81778521  2.07426786
  -1.41633316 -0.90935669  0.29256695 -0.16099986 -0.07492355 -0.17951596
   0.14168775 -1.21971344 -0.0313043  
   0.6450829   0.44019769 -0.14582242 -0.2882424   1.14542833 -0.3212469
  -1.37663721  0.88955054 -1.99837854 -0.18030739 -0.87992633  0.01887409
   1.12421612 -0.14758508  1.48854858  0.16754333 -0.1226856  -1.20626081
   2.02341079 -2.00547422 -1.46309728  0.25787543  0.47476449  0.03549292
  -1.24533011  0.75675563  0.79670469 -4.62637565  1.53086944 -1.59669717
   0.17492176 -1.14808757  0.35570241 
   0.64339233 -0.163079    2.90232911  1.2520865  -1.66142026 -1.99358826
  -1.28222374 -0.79806564  1.256599    1.06687399  0.26185662  0.61556099
  -2.03012251 -0.0445754  -0.49185945 -1.19433392  2.15738893  0.10682048
  -1.47920344  1.4146026  -1.31899342 -2.48129356 -0.96397621  1.20399876
   1.24671636  0.74230903 -2.58543358 -0.48024536  2.26448699 -0.05336598
  -2.24919913  0.88894927 -0.32327761 
  -1.53985597  0.23862776 -1.56806982 -1.04264364  1.92787388  1.31377459
   1.18224719  0.08151574  0.48143879 -0.87560442  2.94272698 -1.9754421
   0.2726541  -0.84757359 -3.21453623  0.27461126  3.90580421 -0.15145614
   0.07503634 -2.23252567 -0.95972944  0.52287126  0.77093321 -2.93606235
   0.64269836  0.46752042  0.12209612  0.14364807 -0.22930076  0.21027806
  -1.64051703 -0.46759956 -0.19557621 
  -2.01435094 -1.15768069 -2.31378306 -0.55157638 -0.06165839 -0.38620858
  -0.07856221 -1.22617809 -0.26604354 -3.12706951  1.59783534 -0.68732682
  -0.17602986 -2.63526219  3.02190218 -1.72585607 -0.02615629 -1.68761483
   2.5588986  -0.38152381  1.14958696 -1.17573386 -3.39765436  2.19929226
   1.81349002  1.16481754 -1.54700296 -0.00985621 -0.15131649 -0.11122269
  -1.13341167  1.97974252 -0.17164721 
  -1.65865688 -0.28413332  0.59467001  0.2656793   1.23145719 -0.6699937
  -0.51033797 -3.5995091   1.15716258  0.16063547 -0.33537763  0.41434889
  -0.97339118  1.92413007 -0.70514751 -2.09836222 -1.32983454  0.71345164
  -0.21700365 -2.48319003  4.32104258  0.46418146 -0.28425853 -0.28729909
   0.58327823  0.68076041 -1.20286647 -1.79592195 -3.79468755  0.78747114
  -0.16884691  0.36075806  0.03461818 
   0.88048203 -1.49388249 -0.03990899 -0.8207933  -0.1252799  -2.64224522
   1.00477289  0.99653358  0.5962747  -2.06977357 -0.46668971  2.81398804
   3.00887595 -1.58808307 -1.0189602  -4.00357753 -0.76033561 -0.01775192
   0.03041832 -0.7239451  -0.8475252  -0.14147844 -0.3128194  -0.78326019
  -1.32379126 -2.04111711  0.87654224  0.36659672  0.53018579  2.74678608
   1.0171903   0.22592015 -0.43310203 
   0.06828095 -0.66524507  2.19772657 -0.64686027  1.7524951  -0.11768221
  -0.99782245 -0.27434036 -0.23726838  0.4971871  -4.42985561  0.28105711
   0.27647548 -1.96491292 -0.59123096  2.23463161 -2.64143152 -0.53361156
  -2.35954588 -0.15810556 -2.74962995 -0.12577085 -3.01150367  0.24947869
  -0.37284075  3.43041608  0.24827974  0.71105828 -1.50239822  0.80414212
   1.11305757 -0.21799946 -1.22376157 
  -2.17028931  2.5277452   1.25325949  1.62023873 -2.04718103 -0.23447245
   1.25403877 -2.3842962   2.4163205   0.33132095  0.75519106 -1.60992482
   1.08810905 -1.68677314  1.87658412  1.28573355 -0.63422827 -2.58153396
  -0.36206883  0.565582   -1.5183315  -1.85922268  2.21903696 -1.24327519
  -1.95031108 -0.31399034  0.03253134  0.32307236 -1.4070781   0.00978515
   1.50253323 -1.95706579 -0.53487745 
   1.18476415 -0.99663008 -0.99672454 -1.58565311 -0.14700472  0.14412281
  -1.06658193 -2.58599063 -2.63901318 -2.61006764 -1.95555731  1.99103665
  -2.61897146 -1.46313453  0.28410304  0.23296844  0.5091093  -0.0582619
  -2.3018594   1.72006247  1.37562198  1.28592115  0.53952853 -2.51312158
   2.70257436 -0.97380491  2.08876416  0.66726958  2.72286313  0.48244135
   0.02039548 -2.04003069 -0.48326309 
  -0.03140393 -2.95201325  0.47442962  0.98362424 -0.66954343  1.38963635
  -1.20469601 -2.27383335 -1.86856473 -0.20818432  1.18085451 -0.05302563
  -2.63257416  1.91359578 -0.36608758  0.24434705  0.38723732 -1.40277011
   1.11665892  1.57132017 -0.80044119 -1.3664989  -1.40962495 -2.91911184
  -1.62255002 -1.72894352  3.64615647  1.00164929 -1.25473834 -0.34170753
   1.58073107  2.68670829 -0.57820496 
  -1.14503018  4.63990591 -1.43287107 -2.61346428 -2.16306677 -1.22898562
  -1.18107038 -0.0685415   1.04741862 -2.4051441  -2.73347825  0.41054784
  -0.62607226  1.32508874 -0.29554714  1.65259509 -0.6875694  -0.57560369
  -0.03300468 -0.89083914  0.74953811  1.85732324 -0.6657832   0.99728125
   0.40741926 -1.67275257 -1.47761445 -0.01571958  1.15301442 -0.95642284
   1.84854462  1.24786591 -0.68051011 
  -0.42929892 -1.02106584 -2.54929491 -2.12194533 -2.15740541  0.94388612
  -0.08994476 -0.20270572 -0.70878036  3.66371693  0.12474045  2.17774184
  -0.97858982  0.3725636  -0.57883839 -1.36566522 -0.15451757 -1.12882946
  -0.46276167 -1.5278705   0.2685698  -0.37489642 -0.90823422 -0.72134925
  -0.12716447 -0.24901129 -1.97305654  0.46580149  1.55972097 -1.25934419
   2.05432476 -0.4724591  -0.26145949 
  -0.25030119 -0.79872538  0.4963583   1.98232547 -2.41506384  1.34329076
  -0.24860569  1.12809995  0.96811511 -0.7590223  -0.93189084  0.11636699
  -1.72424283 -0.75209951 -2.72354054  2.19530347 -3.10233956  0.47916733
   1.02889392 -0.84720341  0.86810418 -0.58522874  1.47683822  0.37305702
   0.25240308 -2.10807294  0.93631794 -1.36152063 -0.0118246  -1.17960519
  -0.93915725  0.75305523 -0.57812786 
  -0.5803188   2.26973202  0.3386922  -1.11676336 -0.97651912 -0.21125268
   0.97970028  1.57992207 -1.09308656  0.25569517 -1.01219831 -0.64355092
   0.23485277  0.38673575  1.99908166 -1.20945159  0.49200741  0.26377417
  -1.43829327  0.42686264 -0.79880243  1.00441803 -0.36521266 -0.38429299
   0.99575669 -1.24623401 -0.37976943 -0.4049241  -2.64940827 -0.14062238
  -1.94472073 -2.96701708 -0.96857874 
  -0.16925048 -1.79943469 -2.40542523  2.06076537  1.37553602  0.90019271
  -0.42184034 -0.51204194  2.11506127  1.27527046  0.17420181  0.52282596
  -0.050983    0.27501454 -1.07075284 -0.60126017 -0.26013042 -1.92257523
  -0.94308606  1.68358213 -0.45434702  0.75848821  0.45228634 -1.58632799
  -0.5126734  -1.60405092 -1.63765449 -0.65424672  1.12773552 -0.49905491
  -0.88090813 -0.6604759  -0.19956329  