NN 16 32 16   -3.86540829e+00  -1.32348742e+00   5.69286344e-02   6.63658193e-01
    2.63854830e+00  -9.44364474e-01  -1.97973763e+00  -2.25633220e+00
    3.59156636e+00  -1.21686008e+00  -2.38628638e-01   2.86473936e-01
    9.19882827e-01  -2.05258799e-01   3.22859488e-01  -5.60496295e-01
   -8.59539886e-01 
    6.04353170e-01  -4.77069103e-01  -3.97300301e-01  -5.89533063e-02
    1.14154248e+00  -3.33125989e-01   3.26708191e-01   4.85253290e-01
   -2.72109878e+00   7.86009276e-01   2.19416106e+00  -4.10228135e+00
    8.50180584e-01   7.87842299e-01  -2.24368787e+00   1.35464031e+00
    6.37274969e-01 
   -1.07473544e+00   9.47487800e-02  -2.48714551e+00   1.00176011e+00
    2.88729766e+00  -1.92300439e+00  -6.81073588e-01  -7.48725098e-01
   -1.01126534e+00   5.70755748e-01  -4.56147745e-01   2.58210333e-01
    1.44922814e+00  -6.57035612e-01  -2.53888521e-01   2.11087826e+00
    1.91797382e-01 
    1.63875298e+00  -8.54532037e-01  -1.41395850e+00   1.10592319e+00
    2.73060747e-01  -1.18405649e+00   7.99666508e-01  -4.13498879e-01
   -1.60996752e+00   8.56357418e-01  -1.59981737e+00   1.65088558e+00
    1.79134058e+00  -1.59761202e+00   1.24991201e+00  -1.94961549e+00
   -1.78326963e-01 
   -1.70016568e-01  -1.73978385e+00   1.50943063e+00  -1.41541041e+00
   -5.81164858e-02  -6.97203831e-01  -1.31875793e-01  -2.09659334e+00
    1.19994717e+00  -5.36529035e-01   1.39046324e-01   2.16219753e+00
    1.55134453e+00   2.23370800e+00  -2.17879630e-01  -1.51008738e+00
   -7.15964780e-01 
   -3.20077291e-01   1.21585903e+00   1.99950623e+00  -1.36245715e+00
    6.82564309e-01   1.33224744e+00   1.98852721e+00  -4.85353645e-01
   -2.39734435e-02  -2.71332614e-01  -2.00362877e+00   6.30028240e-01
   -8.47905249e-01  -1.43211313e+00  -4.91931547e-01  -2.31655990e-02
    9.87971187e-02 
    9.71603979e-01   1.52591009e+00   1.62385917e+00  -1.93182805e+00
    3.37021431e-02   2.13690832e-01  -2.07377712e+00   1.53421682e+00
   -6.46690436e-01   5.05135506e-01   9.19509566e-01   2.12879476e-01
   -1.65968618e-01  -4.85120485e-01  -1.47422120e+00   7.82122264e-01
   -7.48587030e-01 
    8.69321488e-01  -1.23599663e+00   1.22719300e+00  -3.89482167e-01
    7.24966562e-01   4.22224782e+00  -2.23014578e+00  -2.49333699e-02
    2.53958653e+00   2.47607223e+00   2.05370356e-01  -2.10726001e-01
   -6.14273317e-01  -2.77807600e+00  -1.39461378e+00  -1.00205683e-01
   -6.44442891e-01 
    1.34476822e-01   2.79092467e+00  -7.23821167e-01  -1.09114181e+00
    6.36864842e-01  -1.29893060e+00  -1.26487838e+00  -9.44259147e-02
   -1.70448839e+00   2.42191771e+00   1.37609836e+00  -1.35463176e+00
    9.94225172e-01  -1.81554816e+00   1.50274057e+00  -1.66929912e+00
   -1.12432186e-01 
   -1.34173594e+00  -1.84555300e-01  -5.09831280e-01   1.22362648e+00
    1.77345507e+00  -9.30783779e-01   1.36424679e+00  -8.46220978e-01
   -1.10635839e+00   7.76648570e-01   7.77565703e-01   2.12145695e+00
   -2.88802163e+00   5.25403795e-01  -7.92681619e-01  -1.35434448e+00
    3.61495272e-01 
   -6.73827126e-01   5.34979564e-01  -1.52873374e-01  -2.83314593e+00
   -2.47581695e+00  -1.33128166e+00  -5.81588654e-02   4.25978630e+00
   -1.34665925e+00   4.21183768e-01  -1.93347186e-01   3.20346180e+00
   -1.07359615e+00  -3.38405611e-01  -1.02593281e-01   7.58787548e-02
   -5.91998679e-01 
    3.06280086e+00  -8.47315067e-01   2.73799745e-01   2.02509946e+00
    1.56623481e+00  -6.91379348e-01  -1.27904314e+00   7.07564048e-01
    3.01325648e-01  -1.21411624e+00   4.96855938e-01  -6.11972070e-01
   -3.13710073e+00   4.18087549e-01   1.09403006e+00  -1.02320532e+00
   -2.71772995e-01 
   -2.75791295e-01  -2.47642560e+00   1.50694048e+00   2.24242874e-01
   -2.05062229e-01   3.51629281e-01  -3.50961616e+00  -1.82665409e-01
   -1.96135502e+00   1.06848638e+00   3.04285753e+00   2.07511622e-01
   -5.32764580e-01   1.21943750e+00  -5.93487796e-01  -7.73662210e-01
   -1.34947758e+00 
   -6.87156175e-01   3.88687761e-01  -5.22898321e-01   9.20194386e-02
    2.24089078e+00  -2.06531946e+00   1.05402072e+00   1.03904749e+00
    1.14239875e+00   1.56484852e+00  -2.32298506e+00  -1.84460983e+00
   -1.16673597e+00   3.04107773e-01  -4.52475803e-01  -1.05789428e-01
   -1.84871399e-01 
    1.68072063e+00  -1.74802897e+00   6.06618165e-01   3.18863026e+00
   -2.22507664e+00   6.89919936e-01   4.74257949e-01  -9.02407639e-01
   -1.50437422e+00  -1.46934017e-01  -4.66556467e-01  -9.73792601e-02
    8.82165924e-01   2.43569949e+00  -2.16483892e+00  -9.22299971e-02
    6.66037760e-01 
    1.69849382e+00  -1.16497049e+00  -1.53045632e-01   1.19537837e-01
   -1.56720221e-01  -2.91925857e-01   3.24289153e+00  -3.02297711e+00
   -1.06356282e+00  -9.95313463e-01  -4.55258659e-01  -8.63162337e-01
    1.24320097e+00  -1.82192787e+00   1.02296755e+00   6.55238390e-01
    6.04379889e-01 
    1.51805979e+00   6.78600647e-01  -3.12106731e+00  -4.38334985e+00
    1.18661221e+00   1.14287545e-01   4.76676055e-01   1.55939430e+00
    7.49777610e-01   2.51722011e-01  -8.33472661e-01  -1.27349007e+00
   -2.98564505e-01   1.63340721e+00  -5.45335099e-01   1.20833824e+00
    3.01106477e-01 
   -1.54760921e+00   6.00476491e-01  -1.89915021e-01   2.88011748e-01
    7.03894676e-01  -1.80049957e+00   3.09565050e-01   2.73547958e-01
    1.49369486e+00  -8.70454010e-01   1.33706321e+00   2.52232435e-01
    8.84919546e-01  -1.11572216e+00  -7.10678024e-01   1.23841159e+00
   -6.78793844e-01 
   -5.16221853e-02  -2.51100455e+00   2.24737912e+00  -6.09485344e-02
   -2.45941877e+00   3.37160295e-01  -2.85695617e-01   1.52857493e+00
    1.92551339e-01   1.63291909e+00  -1.58151737e+00  -4.73062308e-01
    5.46841861e-01  -1.07311421e+00   6.52984135e-01   6.99603341e-01
    1.53795527e-01 
   -1.39923382e+00   5.45409792e-01  -7.86563580e-01   2.18545296e+00
   -7.72231908e-01   1.86790355e+00   1.29242466e+00  -1.64273532e+00
   -1.20821756e-01  -1.81541681e+00  -5.47832317e-01   6.16211749e-01
    1.74840633e+00  -8.97687631e-02  -3.14544898e-01  -2.37182532e+00
    3.22127381e-01 
   -2.74887761e-01   2.72045347e+00   1.28551301e+00  -7.38242551e-01
   -2.00845339e-01  -4.80278448e+00   1.25259301e+00   3.51289754e+00
    1.52896799e+00  -2.39187783e+00   7.59218325e-01  -3.23246194e-01
   -4.51697865e-01  -8.50038036e-01   7.67557570e-01  -3.79458277e-01
   -3.19202486e-01 
   -2.73958955e+00   8.52932846e-01   2.21928582e+00  -1.81134953e-01
    1.53455852e+00  -9.12155451e-01  -1.48540690e+00  -3.75016365e-01
    2.36140483e+00  -1.12834629e+00   3.35137146e-01  -1.70961062e+00
    4.24171432e-01   4.26914290e-01  -1.20306548e+00  -4.96325036e-01
    6.12806840e-01 
   -2.52808429e-01  -7.68566216e-01   5.39850626e-01  -7.02282478e-01
    2.42449581e+00  -1.08213686e+00   2.05428776e-01   2.55257741e+00
   -2.65484961e+00  -8.07888744e-01   1.35502788e+00   9.37308861e-01
    3.94308084e-01  -8.04773000e-01  -5.01879783e-01  -1.19202269e+00
   -3.75539608e-01 
   -2.03136074e+00   2.22490987e-01  -1.34180098e+00   2.10016550e+00
   -1.05724258e+00   1.22804248e+00   9.10300564e-01  -6.98766794e-01
    1.09977603e+00   1.50569573e+00   1.72051304e+00  -1.66829971e+00
    9.03204452e-01  -1.26163879e+00   7.02206550e-01  -2.61506273e-01
   -5.62940167e-01 
    2.14514654e+00   1.78520210e+00  -2.17703647e+00  -1.24520376e+00
   -3.81900108e+00  -1.47216947e+00   1.02434484e+00   5.62509928e-01
    1.32896844e+00  -2.41799859e+00   1.89506863e+00  -1.64778463e-01
    8.07347169e-01  -2.88747373e-01  -7.19136319e-01   1.97643517e-01
   -8.64393431e-02 
    1.91829391e+00   3.20633908e-01  -2.03095086e+00  -3.43948214e-02
   -1.10462830e+00  -4.80353982e-01   2.91250420e+00  -2.98594359e+00
   -4.79378888e-03  -2.38701402e-01   3.04389781e-01   8.73996787e-01
   -1.03138698e-01   1.51639492e+00   8.05310624e-01   1.36061727e+00
   -4.16806024e-01 
   -6.76517498e-01  -4.28932553e-01   2.03997178e+00  -1.44310616e-01
    1.61975213e+00   2.14680383e+00  -3.46636379e+00   2.11077371e-01
    1.69561042e-01  -8.98521658e-01  -3.30973859e+00   3.25324423e-01
    1.98991018e+00  -1.54505472e+00  -1.79887197e-01   3.21442560e+00
   -3.19615318e-01 
   -6.14948479e-01   2.95105934e+00   1.26718328e+00   7.74076976e-02
   -1.41772373e+00   1.87032867e+00  -6.07134185e-01  -2.08607121e-02
   -9.36337176e-01  -2.35026508e+00  -1.73425992e-01   4.10067536e-02
   -9.39034591e-01   5.84821945e-01  -1.11027124e-01   7.72293060e-01
   -6.06796128e-01 
   -1.86856329e-01  -1.00070005e+00  -1.35085655e+00   6.73552296e-02
   -1.43932172e-01   2.62324811e+00  -6.19103524e-01   7.55458378e-01
    2.02638002e-01  -2.91984455e+00   1.09746689e+00  -2.90247056e-01
   -1.54226891e+00  -6.34137562e-02   3.24502197e+00  -1.60105231e+00
    6.47627079e-01 
   -1.42732562e-01   2.58056813e+00   2.62036301e-01  -1.05223135e+00
    9.38936980e-01  -1.73891801e+00  -2.56956609e+00  -1.31130847e+00
   -6.75994467e-01  -9.95337334e-01  -1.80732125e-01   9.26582327e-01
    7.02001248e-01   4.50698058e-01   1.71889091e-01   9.50878128e-01
   -1.57673797e-01 
   -8.33907957e-01   1.00757753e-01   3.01237838e+00   1.66464334e+00
    9.42454269e-01   4.26751486e-01  -2.15561004e+00  -1.31882660e+00
   -7.63792025e-01   8.23157811e-01  -2.14443481e+00  -1.44327003e+00
   -1.86832431e+00   1.70291215e+00   1.79256898e+00   1.18832396e+00
    2.35683019e-01 
    1.53813747e+00   9.36881404e-01  -1.12074011e+00  -2.48756373e-01
   -9.95318130e-01  -2.62112818e-01  -4.70087992e-01  -4.81293844e-01
    1.85038216e+00   1.75042391e+00  -2.41220062e+00  -2.13241738e+00
   -5.20875580e-01  -1.79017436e+00   2.49292782e+00   8.58115400e-01
   -5.53196988e-01      3.67054828e+00  -1.19016191e+00   2.60424024e-01  -1.99672692e+00
   -1.02050717e+00   1.53245924e+00  -7.57955524e-01  -1.15319830e+00
    4.52025931e-01   7.13212550e-01  -9.74016045e-02  -3.20630607e+00
   -7.77550578e-01   5.83889969e-01   1.04844293e+00  -1.51443459e+00
   -2.92388332e-01  -1.44695500e-02   8.02478836e-02   6.52054156e-02
   -2.63475359e-01   1.75570135e+00   6.32376215e-01   2.16664513e+00
   -1.55618696e+00  -8.28848718e-01   3.07219108e-01   3.26253822e-02
   -1.16404167e-02  -2.37770615e-01   1.85971822e-01  -1.31808446e+00
   -1.10932400e-01 
    6.33126642e-01   3.97440770e-01  -3.18906813e-01  -2.51526676e-01
    1.28117304e+00  -3.13598871e-01  -1.25493690e+00   9.18575483e-01
   -2.10124343e+00  -1.85592922e-01  -7.92310292e-01   6.65169209e-02
    1.11260508e+00  -2.36230577e-01   1.46961753e+00   6.36234683e-02
   -3.79046329e-02  -1.04465441e+00   2.03820404e+00  -1.99756179e+00
   -1.37492179e+00   3.04335445e-01   4.30064434e-01   6.15437356e-02
   -1.28885513e+00   9.09479180e-01   7.01036498e-01  -4.43139628e+00
    1.41702003e+00  -1.62704751e+00   1.48007922e-01  -1.21183696e+00
    3.70799296e-01 
    6.64339655e-01  -7.97035583e-02   2.70528677e+00   1.08123150e+00
   -1.88564540e+00  -1.99749458e+00  -1.23928955e+00  -9.42306987e-01
    1.25748584e+00   1.01026653e+00   3.20793243e-01   6.00368373e-01
   -2.14406750e+00   5.67382442e-02  -4.47702554e-01  -1.23036227e+00
    2.14278501e+00   5.47259884e-02  -1.33408254e+00   1.40435225e+00
   -1.26218429e+00  -2.42080513e+00  -1.18150417e+00   1.28320119e+00
    1.31513134e+00   6.92701691e-01  -2.53185577e+00  -4.64031614e-01
    2.19919367e+00  -2.40790238e-01  -2.24625709e+00   9.81212004e-01
   -3.83087097e-01 
   -1.54537662e+00   3.35613828e-01  -1.49565359e+00  -9.85620957e-01
    1.95869950e+00   1.13597485e+00   1.29140225e+00   1.83285935e-01
    6.70233450e-01  -9.02317486e-01   2.81327178e+00  -1.95043584e+00
    4.33746008e-01  -8.69907354e-01  -3.17278408e+00   2.61203071e-01
    3.91427755e+00  -2.14954876e-01   6.49904141e-02  -2.28562191e+00
   -1.00985797e+00   5.42578252e-01   7.90540424e-01  -2.90879467e+00
    6.67194044e-01   5.54598160e-01  -5.57571541e-02   2.92006701e-02
   -2.47889775e-01   2.87103109e-01  -1.69615292e+00  -4.33217767e-01
   -1.52327507e-01 
   -2.03332804e+00  -1.18925114e+00  -2.33720750e+00  -5.72618494e-01
    3.27017461e-02  -4.77761019e-01  -4.51005808e-02  -1.23046655e+00
   -2.12315236e-01  -3.05397256e+00   1.46770110e+00  -7.37732570e-01
   -2.22411408e-01  -2.52962938e+00   2.80115527e+00  -1.77375194e+00
   -5.60096772e-02  -1.60921053e+00   2.47767223e+00  -3.04677872e-01
    1.23386685e+00  -1.26484990e+00  -3.32235448e+00   1.97280302e+00
    2.07297420e+00   1.13239287e+00  -1.51727411e+00  -6.69731871e-02
   -2.81428843e-01  -1.17464018e-01  -1.34667467e+00   1.84678748e+00
   -2.52777845e-01 
   -1.49448854e+00  -2.34502658e-01   6.15480200e-01   1.21665106e-01
    1.06961016e+00  -7.03619353e-01  -4.69310327e-01  -3.47670511e+00
    1.11826585e+00   7.12638563e-02  -2.69534270e-01   3.05926766e-01
   -8.69028819e-01   1.93894852e+00  -9.61852904e-01  -2.09029776e+00
   -1.45175045e+00   6.99522395e-01  -9.53248594e-02  -2.45503421e+00
    4.46136682e+00   6.72532900e-01  -1.70939424e-01  -1.41700949e-01
    3.87616779e-01   4.51875070e-01  -1.28088335e+00  -1.71653350e+00
   -3.83898206e+00   8.40969987e-01  -9.41306004e-03   3.64909836e-01
   -5.58850843e-02 
    7.76270327e-01  -1.39957661e+00   6.88548424e-03  -8.08455059e-01
   -1.87387307e-01  -2.42363073e+00   1.17084079e+00   9.43548395e-01
    6.28323550e-01  -2.10572117e+00  -6.13733838e-01   2.81928887e+00
    3.01411248e+00  -1.67595109e+00  -1.01344497e+00  -3.95836488e+00
   -1.01982319e+00  -4.04809972e-02  -6.40027125e-02  -6.41871188e-01
   -7.64663504e-01  -2.74504714e-01  -2.40097848e-01  -7.52048542e-01
   -1.33419531e+00  -1.98396753e+00   1.03565607e+00   4.47160743e-01
    4.16175600e-01   2.86628434e+00   7.95086971e-01   2.64893232e-01
   -4.11593768e-01 
    1.78524797e-01  -7.42951579e-01   2.16940374e+00  -5.52521004e-01
    1.76006114e+00   2.29235576e-02  -9.86060962e-01  -2.80699052e-01
   -3.27155225e-01   5.66338388e-01  -4.39897143e+00   1.78590603e-01
    8.83314859e-02  -1.92291392e+00  -5.93655308e-01   2.29773046e+00
   -2.46886839e+00  -5.19380471e-01  -2.36315302e+00  -2.86898475e-01
   -2.55837305e+00  -9.29818677e-02  -2.97381743e+00   2.11807938e-01
   -5.45370818e-01   3.47244151e+00   4.44276233e-01   6.01554093e-01
   -1.42457636e+00   7.54892103e-01   1.20285924e+00  -1.75593188e-01
   -1.08631175e+00 
   -2.07793057e+00   2.45142248e+00   1.22002978e+00   1.43485470e+00
   -2.00438011e+00  -3.08884975e-01   1.21604918e+00  -2.38601567e+00
    2.28515134e+00   3.23159529e-01   7.11277398e-01  -1.54836437e+00
    1.12595389e+00  -1.68840642e+00   1.94153148e+00   1.24838896e+00
   -7.53283705e-01  -2.47366417e+00  -4.06146581e-01   5.31676969e-01
   -1.55284195e+00  -1.74297565e+00   2.19198809e+00  -1.32762256e+00
   -1.97233326e+00  -3.91038331e-01   1.57938944e-02   4.03658017e-01
   -1.37346682e+00  -2.55206775e-02   1.55038479e+00  -1.94113833e+00
   -5.82965933e-01 
    1.12815626e+00  -9.88224615e-01  -9.67244817e-01  -1.49638360e+00
   -5.80950382e-02   2.47602648e-01  -9.67743313e-01  -2.54249900e+00
   -2.54809229e+00  -2.62499054e+00  -1.85712352e+00   1.81979179e+00
   -2.59426729e+00  -1.44175355e+00   2.36244592e-01   3.00400914e-01
    5.52869066e-01  -1.46008905e-02  -2.19484702e+00   1.74141287e+00
    1.35564714e+00   1.25159376e+00   5.57899016e-01  -2.51751465e+00
    2.75984617e+00  -8.20786713e-01   2.06468286e+00   5.67464350e-01
    2.61387709e+00   4.53964459e-01  -2.78258306e-02  -1.93660775e+00
   -3.80675310e-01 
   -1.02353764e-01  -2.92942118e+00   3.72700869e-01   9.19401522e-01
   -5.76652620e-01   1.32806453e+00  -1.17975820e+00  -2.27947062e+00
   -1.86917830e+00  -1.64735325e-01   1.20228554e+00   2.28902667e-02
   -2.65946068e+00   1.77949626e+00  -3.53408372e-01   2.97293200e-01
    4.47153691e-01  -1.33455946e+00   1.06215826e+00   1.62048125e+00
   -8.11171655e-01  -1.38391840e+00  -1.42103875e+00  -2.85728068e+00
   -1.65228199e+00  -1.60340070e+00   3.55324648e+00   1.03227365e+00
   -1.16003287e+00  -3.76994893e-01   1.57127035e+00   2.58361225e+00
   -5.55354571e-01 
   -1.16654498e+00   4.47414584e+00  -1.38528026e+00  -2.58188303e+00
   -2.19236939e+00  -1.20800792e+00  -1.17604831e+00  -5.89799811e-02
    1.09488559e+00  -2.37021624e+00  -2.66877957e+00   3.14188476e-01
   -6.76202804e-01   1.34498301e+00  -2.78594531e-01   1.61150871e+00
   -7.32182871e-01  -6.12191496e-01  -3.56474790e-04  -8.84271927e-01
    7.54655075e-01   1.78530592e+00  -7.15415460e-01   9.77200419e-01
    5.46270724e-01  -1.65497523e+00  -1.51622692e+00  -9.39340738e-03
    1.09719962e+00  -9.10619828e-01   1.72553468e+00   1.29512043e+00
   -6.62071043e-01 
   -4.30086564e-01  -9.48731865e-01  -2.53426975e+00  -2.09801441e+00
   -2.11004039e+00   9.58810664e-01  -3.71658157e-02  -1.51866337e-01
   -6.94703848e-01   3.55827172e+00   6.89764254e-02   2.23124925e+00
   -9.79593518e-01   3.52139271e-01  -5.01215407e-01  -1.30709527e+00
   -9.76905398e-02  -1.10939535e+00  -4.27964661e-01  -1.47109183e+00
    3.36915343e-01  -3.44674015e-01  -8.92740847e-01  -6.89173473e-01
   -9.00329169e-02  -1.86997896e-01  -1.87442713e+00   5.06007075e-01
    1.62160691e+00  -1.24347862e+00   2.08045775e+00  -4.31161283e-01
   -1.95506036e-01 
   -2.75096125e-01  -8.15034943e-01   4.85740478e-01   1.92789127e+00
   -2.36907743e+00   1.29752489e+00  -2.58666349e-01   1.06608124e+00
    9.29190288e-01  -7.69530340e-01  -9.36123339e-01   6.49251613e-02
   -1.70633120e+00  -7.59782372e-01  -2.67818445e+00   2.11615056e+00
   -3.03871991e+00   4.06868305e-01   9.99729535e-01  -8.42698774e-01
    7.77002702e-01  -6.16042197e-01   1.41727334e+00   3.37074317e-01
    2.63846057e-01  -2.10335364e+00   9.05509796e-01  -1.35129760e+00
    1.56000402e-02  -1.16457229e+00  -9.37854252e-01   7.10336982e-01
   -5.80849154e-01 
   -5.73277025e-01   2.21088601e+00   3.28504847e-01  -1.10923879e+00
   -9.79110382e-01  -1.88120551e-01   9.70232728e-01   1.57190566e+00
   -1.05508608e+00   2.37474126e-01  -1.02279135e+00  -6.50947083e-01
    2.36561944e-01   3.96691477e-01   1.96949002e+00  -1.17833007e+00
    4.80096863e-01   2.70267400e-01  -1.37668744e+00   4.41663190e-01
   -7.64434861e-01   1.02573409e+00  -3.43992835e-01  -3.45751407e-01
    9.58290684e-01  -1.25695567e+00  -3.73485747e-01  -3.71627590e-01
   -2.54724220e+00  -1.38627392e-01  -1.86665483e+00  -2.91329038e+00
   -9.36370150e-01 
   -1.86799895e-01  -1.76732781e+00  -2.38642545e+00   1.95237289e+00
    1.35041210e+00   9.05297111e-01  -4.24975101e-01  -5.23399831e-01
    2.01370695e+00   1.24879894e+00   2.07176961e-01   4.40665722e-01
   -1.02815430e-01   2.65094098e-01  -1.05739548e+00  -5.80929257e-01
   -2.60435906e-01  -1.85419439e+00  -9.21126016e-01   1.66594403e+00
   -4.63130364e-01   7.67244013e-01   4.17373599e-01  -1.53220036e+00
   -5.17900153e-01  -1.58168682e+00  -1.64754085e+00  -6.14559961e-01
    1.11381862e+00  -5.15577668e-01  -8.97878601e-01  -6.64777894e-01
   -2.07715698e-01  